global_signal	global_signal_derivative1	global_signal_power2	global_signal_derivative1_power2	csf	csf_derivative1	csf_power2	csf_derivative1_power2	white_matter	white_matter_derivative1	white_matter_power2	white_matter_derivative1_power2	csf_wm	tcompcor	std_dvars	dvars	framewise_displacement	rmsd	t_comp_cor_00	t_comp_cor_01	t_comp_cor_02	t_comp_cor_03	t_comp_cor_04	t_comp_cor_05	c_comp_cor_00	c_comp_cor_01	c_comp_cor_02	c_comp_cor_03	c_comp_cor_04	c_comp_cor_05	c_comp_cor_06	c_comp_cor_07	c_comp_cor_08	c_comp_cor_09	c_comp_cor_10	w_comp_cor_00	w_comp_cor_01	w_comp_cor_02	w_comp_cor_03	w_comp_cor_04	w_comp_cor_05	w_comp_cor_06	w_comp_cor_07	w_comp_cor_08	w_comp_cor_09	w_comp_cor_10	w_comp_cor_11	w_comp_cor_12	w_comp_cor_13	w_comp_cor_14	w_comp_cor_15	w_comp_cor_16	w_comp_cor_17	w_comp_cor_18	w_comp_cor_19	w_comp_cor_20	w_comp_cor_21	w_comp_cor_22	w_comp_cor_23	w_comp_cor_24	w_comp_cor_25	w_comp_cor_26	w_comp_cor_27	w_comp_cor_28	w_comp_cor_29	w_comp_cor_30	w_comp_cor_31	w_comp_cor_32	w_comp_cor_33	w_comp_cor_34	w_comp_cor_35	w_comp_cor_36	w_comp_cor_37	w_comp_cor_38	w_comp_cor_39	w_comp_cor_40	w_comp_cor_41	w_comp_cor_42	w_comp_cor_43	w_comp_cor_44	w_comp_cor_45	w_comp_cor_46	w_comp_cor_47	w_comp_cor_48	w_comp_cor_49	w_comp_cor_50	w_comp_cor_51	w_comp_cor_52	w_comp_cor_53	w_comp_cor_54	w_comp_cor_55	w_comp_cor_56	w_comp_cor_57	w_comp_cor_58	w_comp_cor_59	w_comp_cor_60	w_comp_cor_61	w_comp_cor_62	w_comp_cor_63	w_comp_cor_64	w_comp_cor_65	w_comp_cor_66	w_comp_cor_67	w_comp_cor_68	w_comp_cor_69	w_comp_cor_70	w_comp_cor_71	w_comp_cor_72	w_comp_cor_73	w_comp_cor_74	w_comp_cor_75	w_comp_cor_76	w_comp_cor_77	w_comp_cor_78	w_comp_cor_79	w_comp_cor_80	w_comp_cor_81	w_comp_cor_82	w_comp_cor_83	w_comp_cor_84	w_comp_cor_85	w_comp_cor_86	w_comp_cor_87	w_comp_cor_88	w_comp_cor_89	w_comp_cor_90	w_comp_cor_91	w_comp_cor_92	w_comp_cor_93	w_comp_cor_94	a_comp_cor_00	a_comp_cor_01	a_comp_cor_02	a_comp_cor_03	a_comp_cor_04	a_comp_cor_05	a_comp_cor_06	a_comp_cor_07	a_comp_cor_08	a_comp_cor_09	a_comp_cor_10	a_comp_cor_11	a_comp_cor_12	a_comp_cor_13	a_comp_cor_14	a_comp_cor_15	a_comp_cor_16	a_comp_cor_17	a_comp_cor_18	a_comp_cor_19	a_comp_cor_20	a_comp_cor_21	a_comp_cor_22	a_comp_cor_23	a_comp_cor_24	a_comp_cor_25	a_comp_cor_26	a_comp_cor_27	a_comp_cor_28	a_comp_cor_29	a_comp_cor_30	a_comp_cor_31	a_comp_cor_32	a_comp_cor_33	a_comp_cor_34	a_comp_cor_35	a_comp_cor_36	a_comp_cor_37	a_comp_cor_38	a_comp_cor_39	a_comp_cor_40	a_comp_cor_41	a_comp_cor_42	a_comp_cor_43	a_comp_cor_44	a_comp_cor_45	a_comp_cor_46	a_comp_cor_47	a_comp_cor_48	a_comp_cor_49	a_comp_cor_50	a_comp_cor_51	a_comp_cor_52	a_comp_cor_53	a_comp_cor_54	a_comp_cor_55	a_comp_cor_56	a_comp_cor_57	a_comp_cor_58	a_comp_cor_59	a_comp_cor_60	a_comp_cor_61	a_comp_cor_62	a_comp_cor_63	a_comp_cor_64	a_comp_cor_65	a_comp_cor_66	a_comp_cor_67	a_comp_cor_68	a_comp_cor_69	a_comp_cor_70	a_comp_cor_71	a_comp_cor_72	a_comp_cor_73	a_comp_cor_74	a_comp_cor_75	a_comp_cor_76	a_comp_cor_77	a_comp_cor_78	a_comp_cor_79	a_comp_cor_80	a_comp_cor_81	a_comp_cor_82	a_comp_cor_83	a_comp_cor_84	a_comp_cor_85	a_comp_cor_86	a_comp_cor_87	a_comp_cor_88	a_comp_cor_89	a_comp_cor_90	a_comp_cor_91	a_comp_cor_92	a_comp_cor_93	a_comp_cor_94	a_comp_cor_95	edge_comp_00	edge_comp_01	edge_comp_02	edge_comp_03	edge_comp_04	edge_comp_05	edge_comp_06	edge_comp_07	edge_comp_08	edge_comp_09	edge_comp_10	edge_comp_11	edge_comp_12	edge_comp_13	edge_comp_14	edge_comp_15	edge_comp_16	edge_comp_17	edge_comp_18	edge_comp_19	edge_comp_20	edge_comp_21	edge_comp_22	edge_comp_23	cosine00	cosine01	cosine02	cosine03	cosine04	cosine05	cosine06	cosine07	cosine08	cosine09	cosine10	cosine11	cosine12	cosine13	cosine14	cosine15	cosine16	cosine17	cosine18	cosine19	cosine20	cosine21	cosine22	cosine23	cosine24	trans_x	trans_x_derivative1	trans_x_derivative1_power2	trans_x_power2	trans_y	trans_y_derivative1	trans_y_power2	trans_y_derivative1_power2	trans_z	trans_z_derivative1	trans_z_derivative1_power2	trans_z_power2	rot_x	rot_x_derivative1	rot_x_power2	rot_x_derivative1_power2	rot_y	rot_y_derivative1	rot_y_power2	rot_y_derivative1_power2	rot_z	rot_z_derivative1	rot_z_power2	rot_z_derivative1_power2	motion_outlier00	motion_outlier01	motion_outlier02	motion_outlier03	motion_outlier04	motion_outlier05	motion_outlier06	motion_outlier07	motion_outlier08	motion_outlier09	motion_outlier10	motion_outlier11	motion_outlier12	motion_outlier13	motion_outlier14	motion_outlier15	motion_outlier16	motion_outlier17	motion_outlier18	motion_outlier19	motion_outlier20	motion_outlier21	motion_outlier22	motion_outlier23	motion_outlier24	motion_outlier25	motion_outlier26	motion_outlier27	motion_outlier28	motion_outlier29	motion_outlier30	motion_outlier31	motion_outlier32	motion_outlier33	motion_outlier34	motion_outlier35	motion_outlier36	motion_outlier37	motion_outlier38	motion_outlier39	motion_outlier40	motion_outlier41	motion_outlier42	motion_outlier43	motion_outlier44	motion_outlier45	motion_outlier46	motion_outlier47	motion_outlier48	motion_outlier49	motion_outlier50	motion_outlier51	motion_outlier52	motion_outlier53	motion_outlier54	motion_outlier55	motion_outlier56	motion_outlier57	motion_outlier58	motion_outlier59	motion_outlier60	motion_outlier61	motion_outlier62	motion_outlier63	motion_outlier64	motion_outlier65	motion_outlier66	motion_outlier67	motion_outlier68	motion_outlier69	motion_outlier70	motion_outlier71	motion_outlier72	motion_outlier73	motion_outlier74	motion_outlier75	motion_outlier76	motion_outlier77	motion_outlier78	motion_outlier79	motion_outlier80	motion_outlier81	motion_outlier82	motion_outlier83	motion_outlier84	motion_outlier85	motion_outlier86	motion_outlier87	motion_outlier88	motion_outlier89	motion_outlier90	motion_outlier91	motion_outlier92	motion_outlier93	motion_outlier94	motion_outlier95	motion_outlier96	motion_outlier97	motion_outlier98	motion_outlier99	motion_outlier100	motion_outlier101	motion_outlier102	motion_outlier103	motion_outlier104	motion_outlier105
52149.50050695215	n/a	2719570403.124603	n/a	62471.23066894531	n/a	3902654661.292573	n/a	52886.11753316913	n/a	2796941427.7321787	n/a	52976.42438562976	51551.80260247565	n/a	n/a	n/a	n/a	-0.0066403135	-0.0305933663	-0.0194461136	-0.048699915	0.0225362153	-0.023398387	-0.0085184445	0.0300318581	-0.0538611925	-0.0375519163	0.0196037605	0.0209365615	-0.0281103573	0.0135292769	-0.0785617226	-0.0020697029	-0.0140328384	-0.0235086842	0.0054201387	-0.022066112	0.0462736857	-0.0644189238	0.0519876055	-0.0174687722	0.0431250479	-0.0572297207	0.0666413358	-0.0361487409	0.0450402859	-0.0499337084	0.0219037156	-0.0129994072	0.0264520896	-0.0164630568	0.1081946795	-0.006681434	0.0014342128	-0.0214836892	0.0250508459	0.007835918	-0.0150685116	0.1143875602	-0.0280485311	0.0160360474	-0.0177110095	0.0182619098	-0.0039063375	0.0084488519	-0.0339288085	0.0011301021	-0.0265482904	0.0633339057	-0.0405585677	0.0091694298	-0.0741434651	0.0362960104	-0.0261709885	-0.0100635789	0.0016673852	0.0636171415	-0.0007038641	-0.0245816493	-0.0170082369	0.0185573031	-0.0055918043	-0.0062374496	0.0340419915	0.007164666	0.0016670233	-0.0019156762	-0.0576618583	-0.006792177	0.006438605	-0.010331938	0.0085424446	-0.0251431546	0.0262126966	-0.0213146202	0.0160797787	-0.0415741443	0.0566857091	-0.0215713051	0.0576288851	-0.0230929318	0.0318591222	-0.1130356649	0.036012259	-0.0015568273	0.0349940769	-0.0161433213	0.0049399488	-0.0093842879	0.044920093	-0.0062570575	0.00629611	-0.0329988458	0.0470912822	-0.0558585638	0.0136572089	0.0808051411	-0.0282912658	0.0143902325	0.0397725468	-0.0220211711	0.0102219471	-0.0659275931	-0.0006432402	0.0038393223	0.069152649	-0.0130779638	0.0185647959	0.0193697385	-0.0223149881	-0.0082735659	0.0263937388	-0.0479740446	0.0609085511	-0.0450260015	0.0097198781	-0.0500742934	0.0560509659	-0.0670176353	-0.0333484042	0.0332403491	-0.0462035132	0.035315778	-0.0099544653	0.0373702529	-0.0024446518	0.1110070084	-0.0102620707	0.001664714	-0.0197429411	0.0326659322	-0.0108452832	0.0084680935	-0.117119061	0.0072927054	-0.02411892	0.0162751877	-0.002838846	0.0096513129	-0.001270829	0.0355144196	-0.000766323	0.0056293442	-0.0467699327	0.0585507614	-0.0228080024	0.0706573934	-0.0288732282	-0.0295637212	0.0258412506	-0.0024815939	-0.0604809918	0.0182781347	0.0040802455	0.0140396184	-0.0372949397	-0.0156115705	0.0132854033	-0.0267841464	-0.0198620847	0.0072169721	0.0094602987	0.0384525531	-0.0107651204	0.0375228825	-0.0208029683	0.0011558475	-0.0343683048	0.0305306272	-0.0034859173	0.0295063773	-0.0490728113	0.0187234151	-0.045354889	0.0837686561	-0.0088099555	0.0398263424	-0.1091953023	0.0137040323	-0.0180570631	0.0182676547	-0.0150213738	0.0307591391	-0.0229989772	0.0221351847	-0.022983359	0.0069708092	-0.0022248358	0.0689272421	0.0630873639	-0.0144102296	0.0145095039	-0.0669689897	-0.0174786728	0.0351472539	-0.0353693209	-0.0158123168	0.051436229	-0.0211093171	0.04011017	0.0169560915	-0.0205932672	-0.0262326009	0.0116764265	0.0098008172	-0.0178515113	0.0049415622	-0.0240472633	0.0104416211	-0.0135074747	0.0272623503	-0.0033520626	0.0230347239	-0.1008022077	0.0082677845	-0.0129573449	0.0305984895	-0.0858813	0.035762065	0.0318752981	-0.0099818468	0.0340999245	-0.0439007557	0.0058149711	-0.0116517825	0.0043539089	-0.0152626186	0.121020394	-0.0469806978	0.0489701238	0.0489698633	0.048969429	0.048968821	0.0489680393	0.0489670838	0.0489659547	0.0489646519	0.0489631754	0.0489615251	0.0489597013	0.0489577037	0.0489555324	0.0489531875	0.0489506689	0.0489479767	0.0489451109	0.0489420714	0.0489388583	0.0489354716	0.0489319113	0.0489281774	0.04892427	0.048920189	0.0489159345	-0.0567422	n/a	n/a	0.00321967726084	0.000185823	n/a	3.4530187329e-08	n/a	-0.000236333	n/a	n/a	5.5853286889e-08	-0.00176099	n/a	3.1010857801e-06	n/a	-8.858579999999998e-05	n/a	7.847443961639997e-09	n/a	0.000225794	n/a	5.0982930436e-08	n/a	0.0	0.0	0.0	0.0	0.0	0.0	0.0	0.0	0.0	0.0	0.0	0.0	0.0	0.0	0.0	0.0	0.0	0.0	0.0	0.0	0.0	0.0	0.0	0.0	0.0	0.0	0.0	0.0	0.0	0.0	0.0	0.0	0.0	0.0	0.0	0.0	0.0	0.0	0.0	0.0	0.0	0.0	0.0	0.0	0.0	0.0	0.0	0.0	0.0	0.0	0.0	0.0	0.0	0.0	0.0	0.0	0.0	0.0	0.0	0.0	0.0	0.0	0.0	0.0	0.0	0.0	0.0	0.0	0.0	0.0	0.0	0.0	0.0	0.0	0.0	0.0	0.0	0.0	0.0	0.0	0.0	0.0	0.0	0.0	0.0	0.0	0.0	0.0	0.0	0.0	0.0	0.0	0.0	0.0	0.0	0.0	0.0	0.0	0.0	0.0	0.0	0.0	0.0	0.0	0.0	0.0
52171.81512825645	22.31462130430009	2721898293.7769685	497.94232395432346	62940.83354296875	469.60287402343965	3961548527.0837	220526.8592910745	52872.737151686415	-13.380381482711527	2795526333.9113207	179.03460862288952	52972.2872338844	47864.33106657746	2.449171	56.107738	0.425461796	0.274961	0.0439933434	-0.1491572532	0.0971223158	0.0424430172	-0.056808306	0.0667232607	0.0056541162	0.0102629147	0.012072295	0.0356720929	-0.0665491787	-0.0457581173	-0.0561780999	0.0708349669	-0.0076893777	0.0550663322	0.0724973043	0.0441780749	0.0246799568	-0.0246592121	0.0342759638	0.0192509073	0.0139682653	-0.0126467287	0.0125787108	0.0376388198	0.0599099346	-0.0182502872	-0.0194592884	-0.0488558446	0.021211141	0.0366626053	0.0330022411	-0.0110646382	0.0042033755	-0.0306138748	-0.0166549363	0.0581881381	0.0864739024	-0.0208701187	-0.0434169687	0.1012511944	-0.0347267175	0.0022210199	0.0223540787	-0.049784452	-0.0009206744	-0.0083071468	-0.0539300797	0.0116569779	0.0585351999	0.0303842175	0.0242684911	0.0723771041	0.019711361	-0.0566925115	-0.0714603824	0.046167877	0.0304813034	0.0744555908	-0.0120173377	0.05298607	0.0140229705	-0.0366167625	-0.049233457	0.0698882714	-0.029418588	0.0432191499	-0.0272083729	-0.0087746711	-0.0142770898	0.0307467288	-0.0163384283	0.0283609271	0.0091254284	0.0369191479	-0.0855006744	-0.0019878216	0.073661819	-0.0048079608	-0.0588525731	0.0151264039	-0.0406372316	-0.0665457843	-0.0260833412	0.0520449781	0.0386080192	-0.0714859496	-0.0378309535	0.0188899541	0.0365601439	-0.0331047075	0.092986164	0.0281849451	0.0483887961	-0.0034068075	0.0074170066	-0.047274674	0.0514486236	-0.0705290534	0.0494914897	0.0603675407	-0.039077076	0.0823417378	-0.0156832538	-0.0738569348	-0.027555175	0.0241219388	0.0224444073	0.0254766744	-0.045174681	0.0102789808	0.0415988248	-0.0283822194	0.0217390001	-0.0302935395	-0.021266267	-0.0159187673	-0.0089916728	-0.0131353939	-0.0369440706	-0.0515794256	-0.0153713429	-0.0288663131	-0.041794499	0.0206599236	0.0408801308	0.0478484308	-0.0108293342	-4.81622e-05	-0.0366907181	0.0095416333	0.0558564188	0.0942227935	0.0230092037	0.0306720295	-0.0974978164	-0.0382392645	-0.0233502374	-0.0122427322	0.0654576373	0.0006586782	-0.0005421173	0.0452353482	-0.0037087483	-0.0635612885	0.0070527355	0.028087373	0.0724099046	0.0027476922	0.0400488217	0.0448974525	0.0764961483	0.0193254917	-0.0563953073	0.0565992571	0.0030035189	0.0168977773	0.075104844	-0.0459245013	-0.0773335319	0.0350388154	-0.0201380594	0.0408762416	0.0024999164	0.0398705249	-0.0171547448	-0.0434741155	0.0369615568	0.0111442797	0.0490468299	-0.066118229	-0.0008535998	0.088056036	0.051520219	-0.0019124184	0.0460096045	-0.0241862542	-0.0748882	-0.0199161466	0.0405678222	0.0360335928	0.0965411654	-0.0400606981	0.0347768475	0.0454054884	-0.0211746135	0.0479150465	-0.0258309045	-0.0138005989	0.0256656362	0.0251158146	0.0515328278	-0.0389952317	-0.062510963	0.0765935691	-0.0220596119	-0.0896481307	0.049748672	-0.0244790447	0.079403984	-0.015992442	0.0078382994	0.0057351255	-0.0342006126	-0.0096988102	0.0407061052	0.019339246	0.0015421451	-0.097143766	-0.0432613149	-0.0375517642	0.0022149833	0.0981710544	0.0958581114	-0.0468233435	-0.0398955864	0.0097100988	-0.0260887595	-0.0179299856	-0.0659303629	0.0615179709	0.016474405	0.0165980647	-0.0053446914	-0.0555511455	-0.0545527754	0.0576262888	0.0016537425	0.0514175359	0.0149707822	0.0304975303	0.048969429	0.0489670838	0.0489631754	0.0489577037	0.0489506689	0.0489420714	0.0489319113	0.048920189	0.0489069049	0.0488920593	0.0488756528	0.0488576859	0.0488381591	0.0488170731	0.0487944286	0.0487702262	0.0487444668	0.0487171511	0.0486882801	0.0486578547	0.0486258757	0.0485923444	0.0485572616	0.0485206286	0.0484824465	-0.0487013	0.0080408999999999	6.465607280999994e-05	0.00237181662169	-0.108751	-0.108936823	0.011826780001	0.0118672314053333	0.066825	0.067061333	0.0044972223837368	0.0044655806249999	-0.00609445	-0.00433346	3.714232080250001e-05	1.8778875571600007e-05	0.000195897	0.0002844827999999	3.8375634609e-08	8.093046349583998e-08	0.000436306	0.000210512	1.9036292563600002e-07	4.4315302144000015e-08	1.0	0.0	0.0	0.0	0.0	0.0	0.0	0.0	0.0	0.0	0.0	0.0	0.0	0.0	0.0	0.0	0.0	0.0	0.0	0.0	0.0	0.0	0.0	0.0	0.0	0.0	0.0	0.0	0.0	0.0	0.0	0.0	0.0	0.0	0.0	0.0	0.0	0.0	0.0	0.0	0.0	0.0	0.0	0.0	0.0	0.0	0.0	0.0	0.0	0.0	0.0	0.0	0.0	0.0	0.0	0.0	0.0	0.0	0.0	0.0	0.0	0.0	0.0	0.0	0.0	0.0	0.0	0.0	0.0	0.0	0.0	0.0	0.0	0.0	0.0	0.0	0.0	0.0	0.0	0.0	0.0	0.0	0.0	0.0	0.0	0.0	0.0	0.0	0.0	0.0	0.0	0.0	0.0	0.0	0.0	0.0	0.0	0.0	0.0	0.0	0.0	0.0	0.0	0.0	0.0	0.0
52275.75789852423	103.94277026777854	2732754863.8651185	10804.099490940189	62998.77173242188	57.93818945313251	3968845239.7937984	3356.833797107075	52845.77275749517	-26.964394191243628	2792675698.3368187	727.0785541007731	52935.67133979543	51028.95788601962	1.905385	43.650223	0.18590085	0.0983365	0.0047232649	-0.0848338044	0.0353348578	-0.0082316896	-0.0041029674	-0.0114913643	-0.0120865668	-0.0156031907	-0.0141167003	-0.0052826884	-0.0731679392	-0.005292513	-0.089352347	0.0044858059	-0.0608696321	0.0376864773	-0.0006382697	0.0437494018	-0.0026945896	-0.0009114267	0.0724261559	0.0292719475	-0.0189499199	-0.0333014069	-0.0033567552	0.0051741479	0.0191927803	-0.0214056617	0.0506276934	0.062577056	0.0033797377	0.0613577829	-0.065795878	-0.007278881	-0.0320329668	-0.0245438998	-0.0524399747	0.0353187896	0.0407545339	-0.0019015235	0.0697994926	0.0544018983	-0.0074278893	-0.0405058947	-0.0044112718	-0.0276533524	0.0542463902	-0.0203833126	-0.0747449531	-0.0525183173	0.0092510733	-0.0882806548	-0.0260348822	0.0603074259	-0.0095350602	0.0154130097	-0.0109478435	0.0328574242	-0.0113869403	0.0530228653	0.0249051949	0.0491903532	-0.0024156615	-0.0010980874	0.0178023349	0.0258276351	-0.0050056322	0.0058277593	0.0187984566	-0.0282624344	-0.0178705381	0.0055910093	-0.0466617873	0.0104575538	-0.0621253434	0.0148788646	-0.0587755631	-0.0237959469	0.0410963793	0.0097144673	-0.0231151457	-0.0318740937	0.0006439672	0.0298306418	0.034750523	0.0126591855	0.0090645806	0.0874674316	-0.0086743086	0.0524608884	0.0215350385	0.0029616125	0.0005501367	-0.0115140942	0.0503976758	0.0528680323	-0.0197857628	-0.0317243169	0.0111402601	0.0279107665	-0.0558887133	0.0464942352	0.08275971	0.0003258394	-0.0224895897	0.0816254837	0.0462064433	0.0349477969	-0.057489242	-0.0240555911	-0.0140914763	0.0213480526	0.0420611601	-0.0009109963	0.000595199	-0.0725170613	-0.0300524669	0.014349814	-0.0361394397	-0.0124057067	-0.0039930346	-0.0209136452	-0.034734089	0.044531975	0.0608142048	-0.0154161561	0.0571422812	-0.0586929271	-0.0087863965	-0.0354219775	-0.0296536096	0.0465975587	0.0442384365	0.057835988	-0.006585931	-0.0792257846	-0.0462132561	-0.0417335848	0.0032818699	0.0191950129	0.0185287891	-0.0556300231	-0.0173432711	0.0537472213	0.0591644267	0.0361325406	0.0929574246	-0.0231314948	0.0531981097	0.0265434402	0.0074875495	-0.0327936997	0.0202974378	0.0037654541	-0.0541669972	0.0089577711	-0.0299565218	0.0325596373	0.0268902637	0.0170434696	-0.0330393265	0.0065522405	0.002201603	-0.0242237048	-0.012616975	0.0406671141	-0.0017509981	-0.0451168422	-0.0067199048	-0.0582980969	0.0246289229	-0.0552638213	0.0149632632	0.0380120755	0.0195962031	-0.023570453	0.0048081404	-0.0022558232	0.0315746553	0.0213107953	0.0062646251	0.0359515058	-0.0363288534	0.0487305184	0.0563973691	-0.0263388751	0.0367547505	-0.0050547308	-0.011211817	-0.0455999816	-0.0008980819	-0.0366446366	0.0902175537	0.0188689412	0.0497515188	-0.0408610065	-0.0494315294	-0.0321099781	-0.0643980284	0.0036699638	-0.0808028409	0.0664980495	-0.0254313974	0.0271436373	0.028838872	0.0270069403	0.0302994824	0.0154277218	-0.0026912692	-0.0621993906	-0.0524366898	-0.028408046	-0.0043097151	0.1325509406	0.0528042821	-0.0133851178	-0.0681760236	0.0169891931	0.0188599683	0.0196476967	-0.0475264074	0.0660029816	0.0156169855	0.0515793096	0.0228742359	-0.0581258837	-0.0002380772	0.0252871443	-0.038685776	0.0185644576	0.0619159019	-0.0181309566	0.0489680393	0.0489615251	0.0489506689	0.0489354716	0.0489159345	0.0488920593	0.0488638482	0.0488313037	0.0487944286	0.0487532262	0.0487077002	0.0486578547	0.0486036939	0.0485452228	0.0484824465	0.0484153707	0.0483440011	0.0482683442	0.0481884067	0.0481041957	0.0480157186	0.0479229833	0.047825998	0.0477247713	0.0476193122	-0.0551127	-0.0064113999999999	4.110604995999997e-05	0.00303740970129	-0.0605317	0.0482193	0.00366408670489	0.00232510089249	0.0178464	-0.0489786	0.0023989032579599	0.0003184939929599	-0.00503986	0.00105459	2.54001888196e-05	1.1121600681000004e-06	-0.000150812	-0.000346709	2.2744259344000003e-08	1.20207130681e-07	0.000191774	-0.000244532	3.6777267076e-08	5.9795899024e-08	0.0	1.0	0.0	0.0	0.0	0.0	0.0	0.0	0.0	0.0	0.0	0.0	0.0	0.0	0.0	0.0	0.0	0.0	0.0	0.0	0.0	0.0	0.0	0.0	0.0	0.0	0.0	0.0	0.0	0.0	0.0	0.0	0.0	0.0	0.0	0.0	0.0	0.0	0.0	0.0	0.0	0.0	0.0	0.0	0.0	0.0	0.0	0.0	0.0	0.0	0.0	0.0	0.0	0.0	0.0	0.0	0.0	0.0	0.0	0.0	0.0	0.0	0.0	0.0	0.0	0.0	0.0	0.0	0.0	0.0	0.0	0.0	0.0	0.0	0.0	0.0	0.0	0.0	0.0	0.0	0.0	0.0	0.0	0.0	0.0	0.0	0.0	0.0	0.0	0.0	0.0	0.0	0.0	0.0	0.0	0.0	0.0	0.0	0.0	0.0	0.0	0.0	0.0	0.0	0.0	0.0
52304.28836522608	28.530466701849942	2735738581.392724	813.9875302253686	63078.365440917965	79.5937084960824	3978880186.6979938	6335.158432159339	52812.56657814011	-33.20617935506016	2789167188.570482	1102.6503473604234	52900.47975700226	50154.21165612951	1.33125	30.497429	0.06707155	0.0326563	0.0139256196	-0.1124651706	0.0507955134	-0.0049492344	0.0013343352	0.0108222219	-0.0074664584	-0.0260710261	0.0078564321	0.0150830615	-0.0828817501	-0.0324626822	-0.0227941739	0.0112836558	0.0062386102	0.0411087358	0.0199618754	0.0463458718	-0.0364710312	-0.0255329802	0.0231790111	0.0192626598	-0.0165429194	-0.0124284517	-0.0313312633	0.0214093308	0.0432235723	0.0537902706	0.010803773	0.0294310132	0.011662525	0.0567150525	-0.0176645906	-0.0580526992	-0.0331422841	-0.0186889511	-0.0550541834	0.0263999402	0.0193466807	-0.0341367538	-0.0090378151	0.0410654931	-0.0041504975	-0.0097169983	-0.0287177521	0.023494098	-0.0197861394	0.05019979	-0.0105940176	-0.0839605205	0.0274236276	0.0152693114	0.0173537415	-0.0029392536	0.0089535819	-0.0118713576	-0.057642105	-0.0327244536	0.0313148674	-0.007646943	0.0205690482	0.0069182302	-0.0476611486	-0.0001093892	-0.0195993574	-0.0071734692	-0.0204631392	-0.0664419313	-0.039200512	0.0214409075	-0.0007752471	-0.0280843701	0.0366743125	-0.0301708595	0.0516866058	0.0001638743	-0.0136217271	0.018909048	0.0597246155	0.0513751589	0.0295369403	-0.0439556869	-0.0155438105	0.0238045293	-0.0077771388	0.0497751042	-0.012334384	0.0237212644	-0.0422203571	0.0650168499	-0.0350797003	0.0227827767	-0.058361193	-0.0115713751	0.0287346848	-0.0137370887	-0.0363871085	-0.0222236371	-0.0160300563	0.01058066	-0.0227894864	-0.014969608	-0.0747784823	-0.0475774728	-0.0412502275	-0.0819975179	-0.013053418	-0.0266458266	0.0251438964	-0.0111804358	0.033125613	0.0147990746	0.0475993505	0.0337081212	0.0249167021	-0.0221820736	-0.0201044218	0.0133548439	-0.022127951	0.0229902065	-0.0222512033	-0.0455612749	0.0454520391	0.0162716157	0.0339982456	-0.0056788689	0.0555442176	-0.0194209516	-0.0634975094	-0.0319077225	-0.0237521651	0.0497352654	0.0310768696	0.0271733503	0.0397997074	0.0024847387	-0.0413717214	-0.0163987452	-0.0020896784	0.0277385459	-0.0251834828	0.0410202363	-0.0449531786	0.0148305722	0.0680695023	-0.0526644683	-0.025191815	-0.0207768756	-0.009049539	-0.0005027472	-0.0331652633	0.0367599465	0.036981551	0.0138629231	0.003311303	-0.0279729852	0.0173997724	0.0478575062	-0.0062694799	-0.0276528938	0.0035922109	-0.0140923196	0.0639366359	0.0320954416	-0.0012990621	-0.010901052	0.0142438707	0.0398143296	-0.0053596776	0.0495410164	0.0121103644	-0.0198480464	0.017734332	0.0128410318	0.0777114506	0.0150159999	-0.0484737083	-0.0123953375	0.0313518491	-0.0037996365	0.0325393802	0.0153929871	0.0099188706	-0.0136949008	0.0295332507	-0.0924950597	0.0292790235	-0.0357812737	0.0133633123	-0.0279418612	-0.0225974184	-0.0220473749	-0.0129868065	-0.028924749	0.0194301769	-0.00155029	-0.0117742054	0.0799196254	0.0543438567	-0.0814909282	0.0538368991	-0.0265928929	0.0365347557	-0.0247032405	-0.0039962191	0.0263862682	-0.024381443	0.0244186463	-0.0085846593	-0.0553536953	-0.050341471	-0.0210534152	-0.0116914675	0.1081149362	0.0943791647	-0.0437604057	-0.0323822507	-0.0008554409	-0.0019013791	0.0197434816	-0.069317885	0.0306520188	0.0364229428	0.0546882886	0.0328418277	-0.0587337901	-0.0451843294	0.0253280657	-0.026844953	-0.0062798502	0.0248085858	-0.0182700533	0.0489659547	0.0489531875	0.0489319113	0.0489021298	0.0488638482	0.0488170731	0.0487618127	0.0486980765	0.0486258757	0.0485452228	0.0484561318	0.0483586182	0.048252699	0.0481383925	0.0480157186	0.0478846987	0.0477453555	0.0475977133	0.0474417976	0.0472776357	0.047105256	0.0469246886	0.0467359647	0.0465391172	0.0463341804	-0.0577594	-0.0026467	7.005020890000009e-06	0.00333614828836	-0.0818457999999999	-0.0213140999999999	0.0066987349776399	0.0004542908588099	0.0339017	0.0160553	0.00025777265809	0.00114932526289	-0.00484546	0.0001943999999999	2.3478482611600004e-05	3.7791359999999986e-08	0.000195897	0.000346709	3.8375634609e-08	1.20207130681e-07	0.000191774	0.0	3.6777267076e-08	0.0	0.0	0.0	0.0	0.0	0.0	0.0	0.0	0.0	0.0	0.0	0.0	0.0	0.0	0.0	0.0	0.0	0.0	0.0	0.0	0.0	0.0	0.0	0.0	0.0	0.0	0.0	0.0	0.0	0.0	0.0	0.0	0.0	0.0	0.0	0.0	0.0	0.0	0.0	0.0	0.0	0.0	0.0	0.0	0.0	0.0	0.0	0.0	0.0	0.0	0.0	0.0	0.0	0.0	0.0	0.0	0.0	0.0	0.0	0.0	0.0	0.0	0.0	0.0	0.0	0.0	0.0	0.0	0.0	0.0	0.0	0.0	0.0	0.0	0.0	0.0	0.0	0.0	0.0	0.0	0.0	0.0	0.0	0.0	0.0	0.0	0.0	0.0	0.0	0.0	0.0	0.0	0.0	0.0	0.0	0.0	0.0	0.0	0.0	0.0	0.0	0.0	0.0	0.0	0.0	0.0	0.0
52243.51791647115	-60.7704487549272	2729385164.2886424	3693.047441875233	62678.041798828126	-400.32364208983927	3928536923.735646	160259.01841607373	52869.51435376874	56.94777562862873	2795185548.003359	3243.0491490486406	52960.32378575464	50782.62709723138	1.328807	30.441475	0.0555939	0.0317578	0.003107961	-0.0933680917	0.0361560563	-0.0075810441	-0.0056455778	-0.0156772814	-0.0090472621	-0.0261723306	0.0022083588	-0.0345971958	-0.0663874314	-0.0179438346	-0.0236736977	0.0119093214	-0.0631827013	-0.0076538563	0.0394056074	0.0206225843	-0.0169926733	0.0096923615	-0.0215663122	0.0204877329	0.000375965	0.0121906336	-0.0113129627	0.022474737	0.0465223811	0.0435263959	0.0193932093	-0.0531505315	0.0436515106	0.0646801479	-0.0498031404	-0.0726247395	0.0034272688	-0.0229743157	-0.0238673863	-0.0021672321	-0.002794495	0.0042810567	0.0746336846	0.0289213068	-0.0680108198	0.0195316144	0.1081049469	-0.0037465	0.133789517	-0.0337146606	-0.0118417629	-0.0113499731	0.038538949	-0.0660606817	-0.0056374385	-0.037588717	-0.0506651418	0.0154430484	-0.0816882118	0.0573674893	0.0119046761	-0.0427056649	-0.1174917384	-0.0737341894	0.0105916096	0.0341755186	0.0004574226	0.0057312788	-0.0495525798	0.0079158918	0.0996012058	0.0180577919	-0.022261586	-0.0528033376	-0.0449084646	-0.0516231142	-0.0446849109	-0.0885131887	-0.0536228544	-0.0594752207	-0.0263905794	0.0084151754	0.0064186805	0.0596292915	0.0415883046	-0.0160607161	-0.0075507762	0.0292762726	-0.0306211028	-0.0144637474	-0.0056467952	-0.0127500718	0.0114314369	-0.0245885003	-0.0076230114	0.0158161153	-0.0795464442	-0.0005570653	-0.0186382335	0.0584967602	-0.0661829216	0.0283093114	0.0767283547	-0.0043894983	0.016653364	0.0175256681	0.0312456266	0.0220994382	-0.0320581787	-0.0028678267	-0.0022710302	0.0078869086	-0.0250593833	-0.0388941606	0.0213837207	0.0202994435	-0.0100915457	0.0232005579	-0.0203417929	-0.000831457	0.0103474401	0.0145868107	-0.0228056663	-0.0480090304	0.0392402774	0.0242513566	-0.0402587679	0.0369458861	0.0661598445	-0.0367542508	-0.0708470532	0.0022316317	-0.0326152512	0.0234223309	-0.0020732825	0.0199876085	-0.0152428728	-0.0869677667	-0.0280396683	-0.0206639394	-0.0563943452	-0.0897869897	0.0455628578	-0.1343731837	-0.0389061858	0.0219171034	0.0098419015	-0.0285388527	0.02819194	-0.0704893325	-0.0624641375	0.0416463872	-0.016647506	-0.0301072803	0.0839800338	0.0233411448	0.0854106883	0.0920019484	0.0429935727	-0.0514231436	-0.0571021791	0.013011514	-0.0198723953	0.0727323377	-0.0007187628	-0.0988887279	0.0473383557	0.0194076914	0.0400595586	-0.0003818318	-0.0792762267	-0.0417859755	-0.047145878	-0.0802417752	0.0136737323	-0.0362757767	-0.042706748	0.0461217954	0.0416934474	0.0441749321	-0.0104597513	-0.0033154414	0.0484455844	-0.0268826468	0.0057129605	-0.0011596327	-0.0033662418	0.0104571794	-0.0138921358	-0.0060396965	0.0288053357	0.0631652521	0.0142306994	-0.0303533177	-0.0980057711	-0.0202130279	-0.0333363279	-0.036622561	0.0097324877	-0.046587798	-0.0250780396	0.0342281141	-0.0092994762	-0.0178428512	-0.028038074	-0.0116901613	0.0168818306	-0.0651020074	0.007762118	-0.0225288413	-0.0090794922	-0.0565547863	-0.0408553693	-0.0330003973	-0.0166310734	0.0926509833	0.0959465537	-0.042166556	-0.0366277019	0.0188869461	0.0351042017	0.0384225051	-0.0596867807	-0.0218602722	0.0262789174	0.044049605	0.0316260102	-0.0774590027	-0.0087024827	0.0358949588	-0.0424624719	0.015233526	0.0922732225	-0.0037140324	0.0489631754	0.0489420714	0.0489069049	0.0488576859	0.0487944286	0.0487171511	0.0486258757	0.0485206286	0.04840144	0.0482683442	0.0481213794	0.0479605879	0.0477860158	0.0475977133	0.0473957345	0.0471801374	0.046950984	0.0467083402	0.0464522756	0.0461828639	0.0459001824	0.0456043123	0.0452953387	0.0449733504	0.0446384398	-0.0384854	0.019274	0.0003714870759999	0.00148112601316	-0.0739521	0.0078936999999998	0.00546891309441	6.23104996899983e-05	0.0250445	-0.0088571999999999	7.844999183999999e-05	0.00062722698025	-0.00445408	0.00039138	1.98388286464e-05	1.5317830440000018e-07	0.000195897	0.0	3.8375634609e-08	0.0	0.000191774	0.0	3.6777267076e-08	0.0	0.0	0.0	0.0	0.0	0.0	0.0	0.0	0.0	0.0	0.0	0.0	0.0	0.0	0.0	0.0	0.0	0.0	0.0	0.0	0.0	0.0	0.0	0.0	0.0	0.0	0.0	0.0	0.0	0.0	0.0	0.0	0.0	0.0	0.0	0.0	0.0	0.0	0.0	0.0	0.0	0.0	0.0	0.0	0.0	0.0	0.0	0.0	0.0	0.0	0.0	0.0	0.0	0.0	0.0	0.0	0.0	0.0	0.0	0.0	0.0	0.0	0.0	0.0	0.0	0.0	0.0	0.0	0.0	0.0	0.0	0.0	0.0	0.0	0.0	0.0	0.0	0.0	0.0	0.0	0.0	0.0	0.0	0.0	0.0	0.0	0.0	0.0	0.0	0.0	0.0	0.0	0.0	0.0	0.0	0.0	0.0	0.0	0.0	0.0	0.0	0.0	0.0	0.0	0.0	0.0	0.0
52169.37447392097	-74.14344255017932	2721643633.000197	5497.250073191741	62536.30707128906	-141.7347275390639	3910789702.114558	20088.73299057268	52963.54863923477	94.03428546602665	2805137484.460587	8842.446843106187	53050.97416522954	51616.28519255403	1.644122	37.664986	0.3501645	0.182589	0.0003473454	-0.0804906635	0.0372554673	0.0119750286	0.019724956	-0.0415958051	-0.0111486776	0.0203417412	0.0322849488	-0.0778367116	-0.1815655205	-0.0703689045	-0.1674513659	0.0048833169	0.0585280344	0.0137042765	-0.0052856604	0.0234753109	0.0648696657	0.0711114007	-0.0767860401	0.0020750953	0.0270180527	0.0350953301	0.0711225698	-0.0430172591	-0.0205790117	0.1190783594	-0.0886754079	-0.151003749	-0.1086310746	0.0212880508	0.0186397284	0.0840395171	-0.1283623412	-0.0187024808	-0.1123121374	0.0257792055	0.1796720798	0.1902538408	0.0101799734	-0.1084550543	0.1661513113	0.0866549654	-0.0443338326	0.0218856715	0.0665460059	-0.0184442903	0.0006396109	0.0132020356	-0.0756513698	-0.0585311444	0.0474395273	0.1184945979	0.075477708	0.0396449766	0.0798071796	-0.007664366	-0.0176202781	-0.0630501204	0.1115590611	0.0077088315	-0.0237661425	0.0099937745	-0.0260440091	0.0286109156	-0.0558446114	0.0320527588	0.0367562869	0.0735843448	0.030040959	0.0188965868	-0.0169825186	-0.0265176091	-0.0204273639	0.0123452199	0.0097290073	-0.0129810803	0.0236760722	0.0181027532	-0.0153923103	0.0091963443	0.0196855341	0.0112620855	0.0106080698	0.0122475658	-0.0527843958	-0.0319080907	0.0128237958	0.0200128	-0.0005425848	-0.0266128701	-0.0770083025	-0.0310359812	-0.0501435661	0.0573157518	-0.0021222941	0.0307962521	-0.0488851518	-0.0221191413	0.026491076	-0.0509013596	0.0928575561	0.0027956123	-0.0655772388	0.0439083233	0.0292246248	0.0157916577	0.0474861622	-0.032938319	0.0720557786	0.0133016989	0.0213126226	-0.0575117163	-0.0755897647	0.0773988803	-0.0008166714	-0.0092721348	0.0592213329	-0.048459943	0.0369005282	0.0201031322	0.1442443368	-0.0596696005	-0.1589139883	-0.0919491603	0.0067317616	0.0323306321	0.0751471003	-0.1377062346	-0.014914841	0.1097399596	0.0324118491	0.1762014798	-0.1737426382	0.043621808	0.1311379635	0.1412463	0.1325653904	0.0548757353	-0.0232446212	-0.060502079	-0.0091712262	0.0018058752	-0.0091840791	0.0798928339	-0.0004766413	-0.045586503	0.1507264099	-0.0141102025	-0.0194970244	-0.0093515206	-0.0888560029	0.0124152011	0.0414177694	-0.1112053431	-0.0006749049	0.0231763102	0.0156898827	-0.0215774043	-0.0346464102	0.0451746594	0.0109796122	-0.0247306014	0.0837226704	-0.0355721244	-0.0196189692	-0.0346868437	-0.0217569889	-0.0097475523	-0.0004546889	0.0105426579	0.0324604808	0.0094142462	0.0274519517	0.0036394475	0.021345792	0.0120994178	0.0268333081	0.0182480566	0.0168756181	-0.0445019753	0.0219437794	0.0143363105	-0.0371809664	-0.0196853067	0.0051061175	-0.0705105593	0.0461377752	0.0296570671	0.0307321007	-0.0545397219	-0.0323148127	0.0167444142	0.010940099	0.0004292836	0.0379954968	-0.037025566	-0.1124213114	-0.0295097421	-0.068070748	-0.0083476366	0.0535664766	0.0323586374	-0.0014451545	0.0055850836	-0.0696799845	0.0012821633	0.0089515069	-0.1142746006	-0.0035541646	-0.0471884436	0.0229639661	0.0726004252	0.0905929727	-0.0455364219	0.0406659478	0.0046479175	0.0513018802	-0.0279106651	0.0442497473	-0.0447164643	-0.0100819245	-0.0409299199	-0.002738021	-0.0410338787	0.0276849033	0.0169327488	-0.0052765619	0.0589393933	0.0116044451	-0.0020147359	0.0489597013	0.0489281774	0.0488756528	0.0488021499	0.0487077002	0.0485923444	0.0484561318	0.048299121	0.0481213794	0.0479229833	0.0477040178	0.0474645768	0.0472047632	0.0469246886	0.046624473	0.0463042454	0.0459641431	0.0456043123	0.0452249073	0.044826091	0.0444080345	0.0439709173	0.043514927	0.0430402594	0.0425471181	-0.00828455	0.03020085	0.0009120913407225	6.86337687025e-05	-0.122117	-0.0481649	0.014912561689	0.00231985759201	0.0206779	-0.0043666	1.9067195560000016e-05	0.0004275755484099	-0.00707481	-0.00262073	5.00529365361e-05	6.8682257329e-06	-0.00104044	-0.001236337	1.0825153936e-06	1.5285291775689998e-06	0.00168335	0.0014915759999999	2.8336672225e-06	2.2247989637759995e-06	0.0	0.0	1.0	0.0	0.0	0.0	0.0	0.0	0.0	0.0	0.0	0.0	0.0	0.0	0.0	0.0	0.0	0.0	0.0	0.0	0.0	0.0	0.0	0.0	0.0	0.0	0.0	0.0	0.0	0.0	0.0	0.0	0.0	0.0	0.0	0.0	0.0	0.0	0.0	0.0	0.0	0.0	0.0	0.0	0.0	0.0	0.0	0.0	0.0	0.0	0.0	0.0	0.0	0.0	0.0	0.0	0.0	0.0	0.0	0.0	0.0	0.0	0.0	0.0	0.0	0.0	0.0	0.0	0.0	0.0	0.0	0.0	0.0	0.0	0.0	0.0	0.0	0.0	0.0	0.0	0.0	0.0	0.0	0.0	0.0	0.0	0.0	0.0	0.0	0.0	0.0	0.0	0.0	0.0	0.0	0.0	0.0	0.0	0.0	0.0	0.0	0.0	0.0	0.0	0.0	0.0
52283.42220831064	114.04773438967096	2733556237.8124704	13006.885719416934	62944.48793554687	408.1808642578108	3962008561.468206	166611.61794625333	52934.39884266955	-29.149796565216093	2802050580.8348155	849.7106397934839	53031.63509176528	50236.47326541257	2.092258	47.931267	0.3853137	0.25665	0.0161734813	-0.0769856639	0.0456840112	0.0171340367	-0.0122136537	0.0552884568	0.009724809	0.0361003537	-0.0572852413	-0.0171923782	0.009548549	-0.0179113692	0.018514939	-0.0465718852	0.1202902476	0.0481305375	-0.1379874787	-0.0229046355	0.0118065039	0.0079670531	0.0319126328	-0.0391572514	-0.0289921068	0.0054763807	0.0426492563	-0.0104166845	-0.0049849821	0.0218992254	-0.0709533624	-0.005318388	-0.0915265286	0.013421106	-0.0020483432	0.1106501587	-0.018983423	-0.0339774524	-0.0248116674	0.0004306303	0.0729827742	0.0441581048	-0.0180628373	-0.0986434442	0.0798410813	-0.0432348674	0.0560038493	0.0276122048	-0.0868601815	-0.0339074395	-0.0434575806	0.0185366694	-0.0949511906	0.0053552639	0.0325029572	-0.030298471	-0.01465918	-0.0921717169	0.0567630313	0.0554780087	-0.0022496575	-0.0171105826	-0.008032145	0.0538224941	-0.062581983	-0.0133809338	-0.0479159944	0.0822258353	-0.0131009226	-0.0110546389	-0.0687683616	-0.081305462	0.0776869291	0.0168556673	-0.0185908547	0.0212183861	0.0301832277	0.0130295181	0.0078316166	0.0335084601	-0.0316350132	0.0229178341	-0.0395584641	-0.0192070564	0.0006406913	0.0020051339	-0.0736408949	0.015443628	0.0340174271	-0.0515583065	0.0380696292	-0.0287997793	0.0136049797	-0.0213784098	-0.0197513583	-0.0411603639	-0.0308972553	-0.0202992386	0.0193975774	0.0228588534	-0.0332761523	-0.0496731282	-0.0506744741	0.0028606968	0.0408193443	0.0424126492	-0.0886503615	0.0217319316	-0.0495780065	-0.0174390342	-0.0295376935	0.031110399	-0.0168211466	0.0353025254	-0.0239400624	-0.016329909	-0.0051486568	-0.0340211236	0.0383763558	0.0315093639	0.0144696497	-0.0331012373	0.0087908591	0.0098379044	0.0339471515	-0.0658239413	-0.0180063347	-0.0817649503	-0.0006140072	-0.008776556	0.1136180214	-0.0295746711	-0.0306476451	0.0236928389	2.25092e-05	0.0600190025	-0.0324348593	0.0378756688	0.1078640157	-0.0018664647	0.0710941699	-0.0628872298	-0.0403967726	0.0688840861	0.04118617	0.0349969908	0.0051171555	0.0968308041	-0.0347402682	0.0178617634	-0.0134674155	-0.0148002246	0.1356053311	0.0042284157	-0.034459835	0.0072029861	0.0349884135	0.0060511665	0.0122939186	0.0641127594	0.0267215802	-0.0313874749	-0.0884491613	0.007428854	-0.0019963098	0.0724848775	-0.10544845	-0.0354891911	0.0084979258	-0.0354508293	0.0178959712	0.0386137371	0.0073315056	0.002581452	-0.0249912388	-0.0263354572	0.0257530986	-0.060033546	0.0176722746	-0.0013615129	-0.0198156219	-0.0702305869	0.0033608276	0.0178548079	0.0119781691	-0.0247415085	-0.0575681988	0.0283332668	-0.016897273	-0.0443540904	0.0113454626	0.0304240845	-0.0137984268	0.017242665	-0.0164412413	0.0355751691	0.0443254453	0.0413079845	0.0079415571	-0.0781846858	-0.0168770702	-0.064818375	-0.0324428748	-0.032529765	-0.0163998019	-0.0486314024	-0.0166233708	0.0352956903	0.0233138848	-0.0911774653	-0.011785262	-0.0163883372	-0.0005462732	-0.0094068336	-0.0126153436	-0.0064514838	-0.0144111963	0.0113818071	-0.0428899486	-0.0241622091	0.0248321379	-0.0635596312	0.1038630315	0.0053540196	0.0660652924	-0.0311730302	-0.0225307482	-0.0004778384	-0.0165039836	-0.0556058754	0.0429704446	0.0364021931	-0.014908589	-0.0379075517	0.0489555324	0.0489115064	0.0488381591	0.0487355344	0.0486036939	0.0484427166	0.048252699	0.0480337549	0.0477860158	0.04750963	0.0472047632	0.0468715983	0.046510335	0.0461211897	0.0457043959	0.0452602033	0.0447888782	0.0442907033	0.0437659771	0.0432150141	0.0426381448	0.0420357148	0.0414080854	0.0407556328	0.0400787482	0.0268905	0.03517505	0.0012372841425025	0.00072309899025	-0.0368755	0.0852415	0.0013598025002499	0.0072661133222499	0.0166467	-0.0040311999999999	1.6250573439999988e-05	0.00027711262089	-0.00258801	0.0044868	6.6977957601e-06	2.013137424e-05	-0.000309921	0.0007305189999999	9.6051026241e-08	5.336580093609998e-07	0.00168335	0.0	2.8336672225e-06	0.0	0.0	0.0	0.0	1.0	0.0	0.0	0.0	0.0	0.0	0.0	0.0	0.0	0.0	0.0	0.0	0.0	0.0	0.0	0.0	0.0	0.0	0.0	0.0	0.0	0.0	0.0	0.0	0.0	0.0	0.0	0.0	0.0	0.0	0.0	0.0	0.0	0.0	0.0	0.0	0.0	0.0	0.0	0.0	0.0	0.0	0.0	0.0	0.0	0.0	0.0	0.0	0.0	0.0	0.0	0.0	0.0	0.0	0.0	0.0	0.0	0.0	0.0	0.0	0.0	0.0	0.0	0.0	0.0	0.0	0.0	0.0	0.0	0.0	0.0	0.0	0.0	0.0	0.0	0.0	0.0	0.0	0.0	0.0	0.0	0.0	0.0	0.0	0.0	0.0	0.0	0.0	0.0	0.0	0.0	0.0	0.0	0.0	0.0	0.0	0.0	0.0	0.0	0.0	0.0	0.0	0.0
52309.193668188	25.77145987736003	2736251742.216	664.1681442103778	63091.925888671874	147.4379531250015	3980591112.341664	21737.950021690143	52947.37312243109	12.974279761539949	2803424320.5659385	168.33193533070505	53037.098934794245	51763.99982577237	1.772796	40.612751	0.0813969499999999	0.0474007	-0.0123382635	-0.0365665327	0.0301302326	-0.0271608831	0.0078863345	0.0128303122	-0.0075699653	0.0051544324	-0.0244974592	0.0522670222	0.0258261987	0.0221729463	0.014756635	-0.0031595258	-0.0222577365	-0.0265643282	0.0605917306	-0.0167946565	0.0069701792	-0.0246758642	0.063509394	0.0184028202	0.0152783136	-0.020531523	-0.0279144519	-0.0043595137	0.0178676111	-0.0164907971	0.0048582159	0.0434564647	0.0065840508	-0.0177283036	0.007050934	-0.0123577545	-0.0110217128	-0.0125740424	0.0119090407	0.0146302974	-0.005446213	0.022818528	0.017781538	0.0221846495	-0.0442967252	-0.1093263363	-0.0070757303	0.0475884485	-0.0254733161	-0.0236268542	0.0470375823	0.0128948939	0.0049109202	-0.0427910097	0.014601897	0.030203862	-0.0163151843	-0.0348738512	-0.0064110794	0.0747930233	-0.0243067766	-0.0202763833	-0.0575356991	-0.093598454	0.0085868071	0.0099268746	0.0260135536	0.0215657768	0.1105514357	0.0361487405	0.0108607522	0.0185681217	3.8809e-05	-0.0291749634	0.0486850595	-0.0233949265	-0.0272192758	0.0192117572	-0.0529227282	0.0200144282	-0.0202372627	-0.008324507	-0.0599437003	-0.0025722524	-0.0794314341	-0.0411266193	0.0307307103	-0.021593968	-0.0210425533	0.07065433	0.0462500254	-0.0310330526	0.0147273751	-0.0126440949	0.0345328751	0.0249175455	-0.0964041137	-0.033331416	0.0035078377	-0.0100692987	-0.0112385539	-0.0331785698	-0.0005188508	-0.0049581313	-0.0047982923	-0.0496856176	0.0788236573	-0.0159018265	0.0442026422	0.0305406736	-0.0319329623	-0.0282598525	0.0045529367	-0.0275063228	-0.0170132125	-0.0091802885	0.025114201	-0.0609424911	-0.0202013733	-0.0159255862	-0.0243245675	0.0127103298	0.0020174438	-0.0201036942	-0.0166491436	0.0011280124	0.0391477024	-0.0047684719	-0.0134633543	0.0030819274	-0.015772379	-0.0091586918	-0.0119079052	-0.0090874267	0.012727966	0.0002022762	-0.0374598189	-0.0220295685	-0.026556043	-0.0797049351	-0.0252661436	-0.0103292259	-0.0763773055	0.0141367113	0.0468391125	-0.0555640656	-0.0102848465	0.0088082773	0.0288111739	-0.0280348079	0.0327010324	0.0006278082	0.0535992935	-0.0360817681	0.0434256159	-0.0034353512	0.0308754346	0.0508248311	0.0628270093	-0.0647490702	-0.0431683861	0.0256428667	-0.0093059116	-0.0910520422	-0.08047364	-0.017288281	0.0270692454	-0.0253579901	0.0155039525	0.0586949679	-0.013660065	-0.0349840236	0.0311333133	-0.0388457233	-0.0194090598	0.0033554063	-0.0042816551	-0.0361011931	0.0400408733	-0.0881618353	-0.0430178014	0.0368632834	-0.0174773737	-0.0046787697	-0.0647314728	0.052842671	0.0099779894	0.0160104758	-0.0379562621	0.028128652	7.27978e-05	0.1038279606	-0.0248803203	0.021942286	-0.023883782	-0.018509454	0.0076382381	0.0304161142	-0.0231783326	0.0654242665	-0.0090754795	0.0510163508	0.031000281	0.0541416021	-0.0344716472	0.0417944346	0.0434411116	-0.0049656419	-0.0100432514	-0.0472247487	-0.0105560463	-0.0043162846	0.0063195922	-0.0047642397	-0.0137320068	-0.0054392485	-0.0076452215	-0.0112770302	-0.0212713335	0.035064491	-0.0559805048	-0.053192274	0.0966914016	-0.0272873858	0.0667333977	-0.0079677648	-0.0031144349	0.0332107305	-0.0065895791	-0.0313084983	0.0142499804	-0.0044857249	0.0441118533	-0.0080522628	0.0489506689	0.0488920593	0.0487944286	0.0486578547	0.0484824465	0.0482683442	0.0480157186	0.0477247713	0.0473957345	0.0470288708	0.046624473	0.0461828639	0.0457043959	0.0451894509	0.0446384398	0.0440518025	0.0434300072	0.04277355	0.0420829549	0.0413587732	0.0406015827	0.0398119877	0.0389906186	0.0381381307	0.0372552045	0.0269262	3.569999999999962e-05	1.274489999999973e-09	0.00072502024644	-0.00186585	0.0350096499999999	3.4813962225e-06	0.0012256755931224	0.0099551	-0.0066916	4.477751056000001e-05	9.910401601e-05	-0.00232535	0.00026266	5.4072526225e-06	6.899027560000004e-08	0.000220619	0.00053054	4.8672743161e-08	2.814726916000001e-07	0.00168335	0.0	2.8336672225e-06	0.0	0.0	0.0	0.0	0.0	1.0	0.0	0.0	0.0	0.0	0.0	0.0	0.0	0.0	0.0	0.0	0.0	0.0	0.0	0.0	0.0	0.0	0.0	0.0	0.0	0.0	0.0	0.0	0.0	0.0	0.0	0.0	0.0	0.0	0.0	0.0	0.0	0.0	0.0	0.0	0.0	0.0	0.0	0.0	0.0	0.0	0.0	0.0	0.0	0.0	0.0	0.0	0.0	0.0	0.0	0.0	0.0	0.0	0.0	0.0	0.0	0.0	0.0	0.0	0.0	0.0	0.0	0.0	0.0	0.0	0.0	0.0	0.0	0.0	0.0	0.0	0.0	0.0	0.0	0.0	0.0	0.0	0.0	0.0	0.0	0.0	0.0	0.0	0.0	0.0	0.0	0.0	0.0	0.0	0.0	0.0	0.0	0.0	0.0	0.0	0.0	0.0	0.0	0.0	0.0	0.0	0.0
52317.958489880526	8.764821692522673	2737168780.548862	76.82209930171602	63221.874282714845	129.9483940429709	3997005387.819401	16886.585114347236	52944.70837614845	-2.664746282644046	2803142145.0354037	7.100872750865262	53036.06420596456	51208.53345384474	1.37743	31.555368	0.04522919	0.0308734	-0.0054073376	-0.0450867837	0.0279606745	-0.0126085262	-0.0096126568	0.0085252354	0.0044397299	-0.0463080831	-0.0115222306	0.0220915326	-0.0223203383	-0.0188080882	0.0239301875	-0.015932101	0.0389536771	-0.0006318396	-0.030497812	-0.0024060658	-0.0519407932	0.0121542318	-0.0312575823	0.0753148956	-0.0323807891	0.0083219018	-0.0267937829	-0.0504360682	-0.0211170394	0.0028435584	-0.0575030614	0.0849895567	0.0001063458	0.0049824914	-0.0095095883	-0.0305455041	-0.0622206817	-0.0057970498	-0.025720826	-0.0122981265	-0.0409159248	0.0101851618	-0.0661220031	-0.027714233	0.0760542572	0.0238622159	0.0139045148	-0.0347046556	-0.0203557374	-0.0258319253	0.0221732062	-0.0264569355	0.0390618797	0.0626561124	-0.0030898851	-0.0386564357	-0.0295437933	-0.0220691257	0.0335719094	-0.0445057444	0.040897987	-0.0148147338	-0.0279429484	0.0031137164	-0.011701795	0.0080945095	-0.0367349717	0.0126017519	0.05486828	0.0045160624	-0.0299798098	-0.0030800965	0.0999666661	-0.0676008108	-0.0052712682	0.0081593452	-0.05208257	0.0213007414	0.0044622423	0.0421143707	0.0465197606	-0.0064151937	0.0110320405	0.0196042701	0.0316108436	-0.0230151908	0.0039571402	0.0057608543	0.0319966375	0.0273261673	0.0116428343	-0.0106776641	-0.0822512668	-0.0532990395	-0.045706441	-0.0442705296	0.0341182989	0.0071560072	-0.0321506814	0.0639335517	0.0235047542	-0.0514643041	0.0399841814	-0.0153869757	0.0254588157	0.0467342602	0.0491935428	-0.0334652317	0.0050197459	-0.0369308101	-0.0231227234	0.0330136583	-0.0085868342	0.0523916155	-0.000443057	0.0549886138	-0.0120495534	0.0284140709	-0.071207812	0.0283794179	-0.0097029622	0.0253711648	0.0530091827	0.0242971018	0.0043217312	-0.056230246	0.07723736	-0.016452669	0.0065720193	-0.0291912841	-0.0385159298	-0.0555711573	0.000299464	0.0265178709	-0.0111770925	-0.0535434349	-0.0038456552	0.0735020707	0.0308120987	0.0297006481	0.0685327678	-0.0058109641	0.0383846494	0.0135308519	0.0178334027	-0.0216333621	0.0320291731	-0.0501869905	-0.0207525285	0.0320331572	-0.0511410778	0.0221018175	0.0147843546	0.0420617359	-0.0485897141	0.0199098856	0.0140898466	0.0052612197	-0.0105437008	0.0029803266	-0.0216911056	-0.0309463151	-0.0105743313	-0.0394237592	-0.0387527153	0.0325595777	-0.0459920829	-0.0844771373	0.0888965132	-0.0215206146	0.0088222183	-0.0489555842	0.0112100433	0.0122964393	-0.0316536739	0.0365700588	0.0321901302	0.0318799781	0.0071276782	0.0247884851	-0.0153196084	0.018719171	0.001868315	0.0300827781	-0.0499837499	-0.0181680729	-0.0297031317	-0.0594785277	-0.0610647664	-0.0387793799	0.0116575285	-0.0586185497	-0.0147549073	-0.0496237033	-0.0365248999	0.0377651396	-0.048243299	0.0414874404	0.0275583419	-0.0388135842	-0.023228991	0.0435248902	0.0492510361	0.0192458083	-2.6194e-05	-0.025335888	-0.0137567403	0.0364942137	0.0236484939	-0.0405427486	-0.0095799242	-0.007801851	0.0109415582	-0.007417411	-0.0017910235	-0.013378516	-0.0049070958	-0.0191347744	-0.0003799272	0.0033274471	-0.0180403124	-0.0554302575	0.1206432228	-0.0619496734	0.0614998809	0.0209750284	-0.0189268911	0.0418317625	-0.0180348095	-0.0344847772	0.013947729	-0.0034715049	-0.0127604924	-0.0118898731	0.0489451109	0.0488698372	0.0487444668	0.0485691282	0.0483440011	0.0480693164	0.0477453555	0.0473724506	0.046950984	0.0464813877	0.0459641431	0.0453997805	0.0447888782	0.0441320627	0.0434300072	0.0426834313	0.0418931005	0.0410598248	0.0401844584	0.0392678988	0.0383110855	0.0373149993	0.0362806612	0.0352091317	0.0341015091	0.0268946	-3.1599999999999684e-05	9.9855999999998e-10	0.00072331950916	-0.0230213	-0.02115545	0.00052998025369	0.0004475530647025	0.00908101	-0.0008740899999999	7.640333280999987e-07	8.24647426201e-05	-0.00230484	2.051000000000006e-05	5.3122874256e-06	4.206601000000024e-10	-0.000222232	-0.0004428509999999	4.9387061824e-08	1.9611700820100003e-07	0.00168335	0.0	2.8336672225e-06	0.0	0.0	0.0	0.0	0.0	0.0	0.0	0.0	0.0	0.0	0.0	0.0	0.0	0.0	0.0	0.0	0.0	0.0	0.0	0.0	0.0	0.0	0.0	0.0	0.0	0.0	0.0	0.0	0.0	0.0	0.0	0.0	0.0	0.0	0.0	0.0	0.0	0.0	0.0	0.0	0.0	0.0	0.0	0.0	0.0	0.0	0.0	0.0	0.0	0.0	0.0	0.0	0.0	0.0	0.0	0.0	0.0	0.0	0.0	0.0	0.0	0.0	0.0	0.0	0.0	0.0	0.0	0.0	0.0	0.0	0.0	0.0	0.0	0.0	0.0	0.0	0.0	0.0	0.0	0.0	0.0	0.0	0.0	0.0	0.0	0.0	0.0	0.0	0.0	0.0	0.0	0.0	0.0	0.0	0.0	0.0	0.0	0.0	0.0	0.0	0.0	0.0	0.0	0.0	0.0	0.0	0.0
52278.23699575271	-39.72149412781437	2733014063.384088	1577.797095745991	62753.859142089845	-468.01514062500064	3938046837.225253	219038.17185423916	52982.26655811775	37.558181969303405	2807120569.6354423	1410.6170328393073	53077.95724310181	52121.69160536729	1.493854	34.2225	0.05967719	0.0371422	-0.0281637754	0.0096073628	-0.0027522969	-0.0385651132	-0.0079432137	-0.0320004249	0.0110036306	-0.0137987052	-0.0047789264	-0.0441561283	-0.002995797	0.0053261714	0.0356045732	0.0116669907	-0.0034276496	-0.0132850499	0.0102209818	-0.0327041944	-0.0336846717	0.0442860128	-0.07996059	-0.0015074138	0.0093104713	0.0084022387	-0.0196986397	0.0078427247	0.0108084334	-0.0067888627	0.0266989378	0.0327745852	-0.0082566166	-0.06582333	-0.07948194	-0.0563232166	-0.0151846835	-0.0544316524	0.0783658683	-0.0892363231	-0.0075889294	0.0067936772	0.0066447322	-0.0335228275	-0.0423504799	-0.0048080433	-0.0154340309	-0.0240278163	0.0058546063	-0.0357244009	-0.0160104743	0.025388325	-0.0341804141	0.0308105825	-0.0282815887	-0.0210949282	-0.0111892806	0.0032428975	0.0465586314	0.0334672525	0.0094115754	-0.0403175952	0.0219262197	0.0792178674	0.0187477373	-0.0874295117	-0.0046933115	-0.0310092776	-0.0107715134	-0.0205594446	-0.0267123632	-0.0580393735	0.0486756469	0.0127085425	0.0741704181	-0.077818103	0.0628620206	-0.0476095262	0.0369131468	0.0575472027	-0.0549724647	-0.0049565425	-0.0878638635	0.0272107247	0.0322157538	0.0229786702	0.0212630448	0.0246612193	-0.0272454161	0.0274123921	0.0270691419	0.0047689186	-0.0327204039	-0.0450771419	0.0140073727	-0.0097888817	0.0951769536	-0.0082326768	-0.0295548642	0.00299222	-0.0101679018	0.0290711233	0.0300033687	-0.0515983656	-0.0289546002	-0.0634150186	0.029750703	0.0327204369	-0.0763755143	-0.0624494902	-0.0319352188	-0.0544019493	0.0129973868	-0.0530468698	-0.0309217823	0.0387018481	-0.0430452295	0.077276766	0.0054024518	-0.0081146717	0.0091487491	0.0172379402	-0.0077501995	-0.016569172	-0.0103500363	0.0232801031	0.0326780586	0.0052554903	-0.0729715408	-0.0753135923	-0.04892542	-0.0078559525	-0.0565608348	-0.0759260437	-0.0978952911	-0.0108928606	-0.0059585767	-0.0081359945	0.0284970204	0.0044167518	-0.046000484	0.0172290077	0.0224114078	-0.0216134448	0.0330183992	0.000875923	-0.0109862399	0.0362290764	-0.0118559846	0.0572390657	-0.0228696987	-0.00037214	0.0324067214	-0.0235714548	-0.0335385658	0.0187178315	0.0285959476	-0.0158848769	-0.0275769786	0.0235925884	0.1174576436	0.0177502599	0.0409791625	0.0127989271	0.0105684706	0.0258476641	-0.0698535756	-0.0504250665	-0.0170500541	0.0891604313	-0.0475961956	0.0741244339	-0.043366807	0.0335439995	-0.0529821822	-0.025173442	0.0142123948	-0.0490628977	0.0804868236	-0.0063806104	0.0293094772	0.003239674	0.0481359831	-0.0042714921	-0.011393761	0.0438446755	0.0107494283	-0.0130039097	-0.0592640079	0.0067484047	-0.0036675132	-0.0959224413	-0.0034918444	-0.0082577774	-0.0157760751	-0.0311908828	-0.0187698662	-0.0120642716	0.0388544134	0.0607261091	0.0026477914	0.0133739688	-0.0268806213	-0.0766460158	-0.0163498649	-0.0381490802	0.1020289086	-0.0218812904	-0.0217004879	-0.019734832	-0.0104911135	-0.0044691406	0.0145012182	-0.0081451163	0.0016071283	-0.0241317577	-0.0035226271	-0.0191876098	0.01208076	0.0051715242	0.0185960841	-0.0395718896	0.1232998509	-0.0976964081	0.0491683615	-0.0325909769	0.001697783	0.0168774016	0.0099847404	-0.0235167406	-0.0035253346	-0.011161262	0.0177094562	-0.0201976292	0.0489388583	0.0488448413	0.0486882801	0.0484693751	0.0481884067	0.0478457346	0.0474417976	0.046977113	0.0464522756	0.0458679577	0.0452249073	0.0445239479	0.0437659771	0.0429519653	0.0420829549	0.0411600588	0.0401844584	0.0391574033	0.0380802083	0.0369542528	0.0357809787	0.0345618882	0.0332985423	0.0319925587	0.0306456097	0.0455919	0.0186972999999999	0.0003495890272899	0.00207862134561	-0.0230607	-3.9399999999998464e-05	0.00053179588449	1.552359999999879e-09	-0.00439388	-0.01347489	0.0001815726605121	1.9306181454400003e-05	-0.00230484	0.0	5.3122874256e-06	0.0	-0.000279854	-5.762200000000001e-05	7.831826131600002e-08	3.320294884000001e-09	0.00217504	0.00049169	4.730799001600001e-06	2.4175905610000016e-07	0.0	0.0	0.0	0.0	0.0	0.0	0.0	0.0	0.0	0.0	0.0	0.0	0.0	0.0	0.0	0.0	0.0	0.0	0.0	0.0	0.0	0.0	0.0	0.0	0.0	0.0	0.0	0.0	0.0	0.0	0.0	0.0	0.0	0.0	0.0	0.0	0.0	0.0	0.0	0.0	0.0	0.0	0.0	0.0	0.0	0.0	0.0	0.0	0.0	0.0	0.0	0.0	0.0	0.0	0.0	0.0	0.0	0.0	0.0	0.0	0.0	0.0	0.0	0.0	0.0	0.0	0.0	0.0	0.0	0.0	0.0	0.0	0.0	0.0	0.0	0.0	0.0	0.0	0.0	0.0	0.0	0.0	0.0	0.0	0.0	0.0	0.0	0.0	0.0	0.0	0.0	0.0	0.0	0.0	0.0	0.0	0.0	0.0	0.0	0.0	0.0	0.0	0.0	0.0	0.0	0.0
52264.32131677837	-13.915678974342882	2731559282.703454	193.64612131696856	62812.16474755859	58.30560546874767	3945368040.274442	3399.543629077258	52963.83254125363	-18.43401686412108	2805167557.457957	339.81297774670026	53059.66959666389	50915.47607136516	1.25228	28.688316	0.1370758799999999	0.0635643	-0.0376423515	0.0282654557	-0.0242560926	-0.045870879	0.0062522071	-0.0075640029	0.0073786106	0.0384979907	-0.027234732	-0.0326864549	0.0467023561	0.010832914	0.0218629304	-0.0148109052	0.0031206569	-0.015519612	0.0130323232	-0.0273255319	-0.0155942875	0.0348791493	0.0340171823	-0.0441147307	0.0135025374	0.0191038851	-0.0319496442	-0.029990232	-0.0190087191	0.0033711625	0.0279539937	0.0395017287	-0.0158384987	-0.0182907744	-0.021514777	-0.0138603	0.0160035638	-0.009061101	0.0075376671	-0.0475906747	-0.0383968578	0.0051628559	-0.0907931685	0.0208892425	0.0331370323	0.0496621093	-0.0196395143	0.0463788929	-0.0501740848	0.0455875763	0.0467224212	0.0035341062	-0.0457578989	0.0107347456	0.0058870514	-0.0149919041	0.0276631431	0.0048054154	0.0277473704	0.0031378685	-0.038803953	-0.0462560853	0.0593838665	-0.0672843166	-0.018344481	-0.0940370231	0.0485038984	-0.0315436813	0.0378406817	-0.0078365873	-0.0071894953	-0.0010124282	0.0647957804	0.0633378918	-0.0300283894	-0.0073877067	-0.0033221876	0.0005364431	0.029582887	0.070130926	-0.0226737358	0.0318814038	0.0482989959	-0.0614590792	0.0335989582	0.0189570489	-0.0197543533	0.0201832222	-0.0087160641	-0.0167671746	-0.0082230854	-0.0113844931	0.0489209913	0.071538708	-0.0211023325	0.0413140711	0.0316025697	0.0091789751	-0.0016246775	0.0140911307	-0.0385093411	0.0127327789	-0.0298000296	-0.0351770687	0.0135274185	0.0151209014	-0.0014566143	0.0025070394	0.0283646176	0.028548	0.0039098802	-0.0178974194	-0.0215899103	-0.0244983	-0.0280746246	0.0146483358	-0.0322090125	-0.0370209555	0.043432625	-0.0140650151	0.0110962985	0.0320499665	0.0303200438	0.0111098365	-0.0025873391	0.0332099947	0.0339330943	-0.0199626378	-0.0214085497	-0.0303666876	-0.0108652792	0.0190472645	-0.0066985679	-0.0045605619	-0.0452375184	-0.0512281395	-6.86341e-05	0.0956645455	-0.0318853758	0.05684452	0.0220400938	0.0117206565	-0.0404398634	0.0568799324	-0.0131105354	-0.0231027725	-0.0147526727	0.0275822677	-0.035818301	-0.01126717	0.0027120281	-0.0313234536	-0.0148801856	-0.0159318175	-0.0200309328	-0.0309186854	0.0180391232	-0.0677163375	0.0869462935	-0.0207268597	0.0442756084	0.0622330828	0.0438868827	-0.0464611709	-0.0023313327	-0.002731924	-0.0200621891	-0.0697815745	-0.0519152528	-0.0471101906	-0.0116208047	0.0061920168	0.0042383636	0.0186687724	-0.0409086927	-0.0503194428	0.0466240319	-0.0382452235	-0.0758537624	0.030746388	0.0171249523	-0.0106241546	0.0187164882	-0.0260243333	0.0033353473	-0.0099505241	-0.0120643265	0.0330295892	0.0910814992	0.0165290025	0.0150654131	-0.0286317498	-0.0014551041	0.0042732676	-0.0235492038	0.0152544609	0.0525357063	-0.0070776566	0.0266950228	-0.0090229133	-0.0227817108	-0.0098647347	0.0035907468	0.0218866563	0.0103105241	0.024795749	0.0191060924	-0.0400121534	0.0116243823	0.0144104819	-0.0095239779	0.0198176986	0.0118168818	0.0027569567	0.0141087448	-0.0166666641	-0.0407238804	0.0049476116	-0.0123467243	0.0209431222	-0.0112764093	-0.0058726689	0.1004021393	-0.0246065053	0.0145330931	-0.0537077068	-0.0085627083	0.0369185699	0.0579062511	-0.0156740341	-0.0250150327	0.0198868793	-0.0439670306	0.0464053092	0.0489319113	0.0488170731	0.0486258757	0.0483586182	0.0480157186	0.0475977133	0.047105256	0.0465391172	0.0459001824	0.0451894509	0.0444080345	0.0435571555	0.0426381448	0.0416524399	0.0406015827	0.0394872168	0.0383110855	0.0370750283	0.0357809787	0.0344309608	0.0330270864	0.0315715513	0.0300666323	0.0285146833	0.026918132	0.0262731	-0.0193187999999999	0.0003732160334399	0.00069027578361	0.00290706	0.02596776	8.4509978436e-06	0.0006743245594175	-0.0225473	-0.01815342	0.0003295466576964	0.00050838073729	-0.00163287	0.0006719699999999	2.6662644369e-06	4.515436808999998e-07	-0.000588912	-0.000309058	3.4681734374400005e-07	9.551684736400003e-08	0.00168335	-0.00049169	2.8336672225e-06	2.4175905610000016e-07	0.0	0.0	0.0	0.0	0.0	0.0	0.0	0.0	0.0	0.0	0.0	0.0	0.0	0.0	0.0	0.0	0.0	0.0	0.0	0.0	0.0	0.0	0.0	0.0	0.0	0.0	0.0	0.0	0.0	0.0	0.0	0.0	0.0	0.0	0.0	0.0	0.0	0.0	0.0	0.0	0.0	0.0	0.0	0.0	0.0	0.0	0.0	0.0	0.0	0.0	0.0	0.0	0.0	0.0	0.0	0.0	0.0	0.0	0.0	0.0	0.0	0.0	0.0	0.0	0.0	0.0	0.0	0.0	0.0	0.0	0.0	0.0	0.0	0.0	0.0	0.0	0.0	0.0	0.0	0.0	0.0	0.0	0.0	0.0	0.0	0.0	0.0	0.0	0.0	0.0	0.0	0.0	0.0	0.0	0.0	0.0	0.0	0.0	0.0	0.0	0.0	0.0	0.0	0.0	0.0	0.0
52328.37018324308	64.04886646471277	2738258326.0345235	4102.257295414609	63230.60575683594	418.4410092773469	3998109504.3764143	175092.8782450447	53079.51761968085	115.68507842722464	2817435190.73801	13383.037370713118	53185.78594419006	50340.01967392959	1.981928	45.40374	0.26506646	0.14467	-0.0196282233	-0.0805980779	0.0463965036	0.0092963808	-0.0253618057	0.0586301902	-0.0042514902	0.0550084572	-0.0197568419	0.0487691026	0.0050368682	-0.0076948724	0.0188031716	0.0164995434	0.0205941398	-0.0139289188	0.0366544294	-0.0332559771	0.0527615689	-0.0543577811	0.0409903075	0.0217244604	0.0109615208	-0.0071890626	-0.0347043879	-0.0360993938	-0.0031322084	0.0071963287	0.0389789306	0.0283854752	-0.0917619874	-0.0299374486	0.0149943892	0.0057208496	0.0472002028	-0.0384618314	0.0466484408	-0.0086753609	-0.03963462	-0.0671807817	0.0103126406	0.0334882449	-0.0059876945	0.0293903308	-0.0017901887	-0.073475602	0.049559109	-0.0122497913	0.0680253386	-0.0678291533	0.0297080171	-0.055106433	-0.0436645073	-0.0413573875	-0.004745998	-0.0154506009	-0.0105021917	-0.0991995921	0.0018228674	0.0270478574	0.0148652911	-0.0290745967	-0.0100827665	0.0061397985	0.0250725971	0.0206754779	0.0527313586	-0.0489779965	-0.0243129242	0.0674724844	-0.0005824155	0.0564537343	0.026384122	0.0006810139	0.0328383782	-0.0335591324	-0.0288297494	0.0212886576	-0.0743953435	0.0266333809	-0.0405724816	0.0495366115	0.0267253067	0.0019383551	0.0306212074	0.0012992751	0.0192050441	0.0134278528	0.0045461208	-0.0138590658	-0.0389165209	-0.0587788371	-0.0068158392	0.0526070073	-0.0617459874	0.0393027207	-0.038224716	0.0056191799	0.0191929753	-0.0292696398	-0.0143291833	0.0069501089	-0.0612038725	0.0890848454	0.0087303371	0.0271728065	0.0111671772	-0.0185120119	-0.0068849467	-0.0060953315	-0.0304386198	-0.0387786961	-0.0350107732	-0.0527362333	0.0521113775	-0.0354339379	-0.0250006731	-0.019549561	-0.0264386631	0.0299387309	0.0348567221	0.0053670591	0.0016216202	0.0328501046	0.0226438596	-0.0856455852	-0.0449280053	0.0193224403	0.0174173079	0.0482804902	-0.0405999881	-0.0491100161	-0.0101150897	-0.0370591254	0.0672233241	-0.0224536677	-0.0309142227	0.0057437731	-0.0039220238	0.0175947027	0.0805055949	-0.0423170092	-0.0123805975	-0.0563978823	0.0610466488	-0.0120520792	0.0464167838	-0.0558324499	-0.0703810568	0.016441538	-0.0589843256	0.0632967385	0.0028225169	-0.037910943	-0.036533047	-0.0235013723	0.0086870318	-0.0096612716	-0.0390814571	0.0137053836	-0.0107065163	-0.0811187454	0.0344505449	0.0277632692	0.0421004171	-0.0330836015	-0.0622710006	0.0141477902	0.0126616482	0.0321329949	-0.0282524506	-0.0186175409	-0.0368172041	-0.0530824352	-0.0242523168	-0.0115089291	0.0743519602	0.0093296928	0.0127412127	0.0170111203	0.0059340137	0.0313466112	-0.012113823	0.0001350583	0.0046950086	-0.0247725527	-0.0487365973	0.0424607818	0.0493279786	0.0480980518	9.92383e-05	-0.0617081563	0.0077659999	0.0106595843	0.0109266972	0.024945967	0.032942216	-0.0862092496	0.0799941418	0.0435319115	0.0069400905	0.0079292076	0.0119631582	-0.0179672462	0.0203975591	-0.0296863573	0.0012749183	-0.0193150213	-0.0144059421	-0.036224619	0.0110112724	-0.0117165979	-0.0130150694	-0.0107994711	0.0246397169	-0.0319242623	-0.0184688648	-0.0093138768	-0.0611869868	-0.0641897575	0.1149608289	-0.0172918664	0.083807952	-0.0319649679	-0.0036531744	0.0093465663	-0.014615028	0.0031251444	0.0146473957	-0.0004949405	-0.0256115339	0.0267394757	0.04892427	0.0487865342	0.0485572616	0.0482368825	0.047825998	0.0473253789	0.0467359647	0.0460588611	0.0452953387	0.04444683	0.043514927	0.0425013783	0.0414080854	0.0402370998	0.0389906186	0.0376709804	0.0362806612	0.0348222698	0.0332985423	0.0317123377	0.0300666323	0.0283645137	0.0266091756	0.0248039116	0.0229521086	0.0211674	-0.0051057	2.606817249000001e-05	0.00044805882276	-0.107328	-0.11023506	0.011519299584	0.0121517684532036	0.0195097	0.042057	0.0017687912489999	0.00038062839409	-0.0026188	-0.00098593	6.858113440000001e-06	9.720579649000002e-07	0.000419642	0.001008554	1.7609940816400002e-07	1.017181170916e-06	0.00184224	0.00015889	3.3938482176e-06	2.5246032100000025e-08	0.0	0.0	0.0	0.0	0.0	1.0	0.0	0.0	0.0	0.0	0.0	0.0	0.0	0.0	0.0	0.0	0.0	0.0	0.0	0.0	0.0	0.0	0.0	0.0	0.0	0.0	0.0	0.0	0.0	0.0	0.0	0.0	0.0	0.0	0.0	0.0	0.0	0.0	0.0	0.0	0.0	0.0	0.0	0.0	0.0	0.0	0.0	0.0	0.0	0.0	0.0	0.0	0.0	0.0	0.0	0.0	0.0	0.0	0.0	0.0	0.0	0.0	0.0	0.0	0.0	0.0	0.0	0.0	0.0	0.0	0.0	0.0	0.0	0.0	0.0	0.0	0.0	0.0	0.0	0.0	0.0	0.0	0.0	0.0	0.0	0.0	0.0	0.0	0.0	0.0	0.0	0.0	0.0	0.0	0.0	0.0	0.0	0.0	0.0	0.0	0.0	0.0	0.0	0.0	0.0	0.0
52396.95500267909	68.58481943600782	2745440893.5527773	4703.877457069796	63396.27330615235	165.66754931640753	4019087469.1083646	27445.73689650432	53032.07752999577	-47.440089685085695	2812401247.147482	2250.562109328974	53124.17873416687	51911.54798798004	1.991121	45.614323	0.17576097	0.110979	-0.0472354187	0.0330160283	-0.0202984799	-0.0317017963	-0.0082234067	-0.029672429	0.0160500099	-0.0464384412	-0.02468456	0.0227312239	0.0305280119	0.0069804427	9.46227e-05	-0.0352247253	-0.0166871354	-0.0156827635	-0.0313965171	-0.0203173663	-0.0202835296	-0.0269705889	0.0094862324	0.0710123685	-0.0055813714	-0.0439379078	-0.0197713393	-0.0031788382	-0.0140862402	0.0518125975	0.0339810144	0.0423146262	0.0089971429	0.0132396425	0.0292836037	0.0163953349	0.006824663	0.0215171847	0.052341784	0.0437467886	-0.0367378085	0.0959894245	0.0203439246	-0.0226568065	-0.0133082958	-0.0228616523	-0.0068598312	-0.0425959509	-0.033153999	0.0084596773	0.0122971103	0.0906393108	-0.0093316937	-0.0149520873	-0.0101877193	-0.0484807787	0.0451752081	0.0063303446	0.0434413132	-0.048207896	-0.014610168	0.0371218179	-0.0632783199	-0.0155555187	0.0375527229	0.005899192	-0.0380336085	0.0383513431	-0.0177250443	-0.0047572841	0.0039109547	0.0142716333	-0.0075543377	0.0021379814	-0.0315970166	-0.0357918765	0.040864748	0.024724949	0.0084754832	-0.0044924332	0.0270436876	-0.0171528712	-0.0148299532	0.0474838224	-0.013919559	0.0027577967	0.0079664446	0.0096178074	-0.024797225	0.0410703634	0.009690844	-0.0079067067	0.0384012955	0.0332405445	-0.0044554387	0.0072341827	0.0164509701	0.0293479397	0.0007310627	-0.0274378177	-0.0284855881	0.025796119	-0.031980936	0.0633904658	0.0068600088	0.0153988842	0.0584293807	0.011261046	0.0527734149	0.0041295984	-0.0003669894	-0.0072985858	-0.0614735744	0.0532042749	-0.0196800057	0.0235747652	0.0240096711	-0.0071091063	-0.0705607232	-0.0007733225	-0.0491189815	0.0029945717	0.0018330097	0.0110944912	0.0412184366	0.0401083741	0.0497008172	-0.001221194	0.021234073	0.0277926545	0.0140430209	0.007241825	0.0241237733	-0.0515306417	0.0366006501	-0.0322569139	-0.0960852181	-0.0172498613	0.0338784215	-0.0272978759	-0.0111228431	0.0104804616	0.0377373884	0.0360638371	0.0139544704	-0.0163554059	-0.0956298439	0.0288840552	0.0160108789	-0.0012225628	-0.0383528999	-0.0441976949	-0.0248097374	0.0278775868	-0.0580043478	-0.0360389162	-0.013923176	0.0592157629	-0.0009058113	-0.0415326121	-0.0078466989	-0.0293442187	-0.0415691306	0.0204066415	0.0036988236	0.0007274428	0.0121256109	0.007820251	0.004218314	-0.0189272299	-0.0307007908	0.044479426	0.0188511866	0.0229342347	-0.0004699415	0.0305895303	-0.006159424	0.0326076817	0.037188952	-0.0167461891	0.0038885549	0.003555228	0.018074693	-0.0182196135	-0.0248572162	0.0335629866	0.0195910792	0.0170320332	0.0296937716	-0.0005979276	-0.0015370368	-0.0077621351	0.0029863459	0.0028794782	0.0198674537	-0.0030540902	0.0610822555	-0.0255365019	-0.0686592658	0.0100693217	-0.0021442195	0.0627165883	0.0185989627	0.0255360217	0.0347986899	0.034368466	-0.0197913278	0.0432088511	0.0767802857	0.0683907702	-0.0056056722	0.0075681887	0.0052434939	-0.0046041384	0.020790993	-0.0041401486	-0.0090089763	-0.0125756943	-0.0106754787	0.0052999383	0.0052216019	-0.0250531649	0.1334440778	-0.0211718249	0.0529749292	0.0308392477	0.0308056511	0.0920702849	0.005146441	-0.0135646066	-0.0019930541	-0.0559756552	-0.0102928664	-0.0349878028	0.0489159345	0.0487532262	0.0484824465	0.0481041957	0.0476193122	0.0470288708	0.0463341804	0.0455367808	0.0446384398	0.0436411487	0.0425471181	0.0413587732	0.0400787482	0.0387098805	0.0372552045	0.0357179449	0.0341015091	0.0324094805	0.0306456097	0.0288138067	0.026918132	0.0249627879	0.0229521086	0.0208905514	0.018782686	0.0134885	-0.0076788999999999	5.896550520999998e-05	0.00018193963225	-0.00471363	0.10261437	2.22183077769e-05	0.0105297089304969	-0.021356	-0.0408657	0.00167000543649	0.000456078736	-0.00279989	-0.00018109	7.8393840121e-06	3.2793588100000025e-08	0.000267582	-0.00015206	7.1600126724e-08	2.3122243600000012e-08	0.00168335	-0.00015889	2.8336672225e-06	2.5246032100000025e-08	0.0	0.0	0.0	0.0	0.0	0.0	1.0	0.0	0.0	0.0	0.0	0.0	0.0	0.0	0.0	0.0	0.0	0.0	0.0	0.0	0.0	0.0	0.0	0.0	0.0	0.0	0.0	0.0	0.0	0.0	0.0	0.0	0.0	0.0	0.0	0.0	0.0	0.0	0.0	0.0	0.0	0.0	0.0	0.0	0.0	0.0	0.0	0.0	0.0	0.0	0.0	0.0	0.0	0.0	0.0	0.0	0.0	0.0	0.0	0.0	0.0	0.0	0.0	0.0	0.0	0.0	0.0	0.0	0.0	0.0	0.0	0.0	0.0	0.0	0.0	0.0	0.0	0.0	0.0	0.0	0.0	0.0	0.0	0.0	0.0	0.0	0.0	0.0	0.0	0.0	0.0	0.0	0.0	0.0	0.0	0.0	0.0	0.0	0.0	0.0	0.0	0.0	0.0	0.0	0.0	0.0
52268.94903334158	-128.00596933750785	2732043033.05006	16385.528186035	62980.367064941405	-415.9062412109415	3966526635.634756	172978.00147821388	52949.13632396942	-82.94120602634939	2803611037.454297	6879.243657105337	53039.06502549655	49490.09198568765	2.04572	46.865124	0.138649295	0.0705481	-0.0159882356	-0.0673889535	0.0514772938	0.0313532291	-0.0334641989	0.029177171	-0.0033791659	-0.0293270565	0.0214419634	-0.0195700848	0.0069061896	-0.0223934204	0.0389389254	0.0238376963	-0.0166513225	-0.0173212065	0.0407851583	-0.0056013892	-0.032612993	0.0178280428	-0.0745714828	-0.0181160411	0.0263707572	0.0356472836	0.00732614	-0.0085643293	0.0207916499	0.0003360198	-0.003029727	-0.0531446908	0.0782038021	-0.0539985898	-0.0338678919	0.0373081479	-0.0444420218	-0.0580356369	-0.0122355175	-0.0576116919	-0.0326376107	0.0191450145	-0.0438664633	0.0226992689	0.0144788247	-0.0164535161	0.0169016045	-0.0082262986	0.0640767088	-0.0192477712	-0.0128304204	0.040184674	0.0149657249	0.0378838926	-0.0216896816	-0.0019544916	-0.0075589321	0.0175991766	0.0078582568	0.0010107521	0.0318415168	-0.033655177	-0.0962214682	0.0034445679	-0.0066985716	0.0245095433	-0.0026684042	0.0372654906	0.0991854381	-0.0054122237	0.0354286793	-0.0540423971	-0.0900532405	0.006035708	0.0172221286	0.0597566456	-0.0127534657	-0.0395528061	-0.0037329432	-0.0299171453	-0.0100282447	0.0137375793	0.0171004945	0.1009782142	-0.0280466648	0.0005930687	-0.0434064684	-0.0369944837	-0.0124627757	-0.0027295121	0.0122066739	0.0150965819	0.082212186	-0.0118404744	-0.0365184158	0.0048386329	0.0165749835	-0.0446130036	-0.0581125422	0.0213862307	0.0224369546	0.021707433	0.0102362712	0.0543317308	0.0163429065	-0.0270871953	-0.037816799	-0.0054441783	0.0293893585	-0.0365483671	0.0177300572	0.0069774844	-0.0022680354	0.051051105	-0.0036953776	0.036016608	-0.017165638	0.0721000903	0.0187108656	-0.0207952665	0.0439008687	0.0036820125	0.0105458942	-0.0209177221	0.004293547	-0.0036567806	-0.0386411163	0.0957990656	-0.0405592686	-0.019586081	0.0308256044	-0.0495876315	-0.0589202221	0.0159393152	-0.054228278	-0.0293324318	-0.0219366365	0.033504988	-0.024680193	-0.0229514085	0.0178832701	-0.0034107477	0.0126708055	-0.0633912461	-0.0184240968	0.0029882522	-0.0311206198	-0.0160942572	-0.0076880146	0.0381018286	-0.0187677554	0.026000472	-0.0132293765	0.0190201728	-0.0147243963	0.0284711585	0.0650260618	0.0780340362	-0.017494931	-0.0080108544	-0.0226674139	-0.0003995534	-0.0366214925	-0.0766844085	-0.0526375931	-0.0403409751	-0.0337921803	0.0951038578	-0.0153323409	0.0275149526	0.0445209637	-0.0295862319	-0.038814664	-0.0090209615	0.0043124484	-0.0301511101	-0.0305815143	0.0750198184	0.0533591412	-0.0059134875	-0.0309156476	-0.0552762351	-0.0465714435	-0.0098200556	0.0278784983	0.0371792299	0.0221173543	0.0385870944	0.0305555682	-0.0341246303	0.0386154924	-0.0093085056	-0.0830751118	-0.0060252711	0.0014760213	0.0006460769	-0.0268972587	-0.0200733543	-0.0526807694	0.004978641	-0.0053894747	-0.0187667771	-0.0217945682	0.0110409028	0.0577017084	-0.0284861525	-0.0084417391	0.0254725501	0.0331266855	-0.0020802246	-0.0033722055	-0.0159053493	0.0046475235	-0.0134403194	-0.002346673	-0.0330357683	0.025048996	-0.0274870186	-0.0155183427	0.0132743319	0.00146701	-0.0549554879	0.0868376914	-0.0990950783	0.0672280784	-0.0073795998	-0.0159531942	0.0022139911	0.0095039192	-0.0409595663	0.0049358581	-0.0077945523	0.0220603215	-0.0272606706	0.0489069049	0.0487171511	0.04840144	0.0479605879	0.0473957345	0.0467083402	0.0459001824	0.0449733504	0.0439302406	0.04277355	0.0415062691	0.0401316745	0.0386533201	0.0370750283	0.0354008796	0.0336352026	0.0317825624	0.0298477488	0.0278357645	0.0257518113	0.0236012772	0.0213897225	0.019122865	0.0168065656	0.0144468132	0.0131497	-0.0003388	1.1478544000000017e-07	0.00017291461009	-0.0334548	-0.02874117	0.00111922364304	0.0008260548529688	0.0123595	0.0337155	0.00113673494025	0.00015275724025	-0.00161368	0.00118621	2.6039631424e-06	1.4070941641000006e-06	-6.32845e-05	-0.0003308665	4.004927940249999e-09	1.0947264082225002e-07	0.00168335	0.0	2.8336672225e-06	0.0	0.0	0.0	0.0	0.0	0.0	0.0	0.0	1.0	0.0	0.0	0.0	0.0	0.0	0.0	0.0	0.0	0.0	0.0	0.0	0.0	0.0	0.0	0.0	0.0	0.0	0.0	0.0	0.0	0.0	0.0	0.0	0.0	0.0	0.0	0.0	0.0	0.0	0.0	0.0	0.0	0.0	0.0	0.0	0.0	0.0	0.0	0.0	0.0	0.0	0.0	0.0	0.0	0.0	0.0	0.0	0.0	0.0	0.0	0.0	0.0	0.0	0.0	0.0	0.0	0.0	0.0	0.0	0.0	0.0	0.0	0.0	0.0	0.0	0.0	0.0	0.0	0.0	0.0	0.0	0.0	0.0	0.0	0.0	0.0	0.0	0.0	0.0	0.0	0.0	0.0	0.0	0.0	0.0	0.0	0.0	0.0	0.0	0.0	0.0	0.0	0.0	0.0	0.0	0.0	0.0	0.0
52365.27665607268	96.32762273109984	2742122199.2670307	9279.010901025102	62944.25044824219	-36.11661669921887	3961978664.491037	1304.410001798295	52973.60340040196	24.467076432541944	2806202657.2230783	598.6378291558494	53070.6524682594	49525.48937544389	1.71294	39.241528	0.0907237849999999	0.0457254	-0.003908471	-0.0257058782	0.0269450262	0.097520273	-0.0257660485	0.1075079997	-0.0028185654	0.0493747859	-0.0264823842	-0.0317653573	0.0279140565	0.028870072	0.0035506236	-0.035691073	-0.012478338	0.00292677	-0.0101822466	-0.0400973175	0.0093240645	0.0215880194	0.0034657567	-0.0877480094	-0.0067403702	-0.024867479	0.005607742	-0.029345615	-0.0321161268	0.0612080892	-0.017967385	-0.0685282335	0.003698649	-0.0365415043	0.0322284549	-0.0136945146	0.0644287105	-0.0500563561	-0.0355745764	-0.0086343261	-0.0618073448	-0.0185457635	-0.0745837148	-0.0355550324	0.0491127487	0.0013254038	0.0331313642	-0.0282537267	-0.0532392538	0.0388856076	-0.0214324427	0.0218305074	0.0369819179	0.0186537798	-0.0126401495	-0.0802935508	0.0235490512	0.0763925916	0.0236938449	-0.0878249075	-0.0147941758	-0.0879749669	-0.0331000025	-0.0937348572	0.0389111637	-0.0689714511	-0.0043599812	-0.010366387	0.030338324	-0.0172848289	-0.0125200083	0.0052902716	0.0052863641	-0.0007634712	-0.0133892169	0.026561463	-0.0889267805	0.0457302705	-0.0164638432	-0.0149706283	-0.002889692	-0.0427385903	0.0291023884	-0.0245640193	-0.0306405001	0.0182728458	0.0087079751	-0.0050865855	0.01084434	-0.0059701028	0.0049025026	-0.0506882187	0.0595589093	0.0318688906	-0.0163109553	-0.0263485886	-0.0212949472	-0.0053910255	0.0462490356	0.0348941583	0.0154619331	0.0155847879	-0.0374909389	-0.0239481458	-0.000187652	-0.0396111685	-0.0365640493	0.0152748564	-0.0070250468	-0.0063581043	0.0299388966	0.0326905048	0.0218540197	0.0228875647	-0.0409250745	-0.0108953881	-0.0173938165	-0.0061329491	0.0885182605	0.0041064261	-0.0184399456	-0.0127106369	0.0261049392	0.0280980306	0.0668150604	-0.0006605179	-0.0581486411	0.0194601253	-0.0305711924	0.0298505067	-0.0075979189	0.0614705384	-0.0547190264	0.0388345198	-0.0121393226	-0.0697554572	0.0223098305	0.0701501774	0.0397380726	-0.0269651501	0.0496059797	-0.0288541531	0.0337250379	0.0611882572	-0.0269009569	0.0273204315	-0.0363604466	-0.044542681	-0.0065180931	-0.0037987612	-0.0751539268	-0.0194500484	-0.1042571596	-0.0016109357	-0.0704024268	-0.0410497969	0.0744038678	-0.0215091702	0.0488663579	-0.0905374135	0.0154727719	0.0183908124	0.0201135879	-0.0268440602	-0.0108670075	0.0050848795	-0.02708368	-0.0255191296	-0.0060379167	-0.0248346834	0.0156608716	-0.0955396328	0.0374931343	-0.0010781053	0.0055968674	0.0216061594	-0.0468492224	0.0037260319	-0.0472310437	-0.0311681274	0.0140618585	0.0106971464	-0.0102366158	-0.0039377029	-0.0182888348	-0.0161212236	-0.0166554548	0.0623479138	0.0330127681	-0.0372967051	-0.0048835897	0.0265234518	-0.0010992941	0.0329471691	0.0024429819	0.0635841605	0.0166380495	-0.0134648781	0.013665005	0.0474079405	0.0033487188	-0.0251380731	-0.0343432017	-0.0174738621	0.0171690234	-0.009488626	-0.0392868087	0.0215694268	-0.0136997304	-0.0416512176	-0.0038636867	0.0017078788	0.0039216229	-0.0023784044	-0.0006794304	-0.0027011005	-0.0297397261	0.0098442739	-0.0356979815	-0.0198818371	0.0206884179	-0.0419271711	0.0867167116	-0.0156966709	0.0608921165	-0.0565416007	0.0066986657	0.0349164066	-0.0133973609	-0.0778469933	0.0211883877	0.0113962508	0.0014391823	-0.0152350269	0.0488971813	0.048678311	0.0483142525	0.0478060917	0.0471553442	0.046363951	0.0454342724	0.0443690814	0.043171555	0.0418452649	0.0403941669	0.0388225891	0.0371352188	0.0353370889	0.0334335625	0.0314303169	0.0293333271	0.0271488476	0.0248833938	0.0225437227	0.0201368126	0.0176698424	0.01515017	0.0125853106	0.0099829142	0.0158624	0.0027126999999999	7.358741289999991e-06	0.00025161573376	-0.0047859	0.0286689	2.290483881e-05	0.00082190582721	0.00559759	-0.00676191	4.572342684810001e-05	3.13330138081e-05	-0.00146399	0.0001496899999999	2.1432667201e-06	2.240709609999996e-08	-0.00046864	-0.0004053555	2.196234496e-07	1.6431308138025e-07	0.00118679	-0.0004965599999999	1.4084705041000002e-06	2.4657183359999986e-07	0.0	0.0	0.0	0.0	0.0	0.0	0.0	0.0	1.0	0.0	0.0	0.0	0.0	0.0	0.0	0.0	0.0	0.0	0.0	0.0	0.0	0.0	0.0	0.0	0.0	0.0	0.0	0.0	0.0	0.0	0.0	0.0	0.0	0.0	0.0	0.0	0.0	0.0	0.0	0.0	0.0	0.0	0.0	0.0	0.0	0.0	0.0	0.0	0.0	0.0	0.0	0.0	0.0	0.0	0.0	0.0	0.0	0.0	0.0	0.0	0.0	0.0	0.0	0.0	0.0	0.0	0.0	0.0	0.0	0.0	0.0	0.0	0.0	0.0	0.0	0.0	0.0	0.0	0.0	0.0	0.0	0.0	0.0	0.0	0.0	0.0	0.0	0.0	0.0	0.0	0.0	0.0	0.0	0.0	0.0	0.0	0.0	0.0	0.0	0.0	0.0	0.0	0.0	0.0	0.0	0.0
52479.885543426055	114.60888735337358	2754138386.651099	13135.197060378274	63482.02198925781	537.7715410156234	4029967115.844612	289198.2303263183	53147.8754911146	174.27209071264224	2824696669.2190204	30370.761601355407	53239.6015587833	50893.448205090805	2.270399	52.01228	0.14183931	0.0753083999999999	-0.0650682509	0.056627787	-0.0276048359	-0.0189017999	0.0126305951	0.0051658073	-0.0222790652	0.0274479395	0.0035707134	0.0802051417	0.0190851718	0.0227499281	0.039262049	-0.0282999091	0.0038220855	-0.0207149517	0.0416865452	-0.035809874	0.0225658133	-0.0230883374	0.041379707	0.0192513998	-0.0352229863	0.0266701797	-0.0344867844	-0.0410614084	-0.0943935831	-0.0537505723	0.0337998841	0.0593599983	0.0257558921	0.0781313718	0.1081654805	-0.0283592925	0.0056456131	-0.0187164344	-0.0065096056	0.0598938354	0.0220658617	-0.0393024737	-0.0484307127	-0.1018364116	-0.0815945881	0.0169997697	-0.045844236	-0.0567791335	-0.0641153852	0.0037250067	0.0234847194	-0.0226355738	-0.0186321457	0.0051834601	-0.0235539882	-0.0589025859	0.0603961638	0.0527115545	-0.0551222652	0.0422966024	-0.046890516	-0.046715428	0.0359079078	0.0463305182	0.0075842172	0.0316575582	-0.0437890789	0.005599975	-0.0454783059	-0.0172825259	0.0161400711	-0.0074361714	0.0314599705	-0.0469580363	-0.0210989324	0.0426207565	-0.0057197448	-0.0053583584	0.0841791023	-0.0683113119	-0.0317223098	-0.0596257941	0.0634795709	0.009312622	-0.0303717546	-0.0512619077	0.0801865616	-0.0200648613	0.0231615177	-0.0164307383	-0.0524450894	-0.034241793	-0.0628431896	-0.0099235027	0.03223657	-0.0736719121	0.0132837443	0.0042200645	0.0832063811	0.0076257055	0.0331261938	-0.0447622076	0.0482052456	-0.0149625073	-0.0628396043	0.0310089818	0.0153367559	0.0581744394	-0.057945592	-0.0313430495	0.041801647	0.009225182	0.0793068612	-0.0549548285	-0.0362799408	-0.0215698202	0.02397418	-0.0397594992	-0.0203586106	0.0310647312	0.0012673715	0.0458560045	0.0465176481	0.0953632718	-0.0622338787	0.0296126386	0.05563691	-0.0045867836	0.0843905817	0.0887692528	-0.0350609775	0.0078811182	-0.0089190518	0.003622183	0.060122106	-0.0026369152	0.0514122661	0.0607825146	0.0907532545	0.0086131878	-0.0931507598	0.024711206	0.0299875874	0.0601725922	0.0337453689	-0.0362823787	0.0245275409	0.0203870148	0.0159978356	0.0338593172	-0.0119071994	-0.0922758903	-0.0389288199	-0.0706296745	0.0486537684	-0.007562615	0.0459961009	-0.0535275926	-0.0464453122	0.023938365	0.0072144026	-0.0456221467	-0.0226480882	0.0513222041	0.0225732496	-0.0206219686	-0.0253711728	-0.0225613062	0.0587121251	-0.0235846996	0.0240598406	-0.0093836145	-0.0317575054	0.0661660891	0.046767154	-0.0089033637	-0.0972354425	0.0446652464	-0.047895306	-0.0119412091	-0.0301290848	0.0854931052	-0.0152977112	0.0027072279	-7.19553e-05	-0.0713452277	0.0180856755	-0.0110678635	-0.0580571865	-0.0181152459	-0.0706129964	-0.0129034884	0.0509186989	0.0529829115	0.012720407	0.0228799582	-0.0526424067	0.0438079993	0.0313836661	-0.0191020998	0.0624312314	0.0374412354	-0.0345915605	-0.0790599695	0.0281936036	0.0090015721	-0.013441218	0.0115932032	-0.1096845378	-0.0205092238	-0.0042746954	0.0505233476	-0.0042175516	0.0183209231	0.0138070001	-0.0005046733	-0.0283657123	-0.0245301001	0.0339900787	-0.0291696275	-0.0669975026	0.1260614477	-0.0533914784	0.0403253662	-0.0177113423	-0.0303311344	0.0455055274	0.2105613829	-0.0381557255	-0.0098968723	-0.1158500235	0.1083522034	-0.090000254	0.0832459286	0.0488867639	0.0486367079	0.048220895	0.0476407421	0.0468982266	0.045995879	0.0449367745	0.0437245227	0.0423632548	0.0408576104	0.0392127206	0.0374341914	0.035528084	0.0335008948	0.0313595323	0.0291112946	0.0267638437	0.02432518	0.0218036145	0.0192077409	0.0165464061	0.0138286801	0.0110638251	0.0082612638	0.0054305477	-0.0289038	-0.0447662	0.00200401266244	0.00083542965444	0.0089620199999999	0.0137479199999999	8.031780248039821e-05	0.0001890053043263	-0.0394456	-0.04504319	0.002028888965376	0.0015559553593599	-0.00151205	-4.805999999999994e-05	2.2862952025e-06	2.3097635999999942e-09	-0.000324432	0.000144208	1.05256122624e-07	2.0795947264e-08	0.000613418	-0.000573372	3.7628164272400004e-07	3.287554503840001e-07	0.0	0.0	0.0	0.0	0.0	0.0	0.0	0.0	0.0	1.0	0.0	0.0	0.0	0.0	0.0	0.0	0.0	0.0	0.0	0.0	0.0	0.0	0.0	0.0	0.0	0.0	0.0	0.0	0.0	0.0	0.0	0.0	0.0	0.0	0.0	0.0	0.0	0.0	0.0	0.0	0.0	0.0	0.0	0.0	0.0	0.0	0.0	0.0	0.0	0.0	0.0	0.0	0.0	0.0	0.0	0.0	0.0	0.0	0.0	0.0	0.0	0.0	0.0	0.0	0.0	0.0	0.0	0.0	0.0	0.0	0.0	0.0	0.0	0.0	0.0	0.0	0.0	0.0	0.0	0.0	0.0	0.0	0.0	0.0	0.0	0.0	0.0	0.0	0.0	0.0	0.0	0.0	0.0	0.0	0.0	0.0	0.0	0.0	0.0	0.0	0.0	0.0	0.0	0.0	0.0	0.0
52430.43292346146	-49.45261996459158	2748950296.541592	2445.5616213623216	63365.44573388672	-116.57625537108834	4015179713.054143	13590.023316345205	53170.864000921785	22.98850980718271	2827140778.6045203	528.4715831549356	53268.25850566425	51036.64323682909	1.232052	28.22492	0.10798504	0.056999	-0.0704515325	0.0566094095	-0.0363174295	-0.021941325	-0.0124710127	-0.0386270106	0.0202677651	-0.038667325	0.0097836674	-0.0338653945	0.0334469056	-0.0073143955	0.0273757552	-0.0112073045	-0.0210689697	-0.0035609934	-0.079224963	-0.0506764886	0.0014540319	0.0080717609	-0.0924185902	-0.0022874181	0.0103142396	-0.0176385044	-0.0072847076	0.0383057902	-0.0683378946	-0.0254087797	0.0174361728	-0.0120533663	0.0607200913	0.0106166929	-0.0328827752	-0.0103399612	0.0122098945	-0.0032669512	0.0609908966	-0.0304630519	-0.046881171	0.0051664347	0.0462196362	0.0166538136	-0.0210575858	0.0202407681	-0.0837014349	0.0199825952	0.0577161624	0.0185333389	-0.0182292183	0.0286939794	-0.0328705414	0.0007154449	-0.0619455431	-0.0194851649	0.0501558312	-0.0374693701	-0.0554146358	0.0486621816	0.0183227897	0.0588344685	0.0486128437	0.0476642521	-0.0133336886	-0.0003381039	-0.0828640426	-0.0445531394	-0.0223551483	-0.0274134954	0.0395847582	-0.0097168731	-0.0441212478	-0.0365699939	0.0424506055	0.0358448023	0.0381844272	0.0500758404	0.0227859326	-0.0221319602	-0.0376331594	-0.0441898248	-0.0055985267	-0.0077372851	0.0077631299	-0.034071246	-0.0536997575	0.0717412303	0.0216972711	-0.0548662232	0.0275061079	-0.031945269	-0.034615216	0.0509465895	-0.0113513518	0.0711275028	0.0030750131	0.0502121819	-0.0662967609	-0.0450196772	0.0750145317	-0.0055643395	0.0447528945	0.0017507301	-0.0082118279	0.0163997195	0.0290998648	-0.045727984	0.0616484927	0.0788089926	-0.0332967003	0.0114535194	-0.0449704132	-0.0100048567	-0.0507062274	0.0050638621	-0.0104544334	0.0920756521	0.0042196841	-0.0133665612	-0.0170415105	0.0009116803	-0.0374449982	0.0650598026	-0.0266717892	0.022947729	-0.010238849	0.0602863773	0.01844565	-0.0314012561	-0.0103804743	0.0136760968	-0.0019781592	-0.0587700015	-0.0286083428	-0.0445515638	-0.0077476677	-0.0515461754	-0.0227770166	0.0241499513	-0.0301856551	0.0833532253	-0.0247425467	-0.0478897545	-0.0255857579	0.0147769363	-0.0299510428	0.049053622	0.0236171669	0.0467751368	-0.0182431899	-0.0422160378	0.0016220544	0.0207609071	0.0695219089	0.03345431	-0.0426527233	-0.0066917822	0.0093642882	0.0560815608	0.04046599	-0.0971206444	0.0237831209	0.0128618155	0.0412606554	-0.0415445847	0.0130552048	0.042073779	0.030844698	0.0467134155	0.0484823115	0.0314302095	0.0343945345	0.0357375489	0.0164234237	-0.0032573527	-0.051527686	-0.0228374693	-0.0078059317	-0.0072144807	-0.0441369188	-0.0401785191	0.0676827875	-0.0016941867	0.0123315089	-0.0440052275	-0.0882319082	0.0118297626	0.0438102381	0.0742429034	0.0228960293	-0.0175582918	0.0068983515	-0.0735462044	0.0486700236	-0.0393817035	-0.0586787841	0.0045925829	0.0102891857	-0.0099244007	0.0072939996	0.019380388	0.0490306666	0.0790641358	-0.0454833758	0.0441297814	-0.0134530753	-0.019260429	0.0263504376	0.0634208977	-0.0084680605	0.0446956398	0.001617125	0.0096790333	0.0068954864	-0.0396361407	0.0032214298	-0.0121001848	0.011789118	-0.0394250007	0.0404325502	0.0608751693	0.0003800173	-0.0232461265	0.0078688137	0.0112057945	0.0817134507	0.0309748629	0.0455864681	0.0093640755	-0.0414120964	-0.0282710179	-0.0150308407	-0.0433797036	0.0488756528	0.0485923444	0.0481213794	0.0474645768	0.046624473	0.0456043123	0.0444080345	0.0430402594	0.0415062691	0.0398119877	0.0379639583	0.0359693177	0.0338357689	0.0315715513	0.029185409	0.026686557	0.0240846454	0.0213897225	0.0186121956	0.0157627911	0.0128525131	0.0098926005	0.0068944842	0.0038697424	0.0008300562	-0.0135858	0.015318	0.000234641124	0.00018457396164	0.00248658	-0.0064754399999999	6.183080096399999e-06	4.19313231935987e-05	-0.0257735	0.0136720999999999	0.0001869263184099	0.00066427330225	-0.00101323	0.00049882	1.0266350329e-06	2.488213924000001e-07	0.000627138	0.0009515699999999	3.933020710439999e-07	9.054854648999998e-07	0.000613418	0.0	3.7628164272400004e-07	0.0	0.0	0.0	0.0	0.0	0.0	0.0	0.0	0.0	0.0	0.0	0.0	0.0	0.0	0.0	0.0	0.0	0.0	0.0	0.0	0.0	0.0	0.0	0.0	0.0	0.0	0.0	0.0	0.0	0.0	0.0	0.0	0.0	0.0	0.0	0.0	0.0	0.0	0.0	0.0	0.0	0.0	0.0	0.0	0.0	0.0	0.0	0.0	0.0	0.0	0.0	0.0	0.0	0.0	0.0	0.0	0.0	0.0	0.0	0.0	0.0	0.0	0.0	0.0	0.0	0.0	0.0	0.0	0.0	0.0	0.0	0.0	0.0	0.0	0.0	0.0	0.0	0.0	0.0	0.0	0.0	0.0	0.0	0.0	0.0	0.0	0.0	0.0	0.0	0.0	0.0	0.0	0.0	0.0	0.0	0.0	0.0	0.0	0.0	0.0	0.0	0.0	0.0	0.0	0.0	0.0	0.0
52411.267411216606	-19.165512244857386	2746940951.650056	367.3168596077783	63076.59947509765	-288.8462587890681	3978657401.3418894	83432.1612164413	53173.851190386245	2.9871894644602435	2827458450.4173408	8.923300896582276	53272.83172462238	51127.51949621424	1.076208	24.654718	0.060693485	0.03574	-0.0788402596	0.0606583763	-0.0238538729	-0.0008885446	-0.0056699352	-0.0061886046	0.0182867825	0.0369193976	-0.0092968568	-0.0160606816	0.0939695137	0.0071217109	0.0006505667	0.0115480335	-0.0172286325	-0.0185110128	0.0219183438	-0.0522341434	0.0331984618	0.027960972	-0.0203578841	-0.0563404743	0.0092828653	-0.0017797634	0.0402005289	-0.0264867584	-0.0670577496	0.0104528972	-0.0080949058	-0.0247219236	-0.0215137658	-0.0129456895	0.0170173156	0.0726006096	0.0957476503	0.0768234969	-0.0618373661	0.0155654031	0.0059909315	0.0201861371	-0.0345906092	-0.0359421871	0.0009275393	-0.0313140722	-0.0002656613	0.0711281514	-0.0518935598	0.0185546059	0.0302317931	0.0085027841	0.0495470002	-0.0060097709	0.015424095	-0.0181081428	-0.0500237617	0.0182614241	-0.048889953	0.0167099061	0.0278499569	0.0179138859	0.016548802	0.0095454191	0.0076762418	-0.0126755829	0.065654396	-0.0308508258	-0.0078443806	0.004200045	0.0214065414	-0.0050009453	-0.0136657237	-0.0104600043	0.0488149965	0.0066292242	0.0048573293	0.0512461592	0.0303291548	-0.0455414226	0.0013969361	0.064824318	-0.0134120847	-0.0428800541	0.028289629	-0.0722907388	-0.0276069513	-0.0241775254	0.002989331	-0.0180914902	-0.0637805286	-0.0162775174	-0.0519359585	-0.0129667729	-0.0057043521	0.0038640817	-0.022139376	0.0500581039	0.0427120928	-0.0063568732	-0.0237131567	0.0128581066	0.0083207419	0.0426622657	-0.0465381177	-0.0271812849	0.0371710255	-0.0340180056	-0.0688738082	0.0265014696	-0.0335242344	-0.0039972263	-0.035441598	-0.0076442165	-0.0540783513	-0.0304422451	-0.0274531314	0.0191753559	0.0556238249	-0.0057056877	0.0112217319	-0.0338700294	0.0250617571	0.06488464	0.019363164	7.72676e-05	-0.0313180415	-0.0116393998	-0.0145064624	0.0104891678	0.0780559914	0.0884949157	0.0766152277	0.0663820712	0.0176959976	0.0033753133	-0.0165762773	0.0390476386	0.0358852805	-0.017447011	-0.0008697667	-0.0122711268	-0.0752896733	0.0514840042	0.0120753984	-0.0125977977	-0.0182702971	-0.0565193971	-0.0024540968	-0.0306550267	-0.032434389	0.0257758813	0.000561948	-0.019328374	0.0542875158	0.0281914922	-0.0360407111	-0.0037646606	-0.0157102226	0.0009108793	0.007824684	0.0611253147	0.034781599	0.0067178066	0.0054335422	-0.0180739618	0.004070861	0.0085740096	-0.0006401849	0.0399171836	0.0297618479	-0.0015524866	0.0403949884	0.0272634473	0.0694756946	-0.0168973978	0.0299959847	-0.0414382891	0.0039496741	0.0466458171	-0.0471031419	0.013995653	-0.0219543617	-0.0326979061	-0.0058442337	-0.0880877647	0.0044451827	-0.045517121	-0.0244453596	0.0061874641	0.013368032	0.0200726109	0.0723806323	0.0043219641	-0.0032078791	-0.0012092243	-0.0081245589	-0.0180067578	-0.0531088422	0.0095541931	0.0378765175	-0.0058460035	0.0414806454	-0.0475846135	-0.0747170016	0.0123422206	0.0300576922	-0.0047673109	0.0222450473	-0.0300265449	-0.0020367279	0.0340153917	-0.0048693682	0.0156328127	0.0126079086	-0.0403142513	-0.0335505775	0.0040897825	-0.0250230278	0.0035256234	-0.013780992	0.0498688248	0.0096134325	-0.0007295081	0.0019026174	-0.046533726	0.0463883309	0.0417563749	0.057154575	-0.0011031876	-0.0429783805	-0.0161633664	-0.0348222499	0.0351241888	0.0488638482	0.0485452228	0.0480157186	0.0472776357	0.0463341804	0.0451894509	0.0438484199	0.0423169129	0.0406015827	0.0387098805	0.0366500239	0.0344309608	0.0320623308	0.0295544231	0.026918132	0.0241649094	0.0213067153	0.0183559655	0.015325478	0.0122284171	0.0090782364	0.0058886202	0.0026734239	-0.0005533855	-0.0037777911	-0.0113267	0.0022591	5.10353281e-06	0.00012829413289	0.0153249	0.01283832	0.00023485256001	0.0001648224604224	-0.0184049	0.0073686	5.4296265960000046e-05	0.0003387403440099	-0.00093956	7.366999999999996e-05	8.827729935999999e-07	5.427268899999994e-09	-1.06213e-05	-0.0006377593	1.1281201369e-10	4.0673692473649e-07	0.000560298	-5.3120000000000034e-05	3.13933848804e-07	2.8217344000000034e-09	0.0	0.0	0.0	0.0	0.0	0.0	0.0	0.0	0.0	0.0	0.0	0.0	0.0	0.0	0.0	0.0	0.0	0.0	0.0	0.0	0.0	0.0	0.0	0.0	0.0	0.0	0.0	0.0	0.0	0.0	0.0	0.0	0.0	0.0	0.0	0.0	0.0	0.0	0.0	0.0	0.0	0.0	0.0	0.0	0.0	0.0	0.0	0.0	0.0	0.0	0.0	0.0	0.0	0.0	0.0	0.0	0.0	0.0	0.0	0.0	0.0	0.0	0.0	0.0	0.0	0.0	0.0	0.0	0.0	0.0	0.0	0.0	0.0	0.0	0.0	0.0	0.0	0.0	0.0	0.0	0.0	0.0	0.0	0.0	0.0	0.0	0.0	0.0	0.0	0.0	0.0	0.0	0.0	0.0	0.0	0.0	0.0	0.0	0.0	0.0	0.0	0.0	0.0	0.0	0.0	0.0
52420.04965130276	8.78224008615507	2747861605.445047	77.12774093086902	63479.6691328125	403.0696577148483	4029668393.211349	162465.14897036497	53082.42908777351	-91.4221026127343	2817744277.858504	8358.000846133322	53179.17981479692	52040.26715072037	1.220527	27.960894	0.0782308649999999	0.0399348	-0.0814178545	0.0523877051	-0.0116829363	0.0209172308	-0.0090701671	-0.0087984229	0.0246640513	0.0122157012	-0.0204861918	0.0555333449	0.0608529856	0.0078250166	-0.008592566	-0.006620989	0.0360876238	0.0021818284	0.0012857986	-0.0112927896	0.00985219	-0.057304678	0.0510551122	-0.016966902	0.002306761	-0.0476191776	-0.0215371606	-0.0026665335	-0.0155137475	-0.0854871141	0.018975538	0.0036741525	0.0175777003	-0.0131119184	0.0363482701	0.0421942552	-0.0093723135	0.0110968151	0.028499224	0.0055965597	-0.026074526	-0.0341838659	-0.0143758923	-0.0231000757	0.0203171137	-0.0548980105	-0.0033369405	0.0329751627	-0.0415452804	-0.0050745147	0.0206058896	-0.0350948497	-0.0849894829	-0.0446477376	-0.0307587569	-0.0370949226	0.0519352598	-0.0525346558	-0.0383611629	0.0057496691	0.010407639	0.0034645011	0.0793156714	0.0524614706	-0.0118401408	0.0326395686	0.0163015794	-0.0225933451	0.0077414188	-0.0130789955	0.0328677793	0.048731458	-0.017060613	0.0159443493	0.024682239	0.0158598857	-0.0512965053	-0.0023754485	-0.0173225761	0.031141942	-0.0305756509	-0.0531599613	0.0546819733	0.0576362103	-0.0128684058	0.0139990066	-0.0351312721	0.0621469526	-0.0265385989	-0.0052364207	0.0132204991	-0.0068905834	-0.010775565	0.0307371121	-0.0001770381	0.0285829232	-0.024343448	-0.0124771053	0.0087268827	-0.0199898653	-0.0613060328	0.0302045074	-0.0434522942	0.0006596293	-0.0130647272	-0.0067017842	-0.0162928105	-0.0302824646	-0.0565059438	-0.0161788069	0.0210157155	-0.0497374416	-0.0619087784	-0.0440331761	-0.0122239997	-0.0130220463	0.0565795149	-0.0506138782	0.0155041309	-0.010257194	-0.0575692927	0.0041833517	0.0043892151	0.0139788557	-0.0838957386	0.0061900149	0.0004897422	0.0163376019	-0.0081026416	0.0364876169	0.0378102104	-0.010195962	0.017157627	-0.0250771524	0.0039663697	-0.0341351821	0.023846652	0.01347872	0.0185972944	-0.0310329775	0.0244407567	-0.0096493496	-0.0540202391	0.0276029152	0.0234095527	-0.0165720455	0.0423690582	0.1024338427	0.0186587962	-0.0100851756	-0.0187182137	-0.0698594292	0.0208214316	0.0326976985	0.0587031942	0.0135008382	-0.0302428621	-0.0760801146	-0.0345563933	0.0415070652	0.0066871786	-0.0055418405	0.0181298247	-0.0155021501	0.0118711462	-0.0280686358	0.0522538318	-0.0080489892	-0.0177530596	0.0219443334	0.0229212826	-0.0546065295	0.0053323896	-0.0040756658	-0.0581276375	-0.0144746514	-0.0491591014	0.0651342055	-0.015882901	-0.0190933322	-0.0084091556	-0.0458541504	0.0592340175	-0.0130236054	0.0127399963	0.0131815353	-0.0211810343	-0.0083942191	0.0189421239	0.0264572298	-0.0007885397	0.0235461027	-0.0189597312	0.0164943863	-0.0219426925	-0.0084867822	0.065892586	-0.0244479532	-0.0126635685	0.007181947	-0.0010572193	-0.0407469362	0.0362183486	-0.0689487774	0.0029329357	-0.0118399933	0.0408108229	-0.0583048674	0.0384769242	0.0773492226	-0.0011347903	0.0144030177	-0.0045147938	0.0064252442	0.0057584278	-0.0161773637	-0.0193818133	-0.0148195924	-0.0191664504	-0.0205588065	-0.0185311905	-0.0020187278	0.0380459954	0.0326112228	0.0385912448	-0.0089503694	0.0520448935	0.0717157136	0.0066429732	-0.0293480966	-0.0153931649	-0.0695164252	0.0160579672	-0.0654545827	0.0488513503	0.0484953459	0.047903926	0.0470799613	0.0460274517	0.0447515066	0.0432583199	0.0415551402	0.0396502352	0.0375528523	0.0352731729	0.0328222635	0.0302120217	0.0274551188	0.0245649379	0.021555509	0.018441441	0.015237851	0.0119602904	0.0086246698	0.0052471816	0.0018442215	-0.0015676912	-0.0049719936	-0.0083521601	-0.0193924	-0.0080657	6.505551649e-05	0.00037606517776	0.00537426	-0.00995064	2.8882670547599995e-05	9.90152364096e-05	-0.00645694	0.0119479599999999	0.0001427537481615	4.1692074163600005e-05	-0.00142754	-0.0004879799999999	2.0378704516e-06	2.3812448039999997e-07	0.00041361	0.0004242313	1.7107323210000006e-07	1.7997219589969e-07	0.000613418	5.3120000000000034e-05	3.7628164272400004e-07	2.8217344000000034e-09	0.0	0.0	0.0	0.0	0.0	0.0	0.0	0.0	0.0	0.0	0.0	0.0	0.0	0.0	0.0	0.0	0.0	0.0	0.0	0.0	0.0	0.0	0.0	0.0	0.0	0.0	0.0	0.0	0.0	0.0	0.0	0.0	0.0	0.0	0.0	0.0	0.0	0.0	0.0	0.0	0.0	0.0	0.0	0.0	0.0	0.0	0.0	0.0	0.0	0.0	0.0	0.0	0.0	0.0	0.0	0.0	0.0	0.0	0.0	0.0	0.0	0.0	0.0	0.0	0.0	0.0	0.0	0.0	0.0	0.0	0.0	0.0	0.0	0.0	0.0	0.0	0.0	0.0	0.0	0.0	0.0	0.0	0.0	0.0	0.0	0.0	0.0	0.0	0.0	0.0	0.0	0.0	0.0	0.0	0.0	0.0	0.0	0.0	0.0	0.0	0.0	0.0	0.0	0.0	0.0	0.0
52468.06279104344	48.01313974068034	2752897613.044877	2305.2615877580984	63573.93071972656	94.26158691405726	4041644667.156592	8885.246767556371	53114.223619590186	31.794531816674866	2821120750.711832	1010.89225344155	53205.57551587773	50536.64291405616	1.252474	28.69276	0.20319061	0.0993237	-0.0864457263	0.0678630225	-0.024464237	0.0092477788	-0.0114347582	-0.0145444249	0.0070312959	-0.0331052635	0.0043347866	0.0524713918	0.0097446908	0.0040552519	0.0299636537	-0.0036767254	0.003932921	-0.0136291759	0.0136037386	0.0014872168	-0.0315138219	-0.0553082363	0.0146493532	0.0445450719	0.011195921	-0.0009104845	-0.0310183482	-0.0057604203	0.0056868018	-0.0151940014	0.0230911379	-0.0029034005	-0.005914667	0.0128503165	0.04989987	-0.064560121	0.0187739136	0.0570672703	-0.0737415633	-0.0024544844	-0.0429260774	-0.0076836359	0.0496395822	-0.0189492609	-0.0383951563	0.0132702336	0.0267435638	-0.0257155031	-0.0496709051	0.0182723148	0.0351495064	-0.0181461961	0.0356775023	-0.0299109383	0.0043747281	0.0297950836	-0.0093348054	0.0560132309	0.0649661548	-0.0659131648	0.0760126221	0.0742858427	-0.0677516611	0.0478867317	-0.0227178172	-0.0288383649	0.0552745827	0.0065779677	-0.0726700303	0.0281337822	0.0475713122	-0.0263258729	-0.0007157114	-0.0125662752	-0.0073040301	0.0137966164	0.0456940006	-0.006287242	-0.0148781261	0.0730002693	-0.0535670479	0.0714623177	-0.0190510699	-0.021700824	0.0451292678	0.0561214668	-0.0466568992	-0.0495502528	0.0130376632	0.0185057677	0.0264763462	-0.0215919326	0.0086673017	0.0493467825	0.0611467329	0.0034200107	-0.0081283372	-0.0433252635	-0.0086968509	0.0572974562	0.0235940093	0.0151148976	-0.0013269458	0.0187317749	0.0405940577	-0.0189056241	0.0213982396	0.012868774	0.0129127952	0.0310892241	-0.0361933766	0.0360623545	-0.0197890271	-0.0141565397	0.0033828141	0.0303704804	0.0552473456	-0.0127386596	-0.0448079491	-0.0144762281	-0.0131587614	0.0221510905	0.0070634701	-0.0068519464	-0.0225938269	0.0210175115	-0.0019780706	-0.0152729079	0.0125688717	0.0428462333	-0.0669338552	0.0245593765	0.0519595856	0.0746794895	0.0015201022	-0.0383557631	0.0110961702	-0.0512836481	0.0242627304	0.002002585	-0.0357711059	-0.0233954074	0.0326462486	0.0547018435	-0.0015546714	-0.0244224032	0.0056363578	-0.0282630531	0.0167118942	-0.0549997033	0.0037482177	0.0435896286	-0.0638489066	0.0361064702	-0.0908905276	0.041955111	-0.0661067418	0.0813512925	-0.0198940503	0.0377108722	0.0158747015	0.0739303519	-0.0049074728	0.0763610377	-0.0032276128	-0.0154652462	0.0046396049	0.0193346345	0.0231059061	0.0107325075	0.0245066494	0.0485341885	0.0096135068	-0.0135829275	-0.0616843012	-0.0781474318	0.0440057751	-0.0575306273	0.0114636885	0.049196134	0.0450934803	-0.0565204968	-0.0516105926	-0.0022188581	-0.021709182	0.0209062878	-0.0073587752	0.0334124817	0.0142990169	0.0419174847	-0.0600640743	0.0081213489	-0.0345067505	0.0186261781	-0.0399355676	0.0407838586	-0.0211372951	-0.0171602187	-0.0120068146	0.0106170311	-0.0255380947	0.0268916995	-0.0133010595	0.0364198765	-0.0562352909	-0.003733146	-0.0331597595	0.0032169329	0.019654064	0.0114071201	-0.0068736443	0.063006266	0.0183476033	0.0266472043	0.0130430191	-0.0233655213	-0.0449793504	-0.0055855413	0.0224180901	0.0020176817	-0.0345594992	0.0705577229	-0.0304079853	0.0145769538	-0.0730513164	0.0344573844	0.0007252241	0.0215389215	0.1094763812	0.0378499768	-0.0671171732	-0.0157209234	-0.0668535624	0.0168430018	0.0488381591	0.0484427166	0.0477860158	0.0468715983	0.0457043959	0.0442907033	0.0426381448	0.0407556328	0.0386533201	0.0363425447	0.0338357689	0.0311465121	0.0282892778	0.0252794756	0.0221333376	0.0188678315	0.0155005685	0.0120497088	0.0085338634	0.0049719936	0.0013833093	-0.0022128355	-0.0057970462	-0.0093499925	-0.0128525131	-0.00170309	0.01768931	0.0003129116882761	2.9005155481e-06	0.0242295	0.01885524	0.00058706867025	0.0003555200754576	-0.038093	-0.03163606	0.0010008402923236	0.001451076649	-0.000207575	0.001219965	4.3087380625e-08	1.4883146012249998e-06	-0.000596441	-0.001010051	3.55741866481e-07	1.020203022601e-06	0.000143234	-0.000470184	2.0515978756e-08	2.2107299385600002e-07	0.0	0.0	0.0	0.0	0.0	0.0	0.0	0.0	0.0	0.0	0.0	0.0	0.0	0.0	0.0	0.0	0.0	0.0	0.0	0.0	0.0	0.0	0.0	0.0	0.0	0.0	0.0	0.0	0.0	0.0	0.0	0.0	0.0	0.0	0.0	0.0	0.0	0.0	0.0	0.0	0.0	0.0	0.0	0.0	0.0	0.0	0.0	0.0	0.0	0.0	0.0	0.0	0.0	0.0	0.0	0.0	0.0	0.0	0.0	0.0	0.0	0.0	0.0	0.0	0.0	0.0	0.0	0.0	0.0	0.0	0.0	0.0	0.0	0.0	0.0	0.0	0.0	0.0	0.0	0.0	0.0	0.0	0.0	0.0	0.0	0.0	0.0	0.0	0.0	0.0	0.0	0.0	0.0	0.0	0.0	0.0	0.0	0.0	0.0	0.0	0.0	0.0	0.0	0.0	0.0	0.0
52489.63833129079	21.57554024735145	2755162132.149712	465.50393696508246	63226.976888671874	-346.953831054685	3997650606.480647	120376.9608835229	53150.0256324045	35.80201281431073	2824925224.725255	1281.7841215560695	53250.01005738582	50868.6194729099	0.843589	19.32568	0.10764048	0.0567294	-0.0934163092	0.0741469507	-0.0320239992	0.0156753156	-0.0113739973	-0.0273366502	0.0182379348	-0.0353027405	0.0050724539	0.0086657124	0.0149048965	0.0073969766	0.0474183634	0.0017736061	0.0157205364	-0.0063782416	-0.0442063869	-0.0050491889	-0.0327298415	-0.0464657743	-0.0424463986	0.0591844347	-0.0325178185	-0.0058864463	-0.0457665799	-0.03227846	-0.0234426834	-0.0394009018	0.0216309876	0.034861159	-0.0234576926	0.0060186663	0.0066962439	0.001238018	0.0189733809	0.021694781	-0.0021249621	-0.0034021717	-0.1538582442	-0.0342073939	-0.0477774395	-0.0464762144	0.0317955642	0.0259156396	-0.0131151461	-0.0322671128	0.0171260656	-0.02238619	-0.0750933094	-0.0158852288	-0.0384716919	-0.011257561	-0.0289194833	-0.0240098669	-0.0293976228	0.0233111757	-0.0480034525	-0.0626795969	-0.0375290041	-0.0554013203	-0.00311667	0.0032029536	-0.0265318995	0.0110199374	-0.0266078273	-0.032464667	-0.0877159046	-0.0015676228	0.0119826714	0.0191435922	0.0530190508	0.0584922352	0.0156032256	0.0687132078	-0.0278540115	0.0282255075	0.018768491	-0.0502583842	-0.0404885732	0.0328137678	0.0255121148	-0.0113457392	0.0231640283	0.0831215424	0.0026233047	-0.0675886012	0.0085914253	-0.0445817455	0.0191076904	-0.0173819657	-0.0403211631	-0.0246972574	0.0476843754	-0.012251661	-0.0070436767	0.0124702203	0.0106462822	0.0317467572	0.0301672578	-0.01975382	0.0576940464	-0.0354818909	0.0206972224	-0.025364353	-0.0286522865	0.0350524624	-0.0011319825	0.0547521678	0.0688357187	-0.0926555033	0.0022979682	0.0309232394	-0.0034154234	0.0338542278	0.043129135	0.0452310803	-0.0571275744	0.0235820906	-0.0304398038	0.0377668096	0.032864575	0.0229825538	-0.0466637238	0.0190621207	0.0276630625	-0.030401717	2.475e-05	-0.0062928234	0.0021901608	0.0197246161	0.0258649363	0.0021876822	0.000588262	-0.1521443653	0.0312910738	0.0321952627	0.04367268	-0.0094529927	0.0259781995	0.0193830685	0.046611765	-0.0271218404	-0.0112822869	0.0813856537	0.0207689867	0.0290884982	-0.0139324113	-0.0019158236	-0.0340283688	0.0375418578	-0.0523568001	-0.0048031216	0.0233006936	-0.052513599	0.0499979854	-0.0422045221	-0.008059447	0.0256201911	-0.0190714492	-0.0242325099	0.0198568026	0.0871305796	0.0205579901	-0.0027769944	-0.0060077403	-0.0622987941	-0.0476113921	-0.0327337376	0.0817218312	-0.0323154982	0.0121460145	0.0155782694	0.0490689959	-0.0538739775	-0.0287974683	-0.0106093604	-0.0109243234	0.0340865668	0.081118859	-0.0225506754	-0.0675799286	0.0038315727	0.0199527761	-0.0044405371	-0.0252055694	0.0184966291	-0.0596412396	0.0233701634	-0.0312823021	0.0072249548	0.0260986405	-0.0074579456	-0.0165375335	0.0028224421	-0.0677512691	0.0206266446	0.0274025508	0.0168580126	-0.0299064008	-0.0187325348	-0.0539229267	-0.0261115753	0.0523334605	0.0966906282	0.0255286375	0.0072255619	0.0144816567	0.0155506279	-0.0021071559	0.0533314721	0.0110752397	0.0290279814	0.0067320599	-0.0341690297	-0.034955878	-0.0112371526	0.0355314055	-0.0328983578	-0.0096290286	0.0611232516	-0.024847086	0.000794121	-0.0424219806	0.0414815122	0.0403291903	0.0385678063	0.058132944	0.0400970233	-0.0671285859	-0.0365890421	-0.0666735521	0.0093182463	0.048824275	0.0483873377	0.0476620031	0.0466525943	0.0453651274	0.0438072762	0.0419883256	0.0399191169	0.037611983	0.0350806749	0.0323402795	0.0294071302	0.026298709	0.0230335427	0.0196310923	0.016111637	0.0124961534	0.0088061905	0.005063741	0.0012911108	-0.0024892147	-0.0062547041	-0.0099829142	-0.0136516244	-0.0172389684	-0.0167363	-0.0150332099999999	0.000225997402904	0.00028010373769	0.00584028	-0.01838922	3.41088704784e-05	0.0003381634122084	-0.0164151	0.0216779	0.00046993134841	0.0002694555080099	-0.000420997	-0.000213422	1.77238474009e-07	4.5548950084e-08	0.00024094	0.000837381	5.80520836e-08	7.01206939161e-07	0.000143234	0.0	2.0515978756e-08	0.0	0.0	0.0	0.0	0.0	0.0	0.0	0.0	0.0	0.0	0.0	0.0	0.0	0.0	0.0	0.0	0.0	0.0	0.0	0.0	0.0	0.0	0.0	0.0	0.0	0.0	0.0	0.0	0.0	0.0	0.0	0.0	0.0	0.0	0.0	0.0	0.0	0.0	0.0	0.0	0.0	0.0	0.0	0.0	0.0	0.0	0.0	0.0	0.0	0.0	0.0	0.0	0.0	0.0	0.0	0.0	0.0	0.0	0.0	0.0	0.0	0.0	0.0	0.0	0.0	0.0	0.0	0.0	0.0	0.0	0.0	0.0	0.0	0.0	0.0	0.0	0.0	0.0	0.0	0.0	0.0	0.0	0.0	0.0	0.0	0.0	0.0	0.0	0.0	0.0	0.0	0.0	0.0	0.0	0.0	0.0	0.0	0.0	0.0	0.0	0.0	0.0	0.0	0.0	0.0	0.0	0.0
52426.34733929388	-63.290991996909725	2748521895.3402867	4005.749667952891	63044.48271386719	-182.494174804684	3974606800.659099	33304.12383764256	53129.12891286116	-20.89671954333608	2822704339.03942	436.6728876728439	53227.34425082511	48474.755880459874	1.443418	33.067085	0.1674732099999999	0.0942786	-0.0795853054	0.0751433667	-0.0278133663	-0.0745689809	0.0044917281	-0.0385520658	0.0136770038	-0.032872076	0.0080073759	-0.0179901665	0.0302066975	0.0027757049	0.0278943006	0.0017340476	-0.0146758969	-0.0015091612	-0.0136373287	0.0074776654	-0.0265850748	0.0203127365	-0.0546625655	0.0141089413	-0.0281472977	0.0032519184	-0.014664602	0.0499342333	0.0037616491	-0.0271641151	-0.0019584188	-0.0088732104	0.0214320196	-0.0541075916	0.0191228638	-0.008033457	-0.0938483449	0.0352944996	0.0442121781	-0.0334434429	-0.051260252	-0.0387113726	0.0802262086	-0.0846369625	-0.0750601872	0.0462647097	0.024467851	0.0630341142	-0.0468124318	-0.0672567812	0.0167216723	-0.0024601787	0.0764378573	0.0172668529	-0.043127512	0.0048117907	-0.0256976927	0.0021778396	0.003885745	0.0120403861	-0.0260951611	0.0568597961	0.0002493704	-0.051921879	0.0389706817	0.0254072846	-0.02056376	-0.055782465	-0.001500209	-0.0437793163	0.0109186293	0.0104040221	-0.0654598552	-0.0119960721	-0.0270193825	0.0112736664	0.0747139115	0.0239168419	0.0046689121	0.016111872	-0.0474645254	0.0156428107	0.0494603526	-0.0377426266	-0.0074902504	-0.0165693391	0.0645583327	-0.040399948	-0.0271230013	0.0029019706	-0.0478284334	0.0337900498	0.0345972552	0.0512722893	-0.0296894464	-0.035953504	0.0540978829	-0.008177543	0.0372788039	-0.0124797245	0.008931002	0.0226856112	0.0316554515	-0.0252495231	0.0245146657	0.0109666207	-0.0147145765	-0.0215753187	-0.0415473581	0.0273171396	-0.0810923074	0.0563764091	0.0662715945	0.016527785	0.0077415839	0.0285355668	-0.0208745292	0.0524674411	-0.0112394999	0.0246888152	-0.0051126581	0.016098729	-0.045973995	-0.0043313154	-0.0315820858	-0.0073153274	-8.51013e-05	0.0343761669	-0.0503461598	0.0172603472	-0.0171091079	-0.0901807051	0.0399742402	-0.0428503953	-0.0357350835	-0.062661486	0.0381929338	-0.0762733959	0.0743702298	0.0489305394	-0.079535867	-0.0493211247	-0.0456354962	0.0097527533	0.08876005	0.0083867533	0.0046442768	-0.0643527003	0.0409133903	0.0269353886	-0.0215019044	0.0339609351	-0.0023235495	-0.0125110231	0.0039759725	-0.0179180209	-0.0442088938	0.028176555	0.0238796868	-0.0426615373	-0.0291627828	-0.0409765158	0.0470509338	-0.0147169807	0.0542986061	-0.0350866941	0.0288886199	0.0629252781	-0.0005464501	-0.0086393783	0.0020315311	0.0709148477	0.0263792785	0.0049848192	-0.005477928	-0.0417967445	-0.0254083162	-0.012928845	-0.0569866961	-0.0091542477	0.0116189178	0.0819064899	-0.0366686873	-0.037806794	0.0191139183	-0.0091292973	0.0444660738	-0.0099309769	0.0718059711	-0.0479757033	-0.0149693813	-0.0598843309	0.026743168	0.0420395882	0.0105569295	-0.0050998823	-0.0230987398	-0.0229902474	0.0318112121	-0.0076527852	-0.0277352094	-0.0160083068	0.0154450789	0.0067053203	-0.078675337	-0.0205228319	-0.0298797314	0.0844426132	-0.0635565507	-0.0065906071	-0.0002361864	0.0734820001	0.024358145	0.0375356638	0.012174416	-0.0481493267	-0.0552049067	0.0180468036	0.0445594141	-0.008910854	0.0148173654	0.0744049234	-0.0985175636	-0.0028543518	-0.1297519139	0.037058036	-0.0289978986	-0.0438038082	0.072958176	0.0482789822	-0.0724457859	0.0014406596	-0.0512423992	-0.0147251579	0.0488096981	0.0483292125	0.0475319038	0.0464229987	0.0450097667	0.0433014723	0.0413093142	0.0390463521	0.0365274207	0.0337690332	0.030789272	0.0276076712	0.0242450877	0.020723565	0.0170661886	0.0132969345	0.009440512	0.005522202	0.0015676912	-0.0023970967	-0.0063461704	-0.0102536416	-0.0140938949	-0.0178417553	-0.0214726538	-0.0173221	-0.0005858	3.431616400000011e-07	0.00030005514841	0.0276087	0.02176842	0.00076224031569	0.0004738641092964	-0.0579201	-0.041505	0.001722665025	0.00335473798401	0.0008832259999999	0.0013042229999999	7.800881670758233e-07	1.7009976337287392e-06	0.0008406639999999	0.0005997239999999	7.067159608958319e-07	3.596688761758801e-07	-2.50988e-05	-0.0001683328	6.2994976144e-10	2.8335931555840005e-08	0.0	0.0	0.0	0.0	0.0	0.0	0.0	0.0	0.0	0.0	0.0	0.0	0.0	0.0	0.0	0.0	0.0	0.0	0.0	0.0	0.0	0.0	0.0	0.0	0.0	0.0	0.0	0.0	0.0	0.0	0.0	0.0	0.0	0.0	0.0	0.0	0.0	0.0	0.0	0.0	0.0	0.0	0.0	0.0	0.0	0.0	0.0	0.0	0.0	0.0	0.0	0.0	0.0	0.0	0.0	0.0	0.0	0.0	0.0	0.0	0.0	0.0	0.0	0.0	0.0	0.0	0.0	0.0	0.0	0.0	0.0	0.0	0.0	0.0	0.0	0.0	0.0	0.0	0.0	0.0	0.0	0.0	0.0	0.0	0.0	0.0	0.0	0.0	0.0	0.0	0.0	0.0	0.0	0.0	0.0	0.0	0.0	0.0	0.0	0.0	0.0	0.0	0.0	0.0	0.0	0.0
52440.26703085974	13.91969156585401	2749981606.2678747	193.75781328850724	63295.55894677735	251.07623291016355	4006327782.384967	63039.27473235868	53145.88945104721	16.760538186048507	2824485565.542931	280.9156402859901	53237.15198787613	50691.91664484197	1.399244	32.055099	0.187527	0.0998239	-0.1065608355	0.0821606709	-0.0335316724	0.0325147975	-0.0181111842	-0.0295223885	0.0207458578	-0.0251254787	-0.0040839439	-0.0183121514	0.0411848773	0.0137453502	0.0188142982	0.0131440114	0.0119131855	-3.07656e-05	-0.0166583378	0.0133931609	-0.0258311145	0.0465673595	-0.0389284865	-0.0247451526	-0.0274143995	0.0174915836	0.0123589858	0.0354497902	0.0052626385	-0.0299152093	0.0074748285	0.0520085672	0.0183712981	-0.0462308008	-0.0222962537	0.0238012257	0.009052129	0.0628368926	0.0860574956	-0.0212406052	-0.0252950199	-0.027125552	0.0382975007	-0.0607579134	-0.0797005911	-0.0083532875	0.0462839788	0.0842051518	-0.0029165048	0.030115563	-0.0300506943	-0.0164425829	0.0131760804	0.0126237721	-0.0205931194	0.0379074134	0.0062701241	-0.0029944206	-0.0301657691	-0.0206369254	-0.0542554346	0.0209978254	0.0071649678	-0.0443374275	0.0031547473	0.0245898041	0.0525064004	0.0028144788	-0.0352889417	-0.0512475	0.0015891131	-0.0041493705	0.0054309679	0.028567755	0.0173251693	0.0215455842	-0.0246796611	-0.0279793917	0.0850294066	-0.0803893529	0.0299802911	0.0180460259	0.0512159308	0.0305274715	0.0160723514	0.0041916456	0.0044911365	0.0250175452	-0.028144612	-0.0606049181	0.0063126445	0.0354664316	0.0132862457	-0.0388464388	-0.0095403344	0.0006434044	0.0067726493	-0.0383665244	-0.0095882479	-0.0140002807	0.0061848125	-0.0009425708	-0.0302056492	0.0024423499	0.0102148622	-0.0206125295	-0.0072503465	0.0424403758	0.0072254583	0.007518989	0.0028966899	-0.0005448466	-0.04431428	-0.0157916143	0.0145058721	0.0256314191	-0.0447623348	0.0355222065	0.0259458553	0.0302447639	0.0247034293	-0.0049732162	-0.0345745606	-0.0041407746	-0.0327785548	-0.0009059433	0.0516462445	0.0239721087	-0.0456736946	-0.0298762561	0.0230160574	0.0105929343	0.066835279	-0.0829318903	-0.0201716815	-0.0267270818	0.0222367864	-0.0379689809	0.0412714372	-0.0017616851	-0.0804086024	-0.0687548181	-0.0900010821	0.0018195301	-0.0264742321	0.0321027103	0.013834018	-0.0135412786	0.0101589079	0.0259005165	0.0329195183	0.01084912	-0.0227748915	-0.0028157944	0.0276838385	-0.0542594402	-0.0193504624	-0.0106305968	0.017056738	-0.0150501833	-0.057513515	0.0379933179	0.0003606729	0.0136418532	0.0605968932	-0.0140829416	-0.0232251087	-0.0091712438	-0.0240353612	0.0005190662	0.0208851852	-0.0228470473	-0.0536139713	0.0625503306	0.0823213637	-0.0113172781	0.0001702636	0.0605007596	-0.0126735967	0.0334774	0.0017003971	-0.004385993	0.0227328379	-0.0036535225	0.0772545339	0.016167524	-0.0127425336	-0.0033432475	-0.019087785	-0.0195279913	0.0258439762	-0.0055685343	-0.0389143267	0.0172386455	0.0145110599	-0.0123618575	0.0178537834	-0.0024940402	-0.0033411127	0.0133492334	0.0009773509	0.0032953026	-0.05048923	0.01804146	-0.0223372149	0.0054736465	-0.0117354808	-0.0295866122	0.0204199506	0.0595472287	0.0019325849	0.0547957606	0.0301784387	0.0307428739	0.0204429519	-0.0415921017	-0.0672584458	0.0265183025	0.0345522733	0.0148837443	0.0262378145	0.0540467935	-0.0471417536	-0.0041147441	-0.1423531572	-0.0033877625	-0.0233296925	0.0114639518	0.0680045755	0.0765136777	-0.0652969004	-0.0096245157	-0.0509740599	0.0216132912	0.0487944286	0.0482683442	0.0473957345	0.0461828639	0.0446384398	0.04277355	0.0406015827	0.0381381307	0.0354008796	0.0324094805	0.029185409	0.0257518113	0.0221333376	0.0183559655	0.0144468132	0.0104339452	0.0063461704	0.0022128355	-0.0019363856	-0.0060717052	-0.0101634351	-0.0141822002	-0.0180991493	-0.021886162	-0.0255160508	0.0226829	0.040005	0.001600400025	0.0005145139524099	0.0183864	-0.0092223	0.00033805970496	8.505081728999998e-05	-0.0371531	0.020767	0.000431268289	0.00138035283961	-0.000500518	-0.0013837439999999	2.50518268324e-07	1.914747457535723e-06	-1.06213e-05	-0.0008512852999999	1.1281201369e-10	7.246866619959199e-07	9.05259e-05	0.0001156247	8.19493857081e-09	1.336907125009e-08	0.0	0.0	0.0	0.0	0.0	0.0	0.0	0.0	0.0	0.0	0.0	0.0	0.0	0.0	0.0	0.0	0.0	0.0	0.0	0.0	0.0	0.0	0.0	0.0	0.0	0.0	0.0	0.0	0.0	0.0	0.0	0.0	0.0	0.0	0.0	0.0	0.0	0.0	0.0	0.0	0.0	0.0	0.0	0.0	0.0	0.0	0.0	0.0	0.0	0.0	0.0	0.0	0.0	0.0	0.0	0.0	0.0	0.0	0.0	0.0	0.0	0.0	0.0	0.0	0.0	0.0	0.0	0.0	0.0	0.0	0.0	0.0	0.0	0.0	0.0	0.0	0.0	0.0	0.0	0.0	0.0	0.0	0.0	0.0	0.0	0.0	0.0	0.0	0.0	0.0	0.0	0.0	0.0	0.0	0.0	0.0	0.0	0.0	0.0	0.0	0.0	0.0	0.0	0.0	0.0	0.0
52495.83211612112	55.5650852613835	2755812389.563974	3087.478700104818	63459.97928125	164.4203344726484	4027168970.37668	27034.04638809757	53184.78713393073	38.89768288352207	2828621582.481524	1513.0297337070456	53280.86663185359	50910.37846077263	0.851546	19.507961	0.16526604	0.09928	-0.1130105356	0.0871353079	-0.0321151152	0.0477033763	-0.0154125081	-0.020272966	0.0195991617	0.0065887065	0.0226797785	-0.0082470337	0.0299859906	0.0065841641	0.0326412138	0.0092574898	0.0287284951	-0.0161769665	0.0026469422	-0.0042761236	0.0168335243	0.0568933563	-0.0556833881	-0.0531553575	-0.0181484354	0.0128290787	-0.0083700503	0.0371569448	-0.040666693	-0.0165387709	-0.0459582477	-0.0091212936	0.0866612235	-0.0903376648	0.0068329204	-0.0282216171	0.0391743291	-0.0172659633	0.0421228554	-0.0294426111	-0.0159782205	0.0120774076	0.0395524804	-0.0821757	-0.0549751798	0.0059877086	-0.0182260404	0.0297786924	0.041677931	0.1244608781	-0.0312703205	-0.043276856	0.0005037431	0.0317233792	0.0094032683	0.0965558935	-0.0215503062	0.0362368162	-0.0164230384	0.0022317836	-0.0252842214	0.0663998526	0.0302922177	0.018868676	0.0279337936	0.0365735222	0.049436619	-0.055691667	-0.0139089056	-0.010087918	0.041062668	-0.0862879909	0.0412100564	0.0168306455	-0.0187600783	-0.0450395064	-0.0346117144	-0.0160446783	0.0078726409	-0.0089706449	0.0136258604	-0.0058925043	0.1072830578	-0.028151017	0.0194779612	0.0105603922	-0.0041153909	-0.0046305907	-0.0151903966	0.0391680979	0.059338209	-0.0063950154	-0.0118888568	0.025644481	-0.0547003955	0.0282536062	0.0066868174	0.0475768052	0.0562428784	-0.0549799339	0.0155240384	-0.0116037226	0.0491039742	0.0253620884	-0.005327218	-0.0876380654	-0.0630629882	-0.0366480126	-0.015803073	0.0411819896	-0.0359590093	0.0156872187	0.0923355357	0.023696388	-0.0049670947	-0.0142530426	-0.0565067184	0.0530644349	0.0554971608	0.0166555023	0.010068355	0.0186447428	-0.0352953697	0.0426531329	-0.0081383653	-0.046241734	-8.1879e-06	0.0989570217	-0.0694567315	0.0057013405	-0.0303218354	0.0417291689	-0.0147003198	-0.0415124792	-0.0252772964	-0.0239369643	-0.0105321179	-0.0308272964	0.072679051	0.0193089869	-0.0660433203	0.010478811	-0.0546570659	0.0002298772	-0.1188670243	0.0030658588	0.0239383253	-0.0143313042	-0.0125352329	0.0343477063	0.094602757	0.0300020175	-0.015882552	-0.0422312673	0.0164226093	-0.010567623	-0.0890892126	-0.0097248941	-0.0531152453	0.0014078534	-0.0318194351	0.0342654701	0.0513025235	0.0277095553	0.0025056444	-0.0669624884	-0.077009144	-0.0188204827	-0.0086127081	-0.0042404409	-0.0496532704	-0.0144821895	0.0127681847	-0.0032229463	0.002390661	-0.0372151984	0.0015817213	0.0502505041	-0.0946539234	0.0353167164	0.0002484843	0.003423152	0.0013390426	-0.0076808757	-0.0532915262	0.0453696442	-0.0443399935	-0.0005762456	0.0268719117	0.0118775197	0.0418388184	-0.0106148913	0.0621330593	0.0004017406	0.0487935569	-0.0198566611	-0.0492866052	0.0174079094	-0.0560360491	0.0704837305	-0.0273109745	-0.0863077186	-0.0135359702	-0.0087972609	-0.0425760492	0.0083956486	-0.0220394103	0.0616287364	-0.0802000265	0.0932831541	0.0086777607	0.0522914171	0.0160583631	0.0388048672	0.0226307874	-0.0307092581	-0.0634568519	0.0129544604	0.0483417683	-0.0115823507	0.0142368977	0.0791130124	-0.1355758965	0.0245670896	-0.179567606	-0.0272246225	-0.0129436872	-0.0418847179	0.0425546372	0.0684645717	-0.0285087145	-0.0109438286	-0.054995654	0.057774513	0.0487784667	0.0482047363	0.0472535125	0.0459322442	0.0442512785	0.0422237789	0.039865623	0.0371952777	0.0342336544	0.0310039458	0.0275314438	0.0238433419	0.0199685217	0.0159373271	0.0117813266	0.0075330659	0.0032258135	-0.0011067004	-0.0054305477	-0.0097118681	-0.0139171345	-0.0180134151	-0.0219686319	-0.0257518113	-0.0293333271	0.00639827	-0.0162846299999999	0.0002651891742368	4.09378589929e-05	-0.00818018	-0.02656658	6.691534483240001e-05	0.0007057831728964	-0.026544	0.0106091	0.00011255300281	0.000704583936	-0.000500518	0.0	2.50518268324e-07	0.0	-0.00053718	-0.0005265586999999	2.885623523999999e-07	2.772640645456899e-07	-0.00161903	-0.0017095559	2.6212581409e-06	2.9225813752248102e-06	0.0	0.0	0.0	0.0	0.0	0.0	0.0	0.0	0.0	0.0	0.0	0.0	0.0	0.0	0.0	0.0	0.0	0.0	0.0	0.0	0.0	0.0	0.0	0.0	0.0	0.0	0.0	0.0	0.0	0.0	0.0	0.0	0.0	0.0	0.0	0.0	0.0	0.0	0.0	0.0	0.0	0.0	0.0	0.0	0.0	0.0	0.0	0.0	0.0	0.0	0.0	0.0	0.0	0.0	0.0	0.0	0.0	0.0	0.0	0.0	0.0	0.0	0.0	0.0	0.0	0.0	0.0	0.0	0.0	0.0	0.0	0.0	0.0	0.0	0.0	0.0	0.0	0.0	0.0	0.0	0.0	0.0	0.0	0.0	0.0	0.0	0.0	0.0	0.0	0.0	0.0	0.0	0.0	0.0	0.0	0.0	0.0	0.0	0.0	0.0	0.0	0.0	0.0	0.0	0.0	0.0
52561.833674672496	66.00155855137564	2762746359.243936	4356.205731210666	63491.585229492186	31.60594824218424	4031181394.9538703	998.9359642876292	53156.87795518768	-27.9091787430516	2825653673.942718	778.9222581116031	53264.0904802346	51077.66017115209	0.8109309999999998	18.577509	0.03918025	0.022897	-0.1194964913	0.0918057575	-0.0328652385	0.0625801074	-0.005647871	-0.0076557573	0.0138405788	0.0334853516	0.0069318378	0.0099410346	0.0138261205	0.0187402428	0.0326837656	-0.0247334825	0.0073392982	-0.0063069216	-0.0223260169	0.0084326934	0.0059521957	0.0379218113	-0.0097428096	-0.0586926292	0.0178822753	-0.0049407061	-0.0352967654	0.0593690905	-0.015121674	-0.0708666746	-0.0516910876	0.0067289597	0.0196011556	-0.0618475434	0.0711422511	0.0640607646	0.0188650486	0.1386132806	0.0217863435	0.005307717	0.0216005237	-0.0477332379	-0.004004108	0.0258006058	0.0018366968	-0.0075769566	-0.0508501982	0.0421709234	0.0612754699	0.0271164184	0.0491605827	0.0655981205	0.0159394266	-0.0190727393	-0.0079266416	0.0415017055	-0.0035905941	0.0596486551	0.0313523089	0.0384568582	0.026345352	0.0065287151	0.0254874933	-0.0341667528	-0.027672041	0.0049019461	0.0496680881	-0.061158572	-0.0115496015	-0.0380857235	-0.0473956327	-0.1030361716	-0.0254754012	0.0265513632	-0.0343866384	-0.0237177126	0.0370935453	-0.0739956285	0.0332558045	0.0277284371	-0.0165213963	0.0092458245	-0.0111496576	-0.0209456394	0.00312138	-0.0530717232	0.0330875395	-0.0263237181	0.0409344007	0.040173328	-0.0318321285	0.0578269067	-0.0186207879	0.0316318416	0.0648677065	-0.0083712803	-0.0720128904	-0.0480105548	-0.0396937819	-0.0240820329	-0.0061922249	-0.0595139535	-0.0338549525	0.0416660059	-0.0434495068	-0.0371532941	-0.0058405001	-0.0111369856	0.1074980578	0.0254848125	0.0436568356	-0.0116377452	0.0136455111	-0.04539673	0.0068432647	-0.0080892478	-0.0369556682	0.006126466	0.0590282717	-0.0261985295	-0.0130876316	0.0330830977	-0.0580440989	0.0189020289	-0.0631652487	-0.0615051787	0.003727592	0.029011309	-0.0557862398	0.058571377	0.058389861	0.0209117262	0.1439258494	-0.0159784448	0.0055738043	0.0076185596	0.0456610419	0.0059628749	-0.0374428407	0.0133331703	0.002402173	0.0380496358	-0.0641225149	-0.0489146172	-0.008648211	-0.0607740258	-0.0734030509	-0.0039281816	0.0262868223	0.0056194114	0.0486606024	0.0141958578	-0.0224414181	-0.0540578085	-0.0250063926	0.0499357878	-0.0070225617	-0.0146590404	0.0205807006	0.0111098646	-0.0298466985	0.0414089707	0.0652081306	0.0013506032	0.0407238601	0.0283881877	-0.0943663947	0.0565119072	-0.0268723173	-0.0060476945	-0.0489821774	0.0409255106	-0.0599260875	0.01180058	-0.0417389098	-0.0265647636	0.011545161	-0.0234766868	-0.003194777	0.0149073584	-0.0450343413	0.0438415094	-0.0259861612	0.0361737375	-0.0097013563	-0.002606541	0.0513227379	-0.0367239939	0.0166763767	0.0298060449	-0.0726298062	0.0752108015	-0.0360660888	-0.0155245836	-0.0103150043	-0.0401366156	0.0129263891	0.0511253439	-0.0559921129	0.0296434048	0.054129621	-0.0295298856	-0.0090940399	0.1002733876	0.0218415356	0.0286179977	-0.0156438932	-0.0730967842	-0.0264030425	-0.0143403728	0.0103336675	0.0596514536	0.0217818718	0.0394235299	0.0219038498	-0.0411618949	-0.0690556012	0.0225700977	0.0657789248	-0.0160932346	0.010555478	0.0721382551	-0.100265621	0.0734212422	-0.1773356541	-0.0189782541	-0.0117334384	-0.0151025914	0.0227315512	0.0476235571	-0.0184337981	-0.0319749373	-0.0528848061	0.0760632977	0.0487618127	0.0481383925	0.047105256	0.0456711967	0.0438484199	0.0416524399	0.039101947	0.036218649	0.0330270864	0.0295544231	0.0258302158	0.021886162	0.0177558304	0.013474375	0.0090782364	0.004604831	9.22328e-05	-0.0044211503	-0.0088969041	-0.0132969345	-0.0175837917	-0.0217209896	-0.0256733154	-0.0294071302	-0.0328906545	0.0169847	0.0105864299999999	0.0001120725001448	0.0002884800340899	0.00993489	0.01811507	9.87020393121e-05	0.0003281557611049	-0.0265427	1.300000000002688e-06	1.6900000000069885e-12	0.00070451492329	-0.000500518	0.0	2.50518268324e-07	0.0	-0.000473281	6.389899999999997e-05	2.23994904961e-07	4.083082200999996e-09	-0.00147338	0.00014565	2.1708486244e-06	2.12139225e-08	0.0	0.0	0.0	0.0	0.0	0.0	0.0	0.0	0.0	0.0	0.0	0.0	0.0	0.0	0.0	0.0	0.0	0.0	0.0	0.0	0.0	0.0	0.0	0.0	0.0	0.0	0.0	0.0	0.0	0.0	0.0	0.0	0.0	0.0	0.0	0.0	0.0	0.0	0.0	0.0	0.0	0.0	0.0	0.0	0.0	0.0	0.0	0.0	0.0	0.0	0.0	0.0	0.0	0.0	0.0	0.0	0.0	0.0	0.0	0.0	0.0	0.0	0.0	0.0	0.0	0.0	0.0	0.0	0.0	0.0	0.0	0.0	0.0	0.0	0.0	0.0	0.0	0.0	0.0	0.0	0.0	0.0	0.0	0.0	0.0	0.0	0.0	0.0	0.0	0.0	0.0	0.0	0.0	0.0	0.0	0.0	0.0	0.0	0.0	0.0	0.0	0.0	0.0	0.0	0.0	0.0
51913.25442347123	-648.5792512012631	2694985984.836056	420655.0450887912	63015.60785058594	-475.9773789062456	3970966832.7788286	226554.46523045967	52967.65386526082	-189.2240899268581	2805572355.99008	35805.7562086477	53067.16764818477	22796.72232967228	4.848432	111.072098	0.16365922	0.101916	0.3450319293	0.0573653109	-0.0797791492	0.0284710108	-0.0097138634	0.1125669061	0.0010183297	0.0268922861	0.0250021483	0.010985602	0.0278616897	-0.0169579639	0.0339641214	-0.0006264696	-0.0276841452	-0.03131077	-0.0206948566	0.0040602454	0.0510898966	-0.0306282966	0.0364410995	0.0067975637	0.0572701565	0.0172322444	0.0022307992	0.0561191552	0.0314999621	-0.0218111958	0.045219347	-0.0166559617	-0.0491788707	0.0365540527	-0.0383763163	0.0060850388	0.0006708963	0.064402362	0.0505476529	0.009933158	0.0424899893	-0.1010754089	-0.0263510946	0.0590665761	0.0372707161	0.0106832143	0.0103838835	-0.031858032	-0.0280171978	0.0421612791	0.0008637904	-0.0173933258	-0.0126150047	-0.0112499929	0.1545676217	-0.0890535232	0.0066691049	-0.0740406055	0.0479602903	0.014898627	-0.0998151309	-0.0031170159	0.0389562067	0.0643020146	0.0252209512	0.1032503026	0.022891676	-0.0408034044	0.0109464665	0.0529210567	-0.0417118627	0.0115044959	0.0156250367	0.013923162	-0.0230239954	0.0031836031	-0.0269944329	-0.0542272311	-0.0732683866	-0.0059204949	0.0701667273	-0.0226244193	0.0537031038	-0.0148337387	0.0156138957	0.0497042562	-0.0315385596	-0.0345523431	0.0506124036	0.0317117721	-0.0119886371	-0.0098421155	0.045546366	-0.0431497146	-0.0153121181	0.0138042671	0.0617529289	-0.0122611845	0.0815112408	-0.0135926241	0.0468645494	0.0283110352	-0.0239094592	-0.0310893008	-0.0469434376	0.0059071782	-0.0123985821	0.1241769284	-0.0532367809	-0.0915494005	0.0119153694	0.0525252224	-0.0164942799	0.0558644008	0.004179894	-0.0520385013	0.0287042274	-0.0333432892	-0.0103305068	-0.0505572012	0.0254657685	0.000423237	-0.0565248879	-0.0357503392	-0.0277902525	0.0418238607	-0.0266185065	-0.0495935205	0.0217153137	-0.0324403869	0.010982393	0.0047005997	0.0650286001	-0.0534739808	-0.0024102451	0.0448748907	0.1004504902	0.019662823	-0.059940713	-0.0008269981	0.0440996531	-0.0043291528	0.0395056179	0.0316846017	-0.0219425188	0.0011105514	0.0069065981	-0.015811754	-0.0580693954	-0.073052383	-0.0199459099	-0.1160992594	0.1486365576	-0.0370530969	-0.0283385571	-0.0803698014	-0.0137873142	-0.0470062406	-0.0974051276	0.0161132584	-0.052548654	-0.0067473208	0.043856421	0.0023919444	-0.0342832991	0.0292943833	0.0228281061	0.0017870444	-0.0076579436	-0.0347623186	-0.0169849756	-0.0187047798	-0.0233868141	-0.090339589	0.0021492907	0.0416283627	0.0266254166	0.0482028431	-0.0531306236	0.0279188032	0.0235688561	-0.0604282288	-0.0327424545	0.0471084992	-0.0338101043	0.0098556149	0.0448982524	0.0417061837	-0.0130816722	-0.0113704116	0.0443374363	-0.0474339721	0.0317897143	0.0690780315	0.0504495878	0.0242911644	-0.0035148666	-0.0118302889	0.0564697973	0.0214869361	0.0623088159	0.0495134725	-0.1088923458	-0.0598897245	0.010052015	-0.0696897964	-0.0388122635	0.01871747	0.0437795823	-0.0148807929	0.0076465697	0.0473698882	0.0259594906	0.029128219	-0.0188890069	-0.0901629844	-0.0372925238	0.045399877	0.0298502702	-0.0256255208	0.00770096	-0.0027035584	-0.1718816783	0.0878771034	-0.1014564267	0.0217779647	-0.1117594025	-0.1544796607	-0.1042183922	-0.0185990978	0.1774109059	0.0599898507	-0.0023526195	0.0353133906	0.0487444668	0.0480693164	0.046950984	0.0453997805	0.0434300072	0.0410598248	0.0383110855	0.0352091317	0.0317825624	0.0280629691	0.0240846454	0.0198842699	0.0155005685	0.0109739574	0.0063461704	0.0016598739	-0.0030417259	-0.0077152822	-0.0123177063	-0.0168065656	-0.0211404744	-0.0252794756	-0.029185409	-0.0328222635	-0.0361565084	0.0173168	0.0003321	1.1029041000000125e-07	0.00029987156224	0.00979699	-0.0001378999999999	9.59810130601e-05	1.9016409999999952e-08	0.00525942	0.0318021199999999	0.0010113748364943	2.76614987364e-05	0.00131596	0.0018164779999999	1.7317507215999998e-06	3.2995923244839995e-06	0.000337983	0.0008112639999999	1.14232508289e-07	6.581492776959999e-07	-0.00147338	0.0	2.1708486244e-06	0.0	0.0	0.0	0.0	0.0	0.0	0.0	0.0	0.0	0.0	0.0	1.0	0.0	0.0	0.0	0.0	0.0	0.0	0.0	0.0	0.0	0.0	0.0	0.0	0.0	0.0	0.0	0.0	0.0	0.0	0.0	0.0	0.0	0.0	0.0	0.0	0.0	0.0	0.0	0.0	0.0	0.0	0.0	0.0	0.0	0.0	0.0	0.0	0.0	0.0	0.0	0.0	0.0	0.0	0.0	0.0	0.0	0.0	0.0	0.0	0.0	0.0	0.0	0.0	0.0	0.0	0.0	0.0	0.0	0.0	0.0	0.0	0.0	0.0	0.0	0.0	0.0	0.0	0.0	0.0	0.0	0.0	0.0	0.0	0.0	0.0	0.0	0.0	0.0	0.0	0.0	0.0	0.0	0.0	0.0	0.0	0.0	0.0	0.0	0.0	0.0	0.0	0.0	0.0	0.0	0.0	0.0
52296.86541240048	383.6109889292493	2734962131.96273	147157.39082727663	63986.0434140625	970.4355634765598	4094213751.786291	941745.182860068	53215.13553346379	247.48166820297047	2831850649.8449206	61247.17609652517	53312.28820115515	35321.337656947544	3.500401	80.190239	0.0806152299999999	0.0417574	0.1377389819	0.1983538483	-0.1583815947	-0.1671538991	0.0715902484	-0.1834864214	0.0009089149	-0.0315066388	-0.0054877101	0.062012004	0.0194659037	0.0360827527	-0.0118748048	-0.0169405642	0.001451671	0.0109816543	-0.048670765	0.0271924829	-0.0066242323	-0.018914917	0.0340866009	0.0480081541	-0.0159868632	-0.0126004799	0.0163106435	0.0124396056	0.0205881812	-0.0250868774	0.0095913573	-0.0080831199	-0.0156861877	-0.0362945497	0.0902430161	0.007681672	0.0227876866	0.0593453114	0.0101716671	0.0158955543	-0.0171631008	-0.022338748	0.0388306304	-0.0618048031	-0.0459926646	-0.0024415277	-0.0093221904	0.0053276023	-0.0327801996	-0.0427894405	0.0195410074	0.0549513753	-0.0278730111	-0.0082749635	-0.0464598033	0.0341504014	0.0535501821	0.0540177655	0.0804409888	-0.1022357341	0.0085126849	0.041028099	-0.106667544	-0.0055801931	0.0915611374	0.0636946476	0.0014884379	-0.029699226	0.0125901873	0.0197830394	0.0095586932	0.0129603794	-0.0250467234	-0.0215155389	-0.0155917217	-0.0700210574	0.0262930905	0.0882451319	0.0250258539	0.067080469	0.041921251	-0.000827513	-0.0296071811	0.0136105111	-0.0601475885	0.0328082483	0.0051920219	0.0271423877	-0.0145004331	-0.0253311131	-0.0503015568	-0.0324304515	-0.0126600539	0.0417149436	-0.0101196895	-0.0165436286	0.0041685298	-0.0464995804	0.0070243672	-0.0480253544	-0.0436291974	0.0112506574	-0.0040201858	0.0570375681	-0.0253993541	-0.0453595731	0.0078656633	-0.024224051	-0.0184983185	0.0500803317	-0.038427435	-0.0163174327	0.0377543149	-0.0422182638	0.0274094819	0.0037371157	0.0179102017	-0.0333613009	-0.0465287047	0.013471175	-0.0142946851	-0.0194860268	-0.0112301161	-0.0133575942	-0.0287448142	-0.0047102492	-0.0021187516	-0.0105208942	-0.0338172777	0.0900413729	0.0079005139	0.0265331424	0.0609734696	-0.011512198	0.0131821007	-0.0237986713	0.0291945885	-0.0350892883	0.0631064211	-0.0007309125	-0.0477925451	-0.0048856205	-0.0069874063	0.0188195762	0.0562430576	-0.0069799408	-0.0478981816	0.0542410389	0.0233312879	0.0110317943	0.0115184973	0.0045838977	-0.0886782563	0.0635114973	-0.1045849624	-0.0257431181	-0.0144659162	0.1013832934	-0.0763054663	-0.0824186583	-0.0516295583	-0.0071263216	0.030020963	0.00178607	-0.0170206671	-0.0156056124	0.0280112388	0.0209850048	0.0236045384	0.0050918464	-0.0569217845	0.0285507575	0.0801543111	0.0581789866	-0.0259911151	0.0384031548	0.0504619673	0.0036644851	0.0127952369	-0.0757548981	0.0382629767	0.0008794276	0.0171582011	-0.0267877652	0.0022169741	-0.056864303	-0.0053688763	-0.002488243	0.0213984906	-0.0138031063	-0.0243367365	0.0006447074	-0.0244802235	0.0560494286	-0.0072992614	-0.0591654801	0.0140938626	-0.0144887132	-0.0608629992	0.0168167017	0.0198375262	-0.0206805008	0.0175049787	-0.0158457581	-0.059081637	0.0233202005	0.0334255065	0.001802577	-0.0396240013	-0.027525394	0.009329842	0.0675132787	0.0307082448	0.0427439856	0.0015930804	-0.0393655826	-0.1022992251	0.0591262177	0.0648792087	-0.0096496375	-0.0088665605	0.0425725742	-0.1251208075	0.0620664087	-0.1491422558	0.0587180362	-0.0527128034	-0.0650857309	0.0199185459	0.0315206573	0.0257945239	0.0018857923	-0.0499800225	0.0570526973	0.0487264292	0.0479975119	0.0467907162	0.0451180572	0.0429961886	0.0404462362	0.0374935883	0.0341676424	0.0305015125	0.0265316999	0.0222977292	0.0178417553	0.0132081433	0.0084430267	0.0035938487	-0.0012911108	-0.0061632156	-0.0109739574	-0.0156754391	-0.0202208511	-0.0245649379	-0.0286644484	-0.0324785665	-0.0359693177	-0.039101947	0.0227298	0.005413	2.930056900000001e-05	0.00051664380804	0.0291215	0.01932451	0.00084806176225	0.0003734366867401	-0.028427	-0.03368642	0.0011347748924164	0.000808094329	0.00121156	-0.0001043999999999	1.4678776336e-06	1.0899359999999986e-08	0.000296047	-4.193599999999996e-05	8.764382620900001e-08	1.7586280959999963e-09	-0.00117589	0.00029749	1.3827172920999998e-06	8.850030010000004e-08	0.0	0.0	0.0	0.0	0.0	0.0	0.0	0.0	0.0	0.0	0.0	1.0	0.0	0.0	0.0	0.0	0.0	0.0	0.0	0.0	0.0	0.0	0.0	0.0	0.0	0.0	0.0	0.0	0.0	0.0	0.0	0.0	0.0	0.0	0.0	0.0	0.0	0.0	0.0	0.0	0.0	0.0	0.0	0.0	0.0	0.0	0.0	0.0	0.0	0.0	0.0	0.0	0.0	0.0	0.0	0.0	0.0	0.0	0.0	0.0	0.0	0.0	0.0	0.0	0.0	0.0	0.0	0.0	0.0	0.0	0.0	0.0	0.0	0.0	0.0	0.0	0.0	0.0	0.0	0.0	0.0	0.0	0.0	0.0	0.0	0.0	0.0	0.0	0.0	0.0	0.0	0.0	0.0	0.0	0.0	0.0	0.0	0.0	0.0	0.0	0.0	0.0	0.0	0.0	0.0	0.0
52268.374181670784	-28.491230729698145	2731982939.595149	811.7502284928959	63277.95554150391	-708.0878725585935	4004099657.512545	501388.435264555	53072.16715368865	-142.96837977514224	2816654926.3890686	20439.9576155293	53162.41861638469	37448.75449472402	1.731169	39.659138	0.0382793	0.0180343	0.0888196188	0.2137034292	-0.158006161	-0.1094431568	0.0583006258	-0.2026945266	0.0002697945	-0.0367444892	0.0461460655	-0.0341580002	-0.0047952927	0.0072079796	0.0562082438	-0.0085803918	0.00368954	-0.0066978132	0.0491129043	0.0732613316	-0.071043102	-0.0103834111	-0.0336835732	-0.0143386779	-0.0079883639	0.0245675943	0.004091488	0.026335987	0.0302310205	-0.0174941464	-0.056655326	0.0301193443	0.0779160748	-0.0319369871	-0.0098927008	-0.0139482242	0.0188957932	0.0031740982	0.0383788845	-0.0335038833	-0.0033132585	-0.0061184703	0.0163938541	-0.0149194853	0.0250289753	0.0538099038	-0.015195073	0.0182141134	0.0107088643	0.0642024818	0.0111007314	-0.0026784774	0.0796622419	0.0281677117	-0.0196218661	0.0639340926	0.0306782959	0.030146241	0.0594991177	-0.0497369179	-0.0002586496	0.0334736624	0.0386340707	0.0035586605	0.0292860035	-0.0171050074	0.0022580802	0.0217101989	-0.0458150115	0.0057417978	-0.0307964986	-0.0252551757	-0.0702946061	0.0082089398	0.040266627	0.0607077218	0.020978262	0.0365304796	0.0683587628	0.0173785852	0.0269714316	0.0009438253	0.0152369133	-0.0119417789	-0.0326613749	-0.0397424038	-0.0564244904	0.0724392196	-0.0014016315	-0.0444478315	-0.0006255093	-0.0056078921	-0.0161469042	0.0346921342	0.0311069756	0.0005935631	-0.0494109664	0.0096822617	-0.0409340392	0.0093744329	-0.0144742741	0.0008064218	0.0263131251	-0.0141465267	-0.032399669	0.0405957779	0.0562164259	0.0152849126	-0.0106535638	-0.0438988863	-0.0047704789	-0.0266740115	-0.0003275897	-0.0892524497	0.0765990732	0.0673284972	0.0116514401	0.0310461749	0.0157393178	0.0079478036	0.0252533256	0.0058471909	-0.0246827995	-0.0224150172	-0.0135570092	-0.0631535915	0.0352086234	0.0771646035	-0.0155685496	-0.0134832177	-0.016022674	0.0220109262	0.003443572	-0.0381489955	-0.0272733373	-0.0111254567	0.010714232	-0.0112169033	0.0056888499	0.062057161	0.0126471149	0.010570238	-0.0258712749	0.0093177938	-0.0555554737	-0.0129612593	-0.0144822216	-0.0731152069	0.0388243395	0.0321947989	0.0592448012	0.0113525272	-0.0490639155	0.0173086584	-0.0710166706	-0.0125905527	-0.0482379685	-0.0215979551	-0.0080214689	-0.0228814797	0.0188215524	0.0008955055	-0.014316038	0.0232997846	0.0281856374	0.0456226108	0.0005293267	0.0770695237	-0.0071847042	0.0237435887	0.0737726053	0.0155654934	0.0112081872	0.0728522819	0.0171316967	0.0019522396	0.0365784127	0.0052629223	-0.035027043	-0.0309459655	-0.0600375704	-0.0375729108	0.0599746528	-0.0083276498	0.0292673917	-0.0264534921	-0.0434326824	-0.0010909982	0.0172429181	0.0146547301	-0.0391415619	0.0405888368	-0.0029001677	-0.0404793123	-0.0354202746	-0.0246133349	-0.0053798618	-0.0040060438	0.0217713688	-0.02189676	0.0279041876	0.0672960536	0.0202134145	-0.0071995149	0.0006467763	-0.0292060894	0.0446115503	-0.0598537521	-0.0392124395	0.0369561102	0.0118240062	0.0698260917	0.0333663539	0.0394097093	0.009198301	-0.0627656339	-0.0544168311	0.0332241344	0.0988161895	-0.0014677282	0.0161351106	0.0581137632	-0.1219608811	0.0050584397	-0.1511628158	0.0177081616	-0.058216036	-0.0539030669	0.019032438	0.0156949618	-0.0078182551	-0.032008122	-0.0411152914	0.0507549227	0.0487077002	0.0479229833	0.046624473	0.044826091	0.0425471181	0.0398119877	0.0366500239	0.0330951267	0.029185409	0.0249627879	0.0204725349	0.0157627911	0.0108840509	0.0058886202	0.0008300562	-0.0042374069	-0.0092594399	-0.0141822002	-0.01895291	-0.0235204212	-0.0278357645	-0.0318526742	-0.035528084	-0.0388225891	-0.0417008682	0.0171796	-0.0055502	3.080472004000002e-05	0.00029513865616	0.0199204	-0.0092011	0.00039682233616	8.466024121e-05	-0.0283859	4.1100000000002246e-05	1.6892100000001847e-09	0.00080575931881	0.00099047	-0.0002210899999999	9.810308209e-07	4.8880788099999986e-08	0.000167479	-0.000128568	2.8049215441e-08	1.6529730624000004e-08	-0.00105581	0.00012008	1.1147347560999998e-06	1.4419206400000013e-08	0.0	0.0	0.0	0.0	0.0	0.0	0.0	0.0	0.0	0.0	0.0	0.0	1.0	0.0	0.0	0.0	0.0	0.0	0.0	0.0	0.0	0.0	0.0	0.0	0.0	0.0	0.0	0.0	0.0	0.0	0.0	0.0	0.0	0.0	0.0	0.0	0.0	0.0	0.0	0.0	0.0	0.0	0.0	0.0	0.0	0.0	0.0	0.0	0.0	0.0	0.0	0.0	0.0	0.0	0.0	0.0	0.0	0.0	0.0	0.0	0.0	0.0	0.0	0.0	0.0	0.0	0.0	0.0	0.0	0.0	0.0	0.0	0.0	0.0	0.0	0.0	0.0	0.0	0.0	0.0	0.0	0.0	0.0	0.0	0.0	0.0	0.0	0.0	0.0	0.0	0.0	0.0	0.0	0.0	0.0	0.0	0.0	0.0	0.0	0.0	0.0	0.0	0.0	0.0	0.0	0.0
52036.7876652185	-231.58651645228383	2707827270.515036	53632.31460250393	63278.87423876953	0.9186972656243596	4004215924.92601	0.8440046658656754	52977.34327588552	-94.82387780313002	2806598900.5710125	8991.567801622934	53078.30990016948	24413.83286497438	3.848044	88.15434999999998	0.175422	0.0943621	0.3353650719	0.0395421937	-0.0565316651	0.0848504805	-0.0090844012	0.1096422452	-0.0179842013	0.0623088584	0.0232433111	-0.0208769799	0.0317121058	0.000224517	0.0052624387	-0.0131305589	-0.0405786488	-0.0204653185	-0.0272477071	0.0125843984	0.0368423235	-0.0110908668	-0.0123488183	-0.0749472156	0.0073434941	0.016996564	0.0433554237	0.0207805532	-0.0187193875	0.0171456833	-0.0312945215	-0.0242616232	-0.0580975135	0.0225194457	-0.063669646	0.0425823231	0.0063624012	0.0801304511	-0.0063262413	0.0621593364	0.0446315175	-0.0102189362	-0.0041045349	0.0925191998	-0.0565964632	-0.0103779196	0.0190913299	-0.0226002272	0.0131304767	-0.0277733797	0.0054508818	0.0564335933	0.0464039072	0.0449117069	0.1319434258	-0.084585582	0.0194494927	-0.0551628674	0.06419914	0.0511681912	0.0188951211	-0.0817136266	-0.0311482578	-0.0758614474	-0.0329859757	-0.0221124843	-0.0174379107	-0.0986473203	0.0202410601	0.0101910792	0.034712915	-0.0096877675	-0.0571445996	0.004360826	0.0160325293	-0.0395783454	0.0861609544	-5.45943e-05	-0.007598834	0.0007770667	0.0470657582	0.0511517551	-0.0626291863	-0.0226794367	-0.0246582968	0.0524856214	-0.065222917	-0.0281199734	0.0252267545	0.0048983682	0.0072499102	0.0128956679	0.0102900319	0.0203091199	-0.0072453519	0.0213442109	-0.0126758393	0.0050845794	0.0092084692	-0.0013672774	0.0336623703	0.0311387197	-0.0283040536	-0.0304275798	0.0337811275	0.0673620485	0.0245005632	0.0011326649	-0.0219748178	-0.0288879764	-0.0152518998	0.0314800306	0.0037238877	-0.0242827579	0.0123935342	-0.0379624128	0.0118047085	0.0138738915	0.075421887	-0.0015902845	0.0290982252	-0.0280660004	-0.0224973941	0.0227974938	0.0263504426	-0.0272425307	-0.0344991679	-0.0514916936	0.0066260207	-0.0549756961	0.0478291152	0.0021989614	0.0747165732	0.004899367	0.0504930132	0.0662821254	0.0067710984	-0.009060597	-0.0893693274	-0.0525576396	-0.0398645754	-0.0090773725	0.0508961955	-0.021974363	0.0304047783	0.0028252925	-0.0589766785	-0.0840582534	-0.0797415984	-0.0377287649	-0.041320272	-0.0742222693	0.1035938228	0.0036202742	-0.061187943	0.031702697	0.0983663429	0.0124457419	0.0875279656	-0.0132521843	-0.0125112914	-0.0098958631	0.0992588303	-0.0109257069	-0.0118407924	-0.0388503562	0.018611069	0.0503292629	-0.023864252	0.0344478495	-0.0273795426	0.0770281871	0.0087273785	-0.0098319183	0.0332191092	0.0246747922	0.0635375978	-0.039148122	0.0271987834	-0.0222847736	0.0327065779	-0.0708794674	-0.0489568784	0.0120325696	-0.0134783374	-0.0040814006	-0.0113736799	-0.0066213152	0.0342606935	0.0096617748	0.0057410685	0.0219147965	-0.0003210023	0.0030650239	0.0306483153	0.0320818696	0.011859927	-0.0217673377	0.0494027843	-0.0350359033	-0.0155261588	0.0361456056	0.0322744599	-0.008909135	-0.0053551458	-0.037979352	-0.0157079888	-0.0072366581	-0.0133167804	0.0046600891	0.0128023633	7.93748e-05	0.0031093495	-0.0040367996	-0.0203158624	-0.0626562521	-0.0240235556	0.0528772978	-0.0097278095	-0.0275651354	0.0430568725	-0.0746944705	-0.0769402151	0.0215307119	0.0032298039	-0.0137463749	-0.0653640245	-0.0948343397	-0.1835254684	-0.1218612338	0.2335884603	0.0075114295	0.0769095909	-0.0162479555	0.0486882801	0.0478457346	0.0464522756	0.0445239479	0.0420829549	0.0391574033	0.0357809787	0.0319925587	0.0278357645	0.023358459	0.0186121956	0.0136516244	0.0085338634	0.0033178403	-0.0019363856	-0.0071683153	-0.0123177063	-0.0173252667	-0.0221333376	-0.026686557	-0.0309324975	-0.0348222698	-0.0383110855	-0.0413587732	-0.0439302406	0.0226887	0.0055090999999999	3.0350182809999996e-05	0.0005147771076899	-0.0190459	-0.0389663	0.00036274630681	0.00151837253569	0.0161024	0.0444882999999999	0.0019792088368899	0.00025928728576	-0.000175667	-0.001166137	3.0858894889000006e-08	1.359875502769e-06	-0.000104941	-0.00027242	1.1012613481e-08	7.42126564e-08	-0.0007652009999999	0.000290609	5.855325704008469e-07	8.445359088105808e-08	0.0	0.0	0.0	0.0	0.0	0.0	0.0	0.0	0.0	0.0	0.0	0.0	0.0	1.0	0.0	0.0	0.0	0.0	0.0	0.0	0.0	0.0	0.0	0.0	0.0	0.0	0.0	0.0	0.0	0.0	0.0	0.0	0.0	0.0	0.0	0.0	0.0	0.0	0.0	0.0	0.0	0.0	0.0	0.0	0.0	0.0	0.0	0.0	0.0	0.0	0.0	0.0	0.0	0.0	0.0	0.0	0.0	0.0	0.0	0.0	0.0	0.0	0.0	0.0	0.0	0.0	0.0	0.0	0.0	0.0	0.0	0.0	0.0	0.0	0.0	0.0	0.0	0.0	0.0	0.0	0.0	0.0	0.0	0.0	0.0	0.0	0.0	0.0	0.0	0.0	0.0	0.0	0.0	0.0	0.0	0.0	0.0	0.0	0.0	0.0	0.0	0.0	0.0	0.0	0.0	0.0
52768.286902036285	731.4992368177845	2784492102.575614	535091.1334650012	64040.71830078125	761.844062011718	4101213600.4800186	580406.3748225145	53255.69878808027	278.3555121947502	2836169453.4067345	77481.79116920172	53343.21611114415	51311.11531237317	4.997443	114.485779	0.1383977499999999	0.0815508	-0.1456885007	0.1062856576	-0.0408275478	0.1056777257	0.0263172056	-0.0178825587	-0.0385360556	-0.0126972094	0.0340731322	0.055850262	0.0243279213	0.0324485861	0.0074037122	-0.0283226734	0.0108647621	-0.00626131	0.0320688098	0.0118735078	-0.006472274	-0.0533667875	0.0809241645	0.0182678422	-0.0177656348	0.0042182366	0.0341152823	0.0108745197	-0.0375000984	-0.0200857073	-0.0200789377	-0.0135144546	0.0597698177	0.0040553195	0.0543893239	0.045179413	0.0179196613	0.0268933032	0.020120948	-0.0234432141	0.0057819373	-0.0520513195	0.0164453063	-0.0260570635	-0.0328576484	-0.0411421453	-0.0205021459	0.0530695332	0.0821470785	-0.0008664821	0.0409959107	-0.004193261	-0.0113727464	-0.0401931409	-0.0107358381	0.0456205542	-0.0697178488	0.0555676962	-0.0192633113	-0.0222449422	-0.0164958701	-0.0195956664	0.0517855829	0.0462782656	0.0273929899	0.0349975976	0.0901784185	0.0237591406	0.0073440233	-0.0359346477	-0.0082917146	-0.0156338412	-0.0358867778	-0.0239591542	0.0285805684	0.0303694807	-0.0200960596	0.0150056982	-0.0593415088	-0.0400045628	0.0202286603	-0.0772930931	0.0154239125	-0.0047756776	0.0070372275	0.036621751	0.0264483222	0.0572422191	-0.0283998981	-0.0793787376	0.0064777615	0.0010081952	0.0068565692	-0.0189985804	0.0571398071	-0.0107651515	0.0390056687	-0.0243942718	-0.0105257844	-0.0046779203	-0.0008348803	-0.045764156	-0.0178171901	-0.0584968292	-0.0521739377	-0.0081447309	-0.0154664174	-0.0268683659	-0.0072745986	0.010488923	0.0410843342	-0.02710863	0.0129457622	-0.0239928621	0.0145838988	0.0027426942	0.0566044571	-0.0786096398	-0.0204552471	0.0214339787	0.0107541505	-0.0230011385	-0.0101854235	0.0432766164	-0.0144570235	-0.0224299901	-0.0084714051	0.0592922086	0.0193732336	0.0533818146	0.0423952469	0.014210801	0.0294358366	-0.0166489087	-0.0221682168	-0.0021999575	0.0456490731	-0.0205090856	0.0145143531	-0.0223758355	-0.0304284693	0.0105265935	-0.0722692927	-0.0785918364	-0.0077724691	-0.0492024388	4.07503e-05	0.013293829	0.0081091654	-0.0320965687	0.0237062986	0.0727947523	-0.0309281501	-0.0475093334	0.0244931457	-0.0112977035	-0.0160806706	-0.0571916599	-0.085718862	-0.0067609429	-0.0087640551	0.0716996822	-0.0159508845	-0.0280212919	0.0335960963	0.0028020229	-0.0095259323	0.0403425667	0.009955848	0.034868456	0.0354618257	-0.027520593	0.0176184818	-0.0537868309	0.0077474721	0.0651496812	-0.0552377469	0.020299551	-0.0270982037	-0.0044911207	0.0377430965	0.0006627468	0.0620783054	0.0020188066	0.082878079	0.008560126	-0.0162851539	0.0387756825	-0.039591815	0.0108252569	-0.0306761873	-0.0280986694	-0.0061932423	0.0129671994	-0.0179576409	-0.0235581903	0.003688158	0.051319315	0.0419133011	0.0316196248	0.0435585257	-0.0456010398	0.0171479552	-0.0093557939	0.0204316917	0.0271434254	0.0188100825	-0.0270280655	-0.0163857288	-0.0866386701	0.011075015	0.0651297441	0.0299001173	0.0249223982	0.0091327734	-0.0262252567	-0.0582461955	0.0434419824	0.0671112265	0.0113029986	-0.0396272434	0.0513918479	-0.0426925779	0.0563016973	-0.1120510307	0.01439405	-0.00724092	0.0484812643	0.0946210003	0.0445459025	-0.0316816476	-0.0217995649	-0.0375401545	0.0188424077	0.0486681691	0.0477657704	0.0462741461	0.0442116967	0.0416038638	0.0384828171	0.0348870569	0.0308609395	0.02645413	0.0217209896	0.016719905	0.0115125682	0.0061632156	0.0007378352	-0.004696647	-0.0100731925	-0.015325478	-0.0203887125	-0.0252004375	-0.0297012967	-0.0338357689	-0.0375528523	-0.040806694	-0.0435571555	-0.0457703078	0.0166892	-0.0059994999999999	3.599400024999997e-05	0.00027852939664	0.0452987	0.0643446	0.0020519722216899	0.00414022754916	-0.0224747	-0.0385771	0.00148819264441	0.00050511214009	0.00025225	0.000427917	6.363006249999998e-08	1.83112958889e-07	-0.000104941	0.0	1.1012613481e-08	0.0	-0.000603587	0.0001616139999998	3.643172665690001e-07	2.6119084995967664e-08	0.0	0.0	0.0	0.0	0.0	0.0	0.0	0.0	0.0	0.0	0.0	0.0	0.0	0.0	1.0	0.0	0.0	0.0	0.0	0.0	0.0	0.0	0.0	0.0	0.0	0.0	0.0	0.0	0.0	0.0	0.0	0.0	0.0	0.0	0.0	0.0	0.0	0.0	0.0	0.0	0.0	0.0	0.0	0.0	0.0	0.0	0.0	0.0	0.0	0.0	0.0	0.0	0.0	0.0	0.0	0.0	0.0	0.0	0.0	0.0	0.0	0.0	0.0	0.0	0.0	0.0	0.0	0.0	0.0	0.0	0.0	0.0	0.0	0.0	0.0	0.0	0.0	0.0	0.0	0.0	0.0	0.0	0.0	0.0	0.0	0.0	0.0	0.0	0.0	0.0	0.0	0.0	0.0	0.0	0.0	0.0	0.0	0.0	0.0	0.0	0.0	0.0	0.0	0.0	0.0	0.0
52113.503311145534	-654.7835908907509	2715817227.3607764	428741.5508997863	63567.55775	-473.1605507812492	4040834398.299585	223880.90681561508	52945.4748568212	-310.2239312590682	2803223307.814286	96238.88752583109	53040.11198969731	24600.86454412287	4.98337	114.163391	0.119723005	0.0711574	0.3269282566	0.0535614096	-0.0602361648	0.0945082218	0.0049208552	0.0837665622	-0.0199903032	-0.0505904358	0.0471316769	-0.0205531982	-0.0040589589	0.0062384199	0.0399110533	-0.0153226711	0.0119497292	-0.0060825049	-0.0001211647	0.0340342834	-0.0369506038	-0.0121220642	-0.0237399983	0.0527280149	0.0143439366	0.0069814984	-0.0167753312	0.0436622144	0.0087460082	0.0316126789	0.0154006719	0.0355928093	-0.0083980997	0.0382669823	-0.037678844	-0.0652390509	-0.0168212647	-0.0281466321	0.0157701865	0.0239618338	-0.0202770651	-0.0043004362	0.0589103218	0.1139635459	-0.0124807744	0.0083545439	0.0293968863	-0.0633334503	-0.0216718656	0.0280464758	0.0321262177	0.0171081296	-0.0046887776	0.0867047478	0.1145127204	-0.0425592081	-0.0031157336	-0.0713017664	0.004421885	0.0377909764	0.0524354979	-0.0913762813	0.0163627117	0.0204526601	0.0032918752	0.0455571407	-0.0018395298	-0.0599947635	-0.0301978889	-0.0011830044	-0.0182109747	0.0606933264	-0.027002467	-0.061211622	-0.0643679535	0.0167619685	0.025165454	0.0028096012	0.023238265	0.041222107	0.0313290242	-0.0230321902	-0.016979327	0.0129948298	-0.0412698039	0.040849058	-0.018264203	-0.0285086444	-0.0423775558	0.0433898927	-0.0137879723	-0.0002411787	0.0173713725	0.0136123775	-0.0194979621	0.0069582879	0.0391571617	0.0118153908	-0.0184468589	0.029768291	-0.0018217168	-0.0385034012	-0.0334547568	-0.0826362513	0.0237932704	0.0057597271	0.0457098414	0.0438326148	0.0167552792	-0.0752252638	0.0205258131	0.0662647694	0.0070724736	-0.0270587404	0.0371014757	0.0373035561	0.0118448788	0.0243223999	-0.0512569858	-0.0115409748	0.0078669325	0.012335728	-0.0430302169	-0.0108765712	0.0227084861	0.020524046	0.0371038718	-0.0170881435	0.0318895353	-0.0414184495	-0.0645097695	-0.0116175648	-0.0312234671	-0.016560783	0.0167464547	-0.0073220181	-0.0008359986	-0.0665523267	-0.1015647427	-0.0132608077	0.0066539202	-0.0191210254	0.0797559224	0.0413805325	-0.0122335727	-0.037780887	-0.0192076761	-0.052761801	-0.1204827208	0.0002220468	-0.0081231257	-0.0450709055	0.095116084	0.0259003478	0.0050206754	0.0594060785	0.0812615305	-0.0394489378	-0.021730927	0.0008828521	-0.0200874865	-0.0109639932	0.0591098299	0.0153912137	0.0340288212	0.016267713	0.0660047181	0.0396026983	0.0740857161	-0.0554711034	-0.0044100501	0.0224074066	-0.0079213612	0.0210602187	-0.0296075879	0.0290891346	0.0170359147	0.0161819429	-0.0017616458	-0.0594194176	0.0283854543	-0.0304700467	-0.0151993095	-0.0409449946	-0.0324395638	0.0281872344	0.04101757	0.0008093201	0.0109100763	-0.0124051445	0.009826319	-0.0470521128	-0.0050271455	-0.0289364138	-0.032495764	0.0263592452	0.043690819	0.0435566725	0.0646898726	0.0455944716	-0.0156827055	0.0702524632	-0.0252262844	0.0148705505	0.0155443857	-0.0539388031	-0.0615693223	-0.010014239	-0.0259877284	0.0427979152	0.0164915266	0.0048734189	0.0088734173	-0.000315011	-0.0126124718	-0.0541733508	0.0040755756	0.0263710107	0.045370433	-0.025141069	0.0302033936	-0.0623649327	-0.0733149588	-0.0178508787	0.0040894383	0.0421498266	-0.054037873	-0.063114644	-0.1744281182	-0.0894783282	0.2355777522	-0.0107426247	0.0683065528	-0.0397831939	0.0486473676	0.047683095	0.0460901072	0.0438894081	0.0411100147	0.0377885739	0.03396888	0.0297012967	0.0250420933	0.0200527028	0.0147989116	0.0093499925	0.0037777911	-0.0018442215	-0.0074419176	-0.0129414898	-0.0182704248	-0.023358459	-0.0281385053	-0.0325475373	-0.0365274207	-0.0400256797	-0.0429961886	-0.0453997805	-0.0472047632	0.0179773	0.0012881	1.659201610000001e-06	0.00032318331529	-0.00356559	-0.04886429	1.27134320481e-05	0.0023877188372041	0.0220626	0.0445373	0.00198357109129	0.00048675831876	-6.49633e-05	-0.0003172133	4.22023034689e-09	1.0062427769689e-07	-0.000104941	0.0	1.1012613481e-08	0.0	-0.00078704	-0.0001834529999999	6.194319616000001e-07	3.365500320899999e-08	0.0	0.0	0.0	0.0	0.0	0.0	0.0	0.0	0.0	0.0	0.0	0.0	0.0	0.0	0.0	1.0	0.0	0.0	0.0	0.0	0.0	0.0	0.0	0.0	0.0	0.0	0.0	0.0	0.0	0.0	0.0	0.0	0.0	0.0	0.0	0.0	0.0	0.0	0.0	0.0	0.0	0.0	0.0	0.0	0.0	0.0	0.0	0.0	0.0	0.0	0.0	0.0	0.0	0.0	0.0	0.0	0.0	0.0	0.0	0.0	0.0	0.0	0.0	0.0	0.0	0.0	0.0	0.0	0.0	0.0	0.0	0.0	0.0	0.0	0.0	0.0	0.0	0.0	0.0	0.0	0.0	0.0	0.0	0.0	0.0	0.0	0.0	0.0	0.0	0.0	0.0	0.0	0.0	0.0	0.0	0.0	0.0	0.0	0.0	0.0	0.0	0.0	0.0	0.0	0.0	0.0
52065.16286956408	-48.34044158145116	2710781184.6342344	2336.798292289692	63289.8021484375	-277.7556015625014	4005599055.988364	77148.17419934704	52975.02315227575	29.548295454551408	2806353077.984152	873.1017642694634	53074.6122424328	24468.93588042817	0.863919	19.791399	0.056061505	0.0324028	0.3234101576	0.0594014958	-0.0583295876	0.1046622783	-0.0004516968	0.0865587435	-6.71447e-05	0.0030641161	0.0260425525	-0.0418876142	0.0393456465	0.0161278802	0.0245756177	-0.0072631697	0.0096187026	-0.0115548432	0.0061773356	0.0153678843	-0.0189350009	0.035887797	-0.0536464434	-0.0359991008	0.0163495795	0.0428862262	0.0329539077	0.0081769121	0.0457839227	0.0045387594	-0.015311942	-0.0165381243	-0.0133126019	0.0439909924	-0.0827685945	-0.0227383328	-0.0578161497	0.0791864822	0.1161623389	0.0198102559	-0.0306060655	-0.0278478513	0.0253616624	0.0799537432	-0.0120407607	-0.0193978876	-0.0287751308	-0.0232628219	-0.0633535454	0.0283144442	0.027705343	0.0575575537	0.0396740956	0.0979576803	0.0892684018	-0.0210291221	-0.0314661355	-0.0006018727	0.0357961658	0.046283572	0.0009675082	-0.0309998925	-0.0424039907	0.0142610844	-0.0496112751	-0.0511323627	0.0149521488	-0.0103201413	0.0250262611	0.1429985024	0.0003823964	0.0462866197	0.0051948737	-0.0368530379	0.0061253856	-0.0282148136	-0.0062260816	-0.0306559084	-0.0081808637	0.0549157572	-0.014346245	-0.0419319302	-0.018236108	-0.0780427346	0.023889703	-0.0175629583	-0.0264714858	-0.0284752391	0.012393576	0.028057729	-0.0216358278	0.0285589022	-0.0240813909	0.008024223	-0.0132437387	0.0218151642	-0.0122911921	0.0172356437	0.0359199518	0.0120504574	0.0335217114	-0.0250662253	-0.0120220884	-0.0270290486	-0.0242135168	0.0253718901	-0.0559492979	0.0704638066	0.0040763824	-0.0025182547	0.0092766318	0.0679053146	0.0124953776	0.0085744824	0.0162694705	0.0192125854	-0.0346274329	0.0505383957	0.0389648303	-0.0073873195	0.0562085717	-0.0177205561	-0.00747441	-0.044056175	0.0052818265	-0.0153082855	-0.0226563452	-0.0173075049	0.0322163285	-0.0777343793	-0.0258838096	-0.0537099052	0.0787465463	-0.1175378055	0.0038701496	-0.0157190654	0.022650855	-0.038957064	-0.0772916355	-0.0376591042	0.001712241	0.0309344092	0.0265608485	0.0674895335	0.0138577226	-0.0240159585	-0.0642359053	-0.0843041436	-0.0907351804	0.0230444157	-0.0013767501	-0.0167841465	0.0653081191	-0.0290282149	-0.0366261758	0.0128643664	0.0350778894	0.0411977057	0.0232623949	0.0445051911	0.0351213108	0.0415811056	0.0263775349	0.0198082839	-0.1271061198	0.0331688117	0.0740417813	-0.0228096479	0.0279416477	0.0200558942	-0.0321140154	-0.0108988661	-0.0240952921	-0.0123460331	-0.0429883496	0.0309622666	0.0033824851	-0.0805579816	-0.0500756332	0.01068706	-0.0188654303	-0.0118444728	-0.021097791	-0.0028407318	-0.0257036402	-0.0014705002	0.0171743396	-0.0442005933	0.0234839979	0.0152348277	0.0111399538	0.0059628427	0.0356982198	-0.0025198218	0.0108646603	0.0365317133	-0.0032887723	0.0239191995	0.0584474702	-0.0323166396	0.0390224003	-0.00359456	-0.0761556334	0.0023957659	-0.0112433959	-0.0229944913	-0.0774753505	0.0158122049	-0.0175114623	0.0603924628	0.0202416446	0.0058100595	0.0133768354	-0.0033496033	-0.0120982805	-0.0624314226	-0.0127612982	0.045897764	0.0195239888	-0.0009689513	0.0475942335	-0.0737152384	-0.077219495	-0.034723429	0.0007557102	-0.0146557319	-0.051171357	-0.072532793	-0.1753057958	-0.1069467896	0.2282126909	-0.0049920403	0.0830624392	-0.0631722825	0.0486258757	0.0475977133	0.0459001824	0.0435571555	0.0406015827	0.0370750283	0.0330270864	0.0285146833	0.0236012772	0.0183559655	0.0128525131	0.0071683153	0.0013833093	-0.0044211503	-0.0101634351	-0.0157627911	-0.0211404744	-0.0262208584	-0.0309324975	-0.0352091317	-0.0389906186	-0.0422237789	-0.0448631447	-0.0468715983	-0.048220895	0.0227013	0.0047239999999999	2.2316175999999992e-05	0.00051534902169	0.0223028	0.02586839	0.00049741488784	0.0006691736011921	0.0220541	-8.500000000001562e-06	7.225000000002656e-11	0.00048638332681	0.000147563	0.0002125262999999	2.1774838969e-08	4.516742819169e-08	0.000185706	0.000290647	3.4486718436e-08	8.4475678609e-08	-0.000781001	6.039000000000001e-06	6.09962562001e-07	3.6469521000000006e-11	0.0	0.0	0.0	0.0	0.0	0.0	0.0	0.0	0.0	0.0	0.0	0.0	0.0	0.0	0.0	0.0	0.0	0.0	0.0	0.0	0.0	0.0	0.0	0.0	0.0	0.0	0.0	0.0	0.0	0.0	0.0	0.0	0.0	0.0	0.0	0.0	0.0	0.0	0.0	0.0	0.0	0.0	0.0	0.0	0.0	0.0	0.0	0.0	0.0	0.0	0.0	0.0	0.0	0.0	0.0	0.0	0.0	0.0	0.0	0.0	0.0	0.0	0.0	0.0	0.0	0.0	0.0	0.0	0.0	0.0	0.0	0.0	0.0	0.0	0.0	0.0	0.0	0.0	0.0	0.0	0.0	0.0	0.0	0.0	0.0	0.0	0.0	0.0	0.0	0.0	0.0	0.0	0.0	0.0	0.0	0.0	0.0	0.0	0.0	0.0	0.0	0.0	0.0	0.0	0.0	0.0
52133.719141674	68.55627210991952	2717924671.5429463	4699.962445609329	63433.11925390625	143.3171054687482	4023760618.280292	20539.79271994029	53006.93022205936	31.907069783606858	2809734651.56627	1018.0611021759578	53109.457806181614	24516.33037965453	0.804042	18.419699	0.06088906	0.0350719	0.3196834825	0.0598634122	-0.0602680035	0.1185053227	0.0031364735	0.1030867341	-0.0109427385	0.0406157506	0.0034596253	-0.0029817519	0.0331309385	0.0239205287	0.0114402744	-0.0085937662	0.0095902942	-0.0041285137	0.0211512816	0.0137166816	0.0308573824	-0.0237457861	0.0257403292	-0.0661357077	0.0084119157	0.0396416716	0.0312510062	-0.0104914465	-0.0162214184	0.0213699622	-0.046446395	-0.0380736126	-0.037386462	0.0098674047	-0.0270308221	0.0352619127	-0.011033226	0.0324800185	0.0515867649	0.0110057006	-0.0340207931	-0.0701455323	0.0192077965	0.0978973412	0.035532281	-0.0291227465	-0.0150905122	0.035963741	0.0058335344	0.0066913747	0.004788553	0.0472566541	-0.0494368846	0.1236765128	0.0832759883	-0.071691639	-0.0332129858	-0.0558012804	0.0682658864	0.0636147138	-0.0117037825	-0.0111968136	0.003726522	0.0060159614	-0.0029771406	0.0848205641	0.0342330356	0.0086254952	0.0743991506	0.0476360273	-0.0837497559	-0.0182427332	-0.0055986363	-0.063920933	-0.0507850786	-0.0468491398	-0.0512033738	-0.0192041618	0.0058619985	-0.0620962811	-0.0143692313	0.0066377938	-0.0590406575	-0.0447772783	-0.0133908796	0.0438056736	-0.0190598	-0.0828349016	0.004700347	-0.0143411148	0.0052329968	0.0518552173	-0.0339314733	0.0082058048	0.0525752249	-0.0791324024	-0.0062884031	0.0422432701	-0.007303602	-0.0253616497	0.0627569726	-0.0015595994	-0.0597539227	-0.0254624084	0.0462521825	0.0506601221	0.0678478954	-0.0278919795	0.0295468629	-0.044979333	-0.0137577796	0.0325997864	0.0109769772	0.0303730393	0.0129091612	-0.0352657472	0.0258139169	-0.0266788769	0.0618687238	-0.0036091019	0.0451316118	-0.0098847235	0.0107356594	0.0177556417	0.0303508193	-0.0375000734	-0.0458206637	-0.0296259358	0.0007241244	-0.0249608598	0.0358737978	-0.0147112254	0.0326880861	-0.0487527855	0.0068924115	-0.0300235968	0.0561777046	-0.0309456141	-0.1006644897	-0.0258540827	0.0493211112	0.0142049387	-0.0391627157	-0.0045720493	0.0079692568	-0.006093626	-0.036504388	0.0005789666	-0.1300631029	0.0574617505	-0.0304418692	-0.0455873861	0.1361619374	-0.0286647472	-0.0379316142	0.0182770694	0.0108400028	-0.0085734963	-0.0363486346	-0.0017365353	-0.0744345408	0.0179060242	0.000511779	-0.0561401581	-0.0538238811	0.0674809839	-0.0135045041	0.0255130285	0.059487656	-0.0283556091	-0.0862413842	-0.051010146	-0.0143462789	-0.0201622445	0.0677663506	0.0190297185	-0.0174930855	-0.0654010609	0.0264240529	-0.0093616973	0.0288488897	-0.0245315267	-0.0943016224	-0.0055539856	0.031126087	0.0163437745	0.0019039113	-0.0292777719	-0.0135227332	-0.0381582573	-0.0987609098	-0.0070491048	0.0161731742	-0.0406391307	0.0734248635	0.03515334	0.0343420374	0.0048733598	0.0406815386	-0.017226558	-0.0211836233	0.0787353499	0.0562890835	0.0533224097	-0.0068312097	-0.0458936283	-0.0216042073	0.0126039941	0.004551835	-0.0056365541	0.0162872896	0.000952546	0.0125687808	-4.92869e-05	-0.0164822426	-0.0535616092	-0.0209193835	0.0462420922	0.0197978776	-0.0078628598	0.010493833	-0.0784708391	-0.05626373	0.006453323	0.0175849022	-0.0494947161	-0.0506298473	-0.0751490294	-0.1656787686	-0.1049262796	0.228702173	-0.0058095822	0.0653289965	-0.0216717336	0.0486036939	0.04750963	0.0457043959	0.0432150141	0.0400787482	0.0363425447	0.0320623308	0.0273021769	0.0221333376	0.016633185	0.0108840509	0.0049719936	-0.0010144892	-0.0069857861	-0.0128525131	-0.0185268512	-0.0239238614	-0.0289627561	-0.0335681082	-0.0376709804	-0.0412099568	-0.0441320627	-0.0463935571	-0.0479605879	-0.0488096981	0.0227097	8.399999999998686e-06	7.055999999997791e-11	0.00051573047409	-0.00700401	-0.02930681	4.90561560801e-05	0.0008588891123761	0.0312302	0.0091761	8.420081120999998e-05	0.0009753253920399	0.000153404	5.8410000000000005e-06	2.3532787216e-08	3.411728100000001e-11	0.000450406	0.0002647	2.02865564836e-07	7.006609e-08	-0.000603587	0.0001774139999999	3.643172665690001e-07	3.147572739599999e-08	0.0	0.0	0.0	0.0	0.0	0.0	0.0	0.0	0.0	0.0	0.0	0.0	0.0	0.0	0.0	0.0	0.0	0.0	0.0	0.0	0.0	0.0	0.0	0.0	0.0	0.0	0.0	0.0	0.0	0.0	0.0	0.0	0.0	0.0	0.0	0.0	0.0	0.0	0.0	0.0	0.0	0.0	0.0	0.0	0.0	0.0	0.0	0.0	0.0	0.0	0.0	0.0	0.0	0.0	0.0	0.0	0.0	0.0	0.0	0.0	0.0	0.0	0.0	0.0	0.0	0.0	0.0	0.0	0.0	0.0	0.0	0.0	0.0	0.0	0.0	0.0	0.0	0.0	0.0	0.0	0.0	0.0	0.0	0.0	0.0	0.0	0.0	0.0	0.0	0.0	0.0	0.0	0.0	0.0	0.0	0.0	0.0	0.0	0.0	0.0	0.0	0.0	0.0	0.0	0.0	0.0
52743.54912216479	609.8299804907874	2781881974.00221	371892.60510539415	63791.34846484375	358.22921093750483	4069336138.9631233	128328.16756890732	53366.56554491054	359.6353228511798	2847990318.0592327	129337.56544227232	53468.80981282707	47606.45306253805	4.76422	109.142891	0.10879764	0.0552639	-0.1367436116	0.0814062019	-0.0353461676	-0.0084036617	0.0840224304	0.1508039097	-0.0193598663	0.0227371663	0.0215556026	0.034460805	0.0119671373	0.0189928445	0.0308048655	-0.0119631645	0.0138827591	-0.0425722542	-0.0018060506	0.0021561569	0.0264491289	-0.0347527188	0.0697667311	0.0006939118	0.0260894183	0.0034044493	-0.0045081047	-0.0131105099	-0.0249905858	-0.049339141	-0.0138155102	0.0435871627	-0.0355043036	0.0093599508	-0.0194591212	-0.0242794414	0.0673171998	0.0132029106	0.0284849494	-0.0666484188	0.0271090289	0.0075589011	-0.0355727495	-0.01923971	0.0465798829	0.0633028422	-0.014352505	-0.0031554528	0.0449375685	-0.0268372376	-0.012278266	0.0145367544	-0.0377749063	-0.1008364224	-0.083977857	0.0400093761	0.0300334761	0.0479847483	-0.0346404376	-0.0410403659	0.030638982	-0.0202360952	0.0119665634	0.0157905051	0.0727779841	0.0163751223	0.0764553148	0.0182787255	-0.0235928551	-0.0306551309	-0.0539251313	0.0276714728	-0.0155586954	0.0639488999	-0.0745777446	-0.0192650155	-0.0610086092	0.0027701637	0.0213111928	-0.0585787362	0.019661147	-0.0238339541	0.0078610926	-0.035979536	-0.0830919766	-0.0498335447	-0.01524237	-0.0258387335	-0.0148207969	-0.0306117543	-0.0506320413	0.0191568112	0.0447076881	0.0381110734	0.0372714327	-0.0671624364	-0.072498588	-0.0290801493	-0.0420951728	0.0444355772	0.0348022517	0.0455102737	-0.0741273309	-0.0602731333	-0.0278265477	0.0005723108	0.004233796	0.0063146706	0.0596074962	-0.0660957853	-0.0599865832	0.0224268224	0.0404040297	0.0490837459	0.0009517814	-0.0309152487	0.0349727389	-0.0678601756	-0.0044688841	-0.0285869284	0.0007656165	0.0045176431	0.0130021749	0.0275670992	-0.0466756992	-0.0179532153	0.0275925096	-0.0426722248	0.0045615539	-0.0277132228	-0.0135130363	0.071772762	0.0111216047	-0.0237146589	-0.062941636	0.0179644047	-0.0042970213	0.0436696002	0.0155403976	0.0652360544	0.0306461038	0.0193260197	0.0075978801	-0.0528741607	-0.0028636944	0.0301824948	-0.0045685638	0.0850314927	0.0896279737	-0.0292055285	0.0231454282	0.0238670451	-0.0927512671	0.0249654288	0.0381141775	0.0194602475	0.0058760712	-0.0237237462	-0.0640232779	-0.0593925985	-0.0028172227	0.0652610655	-0.0073381574	0.0027815163	0.0568614305	0.0411089057	0.0066665969	0.0143288442	-0.0514176007	-0.0851064751	-0.046262593	-0.0562665392	-0.0112374479	0.0168726968	0.0545113426	0.0366311905	-0.0160587679	-0.0090823825	-0.0297121863	-0.0461179415	-0.0704461801	0.002799717	-0.0359787687	-0.0229022121	0.0557371599	-0.0181453808	0.0387324338	0.0226732436	0.0294547668	-0.0446376175	-0.0761102737	0.0719778574	-0.0596903622	-0.0284531518	-0.0104349179	0.044213962	0.0296661893	-0.0461977371	0.0575831511	0.0494249966	0.0429931925	0.0172618741	-0.0102708895	0.0683863113	0.0152933372	-0.067285639	0.0142757317	0.0507043077	-0.0055412063	-0.0009906197	0.0096808866	0.0342788072	0.019017676	0.0123200893	-0.0127684387	-0.0565727767	-0.0201575749	0.033613055	0.0549377506	0.0065308129	-0.0321726087	0.0085704133	0.0222208382	0.0521156541	-0.0141755683	-0.0057226863	0.0323899568	0.0292786936	0.0328934828	0.0279681977	-0.0337768775	-0.0744496031	0.0007632915	0.01400102	0.0485808224	0.0474188502	0.0455027728	0.0428630618	0.0395416966	0.0355914973	0.031075284	0.0260648785	0.0206399614	0.0148868057	0.0088969041	0.0027655145	-0.0034098553	-0.0095309979	-0.0155005685	-0.0212236325	-0.0266091756	-0.0315715513	-0.0360318425	-0.0399191169	-0.043171555	-0.045737433	-0.0475759455	-0.0486578547	-0.0489659547	0.0227414	3.169999999999909e-05	1.0048899999999423e-09	0.00051717127396	-0.0233765	-0.01637249	0.00054646075225	0.0002680584288001	-0.0150251	-0.0462553	0.00213955277809	0.0002257536300099	-0.000337418	-0.0004908219999999	1.1385090672399999e-07	2.409062356839999e-07	0.000882347	0.000431941	7.78536228409e-07	1.8657302748100002e-07	-0.000603587	0.0	3.643172665690001e-07	0.0	0.0	0.0	0.0	0.0	0.0	0.0	0.0	0.0	0.0	0.0	0.0	0.0	0.0	0.0	0.0	0.0	1.0	0.0	0.0	0.0	0.0	0.0	0.0	0.0	0.0	0.0	0.0	0.0	0.0	0.0	0.0	0.0	0.0	0.0	0.0	0.0	0.0	0.0	0.0	0.0	0.0	0.0	0.0	0.0	0.0	0.0	0.0	0.0	0.0	0.0	0.0	0.0	0.0	0.0	0.0	0.0	0.0	0.0	0.0	0.0	0.0	0.0	0.0	0.0	0.0	0.0	0.0	0.0	0.0	0.0	0.0	0.0	0.0	0.0	0.0	0.0	0.0	0.0	0.0	0.0	0.0	0.0	0.0	0.0	0.0	0.0	0.0	0.0	0.0	0.0	0.0	0.0	0.0	0.0	0.0	0.0	0.0	0.0	0.0	0.0	0.0	0.0	0.0	0.0	0.0	0.0
52509.01039080408	-234.53873136071343	2757196172.2215705	55008.4165082929	64129.51572753906	338.1672626953077	4112594787.44868	114357.09755883728	53233.60422585227	-132.9613190582677	2833816618.8746767	17678.71236571446	53332.47213591223	34900.55961723823	3.683572	84.386482	0.06438673	0.0354828	0.113238614	-0.0301321125	0.0211189463	-0.1350617347	0.0452623503	-0.1839026252	-0.0350063153	-0.019905951	0.0203648307	0.0240111144	0.0469848461	0.0161320957	0.0146490738	-0.0007290208	-0.0047417087	-0.0110251635	-0.0441663575	-0.0028009974	0.0039510881	-0.0064725902	0.0136868256	0.0598520022	0.0044758329	-0.033737281	0.0347645338	0.0697301186	-0.008948121	-0.0256829146	0.0400411048	0.0359688236	-0.0382053938	0.0149077577	0.0131789715	0.0180405742	0.0402631054	-0.0664850953	-0.0910026991	0.0021568455	0.0136899785	-0.0196320567	0.0059909173	0.0692847802	-0.0391576584	0.0757935634	-0.0003832862	-0.0614686541	0.0451743915	0.0074734436	0.0446507785	0.0114506531	0.005997641	-0.0046923115	0.0095770896	0.0313646344	0.0338932546	-0.021640087	-0.0075896237	0.0117156485	-0.0234149291	-0.0234529771	-0.0012546011	0.0574245026	-0.0117992947	0.0002671011	-0.0200215603	0.0209256295	0.0582389305	0.0131768084	0.0274530478	0.0214482492	-0.0124898678	0.0493057022	0.0173404852	-0.0045472963	0.028877076	0.0076047575	0.0367320831	-0.0003946518	0.0169278256	-0.0488182467	0.0112239472	-0.0735140169	-0.025675944	0.0740136354	0.0109832145	-0.0583044227	-0.0001917581	-0.0231009964	0.0367258411	-0.0610623143	0.0321550174	0.02000176	-0.0167421302	0.0325893683	0.0571644394	-0.0099614315	-0.0493780404	0.0439873017	-0.0042794654	0.053638046	0.0002687023	0.0012889846	0.0367551483	0.0141288415	0.02981584	-0.0764684141	-0.0077820127	0.0106758156	-0.030679638	-0.0114483202	-0.0229597991	5.83114e-05	-0.0026119643	-0.0039640909	0.0055994948	-0.0123489213	-0.0580880902	-0.0012023637	-0.0175323044	-0.0468344093	-0.0715669858	0.0098983971	-0.0322485887	0.0328809944	0.0305773697	-0.0412642405	0.0074839166	0.0125007371	0.0257461014	0.0392751552	-0.0662619369	0.0850624519	0.0149449151	0.0102201527	0.0284132649	-0.0081829636	-0.0733239283	0.067007769	-0.0433116168	0.0108081583	0.0770190397	-0.0328379426	-0.0178605559	-0.0493256931	-0.0103234015	-0.0014741962	0.0124438131	-0.001336763	0.0363727039	-0.0219010057	0.0172823456	0.0220576667	0.0125748538	-0.0152936111	0.0304849463	0.0072033702	-0.034095171	0.0343729789	0.0300958485	-0.0161570229	-0.0239288524	-0.0468382722	-0.0340977058	-0.0329135301	0.0233902498	-0.0001406328	-0.0521956635	0.0042914372	0.0045705491	0.0265788275	-0.0149268183	0.0379381747	0.014193527	0.0429647441	-0.0075445725	-0.0340194188	-0.067212216	-0.0346526648	0.0577631295	-0.0098836839	-0.0547395283	-0.0099038303	-0.0129521293	0.0118354836	-0.0266161774	0.0836169847	0.0097927552	0.0257337203	0.0308883376	-0.0684726181	-0.0376121929	-0.0269940245	-0.0424026793	0.0163690062	-0.0067452289	-0.0457006658	-0.0037403252	0.0002407083	-0.0324133324	0.0024948384	0.0795146281	0.0059584408	-0.0169233476	-0.0114547025	0.0208422307	-0.0055078897	0.037373033	-0.0093229337	0.0149153675	0.016033275	0.0211165632	-0.0020430787	-0.0255692781	-0.0497614178	-0.0163918964	0.0567127589	0.0243692015	0.0101657371	0.0100721066	-0.0415315139	-0.0067538149	0.0141447567	0.0185582207	0.0318277861	-0.0115385874	-0.0010304326	-0.0451034243	-0.0215882052	0.0835917341	-0.011742835	0.0382307511	-0.0314493375	0.0485572616	0.0473253789	0.0452953387	0.0425013783	0.0389906186	0.0348222698	0.0300666323	0.0248039116	0.019122865	0.0131193052	0.0068944842	0.0005533855	-0.0057970462	-0.0120497088	-0.0180991493	-0.0238433419	-0.029185409	-0.0340352549	-0.0383110855	-0.0419407874	-0.0448631447	-0.0470288708	-0.04840144	-0.0489577037	-0.0486882801	0.0227447	3.300000000001218e-06	1.0890000000008045e-11	0.00051732137809	-0.00698982	0.01638668	4.88575836324e-05	0.0002685232814224	0.0098489	0.024874	0.000618715876	9.700083121e-05	0.000120194	0.000457612	1.4446597635999998e-08	2.09408742544e-07	0.0008775039999999	-4.843000000099998e-06	7.700132700158245e-07	2.3454649000968582e-11	-0.000603587	0.0	3.643172665690001e-07	0.0	0.0	0.0	0.0	0.0	0.0	0.0	0.0	0.0	0.0	0.0	0.0	0.0	0.0	0.0	0.0	0.0	0.0	1.0	0.0	0.0	0.0	0.0	0.0	0.0	0.0	0.0	0.0	0.0	0.0	0.0	0.0	0.0	0.0	0.0	0.0	0.0	0.0	0.0	0.0	0.0	0.0	0.0	0.0	0.0	0.0	0.0	0.0	0.0	0.0	0.0	0.0	0.0	0.0	0.0	0.0	0.0	0.0	0.0	0.0	0.0	0.0	0.0	0.0	0.0	0.0	0.0	0.0	0.0	0.0	0.0	0.0	0.0	0.0	0.0	0.0	0.0	0.0	0.0	0.0	0.0	0.0	0.0	0.0	0.0	0.0	0.0	0.0	0.0	0.0	0.0	0.0	0.0	0.0	0.0	0.0	0.0	0.0	0.0	0.0	0.0	0.0	0.0	0.0	0.0	0.0	0.0
52499.0927199262	-9.917670877875937	2756154736.415408	98.36019564186842	63845.38918408203	-284.1265434570305	4076233720.0668974	80727.89269683984	53217.74094082447	-15.863285027800885	2832127950.844705	251.6438118732517	53320.24336197669	35868.758790964894	2.226152	50.998627	0.10539608	0.0523352	0.0398215493	0.0308620333	-0.012481555	-0.20743446	0.0622874873	-0.1830392633	-0.0148744845	-0.045336939	0.0325604048	-0.0057083613	0.0535290765	0.0451371479	0.0210978665	-0.0069471974	0.0234402494	-0.0297285509	0.0068446711	0.0038112009	-0.049011943	0.022803208	-0.0150236137	0.0471009342	-0.020973106	0.0266676717	0.025341717	0.0376938963	0.0377725784	-0.0310475102	0.034689702	0.0386202901	0.049489807	-0.0440610276	-0.016086288	-0.0280806547	-0.0305302406	-0.0070697038	0.0364152203	-0.0106969046	-0.0546021382	0.0116408267	-0.0012581601	-0.0189930213	0.045385422	0.0581798468	-0.0282037987	-0.0084593011	-0.0029108464	-0.0009604925	-0.0101685458	-0.0727011196	0.0410224461	-0.0543650252	-0.002535397	0.0064974875	-0.0262203745	-0.0467494459	0.0252199773	0.0186652193	0.0379119945	-0.0020652207	-0.0105411347	-0.0480071022	0.0064092223	-0.0480423812	-0.0341126574	-0.0033607559	0.0456752461	0.0517882068	-0.0354338688	0.0421063519	-0.0849661439	-0.0359629015	-0.0088468869	0.0152467658	-0.0564344677	-0.0154729483	0.0116908948	0.0052265228	0.0402044218	0.0027047773	-0.0053069785	-0.0357652874	-0.0577686869	0.0931762568	0.0165673101	0.0255761644	-0.0323599786	-0.0208076898	-0.0134815901	-0.0210471183	-0.061142912	-0.0549914704	-0.0630448981	0.0446002574	0.0023044509	0.0391301568	0.050902166	-0.0047435138	-0.0846626796	0.0281479928	-0.0504667784	0.0031232499	-0.0303435835	-0.0144704685	-0.0157725988	-0.0056998233	0.0995440089	-0.0077005061	0.0278984826	-0.0131679	0.0064372492	-0.0164982109	0.0055293891	0.0487863151	-0.0215044863	0.0113609713	-0.0448759982	0.0256162925	0.0323388474	-0.0149755606	-0.0349457284	-0.0346173051	-0.0420755135	0.0203283862	0.0452373208	0.050221433	-0.0371529002	-0.0129982352	-0.0350229809	-0.0256379338	-0.0025131831	-0.042508977	-0.0044458365	-0.0589362073	-0.0026436754	0.0043828761	0.0177230425	0.0640823629	0.0305504694	0.0417086229	0.0154571649	0.0058312099	-0.0218482362	0.0189777718	0.0668359376	-0.024651648	0.0519151541	-0.0481731879	-0.0133874587	0.0330243415	0.0371042702	0.0168114734	-0.0167456908	0.0216134805	0.0015979137	0.0208745395	0.0713443107	-0.0351502031	0.0356605132	-0.0220341322	0.0135901518	-0.0346877766	-0.0533234831	0.0351861107	0.0512802597	0.0652750592	0.0150095676	-0.0037559934	-0.0108756363	-0.0714136151	-0.0261211517	0.0056354635	0.0223051639	0.0195597067	0.0242402839	0.0038624539	-0.0425910899	-0.0871956801	0.100698693	-0.0078823267	0.014642151	-0.0136440339	-0.0026398298	-0.0319395067	-0.0257081329	-0.0493178689	-0.0581283577	-0.0043924424	0.0826927877	-0.003327257	0.0537714682	0.016131763	-0.0192226149	0.0052119111	0.0883851371	-0.0283232933	-0.0263086593	0.0226448149	0.0208701209	-0.0204543071	-0.0114742042	0.0686176976	0.0580946175	0.0065853248	0.0045988614	-0.0427088584	-0.0146281838	-0.0246119466	0.0159493595	0.0414198444	0.0292141627	0.0205355279	-0.0236731206	-0.0571241197	-0.0224959338	0.0365959355	0.0685162192	0.0003601582	0.0154643267	-0.0125556528	-0.0145544085	-0.0254607149	0.0206477043	0.0480329146	-0.0015268313	0.0150948294	-0.0059542524	-0.0171347166	0.018215368	-0.0680508469	0.0006426463	-0.0226475495	0.0485330118	0.0472292216	0.0450821203	0.0421300458	0.0384257095	0.0340352549	0.0290370768	0.0235204212	0.0175837917	0.0113331913	0.0048802286	-0.0016598739	-0.0081703383	-0.0145349155	-0.0206399614	-0.0263764663	-0.0316420006	-0.0363425447	-0.0403941669	-0.0437245227	-0.0462741461	-0.0479975119	-0.0488638482	-0.0488576859	-0.047979135	0.0228218	7.710000000000009e-05	5.944410000000013e-09	0.00052083455524	0.0112898	0.01827962	0.0001274595840399	0.0003341445073444	-0.00227581	-0.01212471	0.0001470085925841	5.179311156100001e-06	0.000463453	0.000343259	2.14788683209e-07	1.17826741081e-07	0.00164378	0.0007662760000001	2.7020126884000003e-06	5.871789081761533e-07	-0.000214829	0.000388758	4.6151499241e-08	1.51132782564e-07	0.0	0.0	0.0	0.0	0.0	0.0	0.0	0.0	0.0	0.0	0.0	0.0	0.0	0.0	0.0	0.0	0.0	0.0	1.0	0.0	0.0	0.0	0.0	0.0	0.0	0.0	0.0	0.0	0.0	0.0	0.0	0.0	0.0	0.0	0.0	0.0	0.0	0.0	0.0	0.0	0.0	0.0	0.0	0.0	0.0	0.0	0.0	0.0	0.0	0.0	0.0	0.0	0.0	0.0	0.0	0.0	0.0	0.0	0.0	0.0	0.0	0.0	0.0	0.0	0.0	0.0	0.0	0.0	0.0	0.0	0.0	0.0	0.0	0.0	0.0	0.0	0.0	0.0	0.0	0.0	0.0	0.0	0.0	0.0	0.0	0.0	0.0	0.0	0.0	0.0	0.0	0.0	0.0	0.0	0.0	0.0	0.0	0.0	0.0	0.0	0.0	0.0	0.0	0.0	0.0	0.0
52550.41417067036	51.32145074415894	2761546029.508992	2633.891306485132	63856.4194140625	11.030229980467992	4077642300.384658	121.66597342201494	53160.44912147153	-57.291819352940365	2826033350.796563	3282.352564769952	53258.308286193205	41767.65042296571	2.386791	54.678677	0.0764021899999999	0.0566833	-0.0734788185	-0.0136027058	0.0316952729	-0.1535438974	0.0714317263	-0.00261179	-0.0171200112	-0.0162470209	0.0252338409	-0.0581260629	0.0582352311	0.026099641	0.0067036931	0.0155143402	-0.0003249155	0.0071567962	0.0469617368	0.0128158745	-0.0292513208	0.0334225678	-0.0340234799	-0.0605374147	-0.0571028047	0.021849415	0.0776484486	-0.0140686911	-0.0178802749	0.053535827	0.0237398886	-0.0137542331	0.0491954612	-0.0051475311	-0.0524488293	0.0105060698	0.0455697834	0.0011949871	0.0141007251	-0.0009998787	0.0039233903	0.0547891046	0.0176586243	-0.0289652793	0.0987419112	-0.0483987152	-0.0177486574	-0.0095978647	-0.0011837123	0.0041536209	0.0223440309	-0.0252102415	0.0080167939	0.0116312363	-0.0081055384	0.0121923308	-0.0649480518	-0.022601345	-0.0613511463	0.0518575211	-0.0316010022	0.0032760434	0.0126871735	-0.0472161547	0.0391854959	-0.0140462535	-0.0241206349	0.0324284502	0.0516210617	0.0269072694	-0.0457258014	0.0681642723	-0.0038404722	0.0205341551	0.0199870517	0.0304717697	0.0712425902	-0.0294922821	-0.0453262177	-0.0202345422	-0.0062621133	-0.0455447299	-0.0590244407	0.0160921697	-0.0061132288	-0.0312325942	0.0827398198	-0.0427236971	-0.0694519097	-0.0216243613	-0.0306457778	0.0705400048	0.002779434	0.0165608411	0.0324466028	0.0400275875	0.0418477274	-0.0402601566	-0.0085150145	-0.0532534342	-0.0108949164	-0.0301494676	0.0418140192	0.0372239089	0.0226004766	-0.0384042025	0.0201730543	-0.0536553469	-0.058505122	0.0503650081	-0.026075784	0.0184342455	-0.032217495	0.0473513077	0.0142196929	0.0279961655	-0.0304541392	0.0307468471	0.0628065017	0.069154509	0.0426598864	-0.0543496656	0.0115900914	0.0149975767	0.0571676687	0.0294553744	-0.0079607635	0.0528854649	-0.0014485742	-0.0446144512	0.0125497447	0.0404736968	0.0029622416	-0.0158747741	-0.0022101812	0.0110588649	-0.0560836843	-0.0112745352	0.0382992618	-0.0135354025	0.092510525	0.0278558437	-0.012939926	0.0098124184	-0.0159881472	-0.0350726565	0.0312903525	-0.0116138811	-0.0008814634	0.017490276	-0.007214496	0.0381422208	0.0444990016	-0.0447148568	0.0874282592	-0.0248814011	-0.0082416512	0.0051225383	0.0227878894	-0.054123157	0.013698609	-0.0291027619	-0.0167339247	-0.0505710421	-0.0396550355	0.0485486467	0.0519766022	-0.0190286188	-0.0336625093	0.0066306557	0.0281151198	0.0616575317	-0.0470102234	-0.04144374	-0.0031936624	0.0564499199	-0.0518190682	-0.0187346139	0.0477985657	-0.0243774899	0.0120288462	0.0838695246	-0.0225558252	-0.0504341794	0.0633291888	0.0264354188	0.0458822331	-0.0423233829	0.0242651812	0.0462962055	0.0033181582	-0.019992474	-0.0039517464	0.0476321228	0.006974128	-0.079225204	-0.0298629625	0.0352523854	-0.046192047	0.0100697089	-0.029569993	-0.020394757	0.0408168472	-0.0389046494	-0.0574276258	0.0290646941	0.0008413124	0.0428557286	0.0525811032	-0.0515200602	0.0138183667	0.0136709554	0.0197757156	-0.0015601994	-0.0109925751	-0.0274241491	-0.0290143891	0.0614830539	0.0175642605	0.0573442276	0.0100501445	-0.0278304989	0.0106324994	-0.074107184	0.0046690142	-0.0269860067	0.0098188977	0.0451001388	0.0222803324	0.0092039619	-0.0253514559	-0.0484022323	0.0412664861	-0.0339929581	0.0485080733	0.0471303837	0.0448631447	0.0417491486	0.0378471697	0.0332308549	0.0279873335	0.0222155728	0.0160245105	0.0095309979	0.0028575952	-0.0038697424	-0.0105240416	-0.0169797078	-0.0231148951	-0.0288138067	-0.03396888	-0.0384828171	-0.0422704209	-0.0452602033	-0.0473957345	-0.0486367079	-0.0489597013	-0.0483586182	-0.0468448038	0.0239585	0.0011367	1.292086890000002e-06	0.00057400972225	-0.00474798	-0.0160377799999999	2.25433140804e-05	0.0002572103873283	-0.00227952	-3.7100000000000848e-06	1.376410000000063e-11	5.196211430400001e-06	-0.000563224	-0.001026677	3.17221274176e-07	1.0540656623289998e-06	0.00169437	5.058999999999988e-05	2.8708896969e-06	2.5593480999999877e-09	-0.000107616	0.000107213	1.1581203455999998e-08	1.1494627369000004e-08	0.0	0.0	0.0	0.0	0.0	0.0	0.0	0.0	0.0	0.0	0.0	0.0	0.0	0.0	0.0	0.0	0.0	0.0	0.0	1.0	0.0	0.0	0.0	0.0	0.0	0.0	0.0	0.0	0.0	0.0	0.0	0.0	0.0	0.0	0.0	0.0	0.0	0.0	0.0	0.0	0.0	0.0	0.0	0.0	0.0	0.0	0.0	0.0	0.0	0.0	0.0	0.0	0.0	0.0	0.0	0.0	0.0	0.0	0.0	0.0	0.0	0.0	0.0	0.0	0.0	0.0	0.0	0.0	0.0	0.0	0.0	0.0	0.0	0.0	0.0	0.0	0.0	0.0	0.0	0.0	0.0	0.0	0.0	0.0	0.0	0.0	0.0	0.0	0.0	0.0	0.0	0.0	0.0	0.0	0.0	0.0	0.0	0.0	0.0	0.0	0.0	0.0	0.0	0.0	0.0	0.0
52780.04899539052	229.6348247201604	2785733571.955824	52732.15272425879	64084.28291308594	227.86349902344227	4106795316.4844384	51921.77418720628	53314.7777460862	154.3286246146672	2842465526.114568	23817.324375454864	53412.44525117448	50817.53166773412	2.767095	63.391018	0.3179720399999999	0.190563	-0.1506564267	-0.0039090012	0.0090648861	0.2191743164	0.022247096	0.0645945979	-0.03711199	0.0445992401	0.0437824884	-0.0021876149	-0.0555416857	-0.0157593188	-0.047508168	0.0136991438	-0.0207072154	0.0524150231	0.0761350923	0.0196674869	0.0497575908	0.0339418501	0.0208461782	-0.0423270813	-0.010603284	0.0423084585	0.0022341264	-0.0238577623	0.0304784809	0.0258216542	-0.0666826634	-0.0198492629	-0.0188847011	-0.0064446518	0.006716378	0.0380894067	0.0276813814	0.036361714	-0.0747078834	-0.0054621842	0.0094306807	0.0486866809	-0.0334877516	0.0107796821	0.0552269675	-0.0191384446	0.0263895073	-0.0106818253	-0.0804356986	-0.0523585761	-0.0041304145	0.0046300286	0.047212498	-0.0523888409	-0.0742433863	0.0620579791	0.0305679873	-0.0698453059	-0.0671672036	-0.0367439846	-0.0413441963	0.009718422	-0.0110657411	-0.0352672152	0.0018427739	0.0305936802	0.0201661075	0.070606569	-0.0976635545	0.0235719807	-0.0542909583	0.0532188576	0.0384504992	0.0203280704	0.0089782967	-0.003415813	0.0378766017	-0.0205964468	-0.0121003201	-0.0059317203	-0.0495976031	0.0227827862	0.0075897296	0.0728072784	0.0660868027	-0.0882888991	0.0373679685	0.0250904934	-0.0197162799	0.0036632314	0.0015585976	0.0471754308	-0.0089881241	0.0101280846	0.0192165271	0.0180956109	0.0352538299	-0.0117206183	-0.033183039	0.0152934532	0.0186518801	0.0179053629	-0.0770271723	0.0255158113	-0.0429671044	0.0323864421	-0.0913684626	0.040338804	-0.0093426904	0.0555824013	-0.0330344849	0.0026407264	0.0348026771	-0.0177374569	0.0176540497	-0.0501024904	-0.0341699898	-0.0207675798	0.0400935375	0.0145861565	0.038768063	0.0178904869	0.0237124568	-0.0266057922	0.0376931311	-0.064499494	-0.0234702416	-0.0152677645	-0.0057091979	0.0062648178	0.0406304276	0.0239002022	0.0350013167	0.0805023074	-0.0013493559	0.0109913207	-0.0523488625	0.0347171394	-0.0023044519	-0.015043251	0.0572572334	-0.026393069	0.0072425931	0.0532452907	0.06311668	0.0166381065	0.0132894525	0.0007684299	0.108168539	0.0125697542	0.040308628	0.0186613365	-0.0068638819	0.0761150189	0.0770587063	-0.0632393862	-0.0013929542	-0.0067228671	0.0189071361	-0.0178388975	-0.047309954	0.0077076255	-0.0623232075	0.0758146325	0.0231715546	0.0802959323	0.0473586194	-0.0463214899	-0.0152617991	-0.0015810922	0.0125047531	0.0460794785	-0.0131620593	-0.0155510072	-0.0136893416	-0.0394798303	-0.0166166458	0.0199332546	0.0569562081	0.0703729288	-0.0612035682	0.0520774288	0.0403962587	-0.0058497996	0.0516370295	0.0339036289	0.0191295171	-0.0372050478	0.0226734514	0.0437817604	-0.0096830621	-0.0404898717	-0.0397579053	-0.008283796	0.0292737622	0.0389578483	0.0470450011	-0.0312961128	0.0070740406	-0.0578507886	0.0677384608	-0.0668456657	-0.0585469653	0.0061312438	-0.0264315206	0.0179041401	-0.0034674625	0.0234017341	-0.0449185523	0.0595731056	0.0147183935	-0.069105733	-0.0024383766	-0.0486758946	0.0121692843	0.064990925	0.0387656146	0.0210223696	0.0300704062	0.0701317532	-0.0335987412	-0.0710862969	0.1047057561	-0.0260789097	0.0015704265	-0.0671990802	-0.0367532127	0.0781762357	0.0426380298	0.0212839892	-0.0978005436	0.0034476369	-0.0166000059	0.047337545	0.0484824465	0.0470288708	0.0446384398	0.0413587732	0.0372552045	0.0324094805	0.026918132	0.0208905514	0.0144468132	0.0077152822	0.0008300562	-0.0060717052	-0.0128525131	-0.019377288	-0.0255160508	-0.0311465121	-0.0361565084	-0.0404462362	-0.0439302406	-0.0465391172	-0.048220895	-0.0489420714	-0.0486882801	-0.0474645768	-0.0452953387	0.042172	0.0182135	0.00033173158225	0.001778477584	-0.0980221	-0.09327412	0.00960833208841	0.0087000614617744	0.0192685	0.02154802	0.0004643171659204	0.00037127509225	-0.00347672	-0.002913496	1.20875819584e-05	8.488458942015998e-06	0.00146594	-0.0002284299999999	2.1489800836e-06	5.218026489999998e-08	0.000449186	0.000556802	2.0176806259600001e-07	3.10028467204e-07	0.0	0.0	0.0	0.0	0.0	0.0	0.0	0.0	0.0	0.0	0.0	0.0	0.0	0.0	0.0	0.0	0.0	0.0	0.0	0.0	1.0	0.0	0.0	0.0	0.0	0.0	0.0	0.0	0.0	0.0	0.0	0.0	0.0	0.0	0.0	0.0	0.0	0.0	0.0	0.0	0.0	0.0	0.0	0.0	0.0	0.0	0.0	0.0	0.0	0.0	0.0	0.0	0.0	0.0	0.0	0.0	0.0	0.0	0.0	0.0	0.0	0.0	0.0	0.0	0.0	0.0	0.0	0.0	0.0	0.0	0.0	0.0	0.0	0.0	0.0	0.0	0.0	0.0	0.0	0.0	0.0	0.0	0.0	0.0	0.0	0.0	0.0	0.0	0.0	0.0	0.0	0.0	0.0	0.0	0.0	0.0	0.0	0.0	0.0	0.0	0.0	0.0	0.0	0.0	0.0	0.0
52747.02533111021	-33.02366428030655	2782248681.2807827	1090.5624024983945	64039.51695019531	-44.765962890625815	4101059731.2143526	2003.9914335248875	53262.228747015535	-52.54899907066283	2836865011.099408	2761.397303328523	53361.27667567346	46703.300173117896	2.105522	48.235138	0.1418364999999999	0.0789724	-0.1095579819	-0.0540695635	0.0386283819	0.009042828	0.0771084142	0.1521325701	-0.032073335	0.0128591095	-0.0049862556	0.0180408599	-0.0265100424	0.0254263975	-0.0444219221	-0.0189705893	0.0121986755	0.0060055879	-0.0725698121	0.0291884687	0.0455306763	0.0015035063	0.061343806	0.0360057504	-0.0054829024	-0.0282783592	0.0298853895	0.009975471	0.0330965886	-0.0376428668	0.0033437313	-0.0087982346	-0.0386818382	0.0056855437	0.0109502448	0.0407922828	0.0247076674	-0.0100287538	0.0037944432	-0.0081124561	-0.0122316681	-0.0396842439	-0.0083964853	-0.0183620835	0.008611431	-0.0390062756	0.0688294816	0.0381454568	0.0114735359	-0.0953314943	0.0395670076	-0.0042254774	0.0464537462	0.0199329024	-0.0193394215	0.0532590486	0.0321895847	0.0299562733	0.051411044	0.02901692	0.0324578429	0.0380712743	-0.0137696306	0.000200308	0.0064777082	-0.0012531024	-0.0077047815	-0.0082632337	-0.0260412568	-0.0080775421	-0.0371138213	0.0794134457	0.0526512329	-0.0484662869	0.0419904755	0.0125925895	-0.0073733551	-0.0675245991	-0.0313872774	0.0130819192	-0.0182861912	-0.0293673157	-0.0103540263	-0.0051265837	-0.0481907806	0.0144554763	0.0508886871	-0.0156523059	0.0517638256	0.0762868812	0.0150491255	0.005377885	-0.0114237178	-0.0681991824	-0.0654115066	-0.0005408629	0.017100594	0.0403281975	-0.0049049994	0.0017593176	0.0201980846	0.0837656187	-0.0253802023	-0.0100538752	0.0413967684	0.0305811763	0.0430260813	-0.0149021785	0.0830025244	-0.013056728	0.0165231538	0.0005002926	0.0265984302	-0.0441232806	0.0273936953	-0.0483552915	-0.002042813	-0.060100646	-0.0369708035	0.0092448952	-0.0153689003	-0.0395689666	-0.0112675218	-0.0327314227	-0.0361725399	-0.0030161818	-0.0153373447	-0.0347413582	-0.0004901	0.0098559766	0.0470465327	0.0224376193	-0.0073898247	-0.0002951417	-0.00873683	-0.0184219843	0.0253407604	0.005699439	0.0096092289	-0.0210546407	0.0177289047	-0.0780851202	-0.0385368918	-0.0547497106	0.0856822412	-0.0333622031	0.023932913	-0.0282001151	0.0381712476	0.0334797032	0.0438139751	-0.0032463495	-0.0087913838	0.0071042548	-0.0463091455	0.0455975891	-0.0255715672	0.0474744451	-0.0048669384	-0.0020024327	0.0046089996	-0.010235462	0.0135585846	0.0095704261	0.028150856	0.0437854231	0.0532089686	-0.0765821764	0.0339520151	0.0323481419	0.0071028364	-0.0116806682	-0.0683322418	-0.0491704803	-0.018013222	0.0077717326	-0.0219901241	-0.0014300401	-0.0052714528	-0.0623576399	0.0167116206	0.0361669292	-0.0223254065	0.0570636148	-0.0594092939	0.0079416084	0.0307548204	-0.0220525394	-0.0302823303	-0.0242486465	0.0663000932	-0.0304670303	0.0082967565	-0.0316898572	0.0544822562	0.0389711258	0.01865639	-0.084302181	0.0167824296	-0.0042804881	-0.0342279506	0.0329434539	0.0367600304	0.073540932	0.0398005761	0.0044703458	-0.0066329596	-0.0348367308	-0.044585874	-0.0307765503	0.0065734227	-0.0353451713	-0.0068251757	-0.025562603	-0.013608677	0.0360702473	0.030635093	0.0388493968	0.002040827	0.0231448044	0.0162393879	-0.0583910666	0.1045469395	0.0594487917	0.0530212627	0.0129136983	0.0070785369	0.0600630999	0.0302375593	0.0094643803	-0.0828993608	-0.0230318793	-0.0303679509	-0.0067116675	0.0484561318	0.0469246886	0.0444080345	0.0409590082	0.0366500239	0.0315715513	0.0258302158	0.0195465601	0.0128525131	0.0058886202	-0.0011989077	-0.0082612638	-0.01515017	-0.0217209896	-0.0278357645	-0.0333661115	-0.0381959179	-0.0422237789	-0.0453651274	-0.047554009	-0.0487444668	-0.0489115064	-0.0480516209	-0.0461828639	-0.0433444711	0.0204269	-0.0217451	0.00047284937401	0.00041725824361	-0.0773887999999999	0.0206333000000001	0.0059890263654399	0.00042573306889	0.0195733	0.0003047999999999	9.290303999999845e-08	0.0003831140728899	-0.00224191	0.0012348099999999	5.026160448100001e-06	1.5247557360999996e-06	0.00207544	0.0006095	4.3074511936e-06	3.7149025e-07	0.00031043	-0.000138756	9.63667849e-08	1.9253227536000007e-08	0.0	0.0	0.0	0.0	0.0	0.0	0.0	0.0	0.0	0.0	0.0	0.0	0.0	0.0	0.0	0.0	0.0	0.0	0.0	0.0	0.0	1.0	0.0	0.0	0.0	0.0	0.0	0.0	0.0	0.0	0.0	0.0	0.0	0.0	0.0	0.0	0.0	0.0	0.0	0.0	0.0	0.0	0.0	0.0	0.0	0.0	0.0	0.0	0.0	0.0	0.0	0.0	0.0	0.0	0.0	0.0	0.0	0.0	0.0	0.0	0.0	0.0	0.0	0.0	0.0	0.0	0.0	0.0	0.0	0.0	0.0	0.0	0.0	0.0	0.0	0.0	0.0	0.0	0.0	0.0	0.0	0.0	0.0	0.0	0.0	0.0	0.0	0.0	0.0	0.0	0.0	0.0	0.0	0.0	0.0	0.0	0.0	0.0	0.0	0.0	0.0	0.0	0.0	0.0	0.0	0.0
52767.21422666351	20.18889555329952	2784378897.2426004	407.591503662037	64126.852315429685	87.33536523437215	4112253187.8849297	7627.466020621179	53297.32050611249	35.091759096954775	2840604373.131279	1231.4315565187082	53393.0305113062	47162.00901386212	1.769998	40.548649	0.0787841999999999	0.042309	-0.1316693861	0.0317329233	-0.0141471031	0.0522489784	0.0883974658	0.1352400225	-0.0301883422	-0.0643775101	0.0448890169	0.0056384404	-0.0559565807	-5.66289e-05	0.0079331761	0.0030052083	-0.02686922	0.0014481585	0.0529666501	0.0488319828	-0.0312499874	0.0316572725	0.0200706679	0.0867044723	-0.0349620581	0.0181797638	-0.0129690494	0.026371817	0.0565062348	0.0056089506	0.0146233346	0.0410319751	0.0528299955	-0.0079813593	0.0170396904	-0.1088951298	-0.0410013482	-0.0621750812	-0.0413115552	0.006902868	0.0361142805	0.015502051	0.0016545967	-0.0331246925	0.0798366285	-0.0285707672	0.0151199608	0.0212966422	0.0514679505	-0.017465341	0.0349296331	-0.0277566816	0.0617584138	0.0091984926	-0.0379522014	-0.025679066	-0.0547832457	0.0553888632	-0.0478508741	-0.0158305317	0.0762409148	0.0321503862	0.0162551163	0.0140123236	0.0203268698	-0.0067829365	-0.0182949823	0.0386398467	-0.0401485902	0.0496022988	0.0136456197	0.012471586	0.0353245805	-0.0175254291	0.0189235968	0.0892343868	-0.0053529073	0.0704575576	0.0524843733	0.0230450742	0.0110535447	0.0045850508	-0.0104610656	-0.002733473	-0.0646164166	0.0291571391	0.0446827319	0.0410971266	-0.0350663953	-0.0234419126	0.0799953445	-0.0031860059	-0.0081470191	0.0177342258	0.0173566847	0.0434218537	-0.0461711077	0.0044623354	0.0133734441	0.0292465516	-0.0772505143	-0.0235253971	0.0156198457	0.0641089037	-0.041982024	0.0225767153	0.0100376318	-0.0271598958	-0.0095703669	-0.0520693853	0.0649875163	-0.0083618449	0.0586002603	0.04257035	0.049330122	0.0309402724	-0.0324621684	-0.0214838846	-0.0862795275	0.037631452	0.0113023904	0.014618611	-0.0234864167	-0.0557941123	-0.005376682	0.0073493881	0.0509863901	0.04029265	0.0040412597	0.0156491857	-0.1161232407	-0.0322719373	-0.0629193813	0.0376240858	0.0099798336	0.0313827486	-0.015439876	0.0083749432	0.0405294471	0.0054779739	0.080123984	-0.0104592291	-0.0296745325	-0.0510973855	0.0002164162	-0.0417222412	0.023298918	-0.0566839505	0.0221055118	0.0052883715	-0.0551271265	0.0532602368	-0.0555368486	-0.0115825805	0.0291236039	0.0641327649	-0.0502555441	-0.0073611917	-0.0254320863	-0.0081393723	0.0125158298	-0.0090244526	-0.0374933771	0.0546740871	-0.0362678654	0.0094164373	0.002956115	-0.0230031796	0.0400723778	-0.0251837835	0.1033946545	-0.0139153788	0.0266350761	0.0688343516	0.0029121102	0.0037165779	0.0213840451	-0.0051218049	-0.0096552128	-0.0816848554	0.0326356382	0.0292978974	0.0279067253	0.0006240873	0.0204545241	0.0478093042	-0.0585384388	0.0081358419	-0.0073214924	0.0430664201	0.0122023007	0.047243432	0.0134222613	0.0077717796	-0.0689100444	-0.0034797614	0.0241443311	0.0200674022	-0.0776666795	-0.0181795203	0.0266349334	0.008032773	0.043700877	-0.0432906565	0.0840311619	-0.0070440231	-0.0090440897	0.018985384	-0.0388420775	0.0022114936	0.0108189363	-0.0129983191	-0.0003372457	-0.0160872079	-0.0053506155	0.0267411977	0.0596397505	0.0127662093	0.0417515962	0.0668373411	-0.0088304657	-0.028349731	0.0596098166	-0.0407346876	0.037482796	0.0529646536	-0.0035903974	0.074322701	0.0330105408	0.0300619049	-0.1402251212	-0.0773703847	0.0049611057	0.0121756534	0.0484291295	0.046817843	0.044171958	0.0405499443	0.0360318425	0.0307174953	0.0247243413	0.0181848193	0.0112434423	0.0040536034	-0.0032258135	-0.0104339452	-0.0174115036	-0.024004296	-0.0300666323	-0.0354645447	-0.0400787482	-0.0438072762	-0.0465677344	-0.048299121	-0.0489631754	-0.0485452228	-0.0470544995	-0.0445239479	-0.0410094892	0.0123751	-0.0080518	6.483148324000002e-05	0.00015314310001	-0.0673151	0.0100736999999998	0.00453132268801	0.0001014794316899	-0.0058624	-0.0254357	0.0006469748344899	3.4367733760000003e-05	-0.00231271	-7.079999999999977e-05	5.3486275441e-06	5.012639999999967e-09	0.0027091	0.0006336599999999	7.339222809999999e-06	4.015249955999999e-07	0.00031043	0.0	9.63667849e-08	0.0	0.0	0.0	0.0	0.0	0.0	0.0	0.0	0.0	0.0	0.0	0.0	0.0	0.0	0.0	0.0	0.0	0.0	0.0	0.0	0.0	0.0	0.0	1.0	0.0	0.0	0.0	0.0	0.0	0.0	0.0	0.0	0.0	0.0	0.0	0.0	0.0	0.0	0.0	0.0	0.0	0.0	0.0	0.0	0.0	0.0	0.0	0.0	0.0	0.0	0.0	0.0	0.0	0.0	0.0	0.0	0.0	0.0	0.0	0.0	0.0	0.0	0.0	0.0	0.0	0.0	0.0	0.0	0.0	0.0	0.0	0.0	0.0	0.0	0.0	0.0	0.0	0.0	0.0	0.0	0.0	0.0	0.0	0.0	0.0	0.0	0.0	0.0	0.0	0.0	0.0	0.0	0.0	0.0	0.0	0.0	0.0	0.0	0.0	0.0	0.0	0.0	0.0	0.0	0.0	0.0	0.0
52584.53312990549	-182.68109675802407	2765133124.490128	33372.38311271455	63638.29555273437	-488.5567626953125	4049832660.857172	238687.7103753239	53304.32080833686	7.000302224369079	2841350616.8380938	49.00423123250668	53408.10773314849	37379.327373871245	3.23133	74.026131	0.222172325	0.13186	0.0301427859	-0.15749696	0.1142137661	-0.0649175597	-0.0185175751	-0.1036821346	-0.0293224638	0.0257356084	0.0193825071	-0.0561330605	-0.0107467696	-0.0217715769	-0.0063235709	0.0711429028	0.0007459731	0.0096102371	-0.0596417056	-0.0041388321	0.0666678651	0.0179742022	-0.0435051293	-0.0259200716	0.0077231624	-0.0061532295	0.0614157455	-0.0302635337	0.0320420564	0.0875671272	-0.0831497571	-0.046990877	-0.0214822064	-0.0090119507	-0.0461676763	-0.0201923221	0.0486335355	-0.0111824969	-0.0377619499	-0.0152811705	0.0572560519	-0.0583792199	0.0703528301	0.0012934486	0.0275642022	0.0150922707	-0.0112282148	0.0203415557	-0.0005188232	-0.0230013963	0.0281024083	-0.0050303575	-0.059603775	0.0269979691	0.0200388119	0.0533352867	-0.0031979583	0.0245087604	-0.0037876426	-0.0351510119	-0.0065307841	0.0290692427	0.078716491	-0.0128190564	0.0076643339	0.0027564076	0.0296696935	-0.0232551231	-0.0010529006	0.0002945229	-0.0203489835	0.061089688	0.0252375667	0.0332564215	-0.0235732717	0.0058203507	-0.027320462	0.0152143157	-0.0086744285	-0.0886868201	0.0483150011	-0.0205314153	-0.021928392	0.0424512661	0.0290722543	-5.45215e-05	-0.0193695229	0.031219822	0.0921065002	0.0928190932	-0.0406265312	-0.0100348736	0.0209810683	-0.0171095319	-0.0192219765	-0.0030596016	0.0210825529	-0.0480906866	-0.0227792451	0.0275929537	0.0032440154	0.0245763645	0.0932771409	0.0603289476	-0.0315428864	-0.0167079991	0.0635531225	0.027046689	0.0119599015	-0.0124632462	-0.0499482178	-0.0414357522	-0.0566591505	0.0155094718	-0.0070917389	-0.06652248	-0.0205402226	0.046593245	0.0249911304	-0.000454289	0.0202832544	-0.0537987188	0.0235902491	-0.0271203173	0.1074938578	-0.0686483176	-0.0501549452	-0.0081670857	-0.0091853334	-0.0420548828	-0.009561733	0.0491982148	-0.0225162323	0.0337175039	-0.0114790974	0.0612411225	0.0566473793	-0.0685617331	0.000711621	0.0327919727	0.0293247326	0.001680995	-0.024134064	-0.007677642	0.0301724339	-0.0149212315	0.0088882702	0.0339509462	-0.058260159	0.0001571552	0.0570539048	0.0164020604	-0.0362547376	-0.0032281525	-0.0005084858	-0.0164464586	-0.0601932381	-0.0569985385	-0.001943254	-0.0085763827	-0.0055607594	0.0155796763	0.0272798508	-0.0123484807	0.0246207054	0.0198029019	0.0437439135	-0.027216616	-0.0233176917	-0.0549949684	0.0021367876	-0.0265713462	-0.0016775856	-0.0088579682	0.0717560025	0.0589597786	-0.0221450214	0.0347610136	0.0500844906	0.0299861442	-0.0137259528	-0.0365123731	0.0343965773	0.0837033215	-0.0856689764	-0.0265466627	0.0670714422	0.0055887771	0.009707028	-0.0085073545	0.0203905868	-0.0247772872	-0.0283400533	0.015761777	-0.0408481336	-0.0324490911	-0.0855975894	-0.0298597898	-0.0444072973	-0.0058927229	0.0247699663	0.0594156721	-0.0081258187	0.0180453254	-0.0210705134	0.0073671071	0.0603471675	0.0113828754	0.0660246238	-0.009786799	0.0103333768	-0.0782895356	-0.0166263182	-0.0303485562	-0.0276913191	0.0045893273	0.0818409137	0.0493641768	-0.0290203654	0.0028759105	0.0674941276	-0.0673807772	0.0133371511	-0.0165744458	0.0915265592	-0.0270071717	-0.0360722699	-0.048453667	-0.0230236417	0.0524430084	0.0112548134	0.0852146838	-0.0425788181	0.0465790144	0.04840144	0.0467083402	0.0439302406	0.0401316745	0.0354008796	0.0298477488	0.0236012772	0.0168065656	0.0096214501	0.0022128355	-0.0052471816	-0.0125853106	-0.0196310923	-0.0262208584	-0.0322015336	-0.0374341914	-0.0417972809	-0.0451894509	-0.0475319038	-0.0487702262	-0.0488756528	-0.0478457346	-0.0457043959	-0.0425013783	-0.0383110855	0.0191692	0.0067941	4.615979481000001e-05	0.00036745822864	-0.162611	-0.0952959	0.026442337321	0.00908130855681	0.0811567	0.0870191	0.00757232376481	0.00658640995489	-0.00252072	-0.00020801	6.354029318400001e-06	4.326816010000009e-08	0.00253288	-0.0001762199999999	6.4154810944e-06	3.1053488399999984e-08	3.33955e-05	-0.0002770345	1.11525942025e-09	7.674811419025e-08	0.0	0.0	0.0	0.0	0.0	0.0	0.0	0.0	0.0	0.0	0.0	0.0	0.0	0.0	0.0	0.0	0.0	0.0	0.0	0.0	0.0	0.0	0.0	1.0	0.0	0.0	0.0	0.0	0.0	0.0	0.0	0.0	0.0	0.0	0.0	0.0	0.0	0.0	0.0	0.0	0.0	0.0	0.0	0.0	0.0	0.0	0.0	0.0	0.0	0.0	0.0	0.0	0.0	0.0	0.0	0.0	0.0	0.0	0.0	0.0	0.0	0.0	0.0	0.0	0.0	0.0	0.0	0.0	0.0	0.0	0.0	0.0	0.0	0.0	0.0	0.0	0.0	0.0	0.0	0.0	0.0	0.0	0.0	0.0	0.0	0.0	0.0	0.0	0.0	0.0	0.0	0.0	0.0	0.0	0.0	0.0	0.0	0.0	0.0	0.0	0.0	0.0	0.0	0.0	0.0	0.0
52827.31263001464	242.77950010915083	2790724959.7093043	58941.88567324917	64409.33005957031	771.0345068359384	4148561798.722668	594494.2107317387	53445.61505492928	141.29424659242068	2856433768.599684	19964.064120119783	53548.44011469731	49698.03011173397	3.367213	77.139061	0.224045755	0.121921	-0.1439417316	0.0199903829	-0.0156495442	0.1439690926	0.0513665946	0.1125105528	-0.0249674783	0.0143051688	-0.01989521	0.0186551233	0.0027617107	0.0288753668	-0.0769250449	0.0052168153	0.0464329402	0.0372940118	0.0111836614	-0.0271149643	0.0769101567	0.0413019928	0.0495454977	-0.0033370516	-0.0290242691	-0.0498976249	0.0141919592	-0.0084756119	0.0214897148	0.0519850114	-0.0172352314	0.0634901033	0.0344921223	-0.0197635535	0.0548474367	0.0226969439	-0.0440066485	-0.0150812089	-0.0382845856	-0.0016728876	-0.019965775	0.0551648963	0.0275049939	0.0865362115	0.0430853486	-0.0318828019	0.0045794717	0.0039481693	-0.0342848413	-0.1251870855	0.0207105573	0.0906534465	-0.0220605195	0.0221522121	-0.025499401	0.0404624822	0.0018078061	-0.0406198135	-0.0684841291	-0.0621549463	0.0107579198	0.091040349	0.0243416011	0.0085557146	0.0347631172	-0.0234478003	0.0345586128	0.0572804838	-0.0335331948	0.0475227208	0.0021947944	-0.0387752415	0.0280900758	0.0107840606	0.0691765216	0.0168024951	-0.0074350807	-0.0068246026	0.0202732689	0.0116279516	0.05060993	0.0077768715	0.0433777579	0.0772643965	0.0164494407	-0.0445720004	-0.009366552	-0.0109558983	-0.0584199182	-0.0568782316	-0.0360354458	0.0464534909	-0.0523648966	-0.0369959751	-0.0264758682	0.0167621645	0.0315427976	-0.031903558	0.0281853908	-0.0698478498	0.022204613	0.0442619259	0.0550812376	0.0017672313	0.0256485328	-0.0748906259	-0.0624879762	-0.0588433561	0.0031557074	0.0373554261	0.0041013489	0.0324758023	-0.0092906786	-0.0038967456	-0.0304513707	-0.0741020192	-0.041221528	-0.0479813193	0.001357545	0.0267018757	-0.0415238026	-0.0241974808	0.006972417	-0.0206363586	0.0523367424	-0.0183192288	0.0720373171	0.030658505	-0.0034846449	0.0497644992	0.0172954642	-0.0439537188	-0.0110066059	0.0424401494	0.0011518789	-0.0178583582	-0.0752605954	-0.0279007652	-0.06982579	-0.0088478709	0.0590387982	-0.0077443801	0.0097448306	-0.0106661599	0.142030295	-0.0071696095	-0.0615560221	0.0291755204	-0.0133975469	0.0266982875	0.022208293	0.027591282	-0.0137980461	0.0819171984	0.0594586218	-0.0331697803	-0.1021969194	-0.0014604812	-0.0117989385	-0.0167550357	0.0177917778	0.0309955666	-0.0490883948	0.0492673986	-0.0380179524	0.0173919535	-0.0399863678	-0.0172912956	-0.0033484613	0.0462459961	0.0444795285	-0.0073270636	-0.0134946326	0.0261619657	-0.0045776783	0.0152592113	0.038861171	0.0894160819	0.0170202649	0.0307773095	-0.0290032414	0.0052171491	-0.0028511398	-0.0568533351	0.0774259985	-0.0192412185	-0.0022579265	-0.0688036914	-0.0242876734	0.0119715601	0.0376640206	-0.0265637843	0.0079669008	0.0455557866	0.0458840365	-0.063864493	-0.0650452638	-0.0302971058	-0.0078708108	0.0508190067	-0.0411996936	-0.087539296	0.0075940352	-0.0023446451	-0.0271275446	-0.0073184889	-0.0511171325	-0.0027535024	0.0001453271	-0.0017416079	0.0090347822	-0.0262277087	-0.0181958426	-0.020017012	-0.0057648193	0.0733895593	0.0286208368	0.0335004919	0.006041822	0.0534668126	-0.0112476177	-0.0542594917	0.059328352	0.0405560703	0.0429746433	-0.0135909173	0.039882518	0.0721751282	0.0565239256	0.0400571269	-0.0841560757	-0.0269578509	-0.0026125213	-0.0438366072	0.0483730638	0.0465961863	0.0436829132	0.0397042937	0.0347573591	0.0289627561	0.0224618045	0.0154130506	0.0079884006	0.0003689281	-0.0072595419	-0.014710965	-0.0218036145	-0.0283645137	-0.0342336544	-0.0392678988	-0.0433444711	-0.046363951	-0.048252699	-0.0489646519	-0.0484824465	-0.046817843	-0.044011438	-0.0401316745	-0.0352731729	-0.0053319	-0.0245011	0.00060030390121	2.842915761e-05	-0.0748332	0.0877778	0.00560000782224	0.00770494217284	0.00490957	-0.07624713	0.0058136248332368	2.4103877584900003e-05	-0.00251164	9.080000000000286e-06	6.3083354896e-06	8.24464000000052e-11	0.00200805	-0.00052483	4.0322648025e-06	2.754465289e-07	0.00020988	0.0001764844999999	4.40496144e-08	3.1146778740249995e-08	0.0	0.0	0.0	0.0	0.0	0.0	0.0	0.0	0.0	0.0	0.0	0.0	0.0	0.0	0.0	0.0	0.0	0.0	0.0	0.0	0.0	0.0	0.0	0.0	1.0	0.0	0.0	0.0	0.0	0.0	0.0	0.0	0.0	0.0	0.0	0.0	0.0	0.0	0.0	0.0	0.0	0.0	0.0	0.0	0.0	0.0	0.0	0.0	0.0	0.0	0.0	0.0	0.0	0.0	0.0	0.0	0.0	0.0	0.0	0.0	0.0	0.0	0.0	0.0	0.0	0.0	0.0	0.0	0.0	0.0	0.0	0.0	0.0	0.0	0.0	0.0	0.0	0.0	0.0	0.0	0.0	0.0	0.0	0.0	0.0	0.0	0.0	0.0	0.0	0.0	0.0	0.0	0.0	0.0	0.0	0.0	0.0	0.0	0.0	0.0	0.0	0.0	0.0	0.0	0.0	0.0
52479.75004733301	-347.5625826816322	2754124165.0305486	120799.7488803264	63763.20945263672	-646.1206069335894	4065746879.700821	417471.83870423	53204.79015428554	-240.82490064374	2830749695.3615594	57996.63277006723	53296.01704477878	41124.83294122869	2.855291	65.411491	0.12673027	0.058677	-0.027774507	-0.1067596196	0.0990487596	-0.1130024559	-0.0118079849	-0.0911813062	-0.0097581402	-0.0669076485	0.0309032584	0.0003880432	-0.0273935474	-0.0130804501	0.0019469606	0.0126924686	-0.0332272496	-0.0193145274	-0.0321763947	0.0224547824	-0.0357233489	0.0177543002	-0.0119727428	0.0698216717	0.0307795033	-0.0062760636	0.0317274972	0.0115364759	0.0161807421	0.0248379762	0.0258338519	-0.0301976706	-0.0041511271	0.0343124271	-0.0124747036	-0.0284699929	-0.083848558	-0.0065658228	5.25799e-05	-0.0163123218	0.0028284368	0.0014828183	-0.0420699544	0.0081935606	-0.0054833512	0.0296007408	0.0135066006	0.0117060764	0.0682625845	-0.0347583185	-0.0418242987	-0.0537009938	-0.0492791464	0.000700492	-0.0104115696	-0.0027027931	0.0048317736	-0.0189182505	0.0608978508	-0.0548594875	0.0456286687	0.007201959	0.0204999076	0.0202576886	-0.0395627146	-0.0353142274	-0.0565744281	-0.0071431523	-0.0173203783	0.0419402922	0.0588438955	-0.0059882653	0.0055028586	0.0357128051	0.026822233	0.0174708921	0.0286872922	0.0154216458	0.0686478846	0.0176814717	-0.0486886916	-0.0115554355	-0.0427955452	0.0300488884	-0.0485871531	-0.0280196684	0.0058294328	-0.017424612	0.004369359	0.0312066473	-0.013642122	0.0085752391	-0.0053240952	0.0091688043	-0.0207265726	-0.0506236464	0.0125239795	0.0083883082	0.0079720434	-0.0807227524	-0.020022085	-0.0216249009	-0.0699984715	0.0202821594	0.0231513239	-0.0483925795	-0.0205243487	0.0301517479	-0.0112081943	0.0197548329	-0.0097395394	-0.0190472086	-0.0334040948	0.010408232	0.0248592979	0.0374255018	-0.0171760115	0.0118043611	-0.0671676085	-0.0214986717	0.016352488	-0.0397665962	-0.0132096635	-0.0191386421	0.0206603203	0.0319194091	-0.0256754368	-0.0078650833	0.0308464063	-0.0087024654	-0.0337966636	-0.0805953386	-0.0064066426	-0.0005445743	-0.0183523749	0.0052663921	-0.0016859393	0.0421070038	-0.0121944326	0.0158323149	-0.0074862952	-0.0054668872	0.0098879054	-0.0753292729	-0.0084905766	0.0457101899	0.0576781782	0.0421349967	-0.0266174546	-0.007015716	-0.0146600215	0.0208192094	-0.0121681277	0.0505333748	-0.0791625199	0.0223627768	-0.0156738493	-0.0261867911	0.0283785043	0.0422657216	0.0323843697	-0.0325995713	-0.00163086	0.0416824073	-0.0401919934	-0.0397817257	0.0086105945	-0.0098848147	-0.0209981011	0.0105059848	0.0330292527	0.0284618783	-0.0095001637	0.0828924027	-0.0119427139	-0.0348086237	-0.022730269	-0.0161356271	0.0457822981	-0.0573585482	-0.0386067345	0.0092998671	-0.0137540659	-0.0020938155	-0.0355087898	-7.09082e-05	0.0170571614	-0.0170408944	0.0089916426	-0.0439238526	-0.0207588965	-0.0052932469	0.0033836399	0.0052645896	0.0552683854	-0.0360388242	0.0690042392	0.0263457947	-0.0255449805	0.0196311587	-0.0076997699	-0.0255873925	-0.0438664372	-0.0212721529	-0.0334134951	0.0067492207	0.0087716042	-0.0083365402	0.0523731949	-0.0293938287	0.0102067271	-0.0142421221	-0.0135274996	-0.0178266185	-0.0096575475	0.0034068389	0.063815436	0.0145384166	0.0026422662	0.0343300034	0.059406224	-0.0395364573	0.0138719826	0.0011911407	0.0743511481	0.07750419	0.0276965762	0.0299561448	0.0131684176	0.0104313298	-0.0584062985	-0.0462237128	0.0148682657	0.000256792	0.0483440011	0.0464813877	0.0434300072	0.0392678988	0.0341015091	0.0280629691	0.0213067153	0.0140055395	0.0063461704	-0.0014755028	-0.0092594399	-0.0168065656	-0.0239238614	-0.0304293015	-0.0361565084	-0.0409590082	-0.0447139763	-0.0473253789	-0.0487264292	-0.0488812951	-0.0477860158	-0.0454686032	-0.0419883256	-0.0374341914	-0.0319226731	-0.00188816	0.00344374	1.1859345187599998e-05	3.5651481856e-06	-0.0772888	-0.0024556	0.00597355860544	6.029971360000011e-06	0.0376056	0.03269603	0.0010690303777609	0.00141418115136	-0.00176832	0.0007433199999999	3.1269556224000003e-06	5.525246223999997e-07	0.00249042	0.00048237	6.202191776400001e-06	2.3268081690000018e-07	-0.000327128	-0.000537008	1.07012728384e-07	2.88377592064e-07	0.0	0.0	0.0	0.0	0.0	0.0	0.0	0.0	0.0	0.0	0.0	0.0	0.0	0.0	0.0	0.0	0.0	0.0	0.0	0.0	0.0	0.0	0.0	0.0	0.0	1.0	0.0	0.0	0.0	0.0	0.0	0.0	0.0	0.0	0.0	0.0	0.0	0.0	0.0	0.0	0.0	0.0	0.0	0.0	0.0	0.0	0.0	0.0	0.0	0.0	0.0	0.0	0.0	0.0	0.0	0.0	0.0	0.0	0.0	0.0	0.0	0.0	0.0	0.0	0.0	0.0	0.0	0.0	0.0	0.0	0.0	0.0	0.0	0.0	0.0	0.0	0.0	0.0	0.0	0.0	0.0	0.0	0.0	0.0	0.0	0.0	0.0	0.0	0.0	0.0	0.0	0.0	0.0	0.0	0.0	0.0	0.0	0.0	0.0	0.0	0.0	0.0	0.0	0.0	0.0	0.0
52537.80825082042	58.05820348740963	2760221295.799974	3370.7549921854634	63208.16557128906	-555.0438813476649	3995272194.887491	308073.7102214807	53190.52668452309	-14.263469762452589	2829232128.9769626	203.44656966439925	53286.70748654555	41742.57397651177	1.419174	32.511669	0.08800367	0.0468897	-0.0415284233	-0.0800102756	0.0921764617	-0.1041621465	-0.0054459584	-0.0509192242	0.0018661769	0.0054393641	-6.93846e-05	-0.0489477547	0.0172612176	0.0391906065	-0.0126350566	0.0297195852	0.0074127381	0.0208034333	0.0646661343	0.0155870361	-0.0298293049	0.0514922674	-0.0156938356	-0.040913774	-0.0233985826	0.0016284398	0.0239371104	0.0210580094	0.0196334084	-0.0348324319	0.0223592616	0.0001388162	0.0750714406	-0.0158169509	0.0112030443	0.0482650002	-0.0128553519	-0.0331412046	0.0316420377	0.0236259949	0.0484323516	0.0383192495	-0.0812171568	0.0421890301	-0.0099419071	-0.0351939983	0.023537528	-0.017384963	-0.0635934509	0.0551150839	0.0172827682	-0.1040004833	-0.0620441324	0.0822509065	-0.0022673317	0.0518263211	-0.0305789025	-0.0432251767	-0.0043276481	-0.0064216412	-0.0026616823	-0.0218967475	-0.0110701427	-0.0270597374	0.0330319795	-0.0508803753	0.0050842207	0.0197579385	-0.0211388169	0.0091389928	0.0434430662	0.0735315548	-0.0239851521	0.0483887498	0.0242031763	-0.0165552417	-0.0262570417	0.0388525694	0.0355701827	-0.0322151185	-0.0681142465	0.0294912405	0.0118621736	0.0757924401	0.1132878789	0.0727019171	0.0430086688	0.0010044456	0.0167021485	0.0697557495	0.0251038553	0.0068349077	0.039906209	-0.0182604016	-0.0151154577	-0.0109213462	-0.0865196836	-0.0263235426	0.0384985046	0.0796079896	-0.0634287415	-0.0384768882	0.0561673598	0.0150396294	-0.0283079021	-0.0455183007	-0.0482857011	-0.0594389204	-8.09045e-05	0.0138949381	0.0028536877	0.0185582936	-0.003586675	0.009556867	0.0163933108	0.0297719885	-0.0487986218	0.0122555327	0.0439652909	0.0283854132	0.0120026763	-0.0223791097	-0.0190200945	-0.0192822465	-0.0371005618	0.011793643	0.0101478649	0.0754342322	-0.0029343693	0.0174012443	0.04101597	-0.0194356465	-0.0270714964	-0.033970567	0.0207151604	0.045229084	-0.0359678087	0.0864719972	-0.0389044946	-0.0345846963	-0.0045621453	-0.0238513126	0.0039282395	0.0895930383	-0.0384244369	-0.0330575611	0.1030211778	0.0198279265	-0.0821717662	0.0444824776	0.0349893271	0.0391422657	0.0134169809	0.0235692407	0.018872717	-0.0174940622	-0.0004757854	-0.0051385047	0.0275351523	-0.0550513905	0.035382188	0.0194852842	-0.0162824532	0.0141235714	-0.0060772594	-0.0178456052	0.0735933746	-0.0331868216	-0.0526074546	0.0232195322	0.0111991924	-0.0243117201	0.040400883	0.063407856	0.0031592417	-0.0767298998	-0.0613872297	0.039956259	0.0609740739	0.0961713893	0.0922722382	0.0099761563	0.0226809127	0.0367696126	-0.0594766638	0.0555239407	0.0305642132	0.0107864877	-0.0005524251	-0.0334272476	0.0200416739	0.0845005849	0.0171892518	0.0210637109	-0.1064041034	0.0231250285	-0.0304840816	0.0259012734	-0.033759831	0.0158025091	0.0002720242	-0.0691076578	0.0072401859	0.0104321841	-0.0031374073	-0.002426112	-0.0181357897	0.0276847513	-0.0074117064	-0.0124491082	0.0103031947	0.0007768798	-0.0095643546	-0.002380827	-0.0046651925	0.0271209451	0.0170413131	0.0308948763	0.0165495871	0.0559428626	0.0191243875	-0.0592845064	-0.0095615814	-0.0305898467	0.05731832	-0.0381584145	0.0446263054	0.0369626964	0.036796248	0.0150137003	-0.0817607183	-0.0558567577	0.0162517279	-0.0234894766	0.0483142525	0.046363951	0.043171555	0.0388225891	0.0334335625	0.0271488476	0.0201368126	0.0125853106	0.004696647	-0.0033178403	-0.0112434423	-0.0188678315	-0.0259867497	-0.0324094805	-0.0379639583	-0.0425013783	-0.0459001824	-0.0480693164	-0.0489506689	-0.0485206286	-0.0467907162	-0.0438072762	-0.0396502352	-0.0344309608	-0.0282892778	-0.00574653	-0.00385837	1.48870190569e-05	3.30226070409e-05	-0.0612652	0.0160236	0.00375342473104	0.00025675575696	0.0218714	-0.0157342	0.00024756504964	0.0004783581379599	-0.00124756	0.00052076	1.5564059536e-06	2.711909776000001e-07	0.00196343	-0.00052699	3.8550573649e-06	2.777184601000002e-07	-0.000327128	0.0	1.07012728384e-07	0.0	0.0	0.0	0.0	0.0	0.0	0.0	0.0	0.0	0.0	0.0	0.0	0.0	0.0	0.0	0.0	0.0	0.0	0.0	0.0	0.0	0.0	0.0	0.0	0.0	0.0	0.0	0.0	0.0	0.0	0.0	0.0	0.0	0.0	0.0	0.0	0.0	0.0	0.0	0.0	0.0	0.0	0.0	0.0	0.0	0.0	0.0	0.0	0.0	0.0	0.0	0.0	0.0	0.0	0.0	0.0	0.0	0.0	0.0	0.0	0.0	0.0	0.0	0.0	0.0	0.0	0.0	0.0	0.0	0.0	0.0	0.0	0.0	0.0	0.0	0.0	0.0	0.0	0.0	0.0	0.0	0.0	0.0	0.0	0.0	0.0	0.0	0.0	0.0	0.0	0.0	0.0	0.0	0.0	0.0	0.0	0.0	0.0	0.0	0.0	0.0	0.0	0.0	0.0	0.0	0.0	0.0
52615.87237540861	78.0641245881925	2768430025.825287	6094.007547720841	63761.78501367188	553.6194423828201	4065565228.129712	306494.4869842647	53244.965718311774	54.43903378868709	2835026374.344196	2963.608399845814	53346.48236240783	43972.27237152496	1.758933	40.29517	0.07020386	0.0365589	-0.0766293823	-0.0459074526	0.0522196974	-0.0521268958	0.0239509397	0.0768678577	-0.0060656727	0.0636886461	0.0106670132	0.0100690517	-0.0317267593	-0.0031194072	0.0164348697	-0.0304913113	0.0102521827	-0.0330702483	0.0060988038	-0.0055988173	0.0172073622	-0.0043150738	0.085510441	-0.0479576967	0.0140444701	-0.0035361918	0.0093738915	-0.0084379176	-0.0321067388	0.0398697346	-0.0036366538	-0.002971904	0.0436224797	0.0093798543	0.0196551847	0.0036641101	-0.0004267269	-0.0725886775	-0.0384963101	0.044251588	0.0607867106	-0.0239796124	-0.015598037	0.0178908539	0.0637622951	0.0167403355	0.0319185979	-0.0008362715	-0.0076597623	-0.0244062147	-0.0606520594	-0.0040326794	-0.0298397501	0.0018737861	-0.0387495131	-0.0054300695	0.0453571364	0.0447452192	-0.0172904193	0.0007324557	-0.01997355	-0.0235773954	0.0261519095	0.0297789106	-0.0078969401	-0.0561961963	-0.07374259	-0.0732612042	0.0417663953	-0.0265963158	-0.0302667657	-0.0234945636	-0.0179998208	0.0472505214	0.0015425798	0.0125388925	0.046774111	-0.0415519074	0.0563258116	-0.0230443958	-0.0024146868	0.0450943922	-0.0161649392	-0.0209683689	-0.0114545873	-0.0288105139	0.0253924057	0.0387507042	0.073030828	0.0903922175	-0.0290283651	0.0200301198	-0.0248439884	-0.021202046	0.0166269237	0.023167698	-0.04233293	-0.0169247555	-0.0027031198	-0.0043179325	0.0246289289	-0.0506844034	0.0431541892	0.0065353813	-0.0174102909	0.0451668777	-0.0067744705	-0.0232750946	0.0173318012	-0.0525813467	-0.0035366052	-0.0744769122	-0.0485314894	0.0436608317	-0.0053972178	-0.0209575714	0.0069349484	-0.0840158243	0.0455672774	-0.0136361196	0.00368268	-0.0052024279	0.0050584929	0.0329061217	0.0432650327	0.0049721077	0.0017343688	0.0402661924	0.0228570853	0.0208946023	0.0041231705	-0.0003771922	-0.0712131307	0.0305207104	0.0458231831	0.056058646	0.024855006	0.0225061952	-0.0140404475	0.0246296044	0.0656439807	-0.033202519	0.0155350397	-0.0066630094	0.0182449831	0.0522889112	0.0069350567	0.0357819262	0.0136472724	0.0358534027	-0.0027029274	-0.0252544786	-0.0520558589	-0.0251776538	0.001976044	-0.0144161165	0.0266550735	-0.0150283106	0.0063705747	0.0331306749	0.0774288685	-0.0672716907	0.0680751528	-0.0457862855	0.0037402436	0.0078610284	-0.0389284192	0.0177102265	-0.046624893	-0.0123871952	0.0094594371	0.0433663644	-0.0494429969	0.0368506824	0.0383200157	-0.0387974761	0.0225748798	-0.016409687	0.0049273618	-0.0033643136	-0.0202071518	0.0260510393	0.0312181904	0.0764464874	-0.0652683766	-0.0214608314	0.0613980318	-0.0425186484	-0.0183733184	0.0292874592	-0.0029718082	0.0561688704	-0.0070332415	-0.000508782	0.0031217596	-0.0110662216	-0.0418300587	0.045892768	-0.0023700426	-0.0200423783	0.0083107823	5.61122e-05	0.0286181613	0.0178369651	0.067324431	-0.0031692606	0.0502692066	0.0608018825	0.0490382381	0.0344744694	0.0039284872	0.0034492893	-0.0093470518	-0.0106343069	0.0030178997	-0.0013439037	0.0617326261	0.0019578945	0.0288196198	0.0170098683	0.0300004551	-0.0401949943	0.0280928502	0.0762018691	0.0482940613	-0.0193165431	0.0615070201	0.0410388859	0.0544742047	0.0278875396	-0.0744881148	-0.0547220187	0.0133835209	-0.0169372134	0.0482838183	0.0462438827	0.0429075896	0.0383684655	0.032753756	0.0262208584	0.01895291	0.0111536535	0.0030417259	-0.0051554705	-0.0132081433	-0.0208905514	-0.0279873335	-0.0342995449	-0.0396502352	-0.0438894081	-0.0468982266	-0.0485923444	-0.04892427	-0.0478846987	-0.0455027728	-0.0418452649	-0.0370147062	-0.0311465121	-0.0244051859	-0.00190437	0.00384216	1.47621934656e-05	3.6266250969e-06	-0.0881196999999999	-0.0268544999999999	0.0077650815280899	0.0007211641702499	0.0146697	-0.0072016999999999	5.1864482889999976e-05	0.00021520009809	-0.00160876	-0.0003612	2.5881087376e-06	1.3046544000000008e-07	0.00224834	0.00028491	5.0550327556e-06	8.117370810000012e-08	-0.000327128	0.0	1.07012728384e-07	0.0	0.0	0.0	0.0	0.0	0.0	0.0	0.0	0.0	0.0	0.0	0.0	0.0	0.0	0.0	0.0	0.0	0.0	0.0	0.0	0.0	0.0	0.0	0.0	0.0	0.0	0.0	1.0	0.0	0.0	0.0	0.0	0.0	0.0	0.0	0.0	0.0	0.0	0.0	0.0	0.0	0.0	0.0	0.0	0.0	0.0	0.0	0.0	0.0	0.0	0.0	0.0	0.0	0.0	0.0	0.0	0.0	0.0	0.0	0.0	0.0	0.0	0.0	0.0	0.0	0.0	0.0	0.0	0.0	0.0	0.0	0.0	0.0	0.0	0.0	0.0	0.0	0.0	0.0	0.0	0.0	0.0	0.0	0.0	0.0	0.0	0.0	0.0	0.0	0.0	0.0	0.0	0.0	0.0	0.0	0.0	0.0	0.0	0.0	0.0	0.0	0.0	0.0	0.0	0.0	0.0	0.0
52643.30330157948	27.430926170869498	2771317382.502089	752.4557105916931	64193.20781958008	431.4228059082016	4120767930.167797	186125.6374577057	53494.85206305912	249.88634474734863	2861699197.248581	62443.18529119077	53591.14634314046	38529.39278865665	2.664732	61.046009	0.2236333911	0.121411	0.0212001993	-0.1497414458	0.1268150251	0.0077668473	-0.0363073441	-0.0006342806	-0.0284049779	-0.0036183015	0.0104272463	0.0390985382	0.0669129416	-0.0334319311	-0.0461488451	0.0754650948	-0.017935285	-0.0203166813	0.0428882227	-0.0142395062	0.0893192859	0.0063842211	-0.0158940872	0.1333573363	0.028429882	0.0672802964	-0.0220566284	-0.0438035158	0.0659470306	-0.0941865562	-0.0010035158	-0.0226016346	-0.1401961832	-0.0478384992	-0.0033028153	-0.047091279	-0.0559439872	0.0235614318	-0.0425127174	0.0096770248	0.0772890759	0.035417408	0.0323460305	0.0264971731	-0.0712633221	-0.0190379989	0.0113178039	0.0157023012	-0.0575430192	0.0344593103	0.0316619286	0.0197359713	-0.0271863822	-0.0301153259	0.048025958	-0.0848510465	0.0292141398	-0.0365930465	0.0006483176	0.0039172567	0.0383297432	-0.0412667493	-0.0375270654	-0.0134252168	-0.0010242732	-0.0140618069	-0.0648495975	0.0658861041	0.0246366329	0.0185047512	-0.0326221228	-0.0245483186	-0.0129805528	0.0071766521	0.0556385621	-0.0466097509	-0.0179831149	-0.0049759959	0.0109922415	-0.0104066867	-0.0485994065	0.0084528997	-0.0107336878	0.0352052137	0.122595465	-0.0166893753	0.1033136511	0.045322134	0.0470943763	-0.0309143138	0.0418022864	-0.0774810121	0.0463473786	0.0755764029	0.0342143003	-0.037269462	0.017116325	-0.0249716763	0.0602226671	0.0101373427	-0.0681540688	-0.0130282377	0.0517697324	-0.0095531145	-0.015809034	0.003412803	0.0214839261	0.0492870547	0.0109002462	0.0181886174	0.0501420731	-0.0508467878	0.0389644274	0.1049326542	-0.0172657089	-0.0817938665	-0.0129603178	0.0228738296	-0.1368554173	-0.0199629588	0.053400266	0.0312873677	0.0491560909	-0.0640813051	-0.0908298121	-0.0216815665	-0.0431593529	-0.1295455245	-0.0742163508	0.0022004403	-0.0434644249	-0.049844304	0.0164402106	0.0405956815	0.0025162037	0.0898267027	-0.0301622205	-0.0270948201	-0.0164960005	-0.0165584325	-0.0649897174	-0.0215893166	-0.0054328351	0.0677400958	0.0077836579	-0.0191947048	-0.0343379522	0.0183481873	-0.0343612254	-0.0636071909	-0.0644490004	-0.0635783296	0.0268552794	0.0293131773	0.005302162	0.0352834529	0.0398951677	0.0054558071	0.0193097279	-0.0209480742	0.0120023882	-0.038409591	-0.0633928624	-0.0149705365	-0.0515778842	0.0420758582	-0.0237321665	-0.0128126255	-0.0284251683	0.0722561448	-0.0271203256	-0.0096159579	0.0124658486	0.018507019	-0.0044577019	-0.05262514	-0.0380543054	0.0038863051	0.050489452	0.0960362767	0.0334315598	0.1005937071	0.0725272546	0.0405012838	-0.040679893	-0.008672263	-0.0620412038	0.091709944	0.0317126363	-0.0144656189	-0.0554110833	-0.0056543952	0.0475712674	0.0890107559	-0.0696975436	-0.0343185116	0.0086095994	0.0132218894	0.0029506701	0.0117009035	0.0002686332	0.0423983663	-0.0453079288	-0.0326047602	0.0747399309	0.0766729725	-0.0017757757	0.0882094542	0.0239066147	0.0143168471	0.0081769453	-0.0599655095	-0.0180214573	-0.0161369127	-0.0072638442	-0.007304265	0.0613807146	0.0387276746	-0.0580709825	0.0841462425	-0.0185867758	-0.0930654278	-0.0351961321	-0.0097126389	0.1263918526	0.0108747762	-0.0183785928	0.0004204974	-0.0513652702	0.0865306509	0.0472578113	0.0650245222	-0.054664074	0.0611861628	0.048252699	0.0461211897	0.0426381448	0.0379056313	0.0320623308	0.0252794756	0.0177558304	0.0097118681	0.0013833093	-0.0069857861	-0.01515017	-0.0228705931	-0.0299208162	-0.0360942395	-0.0412099568	-0.0451180572	-0.0477040178	-0.0488920593	-0.0486473676	-0.046977113	-0.0439302406	-0.0395960362	-0.0341015091	-0.0276076712	-0.0203048178	-6.13789e-05	0.0018429911	3.39661619467921e-06	3.76736936521e-09	-0.157486	-0.0693663	0.0248018401959999	0.00481168357569	0.0772437	0.0625739999999999	0.0039155054759999	0.0059665891896899	-0.00273128	-0.00112252	7.4598904384e-06	1.2600511503999995e-06	0.00165943	-0.00058891	2.7537079249e-06	3.468149881000003e-07	-0.000241556	8.557199999999999e-05	5.8349301136e-08	7.322567183999996e-09	0.0	0.0	0.0	0.0	0.0	0.0	0.0	0.0	0.0	0.0	0.0	0.0	0.0	0.0	0.0	0.0	0.0	0.0	0.0	0.0	0.0	0.0	0.0	0.0	0.0	0.0	0.0	1.0	0.0	0.0	0.0	0.0	0.0	0.0	0.0	0.0	0.0	0.0	0.0	0.0	0.0	0.0	0.0	0.0	0.0	0.0	0.0	0.0	0.0	0.0	0.0	0.0	0.0	0.0	0.0	0.0	0.0	0.0	0.0	0.0	0.0	0.0	0.0	0.0	0.0	0.0	0.0	0.0	0.0	0.0	0.0	0.0	0.0	0.0	0.0	0.0	0.0	0.0	0.0	0.0	0.0	0.0	0.0	0.0	0.0	0.0	0.0	0.0	0.0	0.0	0.0	0.0	0.0	0.0	0.0	0.0	0.0	0.0	0.0	0.0	0.0	0.0	0.0	0.0	0.0	0.0
52522.26058103671	-121.04272054276952	2758587856.5423226	14651.340196395	64125.79766992188	-67.41014965820068	4112117926.803758	4544.128276941014	53625.78713393073	130.93507087160833	2875725045.7336507	17143.992784153095	53747.23136261596	26518.5699339235	3.536396	81.014832	0.5313814789	0.275105	0.2849706532	-0.00042241	-0.0521249875	0.1942625999	-0.0323298397	-0.0439281038	0.0031364209	-0.0081725376	-0.0259820094	0.029309452	-0.0784942976	0.0309561311	-0.0328395976	0.1616159546	0.0901833457	0.0865796274	-0.0081508226	-0.0649047698	0.1457751504	-0.0281208182	-0.1062908961	0.1045321827	-0.0489104326	-0.000579973	-0.1578023605	0.066462524	0.0025918044	0.066514188	0.0941960527	-0.0511174858	-0.1193958922	0.0433442209	-0.1097487981	-0.0176219695	0.0126329474	0.0310784029	0.0556699395	0.145827421	0.0298804796	0.0314956414	0.0890196413	0.0002877357	-0.0256320931	-0.0972139367	-0.0726227321	-0.1030833565	0.0064936723	0.1227813037	0.0023077384	0.0046779212	-0.0124206678	0.0350785539	0.076003568	-0.0091193273	0.0864249528	-0.0204335702	-0.0411299855	0.0214063855	-0.0591543295	0.0243831616	0.0086781285	-0.0729246216	0.0062229031	0.0389908773	-0.0806006371	-0.0548832033	0.0772440003	0.0349662411	0.0450817248	-0.0824537152	-0.0094911028	0.0087203635	-0.0624080144	-0.0206468312	-0.0796659798	-0.0116512692	-0.0953628957	-0.0123791879	-0.0130716001	0.0390786169	0.0018045335	-0.0065877312	-0.0408084521	-0.0482498874	-0.0434776444	0.0016686645	-0.0612450922	-0.0110849653	-0.01741971	-0.0432536249	0.0810868463	0.0422359013	0.0487361037	-0.0717439562	0.0100418781	-0.0747368397	-0.0022505006	0.0448701361	0.0668284686	0.0430747171	-0.0076957593	-0.0460980224	-0.028231867	-0.0064485398	-0.0068876756	0.0192402074	-0.0136549029	-0.0172208812	0.0656849139	0.0250778825	-0.0390310569	0.0162758482	-0.0714284978	-0.1350616469	0.0148040659	0.1190182307	-0.1077285723	0.034712481	-0.0594354561	0.1440786095	-0.0702763725	-0.0198205691	0.0496697324	0.1134627237	-0.0545773345	-0.1215262917	0.0068057348	-0.0940685199	-0.0163501305	0.0052976032	0.0207183794	-0.0636284271	0.131715084	0.0655084184	-0.03286952	-0.1000306138	0.021486601	-0.1259322373	-0.0099018629	0.0898698037	0.0572667929	0.0496884679	-0.106735057	-0.0420293722	-0.0233791725	-0.0173712379	-0.0497839568	0.0078769318	0.047094241	-0.1142523119	0.0070605795	-0.0131336095	0.0317145573	-0.0478958771	-0.0091944558	0.0020478064	0.0529016586	-0.0224399788	-0.0417724211	-0.0950896927	0.0437149576	-0.0358383614	-0.0672093547	-0.0773886095	-0.0502807574	0.048037864	-0.0045729959	-0.0519730365	-0.0539687533	-0.0673512259	0.0341642117	-0.1023296309	0.005093816	-0.036281453	0.020983955	-0.0100727242	0.0053778391	-0.0135215774	-0.0733141913	-0.0171994166	0.0007380832	-0.0618715451	0.0170706668	0.0119781725	0.0126910708	0.0753981135	0.0261452481	-0.045511662	-0.0790246399	-0.0026839916	-0.070566329	0.0391627402	-0.007670746	0.0389570844	-0.0520868682	-0.0303030755	0.0597921033	0.0351631238	0.0417745659	-0.0001039334	-0.0135906888	-0.0345431163	0.0331894126	-0.0111625569	-0.0323645755	-0.0531954324	0.0456732478	-0.0642879314	0.0060697434	-0.1395476319	-0.0180944935	0.0154805735	-0.017289713	0.064505402	0.0548989373	0.0202206731	0.0077659721	-0.0476149955	-0.0482537682	-0.1021777593	-0.0881014196	-0.0489638606	0.1581493533	-0.007733889	-0.1639293452	-0.1202795604	-0.0671715146	0.1910034443	0.0305893065	0.2180493571	-0.2107592524	0.1119730222	0.048220895	0.045995879	0.0423632548	0.0374341914	0.0313595323	0.02432518	0.0165464061	0.0082612638	-0.0002766972	-0.0088061905	-0.0170661886	-0.0248039116	-0.0317825624	-0.0377885739	-0.0426381448	-0.0461828639	-0.0483142525	-0.0489670838	-0.0481213794	-0.0458030203	-0.0420829549	-0.0370750283	-0.0309324975	-0.0238433419	-0.0160245105	0.0379497	0.0380110789	0.001444842119142	0.00144017973009	-0.35527	-0.197784	0.1262167728999999	0.0391185106559999	0.227494	0.1502503	0.02257515265009	0.051753520036	-0.0023176	0.00041368	5.37126976e-06	1.7113114240000004e-07	0.00392788	0.00226845	1.54282412944e-05	5.1458654025e-06	-0.000466148	-0.000224592	2.17293957904e-07	5.0441566464e-08	0.0	0.0	0.0	0.0	0.0	0.0	0.0	0.0	0.0	0.0	0.0	0.0	0.0	0.0	0.0	0.0	0.0	0.0	0.0	0.0	0.0	0.0	0.0	0.0	0.0	0.0	0.0	0.0	1.0	0.0	0.0	0.0	0.0	0.0	0.0	0.0	0.0	0.0	0.0	0.0	0.0	0.0	0.0	0.0	0.0	0.0	0.0	0.0	0.0	0.0	0.0	0.0	0.0	0.0	0.0	0.0	0.0	0.0	0.0	0.0	0.0	0.0	0.0	0.0	0.0	0.0	0.0	0.0	0.0	0.0	0.0	0.0	0.0	0.0	0.0	0.0	0.0	0.0	0.0	0.0	0.0	0.0	0.0	0.0	0.0	0.0	0.0	0.0	0.0	0.0	0.0	0.0	0.0	0.0	0.0	0.0	0.0	0.0	0.0	0.0	0.0	0.0	0.0	0.0	0.0	0.0
52554.11793303109	31.857351994382043	2761935311.7189403	1014.8908760939576	63549.38312695312	-576.414542968756	4038524095.816274	332253.72534587985	53382.43183707084	-243.3552968598888	2849684028.8395147	59221.80050976459	53486.75566424833	39723.32758551264	3.649345	83.60236399999998	0.4643275	0.256598	0.0071195451	-0.1283600407	0.1091667816	-0.0783900685	-0.0650695824	-0.1457073772	0.039252698	0.0324091243	-0.0204785493	-0.0395716028	-0.0888085777	-0.0052944134	-0.0281922612	0.0228539586	0.0234582179	0.0466231028	-0.0583955378	-0.0296732376	0.0330060357	0.0256620436	-0.0392626602	-0.0618412169	-0.0758162707	-0.0208994415	-0.0228059272	0.0485853346	-0.0387200394	0.0767242258	-0.0239772013	-0.0037632316	0.0467769952	0.058528971	-0.0118171648	0.0535601022	-0.0648611838	-0.037535436	-0.0515711723	0.0270693673	-0.0122390423	0.0437742994	-0.0085426521	-0.0201236877	-0.0586717119	-0.0377626413	-0.0352453196	-0.0908188665	-0.0486036794	-0.011061597	-0.1315511699	-0.0056973433	-0.0073238401	-0.0031026807	-0.0407694283	0.0110266214	-0.0336104883	0.0113770451	-0.0084260206	-0.0022949913	0.0014663138	0.0064663593	-0.0009842822	0.0191105246	-0.0240041445	-0.0147443511	0.0360491422	0.0027225271	-0.0204389709	0.020117139	-0.0190840441	-0.0695419803	0.0425357862	-0.0107327311	0.0083422429	0.0373833334	-0.0199359788	0.0007719554	-0.0171068232	0.0637857821	0.0205194439	0.0304269402	0.0036712153	-0.054459013	-0.0594839634	-0.0533835151	0.003553244	0.0229041957	0.02887395	0.0538799394	0.0186240542	-0.0432242432	0.0515141213	0.0288028808	0.0553446565	-0.0207031826	0.0019262618	0.0113329115	-0.1238952679	0.0221700385	-0.0464828636	0.0232083072	0.0328351343	-0.0745778448	0.0133437335	0.0049476332	0.006126148	-0.0051188057	-0.0171828822	-0.0001164569	0.0101529872	0.0088205652	-0.0230920002	0.0286520685	-0.0305914023	-0.0290870855	-0.0258261895	0.0400626447	0.0632413968	0.0669113101	-0.0335369818	0.0271416773	-0.0508748857	0.0382154819	0.076403312	-0.0091114608	0.0093731309	0.0370982107	0.0675489661	-0.008892568	0.0460100448	-0.075839061	-0.035682686	0.0501247429	0.0302106491	-0.0032184338	-0.0423363905	0.0014207987	0.0323422994	-0.0756391563	-0.0529386601	0.0435374084	0.0809116105	0.0452824857	0.0035146874	0.1038357801	0.0172604411	0.0249167986	0.0337728308	0.048427889	0.0077336393	0.0365928941	-0.0042632006	-0.027449726	0.0053437511	-0.0006522318	-0.010826826	-0.0073032896	-0.0028935773	0.0297763165	0.0008299013	0.0419039359	-0.0002798676	0.028856381	-0.0162927434	0.0210077117	-0.0666078227	-0.0103259118	0.0291934999	-0.0076126048	0.0373673018	-0.017279759	0.0087848281	-0.0240041735	-0.0308231873	-0.0190159773	0.0762829542	-0.0321391721	-0.0408332492	-0.0491268503	-0.0714270922	0.0188295393	0.0126720746	0.027496694	-0.0535681592	0.0220654978	0.0163005947	0.0694267141	0.0150190561	0.0101404001	-0.0559054209	-0.0008727565	-0.0379186886	-0.0825663995	-0.0565389424	-0.05135311	0.0094300584	-0.0306540445	0.0570834868	0.0038027347	-0.0325899878	-0.0023301835	0.0056014508	-0.0201334068	0.022311982	0.0034094863	0.021647763	-0.0031625762	0.0456280062	-0.0737731656	0.0040395724	-0.0565856599	-0.0382605092	-0.0069741902	-0.0071532987	0.0927856557	0.0714450503	-0.031071393	-0.030108881	-0.0618233902	0.0404863856	0.0086898566	-0.0301931492	0.0093413118	0.064075961	-0.0145511815	0.0223922454	-0.0444215653	0.0276713439	0.058742279	-0.075460917	0.0533724973	-0.0340534051	-0.0300683597	0.0481884067	0.0458679577	0.0420829549	0.0369542528	0.0306456097	0.023358459	0.015325478	0.0068031578	-0.0019363856	-0.0106141007	-0.01895291	-0.026686557	-0.0335681082	-0.0393778372	-0.0439302406	-0.0470799613	-0.0487264292	-0.0488170731	-0.0473489988	-0.0443690814	-0.0399724692	-0.0342995449	-0.0275314438	-0.0198842699	-0.0116021956	-0.019315	-0.0572647	0.00327924586609	0.0003730692249999	-0.162691	0.1925789999999999	0.026468361481	0.0370866712409999	0.0712338	-0.1562602	0.02441725010404	0.00507425426244	-0.00264697	-0.0003293699999999	7.006450180899999e-06	1.0848459689999989e-07	0.00365797	-0.0002699099999999	1.33807445209e-05	7.285140809999997e-08	-0.00103134	-0.000565192	1.0636621956e-06	3.19441996864e-07	0.0	0.0	0.0	0.0	0.0	0.0	0.0	0.0	0.0	0.0	0.0	0.0	0.0	0.0	0.0	0.0	0.0	0.0	0.0	0.0	0.0	0.0	0.0	0.0	0.0	0.0	0.0	0.0	0.0	1.0	0.0	0.0	0.0	0.0	0.0	0.0	0.0	0.0	0.0	0.0	0.0	0.0	0.0	0.0	0.0	0.0	0.0	0.0	0.0	0.0	0.0	0.0	0.0	0.0	0.0	0.0	0.0	0.0	0.0	0.0	0.0	0.0	0.0	0.0	0.0	0.0	0.0	0.0	0.0	0.0	0.0	0.0	0.0	0.0	0.0	0.0	0.0	0.0	0.0	0.0	0.0	0.0	0.0	0.0	0.0	0.0	0.0	0.0	0.0	0.0	0.0	0.0	0.0	0.0	0.0	0.0	0.0	0.0	0.0	0.0	0.0	0.0	0.0	0.0	0.0	0.0
52442.2194569932	-111.89847603788805	2750186381.5754366	12521.2689396018	63509.09162695312	-40.29149999999936	4033404719.280728	1623.4049722499483	53305.367791948745	-77.06404512209701	2841462235.4349265	5938.867050580605	53412.11146006779	37830.414461051645	1.506283	34.507236	0.04869205	0.0234576	0.0431296768	-0.1189279889	0.1006046213	-0.0679108404	-0.0570027123	-0.165007519	0.0208552126	0.0488529319	-0.0113605125	0.001333733	-0.0125781274	-0.0263302689	-0.013223268	0.0335727516	-0.0313842047	-0.000337287	0.0122043136	0.0093925402	0.0258687825	-0.0209383408	0.0333702057	-0.03173091	0.0437295266	0.0070672754	0.0159680652	-0.0135241501	-0.0047851099	0.0256808681	0.0286126171	-0.0079530476	-0.0439548229	0.0060322585	0.0295167255	-0.0758149838	0.0380821224	-0.0231559603	-0.0095822327	-0.0151110156	0.0284009228	-0.0281262478	-0.0078930176	-0.038014417	0.0215751798	0.0164994707	-0.0133143946	0.0068032499	0.0053171556	-0.0414781495	-0.068796101	-0.0048578079	0.0023041701	-0.0152183004	0.0523849803	0.0159796437	-0.0651408491	0.0029370896	-0.0229909032	0.0608642537	0.0136203772	-0.0062136081	-0.0105030613	0.0262900637	-0.0446655403	-0.0386350458	-0.0361192211	-0.0058960066	-0.0377710485	-0.02000797	0.0397433623	-0.0380168826	0.0803970468	0.0477635682	-0.0685277591	-0.0275688374	0.0201429285	-0.0228972221	0.0147853362	0.0050183912	0.0082396538	-0.0424567968	0.0145790762	0.0864172024	-0.0166429839	-0.0505828334	0.0535042718	-0.0122162415	0.0042471981	0.044428317	-0.0062400331	-0.0406120491	-0.0600508443	-0.0408289714	-0.0034674798	0.0054572348	0.025469683	-0.0157260181	0.0620092168	0.0075140709	-0.0007936747	-0.0346691999	0.0416736969	-0.046787719	-0.0114890399	-0.0224816431	0.0022792407	-0.0397319572	0.0281903678	-0.0434010403	0.0281405175	-0.0165682927	0.0426725423	-0.006003635	0.0083367179	-0.029808169	0.0216085159	-0.033228081	0.0291898536	-0.0401882369	0.0164165426	-0.0139022069	0.0116101536	0.0006882886	0.0229864109	0.032579216	-0.010588728	-0.0472447269	-0.0005433357	0.0297979861	-0.069204758	0.0432697527	-0.026631379	0.0100502266	-0.0171958	0.0221876304	0.0274918663	0.0129480458	0.0382386444	0.0137714622	0.0184056034	0.0128337239	-0.0003613028	-0.0236255741	0.0263602017	0.0704028108	0.0137949494	-0.013091537	-0.0176717816	-0.0258607067	0.023465366	0.038113509	0.0528049482	-0.0568961773	0.0224863427	0.0275213978	0.0143349086	0.015890903	0.0194796592	0.0507420073	0.0349454609	-0.0050442427	-0.0119364101	0.0590229006	0.0045958612	-0.0469560278	-0.0672388622	-0.0580293248	-0.0176614258	-0.074193571	-0.0424295436	0.0332970185	-0.0211769268	0.0209609843	-0.0418496485	0.0104730296	-0.0385666588	0.0827676029	0.0367060614	-0.016563935	-0.0361607517	0.0574714533	0.0052572886	-0.0012491717	-0.0612189235	-0.0223860228	0.0123500291	-0.0246801525	-0.0669617482	0.0221560676	0.0159082299	-0.0204896162	0.0266395101	0.0429934491	-0.0176161162	0.0085441639	-0.0302859099	0.0504493173	0.0320750421	0.037643403	-0.0079472925	-0.0186343451	0.0280469845	0.0094401182	0.0509807531	-0.0173820399	0.0062520689	-0.0084344812	-0.0363188214	-0.0037152502	0.0050864302	-0.0564124165	-0.0353814223	-0.0055092938	-0.0111407711	0.0522514833	0.0646321386	-0.0176672349	-0.0795646586	0.0009367892	0.0008113655	0.0030840515	-0.0537655586	0.0273367613	0.0835783555	-0.0163308471	0.005170943	-0.0518603198	-0.0083149217	0.0410282166	-0.0224856052	0.0499145596	-0.0106920266	0.0127904578	0.0481552347	0.045737433	0.0417972809	0.0364659247	0.0299208162	0.0223798066	0.0140938949	0.0053388741	-0.0035938487	-0.0124069519	-0.0208070951	-0.0285146833	-0.0352731729	-0.0408576104	-0.0450821203	-0.0478060917	-0.0489388583	-0.0484427166	-0.0463341804	-0.0426834313	-0.037611983	-0.0312886365	-0.0239238614	-0.0157627911	-0.0070770633	-0.0143524	0.0049625999999999	2.4627398759999992e-05	0.00020599138576	-0.155665	0.007026	0.024231592225	4.936467600000006e-05	0.0852667	0.0140329	0.00019692228241	0.00727041012889	-0.00265968	-1.2710000000000412e-05	7.073897702400001e-06	1.6154410000001048e-10	0.00386771	0.0002097399999999	1.49591806441e-05	4.399086759999997e-08	-0.000800379	0.0002309609999999	6.406065436410001e-07	5.334298352099996e-08	0.0	0.0	0.0	0.0	0.0	0.0	0.0	0.0	0.0	0.0	0.0	0.0	0.0	0.0	0.0	0.0	0.0	0.0	0.0	0.0	0.0	0.0	0.0	0.0	0.0	0.0	0.0	0.0	0.0	0.0	1.0	0.0	0.0	0.0	0.0	0.0	0.0	0.0	0.0	0.0	0.0	0.0	0.0	0.0	0.0	0.0	0.0	0.0	0.0	0.0	0.0	0.0	0.0	0.0	0.0	0.0	0.0	0.0	0.0	0.0	0.0	0.0	0.0	0.0	0.0	0.0	0.0	0.0	0.0	0.0	0.0	0.0	0.0	0.0	0.0	0.0	0.0	0.0	0.0	0.0	0.0	0.0	0.0	0.0	0.0	0.0	0.0	0.0	0.0	0.0	0.0	0.0	0.0	0.0	0.0	0.0	0.0	0.0	0.0	0.0	0.0	0.0	0.0	0.0	0.0	0.0
52601.32010697915	159.10064998594316	2766898876.9968886	25313.016825949595	63733.73879345703	224.6471665039062	4061989460.5926094	50466.34941823375	53215.08845824015	-90.27933370859682	2831845639.618324	8150.358094868186	53316.51822018465	43491.547594422176	2.318759	53.120144	0.1269351999999999	0.0581963	-0.0464503497	-0.1013051894	0.0794266703	-0.0342596096	-0.0241004715	0.0088921804	0.0122782527	0.0200883491	-0.0255748952	0.0345662238	-0.0709145314	-0.0061844139	-0.0557418113	-0.0020076476	0.0069709472	0.01554315	0.0046829608	0.0247548541	-0.0075911155	-0.0667235426	0.0537910895	-0.0300071838	-0.0124711622	-0.023965922	-0.0185911174	-0.0395653491	0.0008079188	0.0460003271	0.0435224289	-0.0519531799	-0.0105902978	0.0397720272	0.069246855	0.0130650578	-0.0202831945	-0.0663734063	-0.0339181426	0.1049520474	-0.004301237	0.0246384962	0.0228099333	0.0347484432	-0.0447225852	-0.0095199936	0.0250131555	-0.0910456869	-0.0162215607	-0.0171265369	-0.0309143598	0.0121196745	-0.060695534	-0.0664081516	-0.0005454347	-0.014882432	-0.0091160951	0.0069338333	-0.0249752304	-0.0039921888	-0.0588580112	-0.0404730345	-0.0039855164	-0.0338285504	-0.011417343	-1.63979e-05	-0.045058278	0.0097138843	0.0188987912	-0.1364429604	-0.0083042781	-0.0076122901	0.0832951025	-0.0715969741	-0.0232185517	-0.0624610482	0.0258002128	0.0492504773	0.0126276279	0.0594579015	-0.0635635302	0.0277144262	-0.0278097082	-0.0539959277	-0.0041728195	-0.0404967349	0.0212428359	-0.0182205315	-0.0036141633	0.036079301	0.0018969277	0.0080119151	0.0142504426	-0.0530132708	-0.0041422927	0.0227489156	-0.00014412	-0.0271378102	0.0195286406	0.0354989436	-0.011365627	0.027034096	-0.0106308968	0.0262700043	-0.0101002653	-0.0318805853	0.0485252956	-0.0543543402	0.0457730619	0.0439801031	0.0847687812	0.074289563	0.0119770387	-0.0752434625	0.0258502314	0.0034143005	0.0669214861	-0.0524280785	0.026565177	0.00489916	-0.0330787881	0.0134500341	0.0380532738	-0.0037864496	0.0410102259	0.0500277596	-0.0401985241	-0.0098476103	0.0399092463	0.0772572507	0.011869875	-0.0246636085	-0.0663941985	0.0280050905	0.104103965	0.0012848981	-0.0240474958	-0.0255787666	-0.0212014216	-0.0439776562	-0.0332991718	-0.0161013613	0.0981489524	0.0174145175	0.0154586776	0.0184338786	-0.0088269822	0.0738578452	0.0120719683	-0.0383031723	-0.0070654313	0.0058189664	-0.0110603884	-0.031680136	0.0161779986	-0.0497726196	0.0563233639	-0.0188263747	0.0244160497	-0.0021300779	-0.0144323817	-0.0506562103	-0.0196871797	-0.0537654229	0.101454088	-0.0166681848	-0.0586192116	-0.0802198098	0.0735392376	0.0102199939	-0.0552459767	0.0380408128	0.0475446726	0.0197738015	-0.0552946252	-0.0286309278	0.0100227168	-0.0862727353	0.003525119	-0.0016101943	-0.0240238557	0.0401747511	-0.0178781237	0.0037172457	-0.0103666398	0.0121239296	0.0482115824	-0.0079334132	-0.0433206488	-0.0092645721	0.0417770827	-0.005958658	-0.0125161523	0.0307032516	-0.0318843979	0.0280867785	0.002533882	-0.0295613748	-0.0438916988	0.0430660166	0.0030765409	0.0126549517	0.0621587055	0.0405909018	0.0043942494	0.0416689633	-0.0776765609	-0.0923980175	-0.0489697191	-0.037261468	-0.0011562061	-0.0541431062	-0.0288004456	-0.0152888463	0.0011971546	0.0986600598	0.0385029068	-0.0775414775	-0.0803573494	-0.0533065935	-0.0568132721	0.0795622924	0.0282878706	0.0229913643	0.0201539898	-0.0005685875	0.019823344	0.0070784119	0.0561271308	0.0109970591	-0.0117895651	0.0280197083	0.0104426124	-0.0414690826	0.0481213794	0.0456043123	0.0415062691	0.0359693177	0.029185409	0.0213897225	0.0128525131	0.0038697424	-0.0052471816	-0.0141822002	-0.022625561	-0.0302845558	-0.0368936684	-0.0422237789	-0.0460901072	-0.0483586182	-0.0489506689	-0.0478457346	-0.0450821203	-0.0407556328	-0.0350162597	-0.0280629691	-0.0201368126	-0.0115125682	-0.0024892147	-0.0121597	0.0021926999999999	4.8079332899999945e-06	0.00014785830409	-0.176593	-0.020928	0.031185087649	0.000437981184	0.0468968	-0.0383699	0.00147224922601	0.00219930985024	-0.00300165	-0.0003419699999999	9.0099027225e-06	1.1694348089999973e-07	0.00331346	-0.00055425	1.09790171716e-05	3.071930625000001e-07	-0.000387707	0.000412672	1.5031671784899998e-07	1.7029817958400004e-07	0.0	0.0	0.0	0.0	0.0	0.0	0.0	0.0	0.0	0.0	0.0	0.0	0.0	0.0	0.0	0.0	0.0	0.0	0.0	0.0	0.0	0.0	0.0	0.0	0.0	0.0	0.0	0.0	0.0	0.0	0.0	1.0	0.0	0.0	0.0	0.0	0.0	0.0	0.0	0.0	0.0	0.0	0.0	0.0	0.0	0.0	0.0	0.0	0.0	0.0	0.0	0.0	0.0	0.0	0.0	0.0	0.0	0.0	0.0	0.0	0.0	0.0	0.0	0.0	0.0	0.0	0.0	0.0	0.0	0.0	0.0	0.0	0.0	0.0	0.0	0.0	0.0	0.0	0.0	0.0	0.0	0.0	0.0	0.0	0.0	0.0	0.0	0.0	0.0	0.0	0.0	0.0	0.0	0.0	0.0	0.0	0.0	0.0	0.0	0.0	0.0	0.0	0.0	0.0	0.0	0.0
52413.9589252017	-187.3611817774436	2747223090.212732	35104.21243704025	64022.83997460938	289.10118115234945	4098924038.4144406	83579.49294368358	53214.54852306728	-0.5399351728701731	2831788174.5138817	0.2915299909023437	53321.09961959592	42920.19355024858	1.280749	29.340515	0.0837477599999999	0.0427295	-0.0289704744	-0.1116269568	0.0723064428	-0.0528887457	-0.03858299	-0.0334224024	0.0094347869	-0.0097662438	-0.0155431151	0.0061811665	-0.0276676811	-0.0393544196	-0.0507420153	-0.0075364811	0.0283084446	0.0113808757	-0.0151365101	0.0289653413	-0.0488031463	-0.0362406399	-0.0233601945	0.0450371169	0.0104561263	-0.0482488064	0.0011781436	-0.0689795011	-0.0103282856	0.0225558016	-0.0044529111	0.0118201811	-0.0330959468	0.0456657181	-0.0135074568	0.010096508	-0.0564341235	-0.1068488828	0.010483	0.0162698729	-0.0077677365	-0.0685552929	0.0132776255	-0.0134864844	0.0048176108	-0.0202179489	0.028413622	0.0052493515	-0.0264332283	0.0794559953	0.0369227843	-0.0535437374	0.0202549194	-0.0411990215	-0.009100968	-0.0331204788	-0.0173957519	0.0073035779	-0.0155239444	0.0083908677	-0.0382156039	0.0332037456	0.0092607967	0.0235479955	-0.0859049113	-0.0053978397	-0.0880086114	0.0414292917	-0.0064407243	0.0001562823	0.0252763854	0.0293499838	0.0549148826	-0.0169077506	-0.002298565	-0.0038276747	8.79648e-05	-0.0163966682	-0.0724434998	0.0084478123	-0.0273985401	-0.003565619	-0.0011233935	-0.0328927701	0.047839728	0.0142519894	-0.0089492215	-0.0213627243	-0.0062883787	-0.0933314575	0.0214328106	-0.0225485012	0.0098047789	-0.0439301261	0.0015331201	0.0711028655	0.0150842402	-0.0229892842	-0.0053025019	-0.0412291458	0.0451669128	-0.0415850149	-0.000971549	-0.0061865193	-0.00651584	-0.0299437905	-0.0194486693	0.0064414126	-0.0004862781	0.0244921777	-0.0513567531	-0.0638341991	-0.0369999423	-0.0082470272	0.0298129593	0.0477265871	0.0341677463	0.0221739562	-0.0426549985	-0.0185020126	-0.0501327756	-0.0217041815	0.0688775734	0.0106728812	0.0221339125	0.0005411781	0.0088825989	-0.0401374208	0.0379983239	-0.0156451478	0.0056923489	-0.0603799106	-0.1053726137	-0.0196878266	0.0184680425	-0.0121298752	0.0726125503	-0.0169102167	0.0123883133	-0.0093006096	0.0052855674	-0.0284615969	-0.0148821142	0.0510045309	-0.0624086526	-0.0452094561	0.0349610609	-0.0133047634	0.0280747695	-0.0403805048	-0.0412201666	0.0008019165	-0.0016446518	-0.0224577944	0.0039731816	-0.0269029621	-0.020539165	-0.0017733241	0.0280725541	0.0931887868	0.01486666	-0.0795147726	-0.0589901299	0.0106869502	-0.0139456714	-0.0151539461	0.0206031492	-0.0645616914	0.0093930894	0.0048952747	-0.0061054623	0.0024724902	0.0040231627	-0.0748379384	-0.0366450184	-0.0026917163	-0.0182014397	-0.037467266	-0.0097039882	0.050446041	0.0276073219	-0.0086530821	-0.019782867	-0.0158266871	0.0657265887	-0.0222570491	-0.0468057944	0.0413231527	-0.0324566835	0.0435310403	0.0643006619	-0.0067140289	-0.0164626666	0.0179328227	0.0408872161	-0.0272760506	-0.0209963357	0.0443754411	0.0037215205	0.013552648	0.0062706893	-0.0213329991	-0.0207311783	0.0287296635	-0.0416368484	0.0146380564	0.0667745835	-0.0085242531	0.0191229617	0.0367712539	-0.0025182568	-0.0467680028	-0.0202015484	-0.0213858263	0.0124746917	0.0656909425	0.0242809772	-0.0918674778	-0.0872140099	-0.0561040925	-0.0491526575	0.0904887859	0.0622237772	-0.0354390965	0.0096385148	0.005690322	0.0052955104	0.0178464427	0.0463824466	-0.0239876063	0.0384514559	0.0576254598	0.0019147977	-0.0614008342	0.0480868413	0.0454686032	0.0412099568	0.0354645447	0.028439649	0.0203887125	0.0116021956	0.0023970967	-0.0068944842	-0.0159373271	-0.0244051859	-0.0319925587	-0.0384257095	-0.0434725442	-0.046950984	-0.0487355344	-0.0487618127	-0.0470288708	-0.0435992294	-0.0385966226	-0.0322015336	-0.0246446833	-0.0161987064	-0.0071683153	0.002120693	-0.00846238	0.00369732	1.3670175182400004e-05	7.161187526440001e-05	-0.163358	0.0132349999999999	0.026685836164	0.0001751652249999	0.0469629	6.609999999999949e-05	4.369209999999933e-09	0.00220551397641	-0.00260158	0.0004000699999999	6.7682184964e-06	1.6005600489999985e-07	0.00284322	-0.0004702399999999	8.0838999684e-06	2.2112565759999986e-07	7.69698e-05	0.0004646767999999	5.9243501120400015e-09	2.1592452845824e-07	0.0	0.0	0.0	0.0	0.0	0.0	0.0	0.0	0.0	0.0	0.0	0.0	0.0	0.0	0.0	0.0	0.0	0.0	0.0	0.0	0.0	0.0	0.0	0.0	0.0	0.0	0.0	0.0	0.0	0.0	0.0	0.0	0.0	0.0	0.0	0.0	0.0	0.0	0.0	0.0	0.0	0.0	0.0	0.0	0.0	0.0	0.0	0.0	0.0	0.0	0.0	0.0	0.0	0.0	0.0	0.0	0.0	0.0	0.0	0.0	0.0	0.0	0.0	0.0	0.0	0.0	0.0	0.0	0.0	0.0	0.0	0.0	0.0	0.0	0.0	0.0	0.0	0.0	0.0	0.0	0.0	0.0	0.0	0.0	0.0	0.0	0.0	0.0	0.0	0.0	0.0	0.0	0.0	0.0	0.0	0.0	0.0	0.0	0.0	0.0	0.0	0.0	0.0	0.0	0.0	0.0
52126.99958936578	-286.9593358359198	2717224086.1897407	82345.6604233922	62990.82683544922	-1032.0131391601608	3967844265.413549	1065051.1193992095	53154.45433673084	-60.09418633643509	2825396015.835604	3611.3112314381815	53266.51601804086	40561.30546114042	1.518329	34.783199	0.08077428	0.0421575	0.00552245	-0.0956708269	0.0908336924	-0.1011333332	-0.0968541673	-0.1330892763	0.090786541	-0.0218944703	-0.0369565094	-0.0108419538	-0.00106521	-0.0240421619	-0.0021647214	0.0286150978	-0.0082916425	-0.0071033546	0.0106546187	0.0043305218	-0.0757262329	0.015413582	-0.0518423196	0.018649469	0.0436505382	-0.0722038044	-0.0125431003	-0.0493250953	-0.0394224525	0.0464298638	0.0460995093	0.0119090437	0.0330855016	-0.005120809	-0.0748831718	0.0136183023	-0.0380259807	-0.0198048865	0.0122639555	-0.0214872956	-0.0014322531	0.0234286112	-0.0158606206	-0.0117150147	-0.0274111623	-0.0096133999	-0.0044834048	-0.0296844955	-0.0195757909	-2.95352e-05	-0.1092165842	0.0093202527	-0.0010146837	0.032548437	-0.042945462	0.0101176257	-0.0713457175	-0.0205135966	0.036753737	0.0066145681	-0.0327608305	0.0026186207	-0.0289955727	-0.0223631285	-0.0666349328	-0.030447613	0.0465590579	0.0549887637	-0.0603335336	-0.0306113965	0.0268291507	0.0314680372	0.0278853159	-0.0250270393	-0.0513919019	0.0205949422	-0.0149985645	-0.0163570432	-0.0529831795	-0.0030879219	0.0113089616	-0.0260855616	-0.0228543692	0.0029585151	-0.0036754644	0.0293227536	-0.0386052613	0.0712290698	0.0259989927	-0.0108868553	0.0048283943	-0.0516590374	-0.0086663742	-0.0571729263	0.0197921878	0.0305022024	0.0071990542	-0.016124689	-0.0246919335	0.0140195411	0.0126109603	0.0377495451	0.0062641552	-0.0079956572	0.0627766526	0.0645921274	-0.0124553037	-0.0083103306	-0.0322765746	0.0380009704	0.0096717148	0.0691838337	0.0324264744	0.0009784341	0.0038530601	0.0771291742	-0.017826005	0.0494988923	-0.0131136229	-0.0494466186	-0.0632155975	-0.0212910082	0.0495967471	0.031139329	0.0363803657	0.0616580971	0.025413978	0.0380327827	-0.0009338013	-0.0659464834	0.0112550413	-0.0437717693	-0.0240705492	-0.0136953403	-0.0278412238	0.0079359424	-0.0204732602	0.0072939359	0.0146075564	-0.0391986595	-0.0248819509	0.0126259026	0.0322885943	0.0212187151	-0.0150034846	0.090928858	-0.0006877201	0.0040950661	0.0015043054	0.0642764662	-0.0145021726	0.0781259637	0.0344134485	-0.0237654123	-0.0318972864	-0.0340483121	0.0083736235	0.0190963915	0.0634625866	0.0300667256	-0.0069679186	0.0604983617	-0.0663790189	0.0405905896	0.0470911077	-0.0172782226	0.0243661759	-0.0162976377	0.0264258194	-0.0467378951	0.0083481175	-0.0159021318	-0.0114595782	-0.0642893602	-0.0177826731	0.0295205407	-0.0120543827	-0.0058955373	0.0093607531	-0.0114742723	0.0183757899	-0.0500930925	0.0616475132	0.021310555	0.0028942725	-0.0295239653	-0.0151457579	0.0353840359	-0.0562098902	0.0305228409	0.0211235786	-0.0110593396	-0.028293103	-0.0057726284	0.0010082488	0.0168116104	-0.0119838215	-0.0508277048	0.0331688019	-0.0711861088	-0.0529659537	-0.0088402137	0.0342887672	-0.0085896996	-0.0285406143	0.0106413438	-0.0577965913	0.0112214776	-0.018460559	-0.0573071573	-0.0001732752	-0.0238386056	-0.0181526914	-0.0009197107	0.0109562454	0.0559942981	0.0109502367	-0.112962827	-0.086429796	-0.0651713421	-0.0385750194	0.0943942784	0.0349471728	-0.0583928089	0.0109789587	0.0213988619	0.0089790237	0.0183059994	0.0467102307	-0.038591327	0.032147668	0.0371443466	0.021927037	-0.0550242328	0.0480516209	0.0453303135	0.0409083818	0.0349517203	0.0276838006	0.019377288	0.0103438118	0.0009222743	-0.0085338634	-0.0176698424	-0.0261429148	-0.0336352026	-0.039865623	-0.044600434	-0.0476620031	-0.0489354716	-0.0483730638	-0.045995879	-0.0418931005	-0.036218649	-0.029185409	-0.0210572413	-0.0121390845	-0.0027655145	0.0067118073	-0.0133382	-0.0048758199999999	2.3773620672399995e-05	0.00017790757924	-0.140486	0.022872	0.019736316196	0.000523128384	0.0470022	3.929999999999906e-05	1.5444899999999259e-09	0.00220920680484	-0.00217634	0.0004252399999999	4.7364557956e-06	1.8082905759999992e-07	0.00332224	0.00047902	1.10372786176e-05	2.2946016040000013e-07	-7.85134e-05	-0.0001554832	6.16435397956e-09	2.4175025482240002e-08	0.0	0.0	0.0	0.0	0.0	0.0	0.0	0.0	0.0	0.0	0.0	0.0	0.0	0.0	0.0	0.0	0.0	0.0	0.0	0.0	0.0	0.0	0.0	0.0	0.0	0.0	0.0	0.0	0.0	0.0	0.0	0.0	1.0	0.0	0.0	0.0	0.0	0.0	0.0	0.0	0.0	0.0	0.0	0.0	0.0	0.0	0.0	0.0	0.0	0.0	0.0	0.0	0.0	0.0	0.0	0.0	0.0	0.0	0.0	0.0	0.0	0.0	0.0	0.0	0.0	0.0	0.0	0.0	0.0	0.0	0.0	0.0	0.0	0.0	0.0	0.0	0.0	0.0	0.0	0.0	0.0	0.0	0.0	0.0	0.0	0.0	0.0	0.0	0.0	0.0	0.0	0.0	0.0	0.0	0.0	0.0	0.0	0.0	0.0	0.0	0.0	0.0	0.0	0.0	0.0	0.0
52092.31268509774	-34.68690426804096	2713609040.881995	1203.1813277002384	63240.88722265625	250.0603872070351	3999409816.708727	62530.19725013232	53164.80378366024	10.349446929394617	2826496361.355094	107.11105174435566	53278.33890621283	39352.568450055805	1.339719	30.691448	0.11755076	0.0605496	0.0191443553	-0.1118772838	0.1040923237	-0.0888960206	-0.1268529626	-0.1423980781	0.0967261907	-0.004933446	-0.0427470946	-0.0180216083	-0.000780681	-0.0435288452	-0.0200557678	0.0270490323	-0.0254429889	0.0017954032	-0.006059029	0.0142652358	-0.0814386546	0.0233764305	-0.0835802474	-0.0409172785	0.0320952392	-0.0204299928	-0.0197244117	-0.0260782307	-0.0144085655	-0.0256508435	0.027689841	0.0243650519	0.022193867	-0.01181451	-0.0361990395	-0.0387866245	-0.0352311876	-0.0665350404	-0.0499948946	-0.0100739769	-0.0254440295	-0.0321882333	-0.0701716553	-0.0037516027	-0.0607990267	-0.0006878744	-0.0328048282	-0.0104747742	0.0281483302	0.0409992483	-0.0261375131	-0.0799268678	-0.0254490128	-0.0462669189	0.0113278416	-0.027012522	0.0038737676	0.0318493177	0.0121242667	-0.0018006764	-0.0384737058	0.0625480763	0.0028107296	0.0119878343	0.0085802042	-0.0904374421	0.0339064176	0.0036235852	0.0186234929	-0.0021915504	0.0263890832	-0.0444896633	0.0557329208	0.0288974632	0.024401904	-0.0577412745	0.0833406353	-0.0601369892	-0.0569501925	-0.0306547166	0.0735001554	0.0328123105	-0.0282815402	-0.0231941049	0.0888867448	0.0048734696	-0.0106085056	0.0958234016	-0.0251459866	-0.0511913054	-0.0198880768	-0.0104557388	0.0132877407	0.0423457469	-0.0705375712	-0.0276677754	-0.0209835047	0.0469068184	-0.0451000298	-0.0632627858	0.0597538352	-0.0438515577	0.0074813471	0.0333979799	0.0300819453	-0.0337934299	0.0021584271	0.054402249	-0.0283695677	0.0061659007	0.0131198873	0.0801257095	-0.003601988	-0.0071161062	0.0139128842	0.0803770923	-0.0239240574	0.0771166346	0.0445898089	-0.0374835331	-0.0224797866	0.0028747606	0.0276837085	0.0081506331	-0.0306107793	0.0269336072	0.0253974862	0.0180710768	-0.0128585364	-0.0355851	-0.0421723668	-0.0355275577	-0.0677071195	0.0456432454	-0.0022433903	-0.0285866896	0.0387332617	0.063907775	-0.0097697161	-0.0154125632	-0.0642491375	0.0375513517	0.0009329342	-0.0124340505	-0.0595907415	0.0204924338	0.0706521331	0.0275756891	0.0087845725	-0.0426939328	-0.0102800977	-0.0273780386	-0.0164191761	-0.0442006819	-0.0142328332	-0.0386976591	-0.0659314224	0.0185397484	0.0207559862	0.0075898124	0.0684739875	0.0582427589	-0.0004919787	-0.0025916845	-0.0140418895	-0.0328854598	-0.0510432066	-0.0453925661	-0.0311804835	0.0238975058	-0.0386294434	0.0887022651	-0.0342057462	-0.0701827021	0.0308867758	0.0450420401	0.0575412953	-0.0036688973	0.022128067	0.0765486057	0.0271242816	0.0111616475	0.094618468	-0.0168883339	0.0162664092	-0.0423469242	-0.067874779	-0.0156606979	0.0584738303	-0.0637654015	0.0093828206	0.0198307819	-0.023343155	-0.0662841725	0.0789668339	-0.0233649337	-0.0225675381	0.0513680928	-0.0421347108	0.0170221952	-0.0203329235	0.0326655608	-0.042980016	-0.0313205305	-0.0296869452	-0.0154395488	-0.0580291539	-0.0111513456	0.0011093738	-0.0308593469	-0.0054447077	-0.0442562642	-0.025943948	-0.0014728646	0.0263563232	0.0441957352	-0.0096255335	-0.0975388901	-0.1290234018	-0.0640233721	-0.0145054666	0.0747934179	-0.0009283513	-0.0698812185	0.0088132616	-0.0321111917	-0.0146762716	-0.0178656984	0.0265055931	-0.0451081138	0.0447006578	0.0475188465	-0.0010437525	-0.0186647918	0.0480157186	0.0451894509	0.0406015827	0.0344309608	0.026918132	0.0183559655	0.0090782364	-0.0005533855	-0.0101634351	-0.019377288	-0.0278357645	-0.0352091317	-0.0412099568	-0.0456043123	-0.048220895	-0.0489577037	-0.0477860158	-0.0447515066	-0.0399724692	-0.0336352026	-0.0259867497	-0.0173252667	-0.0079884006	0.0016598739	0.0112434423	-0.00622012	0.00711808	5.06670628864e-05	3.86898928144e-05	-0.19146	-0.0509739999999999	0.0366569316	0.0025983486759999	0.0592352	0.012233	0.000149646289	0.00350880891904	-0.00242243	-0.00024609	5.8681671049000006e-06	6.056028810000003e-08	0.00288145	-0.00044079	8.3027541025e-06	1.9429582410000034e-07	-0.000336147	-0.0002576336	1.1299480560900001e-07	6.637507184896003e-08	0.0	0.0	0.0	0.0	0.0	0.0	0.0	0.0	0.0	0.0	0.0	0.0	0.0	0.0	0.0	0.0	0.0	0.0	0.0	0.0	0.0	0.0	0.0	0.0	0.0	0.0	0.0	0.0	0.0	0.0	0.0	0.0	0.0	0.0	0.0	0.0	0.0	0.0	0.0	0.0	0.0	0.0	0.0	0.0	0.0	0.0	0.0	0.0	0.0	0.0	0.0	0.0	0.0	0.0	0.0	0.0	0.0	0.0	0.0	0.0	0.0	0.0	0.0	0.0	0.0	0.0	0.0	0.0	0.0	0.0	0.0	0.0	0.0	0.0	0.0	0.0	0.0	0.0	0.0	0.0	0.0	0.0	0.0	0.0	0.0	0.0	0.0	0.0	0.0	0.0	0.0	0.0	0.0	0.0	0.0	0.0	0.0	0.0	0.0	0.0	0.0	0.0	0.0	0.0	0.0	0.0
52395.98001717683	303.6673320790869	2745338721.9603934	92213.84857203045	63626.463048828125	385.5758261718729	4048326800.103891	148668.71772812234	53246.34938365117	81.5455999909318	2835173722.685849	6649.684877881057	53361.36476514183	48297.68716137378	2.895972	66.343452	0.15735226	0.0883555	-0.1027427625	0.0531550533	-0.0349467727	0.1379895313	-0.0753668487	0.0696945771	0.0870789881	0.0176607259	-0.0630747034	-0.0097684164	-0.0101344957	-0.0188408305	-0.0401087416	-0.0412764362	-0.0092210008	0.0106308607	0.019326145	0.010336975	-0.0450211819	-0.0009722006	-0.0211185302	-0.0877918538	-0.0216042277	-0.0154807509	-0.0490067999	-0.1030958738	-0.0468521032	0.01700707	-0.0319547359	-0.0375464566	0.0299948746	0.0024468208	0.0476353182	-0.0095773936	0.0114500184	0.0190632406	-0.0104407842	0.0206219732	-0.0302487951	0.0316767624	-0.0265143964	-0.0316092101	0.0249544364	-0.0023260251	0.0289262979	0.0448202826	0.0117519041	0.0249108664	-0.0341246891	0.0042906278	0.0407808599	-0.0868753984	-0.0155591341	-0.0235308833	0.0185748538	0.0117517457	0.0151519724	-0.026276529	-0.0034886545	-0.0481385175	0.0281590044	0.0492251145	0.0256566052	0.0376879016	-0.0240057256	0.0152447772	0.0040266714	-0.0058751757	0.0447702419	0.0469437187	-0.0298056035	-0.0435256271	-0.0726283103	-0.0256590098	0.0387651552	0.0904500057	-0.0622418744	0.0433701111	-0.0661579828	-0.0502443544	-0.0035985575	-0.0270584081	0.0457363386	0.0145005544	0.0277614162	0.0815797993	0.0222301915	-0.0008398344	0.0023243907	-0.0127375014	-0.0047777667	0.0178126385	0.0239586722	0.0012250056	-0.0509204133	0.0855385811	-0.0189447036	0.0062602391	-0.0291434099	0.0127313622	0.060644413	0.0360330158	0.0515543799	0.0017672101	0.0331409243	-0.0276816201	-0.017983409	-0.0098086251	0.0157285141	-0.0192087995	-0.021971632	0.0073779235	0.0103551969	0.0427136816	0.0032566057	0.0176835552	0.0884763147	0.006237158	-0.0405034976	0.0441415408	0.1016087925	0.0448471026	0.0279015956	-0.0226277251	-0.0341487838	0.0298633129	0.0069575571	0.0369632552	-0.0142131805	0.01009825	0.0192560754	0.0148555288	0.0239103664	-0.0386223261	-0.0297653547	0.0288264733	0.0308656879	-0.0052571242	0.0180515392	-0.0323522943	-0.0392467331	-0.0054361835	-0.0350659104	0.0409275575	-0.0154470827	-0.0067924614	0.0776474688	-0.0524336676	-0.0255593817	-0.0096372563	-0.0180893296	0.0069027489	-0.0176560415	-0.0009630214	0.0359378984	-0.0480418576	-0.0643086666	-0.0056274837	0.0107860872	-0.0256660081	-0.0278923061	-0.0146290266	0.0180141202	-0.0351073294	0.0681660877	0.0283319556	0.0519903002	-0.0399020501	-0.0268769643	0.038932677	0.1061470806	-0.0151986029	-0.0756708131	0.0028616088	-0.0664777544	-0.0479879013	-0.0183998734	0.0195724662	0.0303885671	0.0184010336	0.0844666036	0.0386777454	-0.0106706923	-0.0137693677	-0.0138324492	0.007097865	0.0064882079	0.009066611	-0.0213442881	0.0435037661	0.0599155975	-0.0645391988	-0.0192860136	-0.0175093688	-0.0262542648	-0.0125281425	-0.0488670102	-0.020609333	-0.0589346012	0.0321256096	0.0388642159	-0.0318886132	0.0221338554	-0.0006873311	0.0180015571	-0.0074745452	0.026531656	-0.0201082275	-0.0091124152	-0.004615777	-0.0123599058	0.0005964733	0.0433055055	0.05736725	-0.0367105552	-0.1097262557	-0.0713451625	-0.0597154504	-0.0500436029	0.0805494632	0.0464937118	-0.0415548265	-0.0510344604	-0.0616214118	0.0196497977	0.0216314221	0.0395627077	-0.0692442214	0.0143046028	-0.0104156327	0.0313325967	-0.0136730002	0.047979135	0.0450460234	0.0402895985	0.0339023846	0.0261429148	0.0173252667	0.0078063495	-0.0020285429	-0.0117813266	-0.0210572413	-0.0294808289	-0.0367111306	-0.0424554877	-0.0464813877	-0.0486258757	-0.0488021499	-0.0470030752	-0.0433014723	-0.0378471697	-0.0308609395	-0.022625561	-0.013474375	-0.0037777911	0.0060717052	0.0156754391	-0.00828295	-0.00206283	4.255267608900003e-06	6.860726070250001e-05	-0.159689	0.0317709999999999	0.025500576721	0.0010093964409999	-0.00160488	-0.06084008	0.0037015153344064	2.5756398144e-06	-0.00217122	0.00025121	4.714196288400001e-06	6.31064641e-08	0.00192676	-0.0009546899999999	3.7124040976e-06	9.114329960999996e-07	-0.000383814	-4.766699999999999e-05	1.4731318659600002e-07	2.272142888999999e-09	0.0	0.0	0.0	0.0	0.0	0.0	0.0	0.0	0.0	0.0	0.0	0.0	0.0	0.0	0.0	0.0	0.0	0.0	0.0	0.0	0.0	0.0	0.0	0.0	0.0	0.0	0.0	0.0	0.0	0.0	0.0	0.0	0.0	1.0	0.0	0.0	0.0	0.0	0.0	0.0	0.0	0.0	0.0	0.0	0.0	0.0	0.0	0.0	0.0	0.0	0.0	0.0	0.0	0.0	0.0	0.0	0.0	0.0	0.0	0.0	0.0	0.0	0.0	0.0	0.0	0.0	0.0	0.0	0.0	0.0	0.0	0.0	0.0	0.0	0.0	0.0	0.0	0.0	0.0	0.0	0.0	0.0	0.0	0.0	0.0	0.0	0.0	0.0	0.0	0.0	0.0	0.0	0.0	0.0	0.0	0.0	0.0	0.0	0.0	0.0	0.0	0.0	0.0	0.0	0.0	0.0
52377.463560719	-18.51645645782992	2743398689.0544467	342.85915975471124	63335.7060444336	-290.7570043945234	4011411660.146903	84539.63560447689	53277.30299221016	30.95360855899344	2838471014.123766	958.1258828233916	53389.87234720653	44398.427282873374	2.180083	49.943241	0.1225627799999999	0.0695068	-0.0390688453	-0.0707233217	0.0566087109	0.0200744772	-0.081208041	0.0700361979	0.0577918486	0.0635426413	-0.0182872414	0.0214772967	-0.0360290068	-0.0849653442	0.0115989176	-0.0176195116	-0.0640500297	-0.0326168869	-0.0209616327	-0.0256894034	0.0293676519	-0.0335836751	0.0409765242	-0.0677188432	0.1439671353	-0.0342363774	-0.0075384901	-0.0692264177	-0.0319567195	-0.0106791686	-0.0021335942	-0.0636388331	-0.0025867998	0.0223712394	0.0011153146	0.0221748469	-0.0183453919	0.0347215652	-0.0438714302	-0.0492264082	0.023843438	0.0185052101	-0.0365526985	0.0203727075	0.0097942442	-0.0249261539	-0.0029530193	0.0303858678	0.0555099834	-0.0217246673	-0.0593954088	-0.0082774293	-0.0309029682	-0.0195329704	0.0424966078	-0.0923769133	-0.0381360743	0.0103884669	-0.0524187574	0.0459583504	0.046727327	0.0169625842	0.0702671382	-0.0064911216	-0.0141322954	-0.0239592187	0.0116365462	-0.0160751853	-0.0030355925	-0.0404557978	0.0055438528	-0.0482914906	0.0152201978	-0.022628397	0.021118651	-0.0189009028	-0.0233227077	-0.0240521465	0.0146019779	0.01442098	-0.0077042625	-0.046427474	0.0304277723	0.0095221279	-0.0200656627	-0.0151352339	-0.0516322763	-0.0104597643	0.0334722123	-0.0424834959	-0.0070226315	0.0354716676	0.0140602077	-0.0364919463	-0.06996778	0.0563583526	0.0092544666	0.0463752536	0.0174239885	-0.0025220753	-0.0126374559	-0.0161937458	-0.0154414113	0.0810134387	0.0246151036	-0.0241778731	-0.0447050708	0.0300354928	-0.0275163893	-0.0340532038	-0.0150863233	0.0039969488	-0.0801606229	0.0429505655	-0.0262844344	-0.0312217917	0.0354511314	-0.0387970963	0.0639717852	-0.1463592247	-0.0154197775	-0.0149197001	0.0651532351	0.0276856665	-0.0008420331	0.0090339609	-0.0674879588	0.003711116	0.0219622314	0.002844489	0.0246861598	-0.0199334732	0.0295081431	0.0521415383	-0.0510468208	0.0312930149	-0.0235691836	0.0308962515	-0.0207945766	-0.028955053	0.0142324967	0.0076937904	-0.0179318426	-0.0646521058	-0.003656316	0.0612444074	0.0024875151	0.0109993194	-0.042578403	-0.0409922775	-0.0721771386	-0.0212482646	0.0168942015	-0.0569441539	0.0496940989	0.0570681774	-0.0367435266	-0.0539848672	0.0271417953	0.0195074063	0.0176825623	0.0045461558	0.0184414122	-0.0021444256	0.0308445189	-0.0133066739	-0.0624148362	-0.007609951	0.0255168801	0.0341918025	-0.0179281339	-0.0233439676	-0.0237898998	0.0149866959	-0.0303868674	0.0090402112	-0.0176558669	0.0211522371	-0.0249879599	-0.0136089281	-0.0393291218	-0.0527798822	-0.0118860897	0.0235656838	0.0389386306	-0.0196740992	0.0007752269	-0.0068988653	0.0131860645	0.0003410932	0.1022984202	-0.0062612146	0.0392698954	-0.0243878777	0.0118151419	0.0086018892	0.0111945431	0.0189425401	-0.0740978003	-0.0193651006	-0.0090623948	-0.0145077607	-0.054655343	-0.0323582724	-0.0098474119	-0.0485159549	-0.0117661941	0.0100552022	0.0968592382	0.0171345981	-0.0097183622	-0.0303229201	-0.0157190512	-0.0159095864	0.0357059135	-0.0002832204	0.0109721337	-0.1016419404	-0.0981278788	-0.0606622431	-0.0323201414	0.0600368541	0.040836842	0.0180037307	-0.021154604	-0.0341305062	-0.0097911247	0.0030537831	0.0192251693	-0.0628145758	0.048102402	0.015900446	0.0040123228	0.0197930478	0.0479418706	0.0449000392	0.0399724692	0.0333661115	0.025358424	0.0162857183	0.0065290352	-0.0035018582	-0.0133856785	-0.022707319	-0.031075284	-0.0381381307	-0.0435992294	-0.0472292216	-0.0488756528	-0.0484693751	-0.0460274517	-0.0416524399	-0.035528084	-0.0279115985	-0.019122865	-0.0095309979	0.0004611576	0.0104339452	0.0199685217	-0.00829945	-1.6499999999999154e-05	2.722499999999721e-10	6.88808703025e-05	-0.202535	-0.0428459999999999	0.0410204262249999	0.0018357797159999	0.0362469	0.03785178	0.0014327572491684	0.00131383775961	-0.00269359	-0.0005223699999999	7.2554270881e-06	2.728704168999999e-07	0.00224136	0.0003145999999999	5.0236946496e-06	9.897315999999997e-08	-0.000383814	0.0	1.4731318659600002e-07	0.0	0.0	0.0	0.0	0.0	0.0	0.0	0.0	0.0	0.0	0.0	0.0	0.0	0.0	0.0	0.0	0.0	0.0	0.0	0.0	0.0	0.0	0.0	0.0	0.0	0.0	0.0	0.0	0.0	0.0	0.0	0.0	0.0	0.0	0.0	1.0	0.0	0.0	0.0	0.0	0.0	0.0	0.0	0.0	0.0	0.0	0.0	0.0	0.0	0.0	0.0	0.0	0.0	0.0	0.0	0.0	0.0	0.0	0.0	0.0	0.0	0.0	0.0	0.0	0.0	0.0	0.0	0.0	0.0	0.0	0.0	0.0	0.0	0.0	0.0	0.0	0.0	0.0	0.0	0.0	0.0	0.0	0.0	0.0	0.0	0.0	0.0	0.0	0.0	0.0	0.0	0.0	0.0	0.0	0.0	0.0	0.0	0.0	0.0	0.0	0.0	0.0	0.0	0.0	0.0	0.0	0.0
52529.124060757895	151.6605000388954	2759308874.590494	23000.907272047796	64180.497112304685	844.7910678710832	4119136209.58255	713671.9483547651	53237.55796191217	-39.74503029799234	2834237577.747958	1579.6674333883293	53344.707353673584	44959.093535029424	1.622437	37.168205	0.1085962699999999	0.0607645	-0.0468562186	-0.0293455888	0.0216651783	-0.0222866455	-0.0406546375	0.0497928965	0.0440023678	-0.0227244032	-0.0400596276	0.020860999	-0.0157561554	-0.0008110384	-0.0247746174	-0.0230250029	-0.0463762124	0.0187508605	-0.0180803945	0.0376854771	-0.0224005906	-0.0619228634	0.0179810256	0.0050677338	0.0169341806	-0.0660025662	0.0002108321	-0.0410291797	0.0275693765	-0.0493826677	0.002966102	-0.0571569336	-0.0120631692	0.0043018766	0.017657962	-0.0175659222	0.0064482953	-0.0125409292	-0.0313473093	-0.0047756889	0.0060494849	0.0055917384	0.0114227575	0.0174944658	-0.0361016552	-0.0706539485	-0.0200549919	0.0214452175	0.0487245365	-0.0125846659	-0.0254615106	-0.0170990086	0.0622822692	-0.0023097907	0.0135716579	-0.0163644673	-0.0386868581	-0.0575394621	0.1160868268	-0.0050013012	0.0006853868	0.0164448184	-0.0322559974	0.0121283821	0.0020824531	0.0088349047	0.0435587435	0.019766357	0.0276407305	-0.0215144197	0.0114180401	-0.0443069733	-0.0310577947	-0.0135434014	0.0260401002	-0.0096904827	0.0029995119	0.0653146018	-0.0404024011	0.035904036	-0.0017180689	-0.0104533739	-0.0465561134	-0.0032517816	0.0107647576	-0.0047627672	-0.0374457532	-0.0145760923	-0.1002565629	-0.0238374299	-0.0120874356	0.021988783	-0.0595851354	0.0170499764	0.045658302	-0.0400941772	0.0347257053	0.0427498073	0.0207994392	-0.0342570146	-0.0231811716	0.0201227687	-0.0241532288	0.0149377967	0.0371248866	-0.0087546092	0.0189720533	0.0411715421	0.021720725	0.027006373	-0.0608477092	0.0053403996	-0.0140420754	0.0494091647	0.0382306303	0.0189323197	0.0610283979	-0.017771445	-0.0048577561	-0.0243570197	-0.0658689934	-0.0292060794	0.0407053844	-0.0275711292	-0.0475242284	-0.0009445694	-0.0578378403	-0.0059286419	0.0020964621	0.0243197879	-0.0146326865	0.0046938353	-0.0166784872	0.0323751903	-0.0035371721	0.0118012058	-0.0082538535	-0.0207194357	-0.0162768517	-0.0649099977	-0.0292086124	0.0279820763	-0.0344497717	-0.0456080165	-0.0049997447	0.0075525789	0.0196762913	-0.0412307365	0.0332086362	0.0030262287	-0.030899674	0.0256930742	0.0915256687	0.0212608132	-0.0994215305	-0.0016883323	-0.0160459997	0.0291981085	-0.0127164702	-0.0111983022	-0.0175693143	0.0484285878	-0.0207788701	-0.0349768448	0.0066971834	-0.0156854598	-0.0275908109	0.0322196318	0.0041830488	0.0404974505	0.0077929383	0.0020527757	0.077009002	-0.0148135674	-0.0283226311	0.019986371	0.007083447	-0.0350436711	0.0266557193	-0.009034937	0.0047652996	-0.019615731	0.0004554409	-0.0988495551	0.0252562449	0.0171757209	-0.0243971099	-0.0601312509	-0.0203777082	-0.0014522	-0.0642523133	-0.02924421	0.0512190593	0.0030278877	0.0294305285	-0.0168712124	0.0402344468	-0.0212379208	-0.015236594	-0.0053280383	-0.0288313698	0.0241952276	-0.0361499042	0.0208188777	-0.0340507629	0.0183790725	0.0066291776	0.0475632101	0.0431317332	0.0029737954	-0.0090803887	-0.0084742372	-0.0162651779	-0.004786843	0.0215040976	0.042910623	-0.0388620544	-0.07411684	-0.0824482353	-0.0393351164	-0.0549808665	0.0561466899	0.0397851817	-0.0025386367	-0.0216718781	0.0094293111	0.0017378573	0.0187026194	0.0297887811	-0.0621293462	0.022886033	0.010647993	0.0160242545	-0.0288288761	0.047903926	0.0447515066	0.0396502352	0.0328222635	0.0245649379	0.015237851	0.0052471816	-0.0049719936	-0.014974647	-0.02432518	-0.0326163926	-0.0394872168	-0.0446384398	-0.0478457346	-0.048969429	-0.0479605879	-0.0448631447	-0.0398119877	-0.0330270864	-0.0248039116	-0.0155005685	-0.005522202	0.004696647	0.014710965	0.0240846454	-0.0082673799999999	3.207000000009924e-05	1.0284849000063652e-09	6.834957206439835e-05	-0.160144	0.0423909999999999	0.025646100736	0.0017969968809999	0.0148522	-0.0213947	0.0004577331880899	0.00022058784484	-0.00215073	0.00054286	4.6256395329e-06	2.946969796000001e-07	0.00259407	0.00035271	6.729199164899999e-06	1.244043441e-07	-0.000383814	0.0	1.4731318659600002e-07	0.0	0.0	0.0	0.0	0.0	0.0	0.0	0.0	0.0	0.0	0.0	0.0	0.0	0.0	0.0	0.0	0.0	0.0	0.0	0.0	0.0	0.0	0.0	0.0	0.0	0.0	0.0	0.0	0.0	0.0	0.0	0.0	0.0	0.0	0.0	0.0	1.0	0.0	0.0	0.0	0.0	0.0	0.0	0.0	0.0	0.0	0.0	0.0	0.0	0.0	0.0	0.0	0.0	0.0	0.0	0.0	0.0	0.0	0.0	0.0	0.0	0.0	0.0	0.0	0.0	0.0	0.0	0.0	0.0	0.0	0.0	0.0	0.0	0.0	0.0	0.0	0.0	0.0	0.0	0.0	0.0	0.0	0.0	0.0	0.0	0.0	0.0	0.0	0.0	0.0	0.0	0.0	0.0	0.0	0.0	0.0	0.0	0.0	0.0	0.0	0.0	0.0	0.0	0.0	0.0	0.0	0.0
52681.84034639513	152.7162856372379	2775376302.283066	23322.26389883443	64065.52766015625	-114.96945214843436	4104391834.3742456	13217.974927311136	53209.22006467602	-28.337897236153367	2831221099.891121	803.0364197667886	53309.49449556969	46883.27409319196	1.405538	32.199291	0.061471515	0.0331155	-0.0586634769	-0.0095797234	0.0039323048	0.0516666139	-0.0267920604	0.0723437013	0.0201034074	-0.0404370656	0.0008163064	-0.0094953434	-0.0473511113	-0.0181907925	0.0034234539	-0.0511180536	-0.0388605877	0.0101859041	0.0389136945	0.0531743884	-0.0758364817	-0.0502731844	-0.0081199884	0.0167874855	0.0044376571	0.0282011884	-0.0291522919	-0.0188278977	0.0102457798	-0.0325452372	-0.0074226403	0.0251195925	0.0087220954	0.0095034955	-0.0064348479	0.0067044994	0.0153757994	-0.053705635	-0.0597896593	0.0053973103	-0.0262323716	-0.0137602439	0.0003811593	0.0249789398	-0.0244865406	0.0042064184	-0.0149867847	-0.0140756677	0.0443372255	-0.0486658391	-0.0040158714	0.0128422322	-0.01403695	-0.0128410412	-0.0319494888	-0.0243631021	0.0199744979	0.0394278264	-0.0130992156	0.0513024502	0.0312173038	0.0099639948	-0.0640231971	0.0410800118	-0.023886631	0.0629925085	-0.0006284503	-0.0048218127	0.0437525915	-0.0699770511	0.0625479369	0.0381425313	-0.0555402529	0.041691632	-0.0396628391	0.0964078483	-0.0698351151	-0.0360439822	-0.0118848151	0.0051562485	0.0132425737	0.0606164297	0.0041467799	-0.0138746949	0.0735271756	-0.0163314708	0.0175417385	-0.0112941273	0.0077355712	0.0122750483	0.0223665442	0.0314640351	-0.0164321257	-0.0099990265	-0.0318309845	-0.0037778418	-0.0085659723	-0.0067810669	0.0146083162	0.0538897719	-0.0481474012	0.0136218315	0.0464413671	-0.0138581385	0.0648961035	0.0460685959	0.0517095441	6.23973e-05	0.005619313	-0.0217292118	-0.0474042355	-0.0328739296	-0.0488616454	-0.0530535447	0.0561526675	0.0731550756	0.0514930393	0.0078838261	-0.0171249061	-0.0066855058	0.0126860778	0.0327083142	0.0248751223	-0.0074450076	-0.0367526229	-0.0136054537	0.0273268709	0.007249138	0.0105346682	-0.0067856507	0.0090404202	0.0096418968	-0.0573937829	0.0599117753	0.0096161482	-0.0227840521	0.0143655031	-0.0094427533	-0.0271226026	-0.0144472315	-0.0212979415	0.0163490637	0.0188990959	-0.0498282827	0.0222218072	0.006551829	-0.0028943292	0.0249012947	0.0163050124	0.011783535	-0.026115723	-0.0117888895	-0.0232777854	-0.0221701598	0.0230234935	0.0568006779	0.0361718099	0.0779915009	-0.0361815238	0.0344207725	-0.0360349246	-0.0154497942	-0.0192357406	-0.0561696286	0.0530981691	-0.0748313282	0.0350670087	0.0588947208	-0.0354298811	-0.064084973	0.0707214039	-0.0783922702	-0.040826549	-0.0236495996	-0.0042422236	-0.0227619008	0.0297740561	0.0001660542	0.0117388118	0.08193263	0.0023175819	0.0241663263	-0.0146044788	0.019459247	-0.0157843948	0.0235137837	-0.004384044	-0.0374792322	-0.0002934217	-0.0325399508	0.0207376078	-0.006653123	0.0207097644	0.0151985584	-0.0731710713	0.0111511725	-0.0130498213	-0.0169035427	0.0187612121	-0.0624775618	-0.0698709633	0.060201811	0.0293771294	0.023705462	-0.0285293924	-0.0360433109	0.0582635084	-0.0669705012	0.0151760846	0.0355027491	-0.0082149973	-0.007182959	-0.0095877649	-0.0050208523	0.0242700381	0.0326801927	-0.0051557904	-0.0862469344	-0.0287575355	-0.0315510132	-0.0295428337	0.0609837006	0.0545712767	-0.0429671748	-0.0263351592	0.0265390652	-0.0016306302	0.0338196997	0.0053251799	-0.0641076385	0.0084096099	-0.019082734	0.0273050021	-0.0007431445	0.0478653016	0.044600434	0.0393229378	0.0322709638	0.0237627379	0.0141822002	0.0039616799	-0.0064376142	-0.0165464061	-0.0259085287	-0.0341015091	-0.0407556328	-0.0455706274	-0.0483292125	-0.0489069049	-0.0472776357	-0.043514927	-0.0377885739	-0.0303569825	-0.021555509	-0.0117813266	-0.0014755028	0.0088969041	0.0188678315	0.0279873335	-0.000881665	0.0073857149999999	5.454878606122353e-05	7.77333172225e-07	-0.179066	-0.0189219999999999	0.032064632356	0.0003580420839999	0.0159335	0.0010813	1.1692096900000006e-06	0.00025387642225	-0.00254294	-0.00039221	6.466543843600001e-06	1.5382868410000006e-07	0.00230463	-0.00028944	5.311319436899999e-06	8.37755136000001e-08	-0.000383814	0.0	1.4731318659600002e-07	0.0	0.0	0.0	0.0	0.0	0.0	0.0	0.0	0.0	0.0	0.0	0.0	0.0	0.0	0.0	0.0	0.0	0.0	0.0	0.0	0.0	0.0	0.0	0.0	0.0	0.0	0.0	0.0	0.0	0.0	0.0	0.0	0.0	0.0	0.0	0.0	0.0	0.0	0.0	0.0	0.0	0.0	0.0	0.0	0.0	0.0	0.0	0.0	0.0	0.0	0.0	0.0	0.0	0.0	0.0	0.0	0.0	0.0	0.0	0.0	0.0	0.0	0.0	0.0	0.0	0.0	0.0	0.0	0.0	0.0	0.0	0.0	0.0	0.0	0.0	0.0	0.0	0.0	0.0	0.0	0.0	0.0	0.0	0.0	0.0	0.0	0.0	0.0	0.0	0.0	0.0	0.0	0.0	0.0	0.0	0.0	0.0	0.0	0.0	0.0	0.0	0.0	0.0	0.0	0.0	0.0	0.0
52811.93744343612	130.09709704099075	2789100736.5294104	16925.25465849297	63872.93046972656	-192.59719042968936	4079751246.790524	37093.67776141003	53511.22139635215	302.0013316761324	2863450815.3294163	91204.80433415732	53611.07769943804	49635.30124987318	1.990267	45.594761	0.0789037549999999	0.0436127	-0.0916704701	0.0641126784	-0.0550268348	0.1696610836	-0.0391724467	-0.010137723	-0.0003037933	-0.0167273623	-0.0039198573	-0.0383213253	-0.0393528306	-0.0153902833	0.0225090407	-0.0255208562	-0.021860143	-0.0024542738	0.003182482	5.97408e-05	-0.0408498324	0.0057162883	-0.0462740924	-0.052655549	-0.0152659587	0.0306903116	-0.004778525	-0.0059845392	-0.0080885247	-0.0147712782	0.035688596	0.0125507183	0.0647994369	-0.013384298	-0.0094413886	0.0077127121	-0.0208773892	-0.0263694126	0.0103518232	-0.0647595688	-0.035928602	0.0557198936	0.0634471439	-0.0551918248	0.0261659895	0.0660605487	0.0171523625	0.0711152442	-0.0209554661	0.0131010519	0.0582356542	0.0420271692	0.0118671892	-0.0008010644	-0.0457332781	0.0414452673	0.0209296576	-0.0080324519	-0.0272886706	-0.034398556	-0.0208741072	0.0078028435	-0.0129337927	0.0399049855	0.0167941185	-0.047125288	0.0532489828	0.0210084163	-0.0421762284	-0.0563295171	-0.0134817027	-0.0185267353	-0.0641108004	-0.0409826557	-0.0128771326	0.0022878201	-0.0333851594	0.0243926163	0.0199535982	-0.0016078686	-0.0042052402	0.0673456709	0.032111353	0.0362683672	0.0038195219	-0.0263325258	-0.0944227496	-0.0245398362	-0.072330759	-0.0247810669	0.0791797042	-0.0012923607	0.0100977565	0.0282813533	-0.0023416593	-0.0009641214	-0.0534858217	-0.0303683457	0.0437878208	0.0007311786	0.0530891904	-0.0032433232	-0.016827285	-0.0836570594	0.0043255333	0.0460140427	-0.0745772864	0.0293528321	-0.0459155185	0.0245276286	-0.0048281491	-0.0452258776	-0.0031614835	-0.0270567899	0.0022510511	0.0425134708	-0.0041751724	0.0436404684	0.0534301333	0.0153720877	0.0250693164	0.0172505705	0.0078755677	0.0072165778	-0.0190572286	0.0302478412	0.0188442121	0.0629553796	-0.003805568	-0.0073293263	0.0013237245	-0.0207709993	-0.0221017335	-0.0080719754	-0.0509583328	-0.038646742	-0.0529787537	-0.0502901025	0.051415443	0.0975164453	0.0068435292	-0.0261010326	-0.0586148759	0.0194597068	-0.0064436669	-0.0266203774	-0.0430834062	-0.0032395397	0.0208880265	0.0003965954	0.0141564677	0.0236772122	-0.042410132	0.0579066595	0.0317520177	-0.03474799	0.0034774176	0.0233809165	-0.0175685575	0.0046265469	0.044096535	0.0480523257	-0.0176063668	0.0012674786	0.0847054218	0.0163773484	-0.0011603222	0.0581983943	0.0330810792	0.0180652599	-0.0059500225	-0.0370889399	0.0260956739	0.015208046	0.0270260958	-0.0594608264	0.0308444324	0.0205950411	0.0019385277	0.0286048245	-0.0476085551	-0.067643193	-0.033727128	-0.0800727236	0.0249814785	0.0664310409	-0.0810191605	-0.0026262614	0.0322727276	0.0104087153	-0.0050425613	0.0611461972	-0.0289130985	0.0372969033	0.0403520948	0.0512896056	-0.0087499414	0.0100786773	0.1048285601	-0.0406086087	-0.0047178334	-0.0575657257	-0.0294551925	-0.0414017685	0.0014125493	0.014992533	0.0376155466	-0.0164253698	-0.0122757477	0.0250643923	-0.0090619186	0.0090161773	-0.0045558726	-0.0108208906	0.0207410194	0.0274363414	-0.0081393368	-0.0533009655	-0.0165099229	-0.0103866236	0.0007423205	0.0508419147	0.0443573456	-0.053243641	-0.0456204515	-0.0209848361	0.0317947371	0.0137314049	0.0249191435	-0.0376778225	-0.0116529266	-0.0124055731	0.0377435069	-0.0302504423	0.047825998	0.04444683	0.0389906186	0.0317123377	0.0229521086	0.0131193052	0.0026734239	-0.007897389	-0.0180991493	-0.0274551188	-0.035528084	-0.0419407874	-0.0463935571	-0.048678311	-0.0486882801	-0.0464229987	-0.0419883256	-0.0355914973	-0.0275314438	-0.0181848193	-0.0079884006	0.0025813239	0.0130304206	0.0228705931	0.0316420006	-0.00147065	-0.000588985	3.46903330225e-07	2.1628114225e-06	-0.149601	0.0294649999999999	0.022380459201	0.0008681862249999	-0.00921147	-0.02514497	0.0006322695163009	8.48511795609e-05	-0.0024371	0.0001058399999999	5.939456410000001e-06	1.1202105599999966e-08	0.00198123	-0.0003233999999999	3.9252723129e-06	1.0458755999999984e-07	-0.000338958	4.485600000000002e-05	1.14892525764e-07	2.0120607360000012e-09	0.0	0.0	0.0	0.0	0.0	0.0	0.0	0.0	0.0	0.0	0.0	0.0	0.0	0.0	0.0	0.0	0.0	0.0	0.0	0.0	0.0	0.0	0.0	0.0	0.0	0.0	0.0	0.0	0.0	0.0	0.0	0.0	0.0	0.0	0.0	0.0	1.0	0.0	0.0	0.0	0.0	0.0	0.0	0.0	0.0	0.0	0.0	0.0	0.0	0.0	0.0	0.0	0.0	0.0	0.0	0.0	0.0	0.0	0.0	0.0	0.0	0.0	0.0	0.0	0.0	0.0	0.0	0.0	0.0	0.0	0.0	0.0	0.0	0.0	0.0	0.0	0.0	0.0	0.0	0.0	0.0	0.0	0.0	0.0	0.0	0.0	0.0	0.0	0.0	0.0	0.0	0.0	0.0	0.0	0.0	0.0	0.0	0.0	0.0	0.0	0.0	0.0	0.0	0.0	0.0	0.0
52848.31616610473	36.37872266860359	2792944521.592566	1323.4114629991725	64002.75906835937	129.82859863281192	4096353168.362458	16855.465022959772	53569.28466135759	58.06326500543946	2869668259.1295614	3371.342743091891	53683.47085736798	44980.03760970475	2.542687	58.250088	0.13165607	0.0759544999999999	-0.0118630118	-0.0952327585	0.056493123	-0.0279126367	-0.0312067414	0.0110045894	-0.0003340771	0.0324114011	-0.0146755542	-0.0182784924	-0.0451467119	-0.0257493942	0.0228959845	-0.0088548818	0.0120640903	0.012191265	-0.0199100244	-0.0540975724	0.059810645	0.0057980559	0.0094747115	-0.0352480853	0.019483577	0.0604714971	-0.01762946	0.0034622904	-0.0594351195	-0.0013823821	-0.032701786	-0.0470511086	-0.0047209391	0.0449052129	-0.0106263699	-0.0123290115	-0.0663992937	-0.0123427129	0.0370037731	-0.0058889976	0.0241128017	0.0039168904	-0.035203828	-0.0365308743	0.033076292	0.0552203603	-0.0060961951	-0.0291265294	0.0387121103	-0.0232341708	0.0037213401	-0.01291214	-0.0397351566	-0.0012795553	-0.004418807	-0.0087375787	0.0040904069	0.0037814171	-0.0170060419	0.0346534354	-0.0225322174	-0.0079691198	-0.0179243636	0.0153810676	-0.0171683366	-0.0626114795	0.0296640423	-0.118459453	0.0388734328	0.0032615056	-0.0169983599	0.018067408	-0.008858504	-0.0018746836	0.0531434378	0.0261411178	0.0389025343	0.0084628953	-0.0377762524	-0.0795980451	-0.0161334454	0.04403677	0.0114950064	0.0090484744	0.0069862207	0.0135754262	-0.0647153865	-0.0723295358	0.0189707463	-0.0043553601	0.0398995539	0.0420223979	0.024538495	-0.0033803461	-0.0653386763	0.002366661	-0.0564606822	0.0047005237	-0.0719449995	0.0493298297	-0.0106728661	-0.0149139332	0.0033483678	-0.0118867887	0.0202407016	0.0408034307	-0.0393785509	0.012312891	0.0030765728	-0.0078205616	-0.0049316507	-0.0299865772	-0.0043938896	-0.0905122952	-0.0560492186	-0.0567155103	-0.0060545761	-0.0070559295	0.0303439825	-0.0187562821	0.0474269561	0.0436235757	-0.0018728934	0.0590436271	0.005102551	-0.0218473722	-0.0551426796	-0.0059345777	0.0412676139	-0.0120452562	-0.0157739806	-0.0659466706	-0.0082743115	-0.0375707495	-0.0116731672	0.0153601666	0.0040741132	0.0441650999	0.0350876914	0.0494090239	0.0209808896	0.0152835745	0.0401727638	-0.0464008223	0.005390496	0.0001963578	0.015302597	0.0328339437	-0.0140562739	0.0009497852	-0.0059312495	-0.0096797594	0.0025827928	-0.0268647705	0.0269050066	-0.017163743	0.0255579046	0.0301104536	0.0238943001	0.0303765897	0.0497881843	0.027506434	0.1213370109	-0.0386082358	0.0014990949	0.0105546442	0.0170707263	-0.0041128671	-0.012331558	0.0307422083	0.0433779032	0.0305240704	0.0195408437	-0.0417983567	0.0744064828	-0.0240091236	-0.0199398215	0.0121408058	0.0221669276	0.028705888	-0.0109173903	-0.0563098785	-0.0862549275	0.008764482	0.0088168407	0.0234398468	-0.0194176883	-0.008821454	0.0376008948	-0.0384400556	0.0510901339	0.0299172001	-0.0343783228	-0.0832377748	-0.0401485058	0.0154772173	-0.0048033977	0.0009941683	0.0124453231	-0.048867622	-0.014632483	-0.0220726435	-0.0076785831	0.0294590769	0.0033969112	-0.0218971698	0.0308649898	-0.0555662609	-0.0585506772	-0.0017794159	-0.0140450315	-0.0291635523	-0.0069187158	-0.0172539418	0.0068613288	0.0027069662	0.0259924433	-0.0485647473	-0.0067135147	-0.0346803888	-0.0036183903	0.0122457824	0.0483931972	-0.0152949212	-0.0123438281	-0.0492409018	-0.0158937767	-0.0302864357	-0.020417234	0.0076638311	0.011734349	0.0608194425	-0.0029291268	-0.0118736929	0.0477860158	0.0442907033	0.0386533201	0.0311465121	0.0221333376	0.0120497088	0.0013833093	-0.0093499925	-0.0196310923	-0.0289627561	-0.0368936684	-0.0430402594	-0.047105256	-0.0488920593	-0.0483142525	-0.0453997805	-0.0402895985	-0.0332308549	-0.0245649379	-0.014710965	-0.0041455125	0.006620433	0.0170661886	0.026686557	0.0350162597	0.0115227	0.01299335	0.0001688271442225	0.00013277261529	-0.209567	-0.0599659999999999	0.043918327489	0.0035959211559999	0.0344501	0.04366157	0.0019063326948648	0.0011868093900099	-0.00240319	3.391000000000028e-05	5.775322176099999e-06	1.1498881000000187e-09	0.00220766	0.00022643	4.873762675600001e-06	5.127054490000005e-08	-0.000379321	-4.036300000000002e-05	1.43884421041e-07	1.6291717690000014e-09	0.0	0.0	0.0	0.0	0.0	0.0	0.0	0.0	0.0	0.0	0.0	0.0	0.0	0.0	0.0	0.0	0.0	0.0	0.0	0.0	0.0	0.0	0.0	0.0	0.0	0.0	0.0	0.0	0.0	0.0	0.0	0.0	0.0	0.0	0.0	0.0	0.0	1.0	0.0	0.0	0.0	0.0	0.0	0.0	0.0	0.0	0.0	0.0	0.0	0.0	0.0	0.0	0.0	0.0	0.0	0.0	0.0	0.0	0.0	0.0	0.0	0.0	0.0	0.0	0.0	0.0	0.0	0.0	0.0	0.0	0.0	0.0	0.0	0.0	0.0	0.0	0.0	0.0	0.0	0.0	0.0	0.0	0.0	0.0	0.0	0.0	0.0	0.0	0.0	0.0	0.0	0.0	0.0	0.0	0.0	0.0	0.0	0.0	0.0	0.0	0.0	0.0	0.0	0.0	0.0	0.0
52912.18437994732	63.86821384259383	2799699255.857541	4079.1487394432943	64063.3817446289	60.62267626952962	4104116880.558052	3675.1088780801897	53608.52382661388	39.23916525628738	2873873826.8686275	1539.7120900102304	53719.82395858111	51002.30344777293	2.815425	64.498199	0.19618	0.11121	-0.0922005623	0.0892113286	-0.0781503394	0.177080752	-0.0497403709	-0.0393888698	0.0084679031	0.0424013473	-0.0396560713	-0.0218675083	0.0106496082	0.0092484437	-0.0275908392	-0.0600731459	0.0035755015	0.0111439778	-0.0377258587	-0.048086208	0.0001146768	0.0052569381	0.0385893916	-0.0415060098	-0.0241111406	-0.0386022542	-0.0185287938	-0.0016101338	-0.0229840263	-0.0551069122	0.0011753787	0.0482573076	0.0146134654	0.0065979841	0.0365649851	0.0351276669	0.07369168	0.014443553	0.0028097164	-0.0240447945	0.0595492767	0.0363468904	-0.0014067258	0.0159456188	-0.0025943119	0.0720066264	0.0138878866	0.0548576959	0.0157470982	-0.0073542737	-0.0001553826	0.0290541095	-0.0521318816	0.003192294	-0.0622010952	0.063397396	0.0753961451	0.0047548331	-0.0361612554	-0.0465529218	0.0249136977	-0.0260302863	0.0010466769	-0.0312113419	-0.0576486586	0.023374553	0.0173216325	-0.0352390768	-0.0291658801	-0.0359979679	-0.0726141277	-0.0544084154	0.0010192398	0.0179368823	-0.0210133157	-0.034028342	0.0386324909	0.0555464764	-0.0736967115	-0.0050281043	-0.0561337666	-0.0134143155	-0.0503210066	0.0245646576	-0.0211748795	0.0321002022	-0.0902570697	-0.0168192265	-0.0196313198	0.036109425	0.0090844162	0.0202112751	-0.0561319187	0.0326128648	0.0213501056	0.0084300635	-0.0135203677	-0.0101724474	0.1014396195	0.0182926201	-0.0196770703	-0.003607953	-0.088878856	-0.0206232154	0.0296567536	0.0576297115	0.0507316471	0.0488979697	-0.0167847814	-0.0119133859	0.0487518443	-0.0412254059	0.0514153374	-0.0455712828	-0.0490249326	0.0004050231	-0.0044198913	-0.0382889223	0.0408917676	0.0144328109	-0.0468189862	0.0091803067	0.0014823623	0.0274946576	-0.0548280681	-0.0077334747	0.042774023	0.0112266501	0.0139404839	0.0293742552	0.0437010232	0.0746223173	0.0161912838	-0.001312925	-0.0150173066	0.052608778	-0.0322210037	0.0157096719	-0.0218665716	0.0847364387	-0.0167816483	-0.0241103442	-0.0358738502	-0.0198736331	0.0062079283	0.0218336543	-0.0236406337	0.0622909051	0.0072925879	0.0284273042	0.0505812719	0.0010351851	-0.0849883818	0.0746071016	0.0224937501	0.0094620416	0.0324273704	-0.01957298	0.0313572463	0.0340106201	-0.0499956012	0.0087140931	0.034367095	0.0042479126	0.0407552391	0.0592567934	-0.0571101912	0.0114459061	-0.0248426397	-0.0066089029	-0.0316966476	0.0441656022	0.0839636457	-0.0562460355	-0.0110510051	-0.010600463	-0.0458029727	-0.0386096349	0.0482021678	-0.0309217165	0.0068261151	-0.0936877646	-0.0200213012	-0.0286845122	-0.0226666875	0.0114650257	-0.0110096964	-0.0672391427	0.0069288737	0.0318147683	-0.0353015211	0.0208248648	0.0256989934	0.0730599162	0.0130735177	0.0775605291	0.0797979719	0.0098068444	0.0293830748	-0.0225449455	-0.0134912767	0.0582605988	-0.0033452587	-0.0357339137	0.032182973	0.0281670143	0.0108980557	-0.0269625006	-0.0649651914	0.024246411	-0.0118557204	0.033016921	0.0033121978	-0.0107617637	0.0133029345	0.0125695309	-0.0332149623	-0.0154221435	-0.0153815607	-0.0098006947	0.0163578845	0.0202841546	0.0661818999	0.0250043396	-0.0408352361	-0.0109093339	0.0568099382	0.0298807108	0.0240864953	-0.0210270791	0.0089494527	0.0080478637	0.0312586324	-0.0334791633	0.0477453555	0.0441320627	0.0383110855	0.0305736153	0.0213067153	0.0109739574	9.22328e-05	-0.0107941057	-0.0211404744	-0.0304293015	-0.0381959179	-0.0440518025	-0.0477040178	-0.0489698633	-0.0477860158	-0.0442116967	-0.0384257095	-0.0307174953	-0.0214726538	-0.0111536535	-0.0002766972	0.0106141007	0.0209739336	0.0302845558	0.0380802083	-0.0077923999999999	-0.0193150999999999	0.0003730730880099	6.072149775999844e-05	-0.123223	0.086344	0.015183907729	0.007455286336	-0.0235132	-0.0579632999999999	0.0033597441468899	0.00055287057424	-0.00203219	0.0003709999999999	4.129796196100001e-06	1.3764099999999985e-07	0.00194667	-0.00026099	3.7895240889e-06	6.811578010000012e-08	-0.000360159	1.916200000000003e-05	1.29714505281e-07	3.671822440000012e-10	0.0	0.0	0.0	0.0	0.0	0.0	0.0	0.0	0.0	0.0	0.0	0.0	0.0	0.0	0.0	0.0	0.0	0.0	0.0	0.0	0.0	0.0	0.0	0.0	0.0	0.0	0.0	0.0	0.0	0.0	0.0	0.0	0.0	0.0	0.0	0.0	0.0	0.0	1.0	0.0	0.0	0.0	0.0	0.0	0.0	0.0	0.0	0.0	0.0	0.0	0.0	0.0	0.0	0.0	0.0	0.0	0.0	0.0	0.0	0.0	0.0	0.0	0.0	0.0	0.0	0.0	0.0	0.0	0.0	0.0	0.0	0.0	0.0	0.0	0.0	0.0	0.0	0.0	0.0	0.0	0.0	0.0	0.0	0.0	0.0	0.0	0.0	0.0	0.0	0.0	0.0	0.0	0.0	0.0	0.0	0.0	0.0	0.0	0.0	0.0	0.0	0.0	0.0	0.0	0.0	0.0
52788.76505983765	-123.4193201096714	2786653716.542736	15232.328576333535	64369.82211914063	306.44037451172335	4143473999.649806	93905.70313088526	53476.3751643345	-132.14866227937455	2859722700.716652	17463.26894222819	53583.82472607933	47175.61009283685	1.894566	43.40237	0.055078133	0.022887	-0.0550037147	0.0460896962	-0.0419492869	0.0532811547	0.0143573045	0.0864052887	-0.0049229937	-0.0013063854	-0.0101548551	0.0476087695	0.0091147734	-0.0097670621	0.0009516954	-0.0206639558	0.0074040114	-0.0258173762	0.0214195496	-0.0169720269	0.0157639227	-0.0108809555	0.0698846429	0.0461683547	0.0294870636	-0.0181854134	-0.0161467718	-0.0552110449	0.0200750231	-0.0436731446	0.0234725586	0.0343441275	-0.0153302634	-0.0250321852	-0.0059653334	-0.0088237106	0.0588281023	0.0007925437	0.0208408717	-0.023830916	0.022527971	0.11161908	-0.0502024256	0.0162765867	-0.0043633081	-0.0288677368	-0.0340057644	0.0068478947	0.0417797755	0.0162810068	0.0224062209	0.0355381205	-0.0040835999	0.0112744795	-0.0239631308	-0.0349367317	-0.0137332063	0.0876656836	-0.0051204354	0.0004677988	-0.0691132146	0.0481027937	-0.0281382392	0.0546971402	0.0050292345	0.0525051594	0.0497189678	0.0125920199	0.0339669788	-0.0094348298	-0.0354865755	-0.0146987496	-0.0217979293	0.0140193183	-0.0418654346	-0.036833606	0.0242638949	0.0085135085	0.0103618943	0.0545309254	0.057127138	-0.0276234495	-0.0275364586	0.0581875296	0.0303821749	0.0250451998	0.0487147371	0.0015905005	0.0434498478	0.0182816343	0.0230475912	0.0138093366	-0.0313120801	0.0074380525	-0.0546377832	-0.020162582	-0.0068043675	0.0368951661	-0.041181651	-0.0311707941	-0.0312213267	-0.0589869115	0.0237290858	0.0549254977	0.0459543264	0.0079505024	-0.0071490032	-0.0055177872	-0.0482406234	-0.0129288185	0.0518981861	-0.0109137445	-0.0294952599	0.0446897023	-0.0179137919	-0.0158436631	0.0112929223	-0.0682555145	-0.0483535673	-0.0294478533	-0.0206512356	0.0025433746	0.054478831	-0.0208505588	-0.0431942479	0.0140298349	0.0266508097	-0.0157702316	-0.0278090882	-0.0052261573	-0.0013150042	0.0612122688	-0.0017464036	-0.0135784088	-0.0249451504	0.0238304888	-0.1071880997	0.0544984934	-0.0210498346	-0.0086528606	-0.0106134665	0.0400969491	-0.0229306861	-0.0299334877	-0.0193910092	-0.0362718613	-0.0410526206	0.0095835469	0.0075755067	0.0311575624	-0.033758002	-0.0134476554	-0.0423367531	-0.0798120654	0.0026487395	-0.0514240445	-0.0277440992	0.0468458452	-0.0879546442	0.0292207427	-0.0345458046	0.0329165154	-0.0094979299	-0.0391511123	0.0071840312	0.0269264356	-0.0136218694	0.0361172961	-0.0057301419	-0.0265259405	-0.0440543741	0.0263257377	0.0041729448	0.0293187887	-0.0565975964	0.060376817	0.0262926047	0.03818043	0.0463597966	0.0087127531	0.0360264516	0.0269607948	0.0017063594	0.0483363919	-0.0344514598	0.0121022154	-0.024495885	-0.0235185238	0.0157496188	-0.018793196	0.0134735906	-0.0088916534	-0.0035142306	-0.0581826847	0.0029823066	-0.0342205378	0.0105595394	0.048724237	-0.0526664712	-0.047848368	-0.0405516503	-0.002432255	0.0003222271	-0.0743254769	0.0216741981	0.008608231	-0.0358109657	0.0118334891	0.0368050286	0.0407286178	-0.0102619533	0.0313492352	0.0021797963	-0.002114182	0.000358099	-0.0110790161	-0.022674097	-0.0228671923	-0.0198208338	0.0320433379	-0.0389141115	0.0178026718	0.0346880256	0.0295760071	-0.0156427996	0.0177382416	0.0346621153	0.0157040814	0.0029193676	-0.0295996758	-0.0032052596	-0.0066394802	0.0453184587	-0.0282845383	0.0477040178	0.0439709173	0.0379639583	0.0299937775	0.0204725349	0.0098926005	-0.0011989077	-0.0122284171	-0.022625561	-0.0318526742	-0.039432597	-0.0449733504	-0.0481884067	-0.0489115064	-0.047105256	-0.0428630618	-0.0364042993	-0.0280629691	-0.0182704248	-0.0075330659	0.0035938487	0.0145349155	0.0247243413	0.0336352026	0.040806694	0.000257503	0.0080499029999999	6.480093830940739e-05	6.630779500900001e-08	-0.118993	0.0042299999999999	0.014159334049	1.789289999999998e-05	-0.00699532	0.01651788	0.0002728403596944	4.89345019024e-05	-0.00178899	0.0002432	3.2004852201e-06	5.9146240000000036e-08	0.00208738	0.0001407099999999	4.357155264399999e-06	1.9799304099999957e-08	-0.000501856	-0.0001416969999999	2.51859444736e-07	2.0078039808999995e-08	0.0	0.0	0.0	0.0	0.0	0.0	0.0	0.0	0.0	0.0	0.0	0.0	0.0	0.0	0.0	0.0	0.0	0.0	0.0	0.0	0.0	0.0	0.0	0.0	0.0	0.0	0.0	0.0	0.0	0.0	0.0	0.0	0.0	0.0	0.0	0.0	0.0	0.0	0.0	1.0	0.0	0.0	0.0	0.0	0.0	0.0	0.0	0.0	0.0	0.0	0.0	0.0	0.0	0.0	0.0	0.0	0.0	0.0	0.0	0.0	0.0	0.0	0.0	0.0	0.0	0.0	0.0	0.0	0.0	0.0	0.0	0.0	0.0	0.0	0.0	0.0	0.0	0.0	0.0	0.0	0.0	0.0	0.0	0.0	0.0	0.0	0.0	0.0	0.0	0.0	0.0	0.0	0.0	0.0	0.0	0.0	0.0	0.0	0.0	0.0	0.0	0.0	0.0	0.0	0.0	0.0
52823.07677274214	34.31171290449129	2790277439.7390103	1177.293642440234	64356.36204882812	-13.460070312503376	4141741336.159845	181.17349281753476	53413.314207567695	-63.06095676680707	2852982134.636353	3976.68426834511	53519.65884797217	46664.38479669744	1.319717	30.233227	0.052119113	0.0318467	-0.0468775712	0.0536462326	-0.051997368	0.0030809246	0.0116745948	0.0688570241	0.0086972378	-0.045572561	-0.0236997373	0.0227104243	-0.0106540181	0.008883228	0.0018146959	-0.0473911999	-0.0043486803	0.0066702622	-0.0169138675	0.0152943313	-0.0514432272	-0.0071928287	0.0282053373	0.0594088361	-0.0391981704	0.0139373868	-0.0064726196	-0.0058941189	-0.0212347273	-0.0119433458	-0.0443825775	-0.0114322719	-0.0225656182	0.0166077616	0.0454461018	-0.0297142781	0.0017299679	-0.0016872537	0.0023895582	-0.0355666673	-0.0403201117	-0.0287623914	0.0438442409	-0.0416437308	-0.0041339399	0.0009059043	0.0637932196	-0.0161269959	-0.0205379571	-0.0130026433	0.0403954087	0.0291701625	0.085508862	-0.0209327058	-0.0372473476	-0.0135061452	0.0159780064	-0.0344495634	-0.0088932618	-0.0058279548	0.0733686934	-0.0294536829	-0.0432718003	0.0205300014	-0.0098571722	0.0222869563	0.0430678096	0.0651771593	0.0108353585	-0.071029604	0.0064889677	-0.0118321801	-0.0117696024	-0.0638648019	0.0447223033	0.0091532098	0.0504417979	-0.0809577406	0.0154237738	0.0326083968	0.0536538173	-0.0418410891	0.0170695724	0.0267135135	0.0187924178	0.0505991789	-0.0061932751	0.0132746794	0.0488302671	0.0324783639	-0.0367035111	0.0558046056	-0.0346895197	-0.0284389369	-0.0115202272	0.0362280887	0.0241115319	0.0593763779	-0.0280565492	-0.0266031435	-0.0095552469	-0.0465457613	0.0234357063	0.0104283803	0.0271488142	0.0026433683	0.0481407694	0.0379635572	-0.0386142483	0.0834001278	0.0228817948	-0.024361466	0.0291448424	0.0100902773	0.0171619369	0.0510911761	0.0061514516	-0.0289018761	-0.0582062493	0.038045239	-0.004018599	0.0119301134	0.0062253352	0.0278205517	-0.006474089	-0.0446566115	-0.0191563125	-0.0283496901	0.0140118837	0.0349334045	-0.0307627972	0.0062339112	0.0022846701	0.0005809973	-0.0340533235	-0.0454294016	0.0299442732	-0.043392437	0.041126427	0.0078517206	-0.0017622666	-0.0670496089	0.0159274152	0.0155183572	0.0119158185	-0.0382181409	-0.0214556684	-0.0522705814	0.0712442049	0.0016616264	-0.0325340754	0.0063190208	0.0055821237	0.0684414727	0.014101158	0.0597634303	0.0442540898	0.0301504067	-0.0180053416	0.0046093503	-0.025692969	0.044696601	-0.0563957832	-0.0329627819	0.0458382055	-0.0009507782	-0.0284594019	0.01769496	0.0534056435	0.0689094691	0.0137186621	0.0407171018	-0.0937861289	0.0002381189	-0.0333805666	0.0521070794	0.0128826998	0.0495259293	-0.0110514697	0.0096676445	0.0478302895	-0.035794913	0.0077343595	0.0530242889	-0.0091118952	-0.0157860256	0.0443263561	-0.0585391996	0.0007297709	0.0294859937	0.0293836709	-0.0253312946	0.0279250676	-0.0550594578	0.0220411805	-0.0265087797	0.0043900271	0.0368657647	-0.0100888385	-0.0287111195	-0.0384898436	0.0387984219	-0.0164211447	-0.0434940997	-0.0322133238	0.1007580329	0.0087083694	-0.0076426367	-0.0218459916	-0.0215265973	-0.0103742986	0.0382299737	0.0067391719	0.0022395432	-0.0005381966	0.0026110524	-0.0408942159	-0.0259356457	0.0014734603	-0.0093969654	-0.013283997	0.0277278139	0.0255857722	0.0004887328	-0.0319882575	0.0420439075	0.0385906874	0.0137041542	0.0087843768	-0.0313675773	-0.0120343593	-0.0127474159	0.0529513696	-0.0160100783	0.0476620031	0.0438072762	0.037611983	0.0294071302	0.0196310923	0.0088061905	-0.0024892147	-0.0136516244	-0.0240846454	-0.0332308549	-0.0406015827	-0.0458030203	-0.0485572616	-0.0487171511	-0.0462741461	-0.0413587732	-0.0342336544	-0.0252794756	-0.014974647	-0.0038697424	0.0074419176	0.0183559655	0.0282892778	0.0367111306	0.043171555	-0.00191373	-0.002171233	4.714252740288999e-06	3.6623625129e-06	-0.142466	-0.023473	0.020296561156	0.000550981729	-0.0139812	-0.0069858799999999	4.880251937439999e-05	0.0001954739534399	-0.00139921	0.00038978	1.9577886241e-06	1.5192844840000013e-07	0.00208738	0.0	4.357155264399999e-06	0.0	-0.000501856	0.0	2.51859444736e-07	0.0	0.0	0.0	0.0	0.0	0.0	0.0	0.0	0.0	0.0	0.0	0.0	0.0	0.0	0.0	0.0	0.0	0.0	0.0	0.0	0.0	0.0	0.0	0.0	0.0	0.0	0.0	0.0	0.0	0.0	0.0	0.0	0.0	0.0	0.0	0.0	0.0	0.0	0.0	0.0	0.0	0.0	0.0	0.0	0.0	0.0	0.0	0.0	0.0	0.0	0.0	0.0	0.0	0.0	0.0	0.0	0.0	0.0	0.0	0.0	0.0	0.0	0.0	0.0	0.0	0.0	0.0	0.0	0.0	0.0	0.0	0.0	0.0	0.0	0.0	0.0	0.0	0.0	0.0	0.0	0.0	0.0	0.0	0.0	0.0	0.0	0.0	0.0	0.0	0.0	0.0	0.0	0.0	0.0	0.0	0.0	0.0	0.0	0.0	0.0	0.0	0.0	0.0	0.0	0.0	0.0	0.0
52808.28342302455	-14.7933497175909	2788714798.0864897	218.8431958669468	64113.370293945314	-242.9917548828089	4110524250.448549	59044.99294102708	53455.4925142801	42.17830671240517	2857489679.944256	1779.0095571257234	53554.17601354365	46897.8419810902	1.080173	24.74555	0.05968242	0.0281822	-0.0440581633	0.0590706768	-0.0519200444	0.0199909476	0.0195233296	0.0554467659	0.0012197123	-0.0480468963	0.0058297055	-0.0213100279	0.0132094855	-0.0226007766	0.0311609251	-0.0395671517	0.0040671163	-0.0155221229	0.0035416165	-0.001275802	-0.0686968218	0.0239306859	-0.0181798095	0.0349938105	-0.0098942332	0.0201412889	-0.0256762906	0.0068998486	-0.0324862667	0.0272290045	-0.013534525	0.0338173469	-0.0266578296	0.0400509	-0.0208074946	0.0320959934	0.0190787892	0.043591825	-0.02929045	-0.0113418712	-0.0482462649	0.062106207	-0.0473812445	-0.0758576422	0.0230079908	0.0085622264	0.0135888625	-0.0105787532	-0.008372333	0.03967614	0.0865291846	0.0161135885	0.0564121102	-0.0348509569	-0.0423623753	0.0552331482	-0.0438425318	0.023976899	0.0540828956	0.0312683057	0.0010630344	0.0037409245	0.0394880704	-0.0399050803	-0.0127836932	-0.0100810124	-0.0531307257	0.0342872631	-0.0205117474	-0.0165262896	0.0068269658	-0.036820926	-0.0515111408	-0.0372325552	0.0401481608	-0.0032354764	-0.0345009559	-0.0228978653	0.0096975571	-0.0045626259	0.0162177732	0.0298132604	0.0216815684	-0.0035081448	-0.009255051	0.0093321649	0.0054695951	0.0212600918	0.0187385532	0.0047527381	0.0327752219	-0.0414935294	-0.0129393287	-0.0060077634	0.0828058002	-0.0228114421	0.023297298	0.0169810946	-0.0309621888	-0.0345418934	0.0593423509	0.0241368009	0.0170463249	0.0564630501	-0.020728851	0.0055789333	-0.0262462174	0.0025344946	0.0074101887	0.0064078996	0.0337735516	-0.0222915826	0.0389716021	-0.0584838426	0.0014448646	0.0712450927	-0.0226321809	0.0150531586	-0.0322724763	0.0100807575	0.0117367451	0.0288084625	-0.0047261568	0.0291442786	0.0221729108	-0.0018750897	0.028855032	-0.0352208548	0.0341936965	-0.0355763669	0.0316939331	0.0168886451	0.045151617	0.0334782424	-0.0117407763	-0.0537466255	-0.0508955873	0.0561132143	0.0717801742	0.0179541333	0.0090017418	-0.0095992621	-0.0035279568	0.0242008781	-0.0290108472	-0.0903142465	-0.0258640484	-0.0336187918	0.0614108338	-0.0094757579	0.0248114311	0.0731512736	-0.0044801312	-0.0317646394	-0.0430231548	0.0195525185	-0.0077985341	-0.0199528609	0.0529482619	-0.0082700457	0.0150306583	-0.0494783351	-0.036820531	0.0113876154	0.0236578385	-0.0033837754	-0.0059653329	0.0505809719	0.0114340374	0.0649119033	-0.0125468892	-0.0345424277	-0.0175271058	-0.0097692354	0.0211496883	-0.0213664126	0.030813032	0.0110932593	-0.0184229708	-0.0001676016	-0.000445683	-0.0029911619	0.0115254525	0.0191945283	-0.0143736912	0.0072859513	-0.0199301478	0.0455761497	-0.0369712944	0.038664366	-0.0695347401	-0.0278141984	-0.0090584411	-0.0107015452	0.0721246327	-0.0221777154	-0.0478368147	-0.032141734	-0.0401251497	-0.036394121	0.0341185023	-0.0115956721	-0.0072523327	0.0055830751	0.012060105	0.0083650859	0.021598317	-0.0614017534	-0.0622973885	-0.0296467253	-0.0107698062	0.0448323071	0.003670859	0.0020616279	0.0008125662	-0.0193204747	-0.0183891843	-0.0219715719	0.016811858	0.0145427071	0.0022124663	0.0266715314	0.0081140598	-0.0296172316	-0.0400911738	0.0349262915	0.0481125513	0.015109649	-0.0021928722	-0.0182705182	-0.0188705795	-0.0270849984	0.0536497136	-0.0124227424	0.0476193122	0.0436411487	0.0372552045	0.0288138067	0.018782686	0.0077152822	-0.0037777911	-0.0150624352	-0.0255160508	-0.0345618882	-0.0417008682	-0.0465391172	-0.0488096981	-0.0483873377	-0.0452953387	-0.0397042937	-0.0319226731	-0.0223798066	-0.0116021956	-0.0001844653	0.0112434423	0.0220510239	0.0316420006	0.0394872168	0.0451538342	-0.0084165999999999	-0.0065028699999998	4.228731823689869e-05	7.08391555599983e-05	-0.123218	0.019248	0.015182675524	0.000370485504	-0.0166099	-0.0026287	6.910063690000006e-06	0.00027588877801	-0.00168407	-0.00028486	2.8360917649e-06	8.114521960000005e-08	0.00236361	0.00027623	5.5866522321e-06	7.630301290000007e-08	-0.000436889	6.496699999999998e-05	1.90871998321e-07	4.2207110889999975e-09	0.0	0.0	0.0	0.0	0.0	0.0	0.0	0.0	0.0	0.0	0.0	0.0	0.0	0.0	0.0	0.0	0.0	0.0	0.0	0.0	0.0	0.0	0.0	0.0	0.0	0.0	0.0	0.0	0.0	0.0	0.0	0.0	0.0	0.0	0.0	0.0	0.0	0.0	0.0	0.0	0.0	0.0	0.0	0.0	0.0	0.0	0.0	0.0	0.0	0.0	0.0	0.0	0.0	0.0	0.0	0.0	0.0	0.0	0.0	0.0	0.0	0.0	0.0	0.0	0.0	0.0	0.0	0.0	0.0	0.0	0.0	0.0	0.0	0.0	0.0	0.0	0.0	0.0	0.0	0.0	0.0	0.0	0.0	0.0	0.0	0.0	0.0	0.0	0.0	0.0	0.0	0.0	0.0	0.0	0.0	0.0	0.0	0.0	0.0	0.0	0.0	0.0	0.0	0.0	0.0	0.0
52822.373485651005	14.09006262645562	2790203140.657606	198.52986481744145	64142.23477050781	28.8644765624922	4114226281.354941	833.1580072266615	53538.72928251934	83.23676823924325	2866395533.1868944	6928.359586913493	53639.93990098716	50329.22569088626	1.736568	39.782818	0.0792710999999999	0.0467128	-0.0620401335	0.091271836	-0.0707993254	0.146255466	-0.0581897396	-0.0744486375	0.0042310753	-0.0276122616	-0.0059007074	-0.0536215498	0.0057793821	-0.0059427127	0.0135482923	-0.0301917372	0.036523579	-0.0040885945	-0.0078630716	-0.0096790913	-0.056758926	0.0465417808	-0.0606091693	-0.0052380976	-0.0128846076	0.0214247603	0.0023789328	0.0313474864	-0.0436009637	-0.0338497711	-0.0273147034	0.0633308467	0.0346744571	-0.0076386588	-0.0169868651	0.0357042095	0.0391771491	-0.022974329	-0.0503354106	-0.0461940756	-0.0157067361	-0.0635442222	-0.053509506	-0.0416528007	-0.0225276988	0.0706563274	-0.0022887089	0.0584727283	0.0408233778	-0.0181242911	0.0203997873	0.0099472903	-0.003856012	-0.001799267	0.0069882487	-0.0034699899	0.0207031068	0.0101075059	-0.0439259269	-0.0093757639	0.0119528445	-0.0719973249	-0.0113325017	-0.0063622278	0.0220594395	0.0025702501	0.0446436752	-0.0525295548	-0.0074190703	-0.0709652168	-0.0272696414	-0.0227950259	-0.0459695087	-0.0108220105	0.0040326842	-0.0346039436	-0.0184383254	0.0508542016	0.0083914419	0.0059229849	-0.0569347201	-0.0575994104	0.0285005287	-0.0144561984	0.038597138	-0.0123455338	-0.0359085351	-0.0805218103	-0.0459009323	-0.04976716	-0.0158372552	-0.0355755403	-0.0265515213	0.010349029	-0.0276179581	0.0080873074	0.0166965023	0.017926426	-0.002625281	0.0005118716	0.0619805543	-0.0050493744	0.0373352047	-0.0482305995	-0.0165021434	0.0441067238	0.015163183	-0.0098704063	0.0665169175	0.0006654223	-0.0028157238	-0.0576510278	0.0376052995	-0.0302584244	-0.0071204142	0.0606671608	-0.0459100918	0.0562191384	0.0105901799	0.0141626956	0.0183047648	0.0061984123	-0.0287905329	0.047865827	-0.0323017631	-0.0321721025	0.0571850732	0.0293388979	-1.68258e-05	-0.0277570692	0.038106404	0.0401395582	-0.0180554029	0.0498324626	-0.0358943572	-0.0316128779	0.0719523667	0.0555652925	0.0224799371	0.0715292725	-0.0365136924	-0.0108017301	-0.0373038136	-0.0530232227	0.0051533272	0.0027544253	-0.0101857267	-0.0083297225	-0.0149609722	-0.0196501724	-0.0005847381	-0.0131550689	-0.0255563674	0.0199420783	0.0436397973	0.0127640604	0.0711328554	-0.015142473	-0.0260604789	-0.023505192	-0.008133036	0.0293277927	0.058351418	-0.0202403625	0.0625399494	0.0122554723	-0.0309853801	0.0260970406	-0.0101517125	0.0376284875	-0.0292740722	-0.0246387829	0.0479103897	0.0282491095	-0.029590085	-8.78972e-05	-0.0768477163	-0.02267634	-0.0302479605	0.0374093949	-0.000863513	-0.0089925648	-0.0587135134	-0.0900983085	0.0204118999	-0.033307932	-0.0363083498	-5.35532e-05	0.0021205849	0.0106167334	0.0208686719	-0.0244088433	0.0028364892	-0.0222596908	0.0236483748	0.0104278323	-0.0519084798	0.0141785799	0.0579018033	-0.0002935896	0.0104942208	0.0244877802	0.0234042355	0.0434383256	0.0588530875	0.0303948316	0.0464156161	0.0030718321	-0.0335786864	0.001517177	-0.0170457717	0.0411805535	0.0077787097	0.0010312279	0.0086793981	-0.0039697867	-0.0230192311	-0.0231786516	0.0332236334	-0.0153237822	0.0219203648	0.0237924129	0.0178764135	-0.0336445559	-0.0491800875	-0.0135695998	0.0508385984	-0.0091137049	0.0165026101	0.0062594518	-0.017661182	0.0005924904	0.0357937168	-0.0179472095	0.0475759455	0.0434725442	0.0368936684	0.0282139416	0.017927617	0.006620433	-0.005063741	-0.0164595684	-0.026918132	-0.0358438856	-0.0427285664	-0.0471801374	-0.0489451109	-0.0479229833	-0.044171958	-0.0379056313	-0.0294808289	-0.019377288	-0.0081703383	0.0035018582	0.014974647	0.0255947285	0.0347573591	0.0419407874	0.0467359647	-0.0132308	-0.0048142000000001	2.3176521640000963e-05	0.0001750540686399	-0.158776	-0.035558	0.025209818176	0.001264371364	-0.0273636	-0.0107536999999999	0.0001156420636899	0.00074876660496	-0.00168965	-5.580000000000038e-06	2.8549171225e-06	3.1136400000000425e-11	0.00181589	-0.00054772	3.2974564921e-06	2.999971984e-07	-0.000427285	9.603999999999973e-06	1.82572471225e-07	9.223681599999944e-11	0.0	0.0	0.0	0.0	0.0	0.0	0.0	0.0	0.0	0.0	0.0	0.0	0.0	0.0	0.0	0.0	0.0	0.0	0.0	0.0	0.0	0.0	0.0	0.0	0.0	0.0	0.0	0.0	0.0	0.0	0.0	0.0	0.0	0.0	0.0	0.0	0.0	0.0	0.0	0.0	1.0	0.0	0.0	0.0	0.0	0.0	0.0	0.0	0.0	0.0	0.0	0.0	0.0	0.0	0.0	0.0	0.0	0.0	0.0	0.0	0.0	0.0	0.0	0.0	0.0	0.0	0.0	0.0	0.0	0.0	0.0	0.0	0.0	0.0	0.0	0.0	0.0	0.0	0.0	0.0	0.0	0.0	0.0	0.0	0.0	0.0	0.0	0.0	0.0	0.0	0.0	0.0	0.0	0.0	0.0	0.0	0.0	0.0	0.0	0.0	0.0	0.0	0.0	0.0	0.0	0.0
52841.0152849142	18.641799263197758	2792172896.3405366	347.51667976936034	64098.41518701172	-43.819583496086125	4108606829.486535	1920.1558977704635	53607.56636469415	68.83708217480307	2873771171.545088	4738.543882340591	53710.836989325646	48769.1350072291	1.459998	33.446915	0.04469294	0.0221875	-0.0456437209	0.0699734873	-0.0584874773	0.0881229174	-0.0103554298	0.0400610662	-0.0014888228	0.0584798985	0.0009923608	-0.0092184237	0.0335143298	-0.0180032377	0.0176575154	-0.037471583	-0.0061934586	-0.0289140005	0.0080219637	-0.0293428767	0.0249754643	0.009055352	0.0468095786	-0.040052559	0.0305835594	0.0222206658	0.0037757692	-0.0158449873	-0.0038600215	-0.0449758781	-0.0364373253	-0.0475121122	-0.0230846133	-0.0437226202	0.0234519128	0.0133394922	0.0570290427	0.0516948592	-0.0244627234	-0.0600815119	-0.0256739795	0.0105349168	-0.004946051	-0.0340503446	-0.0533366039	-0.0255576792	0.0038580631	0.0561187946	0.0073667122	0.0180140156	0.0074502775	0.0306614989	0.0366984766	-0.0607742665	-0.0271568384	-0.0466604788	-0.0082019397	0.0104820916	-0.0430218367	0.003823613	0.026204331	0.0304898328	-0.0385345134	-0.0210009885	-0.0148162594	-0.0617242922	-0.0184229054	0.0335070229	-0.0005403552	-0.0487248025	-0.037020432	0.0490506527	-0.0260404658	0.0639880154	-0.0354311182	-0.0139035461	-0.0480996101	0.0535305559	0.0583663874	0.0395287446	-0.0685707961	0.0465868794	0.0454281308	-0.0004753554	-0.0280448202	-0.0138110229	-0.0771749421	0.0165175462	0.0154564302	0.0612041545	-0.0433916265	0.0630216017	0.0302970362	0.0567098794	0.0227244237	0.0044205533	0.0629672359	0.0069551985	0.0512424935	0.0124343971	-0.0309769345	-0.019485016	-0.029261477	0.0513029262	-0.03428888	0.0211882231	-0.0641887282	0.0176845166	0.0165015489	-0.0738808806	-0.0242672605	0.0100620944	0.0502172772	0.0310992442	-0.0296411935	-0.0241063048	-0.0059250634	-0.0470227801	0.0383709893	-0.0305435868	0.0218420913	0.0043902201	0.0165429828	0.0073200798	-0.0337069536	-0.0427016491	-0.0529468288	-0.0097020911	-0.04389422	0.024060509	0.0199851861	0.0564359623	0.0461545157	0.0338086158	-0.0595791205	-0.0261072323	-0.0097357959	-0.0027638285	0.0302822258	-0.0284600828	-0.0548862408	-0.0080017522	-0.0509353367	-0.0082234955	-0.0105869334	0.00849353	-0.0455357198	-0.0165665713	0.0461409914	-0.0507818091	-0.0683441847	0.0073219776	-0.0375135406	0.0107222745	0.0403778706	0.0170254184	-0.0124163123	0.0469814868	0.0454148494	0.0001536694	0.0333342541	-0.007282651	-0.0346991887	-0.0295580643	0.0498468629	0.0371948275	0.0229543267	-0.0161376085	-0.0591825611	-0.0364260669	-0.0208959401	-0.0431677359	0.0473634696	0.0794445068	-0.0308006332	-0.0880559059	0.005366823	-0.0100382881	-0.0326857273	-0.0097340989	-0.0434829361	-0.0711051387	0.0011963849	0.0123772491	-0.0021598494	0.0047580218	0.072381531	-0.0367252731	0.0741128565	0.0081791947	-0.0321913858	-0.0424131676	0.0310117363	0.0466858699	0.0039456266	0.0289922701	0.037914791	0.0154191871	-0.055462629	-0.0214357272	0.0348068288	-0.0404206198	-0.039819066	0.0122089257	0.0503356121	-0.0597766881	0.0081234705	0.0597516187	-0.0290139966	0.0267454782	-0.0127780071	0.0430011467	0.008560006	0.0036819389	0.0058431912	-0.0351422396	-0.0230567589	-0.0111839652	-0.0076955458	0.0171378288	0.0072811271	0.017051768	0.0179031482	0.0215404707	-0.0328473191	-0.0345956611	0.0430779572	0.0052474241	-0.0160880512	-0.0394569291	-0.0005832958	-0.0316503378	0.0506992182	0.0096848997	0.0475319038	0.0433014723	0.0365274207	0.0276076712	0.0170661886	0.005522202	-0.0063461704	-0.0178417553	-0.0282892778	-0.0370750283	-0.0436829132	-0.0477247713	-0.0489631754	-0.0473253789	-0.0429075896	-0.0359693177	-0.026918132	-0.0162857183	-0.004696647	0.0071683153	0.0186121956	0.0289627561	0.037611983	0.0440518025	0.047903926	-0.00480311	0.0084276899999999	7.102595873609997e-05	2.30698656721e-05	-0.14433	0.0144459999999999	0.0208311489	0.0002086869159999	-0.0197617	0.0076018999999999	5.778888360999997e-05	0.00039052478689	-0.0016969	-7.250000000000095e-06	2.87946961e-06	5.2562500000001376e-11	0.00205913	0.00024324	4.240016356900001e-06	5.916569760000013e-08	-0.000393428	3.385700000000004e-05	1.5478559118399998e-07	1.1462964490000027e-09	0.0	0.0	0.0	0.0	0.0	0.0	0.0	0.0	0.0	0.0	0.0	0.0	0.0	0.0	0.0	0.0	0.0	0.0	0.0	0.0	0.0	0.0	0.0	0.0	0.0	0.0	0.0	0.0	0.0	0.0	0.0	0.0	0.0	0.0	0.0	0.0	0.0	0.0	0.0	0.0	0.0	0.0	0.0	0.0	0.0	0.0	0.0	0.0	0.0	0.0	0.0	0.0	0.0	0.0	0.0	0.0	0.0	0.0	0.0	0.0	0.0	0.0	0.0	0.0	0.0	0.0	0.0	0.0	0.0	0.0	0.0	0.0	0.0	0.0	0.0	0.0	0.0	0.0	0.0	0.0	0.0	0.0	0.0	0.0	0.0	0.0	0.0	0.0	0.0	0.0	0.0	0.0	0.0	0.0	0.0	0.0	0.0	0.0	0.0	0.0	0.0	0.0	0.0	0.0	0.0	0.0
52857.00885890672	15.993573992520396	2793863385.510544	255.7944090542248	64713.59810986328	615.1829228515562	4187849780.3249	378450.02856818377	53556.73963464851	-50.826730045635486	2868324360.293531	2583.356487131905	53659.24491648579	45001.01776424259	1.877235	43.005341	0.0919727	0.0445939	-0.0053737742	0.0244032291	-0.0320240448	-0.0861847948	0.0315620091	0.0490808846	-0.0198971425	0.0061098511	-0.0144814406	0.0668237957	0.0247342547	0.0192574097	-0.0039010741	-0.0079988452	0.0199251928	0.003137996	-0.0111218794	-0.0359448151	0.0437695521	-0.0258864241	0.0433959864	0.0328035323	0.008062977	-0.0122861036	-0.0066558765	-0.0017077516	0.0267634483	-0.0423409511	0.013560655	-0.006024009	0.0231530878	-0.0202032025	0.0185727929	0.0233698693	0.0106525622	0.0114874572	0.0027353333	-0.0361488572	0.0079605474	-0.0171598071	0.0170476068	0.0365496277	0.0325116442	0.0014711285	-0.0463844758	0.0081346783	-0.0260516702	-0.0420006784	0.0040209035	-0.0119557369	0.0091178525	0.0537024528	0.0352587892	-0.0386455796	0.041545037	0.0691825557	0.0202792768	0.0526262036	-0.0026969053	0.0045321149	-0.0224061781	0.0117592427	0.0655882842	0.057649918	-0.0032498379	-0.0127747683	-0.0326468847	0.0427597322	0.0295179997	-0.0858798478	0.0102536969	0.0261557492	0.0082959755	0.0667751922	0.006593312	-0.0503550598	-0.0520635318	-0.0313072665	0.0133717123	-0.028347794	0.0026363219	-0.0625494937	-0.0417164909	0.0212813279	0.0232291512	-0.0231875559	-0.0442129943	0.0177052217	0.0225574841	-0.0597518921	-0.0017932767	-0.0373654405	0.0045725713	-0.0447504983	0.043673091	0.0135688901	-0.0770990553	0.0040360471	-0.0180781419	-0.0120945051	-0.0265045176	0.0515600587	-0.0254176214	0.0065264883	0.0025307141	-0.0471055082	-0.0254345384	-0.0121436181	-0.0134227754	0.0592905209	-0.0050637468	0.0121987186	-0.0363940187	-0.0431095994	0.024191354	-0.0407241005	-0.0343644133	-0.005164597	-0.0117590896	-4.49077e-05	0.0012802318	-0.0264212434	-0.0413612243	0.00532072	-0.0072573728	0.0237958913	-0.012374476	0.0232669587	0.0239045957	0.0142717222	0.0146371619	-0.0004678374	-0.0343822272	0.0068632825	0.0086990613	-0.0168279467	-0.0375366593	0.0220719586	0.0353469113	0.0344395584	-0.0153241737	0.0080517789	0.0561888493	-0.00301233	0.0152046801	-0.0247213313	-0.0268404386	0.034792846	0.004852356	-0.0806712009	-0.0037919414	-0.0686789634	-0.0240781219	0.0361926824	-0.0019928994	0.0289900647	-0.064408249	-0.0430650278	-0.0231233458	-0.0170847288	0.0111912989	0.0659253192	-0.0442453055	-0.0378797251	-0.0610349652	0.028784367	-0.0208566504	-0.0085246883	0.0569402609	0.0011879432	-0.0391003234	-0.0788683984	0.0220294984	0.0208309758	-0.0124678612	-0.0324662135	-0.0450972007	-0.0362747914	0.0095187281	0.019338106	-0.0207453939	-0.0311699446	-0.0214384874	0.0298262308	-0.0087874558	0.0404801721	-0.0666560408	-0.0236522993	-0.0226888163	-0.0493378548	-0.0531006463	-0.0552105886	0.0042783953	-0.0063633268	0.0255485614	-0.0009940378	-0.058260509	-0.0062283567	0.0252699448	-0.0089187716	0.034573195	-0.0204245767	-0.01412795	-0.0243262281	-0.0322613262	0.0500336486	0.0014114125	-0.0128166266	-0.0155550638	0.0361512902	0.0087089532	0.0089278691	-0.0127955335	-0.0088625589	-0.0419273289	0.0063166294	0.0097569315	0.0056003993	-0.0350080394	-0.0012841215	0.0173549087	0.0334246688	-0.0012057053	0.0129834164	0.0236357459	-0.0160559568	-0.0184423003	-0.0113342639	-0.0212638808	0.0065788849	0.0094272456	0.0167176062	0.0474871876	0.0431279427	0.0361565084	0.0269951331	0.0161987064	0.0044211503	-0.0076241876	-0.0192077409	-0.0296279125	-0.0382535695	-0.04456227	-0.0481719062	-0.0488638482	-0.0465961863	-0.0415062691	-0.0339023846	-0.0242450877	-0.0131193052	-0.0011989077	0.0107941057	0.0221333376	0.0321319892	0.0401844584	0.0458030203	0.0486473676	0.00174254	0.00654565	4.28455339225e-05	3.0364456516000004e-06	-0.16557	-0.0212399999999999	0.0274134248999999	0.0004511375999999	-0.017451	0.0023106999999999	5.339334489999995e-06	0.000304537401	-0.00126903	0.00042787	1.6104371409e-06	1.830727369000001e-07	0.00267027	0.00061114	7.130341872900001e-06	3.734920996000001e-07	-0.000194911	0.0001985169999999	3.7990297921000004e-08	3.9408999288999994e-08	0.0	0.0	0.0	0.0	0.0	0.0	0.0	0.0	0.0	0.0	0.0	0.0	0.0	0.0	0.0	0.0	0.0	0.0	0.0	0.0	0.0	0.0	0.0	0.0	0.0	0.0	0.0	0.0	0.0	0.0	0.0	0.0	0.0	0.0	0.0	0.0	0.0	0.0	0.0	0.0	0.0	1.0	0.0	0.0	0.0	0.0	0.0	0.0	0.0	0.0	0.0	0.0	0.0	0.0	0.0	0.0	0.0	0.0	0.0	0.0	0.0	0.0	0.0	0.0	0.0	0.0	0.0	0.0	0.0	0.0	0.0	0.0	0.0	0.0	0.0	0.0	0.0	0.0	0.0	0.0	0.0	0.0	0.0	0.0	0.0	0.0	0.0	0.0	0.0	0.0	0.0	0.0	0.0	0.0	0.0	0.0	0.0	0.0	0.0	0.0	0.0	0.0	0.0	0.0	0.0	0.0
52936.45999044219	79.45113153546845	2802268796.319687	6312.482302266309	64656.61853515625	-56.97957470702386	4180478320.400711	3246.6719337933127	53534.68567909816	-22.0539555503492	2865962570.7598376	486.3769554167784	53636.43717664724	46203.64672027192	1.308855	29.9844	0.057020335	0.0236908	-0.0111968029	0.0499880267	-0.0479255728	-0.0685339349	0.0321209532	0.0418512627	-0.0156317316	-0.0499725159	0.0078065894	-0.0023845043	0.0049817911	-0.0007307739	0.0370339495	-0.0404513343	-0.0048342159	-0.0072524655	-0.01763309	0.0017489356	-0.0416140055	-0.0260654117	-0.0178260748	0.0583211221	-0.0011647435	0.0143116939	0.0256673304	0.0234375886	-0.0162227829	0.0362344097	-0.0236470328	0.0299737858	-0.0027335615	-0.022138081	0.0218356596	-0.0415850553	0.0251994772	-0.0074720108	0.0237669092	-0.0369890436	-0.0494035827	0.0385588639	-0.0085857081	-0.093933251	0.0183962232	0.0207752074	-0.0057436987	0.017028234	0.0038586334	-0.0149558511	0.0004564718	0.0051748015	0.0221700839	0.030372386	-0.0383970344	0.0448492763	-0.024816961	-0.025106505	-0.0128688267	0.0029592323	0.0541742253	-0.0114783539	-0.0019513467	-0.0212148305	0.0166563622	0.1110123852	0.0123762837	0.0093267811	-0.0173134777	0.0593209557	0.0208127564	0.0238775245	-0.0074862959	-0.0390327485	0.0161867916	0.0013475152	0.0495404085	0.012064541	0.0601302022	0.0290999376	0.0562794368	-0.0105517903	0.0065092948	0.0092900382	-0.0471169718	-0.0436676494	-0.0144518351	0.0293105948	0.0211051411	-0.0593213766	-0.0371104	-0.0012052473	0.0356175043	-0.0088810034	0.0393125079	-0.0500967681	0.0061382544	0.0175233163	0.0441201276	-0.0002365013	0.0358371992	-0.0743010727	-0.0070097036	-0.0004416437	0.0170035569	-0.0013642643	-0.0112038337	0.0219397294	-0.0309253535	0.0160104925	0.0423736624	0.0292784552	-0.0003054653	0.0205963287	0.0040907586	0.0420836332	0.0264081435	0.0162147245	-0.0572588528	0.005616413	0.0189090644	-0.0182545943	-0.021856094	0.0177754495	0.0344990382	-0.0207757468	0.0317848963	-0.0059541561	-0.0184418083	0.0161109072	-0.0404659887	0.0300438788	-0.0036102824	-0.0192073954	-0.0373621965	-0.0596230595	-0.0351335853	0.0203870605	0.0894807182	0.0325797563	0.0036712034	0.0033266169	-0.0227077892	-0.0108370311	0.0063805081	0.0005231594	0.0055218436	-0.014168128	0.0157254012	0.0461164028	0.0231454377	0.0489703733	0.0150552403	0.031574135	0.0222521287	0.0521828928	0.0068182504	-0.0109804883	-0.0300205207	-0.0237136287	-0.0933450816	-0.0082988405	-0.0025318118	0.0357700887	-0.0454668124	-0.0060272727	0.0487067993	0.0205299511	0.048616386	0.0177545259	0.0117561633	0.0475580399	-0.009355136	0.0568725805	1.89775e-05	0.0458906375	0.0473293014	0.0252922202	-0.0142169261	-0.0312531451	-0.0487628297	-0.0039544843	0.0167769995	0.0005010904	0.0585115575	-0.0515600545	0.0130070389	0.0351179786	-0.0036855685	-0.0339579806	-0.04585795	0.0149333956	0.021851899	0.0275561709	0.0424626247	0.0339798431	-0.0102022457	0.0720408379	0.0026047515	-0.0185945401	-0.0132768674	-0.0074103437	-0.0289270572	-0.0371263714	0.0091807544	0.030522176	-0.0281588305	0.0168455523	0.0155148486	-0.0720186258	-0.0138378954	0.0515791642	0.0167746474	0.0103927318	-0.0055507979	-0.0457749957	-0.0139018169	-0.0071534661	0.0481543626	-0.0011037642	0.0236052066	0.0039476515	0.0030280752	-0.009991573	-0.001478477	0.05774153	0.0254132578	-0.0097751824	-0.0207278338	-0.0035404276	-0.0475439772	-0.0289242127	0.0175895125	0.0174904114	0.0474417976	0.0429519653	0.0357809787	0.0263764663	0.015325478	0.0033178403	-0.0088969041	-0.0205562846	-0.0309324975	-0.0393778372	-0.0453651274	-0.0485206286	-0.0486473676	-0.045737433	-0.0399724692	-0.0317123377	-0.0214726538	-0.0098926005	0.0023049702	0.0143586597	0.0255160508	0.0350806749	0.0424554877	0.0471801374	0.0489597013	-0.0110774	-0.01281994	0.0001643508616036	0.0001227087907599	-0.176822	-0.011252	0.031266019684	0.000126607504	-0.0277316	-0.0102805999999999	0.0001056907363599	0.00076904163856	-0.00112021	0.00014882	1.2548704440999998e-06	2.2147392400000012e-08	0.00254634	-0.00012393	6.483847395599999e-06	1.53586449000001e-08	-1.43051e-05	0.0001806059	2.0463588601e-10	3.2618491114810005e-08	0.0	0.0	0.0	0.0	0.0	0.0	0.0	0.0	0.0	0.0	0.0	0.0	0.0	0.0	0.0	0.0	0.0	0.0	0.0	0.0	0.0	0.0	0.0	0.0	0.0	0.0	0.0	0.0	0.0	0.0	0.0	0.0	0.0	0.0	0.0	0.0	0.0	0.0	0.0	0.0	0.0	0.0	0.0	0.0	0.0	0.0	0.0	0.0	0.0	0.0	0.0	0.0	0.0	0.0	0.0	0.0	0.0	0.0	0.0	0.0	0.0	0.0	0.0	0.0	0.0	0.0	0.0	0.0	0.0	0.0	0.0	0.0	0.0	0.0	0.0	0.0	0.0	0.0	0.0	0.0	0.0	0.0	0.0	0.0	0.0	0.0	0.0	0.0	0.0	0.0	0.0	0.0	0.0	0.0	0.0	0.0	0.0	0.0	0.0	0.0	0.0	0.0	0.0	0.0	0.0	0.0
52970.74468159959	34.28469115740154	2805899792.123212	1175.4400477584072	64389.61636132813	-267.0021738281212	4146022695.159015	71290.16082894223	53599.26352076281	64.5778416646499	2872881049.968175	4170.297634064592	53694.52903113107	46560.92244952313	1.072885	24.578579	0.070022595	0.0353605	-0.010701438	0.0437717789	-0.0504520848	-0.0479136101	0.0496046832	0.0567177116	-0.0351175247	0.0216951133	0.0120648274	-0.0399656835	0.0211643346	0.0022586727	0.0333212062	-0.0138418357	-0.0075649244	-0.0027109087	-0.005882448	-0.0407540706	0.0232193032	0.0218618471	-0.0441372627	-0.0446407234	0.011968261	0.0129818806	0.0424377477	0.0266878977	0.0111132234	0.0237809219	0.0093084308	-0.0231243216	0.0555857831	-0.0241816038	-0.0138330408	-0.0260045267	0.0129017068	0.0599155451	0.0578859769	-0.0602469317	-0.0111778289	-0.0258393869	0.0358844854	-0.0378326597	0.032917561	0.0445442407	-0.021861525	0.0113308437	-0.0724302661	0.0788622603	-0.0033280967	0.0254697972	-0.0121343268	-0.0259138905	0.009890742	0.0156366406	0.0329234309	-0.0216284625	-0.0177046778	-0.0248286977	0.0482422237	0.0270509228	-0.0049056945	0.0062282483	-0.0524027185	-0.0570999505	-0.0070419396	0.0266539317	0.0305893593	0.018897801	0.0368006898	-0.0230947604	0.0293127452	-0.0088958525	0.0733464048	-0.0221545489	-0.0280221741	-0.0046004508	0.0324282588	-0.0239618724	0.0130516446	0.0047389706	0.0298025118	0.0166960291	-0.0413762997	-0.0534887152	0.0039473647	0.0157931737	0.0511119759	0.0024505532	-0.0062134245	0.0316749001	0.0745868203	0.0062327451	-0.0135579367	0.00668162	-0.0060957453	-0.082116361	0.0073410735	0.0125196675	-0.0093020075	0.0762457513	0.0060324898	0.008391931	-0.0499596343	-0.0297552689	-0.0230499829	0.0028756046	-0.0130798525	0.0317516304	-0.0548513664	-0.0765476724	-0.0585964187	0.026588686	-0.0395440296	-0.020390282	-0.0193044839	0.0422570457	0.0454015011	-0.0034399351	0.0363454279	-0.0341410961	-0.0265500219	-0.0131752186	0.0242035885	0.0101314857	-0.0142663555	0.0607781922	-0.0136803523	-0.0103144969	-0.0285907943	0.0194234149	0.0599254689	-0.0554177998	-0.0632209899	-0.012495369	0.0269522544	-0.0306525474	0.0409696279	0.0469106755	0.0230621794	0.0145449543	-0.0104381535	0.0865768807	-0.041209082	0.018649356	-0.0413546186	0.0110837023	-0.0001230638	-0.0356157548	0.0231674592	-0.0151690593	-0.0199738326	0.0509732173	0.0049396899	0.0282058384	-0.0286454591	0.001061891	0.0499870148	0.048961082	0.0326837359	0.0092150283	-0.0228945493	-0.0073243126	-0.0489764441	-0.0215588042	-0.0279698443	-0.044376393	0.005535496	0.0726392777	0.005747293	-0.0244791178	-0.0087193295	0.0321249512	0.0295432158	-0.0048409352	0.0079001417	0.035927868	-0.0029501109	-0.0096679842	-0.0717463422	0.0073758557	-0.0025608311	0.05816719	0.02469701	0.0098797756	0.0383278948	0.0366703042	0.0421266952	-0.0221048353	0.0204761841	0.0201599959	-0.0450238784	0.0613979432	-0.0316757713	-0.0127513325	-0.017714051	-0.0758007528	-0.0014235113	0.0317851271	0.0360239614	-0.0378811604	-0.0102351588	-0.0019983552	-0.0263119965	0.0220785009	0.068697097	0.017413289	0.0641225638	0.0829555797	-0.0129575897	0.0396798863	0.0155710457	0.0016620674	-0.0185442951	-0.0475692878	-0.0261616481	0.0336302977	0.0277883866	0.033519804	0.041742451	-0.010867796	0.0203649468	-0.02196665	-0.0200849561	-0.0082907568	0.0118557736	-0.0345599985	-0.0072293329	-0.0091174481	-0.0492955943	0.0056495427	0.012721594	0.0293434845	0.0473957345	0.04277355	0.0354008796	0.0257518113	0.0144468132	0.0022128355	-0.0101634351	-0.021886162	-0.0322015336	-0.0404462362	-0.0460901072	-0.0487702262	-0.0483142525	-0.0447515066	-0.0383110855	-0.0294071302	-0.0186121956	-0.006620433	0.0057970462	0.0178417553	0.0287391785	0.0377885739	0.0444080345	0.0481719062	0.0488381591	0.0114915	0.0225689	0.0005093552472099	0.00013205457225	-0.150309	0.026513	0.022592795481	0.000702939169	-0.0305233	-0.0027917	7.793588890000006e-06	0.00093167184289	-0.00122139	-0.0001011799999999	1.4917935320999998e-06	1.0237392399999997e-08	0.00264661	0.00010027	7.004544492100001e-06	1.0054072900000081e-08	-0.000175835	-0.0001615299	3.0917947225e-08	2.609190859401e-08	0.0	0.0	0.0	0.0	0.0	0.0	0.0	0.0	0.0	0.0	0.0	0.0	0.0	0.0	0.0	0.0	0.0	0.0	0.0	0.0	0.0	0.0	0.0	0.0	0.0	0.0	0.0	0.0	0.0	0.0	0.0	0.0	0.0	0.0	0.0	0.0	0.0	0.0	0.0	0.0	0.0	0.0	0.0	0.0	0.0	0.0	0.0	0.0	0.0	0.0	0.0	0.0	0.0	0.0	0.0	0.0	0.0	0.0	0.0	0.0	0.0	0.0	0.0	0.0	0.0	0.0	0.0	0.0	0.0	0.0	0.0	0.0	0.0	0.0	0.0	0.0	0.0	0.0	0.0	0.0	0.0	0.0	0.0	0.0	0.0	0.0	0.0	0.0	0.0	0.0	0.0	0.0	0.0	0.0	0.0	0.0	0.0	0.0	0.0	0.0	0.0	0.0	0.0	0.0	0.0	0.0
53048.46944400753	77.72476240793912	2814140110.351801	6041.1386913705865	64807.1524663086	417.53610498047055	4199967010.791369	174336.39896226252	53553.22395014809	-46.03957061472465	2867947795.454715	2119.6420623882177	53662.67664538237	46344.9760783406	1.134552	25.991301	0.0589734499999999	0.0311061	-0.0007681417	0.024928211	-0.0368041962	-0.0609460988	0.0753459544	0.0773221824	-0.056933915	0.043336803	0.0040917043	0.0271744193	0.0280055847	0.0347029248	0.0265252553	-0.0160830955	0.0145341061	-0.014645787	-0.023035464	-0.0212305213	0.0274843333	-0.0097444889	0.0765025011	0.004052866	-0.0057873973	0.0174641032	0.0268158202	0.0224401499	0.0158676717	-0.0460445108	-0.0207495929	0.0363901741	-0.0404129986	-0.0049598319	0.0467591236	0.0553010396	0.0169723552	-0.0141682209	0.0652050439	0.0880210817	0.0214457198	-0.0028329971	-0.0454052267	-0.0287799937	-0.0048080332	0.0463744276	0.0279224999	-0.0260897651	-0.0016586661	-0.0186745096	0.0555649193	0.0066437714	0.0102785203	0.0096732818	-0.0107019169	0.00085895	-0.0004565988	-0.0625340128	0.0123922956	0.0357699934	-0.0356818912	-0.0381062312	0.0420575086	0.0189367037	-0.0243906869	-0.0140637777	-0.0297967504	-0.0061713072	0.0293751686	0.0619607977	0.0274106802	0.0012207977	0.0109130203	0.0066963068	0.0749199329	0.0705367774	0.0289145506	-0.0436056212	0.0056028797	0.006380095	0.1085314025	0.0039862538	-0.0425654379	-0.0146873262	-0.0276362582	0.0021181552	0.0290639459	-0.0686787779	0.0108910288	-0.0523905105	-0.0460481552	0.0094778466	-0.0262085152	0.0269961088	0.0388038553	0.0204254122	-0.0150326654	0.0315303207	0.0207533477	0.0307141617	0.0493478325	0.0017090271	-0.0371861462	-0.037830927	-0.0707358519	-0.0497741677	0.0122058208	0.0263863234	0.010670349	0.0039682482	0.00026043	-0.0450271441	0.042169936	-0.0041351579	-0.022355856	-0.0307418246	0.0123691543	-0.0768166153	-0.0061455658	0.0079792619	0.0208042281	-0.0147025371	-0.021569806	-0.0076070751	-0.0444018162	-0.0352372604	0.0257905189	-0.0443606045	-0.0097521599	0.0433683138	0.0547815919	0.0159631778	-0.0032514859	-0.0724521325	0.0864542637	0.0058872087	0.0090033072	0.0584674122	0.0196499389	0.0463248819	-0.0137503248	-0.0271501913	0.0288147582	-0.0082183779	0.0249301587	-0.0598155729	0.0022807939	-0.0012126746	0.0194097863	0.0222161541	0.0063536128	-0.0069127683	0.0719041099	0.0055595995	0.0033278245	-0.0233450984	0.0325763341	-0.043509827	0.0201574169	0.0326406497	0.0326458668	-0.0259831833	0.007470145	-0.0014385415	-0.0680021114	-0.0170389063	0.0132754374	-0.00372635	-0.0078724864	0.0346076074	0.0851045167	0.0178226081	-0.0609883779	-0.0115596617	0.0231600989	0.0835582266	0.0737526446	0.0112594681	0.0110146347	-0.0253274071	0.0145388761	0.030829313	-0.0720043301	-0.0156846685	0.0322838248	-0.0474743227	0.0007546756	-0.0040916463	0.0103150129	0.0415076651	-0.0326506664	0.0230226451	0.0351900439	-0.0125867241	0.0147026385	0.0464077433	-0.0041480669	0.0049763039	0.0279415383	0.0679527858	0.0696895397	0.0061221198	-0.038600838	0.0102079531	0.005238877	0.0276761117	0.0467909879	0.0120752833	-0.0365953152	0.0121346217	-0.0119075933	0.0344134001	0.0176105332	0.00530573	-0.0243150534	-0.0423115385	-0.0213076936	0.0417037319	0.0382064425	0.0263283782	-0.0041217601	-0.0389596353	0.0493463241	0.0540454831	0.0182801497	-0.0214416606	0.0181742793	0.0015048567	-0.0250804935	-0.0082207701	-0.0311689826	-0.0089807318	0.000845887	0.0219133788	0.0473489988	0.042592707	0.0350162597	0.0251213099	0.0135630238	0.0011067004	-0.0114229	-0.0231961654	-0.0334335625	-0.0414572508	-0.0467359647	-0.048920189	-0.0478653016	-0.0436411487	-0.0365274207	-0.0269951331	-0.0156754391	-0.0033178403	0.0092594399	0.0212236325	0.0317825624	0.0402370998	0.0460274517	0.0487702262	0.0482838183	0.0114652	-2.629999999999993e-05	6.916899999999965e-10	0.00013145081104	-0.158699	-0.00839	0.025185372601	7.039210000000014e-05	-0.0178266	0.0126966999999999	0.0001612061908899	0.00031778766756	-0.00158411	-0.0003627199999999	2.5094044921e-06	1.315657984e-07	0.00274628	9.966999999999962e-05	7.542053838399999e-06	9.934108899999924e-09	0.000118984	0.000294819	1.4157192256e-08	8.6918242761e-08	0.0	0.0	0.0	0.0	0.0	0.0	0.0	0.0	0.0	0.0	0.0	0.0	0.0	0.0	0.0	0.0	0.0	0.0	0.0	0.0	0.0	0.0	0.0	0.0	0.0	0.0	0.0	0.0	0.0	0.0	0.0	0.0	0.0	0.0	0.0	0.0	0.0	0.0	0.0	0.0	0.0	0.0	0.0	0.0	0.0	0.0	0.0	0.0	0.0	0.0	0.0	0.0	0.0	0.0	0.0	0.0	0.0	0.0	0.0	0.0	0.0	0.0	0.0	0.0	0.0	0.0	0.0	0.0	0.0	0.0	0.0	0.0	0.0	0.0	0.0	0.0	0.0	0.0	0.0	0.0	0.0	0.0	0.0	0.0	0.0	0.0	0.0	0.0	0.0	0.0	0.0	0.0	0.0	0.0	0.0	0.0	0.0	0.0	0.0	0.0	0.0	0.0	0.0	0.0	0.0	0.0
53008.11316301501	-40.356280992520624	2809860061.1030054	1628.6294155472815	65039.05198144532	231.89951513671983	4230078282.645147	53777.38512064576	53601.50181334623	48.27786319814186	2873120996.646159	2330.7520749785	53705.62157692079	45220.14468185623	1.479244	33.887806	0.115188965	0.0636925	0.0214704158	0.022633659	-0.0297477589	-0.1342001203	0.0641171498	-0.0069977036	-0.0530510335	-0.0716321495	0.0096164123	0.0195641669	0.0106294211	0.0177137353	0.0193577601	-0.0289443872	-0.0332571318	0.0082433954	-0.0294324563	-0.0090427292	-0.0330158929	-0.0041482883	-0.0071910717	0.0917128149	-0.0704298183	0.0015470078	-0.0005090951	0.0326593285	0.0098449819	-0.0003527689	0.0068805122	0.0426451838	-0.0129451136	-0.0199164312	0.0564874208	-0.0314940189	0.0404108296	0.011609912	0.0040898931	-0.0087814259	-0.0204773665	-0.0131402964	-0.000306701	-0.0108331312	0.039045302	0.0072255442	0.0397727589	-0.0208632869	0.058277281	0.0274421877	0.0481002256	0.0222737177	0.0250498945	0.0215497104	0.0060098152	0.0367267054	0.0305282861	0.0085590606	0.0542155233	-0.0714420213	0.0246706993	-0.0057246844	-0.0217532923	-0.0034255132	0.006413215	0.0431767864	-0.0504011777	-6.18973e-05	0.0036740935	-0.0390890796	0.0570674808	-0.0007312748	0.0209679399	0.0477085461	-0.0531122383	-0.0290382905	-0.0814780075	-0.0544649639	0.007854947	0.0425357999	-0.0236872026	0.0505403915	0.040276986	-0.0636389293	0.0190902333	-0.0549408846	-0.0227243558	-0.0437748541	0.0179891657	0.0309144081	0.0033610955	-0.0101218987	0.0300239729	0.0137262669	-0.0455130066	-0.0185363956	-0.0294718906	0.0478548779	-0.0084756252	-0.0230756558	0.0275681382	-0.0047601017	0.0391131496	0.0207061703	-0.0259501388	0.0259283144	0.0807107555	-0.0936738224	-0.0363913188	0.0173812847	-0.0140893473	0.0295773403	-0.059531752	-0.0720171132	-0.0076991464	0.0338032547	0.0033767059	0.0071941691	-0.0888489805	0.0701782093	-0.0092450894	0.0036121088	-0.031525715	-0.0034793807	-0.0072281074	-0.0029421487	0.0465359187	-0.0180932914	-0.0194862748	0.0513347257	-0.0317198459	0.0455009775	0.0117544676	-0.003502167	-0.0062112107	-0.0226584849	0.0145332645	0.0002930785	0.012731382	0.0101010415	0.0380081628	-0.0292812417	0.0189390712	-0.0382977787	-0.0513855578	-0.0520565498	-0.0225270777	-0.0267801244	-0.0076309214	0.0003197176	0.0254026651	0.0125026384	-0.0371889607	0.0717686559	-0.0768348651	0.0043479423	0.0126340459	0.0123455869	-0.0251386443	-0.0115715247	-0.0357077396	-0.0477530469	-0.0126675813	7.28949e-05	0.0248318948	-0.0641517478	-0.0078207177	-0.0181404341	-0.0365758787	-0.0492766894	-0.0536027197	-0.0694490027	-0.0403106552	-0.006874733	-0.032816524	-0.05808047	0.0440828458	-0.0340310002	-0.0499151086	0.0497444266	-0.0607621349	0.0099474141	-0.0420669701	-6.3631e-06	-0.0486655904	-0.0043971015	0.0116155589	0.0124728891	0.0321636012	-0.0419761084	0.0240168146	0.0139653381	0.027979591	-0.0413025155	0.0163003572	-0.0144418754	-0.0435791222	0.0137825943	-0.0126028744	-0.0148758534	0.0206824541	0.0421304395	0.1207190261	-0.0160508403	-0.066288244	-0.0157483832	0.0028230089	-0.0896813177	0.0180882613	-0.0036529373	-0.0118506446	0.0551103723	0.0202675652	0.0083023443	-0.0292933169	-0.0362675515	-0.0301756502	0.0484556227	0.0467896547	0.0384974582	0.0292652459	-0.0105299772	0.0055325818	-0.0109708495	0.0073461915	0.0964445141	0.0006286737	-0.023737573	-0.0056218746	0.009929249	-0.0628277519	0.0225549517	-0.0157910059	0.0419457209	0.0473015912	0.0424094465	0.0346271681	0.0244851053	0.0126744232	0.0	-0.0126744232	-0.0244851053	-0.0346271681	-0.0424094465	-0.0473015912	-0.0489702107	-0.0473015912	-0.0424094465	-0.0346271681	-0.0244851053	-0.0126744232	-0.0	0.0126744232	0.0244851053	0.0346271681	0.0424094465	0.0473015912	0.0489702107	0.0473015912	0.0114765	1.1300000000000546e-05	1.276900000000123e-10	0.00013171005225	-0.150353	0.008346	0.0226060246089999	6.965571600000033e-05	-0.0432789	-0.0254523	0.00064781957529	0.00187306318521	-0.0007227559999999	0.000861354	5.223762355358554e-07	7.419307133161721e-07	0.00330698	0.0005607	1.09361167204e-05	3.143844900000004e-07	-8.654929999999998e-05	-0.0002055332999999	7.490781330489997e-09	4.2243937408889995e-08	0.0	0.0	0.0	0.0	0.0	0.0	0.0	0.0	0.0	0.0	0.0	0.0	0.0	0.0	0.0	0.0	0.0	0.0	0.0	0.0	0.0	0.0	0.0	0.0	0.0	0.0	0.0	0.0	0.0	0.0	0.0	0.0	0.0	0.0	0.0	0.0	0.0	0.0	0.0	0.0	0.0	0.0	0.0	0.0	0.0	0.0	0.0	0.0	0.0	0.0	0.0	0.0	0.0	0.0	0.0	0.0	0.0	0.0	0.0	0.0	0.0	0.0	0.0	0.0	0.0	0.0	0.0	0.0	0.0	0.0	0.0	0.0	0.0	0.0	0.0	0.0	0.0	0.0	0.0	0.0	0.0	0.0	0.0	0.0	0.0	0.0	0.0	0.0	0.0	0.0	0.0	0.0	0.0	0.0	0.0	0.0	0.0	0.0	0.0	0.0	0.0	0.0	0.0	0.0	0.0	0.0
52942.85153801869	-65.26162499632483	2802945528.976688	4259.07969716093	64435.27360644531	-603.778375000009	4151904484.737468	364548.3261176514	53596.03701965214	-5.464793694089167	2872535184.211922	29.86397011895672	53699.32939332332	45725.43267679586	1.290963	29.574497	0.078116265	0.0343592	0.0120657263	0.0270701245	-0.0326396964	-0.0944801901	0.066546916	0.0560361157	-0.0358009936	0.0252369177	0.0058038064	-0.0340668744	0.0276336598	0.0226249667	0.0371941537	-0.0040273504	0.0252416249	0.0035424811	0.0095522117	-0.0319555763	0.00943444	0.0426402112	-0.0100184172	-0.0399124476	-0.0321137773	0.0223492232	-0.0141812331	0.008888838	0.0422177043	0.0238984326	0.007962266	0.0456703686	0.00530217	-0.0352091107	-0.0294679722	0.0560289821	0.0577726035	0.0319688526	0.0804324973	-0.0076453752	0.0323499728	0.0009247627	-0.0094214369	-0.0181720338	0.0351591549	0.058446347	0.0380058148	-0.0080913738	-0.0464075668	0.0120939641	0.0469367499	-0.0294546309	0.0200795142	0.0234735297	-0.0047112053	0.0014541828	0.0498064796	0.0369696359	-0.0090876566	0.0139516462	0.0249277624	0.0137499664	-0.0718961505	0.0112889755	0.0187205367	-0.0631261199	-0.0096361755	0.019162396	-0.0498081485	0.0266746728	-0.0021078554	0.0194535995	0.0011654062	-0.0132239024	-0.0146028529	-0.0315905879	-0.0696579685	0.0368097568	-0.0308786365	0.0100127423	-0.0083180313	0.0427406544	0.0342125576	0.0291580776	0.0517957822	0.0192457033	0.0179142478	-0.0242795324	0.0340233386	-0.0631639265	-0.0440638384	-0.0445911199	-0.0625243634	-0.0636017909	0.0506535757	-0.0615801453	-0.0219384938	0.0229925484	-0.0550506081	-0.0153642024	-0.0723658062	-0.0199417024	-0.0497693501	-0.0427220873	-0.0361952812	-0.0030628368	-0.0127401525	0.0098245115	0.0403060988	0.0273391999	0.0196110101	0.0298638911	0.0235501785	-0.0200163023	-0.0318377551	-0.0081064923	-0.039726351	0.0073774893	0.0401989619	0.0328239381	0.0190044529	0.0233048432	-0.009890174	-0.0446319725	0.0211717556	0.0041146709	0.0460456737	0.0076790071	-0.0337250579	-0.0317329691	0.0591683884	0.0571788469	0.0359949986	-0.0807905517	-0.0099611144	0.0216844471	0.0019157817	0.0224295201	0.0193859333	0.0627850444	0.0275433001	-0.040459873	0.0169424527	0.04614016	0.0019197132	-0.0326077671	0.0236228118	-0.027764243	-0.0018208323	0.0008535363	0.0077627958	-0.0355504588	-0.0522497044	0.0103556612	-0.0017982405	0.0228737932	0.0083816826	0.0752181551	0.0109800879	-0.014872126	0.0551662602	0.0111824858	-0.0208438944	0.0535334515	-0.0069614591	0.0219676051	0.0191459874	-0.0201804652	0.0136620734	-0.0074473612	-0.0244953062	-0.0655227739	0.0610244148	-0.0070195254	-0.0190508513	-0.0318885793	0.0088933986	0.0352834159	0.0103634921	0.0641216187	0.0348170447	0.0206052722	-0.0287143122	0.0180719956	0.0337983763	-0.0703460138	-0.0214347747	0.002674505	-0.0979161194	-0.0217132267	-0.0554358274	0.0148456232	-0.0006558151	-0.0631685272	-0.0235961071	-0.0349557688	0.0879944663	0.0041256668	0.037101042	0.0002541502	0.0332352957	-0.0280825148	-0.0263242959	0.0216849293	0.0059825793	0.0287443081	-0.0349811405	-0.007345257	-0.0318943252	0.0290075264	-0.0136764721	0.0417227855	0.0225714877	0.0123346384	-0.0310223755	-0.0401136223	-0.0257930811	0.0581769606	0.0496849924	0.0446467429	0.0211803604	-0.0328789888	0.006412505	-0.0037180753	0.0185180304	-0.0395423313	-0.0006715333	-0.0314308743	-0.0206114612	-0.000499582	-0.0727512679	-0.0150668541	-0.0051974348	0.0423826078	0.0472535125	0.0422237789	0.0342336544	0.0238433419	0.0117813266	-0.0011067004	-0.0139171345	-0.0257518113	-0.0357809787	-0.0433014723	-0.0477860158	-0.048920189	-0.046624473	-0.0410598248	-0.0326163926	-0.021886162	-0.0096214501	0.0033178403	0.0160245105	0.0276076712	0.0372552045	0.0442907033	0.048220895	0.0487702262	0.0459001824	0.0011068	-0.0103697	0.00010753067809	1.22500624e-06	-0.17043	-0.020077	0.0290463849	0.000403085929	-0.0362088	0.0070701	4.998631401000004e-05	0.00131107719744	-0.00102774	-0.0003049840000001	1.0562495076e-06	9.301524025606105e-08	0.00300958	-0.0002974	9.0575717764e-06	8.844676000000012e-08	0.000123056	0.0002096052999999	1.5142779135999998e-08	4.393438178808998e-08	0.0	0.0	0.0	0.0	0.0	0.0	0.0	0.0	0.0	0.0	0.0	0.0	0.0	0.0	0.0	0.0	0.0	0.0	0.0	0.0	0.0	0.0	0.0	0.0	0.0	0.0	0.0	0.0	0.0	0.0	0.0	0.0	0.0	0.0	0.0	0.0	0.0	0.0	0.0	0.0	0.0	0.0	0.0	0.0	0.0	0.0	0.0	0.0	0.0	0.0	0.0	0.0	0.0	0.0	0.0	0.0	0.0	0.0	0.0	0.0	0.0	0.0	0.0	0.0	0.0	0.0	0.0	0.0	0.0	0.0	0.0	0.0	0.0	0.0	0.0	0.0	0.0	0.0	0.0	0.0	0.0	0.0	0.0	0.0	0.0	0.0	0.0	0.0	0.0	0.0	0.0	0.0	0.0	0.0	0.0	0.0	0.0	0.0	0.0	0.0	0.0	0.0	0.0	0.0	0.0	0.0
52927.699977577264	-15.1515604414235	2801341424.9164324	229.56978381010944	64934.50347167969	499.2298652343743	4216489741.113581	249230.45834193152	53437.980265693	-158.05675395914295	2855617734.876594	24981.93747210105	53550.75665753597	43361.86742054333	1.614191	36.97929	0.04733193	0.0201609	0.0545831641	-0.0118406749	0.0013291417	-0.1843689322	0.0552774723	-0.0337412474	-0.0457009938	0.0150182086	0.0162552814	0.0428506433	0.0030938598	0.0300163846	0.053417465	-0.0136436265	-0.0132348479	-0.0182817685	-0.0468806411	-0.0200989687	0.0200180904	-0.0246629271	0.0702951568	0.0072998565	0.0485903016	-0.0116026835	0.0123796321	0.0324453703	0.0146633557	0.0669410883	-0.0010416756	0.0272326	-0.0278106371	0.0232976393	0.02418159	-0.0386458123	0.0308604881	0.0357875348	0.0518937211	0.0386865713	-0.0740620821	-0.0199944921	-0.0675389941	0.0368840743	-0.0182151934	-0.0141890255	0.0209357028	-0.0016649588	-0.0263012854	-0.0469322098	3.0236e-06	-0.0364637886	0.0095232182	-0.0211593646	0.0670101838	-0.0241617591	-3.89408e-05	-0.0159010057	0.0188080706	0.0240965071	0.0069890646	0.0192816239	0.0160386357	0.0406472432	-0.0426306001	0.008701286	-0.0533927975	0.0284519548	-0.0061743818	0.1237899005	0.0046307595	0.0712317874	-0.0057567886	-0.0315001802	0.0405223617	0.0315838911	-0.0314890337	-0.0315558677	0.0344429531	-0.0283214748	0.0004384253	0.0368512826	0.0215070652	-0.0489723557	-0.0617872418	0.0125184288	-0.0273186631	0.0597269639	-0.0184875681	-0.0166162884	-0.0579699972	0.0107119862	-0.0162841224	-0.0521158149	-0.0410637739	-0.0009189927	0.0234783142	-0.0130665296	0.0052592768	0.0283121623	-0.008456767	0.0002357729	-0.0277695529	0.0722868083	0.0652402417	-0.024794472	0.0447217733	0.0147759721	-0.0470522961	0.0443564798	-0.0809733071	0.0796063452	0.0088972164	0.0203539119	-0.0209031495	-0.0233407293	0.0255093355	-0.0687314235	-0.0096746531	-0.0467859286	-0.0004198208	-0.0160047342	-0.0363908783	-0.0158741632	0.0632933019	0.0068214352	0.0249703141	-0.0403048642	0.0215795307	0.0190447095	-0.0363345413	0.0366969658	0.0368737725	-0.0507104621	0.0300683531	-0.074663905	0.0138143243	0.0558247835	-0.0456506301	-0.0381820965	-0.0092977362	-0.015894741	0.0147732617	0.0010302271	0.0444956677	0.0119489446	0.0383679455	-0.0201514325	-0.0151469943	-0.054780652	-0.004935345	-0.0302044061	0.0506422059	-0.0130147882	-0.0229646956	0.0116155824	-0.0185558114	0.0021632977	0.0015384539	0.0600725719	0.0210164748	-0.0433702692	-0.0274601479	0.0371562784	-0.0981206643	0.0239564652	0.0927625767	-0.0043833614	0.0282572259	0.0134751561	0.0313547757	-0.0408595675	-0.0452877468	0.0079444521	0.0637771877	-0.0221879673	0.0367437491	-0.0165082104	-0.0511719398	-0.0523328123	-0.0022326563	-0.0294222408	0.0402033507	0.0002437479	0.0423450495	-0.0490302698	0.0330749697	-0.0410088546	-0.0344302414	-0.0317379103	0.0403491106	-0.0269758404	-0.0348202715	0.0104168431	7.8678e-05	0.0411080536	0.0164255508	-0.0127697272	-0.0685161424	-0.021323534	-0.0473338367	0.0346323254	-0.0088410615	-0.0085783484	-0.1204654213	-0.0083679359	-0.0326578997	0.0335111689	0.0049799774	-0.0346163551	-0.0111115187	0.0424838975	0.0211515194	0.0135481079	-0.0287038398	-0.0607566938	0.0050814606	0.0427283264	0.0607870179	0.0172438684	0.0103375584	-0.0363055579	0.0175330396	0.0576174018	0.0350889093	0.0245791669	0.0059558299	-0.0185038227	-0.030872861	-0.0107155713	-0.0553433964	-0.0176207482	0.0153328815	0.0261818654	0.0472047632	0.0420357148	0.0338357689	0.0231961654	0.0108840509	-0.0022128355	-0.01515017	-0.0269951331	-0.0368936684	-0.0441320627	-0.0481884067	-0.0487702262	-0.0458355703	-0.0395960362	-0.0305015125	-0.0192077409	-0.0065290352	0.006620433	0.0192925486	0.0305736153	0.0396502352	0.0458679577	0.0487784667	0.0481719062	0.0440920108	-0.00422698	-0.00533378	2.84492090884e-05	1.78673599204e-05	-0.17563	-0.0052	0.0308458969	2.7040000000000107e-05	-0.0241489	0.0120598999999999	0.0001454411880099	0.00058316937121	-0.000810403	0.000217337	6.56753022409e-07	4.7235371569000035e-08	0.00322716	0.00021758	1.04145616656e-05	4.734105640000009e-08	0.000182904	5.9848000000000014e-05	3.3453873216000005e-08	3.581783104000001e-09	0.0	0.0	0.0	0.0	0.0	0.0	0.0	0.0	0.0	0.0	0.0	0.0	0.0	0.0	0.0	0.0	0.0	0.0	0.0	0.0	0.0	0.0	0.0	0.0	0.0	0.0	0.0	0.0	0.0	0.0	0.0	0.0	0.0	0.0	0.0	0.0	0.0	0.0	0.0	0.0	0.0	0.0	1.0	0.0	0.0	0.0	0.0	0.0	0.0	0.0	0.0	0.0	0.0	0.0	0.0	0.0	0.0	0.0	0.0	0.0	0.0	0.0	0.0	0.0	0.0	0.0	0.0	0.0	0.0	0.0	0.0	0.0	0.0	0.0	0.0	0.0	0.0	0.0	0.0	0.0	0.0	0.0	0.0	0.0	0.0	0.0	0.0	0.0	0.0	0.0	0.0	0.0	0.0	0.0	0.0	0.0	0.0	0.0	0.0	0.0	0.0	0.0	0.0	0.0	0.0	0.0
52928.35148325593	0.6515056786665809	2801410390.73508	0.4244596493348022	64787.77427539063	-146.72919628905947	4197455695.558968	21529.457043633345	53505.605930586615	67.6256648936178	2862849865.9992256	4573.23055230389	53604.65677498365	45758.99094269988	1.655561	37.927036	0.12319715	0.0592553	0.0234379768	-0.0057710672	-0.0216420389	-0.0999153151	0.0670399024	0.040363415	-0.048933782	-0.042610165	0.0097885182	-0.0293783088	0.04856347	5.6264e-05	-0.0147904827	0.0135387016	-0.0352669652	0.0199980519	0.0120270113	-0.0025119812	-0.015010016	0.0200206015	-0.0404702553	0.01636477	-0.0207324321	0.0390486051	0.0391498667	0.0409077743	0.0405498257	-0.0242319225	0.0945267493	-0.0088421529	-0.0508841904	0.0279910557	-0.0261473291	0.0210329719	-0.0167459836	0.0112856151	-0.0040993965	-0.0110563852	-0.0150515945	0.00965401	-0.0200231567	0.0224325554	-0.0135703337	0.0135788487	0.0392723134	-0.0324239176	-0.0090434951	0.0388624347	-0.0085449422	-0.049623566	-0.0713765852	0.0656664211	0.0526280295	-0.0146329508	0.0108658109	0.0036262485	0.0117510906	0.0162669697	-0.004773218	-0.1247495184	-0.0982457726	-0.0717671446	0.0561804987	0.006698905	-0.0119502813	-0.0435229043	0.0520155516	-0.0118355378	0.0642346144	-0.0082017691	-0.0129709453	0.0090623849	0.0428931888	0.0108576806	-0.0149576801	0.022217223	0.0095929948	-0.0170532082	0.0646658112	-0.0104429594	-0.0236807196	-0.0126082093	-0.0431666274	-0.0523070382	0.0487561777	0.0420127495	0.0269266066	0.0006020755	-0.0097797891	0.0325175498	-0.0325841642	-0.02291806	-0.0357925028	0.045114079	-0.0246679039	0.0135016865	-0.0115187685	-0.0166525753	-0.0027426315	0.0471370238	-0.0481312919	-0.0155135792	-0.0381370966	-0.041935127	-0.0568044742	0.004246705	-0.0447210954	-0.0260830845	-0.0852472881	-0.0624708387	-0.0643544677	0.0633065238	-0.0018416064	0.0160270347	-0.0185170587	0.0385473971	-0.0139479122	0.0324574395	0.050808255	-0.0284735422	-0.0371276281	-0.0447290009	-0.0409146231	0.0828593997	-0.0061077822	-0.049084266	0.008034836	-0.0156985765	0.0217044875	-0.0212673601	0.0100824699	0.0043245056	-0.0131209133	-0.006774489	-0.0026360482	0.0128858704	-0.0229902684	-0.0095496348	-0.0149180836	-0.0281244835	0.0423106145	0.0302202812	-0.0561440033	0.0062798157	0.0471548797	0.0254311971	-0.100143988	0.0084293701	-0.0026433622	-0.021764842	0.0077104677	-0.00609843	-0.0216435525	-0.0024842686	0.1397440712	0.0488657839	0.0153363667	-0.096143483	-0.0207243402	-0.0111592802	0.0513251199	-0.0293017067	-0.033352853	-0.0726852478	-0.0102542405	0.0001338316	-0.0185695563	0.0347158732	0.0312835949	-0.0212028892	0.0108133367	0.0130387407	0.0271725085	0.0666056479	0.024649027	0.0032856841	0.0037698504	-0.0378297929	-0.0382485452	0.0567989156	0.0275754057	0.0400719792	0.0096218676	-0.0149811257	0.0034043461	-0.0456333508	-0.0003193526	0.0242421912	0.0506339941	0.0303423556	-0.0009845368	-0.0190898011	0.0246121916	0.0043459584	0.0367524898	-0.0482785281	0.0123635891	0.0256061777	0.0308872149	-0.0695438578	-0.0265963737	-0.0212165128	-0.0357221431	-0.0358063377	0.0844428676	0.0594686498	0.082977505	0.0806624816	-0.0141369665	0.0121401461	0.0086735132	-0.0038618469	-0.0263282107	-0.046501797	-0.0067124073	0.0729819878	0.0056363144	0.0593954052	0.0474987071	-0.0351232135	-0.0065227983	-0.0301264409	0.0206231125	0.0133369462	-0.0153980059	-0.0338243422	-0.0234977611	0.0217329314	-0.0371335871	0.021761811	-0.0060454597	0.0326056679	0.0471553442	0.0418452649	0.0334335625	0.0225437227	0.0099829142	-0.0033178403	-0.0163726724	-0.0282139416	-0.0379639583	-0.0449000392	-0.0485080733	-0.0485206286	-0.0449367745	-0.0380221508	-0.0282892778	-0.0164595684	-0.0034098553	0.0098926005	0.0224618045	0.0333661115	0.0417972809	0.0471303837	0.0489701238	0.0471801374	0.0418931005	0.00520477	0.00943175	8.895790806249999e-05	2.70896307529e-05	-0.202595	-0.0269649999999999	0.041044734025	0.0007271112249999	-0.0165522	0.0075967	5.770985089000002e-05	0.00027397532484	-0.00123225	-0.000421847	1.5184400625000002e-06	1.7795489140900006e-07	0.00237196	-0.0008552	5.626194241600001e-06	7.3136704e-07	-0.000124123	-0.0003070269999999	1.5406519128999997e-08	9.426557872900001e-08	0.0	0.0	0.0	0.0	0.0	0.0	0.0	0.0	0.0	0.0	0.0	0.0	0.0	0.0	0.0	0.0	0.0	0.0	0.0	0.0	0.0	0.0	0.0	0.0	0.0	0.0	0.0	0.0	0.0	0.0	0.0	0.0	0.0	0.0	0.0	0.0	0.0	0.0	0.0	0.0	0.0	0.0	0.0	1.0	0.0	0.0	0.0	0.0	0.0	0.0	0.0	0.0	0.0	0.0	0.0	0.0	0.0	0.0	0.0	0.0	0.0	0.0	0.0	0.0	0.0	0.0	0.0	0.0	0.0	0.0	0.0	0.0	0.0	0.0	0.0	0.0	0.0	0.0	0.0	0.0	0.0	0.0	0.0	0.0	0.0	0.0	0.0	0.0	0.0	0.0	0.0	0.0	0.0	0.0	0.0	0.0	0.0	0.0	0.0	0.0	0.0	0.0	0.0	0.0	0.0	0.0
53086.712404602105	158.36092134617502	2818199033.928935	25078.18140960943	64685.28121191407	-102.49306347655512	4184185605.464404	10504.828060809155	53651.70691697141	146.10098638479394	2878505655.1045976	21345.498222609745	53748.9894845311	50842.26133129566	2.113354	48.414566	0.1193454699999999	0.0612882	-0.0106990842	0.0458373812	-0.0483806764	0.1092140543	-0.0052547326	-0.0699095996	-0.0472420922	0.0074448684	0.0019984471	0.0234147383	-0.0033262623	0.0437910472	-0.0069824066	-0.0046540524	0.0288730126	0.009784822	0.0191824963	-0.0011356047	0.0291185898	-0.0101770365	0.0187073275	-0.0037244275	-0.0356999874	-0.0001574337	-0.0145819852	-0.0408131491	-0.0069235545	0.0059809982	-0.0402639512	0.0034420858	-0.0054048701	-0.0324160741	0.0180630032	-0.0350808175	-0.0542115659	0.0543298277	0.0324142551	-0.0149968214	-0.0198497837	0.0356117885	0.0395849406	0.0298777924	0.0001964213	-0.0127940569	-0.0084349683	0.027907256	-0.0115537427	-0.0446790015	-0.0049411975	0.0342008298	0.0147097555	-0.0030104623	-0.058398323	-0.0026111671	0.0468107716	-0.0126908998	-0.0139302442	-0.0363662322	-0.0079687496	0.0069856295	0.0405794144	-0.0612499541	0.059287655	0.0820094937	0.0132482846	0.0464198451	0.0400722135	-0.0142254482	0.0303438536	0.0094673762	0.0071280243	-0.006555392	0.0051321823	0.0077697874	0.0291561807	0.0748389928	0.0141293575	-0.0147403091	-0.0085332824	-0.0229356105	0.0388930751	0.0082186864	-0.0104132271	-0.0111596619	-0.0536881078	-0.060898071	-0.0266170499	-0.0186811963	0.0460493398	-0.0362786941	0.0150587411	0.0222502493	-0.0036288532	0.0744274584	0.0299859534	0.0155595437	-0.01692926	0.0530289739	0.0257841297	0.047691056	0.0127953741	-0.0632155394	-0.0283329582	-0.0358843311	0.0071604077	-0.0537758037	0.0050601935	0.0397307311	0.0178033304	-0.0026805258	-0.0452998586	-0.0194778264	-0.0020952135	-0.0291556468	0.0105771405	-0.0175986523	0.0025811807	0.0356769999	-0.0088976956	0.0164419399	0.0414322957	0.0054172795	0.0142602644	-0.037171832	0.0014279217	-0.0057830568	-0.0307668963	0.0103590016	-0.0422235097	-0.0492982634	0.0566878934	-0.0240331142	-0.0192063379	-0.0183113514	-0.052070204	-0.0404710236	-0.0285918308	-0.0050254499	0.0058100149	-0.0061532341	-0.0316125282	-0.0066795839	0.0599423308	0.0092835934	-0.0264848942	0.0110551323	0.0494060752	0.0391057971	-0.001360979	-0.0247694706	-0.0331623352	0.0340218044	0.0156637499	-0.0095983007	-0.0231364465	-0.0537482605	-0.0126473192	-0.0820983812	-0.0794431993	-0.0183603608	-0.0445919607	-0.0415107545	-0.003264574	-0.0398644265	0.0101022891	-0.0026419883	0.0122548482	0.0011613088	0.0227698851	0.0304334198	0.0550310971	0.0322377849	0.0174050455	0.0094534516	-0.0279416932	0.0173058585	-0.022552258	0.0030421539	-0.028603522	-0.041643421	-0.0570716732	-0.0497460938	0.0109600069	0.0239038089	-0.0340165922	0.0472514666	0.013592704	0.0605817398	0.0426003631	-0.0405659145	0.0091592725	-0.0200599872	-0.0422270059	0.0371528137	-0.028342786	-0.0414022086	0.0465954184	0.0710341913	0.0049685111	-0.0168688828	0.0495624677	0.0091747787	-0.0119732002	0.0237253016	-0.0060140168	-0.0251679211	0.019868507	0.0269512789	-0.0099567592	0.0103662655	0.0093046783	0.0030734564	-0.0126764317	0.0154657736	-0.0012927559	0.0514488547	0.0646647081	0.0266431433	-0.0102660319	-0.0409286463	0.0117748616	0.0159780201	0.0123000356	-0.0168246091	0.0144494768	0.0125984724	-0.026100605	0.0319244629	-0.0249621958	-0.0135589753	-0.0290157771	0.0384779877	0.047105256	0.0416524399	0.0330270864	0.021886162	0.0090782364	-0.0044211503	-0.0175837917	-0.0294071302	-0.0389906186	-0.0456043123	-0.0487444668	-0.0481719062	-0.0439302406	-0.0363425447	-0.0259867497	-0.0136516244	-0.0002766972	0.0131193052	0.0255160508	0.0359693177	0.0436829132	0.0480693164	0.0487944286	0.0458030203	0.0393229378	-0.00480065	-0.01000542	0.0001001084293764	2.30462404225e-05	-0.227702	-0.0251069999999999	0.0518482008039999	0.0006303614489999	-0.0339939	-0.0174417	0.00030421289889	0.00115558523721	-0.00223981	-0.00100756	5.0167488361e-06	1.0151771536e-06	0.0023932	2.1239999999999627e-05	5.727406239999999e-06	4.5113759999998414e-10	0.000182904	0.0003070269999999	3.3453873216000005e-08	9.426557872900001e-08	0.0	0.0	0.0	0.0	0.0	0.0	0.0	0.0	0.0	0.0	0.0	0.0	0.0	0.0	0.0	0.0	0.0	0.0	0.0	0.0	0.0	0.0	0.0	0.0	0.0	0.0	0.0	0.0	0.0	0.0	0.0	0.0	0.0	0.0	0.0	0.0	0.0	0.0	0.0	0.0	0.0	0.0	0.0	0.0	1.0	0.0	0.0	0.0	0.0	0.0	0.0	0.0	0.0	0.0	0.0	0.0	0.0	0.0	0.0	0.0	0.0	0.0	0.0	0.0	0.0	0.0	0.0	0.0	0.0	0.0	0.0	0.0	0.0	0.0	0.0	0.0	0.0	0.0	0.0	0.0	0.0	0.0	0.0	0.0	0.0	0.0	0.0	0.0	0.0	0.0	0.0	0.0	0.0	0.0	0.0	0.0	0.0	0.0	0.0	0.0	0.0	0.0	0.0	0.0	0.0	0.0
52894.394018989246	-192.31838561285983	2797816918.636085	36986.36144473666	64620.04870800781	-65.23250390626345	4175750695.025302	4255.279565880675	53610.742045832325	-40.9648711390837	2874111662.704774	1678.1206674417324	53714.66774760644	48195.58348341112	1.606422	36.801315	0.1054500499999999	0.0546886	0.0120195459	0.0268410552	-0.0380256817	-0.0131103846	0.0436541177	0.0292409772	-0.0393226036	-0.0331576703	0.0171589229	-0.0243922999	0.0288523034	-0.0113539046	0.020843807	0.0002326686	0.0033609979	-0.0214705524	-0.0002368031	-0.0126257518	-0.007287994	0.0218126752	-0.0324126551	-0.0225102799	-0.0007799007	-0.0045491817	0.028536926	0.0672446359	0.0198775738	0.0070885404	0.0449892884	-0.0016200283	-0.0049818821	-0.0466111552	-0.0717853	-0.0001514496	0.0106613998	-0.0019451508	0.0054505998	-0.0500607487	-0.0681975149	-0.0337216295	-0.0147345177	-0.0286010563	-0.0155410117	0.078350421	-0.1173099144	0.0572358504	-0.0035800417	-0.0002579259	-0.0450908666	-0.0048561989	-0.0224471031	-0.0414519617	0.0086659516	0.0373027454	0.0655911017	-0.0092599049	-4.19524e-05	-0.0109008961	-0.0222903804	-0.0315136983	0.0428705377	-0.0595937718	-0.0257201775	0.0772862207	0.0401904666	0.0291083782	0.0017951249	-0.02295876	-0.0292004613	-0.0210104859	0.0223108085	0.002619958	0.004338279	-0.0423072244	-0.0295249957	-0.0128074948	0.0195498401	-0.0128765915	0.0146221688	0.0615579287	-0.0086939917	0.0342300624	-0.0748724313	0.0362393032	0.0323963246	-0.0213359029	0.0341497484	-0.0492930772	0.0461053281	0.0118809087	0.0695242414	0.0074532996	0.018389013	0.0302526642	0.0380966803	-0.0540722243	0.0384640698	-0.0623640147	-0.0247206835	0.0502237387	-0.0419726827	-0.0410677606	-0.0220896029	-0.0072016205	-0.0357094407	-0.0442472208	-0.0114506253	-0.0759582877	0.0620744919	-0.0162538163	-0.0347320848	0.0267419902	-0.0121510244	0.0070900954	-0.0199368822	0.0300008724	0.023225069	0.0066850834	0.0137578286	-0.0312035195	-0.0687863561	-0.0273592437	0.0015242686	0.0457055362	-0.0006615353	0.0095350029	-0.0537434475	-0.0696400909	0.0027019241	0.0108934954	-0.0027140553	-0.0053517657	-0.0408689781	-0.0730613004	0.0406537716	0.0106529265	0.0132567832	0.0710765889	-0.0362462763	0.1006611966	-0.0549927307	-0.0016593883	0.0015883498	0.0718778003	0.0016048795	0.0255851142	0.0219637952	-0.022237936	0.0642882839	-0.043398712	-0.018737061	0.0087728155	0.0055916114	-0.0112150254	0.0275592243	-0.0610229388	0.0210761466	-0.0117684738	-0.0940592405	0.0123504318	-0.023716991	-0.019659075	0.0227432068	0.0153872715	-0.0228383417	-0.0076139458	-0.0057451525	0.0068489891	-0.0413605494	-0.0188931296	-0.0119034829	0.0003224206	0.0390551985	-0.0311932614	0.0569129433	0.0225287904	0.033124247	-0.0551607983	0.0189178663	0.0026692771	-0.0418382509	0.0478780547	0.0611779751	0.0321988713	-0.0001059793	0.0786532339	0.0221315809	0.0215781244	0.0187293606	-0.0155365428	-0.0089815251	0.0798124823	0.0213888527	-0.0377848113	0.0487066865	-0.0239869588	0.033671534	0.0447605264	0.0142499199	-0.0554960466	0.039972088	-0.0401484289	0.0731250924	-0.0494121767	-0.0117611579	-0.0248165256	0.0412616047	0.0264327285	-0.0097164514	0.0286278405	0.0062154871	0.0045315446	-0.0199630597	-0.0330913122	0.0181399009	0.0515095623	0.0384067763	0.0307331265	0.0537264146	-0.016268592	-0.0293369025	0.0114449243	0.0147361522	0.0096139448	0.0401655421	-0.0270061242	-0.0299506037	0.0194293965	-0.0314947134	-0.0364149456	0.0109197295	0.010387304	0.0470544995	0.0414572508	0.0326163926	0.0212236325	0.0081703383	-0.005522202	-0.018782686	-0.0305736153	-0.0399724692	-0.0462438827	-0.0488971813	-0.0477247713	-0.0428183818	-0.0345618882	-0.0236012772	-0.0107941057	0.0028575952	0.0162857183	0.028439649	0.0383684655	0.0452953387	0.048678311	0.048252699	0.0440518025	0.0364042993	-0.0151045	-0.01030385	0.0001061693248225	0.00022814592025	-0.210594	0.0171079999999999	0.044349832836	0.0002926836639999	-0.0339265	6.740000000000218e-05	4.542760000000294e-09	0.00115100740225	-0.0016422	0.00059761	2.6968208399999995e-06	3.5713771210000017e-07	0.00270893	0.00031573	7.3383017449e-06	9.968543290000013e-08	-0.000463172	-0.000646076	2.1452830158400003e-07	4.17414197776e-07	0.0	0.0	0.0	0.0	0.0	0.0	0.0	0.0	0.0	0.0	0.0	0.0	0.0	0.0	0.0	0.0	0.0	0.0	0.0	0.0	0.0	0.0	0.0	0.0	0.0	0.0	0.0	0.0	0.0	0.0	0.0	0.0	0.0	0.0	0.0	0.0	0.0	0.0	0.0	0.0	0.0	0.0	0.0	0.0	0.0	1.0	0.0	0.0	0.0	0.0	0.0	0.0	0.0	0.0	0.0	0.0	0.0	0.0	0.0	0.0	0.0	0.0	0.0	0.0	0.0	0.0	0.0	0.0	0.0	0.0	0.0	0.0	0.0	0.0	0.0	0.0	0.0	0.0	0.0	0.0	0.0	0.0	0.0	0.0	0.0	0.0	0.0	0.0	0.0	0.0	0.0	0.0	0.0	0.0	0.0	0.0	0.0	0.0	0.0	0.0	0.0	0.0	0.0	0.0	0.0	0.0
52949.12752223831	54.733503249066416	2803610105.366255	2995.756377915564	64322.63136425781	-297.4173437499994	4137400905.6222014	88457.07636330531	53597.30782968901	-13.434216143316007	2872671406.5904427	180.4781633853324	53696.98653347258	48725.330125684864	1.180055	27.033718	0.0740419499999999	0.0402458	0.0103223503	0.037971519	-0.0410689879	-0.0091092899	0.0279228565	0.0187508691	-0.0215325962	0.0163434925	-0.0101770448	0.0308005975	0.0214982227	0.0312700856	-0.0055410784	-0.0045324815	0.0192578975	-0.0043012203	0.0303872141	-0.0125503973	8.44946e-05	-0.0248241448	0.0216951647	-0.0062185795	-0.042756218	-0.0176672789	-0.0017763873	-0.0460325751	0.0393235065	-0.0090908151	-0.0099352671	0.0102739443	0.0673276335	-0.053404766	0.0108381853	0.0309343747	0.0334008679	0.0470999293	-0.0036329917	0.0082643032	0.0414464342	-0.0033046312	0.0685072135	0.000571139	-0.014022319	-0.0208971287	-0.0072986698	-0.0154309889	-0.0032465891	-0.0117315805	-0.0360486661	0.0504613944	-0.0631058035	0.004290318	-0.0183422775	-0.0162610583	0.0071946856	0.0644717066	0.0640990275	0.0121515057	-0.0419388496	-0.0276990046	0.0449207851	-0.0688505314	0.0280265842	0.0260879149	-0.036025243	0.0290774221	-0.0302603536	0.067881281	0.0051641423	-0.0285225512	0.0606786873	0.034753155	-0.0223551191	-0.0590985958	0.0025627172	0.0365052524	0.0311464607	-0.035581335	0.0143394459	0.0164220737	0.0014926525	-0.0514641053	0.0581813188	0.0583674107	-0.007322456	-0.0022298498	-0.0083787168	-0.0143359791	-0.0171727432	0.0521722118	0.0365752985	-0.0158527929	0.0246953524	-0.0042249708	0.0099110119	0.0213551808	0.0149710065	0.0060076822	0.0534352402	0.016985838	0.0160531424	-0.0054024992	-0.0682938924	-0.0258511388	-0.0158727425	-0.0173081424	0.0507294603	0.0010124408	-0.0818404016	0.0593019299	0.0701632762	0.0095421128	-0.0113487977	-0.001192278	0.0278423237	-0.0215081662	0.0056569261	0.038231474	-0.019023215	0.0010264418	0.0463067038	-0.0350933489	-0.0053000147	-0.0201848388	0.0225529219	0.0767776718	-0.0386311586	0.0162715842	0.0296255846	0.032245489	0.0424058477	0.0034532952	0.0102917295	0.0451701554	-0.0038860877	-0.0697075803	0.0038967693	-0.0154262819	-0.0096672562	0.0022941866	0.0044335788	-0.002917749	0.0229801552	0.0164945792	-0.0466216816	0.0688478634	-0.0080316374	0.0340131298	0.0095530443	-0.0145691698	-0.0245087815	-0.079442196	-0.0720263006	-0.0175135634	0.0089707619	-0.0602318639	0.0240177472	-0.0586833767	-0.0228834504	-0.0353095718	-0.0279827722	0.0562171289	-0.0565027367	0.0016181966	-0.0193603262	-0.0427979605	-0.0190607441	-0.0294218151	-0.050449719	0.0143198832	0.0364820704	0.0262780253	0.0444867828	0.0158703096	0.0276547492	-0.0425015191	-0.0246283939	0.0628106753	0.0561593188	-0.0278189228	0.0088131444	0.0033589383	0.047017771	0.0233671469	0.0459156851	0.015995761	0.0072091039	-0.0067535113	-0.006264171	-0.0073994679	0.0358968161	-0.0094768641	0.0225541452	0.0089994989	-0.0513027825	-0.0062972858	0.0062093543	0.0390919892	0.0633173719	-0.0160004963	-0.0013670686	0.0783397176	-0.0433507894	-0.039350256	-0.020541465	0.0591869507	-0.060717118	-0.0127101256	-0.0095286463	0.0328021526	0.0082845521	0.0146911788	-0.0188337646	-0.0089124462	-0.0210022275	0.0446285323	0.0572346401	0.0256238135	-0.0167253838	-0.0226612796	-0.0385890965	0.0331460273	0.0257097876	0.0090305632	0.0232696721	-0.0326051142	0.0010671839	0.0464249247	-0.0389167355	-0.0052470037	-0.0247196251	0.0419980537	0.0470030752	0.0412597087	0.0322015336	0.0205562846	0.0072595419	-0.006620433	-0.0199685217	-0.0317123377	-0.0409083818	-0.046817843	-0.0489659547	-0.0471801374	-0.0416038638	-0.0326851323	-0.0211404744	-0.007897389	0.0059801733	0.019377288	0.0312176297	0.0405499443	0.046624473	0.0489531875	0.0473489988	0.0419407874	0.0331630496	-0.0206897	-0.0055851999999999	3.119445903999998e-05	0.0004280636860899	-0.219522	-0.0089279999999999	0.0481899084839999	7.970918399999985e-05	-0.0518518	-0.0179253	0.00032131638009	0.00268860916324	-0.00107934	0.0005628599999999	1.1649748356e-06	3.168113795999999e-07	0.00271266	3.729999999999966e-06	7.3585242756e-06	1.3912899999999749e-11	-0.000197693	0.000265479	3.9082522249000006e-08	7.0479099441e-08	0.0	0.0	0.0	0.0	0.0	0.0	0.0	0.0	0.0	0.0	0.0	0.0	0.0	0.0	0.0	0.0	0.0	0.0	0.0	0.0	0.0	0.0	0.0	0.0	0.0	0.0	0.0	0.0	0.0	0.0	0.0	0.0	0.0	0.0	0.0	0.0	0.0	0.0	0.0	0.0	0.0	0.0	0.0	0.0	0.0	0.0	0.0	0.0	0.0	0.0	0.0	0.0	0.0	0.0	0.0	0.0	0.0	0.0	0.0	0.0	0.0	0.0	0.0	0.0	0.0	0.0	0.0	0.0	0.0	0.0	0.0	0.0	0.0	0.0	0.0	0.0	0.0	0.0	0.0	0.0	0.0	0.0	0.0	0.0	0.0	0.0	0.0	0.0	0.0	0.0	0.0	0.0	0.0	0.0	0.0	0.0	0.0	0.0	0.0	0.0	0.0	0.0	0.0	0.0	0.0	0.0
52971.00236585614	21.874843617828446	2805927091.643537	478.50878330444993	64752.46526269531	429.83389843750047	4192881757.596563	184757.18024597943	53551.76886068968	-45.5389689993317	2867791948.1087327	2073.7976975220936	53652.26267579984	47089.10262340199	1.59811	36.610901	0.113868	0.0671894	0.0301553558	-0.0059334229	-0.0116136483	-0.0628866112	0.054658607	0.0626122866	-0.0353298251	-0.0187659363	0.0169579617	-0.0273501637	0.0308484959	-0.0217468824	0.022987914	0.0143348218	0.0149260746	-0.012858465	0.0033073981	-0.0200881972	0.0006084094	0.0210404173	-0.01648284	0.0023530281	-0.0130031828	0.0268468311	0.0207154167	0.0892474897	0.0092282686	-0.026301099	0.0049717777	-0.0407058352	-0.0182780196	-0.0169385213	-0.0470845807	-0.0442823352	-0.000696889	-0.0232770808	-0.0081821619	0.0289391857	0.0133008569	0.016145131	-0.0276180473	0.0047669402	-0.0264186103	0.0177018391	-0.0036877558	0.0211215616	0.033593406	0.0317014446	-0.025333683	-0.0106500721	-0.0385760072	0.0092796135	0.0767440682	0.000819444	-0.0256509046	-0.0158552681	0.0504977809	0.0032828714	0.0433923543	-0.0533088379	0.0224185553	0.0918689372	0.0378790565	-0.0446685054	0.0057686401	-0.0172176511	-0.0143222663	0.0513817181	-0.005943584	0.0590350819	0.0056855405	0.0004555064	-0.0147779997	-0.0075007972	-0.0376225066	-0.0372668917	0.0022087525	0.030715482	0.0194609468	0.0414175979	0.0039758517	-0.0058707095	0.0348016559	0.0258393101	0.0580190496	0.0359420187	-0.0261202459	0.0553574273	-0.0116865096	0.0499008172	0.0316260624	-0.0120896986	-0.0472048905	0.0199000629	0.0155669334	0.0615199811	-0.0371132727	0.0008049719	0.0023590141	-0.00718657	0.0553849274	-0.027993563	0.0028442977	0.0091011055	0.0049228588	0.0465358909	-0.027403724	0.0608894157	-0.0484731994	0.0141985797	0.0264752569	0.0081752454	-0.0193615147	0.0012221048	-0.0192496585	0.016999956	-0.000451495	0.0199522484	0.0342016577	-0.0109977992	-0.0888490213	-0.0091672465	-0.0264407382	0.0015935424	-0.0419473697	-0.0104736912	-0.0239165991	-0.0379117252	-0.0405484571	0.0006055715	-0.028676588	0.0042608064	0.0247414527	0.0184029011	-0.0084945781	0.0273458146	-0.0056535795	-0.0017553929	-0.029601833	0.0102017059	-0.0029569822	-0.0199752545	-0.0441769792	0.0315481784	0.0001566124	0.0090496462	-0.0686285048	-0.0407291124	0.0050200069	0.0057661315	0.0523115354	0.0074175387	-0.0435305433	0.0402778708	0.0247474283	-0.02198138	-0.0662059505	-6.44413e-05	0.0896872227	0.0224666518	0.0234735172	0.0159419082	-0.023238773	0.0178262095	0.0672544854	-0.0120005918	0.0060487076	-0.0283421195	-0.0080902149	-0.0284759012	-0.0267066273	-0.0096272809	-0.007789228	-0.0283115134	0.058098697	0.0115736761	-0.0056005772	0.012395514	0.0449450502	0.0458876662	0.0548897587	0.0082927701	-0.0219206247	0.0554983721	0.0542454633	-0.0182223081	0.0374879167	-0.0132160475	0.0551889887	-0.0254404784	0.0398288289	-0.0734890433	-0.0063469067	-0.020664423	-0.0308725577	-0.0005246334	0.0322568153	-0.0208172592	-0.01230157	0.0083901062	-0.0383607335	-0.0015914475	-0.0675896666	0.040344103	-0.0123375769	0.0325185766	-0.023813187	0.0459271148	-0.0049748306	0.014353072	0.004270653	0.0028835902	-0.0150779458	-0.0528965402	0.0336411806	0.0350214055	0.0249356226	0.0236888696	0.0736171895	-0.0363846599	-0.0317414586	0.0186807988	0.0317551002	-0.0058062429	0.0422306091	-0.0032774476	-0.0406792067	0.0094931138	0.0035625372	-0.0599499081	0.009072832	0.0186056256	0.046950984	0.0410598248	0.0317825624	0.0198842699	0.0063461704	-0.0077152822	-0.0211404744	-0.0328222635	-0.0417972809	-0.0473253789	-0.0489506689	-0.0465391172	-0.0402895985	-0.0307174953	-0.0186121956	-0.0049719936	0.0090782364	0.0223798066	0.0338357689	0.0425013783	0.0476620031	0.0488920593	0.0460901072	0.0394872168	0.0296279125	-0.026184	-0.0054943	3.0187332490000007e-05	0.0006856018559999	-0.226281	-0.006759	0.051203090961	4.56840810000002e-05	-0.0167555	0.0350963	0.00123175027369	0.00028074678025	-0.00198848	-0.0009091399999999	3.9540527104e-06	8.265355395999998e-07	0.00285514	0.0001424799999999	8.1518244196e-06	2.030055039999999e-08	-0.000476441	-0.000278748	2.26996026481e-07	7.7700447504e-08	0.0	0.0	0.0	0.0	0.0	0.0	0.0	0.0	0.0	0.0	0.0	0.0	0.0	0.0	0.0	0.0	0.0	0.0	0.0	0.0	0.0	0.0	0.0	0.0	0.0	0.0	0.0	0.0	0.0	0.0	0.0	0.0	0.0	0.0	0.0	0.0	0.0	0.0	0.0	0.0	0.0	0.0	0.0	0.0	0.0	0.0	1.0	0.0	0.0	0.0	0.0	0.0	0.0	0.0	0.0	0.0	0.0	0.0	0.0	0.0	0.0	0.0	0.0	0.0	0.0	0.0	0.0	0.0	0.0	0.0	0.0	0.0	0.0	0.0	0.0	0.0	0.0	0.0	0.0	0.0	0.0	0.0	0.0	0.0	0.0	0.0	0.0	0.0	0.0	0.0	0.0	0.0	0.0	0.0	0.0	0.0	0.0	0.0	0.0	0.0	0.0	0.0	0.0	0.0	0.0	0.0
52989.62018410792	18.617818251776043	2807899847.256017	346.6231564561652	64581.990828125	-170.4744345703075	4170833539.324022	29061.53284206605	53680.78119144402	129.01233075433993	2881626269.32369	16644.181486667203	53784.55417273728	48387.17522860441	1.506391	34.509716	0.1585944	0.0867610999999999	0.0194100804	0.0291339126	-0.0268981306	-0.0507705976	0.0552977591	0.0449858701	-0.0146119046	0.0153774312	-0.023803165	0.0516671642	0.0431724084	0.0361328731	-0.0047195809	0.0046671428	0.0471184512	-0.0012755394	0.0267270351	-0.0455839943	0.0214783764	0.0290087085	0.0454682297	0.0347944803	0.032687998	-0.0138190933	-0.0144122238	0.0307084761	-0.0036439811	-0.0669845922	0.0014683923	-0.0197581715	0.03342349	0.0139814851	0.0603362955	0.0311128277	0.0491809923	0.0465999404	0.0014539722	-0.0136831791	0.0235014356	-0.0173148771	0.0121309061	-0.0109480856	-0.0191369516	-0.0188337884	0.0085127532	-0.0399839167	-0.019847682	0.0043649576	0.0516122343	-0.0142965278	0.018532332	-0.0200807613	-0.026982645	-0.020125637	0.005090554	0.0776739152	-0.0045270741	0.0063666043	-0.0025293716	0.0157581356	-0.0104841399	-0.0244777351	-0.0247621339	0.0085459987	0.0027115813	0.0116307828	-0.012424587	0.0086860408	0.0296509625	-0.0480088182	-0.0284237337	-0.0792029807	-0.0397987844	-0.0258334595	0.0258666454	-0.0721745521	-0.0215184253	-0.0236390993	-0.0573202497	-0.0345373748	-0.0160326254	-0.0250692175	-0.0909222352	0.0455146791	-0.0215351233	-0.0201044379	-0.0302412922	0.029655474	0.0016465036	-0.0191495139	-0.0045116166	-0.0225126675	-0.0246854837	-0.0327917051	-0.0274300416	-0.0365578529	-0.0075919958	-0.025035164	0.0203273962	-0.0440332457	-0.0019539098	-0.0350074521	-0.0280687364	0.0432424124	-0.0023652251	-0.0246116648	-0.0380625882	-0.0572156666	-0.0229503096	0.0261178883	-0.0218795035	0.037046175	-0.0464746346	-0.0204988981	-0.0278625754	-0.0452971654	-0.0356437899	-0.0303280304	-0.0072003904	0.0011358743	-0.0301806367	0.003600193	-0.0670722463	-0.0025528038	-0.0202636742	0.0316489757	0.0228863769	0.0516917455	0.0318064012	0.0493541167	0.0485051448	0.0037982777	-0.0160670567	0.0156095642	0.0162866198	-0.0089799212	0.0091250444	-0.0124029725	-0.0127467081	-0.0150527154	0.0182919267	0.0243172061	0.0131555486	-0.0644257514	0.0073234791	-0.0070569506	0.0330745819	-0.0047508713	-0.0138112882	-0.009276035	-0.0691852974	-0.0578470882	-0.0126008317	0.008580165	-0.0081293433	0.0136319218	0.0212834437	0.0120104749	-0.025488373	0.0102435317	-0.0151983429	0.0271146524	-0.0111305541	-0.0316100439	-0.0245947851	0.0497846449	0.0689120597	0.0107751538	-0.0572533785	0.0194905381	-0.0558046397	-0.0458559344	0.0020471748	-0.0254630157	-0.0617774333	-0.0307599003	-0.0182167982	-0.0923632782	0.0162281202	-0.0316596762	-0.0271809638	-0.0188107745	-0.0243627845	0.0119865579	0.0115148312	-0.0054722611	-0.0324731219	-0.0388327471	-0.0008919839	0.023458989	-0.043641808	-0.0085267273	0.0046608269	-0.0084352783	-0.0049535259	0.0528540087	0.0458747386	-0.0074809341	0.0300912124	0.0011394938	0.0405093511	-0.0261404999	-0.0069596131	-0.0618459064	-0.0223587297	0.0278711872	0.0235359652	0.0741292894	-0.0049638463	0.0389434262	0.0068237258	0.0178656315	-0.0261354973	-0.0030115857	-0.0193779929	0.0579182101	0.0412272692	0.0471141707	-0.014508501	-0.0323667086	-0.0454052944	0.059858844	0.0200049919	0.0199211843	0.0522296885	-0.0206411087	0.0161325108	0.0620005975	-0.0241997305	-0.0078742636	-0.0118126278	0.006658038	0.0468982266	0.0408576104	0.0313595323	0.0192077409	0.0054305477	-0.0088061905	-0.0222977292	-0.0339023846	-0.0426381448	-0.0477657704	-0.0488513503	-0.0458030203	-0.0388787369	-0.0286644484	-0.0160245105	-0.0020285429	0.0121390845	0.0252794756	0.0362806612	0.0442116967	0.04840144	0.0484953459	0.0444854679	0.0367111306	0.0258302158	-0.0266078	-0.0004238	1.7960644000000165e-07	0.00070797502084	-0.179522	0.046759	0.032228148484	0.002186404081	-0.0485012	-0.0317457	0.00100778946849	0.00235236640144	-0.000928533	0.0010599469999999	8.621735320890001e-07	1.1234876428089997e-06	0.00263981	-0.00021533	6.968596836099999e-06	4.636700890000005e-08	-0.0001584	0.0003180409999999	2.509056e-08	1.0115007768100001e-07	0.0	0.0	0.0	0.0	0.0	0.0	0.0	0.0	0.0	0.0	0.0	0.0	0.0	0.0	0.0	0.0	0.0	0.0	0.0	0.0	0.0	0.0	0.0	0.0	0.0	0.0	0.0	0.0	0.0	0.0	0.0	0.0	0.0	0.0	0.0	0.0	0.0	0.0	0.0	0.0	0.0	0.0	0.0	0.0	0.0	0.0	0.0	1.0	0.0	0.0	0.0	0.0	0.0	0.0	0.0	0.0	0.0	0.0	0.0	0.0	0.0	0.0	0.0	0.0	0.0	0.0	0.0	0.0	0.0	0.0	0.0	0.0	0.0	0.0	0.0	0.0	0.0	0.0	0.0	0.0	0.0	0.0	0.0	0.0	0.0	0.0	0.0	0.0	0.0	0.0	0.0	0.0	0.0	0.0	0.0	0.0	0.0	0.0	0.0	0.0	0.0	0.0	0.0	0.0	0.0	0.0
52888.46838632269	-101.15179778522725	2797190088.2510543	10231.686195183504	64521.92219921875	-60.06862890625053	4163078444.2820377	3608.240178676836	53612.44203808783	-68.33915335618804	2874293941.287328	4670.239881440586	53722.14204199126	48743.25595449472	1.761376	40.351128	0.2016859	0.113443	0.0275031319	-0.0115530154	-0.0003236209	0.0069601471	0.0207753749	0.017233465	-0.00115822	-0.0667233643	0.0312165515	-0.0190864359	-0.0052764884	-0.0100452989	0.0290368381	0.0428224039	0.0114764271	0.0087136037	0.00746063	-0.0029982411	-0.0085035766	0.0688586472	-0.0416304105	0.0483458549	-0.0259459927	0.0268096904	-0.0143304409	0.0713121564	0.0219218889	0.0493068884	-0.0535115389	0.0476941382	0.0018292776	0.0389071966	0.0259534982	0.0117288804	-0.0633469846	0.0079536661	0.0679880342	0.0137863452	0.0132289572	0.0181614842	0.003559591	0.0672334228	-0.0479407763	0.0490385419	0.0131601995	-0.0012458792	0.0344272433	0.0153301302	-0.0624700574	0.0110983769	0.0357005515	0.0225843356	0.0052677138	0.0300357298	0.0179497519	-0.0463040258	-0.0103179239	-0.033947048	-0.0091723727	-0.0005968929	-0.0243802015	-0.0056991486	-0.0443488625	-0.0474886354	0.003575762	0.0087242831	-0.0054063084	-0.0174729894	-0.0264345858	0.0188820165	-0.003320816	0.0281424512	0.0147966058	0.0584108488	-0.0357796711	-0.0430950767	0.05248657	-0.0236395333	0.0009833517	0.0129308336	0.0074401832	0.0394786355	0.0254140145	0.0138467396	-0.0035721614	0.0864450865	-0.0465252791	0.0180042249	0.071556326	-0.0118656982	0.0350511209	-0.0191112588	0.0351060926	0.017357647	-0.0279903337	-0.0456929757	-0.0129865384	-0.0526829785	-0.0638083053	-0.0579169368	-0.0172609213	-0.0002947687	0.0221269843	0.0183067786	-0.0490350381	0.0113291427	0.0598707357	0.0467702507	-0.0096792468	0.0189771763	0.0964385639	0.0117938091	-0.0042960453	0.0131997875	-0.0708881855	0.041956356	-0.0451751169	0.0264894444	0.0190732022	0.0273831432	-0.0705446578	-0.0142339214	0.0470850311	-0.0520653968	0.0521587941	-0.0123488869	0.0429418342	0.0221130901	0.0065552816	-0.0634513215	0.0119149745	-0.0692371424	0.009124192	0.0141940553	-0.016138481	-0.0042147845	-0.0710072671	0.0225163302	-0.0458507797	-0.0091346083	0.0269205982	-0.024206249	-0.0306907826	0.0597942098	-0.0150327832	-0.0405409743	-0.0029353791	0.0195470047	0.0215024874	0.0104451348	0.0031832059	0.0516467112	-0.0006342486	-0.0320839894	0.0150143779	0.0169727322	0.0463677864	0.0305822898	0.0136574766	0.0193156423	-0.0101650285	-0.0112586786	0.0185536788	0.0258638558	0.0002070897	-0.0050768355	-0.0229070202	-0.0145359882	0.0534780992	-0.0328368431	-0.0558128958	0.0346134572	0.0210275846	-0.0383558517	0.0016496999	0.0417786075	0.0119685166	0.0086113941	0.0085700415	-0.0139037879	0.1003752104	-0.0102619136	-0.0091121384	0.0735909808	-0.0265932449	0.0339236371	-0.0245392042	0.0081545071	0.0010920017	0.0333810349	-0.0241306678	0.0269188085	-0.0111165626	-0.0604981859	0.0619594525	0.0443061769	-0.0119646572	-0.0265843664	-0.0237615388	-0.0456307549	-0.0202436501	0.0794167158	-0.0017918016	0.0331627837	-0.0375136662	0.0444735285	-0.0888661965	0.0289299678	0.0021438341	-0.0182970427	-0.0051776081	-0.0018124356	0.0062258602	-0.0164110758	0.0618948864	0.010236287	0.0466687641	0.0357350633	0.0666834822	-0.0507685681	-0.0298922526	-0.0148922799	0.008628778	0.0412513795	0.0160394178	0.0052825413	-0.0378113688	0.040303053	-0.014871969	-0.0287062202	0.0060112451	-0.0156052516	0.0468448038	0.040653077	0.0309324975	0.0185268512	0.0045129987	-0.0098926005	-0.0234394817	-0.0349517203	-0.0434300072	-0.0481383925	-0.0486681691	-0.0449733504	-0.0373746616	-0.0265316999	-0.0133856785	0.0009222743	0.01515017	0.0280629691	0.0385397882	0.0456711967	0.0488381591	0.0477657704	0.0425471181	0.0336352026	0.0218036145	-0.0145312	0.0120766	0.00014584426756	0.00021115577344	-0.22648	-0.046958	0.0512931903999999	0.0022050537639999	-0.0114968	0.0370044	0.00136932561936	0.00013217641024	-0.00256802	-0.0016394869999999	6.5947267204e-06	2.687917623169e-06	0.00269797	5.816000000000024e-05	7.2790421209e-06	3.382585600000028e-09	-0.000573691	-0.000415291	3.29121363481e-07	1.72466614681e-07	0.0	0.0	0.0	0.0	0.0	0.0	0.0	0.0	0.0	0.0	0.0	0.0	0.0	0.0	0.0	0.0	0.0	0.0	0.0	0.0	0.0	0.0	0.0	0.0	0.0	0.0	0.0	0.0	0.0	0.0	0.0	0.0	0.0	0.0	0.0	0.0	0.0	0.0	0.0	0.0	0.0	0.0	0.0	0.0	0.0	0.0	0.0	0.0	1.0	0.0	0.0	0.0	0.0	0.0	0.0	0.0	0.0	0.0	0.0	0.0	0.0	0.0	0.0	0.0	0.0	0.0	0.0	0.0	0.0	0.0	0.0	0.0	0.0	0.0	0.0	0.0	0.0	0.0	0.0	0.0	0.0	0.0	0.0	0.0	0.0	0.0	0.0	0.0	0.0	0.0	0.0	0.0	0.0	0.0	0.0	0.0	0.0	0.0	0.0	0.0	0.0	0.0	0.0	0.0	0.0	0.0
52729.80234403764	-158.6660422850473	2780432055.2412777	25174.912974400417	64135.3460234375	-386.5761757812506	4113342609.5460606	149441.1396816564	53435.28015349221	-177.16188459561818	2855329165.0821986	31386.33335347113	53547.93309478324	45681.18907074371	1.873208	42.913086	0.0929822	0.0668595	0.0457031438	-0.0251082341	0.0088056493	-0.1189365756	0.0469791947	0.0778446391	0.0163282051	0.0429978976	-0.0340143016	-0.0267559066	0.0599868209	0.0188227048	-0.0255810917	0.032803578	0.0499540231	0.0109419232	0.0167769926	-0.0295389503	0.0321475092	0.0593391865	0.0005434036	-0.044470592	0.0244326802	-0.0442415848	0.0393318977	-0.0023681787	0.0078769032	0.0367001044	-0.0298925192	-0.0294954841	0.0353134976	-0.0177603159	0.0168081991	-0.0058745548	0.0051362987	-0.0310133373	0.0038209012	-0.0042546675	0.0743198963	-0.0149226363	0.0044906659	0.0901217979	-0.0401267457	-0.041452108	-0.0556215585	-0.0445938989	-0.0687862032	0.0029040119	0.0615338433	-0.0181175061	0.044283705	0.0301855187	0.0829113698	-0.0041200602	-0.0225984659	-0.0389434221	0.0247204635	0.0862550825	-0.0007508687	0.0138327603	0.0244183682	-0.0369299948	0.0193564901	0.1009204238	0.0079307518	-0.0746417696	0.0064048559	0.0136866901	0.0031973705	0.0330281907	0.0088496123	-0.0522107649	0.0378616977	0.0139821857	0.0238766066	-0.0050757573	-0.0131247687	-0.0104375741	0.0197153449	-0.0456365346	-0.0157651285	-0.0050279111	0.0077013026	0.050678181	0.0338935066	0.0031455595	0.0104122304	0.0013107633	-0.0882999045	-0.056639855	-0.1082144744	-0.0367714225	-0.086479047	-0.0112678717	-0.0213073489	0.0688300674	-0.0133546993	-0.065160967	-0.0123902411	0.0159237773	-0.0298993938	0.0683089759	0.039612233	0.0026760412	-0.03044577	0.0135216663	-0.0218148251	0.0027912691	-0.0543988655	0.0016615619	-0.0507362112	-0.011750816	-0.0323165068	-0.0307044971	-0.0596437944	-0.0037758715	0.045252958	-0.0216721875	-0.02126754	-0.049794537	-0.0004551389	-0.0082655013	0.0444221254	-0.0231796536	-0.0242537517	0.0414335445	-0.0055395628	0.0230190682	-0.0050160453	0.0066073981	-0.0302245927	-0.0059912064	-0.0077032604	0.0693171635	0.0128792405	-0.0025238833	-0.0832447645	-0.0251243284	-0.0253474569	0.0509190818	0.0181810525	0.0738941915	0.0478537866	-0.0771833374	0.0189461647	-0.055118026	-0.0175810974	-0.0025616748	0.0339404734	-0.0419316907	0.1128298695	-0.047887406	0.0048409659	0.0368580756	-0.0277976261	-0.0115766079	-0.0180633845	-0.0261705465	-0.0877859386	-0.0165272046	0.0714705851	0.002563846	-0.012639609	-0.0190424742	0.0349564366	-0.0153578218	0.036885738	0.0333077936	0.0138990766	0.0122413037	-0.0056864747	-0.0219663924	0.0049010588	0.044325163	-0.0299800511	0.0111259946	-0.0028886784	-0.031022249	0.0812672011	0.0271833484	0.0132683556	-0.023593665	-0.0588984004	-0.1220337886	-0.0132391643	-0.0705501201	-0.0453006389	-0.0242665573	0.0437062975	-0.0051432019	0.0199499293	-0.0559606913	0.06616479	-0.0244185342	0.0407187987	-0.0301291843	-0.0586028782	-0.0434772873	-0.0187293378	-0.0046678614	-0.0276098264	-0.0060711808	-0.0542127554	-0.0324958715	0.0038894606	0.0106342893	0.0353130778	0.026558939	0.000369527	0.0006788149	-0.0077278453	0.010428829	-0.0087039083	0.0103167704	-0.010974806	0.0296123529	-0.0059775484	0.007539683	0.0251730584	-0.0392154303	-0.0645840619	0.0240378293	0.0126839542	-0.0339350221	0.026836009	-0.0402223708	-0.0083953538	0.0198172304	0.0067289169	-0.0061180999	0.0263717613	-0.0325039659	0.0467907162	0.0404462362	0.0305015125	0.0178417553	0.0035938487	-0.0109739574	-0.0245649379	-0.0359693177	-0.044171958	-0.0484427166	-0.04840144	-0.0440518025	-0.0357809787	-0.02432518	-0.0107041222	0.0038697424	0.0180991493	0.0307174953	0.0406015827	0.0468715983	0.048969429	0.0467083402	0.0402895985	0.0302845558	0.0175837917	-0.0314269	-0.0168957	0.00028546467849	0.00098765004361	-0.221135	0.0053449999999999	0.048900688225	2.856902499999988e-05	-0.0190713	-0.0075745	5.737305025e-05	0.0003637144836899	-0.00136525	0.00120277	1.8639075625e-06	1.4466556728999998e-06	0.0026374	-6.057000000000024e-05	6.955878759999999e-06	3.6687249000000286e-09	-0.000573691	0.0	3.29121363481e-07	0.0	0.0	0.0	0.0	0.0	0.0	0.0	0.0	0.0	0.0	0.0	0.0	0.0	0.0	0.0	0.0	0.0	0.0	0.0	0.0	0.0	0.0	0.0	0.0	0.0	0.0	0.0	0.0	0.0	0.0	0.0	0.0	0.0	0.0	0.0	0.0	0.0	0.0	0.0	0.0	0.0	0.0	0.0	0.0	0.0	0.0	0.0	0.0	0.0	0.0	1.0	0.0	0.0	0.0	0.0	0.0	0.0	0.0	0.0	0.0	0.0	0.0	0.0	0.0	0.0	0.0	0.0	0.0	0.0	0.0	0.0	0.0	0.0	0.0	0.0	0.0	0.0	0.0	0.0	0.0	0.0	0.0	0.0	0.0	0.0	0.0	0.0	0.0	0.0	0.0	0.0	0.0	0.0	0.0	0.0	0.0	0.0	0.0	0.0	0.0	0.0	0.0	0.0	0.0	0.0	0.0	0.0
52740.750778547466	10.948434509824438	2781586792.684855	119.86821821591468	64312.16311914063	176.81709570312523	4136054325.062952	31264.285332888147	53508.11908018013	72.83892668791668	2863118807.498737	5305.509241047701	53617.90980688035	46954.91710506291	1.520168	34.82534	0.02973585	0.0147868	0.0390779712	-0.0011209776	0.002762974	-0.0523780473	0.0256727858	0.0833281386	0.0123784108	0.0199614799	0.0135649075	0.0461161159	-0.0101332529	-0.001033018	0.0423048145	-0.0061415219	-0.0142604377	-0.0308062789	0.0046697788	-0.0081483908	0.0181405254	-0.0227788855	0.0736737315	-0.0088590255	0.0409033447	-0.043883716	-0.0060773086	0.0162761094	-0.0126833843	0.0623237349	0.0093859112	0.0157696999	0.0127279696	-0.0345120144	0.0106052863	-0.0486349927	-0.0155644154	0.0108148764	-0.0116797023	0.0204994615	0.0135007012	0.031307971	0.0002856842	0.0505209394	-0.0191418128	-0.0052253414	-0.0332748699	0.012601373	-0.0286163472	0.0135928617	-0.0080658263	-0.0022851912	-0.0084580133	-0.0713465673	-0.025661689	0.0087468166	-0.032640073	0.0082886507	0.0158804459	-0.0260138854	-0.0166026087	0.069329512	-0.0146729261	0.0169641586	0.0618236582	0.0004273924	-0.0376452407	-0.051181758	-0.0034870164	0.0678770245	0.0132614977	0.0105084784	0.035801105	-0.0152006481	-0.011149116	-0.0538351091	0.009892189	-0.0497883494	-0.0502733461	-0.0206897426	0.0140350254	-0.0396670161	0.0729678686	0.0458294322	0.0310583534	0.0390958233	0.0390978187	0.0222823242	0.0223940239	0.0350429039	0.0582521274	-0.0053780039	0.0338274984	0.0053582954	0.0693567378	-0.0090783755	0.0402111476	-0.0657062605	0.0042082503	0.0395130034	-0.0092389049	-0.0502079934	-0.0135976779	0.0076345126	0.0807232155	-0.0619912957	-0.0139236427	-0.0355050436	0.0380467593	-0.0307600863	0.0285211946	-0.0243794824	0.0078926519	-0.0054457394	-0.0092703852	-0.0214915529	0.0236261276	-0.07150452	0.0049948677	-0.0455088644	-0.0343962426	-0.0093594686	-0.0206447565	0.0093988205	0.0616582956	0.0184693883	0.0227621579	0.0142704079	-0.0281474504	0.0118839199	-0.0505883756	-0.010250643	0.0060180101	0.0110032036	0.0207574985	0.0177402175	-0.0300820154	-0.0010624087	-0.0496980681	-0.0029865732	-0.0176607905	0.0328809353	-0.0142226066	0.0310913976	0.0050885384	0.012666353	-0.007259526	0.0338445887	0.0503517591	-0.0403587098	-0.0106672148	0.0320052194	-0.0082460967	-0.0114111111	-0.0120382916	-0.0323092538	-0.072111645	0.0309304774	-0.0315021448	-0.0313088887	0.0233072876	-0.0395016887	0.0512589838	0.0400309456	-0.0546214894	-0.0064473589	0.0229106612	-0.0308586706	0.0222498812	-0.0004444173	-0.0549680397	0.019341208	-0.0159414194	-0.0497885679	-0.0106662359	0.0093738905	-0.0337967261	0.0845726009	-0.0185491714	0.0398221558	0.0222914956	0.0075859453	0.0222678017	0.0617269106	-0.0111779272	0.0703657223	0.0088620853	0.0522636248	-0.0186626762	0.0219848481	-0.0561372861	-0.0353145382	-0.0565038614	0.041219485	-0.0354298395	0.0260808848	-0.0003155392	0.0546357172	-0.03301199	0.0377474891	-0.0821909527	-0.0263523871	-0.0001267348	0.0267068271	0.0289153385	-0.0215271693	0.007108549	-0.0355217777	-0.0006572079	-0.0055638808	0.0035054276	0.0030641006	-0.0084375382	0.0121103874	0.0028675529	-0.0170914211	0.0273877259	-0.0165524836	0.0042763939	-0.009240115	-0.0054659972	-0.0053688479	-0.0488338066	0.0608689349	-0.0093642181	0.0074261345	0.0144104826	-0.0081692669	-0.0021256132	-0.0101019286	0.0348489089	-0.0474646705	0.0420824312	-0.0238930373	0.0467359647	0.0402370998	0.0300666323	0.0171526089	0.0026734239	-0.0120497088	-0.0256733154	-0.0369542528	-0.0448631447	-0.048678311	-0.0480516209	-0.0430402594	-0.0341015091	-0.0220510239	-0.0079884006	0.0068031578	0.0209739336	0.0332308549	0.0424554877	0.0478060917	0.0487944286	0.0453303135	0.0377298441	0.026686557	0.0132081433	-0.0340097	-0.0025827999999999	6.67085583999998e-06	0.0011566596940899	-0.215715	0.00542	0.0465329612249999	2.9376400000000087e-05	-0.0251903	-0.0061189999999999	3.744216099999999e-05	0.00063455121409	-0.00162327	-0.00025802	2.6350054929e-06	6.657432040000004e-08	0.00258314	-5.425999999999999e-05	6.672612259599999e-06	2.944147599999998e-09	-0.00057369	1.000000000015745e-09	3.291202161e-07	1.0000000000314906e-18	0.0	0.0	0.0	0.0	0.0	0.0	0.0	0.0	0.0	0.0	0.0	0.0	0.0	0.0	0.0	0.0	0.0	0.0	0.0	0.0	0.0	0.0	0.0	0.0	0.0	0.0	0.0	0.0	0.0	0.0	0.0	0.0	0.0	0.0	0.0	0.0	0.0	0.0	0.0	0.0	0.0	0.0	0.0	0.0	0.0	0.0	0.0	0.0	0.0	0.0	1.0	0.0	0.0	0.0	0.0	0.0	0.0	0.0	0.0	0.0	0.0	0.0	0.0	0.0	0.0	0.0	0.0	0.0	0.0	0.0	0.0	0.0	0.0	0.0	0.0	0.0	0.0	0.0	0.0	0.0	0.0	0.0	0.0	0.0	0.0	0.0	0.0	0.0	0.0	0.0	0.0	0.0	0.0	0.0	0.0	0.0	0.0	0.0	0.0	0.0	0.0	0.0	0.0	0.0	0.0	0.0
52779.45716659	38.706388042533945	2785671098.7999086	1498.184475299215	64284.60507519532	-27.558043945304235	4132510449.673828	759.4457860913194	53498.45864626148	-9.66043391864514	2862085077.52575	93.32398349650948	53612.5001022092	50398.13619939631	1.721419	39.435764	0.09297725	0.046742	0.0159817141	0.0300612401	-0.008782719	0.0527196002	-0.0287958251	-0.0467106503	0.023794375	-0.0285864304	-0.0188340472	0.029221309	0.034601469	0.0209521843	-0.024103948	0.0180846282	-0.0294794102	0.0015231483	0.0045571105	0.0188734489	-0.0420615211	-0.0282437557	0.0031520337	0.0289390779	0.0341604409	-0.0431910157	-0.0059168107	0.0068587846	0.0097867192	-0.009808758	0.0440077215	-0.0314986638	-0.0148104214	0.0646929658	0.0419212084	0.0218563811	-0.0382612729	0.0369740664	0.0334332021	0.0151737776	0.0318649893	-0.0545684672	-0.0060207122	-0.0352993068	0.0414827912	-0.0058329091	-0.0069730179	0.0705236851	-0.0848338544	0.0450737429	-0.0324019813	-0.0029716632	0.0057543045	-0.0318385975	-0.0292017	-0.0058569782	-0.0267958644	-0.0278938577	-0.0165363669	-0.0012898647	-0.0236384781	0.0114381184	0.000716123	-0.0302019625	-0.0205911536	0.0014604238	-0.007415214	0.0425805841	-0.0107720517	0.010823154	-0.0547539617	0.0109694241	6.26709e-05	0.0307295993	-0.049258771	0.0321923664	0.0476795384	0.027560489	-0.0002605099	-0.0038815365	0.0078235236	0.015275601	-0.0034761381	0.0399599119	0.0470244281	0.0156003089	0.0805786297	-0.0152014143	-0.0406595372	0.0298486869	-0.0110228143	-0.0383045607	0.0249035017	0.0120899223	0.0394583422	-0.0367649765	-0.0041720786	0.0039065476	-0.0481860446	0.0222018612	-0.0050420566	0.0079066641	-0.0270003178	-9.38048e-05	0.0110615907	0.0148159864	0.0511583646	0.0430394158	0.0307551851	-0.0276098638	0.0151307766	-0.0884409388	-0.0243986717	-0.0907493278	0.018958672	0.0385409769	0.0265889954	-0.0036050824	-0.0282730467	-0.0379179816	-0.0387042037	-0.0167841198	-0.0075566328	-0.0122426204	-0.0177281438	0.0449577195	-0.0282020483	-0.0204776142	0.0569560779	0.0402998533	0.0155532162	-0.040417806	0.0403191805	-0.0341179416	0.0117307143	0.0266401954	0.0600762882	0.0109268968	0.0321812946	0.0029468136	0.038606518	-0.0149203857	-0.0784797352	0.0897184604	-0.0123394499	0.0455908887	-0.0045224117	0.0020282862	0.027505803	-0.0080644474	-0.0149629945	0.0260509087	0.0096420892	-0.0057793315	0.0287203425	-0.0286023963	-0.0042977142	-0.0117955303	0.0403419517	0.0009345585	-0.0194461452	-0.0035560691	-0.042296793	0.0044867641	0.0019730039	0.0574471455	0.0073191655	0.0126954239	-0.0161565023	-0.0638674096	0.0189994376	0.0511699139	0.0175851849	0.0085243734	-0.0006622142	-0.004117914	-0.0070905128	0.0278064176	0.0368374898	0.0314208434	0.0434511246	0.0681716423	0.0027475597	-0.0299709557	-0.0288487208	0.0292589413	0.0240496454	0.0363522781	-0.0087499172	-0.0170963108	-0.0552974413	-0.0071503678	-0.0368513255	-0.021695083	-0.0113533891	0.0026429321	0.0255554867	-0.0162745439	-0.0018826929	-0.0128942118	0.0030956781	0.0802529035	-0.0215847814	0.0174771579	0.0310437325	0.0005147658	0.0960163393	-0.0899380626	-0.007315497	-0.0224461315	0.0006302342	0.0009536957	-0.0103467982	0.0150311278	0.0023251243	0.0052854124	-0.0210568351	0.0121118921	-0.0072271741	-0.0045275742	-6.26113e-05	-0.0052259514	-0.0655456011	0.028128414	0.0025603567	0.0388004324	0.024138962	0.004575708	0.013013656	0.0081567974	0.0233172063	-0.0187610453	-0.0043977999	0.0037732345	0.04668055	0.0400256797	0.0296279125	0.0164595684	0.0017520508	-0.0131193052	-0.0267638437	-0.0379056313	-0.0455027728	-0.0488448413	-0.0476193122	-0.0419407874	-0.0323402795	-0.0197155549	-0.0052471816	0.0097118681	0.0237627379	0.0355914973	0.0440920108	0.0484693751	0.0483142525	0.0436411487	0.0348870569	0.0228705931	0.0087154456	-0.0500821	-0.0160724	0.00025832204176	0.0025082167404099	-0.237701	-0.021986	0.056501765401	0.000483384196	-0.0337611	-0.0085708	7.345861264000006e-05	0.00113981187321	-0.00139417	0.0002291	1.9437099889e-06	5.248681000000005e-08	0.00188528	-0.0006978599999999	3.5542806784000003e-06	4.870085795999998e-07	-0.000573691	-1.000000000015745e-09	3.29121363481e-07	1.0000000000314906e-18	0.0	0.0	0.0	0.0	0.0	0.0	0.0	0.0	0.0	0.0	0.0	0.0	0.0	0.0	0.0	0.0	0.0	0.0	0.0	0.0	0.0	0.0	0.0	0.0	0.0	0.0	0.0	0.0	0.0	0.0	0.0	0.0	0.0	0.0	0.0	0.0	0.0	0.0	0.0	0.0	0.0	0.0	0.0	0.0	0.0	0.0	0.0	0.0	0.0	0.0	0.0	1.0	0.0	0.0	0.0	0.0	0.0	0.0	0.0	0.0	0.0	0.0	0.0	0.0	0.0	0.0	0.0	0.0	0.0	0.0	0.0	0.0	0.0	0.0	0.0	0.0	0.0	0.0	0.0	0.0	0.0	0.0	0.0	0.0	0.0	0.0	0.0	0.0	0.0	0.0	0.0	0.0	0.0	0.0	0.0	0.0	0.0	0.0	0.0	0.0	0.0	0.0	0.0	0.0	0.0	0.0
52726.08782417374	-53.36934241626295	2780040337.242482	2848.286709944324	63916.6912109375	-367.9138642578255	4085343415.354335	135360.61151312562	53458.29864017922	-40.16000608226023	2857789693.502588	1612.8260885271782	53554.30102004787	48445.840075208	1.396909	32.001617	0.0752609	0.0377586	0.031588621	0.0139148537	0.0019814692	0.0024229875	-0.0132181241	0.0079558383	0.0361453625	-0.027310386	0.0264374822	-0.0259702479	-0.0214066888	-0.0193838564	0.0548990999	-0.0017181763	-0.0326557533	-0.0167313236	0.021750157	0.033743416	-0.0669919825	0.0200860529	-0.0255554636	-0.0464980908	0.0090561506	0.0134058665	0.0023135178	0.0591289237	-0.0168604629	0.020525296	0.0066740219	0.0351493052	0.0203245833	-0.004526688	0.0524888544	-0.0325500395	-0.016040803	-0.013835565	0.0088803473	0.0002075411	0.0376456704	0.007329823	0.0438937762	0.0165978465	-0.0285201492	0.0527373191	-0.0309392812	-0.0295103555	-0.0102461342	-0.0371359323	-0.0472858877	0.0172294472	-0.0086461655	0.0474560146	-0.038838316	-0.0292193388	-0.0146570205	0.0437265567	0.0101197079	0.0072811825	-0.0562284307	0.0005630632	0.0330866967	0.0140724229	0.0004911483	0.0514756824	0.0586652129	0.0270487971	-0.0216931537	0.0295033915	-0.0799865174	-0.0017760015	0.023178763	-0.0138187775	0.0031951048	-0.0097943824	0.0213659631	-0.0115303596	0.001467181	-0.0561811661	-0.0613354428	0.0498156373	0.0223792129	0.0195400715	0.0386871128	0.0257788984	0.0029834236	0.007828633	-0.0160724103	-0.0207565703	-0.0076920619	0.0135595991	0.0333934411	0.0444889037	-0.0261404913	0.0363850844	-0.0260480031	-0.0324069613	0.0334646971	-0.0566523412	0.0066250759	0.0189331278	-0.0090055494	-0.0072808803	-0.0279959076	0.0344050624	0.0668541869	-0.0069751445	-0.0106080166	-0.0342098785	0.0174402586	-0.0023906163	0.048288931	-0.0319874322	0.0370976549	0.0681675255	-0.0185079467	0.0239981402	0.0491182825	-0.0071467897	0.017493906	0.0058163781	-0.0591589255	0.0174953993	0.0171001051	0.005852803	0.0393575724	0.0128148727	0.0052464863	0.0500330966	-0.0336805535	-0.01127987	-0.0110317057	-0.0105384972	0.0004910365	0.0323270888	-0.0080833282	-0.0348167541	-0.012685207	0.0516376486	-0.0308644964	0.0228308648	0.0408063186	-0.0028398843	0.0483349686	0.0392405919	-0.0099981046	0.0061804411	-0.0065990599	0.0728250109	-0.0178713203	-0.0074479755	-0.0153898698	-0.0687656983	0.0013515026	-0.0323428467	-0.0144730979	-0.0407543939	-0.0455427635	0.0025108981	-0.0452908117	0.0474551924	-0.0219825062	0.0080847212	-0.0044680867	0.0764658963	0.0026572777	-0.013198422	0.0132957298	-0.0018771199	-0.0124718707	0.025818811	0.0030138203	-0.0225182595	0.0558427419	-0.0810847473	-0.0204412469	0.0035026093	0.0122479655	0.037823998	0.0312477177	-0.0060874922	0.0174551963	-0.0145466213	0.0281830563	0.0012088799	0.0026879266	0.0095348332	0.0575075418	0.006933979	0.0251258061	0.0248335551	-0.0056775372	0.0446752746	0.019451055	-0.0323746046	0.0168489578	0.0005676561	0.0160545772	0.0183821998	0.0346033013	0.0649046751	0.0521279676	-0.0187351235	0.0160370516	-0.0137274831	-0.0073569412	-0.0155628266	-0.0526401958	0.011561898	0.0063730577	0.00393808	-0.0080086311	0.0079500729	0.0150983043	-0.0194225279	0.0308224664	-0.031200221	0.0135252802	-0.0055164417	0.0425629932	-0.0021358333	-0.0595039924	-0.0235160136	-0.03345252	0.0240681344	0.0106396048	-0.0063124084	0.0002181293	-0.0151462161	0.0187608047	-0.0618172401	0.0399418575	-0.0432499408	0.046624473	0.0398119877	0.029185409	0.0157627911	0.0008300562	-0.0141822002	-0.0278357645	-0.0388225891	-0.0460901072	-0.0489420714	-0.047105256	-0.0407556328	-0.0305015125	-0.0173252667	-0.0024892147	0.0125853106	0.02645413	0.0377885739	0.0455027728	0.0488576859	0.0475319038	0.0416524399	0.0317825624	0.0188678315	0.0041455125	-0.0360094	0.0140727	0.00019804088529	0.0012966768883599	-0.208607	0.029094	0.043516880449	0.000846460836	-0.0284214	0.0053397	2.851239609000003e-05	0.0008077759779599	-0.00162406	-0.00022989	2.6375708836000003e-06	5.2849412100000086e-08	0.00219048	0.0003051999999999	4.798202630399999e-06	9.31470399999999e-08	-0.000573691	0.0	3.29121363481e-07	0.0	0.0	0.0	0.0	0.0	0.0	0.0	0.0	0.0	0.0	0.0	0.0	0.0	0.0	0.0	0.0	0.0	0.0	0.0	0.0	0.0	0.0	0.0	0.0	0.0	0.0	0.0	0.0	0.0	0.0	0.0	0.0	0.0	0.0	0.0	0.0	0.0	0.0	0.0	0.0	0.0	0.0	0.0	0.0	0.0	0.0	0.0	0.0	0.0	0.0	0.0	0.0	0.0	0.0	0.0	0.0	0.0	0.0	0.0	0.0	0.0	0.0	0.0	0.0	0.0	0.0	0.0	0.0	0.0	0.0	0.0	0.0	0.0	0.0	0.0	0.0	0.0	0.0	0.0	0.0	0.0	0.0	0.0	0.0	0.0	0.0	0.0	0.0	0.0	0.0	0.0	0.0	0.0	0.0	0.0	0.0	0.0	0.0	0.0	0.0	0.0	0.0	0.0	0.0	0.0	0.0	0.0
52689.6432078763	-36.44461629743455	2776198501.3733053	1328.210057067232	64149.18097949219	232.48976855468936	4115117420.339642	54051.49248261303	53472.56158482683	14.262944647605764	2859314842.4430976	203.4315900206659	53582.39880080727	49023.85641582539	1.603689	36.738697	0.13640077	0.0683041	0.0331133033	-0.0380361172	0.0251216817	0.0233324327	0.0223494382	0.059925463	0.0175410188	0.0536266344	-0.0162397947	-0.0126464962	0.0416508985	0.0025079942	-0.023798115	0.0406460793	-0.0479379311	0.0155163338	0.0159664027	0.0293013028	0.0055745332	-0.0001225554	-0.0199137093	-0.0776078655	0.0230403391	0.0041202824	0.0311665933	-0.0429025899	0.0458443698	-0.0448151142	-0.0271536322	-0.0668220365	-0.0286702462	-0.0455591103	0.0180139087	0.020550852	0.0060161702	-0.0228813207	-0.0326972687	-0.0136061835	0.0002523939	-0.0649645582	-0.005529974	-0.0071405234	-0.0755078234	-0.0821449189	0.0728663961	0.0144623052	0.0059908697	-0.0063262492	0.0136387222	-0.015780138	-0.0306359729	-0.0118678234	0.0602119727	-0.0791108666	-0.0406241705	-0.0290517686	0.0265994015	-0.0014778403	0.0189502981	0.045818886	-0.0261190333	-0.0268911871	0.0062390203	-0.0042018414	0.0018550867	-0.0365449436	0.0243945829	-0.0699208289	-0.0349548096	0.0010884833	0.0095805912	0.0198297085	-0.0027427396	-0.0186869838	0.0080520542	0.0138432292	0.0071902155	-0.0144181001	0.0531471867	-0.0687743668	-0.0348269945	0.0588664369	-0.0001295884	-0.0167312711	0.0700846213	-0.0447560395	0.0414658474	-0.0883402958	0.0353927188	-0.0742095993	-0.0590703756	0.0289528014	-0.0470973882	0.0028882235	0.0145063007	-0.0047777569	0.0547678302	0.0134300196	-0.0129777485	0.0396221738	-0.0883566971	0.0661314005	0.0752446339	-0.0484798666	-0.0547672943	-0.0300853247	0.0511847877	0.0237930658	0.0237716181	-0.0147186939	0.0400258142	-0.0023469953	0.0280775391	-0.0103003069	0.0008877318	0.0171550569	0.0775126783	-0.0195684694	0.0159510582	-0.0290083407	0.0432941302	-0.0432205812	-0.0339810566	-0.0361752088	-0.0682286062	-0.0092712229	-0.0513452758	0.0270729618	0.0249319007	0.0014552649	-0.0251756685	0.0334733496	-0.0147259771	0.002161913	0.0569473463	-0.0058842823	-0.0009335752	-0.0858403222	-0.0588488713	-0.0739241931	-0.0219119661	-0.0132537079	0.0024297951	-0.019565549	0.0216902591	0.0211624567	-0.0428698188	-0.0480214633	-0.0654051938	-0.0174981596	0.0667282729	-0.0046257514	-0.0220435042	0.0096993258	-0.0407418147	0.0284880694	0.0090149364	-0.0129992565	-0.0276518439	0.005316886	0.0370011226	-0.0315495253	0.0407103096	0.0156944476	-0.0465549666	-0.029320846	-0.0263378576	-0.0016869429	-0.0226510579	0.0033621461	-0.0065056929	0.0323271827	-0.0137525709	0.0878291298	-0.0515770972	0.0540360153	0.0543740075	-0.0156194332	0.0209139488	0.0796715769	-0.0482640191	0.0027781977	-0.0046546986	-0.0738204399	-0.124521562	0.0130205389	-0.0092985679	0.0068143009	0.0181761362	-0.0076314732	0.0032114758	0.0560862652	0.0278540256	0.059757229	0.0615255815	-0.0418673973	-0.0809752329	0.0213970038	-0.0498422255	-0.0604621265	-0.0219580247	0.0369703544	0.0334307438	0.0079537763	-0.0091023687	-0.0018325274	-0.0199877091	-0.0348218211	0.005049949	-0.048809647	-0.0147677317	-7.07604e-05	0.0083058409	0.0155928135	-0.018203179	0.0239108742	-0.0814998253	0.0141258971	0.0007662702	-0.0118721292	-0.0328373208	-0.0104225821	-0.0024205257	-0.0448170129	-0.0614914359	0.0110024221	-0.024963765	-0.0480934767	0.0554496819	-0.004979915	0.0219868804	-0.0033226232	0.0465677344	0.0395960362	0.0287391785	0.0150624352	-9.22328e-05	-0.015237851	-0.0288883326	-0.0397042937	-0.046624473	-0.0489698633	-0.046510335	-0.0394872168	-0.0285896166	-0.0148868057	0.0002766972	0.0154130506	0.0290370768	0.0398119877	0.04668055	0.048968821	0.0464522756	0.0393778372	0.028439649	0.014710965	-0.0004611576	-0.020962	0.0150473999999999	0.0002264242467599	0.000439405444	-0.259846	-0.051239	0.067519943716	0.002625435121	-0.00611893	0.0223024699999999	0.0004974001681008	3.74413043449e-05	-0.00200875	-0.00038469	4.0350765625e-06	1.4798639610000001e-07	0.00196894	-0.0002215399999999	3.8767247236000005e-06	4.907997159999985e-08	-0.000223683	0.0003500079999999	5.0034084489e-08	1.2250560006399996e-07	0.0	0.0	0.0	0.0	0.0	0.0	0.0	0.0	0.0	0.0	0.0	0.0	0.0	0.0	0.0	0.0	0.0	0.0	0.0	0.0	0.0	0.0	0.0	0.0	0.0	0.0	0.0	0.0	0.0	0.0	0.0	0.0	0.0	0.0	0.0	0.0	0.0	0.0	0.0	0.0	0.0	0.0	0.0	0.0	0.0	0.0	0.0	0.0	0.0	0.0	0.0	0.0	1.0	0.0	0.0	0.0	0.0	0.0	0.0	0.0	0.0	0.0	0.0	0.0	0.0	0.0	0.0	0.0	0.0	0.0	0.0	0.0	0.0	0.0	0.0	0.0	0.0	0.0	0.0	0.0	0.0	0.0	0.0	0.0	0.0	0.0	0.0	0.0	0.0	0.0	0.0	0.0	0.0	0.0	0.0	0.0	0.0	0.0	0.0	0.0	0.0	0.0	0.0	0.0	0.0	0.0
52795.3126269607	105.66941908439912	2787345035.378516	11166.026129634374	64353.21915136719	204.0381718750068	4141336815.143893	41631.57558209482	53527.29335786388	54.7317730370487	2865171134.218818	2995.5669797790106	53629.13105078497	51360.740232472606	1.933314	44.290047	0.1061319399999999	0.0502664	0.0175228179	-0.0025502206	-0.0102566754	0.0921139561	-0.0485527998	-0.0930877884	0.0139056025	-0.0115987779	0.0096918521	0.0649854177	-0.0615453603	-0.0206932529	-0.0251310621	0.0065966667	-0.0277664202	-0.0086709694	0.0288456125	0.0499690016	0.0015641322	-0.0739398872	0.0777026504	0.0084199204	0.0044178339	-0.0021434391	-0.0120405036	-0.0376570358	-0.0040088262	0.048103563	0.0132839674	0.0284659379	-0.0017846765	0.0166716286	0.0396839239	0.0480556902	-0.0241154691	-0.0264737768	-0.0519248345	0.0650449271	0.0101397134	-0.0700891845	0.0613450099	-0.038995523	0.0421295094	-0.0079336769	-0.021997464	0.0029042183	0.0434620076	-0.0051421632	-0.0527909252	-0.0226408091	-0.000962984	0.0178102681	-0.0244214806	0.0463293198	-0.0186945276	0.0006747848	-0.0063866942	-0.0178281765	0.0501585982	0.0103264051	0.0234716196	-0.0260792162	0.0178190824	-0.0342692681	-0.0094527954	-0.0519508265	0.0388326596	0.0034444758	0.0017165255	-0.0173532072	-0.0254220745	0.0218394373	-0.0194073226	-0.007527653	0.0204645387	0.0203360944	0.0257502487	0.0464352632	-0.0044649507	-0.0022929723	-0.0246240665	-0.0153647478	-0.0171183619	-0.0183110787	-0.0334031985	0.0387701975	-0.0845542005	-0.0326764771	-0.031616227	-0.0221924987	-0.0153183633	-0.0464616495	0.0567572895	-0.0098880311	0.0020568627	0.00784152	0.0515550052	0.0382251017	0.0448041314	0.0298488662	0.0148222653	0.0064013616	0.0211564672	0.0485973939	0.0591297172	-0.0187371812	0.0048249598	-0.1049479145	-0.0468300726	-0.032059	0.0419503377	-0.0227772606	0.0514473353	-0.0069170734	0.0742103639	-0.0732419064	-0.0126638848	-0.0079058852	-0.0086512222	0.015152378	0.0364064495	0.0064773086	0.0438234642	0.0162143832	0.035058447	-0.0072527162	0.0202396517	0.0421212112	0.0438844394	-0.0307773754	-0.0248736355	0.0432185793	0.0719680134	0.0148630767	0.0660560122	-0.061642607	0.043188074	-0.0034646323	0.0437446154	0.0216759166	-0.0087870633	-0.0433357268	-0.0139863044	0.039906583	0.0250017348	-0.0043301999	-0.0056297475	0.0272132326	0.0261115543	0.0494750707	-0.0235029831	0.0163495023	-4.55448e-05	0.0298420857	-0.0247924976	-0.0155099371	0.0306030136	-0.0239433318	0.0267590847	-0.0088587787	0.0566758561	-0.0290285442	-0.0190357109	-0.0104693764	-0.0175810721	0.0292664922	-0.0160310568	-0.0161170961	-0.0093227234	0.0210695742	0.0144748134	0.0377694898	-0.0304940635	0.0015810162	0.0198776082	-0.0219720322	-0.0029456875	-0.0251413444	-0.0120562261	-0.0196974306	0.0442499823	-0.0770381821	0.0431653576	-0.0139553355	0.0110008487	-0.0110295793	-0.0711417076	-0.0017009115	-0.0265047833	0.0115665492	0.0266866391	0.0438294031	0.008749286	0.0515172945	-0.0430507734	-0.0221021687	0.0082697257	-0.0246220636	-0.0114637546	0.0816127069	0.051359053	0.0070863826	0.0271092685	-0.0867351496	0.0765382956	0.0002754059	-0.0275772872	-0.0454761723	0.0016656034	-0.0526106719	-0.0081470521	-0.0087691902	0.0350868853	0.032768253	0.0259454439	-0.0269568254	-0.0063053622	-0.0136518103	-0.0629306712	0.018864121	0.0130446864	0.0089253587	-0.0503962112	2.95051e-05	-0.0844501227	0.042173831	-0.0136789485	-0.0324978656	0.0579581132	-0.0001634006	-0.0121771164	0.0074027621	0.046510335	0.0393778372	0.0282892778	0.0143586597	-0.0010144892	-0.0162857183	-0.0299208162	-0.0405499443	-0.047105256	-0.0489281774	-0.0458355703	-0.0381381307	-0.0266091756	-0.0124069519	0.0030417259	0.0181848193	0.03150099	0.0416524399	0.0476193122	0.0488021499	0.0450821203	0.036832953	0.0248833938	0.0104339452	-0.005063741	-0.0283511	-0.0073890999999999	5.459879880999999e-05	0.00080378487121	-0.297622	-0.0377759999999999	0.088578854884	0.0014270261759999	-0.0301155	-0.02399657	0.0005758353717649	0.00090694334025	-0.00236668	-0.0003579299999999	5.601174222399999e-06	1.2811388489999988e-07	0.00185371	-0.00011523	3.4362407641e-06	1.3277952900000054e-08	4.25624e-05	0.0002662454	1.8115578937599997e-09	7.088661302116e-08	0.0	0.0	0.0	0.0	0.0	0.0	0.0	0.0	0.0	0.0	0.0	0.0	0.0	0.0	0.0	0.0	0.0	0.0	0.0	0.0	0.0	0.0	0.0	0.0	0.0	0.0	0.0	0.0	0.0	0.0	0.0	0.0	0.0	0.0	0.0	0.0	0.0	0.0	0.0	0.0	0.0	0.0	0.0	0.0	0.0	0.0	0.0	0.0	0.0	0.0	0.0	0.0	0.0	1.0	0.0	0.0	0.0	0.0	0.0	0.0	0.0	0.0	0.0	0.0	0.0	0.0	0.0	0.0	0.0	0.0	0.0	0.0	0.0	0.0	0.0	0.0	0.0	0.0	0.0	0.0	0.0	0.0	0.0	0.0	0.0	0.0	0.0	0.0	0.0	0.0	0.0	0.0	0.0	0.0	0.0	0.0	0.0	0.0	0.0	0.0	0.0	0.0	0.0	0.0	0.0	0.0
52749.019036812	-46.29359014869988	2782459009.345955	2143.0964888558024	64178.54651464844	-174.67263671875116	4118885832.7328935	30510.530018280817	53444.594218447775	-82.69913941610139	2856324651.174541	6839.147660163774	53554.12879103235	49229.38871812697	2.32048	53.159569	0.3088176299999999	0.181148	0.0531684117	-0.1589298257	0.082967879	0.0764336494	-0.0140177294	-0.0042825173	-0.0042804088	-0.0159939071	0.0095111778	-0.0639216374	-0.0103350553	-0.0677487497	-0.0725826901	0.1106620801	-0.0294545321	-0.0056794295	0.0389298192	0.0674888487	0.0135074621	-0.0437766135	-0.1060242708	0.012246657	0.0082732097	0.0636349247	0.008225206	-0.0357341435	0.0671735355	-0.0199860523	0.0001502038	-0.0439211931	-0.0628537296	0.0350520083	-0.1108935763	0.0084576768	-0.0474296955	-0.0672863827	0.00970897	0.0816119278	0.0721388205	-0.032367672	0.0544824105	0.0513744497	-0.0142377471	-0.0866175396	0.0075177602	0.0114625292	0.030009424	0.0247118577	0.0191645196	-0.0465816409	-0.0241805051	0.0609931349	0.0621008552	-0.0401146952	-0.0495488122	-0.0443334959	0.0043843449	0.0007755962	-0.0178661802	0.0048887742	0.0068929727	0.0488295503	0.0208029391	-0.0916991074	0.0023350158	-0.0462683515	-0.0141225467	-0.0009685637	-0.0535092619	0.0159389109	-0.0715300282	-0.0021991152	0.0035884023	0.0413870133	-0.0309607091	0.0660007212	0.0309785523	-0.0115905602	0.0045994138	-0.0174422633	-0.0678095345	-0.0829488033	0.0209372423	2.51914e-05	-0.0196068758	-0.0164524952	0.0908537953	0.0383072229	0.0397896114	-0.0486016397	-0.0305413083	-0.0440447666	0.0144945826	0.0491588522	0.0126545939	0.0235466761	-0.0088834472	-0.0004763132	0.0020195029	0.0317764848	0.0595405206	-0.0514073	-0.0062023847	0.0425591994	0.0106722332	0.0138778669	0.006884996	0.0490200342	-0.0494258114	0.0082826463	0.0129124025	0.0122950473	0.0672908563	-0.0133261256	0.0380893776	0.1086501867	-0.013844756	-0.0051094201	0.0550895925	0.0107206742	0.0385400204	-0.0628501943	-0.0202827178	-0.0062579628	-0.0524403246	-0.0560759823	0.0128218316	-0.0900103069	0.0115612216	-0.0559802808	-0.0746082367	-0.022873033	0.078479027	0.0948577439	0.0333597668	-0.0636714655	-0.0396411208	-0.0815981187	0.0030879249	0.0057909827	-0.0196003275	-0.0102125965	-0.0349760345	-0.0279773093	0.045163719	-0.0164687266	-0.0955122365	-0.0040901796	-0.0476174455	0.0063295614	0.064989172	0.0102580353	0.0046888618	-0.0317923593	-0.0122490686	0.013166656	-0.0109796283	0.0091842337	0.0926220961	0.0166943131	0.0531534852	-0.0083360131	0.0347964869	0.0606876193	0.0208529233	0.0535770207	-0.0093366971	-0.0037684446	0.0364963334	-0.041603587	0.0368731263	0.0488120298	0.0273350939	0.0378722335	-0.006346867	-0.1016296143	-0.0066400618	0.0030225302	0.0011455563	-0.0143098092	-0.0187172024	0.0579158961	-0.0863951285	-0.0233713822	-0.0338706509	0.0229549894	-0.040165794	0.0542049997	0.0348616288	-0.0134723876	0.0430193865	-0.0180389244	0.0060983452	-0.0240919422	-0.032884174	-0.0353160489	0.0679583529	-0.0367861126	-0.0109867164	0.0078972799	-0.0007092844	0.0382045755	-0.0252759483	0.0383324239	0.0212340082	0.0342704333	-0.0146880242	-0.035788195	0.0005455313	-0.1451283303	-0.0176795694	-0.0184695024	0.0583177015	0.0163131122	0.0490300366	0.0372931672	-0.0763224337	-0.0224426033	0.0036530328	0.005617895	-0.0279479865	-0.0689714656	0.0018509832	-0.0378349837	-0.1670101566	0.0214162137	-0.0314172436	-0.0094198473	0.082786759	0.0575184043	-0.0732615349	0.0345900636	0.0464522756	0.0391574033	0.0278357645	0.0136516244	-0.0019363856	-0.0173252667	-0.0309324975	-0.0413587732	-0.0475319038	-0.0488170731	-0.0450821203	-0.0367111306	-0.0245649379	-0.0098926005	0.0057970462	0.0208905514	0.0338357689	0.0433014723	0.0483142525	0.0483586182	0.0434300072	0.0340352549	0.0211404744	0.0060717052	-0.0096214501	-0.0169744	0.0113767	0.00012942930289	0.00028813025536	-0.439541	-0.141919	0.193196290681	0.020141002561	0.0329252	0.0630407	0.00397412985649	0.00108406879504	-0.00370383	-0.00133715	1.37183566689e-05	1.7879701225e-06	0.00181353	-4.01799999999999e-05	3.2888910609e-06	1.6144323999999923e-09	0.000514857	0.0004722946	2.65077730449e-07	2.2306218918916e-07	0.0	0.0	0.0	0.0	0.0	0.0	0.0	0.0	0.0	0.0	0.0	0.0	0.0	0.0	0.0	0.0	0.0	0.0	0.0	0.0	0.0	0.0	0.0	0.0	0.0	0.0	0.0	0.0	0.0	0.0	0.0	0.0	0.0	0.0	0.0	0.0	0.0	0.0	0.0	0.0	0.0	0.0	0.0	0.0	0.0	0.0	0.0	0.0	0.0	0.0	0.0	0.0	0.0	0.0	1.0	0.0	0.0	0.0	0.0	0.0	0.0	0.0	0.0	0.0	0.0	0.0	0.0	0.0	0.0	0.0	0.0	0.0	0.0	0.0	0.0	0.0	0.0	0.0	0.0	0.0	0.0	0.0	0.0	0.0	0.0	0.0	0.0	0.0	0.0	0.0	0.0	0.0	0.0	0.0	0.0	0.0	0.0	0.0	0.0	0.0	0.0	0.0	0.0	0.0	0.0	0.0
52992.242988028825	243.22395121682348	2808177816.9022903	59157.89044552373	64656.47432128906	477.92780664061866	4180459671.659512	228414.98836031256	53682.426903257976	237.8326848102006	2881802958.223636	56564.38596402822	53793.222488998574	52522.16848556717	2.346122	53.747005	0.13068265	0.0769803	0.0121412557	-0.0292383849	-0.016655373	0.1085160795	-0.0518106638	-0.1320670612	0.0076337662	0.0257848122	-0.0380036191	0.0054024768	-0.0943747751	0.0108927303	-0.1208238936	0.0190128904	0.0334690464	0.0628524332	0.0083103935	0.0503745379	0.0402257547	-0.0728037345	-0.0407933039	0.000876248	-0.0973003319	-0.0283881591	-0.029105564	-0.030380039	-0.0314030279	0.0329832382	-0.0590971406	0.0123436402	-0.0012523805	-0.0350523531	0.001313093	0.0211053401	-0.0643773328	-0.0038834564	-0.0249305338	0.0753793706	-0.040499896	-0.0207474466	0.0034881141	0.0515781771	-0.0287165741	-0.0974852427	0.055041669	-0.0733431771	0.0807960831	-0.0253775449	-0.0232557076	0.0334415623	0.024425551	0.0209961866	-0.0390352257	0.0634149735	-0.0045851884	0.0184376555	-0.0686063773	-0.1050334057	-0.0500246614	0.0057902603	0.0401083583	0.0279777692	0.0321371397	-0.0157267212	-0.0089368556	-0.0052804025	0.052122852	0.0392250053	-0.0454923792	-0.0639080276	-0.0037537846	-0.0117778069	-0.0495418832	0.0121165677	-0.0364923374	0.0666339884	0.0055962925	0.0004675894	-0.0429285885	-0.0723099645	0.0384863795	-0.0243462001	0.0004812603	-0.0149902437	0.0084116308	0.0075331774	0.0196586171	-0.0314607812	0.0184105851	0.0179033129	-0.0007558809	0.0381684532	-0.0485403456	0.0086303879	-0.0606083385	-0.0177790593	-0.0012028885	-0.0202520646	-0.0620303063	-0.0335990313	0.0076688544	0.0095823762	-0.0224656842	-0.0034353624	0.0206075612	0.0397088943	-0.0926393272	0.0280082849	0.0251352669	0.0432711679	0.018983992	0.0062534176	0.0489576723	-0.0414631847	0.0664443688	0.0458698405	-0.0031640308	0.0812939317	-0.0603891303	0.0312583266	0.0273414594	0.0346639128	0.042628275	-0.0537091407	0.0105292089	-0.0009946211	-0.0328212409	-0.0015347632	0.0119149158	-0.0698194024	-0.0018956505	0.0203501538	0.077796767	-0.0293692835	0.002399852	-0.0236241851	-0.0435184066	-0.1151106883	-0.0020117021	-0.0362143695	0.060713834	-0.0830186678	-0.0056321259	-0.0135409157	-0.0175952651	-0.0092275269	0.0224225071	0.0452471714	0.0411357539	0.045593753	-0.065569876	0.0455362171	0.0343715419	-0.089823021	-0.0373356057	-0.0471497462	-0.0571866412	-0.0055104139	0.0236415849	-0.0023565246	0.010847302	-0.029694605	-0.0634142404	0.0301036531	-0.0756188814	0.021445211	0.0205219156	-0.0450275313	-0.011073532	-0.0394592077	0.0538833228	0.0319026452	-0.0162036141	0.0088890039	-0.0795665891	-0.0167661655	-0.0570973654	-0.0114721595	-0.0080860759	0.0125447763	0.004145606	0.0143949725	0.0084686927	-0.0128922333	-0.0463010866	-0.0197844087	0.0523585154	-0.0095015246	0.0334212765	0.0497092476	0.0057417447	0.0102484845	-0.0420893772	-0.0463661862	0.0284682764	0.0211051593	-0.0065721666	-0.0171423768	0.0203848618	0.0193598989	-0.0211369667	-0.0880579015	-0.0492478523	0.0251807631	-0.038998049	0.0146136685	-0.0276312428	-0.0516591204	-0.0048981551	-0.1147230434	-0.0090276172	-0.0062085717	0.0645891666	0.1101225829	-0.0005627124	0.0320992823	-0.0021808853	-0.0334178816	-0.0424511705	-0.0045026319	0.0173613242	-0.0081225273	-0.0473913862	-0.039717154	-0.1363642601	0.0540657974	-0.0237186602	0.0031071581	0.0750576023	0.034887415	-0.0692754711	0.0002014553	0.0463935571	0.0389347468	0.0273786964	0.0129414898	-0.0028575952	-0.0183559655	-0.0319226731	-0.0421300458	-0.047903926	-0.0486367079	-0.0442512785	-0.0352091317	-0.0224618045	-0.0073507428	0.0085338634	0.0235204212	0.0360318425	0.0447515066	0.0487618127	0.0476407421	0.0415062691	0.0310039458	0.0172389684	0.0016598739	-0.0140938949	-0.0281324	-0.0111579999999999	0.0001245009639999	0.0007914319297599	-0.413287	0.026254	0.170806144369	0.000689272516	-0.0319989	-0.0649241	0.0042151387608099	0.0010239296012099	-0.00338743	0.0003164	1.14746820049e-05	1.0010896000000009e-07	0.00163804	-0.00017549	2.6831750416e-06	3.079674010000005e-08	0.000439816	-7.504099999999997e-05	1.93438113856e-07	5.631151680999996e-09	0.0	0.0	0.0	0.0	0.0	0.0	0.0	0.0	0.0	0.0	0.0	0.0	0.0	0.0	0.0	0.0	0.0	0.0	0.0	0.0	0.0	0.0	0.0	0.0	0.0	0.0	0.0	0.0	0.0	0.0	0.0	0.0	0.0	0.0	0.0	0.0	0.0	0.0	0.0	0.0	0.0	0.0	0.0	0.0	0.0	0.0	0.0	0.0	0.0	0.0	0.0	0.0	0.0	0.0	0.0	1.0	0.0	0.0	0.0	0.0	0.0	0.0	0.0	0.0	0.0	0.0	0.0	0.0	0.0	0.0	0.0	0.0	0.0	0.0	0.0	0.0	0.0	0.0	0.0	0.0	0.0	0.0	0.0	0.0	0.0	0.0	0.0	0.0	0.0	0.0	0.0	0.0	0.0	0.0	0.0	0.0	0.0	0.0	0.0	0.0	0.0	0.0	0.0	0.0	0.0	0.0
52969.87782761764	-22.36516041118739	2805807957.072738	500.20040021814367	64111.56033886719	-544.9139824218728	4110292169.084208	296931.2482388651	53578.70637202309	-103.72053123488875	2870677776.4994674	10757.948599647536	53669.44684935478	51029.33734606458	1.273536	29.17527	0.1860298	0.116368	0.016053923	-0.0085080707	-0.011182285	0.0769560212	-0.0343714201	-0.1052874659	-0.0010612731	-0.0188834611	0.0178279897	-0.0525203594	-0.0767198899	-0.0299355839	-0.0198543885	0.0017394067	-0.0203655068	-0.0064332105	0.0233766407	0.0551244891	-0.0183620418	0.0099139174	-0.0408667127	-0.0410329047	-0.0078380234	0.0484855008	0.0226257694	-0.0003438137	0.0090543019	-0.0270034518	0.0105764209	0.0301422613	-0.0009416299	-0.0072217902	-0.0980110857	0.0368988518	-0.0285095643	0.0214714487	-0.0716625814	0.0467191769	-0.00658872	0.0357109641	0.017832906	-0.0311048211	0.0627433707	-0.0765368935	0.0188327523	0.085470618	0.0065682939	-0.0407661791	-0.0093934385	-0.0665383984	-0.0176191224	0.0108917386	-0.0087031102	0.0377762244	-0.0517409396	-0.0700181344	-0.0360360436	-0.0293495738	-0.0281788926	0.0253256541	0.0056899108	0.0135973855	0.0263100897	-0.0098483133	0.0256269668	-0.0226183442	-0.0315826559	-0.0042497776	-0.0359626367	0.051577085	-0.0048094928	-0.0055595244	-0.0135295678	0.0450596808	0.090670988	0.0825533439	-0.0661734061	-0.0144423983	0.0220325597	0.0541506344	2.16355e-05	0.0088955923	-0.0775109471	-0.0620753575	-0.0223659481	-0.0361550384	0.0130296061	0.0148518257	0.0567038114	0.0345904244	-0.009961494	0.0433467511	0.0013875467	-0.0119132234	-0.0706064571	0.0035889156	-0.0278584011	-0.0411279091	0.0245583837	0.0070044401	0.0063364721	0.0087502029	0.0013805422	-0.0654488613	0.0083961086	-0.0174366643	-0.0135695251	0.043080528	0.0142678469	-0.0034448447	-0.0521337741	0.0290281845	0.0579742042	0.0172766083	-0.0079837452	0.0400235509	0.0429412551	0.0164166626	0.0562905367	-0.0068764143	0.0017499706	-0.0097627123	-0.027478175	0.0060049231	0.0235812232	0.0002750718	-0.0132682577	-0.0959353871	0.0339205468	-0.0341263414	0.0186520927	0.0700107652	0.0516290652	0.0080051041	-0.0427391364	-0.020283037	0.0380763281	-0.0471583387	0.0691928339	-0.0201546652	-0.0885443048	-0.0245598383	0.02209218	0.0189913183	0.0712899555	0.0058930072	-0.0183320832	-0.0002143784	-0.0023567131	0.0576415509	0.0344137751	0.040368105	0.0540001647	-0.0540575713	-0.0342901244	0.0048634576	-0.0116156576	-0.0142317712	0.0118935961	0.0064060777	0.0281852708	-0.0013397773	0.0417927064	0.0418486413	0.0602030732	0.0067244216	0.01782901	-0.0324598218	0.0646448151	0.0856952472	0.082762607	-0.0437829891	0.0276893769	-0.0066032084	0.0291257597	0.004718063	0.0144738446	-0.051430461	-0.0770728766	0.0023557929	-0.0603177467	0.0214335307	-0.0049331593	0.0439032588	-0.0378027121	-0.0252368972	0.0332479882	0.0115114005	-0.0176889516	0.0755329932	-0.0141715354	-0.035622678	0.0232547192	-0.0294809483	-0.0146160622	-0.0039732688	-0.0268118376	0.0660859312	-0.003064214	-0.0288384896	0.0111111085	-0.017250698	-0.0235769716	0.048403386	-0.0318210423	0.0179551987	0.0679879934	0.0325174878	0.0019149333	-0.0538164571	0.0014316643	-0.0174304859	0.04443516	0.0431957371	0.0326734977	0.005610081	0.0062267001	0.0059873124	0.0102088105	0.0156120194	0.0336528517	-0.0315514838	-0.0774149157	-0.0191910227	-0.059786597	0.0476714255	-0.0061477159	-0.017877635	0.0411286063	-0.0171224709	-0.0292627783	-0.013259534	0.0463341804	0.0387098805	0.026918132	0.0122284171	-0.0037777911	-0.019377288	-0.0328906545	-0.0428630618	-0.048220895	-0.0483873377	-0.0433444711	-0.0336352026	-0.0203048178	-0.0047884463	0.0112434423	0.0260648785	0.0380802083	0.045995879	0.0489597013	0.0466525943	0.0393229378	0.0277598318	0.0132081433	-0.0027655145	-0.018441441	-0.0183543	0.0097780999999999	9.561123960999996e-05	0.00033688032849	-0.306904	0.106383	0.094190065216	0.011317342689	-0.0609727	-0.0289738	0.00083948108644	0.00371767014529	-0.00294321	0.0004442199999999	8.6624851041e-06	1.973314084e-07	0.0019564	0.00031836	3.82750096e-06	1.013530896000001e-07	0.000384498	-5.5318e-05	1.47838712004e-07	3.0600811240000003e-09	0.0	0.0	0.0	0.0	0.0	0.0	0.0	0.0	0.0	0.0	0.0	0.0	0.0	0.0	0.0	0.0	0.0	0.0	0.0	0.0	0.0	0.0	0.0	0.0	0.0	0.0	0.0	0.0	0.0	0.0	0.0	0.0	0.0	0.0	0.0	0.0	0.0	0.0	0.0	0.0	0.0	0.0	0.0	0.0	0.0	0.0	0.0	0.0	0.0	0.0	0.0	0.0	0.0	0.0	0.0	0.0	0.0	0.0	0.0	0.0	0.0	0.0	0.0	0.0	0.0	0.0	0.0	0.0	0.0	0.0	0.0	0.0	0.0	0.0	0.0	0.0	0.0	0.0	0.0	0.0	0.0	0.0	0.0	0.0	0.0	0.0	0.0	0.0	0.0	0.0	0.0	0.0	0.0	0.0	0.0	0.0	0.0	0.0	0.0	0.0	0.0	0.0	0.0	0.0	0.0	0.0
53155.91135814661	186.03353052897	2825550912.31514	34608.474481073215	64352.3469609375	240.78662207031448	4141224559.380882	57978.19736803246	53757.67143677466	178.96506475157366	2889887238.3042183	32028.494401534957	53859.08328749405	51926.21959501985	0.982794	22.514692	0.0761955	0.0411721	0.0099136607	-0.0095323657	-0.0114352051	0.0799493643	-0.0167887786	-0.0828572902	-0.0220688471	0.0679325791	-0.0015237903	0.0128236226	-0.0718211526	0.0170524908	-0.0263527097	-0.0089826617	-0.0066682781	0.0022605964	0.0025184728	0.0134519492	0.0757479176	-0.0471063873	0.0266972819	-0.0144448214	-0.0178482509	0.005154264	-0.0314221505	-0.0038935991	-0.023216688	0.0462734671	-0.0383758495	-0.0245211734	-0.0487131361	0.0212652301	0.0061505592	-0.0242730962	-0.0275622166	0.0201244238	-0.0135348173	-0.0525644429	-0.031951879	0.0068364527	0.0648069399	-0.0015839312	0.0700561762	-0.0459021628	1.09371e-05	0.0041348362	0.0502971698	-0.0409421704	0.0802276435	0.0081076167	0.0186623189	0.0366378751	0.0386604491	0.01939943	0.0474121913	0.0771928075	-0.0945884884	0.0390988135	0.025332581	-0.020103516	0.0448355301	-0.0228481923	-0.013562945	-0.0258657212	-0.0019556123	0.0450741638	0.017948333	-0.0355271749	-0.0051847798	-0.0090550277	0.0493402289	0.1002328508	-0.0018742841	0.0171260265	0.0140932716	-0.0222410781	0.0156230975	-0.0259904001	0.0074548035	0.0006871075	-0.0101812175	-0.0516215379	0.0163678557	-0.0084412326	0.0263428796	0.0161760619	-0.0581060641	-0.0022775747	-0.0160385447	-0.0201571856	0.0207558705	0.0058231297	0.0158218284	-0.0362916927	-0.0484427501	-0.0331782696	0.0221384305	0.0640773341	0.0263157414	0.0214799166	-0.0137434986	-0.1259732546	-0.0225758278	-0.0124768658	0.0506271264	5.49761e-05	-0.0712582615	0.0061300743	0.0191471114	0.0601453179	0.0011243448	0.0107878641	0.0129780932	-0.0765707909	0.0441741325	-0.0192266719	0.0109535551	0.0173042725	-0.0087831855	0.0366212186	0.0008874267	0.0230363106	0.0529652861	-0.0226966528	-0.0320632118	-0.0487784554	0.0161701966	0.0010452715	-0.0235142623	-0.0253362515	0.0152017521	0.0207575043	-0.0560878255	-0.0194584647	-0.0229644595	-0.0695303145	0.0098367649	-0.019492486	0.0810398015	0.0003181101	-0.0162018021	-0.0588037766	0.0343073496	-0.0781322292	-0.008186407	-0.05306092	-0.0521678219	-0.0081882782	0.0403348709	-0.0357902981	-0.0795173159	-0.033207744	0.0732595884	0.0482314009	0.0125156926	-0.027081438	0.029365042	0.0073522017	0.0230256669	-0.0033403507	-0.0413405135	-0.0271556359	0.0148400473	-0.0124514604	-0.0436266527	-0.0429229719	-0.0906064975	-0.0413752835	0.0224957891	0.0193270302	-0.0359475156	-0.0035665373	0.0389422305	0.0162174662	0.0176100022	-0.0438501444	-0.0248014133	0.0157714385	0.0042997023	0.0261821357	0.0347206473	-0.0436504672	0.0154816305	0.0167665635	0.0222361387	0.0182904185	-0.0145708186	-0.0215046476	-0.0304967804	0.038089326	-0.021824657	0.0185921921	-0.0517067691	0.0579503939	-0.0088536106	-0.0148637807	0.1251857653	0.0631300773	0.0162810079	0.0418914137	0.0160577028	-0.0712576119	-0.044008239	-0.0002720431	-0.0600664898	0.0144839412	-0.0097752455	0.0059451202	0.0007143902	-0.0535765873	0.0029813712	-0.0092493417	0.0251216128	0.0382083581	0.0126057792	0.0241454543	0.0156301172	-0.0161227088	-0.0371097046	0.0050102205	0.0326957947	0.0152773662	-0.0514513254	-0.0335203867	-0.0674485343	0.0279973984	-0.0054298849	0.0200118302	0.0429087865	0.0376586626	-0.0570697852	-0.0012931975	0.0462741461	0.0384828171	0.02645413	0.0115125682	-0.004696647	-0.0203887125	-0.0338357689	-0.0435571555	-0.0484824465	-0.0480693164	-0.0423632548	-0.0319925587	-0.0180991493	-0.0022128355	0.0139171345	0.0285146833	0.0399724692	0.0470288708	0.0489069049	0.0453997805	0.0368936684	0.02432518	0.0090782364	-0.0071683153	-0.022625561	-0.0281442	-0.0097899	9.584214201e-05	0.00079209599364	-0.327124	-0.02022	0.107010111376	0.0004088484	-0.0615433	-0.0005706	3.2558436000000505e-07	0.00378757777489	-0.00229443	0.0006487799999999	5.2644090249e-06	4.209154883999998e-07	0.0021603	0.0002038999999999	4.66689609e-06	4.1575209999999974e-08	0.000324878	-5.9619999999999975e-05	1.0554571488400001e-07	3.554544399999997e-09	0.0	0.0	0.0	0.0	0.0	0.0	0.0	0.0	0.0	0.0	0.0	0.0	0.0	0.0	0.0	0.0	0.0	0.0	0.0	0.0	0.0	0.0	0.0	0.0	0.0	0.0	0.0	0.0	0.0	0.0	0.0	0.0	0.0	0.0	0.0	0.0	0.0	0.0	0.0	0.0	0.0	0.0	0.0	0.0	0.0	0.0	0.0	0.0	0.0	0.0	0.0	0.0	0.0	0.0	0.0	0.0	0.0	0.0	0.0	0.0	0.0	0.0	0.0	0.0	0.0	0.0	0.0	0.0	0.0	0.0	0.0	0.0	0.0	0.0	0.0	0.0	0.0	0.0	0.0	0.0	0.0	0.0	0.0	0.0	0.0	0.0	0.0	0.0	0.0	0.0	0.0	0.0	0.0	0.0	0.0	0.0	0.0	0.0	0.0	0.0	0.0	0.0	0.0	0.0	0.0	0.0
53155.326977483885	-0.5843806627235608	2825488786.083226	0.3415007589652281	64723.34358886719	370.9966279296859	4189111205.322556	137638.4979351978	53781.27296716332	23.60153038865974	2892425321.968532	557.0322366868292	53883.48643962595	52160.46154880276	1.072443	24.568449	0.129923775	0.0838476999999999	0.0108632305	0.0034108562	-0.0045996939	0.0539625868	-0.0139223324	-0.1039665752	-0.0066886532	-0.0476720764	0.0147032834	-0.0256263606	-0.0135618221	-0.0143156938	-0.0193096313	-0.0050155307	0.0549095042	0.0062575766	-0.0205466676	-0.0091683004	0.0085412729	0.0175540701	-0.0398478765	0.0504135607	-0.0646835467	0.0147837333	-0.0001824162	0.0142841756	-0.0259732916	-0.0300307109	-0.0095510265	-0.0010843063	-0.004536738	-0.0048864232	0.0200587519	-0.0507301982	0.0260783317	-0.029853038	-0.0353989098	0.0192113029	-0.0056697624	-0.0494940794	-0.0299750895	0.0273421689	0.1043407651	-0.0061774762	0.0259990975	-0.0289183867	-0.0044670274	-0.0269170421	-0.0340223795	-0.0256079063	-0.0474976608	0.0355887483	0.0221732499	0.0603424667	-0.0819396234	0.0015734154	0.0157714772	-0.0123237637	-0.0091128991	0.0232886154	0.0057888955	0.0449366765	0.0568518579	0.0200389607	-0.0049504631	-0.0062773065	-0.0057334177	-0.0709126937	0.0155785001	-0.0075240011	-0.0310939417	0.0098365956	0.0209150704	0.0670272104	0.0460639539	-0.0256573145	-0.0426946045	-0.0497743698	-0.0561890372	-0.0002055944	0.009467062	0.018171962	-0.0053127265	-0.029131386	-0.0135358724	-0.0102198506	-0.0031046578	-0.0060446974	0.0084990853	-0.0025126836	0.0230279792	0.0417625222	-0.0878214176	-0.0269843369	0.1235545601	-0.0380885602	-0.024809285	-0.0372449902	-0.0565046525	0.0047585039	0.027922003	-0.015276364	-0.0339243859	0.052036544	-0.0066921043	0.0223989631	0.0217491998	-0.0350721027	0.0666148154	0.0346526244	0.0147770708	0.0434007049	-0.0091267564	-0.003589937	-0.0197678519	0.0420304507	-0.0473998937	0.0644255072	0.003015376	0.0110230814	-0.0107021162	0.0308363244	-0.0324055563	-0.0127242951	-0.0002610909	-0.0022525536	-0.0014189117	0.0185058982	-0.0452699378	0.0289880952	-0.03372087	0.0326525347	0.0140161301	-0.0079960378	0.0462336854	0.0262177454	-0.0141510236	-0.0130107851	0.1119792652	-0.0134904864	0.0397346901	-0.0033413318	0.0145980039	0.0323066592	0.0345073214	0.0236017602	-0.0572570318	0.0126517124	0.0314927808	0.0838173625	0.027589472	-0.0134440396	-0.0096574145	-0.0157680577	-0.0384421394	0.0122548551	-0.0683560861	-0.0277104626	0.0152115975	-0.0164448427	0.0026955819	-0.0154392863	0.0624279253	-0.031136972	-0.008297042	0.0331518817	-0.0202674766	0.0135341022	0.0639464835	0.0416216232	-0.0210747202	-0.0557132277	0.0235037064	-0.0422926615	-0.0620911047	0.0054960609	0.0107856179	-0.0062203139	-0.031668883	-0.0043871604	-0.0032163848	-0.0109062821	-0.010719715	-0.0063493312	-0.0138595497	0.0016009046	0.0546042281	-0.0538928043	0.04329838	-0.1238617725	-0.010455735	0.0260751901	-0.0264364409	-0.0739669884	0.0249079746	0.0038294354	0.0180846372	-0.0131724564	0.037288531	-0.0035600655	-0.0038713799	-0.0145527873	0.0942023999	0.0074395441	-0.068052199	0.0385543122	0.0050236415	-0.0537725875	0.010074554	-0.0136615899	0.0053883174	-0.0075643297	0.0160722516	0.0241442261	0.0139681276	0.0064483799	0.0183555754	-0.0123827173	0.0155494457	0.0222868338	-0.0083934701	-0.0269086961	-0.054283877	0.0381230346	-0.0144217116	0.0380352527	0.0321851824	0.0216578227	0.0544248985	0.0246229049	-0.0367943	-0.0498813956	0.0462134553	0.0382535695	0.0259867497	0.0107941057	-0.0056138368	-0.0213897225	-0.0347573591	-0.0442116967	-0.0486882801	-0.047683095	-0.0413093142	-0.0302845558	-0.0158500872	0.0003689281	0.0165464061	0.0308609395	0.0417008682	0.0478457346	0.0486036939	0.0438894081	0.0342336544	0.020723565	0.0048802286	-0.0115125682	-0.0266091756	-0.0280942	5.000000000000143e-05	2.500000000000143e-09	0.00078928407364	-0.260799	0.066325	0.068016118401	0.004399005625	-0.0702121	-0.0086687999999999	7.514809343999995e-05	0.00492973898641	-0.00146849	0.00082594	2.1564628801e-06	6.821768836000001e-07	0.0021603	0.0	4.66689609e-06	0.0	5.32185e-05	-0.0002716595	2.8322087422499998e-09	7.379888394025e-08	0.0	0.0	0.0	0.0	0.0	0.0	0.0	0.0	0.0	0.0	0.0	0.0	0.0	0.0	0.0	0.0	0.0	0.0	0.0	0.0	0.0	0.0	0.0	0.0	0.0	0.0	0.0	0.0	0.0	0.0	0.0	0.0	0.0	0.0	0.0	0.0	0.0	0.0	0.0	0.0	0.0	0.0	0.0	0.0	0.0	0.0	0.0	0.0	0.0	0.0	0.0	0.0	0.0	0.0	0.0	0.0	0.0	0.0	0.0	0.0	0.0	0.0	0.0	0.0	0.0	0.0	0.0	0.0	0.0	0.0	0.0	0.0	0.0	0.0	0.0	0.0	0.0	0.0	0.0	0.0	0.0	0.0	0.0	0.0	0.0	0.0	0.0	0.0	0.0	0.0	0.0	0.0	0.0	0.0	0.0	0.0	0.0	0.0	0.0	0.0	0.0	0.0	0.0	0.0	0.0	0.0
52907.034252917125	-248.2927245667597	2799154273.439346	61649.2770727848	64355.72824902344	-367.6153398437455	4141659758.462154	135141.03808843243	53724.386601638056	-56.88636552526441	2886309715.7222667	3236.058582673991	53836.974808218365	51074.6496204723	1.169903	26.801153	0.104871325	0.0525611	0.0152818357	0.0003655468	0.0043581594	0.0334923302	-0.0089310869	-0.034940168	0.0195725982	0.0287928062	-0.0010925582	-0.0194406524	0.0162120253	-0.0092637387	-0.0011842429	0.0370671401	0.0599592923	-0.0065052515	0.0062589309	-0.041650832	0.0603348765	0.055333841	-0.0260587427	-0.0346788072	0.0235821144	-0.0005346575	-0.031278218	-0.0605321298	-0.0243260716	0.0459502211	-0.030729518	-0.0168343652	0.0267464064	0.0504246515	-0.0365061407	-0.0026060273	-0.0011174336	-0.0125099787	0.0234600304	-0.0153352589	0.0053881322	-0.011667765	-0.0385136937	0.0029270001	0.0424649686	0.0178222013	-0.0376072051	-0.0250198866	0.0082428982	0.0096498594	0.0503643668	-0.0051029693	-0.0067412448	0.0016674463	0.0025806363	-0.0237388004	-0.038061209	0.0424662403	-0.0001576452	-0.0004071154	-0.0241460483	0.0806205046	-0.0300965964	0.0236274219	-0.0333928116	0.0511349947	0.0078231283	-0.0854913326	0.0100344297	-0.0033392226	0.0314598508	0.0735371171	0.0247562088	0.0402051535	0.030072738	-0.0267782647	-0.0135782729	-0.016606848	0.0110017264	-0.0148282288	-0.0085696378	-0.0240789716	-0.0081951217	-0.0061634587	0.0705489312	-0.0384894895	-0.0103781763	0.0174516717	-0.0285514493	-0.0274982636	0.01349985	-0.059086994	-0.0650528691	0.0331280729	0.047817439	-0.0437256544	-0.0208507558	-0.0390424451	0.0705865557	0.0120756857	0.0096908025	0.0125996177	0.0190141122	-0.0257191912	0.0488265916	0.0183767015	-0.0036908599	-0.055989197	0.0044216859	-0.0072119209	-0.0073901785	-0.0179846128	-0.0008119394	0.0590895256	-0.0444625801	-0.0541134986	-0.057263417	0.0266614657	0.0333894204	-0.0262407499	-0.0080237999	0.0286253601	0.0581423123	0.0194681402	0.0532260421	-0.0132565343	-0.0220544146	0.0180406491	0.0548830117	-0.0424916076	-0.0017402359	-0.0002263701	-0.0096328125	-0.023599398	-0.0190768343	-0.0002919775	0.015556259	0.0424867574	-0.003009265	0.0229204593	0.0361559188	0.042076381	0.02038441	-0.0029199755	-0.0020546234	-0.0477277663	-0.0018747451	0.0016112855	-0.0096666497	-0.0118288622	-0.029115884	0.0089410346	-0.0101585191	-0.0433507527	0.0025687321	-0.0131707507	-0.0606382442	0.0523061438	-0.0384752733	0.0555480999	-0.0568071874	-0.0116524843	0.0739082965	-0.005456792	0.0072972083	-0.0307873455	0.0602874651	-0.0636863796	-0.0465916536	0.0156263066	-0.0098586884	-0.0157308134	-0.0115366443	0.0118888666	0.0033621857	0.0106287477	-0.0263594776	-0.0058379104	0.0094218004	0.0653410775	-0.0158104034	0.0153679705	0.0346676807	-0.0470895445	-0.0169651764	-0.0313734109	-0.066598007	-0.0120510321	-0.0380657544	0.0093175774	-0.0774939078	0.0223329666	0.0137158178	0.0704908383	-0.016513209	0.0251728447	-0.0274871492	-0.003120891	0.0277913536	0.0013849525	-0.0482033694	-0.0128956567	0.0514313682	0.0018837911	0.0186567806	-0.0082832731	-0.0085890852	0.0528646082	0.032739237	0.0111085608	0.0086758475	-0.0209967273	-0.0007672883	0.0013965125	0.0094919442	0.0001575678	0.0092873623	0.0032574889	0.0073427705	-0.0272460708	-0.0082056732	0.0119242811	-0.0331729554	-0.0080882928	-0.0222964278	-0.039283106	-0.0164895773	-0.0170154649	0.0191484973	0.028569759	0.0433657841	0.0268116908	-0.0179308922	-0.0242112637	0.0461521087	0.0380221508	0.0255160508	0.0100731925	-0.0065290352	-0.0223798066	-0.0356547843	-0.044826091	-0.0488381591	-0.0472292216	-0.0401844584	-0.0285146833	-0.0135630238	0.0029496658	0.019122865	0.0330951267	0.0432583199	0.0484427166	0.0480516209	0.0421300458	0.0313595323	0.0169797078	0.0006456115	-0.0157627911	-0.0303569825	-0.0280087	8.549999999999877e-05	7.310249999999791e-09	0.00078448727569	-0.299267	-0.038468	0.089560737289	0.001479787024	-0.0539923	0.0162198	0.0002630819120399	0.00291516845929	-0.00105511	0.00041338	1.1132571121e-06	1.708830244000001e-07	0.00217876	1.846000000000009e-05	4.7469951376e-06	3.4077160000000336e-10	-0.000516902	-0.0005701205	2.67187677604e-07	3.2503738452025e-07	0.0	0.0	0.0	0.0	0.0	0.0	0.0	0.0	0.0	0.0	0.0	0.0	0.0	0.0	0.0	0.0	0.0	0.0	0.0	0.0	0.0	0.0	0.0	0.0	0.0	0.0	0.0	0.0	0.0	0.0	0.0	0.0	0.0	0.0	0.0	0.0	0.0	0.0	0.0	0.0	0.0	0.0	0.0	0.0	0.0	0.0	0.0	0.0	0.0	0.0	0.0	0.0	0.0	0.0	0.0	0.0	0.0	0.0	0.0	0.0	0.0	0.0	0.0	0.0	0.0	0.0	0.0	0.0	0.0	0.0	0.0	0.0	0.0	0.0	0.0	0.0	0.0	0.0	0.0	0.0	0.0	0.0	0.0	0.0	0.0	0.0	0.0	0.0	0.0	0.0	0.0	0.0	0.0	0.0	0.0	0.0	0.0	0.0	0.0	0.0	0.0	0.0	0.0	0.0	0.0	0.0
52921.95882819618	14.924575279052078	2800733726.213291	222.7429472600924	64438.14737792969	82.41912890624371	4152274837.4997854	6792.912809664018	53744.64188017559	20.25527853753738	2888486530.8283243	410.2763086332224	53857.90075393227	51805.69811662946	1.070101	24.514809	0.0820447	0.051522	0.0081748064	0.0167052182	0.0139999432	0.0504058416	-0.0414921598	-0.0603743245	0.0409348188	0.0193921642	-0.0215215477	0.0347187358	-6.58934e-05	-0.002775881	-0.0209387601	0.0070714334	0.0426115827	-0.0212626996	-0.0389348718	-0.0374977012	0.0432144576	0.0192359878	0.0441324812	0.0115851745	0.0393238286	-0.0534871374	-0.0057363691	0.0289372933	-0.0159463839	-0.0063857719	0.0319204913	0.0104533783	0.0037741746	0.0559457174	-0.018662075	0.048914832	0.0106918659	0.0365913915	-0.048459288	0.0107596635	-0.0702317966	0.0532663629	-0.0211952163	-0.018180131	0.0156800154	-0.0244341702	-0.001477801	-0.0251888704	0.0012704625	-0.0333648741	0.0019364804	-0.0326108263	-0.0631686212	-0.0571753187	0.0003045878	0.0215381296	-0.004999981	-0.0658485658	-0.0493380166	-0.0651943999	-0.0041920562	-0.0397577433	-0.0247189219	-0.0133511468	-0.0176000911	0.0015911447	0.0312400339	0.0035156611	0.0181911163	0.0061399901	-0.0100960223	0.0465559027	-0.0322642937	-0.0006118016	0.0296093629	0.0584732164	0.0343741817	-0.0326290995	0.035694639	-0.0031691728	-0.0051742998	-0.0600561059	-0.0337118875	0.0040832884	-0.0604642885	-0.0137029468	-0.0462037089	-0.0297183262	0.0094767083	0.0775760139	-0.0161822392	0.0728720894	-0.0132007935	0.0622643221	0.0523560695	-0.0131649968	-0.0052209841	-0.0111647096	0.0023280534	0.0393104041	-0.0036610324	0.021591493	-0.0399762895	0.0573444161	-0.0535234847	0.003792126	-0.0089226945	0.1032222287	0.0478770688	-0.0008369019	0.0316079215	0.0215419138	0.0192288007	0.0130074046	-0.0404274976	-0.0417885399	-0.0198363323	-0.0441150542	-0.0138669632	-0.0430688949	-0.0424964824	-0.0156942183	-0.0298749614	0.0096676155	-0.0114130979	0.0362372984	0.0094733966	-0.0016891908	0.0528840931	-0.0228676725	0.0483693783	0.0053436835	0.0377604878	0.0532358731	0.0144576516	-0.0612041342	-0.0555843619	0.0157139637	0.0216536749	-0.0310620994	0.0138663543	0.0137654203	0.0228913108	-0.008979269	0.0075260427	0.0070154211	0.0432645731	0.0682857571	-0.0009482951	-0.053197999	0.0044614494	0.0254496986	0.0029311624	0.0738642761	0.0413970804	-0.046303454	0.0424385648	-0.0070473392	0.0133755573	0.0053760927	-0.0220146914	0.0228152608	0.0118577643	-0.0186670145	-0.010016013	0.0244203189	0.0378562019	0.0154946764	-0.002838236	0.023555356	0.0577273196	0.0194642271	-0.0673134646	0.0318109846	-0.0070566479	0.0433029672	-0.0409496243	-0.0170778314	0.0078787055	-0.0613418282	-0.0432087377	-0.0550348672	-0.0364122216	0.0142475706	-0.0227709945	0.0394101907	0.0639116406	-0.060094476	0.0443957462	0.0262443894	-0.0719826152	0.0046721323	-0.002112642	0.0149259887	-0.0227905495	0.0309721957	0.026147365	-0.0337908556	-0.0475269734	-0.0070316466	0.0753086381	0.0382151885	-0.0856675179	0.0317611808	0.0271849768	0.018944427	-0.036455456	-0.0012011434	-0.0126572912	0.0029420247	0.0123786726	-0.0035434938	0.0008347308	0.0057221588	0.0156078732	0.0028299499	-0.0108477573	-0.006498806	-0.0101466792	-0.0169545778	-0.018961492	-0.0005460195	-0.0197919846	0.053505563	-0.026583845	-0.0020931412	0.0090178166	0.0184080831	0.0295175367	0.0202200407	0.0606893631	-0.0007012649	-0.0094749134	-0.032999711	0.0460901072	0.0377885739	0.0250420933	0.0093499925	-0.0074419176	-0.023358459	-0.0365274207	-0.0453997805	-0.0489319113	-0.0467083402	-0.0389906186	-0.026686557	-0.0112434423	0.005522202	0.0216382877	0.0352091317	0.0446384398	0.0488170731	0.0472535125	0.0401316745	0.0282892778	0.0131193052	-0.0035938487	-0.0198842699	-0.0338357689	-0.0351505	-0.0071418	5.1005307240000006e-05	0.00123555765025	-0.254859	0.044408	0.064953109881	0.001972070464	-0.0539859	6.399999999996686e-06	4.095999999995758e-11	0.00291447739881	-0.00116191	-0.0001068	1.3500348480999998e-06	1.1406239999999998e-08	0.00167579	-0.00050297	2.8082721241e-06	2.5297882090000013e-07	-0.000516902	0.0	2.67187677604e-07	0.0	0.0	0.0	0.0	0.0	0.0	0.0	0.0	0.0	0.0	0.0	0.0	0.0	0.0	0.0	0.0	0.0	0.0	0.0	0.0	0.0	0.0	0.0	0.0	0.0	0.0	0.0	0.0	0.0	0.0	0.0	0.0	0.0	0.0	0.0	0.0	0.0	0.0	0.0	0.0	0.0	0.0	0.0	0.0	0.0	0.0	0.0	0.0	0.0	0.0	0.0	0.0	0.0	0.0	0.0	0.0	0.0	0.0	0.0	0.0	0.0	0.0	0.0	0.0	0.0	0.0	0.0	0.0	0.0	0.0	0.0	0.0	0.0	0.0	0.0	0.0	0.0	0.0	0.0	0.0	0.0	0.0	0.0	0.0	0.0	0.0	0.0	0.0	0.0	0.0	0.0	0.0	0.0	0.0	0.0	0.0	0.0	0.0	0.0	0.0	0.0	0.0	0.0	0.0	0.0	0.0	0.0
52786.50275438362	-135.45607381255832	2786414873.0385494	18348.347932713248	64275.74297363281	-162.40440429687442	4131371134.812508	26375.19053502264	53561.14373035542	-183.49814982017412	2868796117.703792	33671.57098742708	53670.36690874762	51284.77271015118	0.846831	19.39994	0.02496	0.0161581	0.0134032023	0.019419039	0.0255142479	0.0411394079	-0.0448181284	-0.0643932834	0.0398059994	-0.0241878099	0.0051866491	0.0360341629	0.0180646612	-0.0113260081	-0.0054847439	0.0086321174	-0.0125001934	-0.0221083726	0.0021792533	0.0181278482	-0.0314063564	0.0156661794	0.0227770556	0.0733637394	0.0291800279	-0.0285108913	-0.0165323037	-0.0127360084	-0.0095723754	-0.0026014395	-0.0034273396	-0.0434690906	-0.0064802611	0.0534281105	0.0097959209	-0.0041089785	0.0356325713	0.0055467361	0.0001177987	-0.0379559461	0.0834074474	0.015783307	0.0094477049	-0.0153059338	-0.047565947	0.0116801887	-0.0076586677	0.026712458	-0.0209272911	0.0265948363	-0.0117915963	-0.0346157299	0.0254418786	0.0144835474	0.0302829222	0.0244790154	-0.0431555736	-0.0155668982	0.1188801267	-0.0506311828	-0.0417543321	-0.0186214506	0.0089188008	0.0154973247	-0.0158679258	-0.0197941151	-0.0865118792	0.0796002672	-0.0487175331	0.0216719037	0.0486555051	-0.0344041877	0.0298277201	-0.0015207652	-0.0380188907	0.0446462065	0.0071175489	-0.0040577593	0.034608923	-0.0184423235	-0.0599040946	-0.0161951283	-0.0026238492	-0.0239690924	-0.0526268528	-0.008291141	-0.0219231146	-0.035065793	-0.104817854	0.0195492944	-0.023108024	0.0444910558	-0.0078031025	0.0752345595	0.0303319821	-0.0618813807	0.0345177391	-0.0736624521	-0.0038545891	0.01605343	0.0184986361	-0.0161978838	0.0240237168	0.0491164585	-0.0504887806	0.0241157908	-0.0545070439	-0.0246775141	0.0650819598	-0.010003462	-0.0131059534	0.0926122128	-0.0030043877	-0.0787060081	0.0174918912	0.0325986612	-0.0174681908	-0.0227831101	-0.0700523002	-0.0325948849	-0.0323831875	-0.0005943443	0.013395186	0.0105437226	-0.0033121109	0.0017502206	-0.0410722777	-0.0117729967	0.0520226759	0.0145529124	-0.0001630378	0.0338167676	-0.0006352561	0.0008278968	-0.0410599246	0.0808267861	-0.0035886047	-0.002635461	0.0143955334	0.0109099971	-0.0552541795	0.0054316075	-0.0262209205	0.0358747549	-0.0224947559	0.0086900898	0.0261722283	-0.0334094777	-0.0141769138	-0.0132179351	0.0112384289	0.0511121443	0.0388599188	0.0080553275	-0.1338081353	-0.0482789491	0.0113133815	-0.0224582138	0.0054467159	0.0090751126	0.0282754718	-0.0554415136	-0.0934887632	0.0595760237	-0.0176231476	-0.0324657437	-0.0156214491	-0.0074644141	0.0176679886	-0.0378644309	0.0250272976	0.013222437	-0.0199788253	0.0179177504	0.0087687814	-0.0432429279	-0.0468824852	-0.0434455725	-0.0209573039	-0.0470801047	-0.0264112326	-0.0058162419	-0.0231848703	-0.0991854097	0.0081561894	0.0401579263	0.0265327274	-0.0344812861	0.0500776634	-0.0180445495	-0.088337839	-0.0375578962	-0.0458110551	0.0334296	-0.0246890996	-0.0159574839	-0.0582446624	0.0172316319	-0.0354041639	-0.0283628125	0.0629053735	-0.052786551	-0.0001987231	0.0815291642	-0.0102183168	-0.0557355804	-0.0636730177	-0.0593734625	-0.0357354208	-0.0102050629	0.0173123036	0.0008704671	0.0017343121	0.0145673501	0.0158553729	-0.0085702068	-0.0093089492	-0.023511743	-0.0014312093	-0.0071642219	-0.0215032942	0.0033787827	-0.0323650442	0.0156075229	-0.0237503961	0.046558672	-0.0040821106	0.0282282019	0.0375028866	0.00986406	0.0303877157	-0.0062668273	-0.0201085193	-0.0104243458	0.0460274517	0.0375528523	0.0245649379	0.0086246698	-0.0083521601	-0.02432518	-0.0373746616	-0.0459322442	-0.048969429	-0.0461211897	-0.0377298441	-0.0248039116	-0.0088969041	0.0080793838	0.0240846454	0.0371952777	0.0458355703	0.0489670838	0.0462134553	0.0379056313	0.0250420933	0.0091688544	-0.0078063495	-0.0238433419	-0.0370147062	-0.0434095	-0.0082589999999999	6.821108099999992e-05	0.0018843846902499	-0.254867	-8.000000000008e-06	0.064957187689	6.400000000012802e-11	-0.053937	4.8900000000004495e-05	2.3912100000004397e-09	0.002909199969	-0.000900568	0.0002613419999999	8.110227226240001e-07	6.829964096399995e-08	0.00160425	-7.153999999999993e-05	2.5736180625e-06	5.11797159999999e-09	-0.000516902	0.0	2.67187677604e-07	0.0	0.0	0.0	0.0	0.0	0.0	0.0	0.0	0.0	0.0	0.0	0.0	0.0	0.0	0.0	0.0	0.0	0.0	0.0	0.0	0.0	0.0	0.0	0.0	0.0	0.0	0.0	0.0	0.0	0.0	0.0	0.0	0.0	0.0	0.0	0.0	0.0	0.0	0.0	0.0	0.0	0.0	0.0	0.0	0.0	0.0	0.0	0.0	0.0	0.0	0.0	0.0	0.0	0.0	0.0	0.0	0.0	0.0	0.0	0.0	0.0	0.0	0.0	0.0	0.0	0.0	0.0	0.0	0.0	0.0	0.0	0.0	0.0	0.0	0.0	0.0	0.0	0.0	0.0	0.0	0.0	0.0	0.0	0.0	0.0	0.0	0.0	0.0	0.0	0.0	0.0	0.0	0.0	0.0	0.0	0.0	0.0	0.0	0.0	0.0	0.0	0.0	0.0	0.0	0.0	0.0	0.0
52742.48580139344	-44.01695299017592	2781769808.510189	1937.4921505393568	63827.53470019531	-448.2082734374999	4073954185.904637	200890.65637782463	53518.64482402986	-42.49890632555616	2864245343.8006587	1806.1570388683976	53626.238892646885	50429.21253804789	1.03243	23.651806	0.06877115	0.0345432	0.0154400875	0.0176162889	0.0271339455	0.0048541288	-0.047486182	-0.0394945061	0.064864172	-0.020121628	0.0030198226	-0.0271580839	0.0151192934	-0.0016310485	0.0131837966	0.0223682816	-0.024478277	0.0010127859	-0.0090910195	0.0358665775	-0.0486947135	0.0247954562	-0.073210112	-0.0055323755	-0.0082118322	-0.0677446093	0.0130791539	0.0290484412	-0.0272305712	0.0076117415	0.0201990663	0.0535364481	0.0833547945	0.0017057234	-0.0336695372	-0.0185878214	-0.0628370182	0.0081770565	-0.0166662322	-0.0087989683	0.0351907184	-0.0162210926	0.0085763147	0.0170396621	-0.0149717691	-0.0270966335	0.0235197026	-0.0391153641	0.0119027939	0.0049319742	-0.0239735799	0.0085416857	-0.0120999686	-0.041082857	0.0138144077	-0.0076521116	0.0593619853	-0.0329697303	0.0030489917	0.0362045797	-0.0521591627	-0.0458659681	-0.0144025804	0.0069695394	0.0197389045	-0.0076533148	0.039288094	0.0029160779	-0.0750668762	-0.0102687623	-0.0086621383	0.0407222784	-0.0083679744	0.0044667084	-0.0196775264	0.0095992693	0.0031932422	-0.0064831322	0.0313201806	0.0372806244	0.0198019982	-0.0238921117	-0.0149078657	0.0639123409	0.0043254797	-0.0004163587	0.0124373049	0.0271533207	-0.0003387279	0.0028242714	-0.0468171992	0.0001930722	0.038226343	-0.0318913545	-0.0301338667	-0.0046546481	-0.0209014114	-0.0492311679	0.0098383376	0.0101094424	0.0217144021	-0.0251423072	-0.0035093669	0.0041657738	-0.0011237404	-0.014451257	-0.0205376525	-0.0140137367	-0.0050802616	0.013573859	0.057388923	0.0325794341	0.0293956081	-0.0152021078	0.0367534812	0.0500899536	-0.0256599711	0.0699801126	0.0091584831	0.0023008896	-0.0537729357	-0.0334549878	-0.0300294326	0.0242722537	0.0041288661	0.0200212416	0.065000804	0.0801740523	0.0110845977	-0.0340048906	-0.0257608918	-0.0612300813	0.0078021469	0.0168383815	-0.0082889734	0.0376032218	0.0121615539	-0.0122175042	-0.0203262626	-0.0251289611	-0.0087113356	-0.0196566122	0.0270297044	-0.0132026252	-0.0117064618	0.004607737	-0.0008085493	0.0327757505	0.0378261977	-0.0027955132	0.0293436773	-0.0718328219	0.0390801329	-0.0134291821	0.0117894293	-0.0393654953	0.0559248216	-0.0043181586	-0.0014255085	-0.0171395379	0.0143568716	0.0420456553	-0.0019415923	0.0566765422	0.048264927	0.0213064264	0.0367519418	0.0028977355	0.0042630557	-0.0191035664	0.0074436891	0.0042594539	-0.0168766331	0.0391661031	-0.0479172761	0.0227644973	0.0042399284	0.0421345392	0.0379198993	-0.0036123372	0.0073954734	-0.0023616941	0.0356724816	-0.0005456581	0.0096480225	-0.0204233854	0.0483841869	0.0093707389	-0.0021903966	-0.0329092544	0.033604042	0.0258837334	-0.0440104212	0.0310456945	-0.000707879	0.0129563321	-0.0168139129	0.020269383	0.000230612	0.004937779	0.0095593424	-0.0227448131	-0.0041986346	-0.0147034849	0.0146880837	0.0145257279	-0.0470039617	-0.0282101482	-0.0378472847	-0.0459577893	0.0187013806	0.003969482	-0.0027968368	0.0119703806	0.0135695063	-0.0020966634	-0.0254388539	-0.0266582164	-0.0138464464	-0.0265405395	0.0104584392	0.0102609587	-0.055505945	-0.031780578	-0.0393265545	0.0168727976	-0.0162989247	0.0056966584	0.052666552	0.0007771036	0.0299098852	0.0050572928	-0.0071525622	-0.0440629113	0.0459641431	0.0373149993	0.0240846454	0.007897389	-0.0092594399	-0.0252794756	-0.0381959179	-0.0464229987	-0.0489506689	-0.0454686032	-0.0364042993	-0.0228705931	-0.0065290352	0.0106141007	0.02645413	0.0390463521	0.0468448038	0.0488920593	0.0449367745	0.0354645447	0.0216382877	0.0051554705	-0.0119602904	-0.0276076712	-0.039865623	-0.0320696	0.0113399	0.00012859333201	0.0010284592441599	-0.254883	-1.6000000000016e-05	0.064965343689	2.5600000000051207e-10	-0.0638874	-0.0099503999999999	9.901046015999996e-05	0.00408159987876	-0.000494852	0.000405716	2.448785019040001e-07	1.6460547265599997e-07	0.00203754	0.00043329	4.1515692516e-06	1.8774022410000005e-07	-0.000627193	-0.0001102909999999	3.93371059249e-07	1.2164104680999998e-08	0.0	0.0	0.0	0.0	0.0	0.0	0.0	0.0	0.0	0.0	0.0	0.0	0.0	0.0	0.0	0.0	0.0	0.0	0.0	0.0	0.0	0.0	0.0	0.0	0.0	0.0	0.0	0.0	0.0	0.0	0.0	0.0	0.0	0.0	0.0	0.0	0.0	0.0	0.0	0.0	0.0	0.0	0.0	0.0	0.0	0.0	0.0	0.0	0.0	0.0	0.0	0.0	0.0	0.0	0.0	0.0	0.0	0.0	0.0	0.0	0.0	0.0	0.0	0.0	0.0	0.0	0.0	0.0	0.0	0.0	0.0	0.0	0.0	0.0	0.0	0.0	0.0	0.0	0.0	0.0	0.0	0.0	0.0	0.0	0.0	0.0	0.0	0.0	0.0	0.0	0.0	0.0	0.0	0.0	0.0	0.0	0.0	0.0	0.0	0.0	0.0	0.0	0.0	0.0	0.0	0.0
52815.454401346135	72.96859995269187	2789472223.6206727	5324.416579055985	64095.399983398434	267.8652832031221	4108220299.031832	71751.8099454888	53618.087346621134	99.44252259127096	2874899290.709893	9888.815299315438	53729.18985638677	50451.92768491274	0.8540539999999999	19.565409	0.0683092499999999	0.0419636	0.0141448511	0.0104209621	0.0245346457	0.0166689436	-0.0446815727	-0.0209661739	0.0428446837	0.014751145	-0.00259786	-0.0120741365	-0.0085406153	5.98963e-05	0.001712161	0.0151550512	0.0204952833	0.0198281256	0.024177642	0.0105995444	-0.0192547412	0.0339611462	-0.0308633549	-0.038900475	-0.0087335239	0.0303120554	0.0044933034	-0.0847028531	-0.0052200759	0.0236800634	-0.0502363599	-0.0046630437	0.0419275205	0.0192795032	-0.0176521495	-0.0427311856	0.0012089222	0.0059906851	-0.018336935	0.0220387408	-0.002539341	-0.0433802138	-0.0351986816	-0.0297822069	-0.0085182809	-0.0041582861	-0.0272028484	-0.0187007218	-0.0088729183	0.0277278709	-0.0105791694	0.0237502309	0.001590845	0.0324001768	0.0192315032	0.0218611716	0.0107871381	-0.0298349439	-0.047348581	-0.0104817968	0.0120415978	0.0350657945	0.0462247143	0.0204366916	-0.042365872	-0.0113533158	0.0038909636	-0.000172518	0.0780996217	-0.0248834534	0.038905841	-0.0017551743	0.0030360718	0.0439148982	-0.0038791228	-0.0766463254	-0.0286028357	-0.0375855705	-0.0196131227	0.0549099758	-0.0182375298	-0.0158713535	0.0079867386	-0.0285482952	0.0050379122	-0.0008060174	0.0060438498	-0.0197102182	-0.0334178957	0.0089566595	0.0094641887	-0.0018724981	0.0494464298	-0.0060326811	0.0118829212	-0.0238877528	0.0059017421	-0.0113487433	-0.0146818632	0.0129170369	-0.073668997	-0.0339145324	0.035401843	-0.0376345695	0.0156980935	-0.0438581825	0.0422344515	-0.0271539449	0.0324937086	-0.0929224208	0.0021308841	0.0155341961	-0.001462661	0.0131972202	0.0101758878	0.0195558113	-0.0333270739	0.0275134674	0.0407993065	0.0094406525	0.0228985179	0.0085791761	0.0864935657	0.0079832071	0.0313845879	-0.0444145635	-0.0053293275	0.0352856474	0.0266121479	-0.022035924	-0.0450421023	0.003754329	0.0054621759	0.0139440855	0.0197687124	-0.0072140342	0.0512346747	0.0330479719	0.0289824155	-0.0160100414	-0.0095925778	0.0279194264	0.0138892603	0.0150253743	-0.0156247372	0.0053797508	-0.0243622296	-0.0159501442	-0.0287028848	0.0187952244	0.0270637487	-0.0081738287	0.0102776138	0.032995845	0.0428447507	0.00311124	-0.0464738677	-0.0283501447	0.008790953	0.0544627741	0.0108460206	0.001311509	-0.0026374652	-0.0715457815	-0.0146487962	-0.0522131784	-0.0117198443	-0.0177605369	-0.0477870902	0.0119460381	-0.0700014461	-0.0184578092	-0.0123591698	-0.010609744	-0.0624377429	-0.002250424	0.0117735023	-0.0148822451	-0.0228561445	0.0072556046	-0.0034945501	0.0121579578	-0.0045095895	-0.0191988692	0.0050267581	0.0379549782	0.0302985947	0.0349484036	-0.0124627104	-0.0382059382	-0.0097370239	-0.0043062243	0.009482594	-0.0052520147	-0.0771166771	-0.0385879492	0.0140496541	0.0428025604	0.0029849303	0.0635469027	-0.0411813031	0.0291777293	0.0235802788	0.0042923175	0.0436155769	-0.0643100383	-0.0041733168	0.0235421988	0.0033923092	-0.0072536551	0.015625537	-0.0073226242	-0.000633227	0.0108929407	0.0183272479	0.0064286741	-0.0203763803	-0.02936519	-0.0053572241	-0.0306155395	-0.0161293202	0.0085124428	-0.0497271246	-0.025388598	-0.0345958845	-0.049155081	-0.0282808717	-0.0001905491	0.0308809773	-0.003538174	0.0197554386	0.0004638309	-0.0091787378	-0.0121942058	0.0459001824	0.0370750283	0.0236012772	0.0071683153	-0.0101634351	-0.0262208584	-0.0389906186	-0.0468715983	-0.0488756528	-0.0447515066	-0.0350162597	-0.0208905514	-0.0041455125	0.0131193052	0.0287391785	0.0407556328	0.0476620031	0.0485923444	0.0434300072	0.0328222635	0.0180991493	0.0011067004	-0.0160245105	-0.0311465121	-0.0423632548	-0.0279843	0.0040852999999999	1.6689676089999973e-05	0.00078312104649	-0.292541	-0.0376579999999999	0.085580236681	0.0014181249639999	-0.0538644	0.0100229999999999	0.0001004605289999	0.00290137358736	-0.000538786	-4.393399999999992e-05	2.90290353796e-07	1.930196355999993e-09	0.00175494	-0.0002826	3.0798144036e-06	7.986276000000002e-08	-0.000622868	4.32500000000001e-06	3.8796454542399993e-07	1.8705625000000088e-11	0.0	0.0	0.0	0.0	0.0	0.0	0.0	0.0	0.0	0.0	0.0	0.0	0.0	0.0	0.0	0.0	0.0	0.0	0.0	0.0	0.0	0.0	0.0	0.0	0.0	0.0	0.0	0.0	0.0	0.0	0.0	0.0	0.0	0.0	0.0	0.0	0.0	0.0	0.0	0.0	0.0	0.0	0.0	0.0	0.0	0.0	0.0	0.0	0.0	0.0	0.0	0.0	0.0	0.0	0.0	0.0	0.0	0.0	0.0	0.0	0.0	0.0	0.0	0.0	0.0	0.0	0.0	0.0	0.0	0.0	0.0	0.0	0.0	0.0	0.0	0.0	0.0	0.0	0.0	0.0	0.0	0.0	0.0	0.0	0.0	0.0	0.0	0.0	0.0	0.0	0.0	0.0	0.0	0.0	0.0	0.0	0.0	0.0	0.0	0.0	0.0	0.0	0.0	0.0	0.0	0.0
52871.194927384735	55.740526038600365	2795363253.0495133	3107.006243059885	64087.71440917969	-7.685574218747206	4107235138.192578	59.06805107187173	53649.61761344747	31.53026682633936	2878281470.0691333	994.157726140156	53764.35080708106	51315.01185794186	1.05205	24.101278	0.0516638	0.0285002	0.0056560773	0.0109981688	0.0255702817	0.0437218801	-0.0408871875	-0.0285331235	0.0300961967	0.0426599784	0.0095956878	0.0163894009	-0.017286261	-0.0149268285	0.0091371393	-0.0101694894	-0.0159213646	-0.0112696746	-0.0174649261	-0.0058929424	0.0177196426	-0.0218157346	0.0532236729	-0.0158494998	0.0453256545	-0.0207013252	-0.0230009347	0.0089592449	-0.005124098	-0.0471916163	0.0300862471	-0.041098974	-0.0108881308	0.02152424	-0.0231117721	-0.006659338	0.0466792197	-0.0118488761	0.0184727532	3.87642e-05	0.0138636827	0.0559987312	0.0458483794	0.0352101957	0.0420493101	-0.0798554275	-0.0016259223	-0.0409671224	0.0247033231	-0.0199563023	0.0155672795	0.0333375463	0.0479211018	0.0185771411	-0.0093747728	-0.0026536801	0.0059457392	-0.0083106799	0.0449355642	0.0244852475	0.0283752533	0.0065258034	0.0362498758	0.0054620043	0.0175607666	-0.0206132402	0.0498630397	0.0504289313	0.0589429098	-0.0401841536	-0.0279098131	-0.0078001685	0.0155557771	-0.0475549222	-0.0756349954	0.0108104171	0.030911985	0.0229991687	0.0062014469	0.061102894	-0.0295788243	0.0248223855	0.051065306	0.007529779	-0.0282745169	-0.0387028126	0.0425093596	0.0098511428	0.046904365	-0.014893313	0.0129848682	-0.0257888018	0.0861929693	-0.0293436004	0.0646082159	0.0413398741	0.0475511867	-0.0083547375	-0.0010215059	-0.0546881239	0.0247561711	-0.0725249639	0.0163792407	-0.0155860623	0.0160835521	-0.0110186275	0.0025058389	0.0095885327	0.0572719279	0.0015662163	0.0061398043	-0.0956108065	-0.0367465541	-0.0658864225	-0.0075845059	-0.0202829137	0.0224379348	-0.0525894768	0.0125267712	-0.0514125722	-0.02236811	0.008911742	-0.0097355968	0.0004504151	-0.0476592392	0.0287473343	-0.0446012422	-0.0090488144	0.0149629299	-0.0177405981	-0.0007837257	0.0435744858	-0.0166095278	-0.0130020162	-0.0036926079	0.0239068569	-0.0677828423	-0.0490079568	-0.0179838105	-0.0642870679	0.0539778637	0.0151878583	0.0198270776	-0.0212565722	0.0116868814	-0.0376595425	-0.0232102996	-0.0287737303	0.0287284988	0.0355920512	-0.0019412825	-0.0090688468	0.0259421482	0.0040814208	-0.0291533239	0.0357125619	-0.0177601438	-0.0160977279	-0.0062713739	-0.0229933911	0.0206158821	0.0497582409	-0.0411579478	-0.0846852282	0.0315947377	0.0217884213	-0.0148827973	0.0088959416	0.0693855404	-0.0532666499	-0.0182270074	0.0354405769	0.0194942649	0.0118135087	-0.0614301938	-0.043359168	0.0136885181	0.009485654	-0.0316609738	-0.0104369804	-0.041675256	0.0376713451	-0.0056878083	0.0473381176	0.0274844784	0.0022868299	0.0308059148	0.0950264791	-0.0018650336	0.0393367719	0.006764606	-0.0228585235	-0.0165155972	0.0314471659	0.0597811837	-0.037003682	-0.005093421	0.0800581883	0.0028530402	-0.0113184107	-0.0274362154	0.0031130876	-0.0140570691	0.0560984165	0.0310343146	0.0288990592	0.1002923195	-0.0935716979	0.0034134456	0.0237624569	0.0186268234	-0.0036178043	0.0031145133	0.0043039108	0.0132655158	-0.0174980609	-0.0107746741	-0.0222661165	-0.0130612028	-0.0341197775	-0.0156569787	0.006303079	-0.0085212095	0.0516679916	-0.0341415161	-0.0294168818	-0.0251222167	0.0399336405	0.0133279085	-0.0351990959	0.0177197355	-0.0006989534	-0.0082921547	-0.019149503	0.0458355703	0.036832953	0.0231148951	0.0064376142	-0.0110638251	-0.0271488476	-0.0397582112	-0.0472776357	-0.0487444668	-0.0439709173	-0.0335681082	-0.0188678315	-0.0017520508	0.0155880314	0.0309324975	0.0423169129	0.0482838183	0.0480693164	0.0417008682	0.0299937775	0.0144468132	-0.0029496658	-0.0199685217	-0.0344309608	-0.0444854679	-0.0313119	-0.0033275999999999	1.1072921759999978e-05	0.0009804350816099	-0.268804	0.023737	0.0722555904159999	0.000563445169	-0.0539269	-6.250000000000006e-05	3.906250000000007e-09	0.00290811054361	-0.000845844	-0.000307058	7.15452072336e-07	9.428461536400001e-08	0.00167723	-7.770999999999993e-05	2.8131004729000003e-06	6.038844099999989e-09	-0.000516902	0.0001059659999999	2.67187677604e-07	1.1228793155999996e-08	0.0	0.0	0.0	0.0	0.0	0.0	0.0	0.0	0.0	0.0	0.0	0.0	0.0	0.0	0.0	0.0	0.0	0.0	0.0	0.0	0.0	0.0	0.0	0.0	0.0	0.0	0.0	0.0	0.0	0.0	0.0	0.0	0.0	0.0	0.0	0.0	0.0	0.0	0.0	0.0	0.0	0.0	0.0	0.0	0.0	0.0	0.0	0.0	0.0	0.0	0.0	0.0	0.0	0.0	0.0	0.0	0.0	0.0	0.0	0.0	0.0	0.0	0.0	0.0	0.0	0.0	0.0	0.0	0.0	0.0	0.0	0.0	0.0	0.0	0.0	0.0	0.0	0.0	0.0	0.0	0.0	0.0	0.0	0.0	0.0	0.0	0.0	0.0	0.0	0.0	0.0	0.0	0.0	0.0	0.0	0.0	0.0	0.0	0.0	0.0	0.0	0.0	0.0	0.0	0.0	0.0
52912.69599105897	41.50106367423723	2799753397.042228	1722.338286093093	64509.61931103516	421.9049018554724	4161490983.65468	178003.74620967582	53645.33860651898	-4.279006928496528	2877822354.2080755	18.30990029412129	53754.23441030864	50297.38934801771	1.239196	28.388584	0.07577545	0.0427182	0.0149481036	0.0048661263	0.0281030396	-0.0188343569	-0.0070537147	-0.0038753413	0.0177912595	-0.0612153364	0.0146045664	0.0488101471	-0.0042635141	-0.0003762654	-0.0071463195	0.0111449522	-0.0440676081	-0.0030626496	-0.0007062933	0.0285892811	-0.0055075081	-0.0158198288	0.0348339917	0.0740156179	0.0152972877	-0.0140782054	0.0126629918	0.0278542249	0.0442910019	0.026258136	0.0107309438	-0.0010881705	-0.0193401008	-0.006544716	0.0186043784	-0.0243534463	-0.0288141173	-0.0479288496	0.0135712252	-0.0037380994	-0.0053225311	0.0222923774	0.0072900207	-0.0005036682	0.0187749262	0.0515056031	-0.0148304899	-0.0066799572	-0.0216685058	0.009837763	0.0195737438	0.0301789658	0.0447190898	0.030313615	-0.0223839291	0.0029594431	0.0365948384	-0.0521740752	0.0385098447	-0.0337801227	0.0564698262	0.013166989	-0.034345023	-0.0187879262	-0.0584238995	0.0076579794	-0.034376372	0.00318719	-0.0223574488	0.0195207481	0.0191879637	0.0564005474	0.0651001848	0.0367271869	-0.0182109319	-0.0757786034	0.0174073785	0.0133453873	0.0012719192	-0.064122614	-0.0146814369	0.0143545077	-0.0566064301	-0.0174139926	0.0016194001	0.0086598029	0.0085738585	-0.0466284311	0.0464795375	0.0234350103	-0.0106541814	0.012384734	0.060495978	0.0148457986	0.0319720693	-0.0025766169	0.0045780883	-0.0238635038	0.0023977878	-0.0080547995	-0.0215978898	0.002934957	0.0165218185	-0.0048094796	0.0747738475	0.0076889433	-0.0130645062	0.0511322854	0.0082321855	0.0093326399	0.0038474476	-0.0130774026	0.0354468424	-0.0146279534	0.028037986	0.0044002985	0.0140672731	-0.0338216109	-0.0742360433	-0.0155106814	-0.0102101208	-0.018934641	-0.0265278288	-0.0410158874	0.0195604868	0.0058406865	0.0070510091	-0.0165909277	-0.0065892885	0.027099743	-0.0239740129	-0.0259451702	-0.0480596763	-0.0170291654	-0.0047964805	-0.0061877283	-0.0129926276	-0.0006826713	0.0067566099	0.0481527265	0.0100209111	0.018204582	0.0216714021	0.02713059	-0.0017749576	-0.0026423333	-0.0308315497	-0.0364963992	0.0112432171	0.0236065323	-0.0134186563	-0.0024081331	0.0037746888	0.099027187	-0.0443081599	0.0359026063	0.004690976	0.0285550027	0.0470138265	0.0360327165	-0.0300083486	-0.0229315751	-0.0104416173	0.0297259605	-0.0091503714	-0.0050747316	0.0474561623	-0.0775964432	-0.0302958833	-0.0235753756	-0.0620768306	0.0305704219	0.0116964591	7.52652e-05	0.0566213607	0.0139966555	-0.0122357875	-0.0510636527	0.0529189873	0.0166304377	0.0003540127	0.0013350116	-0.0452229742	0.0358189492	-0.0105609869	0.0070650957	0.0516720417	0.0508083997	0.0309775202	0.0022331211	-0.0198345191	0.0029114024	-0.0085378469	0.0221237428	-0.0057209567	-0.0192517335	0.0023349622	-0.0049218841	0.0026227131	-0.0287313019	-0.0725561809	0.0089033818	-0.045561724	0.0099279485	0.002233625	0.0102751254	0.0118350923	-0.0116706436	-0.0222025983	-0.040446792	0.0183519242	0.003369574	0.0031418599	0.0080088843	-0.001793415	-0.0060776157	-0.0150614661	-0.0047113091	-0.0025046356	0.0012661764	-0.0147819924	-0.0030618922	-0.0351855943	0.0088380358	-0.0081694835	0.0674174151	-0.0377832576	0.0108736944	0.0317584939	-0.0156426123	-0.0045306544	-0.0122244705	-0.0058663007	0.0068405578	0.0457703078	0.0365887872	0.022625561	0.0057054516	-0.0119602904	-0.0280629691	-0.0404981621	-0.0476407421	-0.0485572616	-0.0431279427	-0.0320623308	-0.0168065656	0.0006456115	0.0180134151	0.0330270864	0.0437245227	0.0487077002	0.0473253789	0.0397582112	0.0269951331	0.0107041222	-0.0069857861	-0.0237627379	-0.0374341914	-0.0462134553	-0.0311228	0.0001890999999999	3.5758809999999095e-08	0.00096862867984	-0.268834	-3.0000000000030003e-05	0.072271719556	9.000000000018e-10	-0.0704903	-0.0165634	0.00027434621956	0.00496888239409	-0.000374173	0.000471671	1.40005433929e-07	2.22473532241e-07	0.00222072	0.0005434899999999	4.931597318399999e-06	2.953813800999998e-07	-0.0006816	-0.000164698	4.6457856000000007e-07	2.7125431204000005e-08	0.0	0.0	0.0	0.0	0.0	0.0	0.0	0.0	0.0	0.0	0.0	0.0	0.0	0.0	0.0	0.0	0.0	0.0	0.0	0.0	0.0	0.0	0.0	0.0	0.0	0.0	0.0	0.0	0.0	0.0	0.0	0.0	0.0	0.0	0.0	0.0	0.0	0.0	0.0	0.0	0.0	0.0	0.0	0.0	0.0	0.0	0.0	0.0	0.0	0.0	0.0	0.0	0.0	0.0	0.0	0.0	0.0	0.0	0.0	0.0	0.0	0.0	0.0	0.0	0.0	0.0	0.0	0.0	0.0	0.0	0.0	0.0	0.0	0.0	0.0	0.0	0.0	0.0	0.0	0.0	0.0	0.0	0.0	0.0	0.0	0.0	0.0	0.0	0.0	0.0	0.0	0.0	0.0	0.0	0.0	0.0	0.0	0.0	0.0	0.0	0.0	0.0	0.0	0.0	0.0	0.0
52958.98776138071	46.29177032173902	2804654384.710072	2142.927999520638	63641.977526855466	-867.6417841796938	4050301303.528776	752802.2656545223	53633.875938784455	-11.462667734522256	2876592648.2169223	131.39275159205758	53737.16804122562	51192.89979707792	1.274359	29.194124	0.0862117	0.0628639	0.0035666815	0.0088974843	0.0319303556	0.0357696916	-0.0215405776	-0.0405839707	0.0213819301	0.0190668174	0.0213818414	-0.0753185829	-0.004920611	0.0130966653	0.0402601743	0.001134156	-0.0230221962	-0.0097488865	0.0258427156	0.0170105884	-0.0177370447	0.0609108241	-0.0192133028	-0.0479144867	0.0240560656	0.0298079776	0.0005463256	0.0387765241	0.0056599168	-0.010890544	0.008809294	0.016960252	0.0200796128	-0.0020638005	-0.04366672	0.0641790433	0.0088071282	-0.0078767399	-0.0188062109	0.0565913483	0.0227717272	-0.0041805042	-0.0331168952	-0.002980701	-0.0169450288	0.0008501122	0.007867329	0.0132275897	-0.0480261043	0.0367506177	0.0157542783	0.0747062753	0.0045661835	-0.0205619628	-0.0189553332	-0.0110573453	-0.0013926824	0.0219857143	-0.0274945383	0.0286515911	0.0593979608	-0.0004030943	0.0209208721	-0.0114684674	-0.0058637199	-0.0579658869	0.0010289155	-0.0331778744	0.0521469926	0.0325168263	-0.006325865	-0.1013357082	-0.020052467	-0.0215628031	2.51586e-05	0.0198669748	-0.0009064412	0.0011216908	-0.0148776855	0.0216730354	-0.0366102174	-0.0463553748	0.0470110686	0.0761839137	0.0366126849	0.0028093942	0.0012448944	-0.0057538362	0.0475359427	0.038133742	0.0338790798	0.0190471498	-0.0131836869	0.0210287655	0.0039908375	-0.0256459991	-0.0214082935	0.0371132968	-0.0072150432	0.0694034626	-0.0090055285	-0.0260987734	0.0518443157	0.0491256944	0.0155144043	-0.0272794324	0.0207181603	-0.0144627243	0.0559550671	-0.0196898976	0.040153967	0.0317624027	-0.0118245116	-0.0366857809	0.0169965437	0.0189129978	-0.0595222383	0.0154872433	0.0479085456	-0.0197220212	0.0364751362	0.0053318909	-0.0372137754	-0.0097464687	-0.0133187519	0.008895351	0.0142459144	0.0206839366	-0.000583855	-0.0448606148	0.062477097	0.00274909	-0.0047688418	0.0148224436	0.0583673856	0.0191881178	0.0080662817	0.0373455425	-0.0001497557	-0.003128618	-0.0165740816	-0.0172062647	-0.0139049259	0.0489988672	0.0034302144	-0.0141384242	-0.0816720208	0.0072528395	0.0216783055	-0.0026923131	-0.0065555657	-0.0007675977	-0.0141631331	-0.0141199925	0.0329944333	0.0603595106	-0.0124313751	-0.0161281637	0.0314109648	0.0025066846	0.0452912729	0.0135753577	0.0424162837	-0.024071183	-0.0633623274	0.0103047346	-0.0878845475	0.0425397656	0.0227477889	0.0195210673	0.0111852553	-0.0037249745	0.0155493895	0.0043917029	-0.0604918131	-0.0216624843	-0.0682747078	0.0629161922	0.0117119491	0.0345033056	-0.008419089	-0.008621368	-0.0100848724	0.0474394675	-0.0382112163	0.024264248	-0.0165654032	-0.014783249	0.0206034446	-0.0044926034	-0.0317031963	0.007625843	0.0211898328	-0.0399741439	-0.0418898991	0.0360252018	-0.0472192542	0.0166795264	-0.0582155728	-0.0050946273	-0.024211992	0.019674803	-0.0034769199	0.0331540319	0.0369629274	-0.00219871	-0.0260808254	-0.0375205616	-0.0124026686	-0.0141798619	0.0184507106	-0.0090244158	-0.0026310103	0.0045092617	0.0001834244	-0.0107173103	0.0058749011	-0.0045195354	-0.002009159	-0.0059495479	0.0319513728	-0.0106961452	-0.0118869312	-0.0247828011	-0.0070410368	-0.0245723944	0.0031736957	0.0082844675	-0.0099758207	-0.0297722862	-0.0163482926	-0.0567274828	0.0290389934	-0.0166843024	0.0457043959	0.0363425447	0.0221333376	0.0049719936	-0.0128525131	-0.0289627561	-0.0412099568	-0.0479605879	-0.0483142525	-0.0422237789	-0.0305015125	-0.014710965	0.0030417259	0.0203887125	0.0350162597	0.0449733504	0.0489319113	0.046363951	0.037611983	0.0238433419	0.0068944842	-0.0109739574	-0.0273786964	-0.0401316745	-0.0475319038	-0.0279659	0.0031569	9.966017610000003e-06	0.0007820915628099	-0.268779	5.500000000002725e-05	0.072242150841	3.025000000002997e-09	-0.0540683	0.016422	0.000269682084	0.00292338106489	-0.00147269	-0.001098517	2.1688158361e-06	1.206739599289e-06	0.00206277	-0.00015795	4.2550200729e-06	2.494820250000001e-08	-0.000606511	7.508899999999997e-05	3.67855593121e-07	5.638357920999995e-09	0.0	0.0	0.0	0.0	0.0	0.0	0.0	0.0	0.0	0.0	0.0	0.0	0.0	0.0	0.0	0.0	0.0	0.0	0.0	0.0	0.0	0.0	0.0	0.0	0.0	0.0	0.0	0.0	0.0	0.0	0.0	0.0	0.0	0.0	0.0	0.0	0.0	0.0	0.0	0.0	0.0	0.0	0.0	0.0	0.0	0.0	0.0	0.0	0.0	0.0	0.0	0.0	0.0	0.0	0.0	0.0	0.0	0.0	0.0	0.0	0.0	0.0	0.0	0.0	0.0	0.0	0.0	0.0	0.0	0.0	0.0	0.0	0.0	0.0	0.0	0.0	0.0	0.0	0.0	0.0	0.0	0.0	0.0	0.0	0.0	0.0	0.0	0.0	0.0	0.0	0.0	0.0	0.0	0.0	0.0	0.0	0.0	0.0	0.0	0.0	0.0	0.0	0.0	0.0	0.0	0.0
53079.20335622943	120.21559484871976	2817401828.9319577	14451.78924483154	64705.43909277344	1063.4615659179765	4186793848.188613	1130950.5021847142	53721.42303950828	87.54710072382295	2885991293.389811	7664.494845147201	53827.066834599485	50563.02348918172	1.334517	30.572275	0.08065845	0.0461705	0.0084466231	-0.0155957343	0.0238171138	-0.0128289748	0.0411679536	0.0436061597	-0.0407230546	0.0326901417	0.0288312962	0.0162698905	-0.0047464919	0.0228330941	0.0147016587	0.0133010579	-0.063673622	-0.0057093262	-0.0060062222	0.0196976476	0.0355307498	-0.0240528921	0.0307077036	0.0086245047	0.0075180586	0.020346256	0.034119778	-0.014298766	-0.002508474	-0.038225032	-0.0332187598	-0.0389292192	-0.0477448401	-0.0131197119	0.0017325542	-0.035821346	0.0113500755	-0.028106956	-0.0251124511	-0.0180542858	-0.0427156624	-0.0269123547	0.0096334759	0.005081471	0.0068759369	-0.0148791834	0.0414324611	-0.0295111197	0.0267532521	-0.0114676634	0.0117307734	-0.0030759036	0.0285513744	-0.019267653	0.0225304406	0.0159941651	0.0104988279	-0.037598086	-0.0063869956	0.0004988923	-0.0235726866	0.0028522454	0.0113053765	-0.02815986	0.0451360185	-0.0248674346	0.0354480414	0.0381039076	-0.0350750519	0.0266919561	0.0330701893	-0.013939697	0.0176075908	0.0038205848	0.0042148386	-0.0229023262	0.0156357137	-0.0492145099	-0.0237876655	0.000608542	-0.0390425799	-0.0235015431	-0.0126682482	0.0123020133	0.0253198255	-0.0234816909	0.0121077122	0.0160380623	-0.0138833302	-0.0007457799	-0.0179000068	-0.0040975963	0.0010015843	0.0021841581	0.0144114322	-0.0204620446	-0.0089960803	0.0878094123	-0.001750009	-0.0007525106	0.0741685864	0.0049076023	-0.0241056963	-0.0094241245	-0.0178029118	-0.0157260468	-0.0274988193	-0.065375662	-0.0356472486	-0.0055388531	-0.0018250489	-0.042364532	0.0201999141	0.0475881962	0.0192607088	-0.0387451871	0.0242793589	-0.0289691803	-0.0094720882	-0.0009426207	0.0285855522	-0.0226936269	0.0157834665	0.0070397322	-0.0291866744	-0.0369189505	-0.0469625749	-0.03785732	-0.0216278575	0.0028041065	-0.0299575479	0.0126706805	-0.031257559	0.0265697771	-0.0198415285	-0.038263568	0.0169348834	-0.0179017251	-0.0042606722	-0.0208978557	0.014857137	-0.0342285657	0.0314999162	-0.0320955515	-0.0019114034	-0.0159481771	0.0096766787	-0.0234916059	0.0150002213	-0.0179788918	0.0248429191	-0.0143279386	0.0308159293	0.0159876269	0.0150713368	-0.0287379324	-0.0166524048	-0.0161235337	0.017089646	-0.0530262143	0.0167266355	0.0430412189	-0.0301583982	0.0478795227	-0.0139941321	-0.0231690844	-0.0010280404	-0.0134649847	-0.0066595077	0.0190094438	-0.0219603764	0.0223565301	-0.0356514914	-0.0301835518	-0.0250053823	-0.0112881859	-0.0313236246	-0.0131893492	0.0175979968	0.0222691858	-0.0159593444	0.0179221634	0.0295507017	-0.0142652487	0.0110979809	-0.0034991438	0.0113465024	0.0073152408	-0.0021032475	-0.0053976743	-0.0278613684	0.0051316837	0.0429444575	-0.0583256306	0.0632037701	0.0479660179	-0.0240173616	0.0007887489	0.0067631625	0.0291432432	0.0169356907	-0.0353384021	0.0427721305	-0.0413898998	0.0129633415	-0.0099011881	0.0384385863	0.0362453916	0.0158189698	0.0271204261	0.0126265407	-0.0180452921	1.66802e-05	0.0030417742	-0.015159321	-0.0167974225	0.0049881239	0.0255574251	-0.0237323855	0.0030534508	-0.0057859404	0.0039981506	-0.0071532207	0.0237111199	0.0283181701	-0.0055333386	-0.0431080154	0.0029971348	-0.0132087955	-0.0357260212	-0.0142799992	-0.0203310672	-0.0010194025	0.0120913503	0.0456378354	0.0360942395	0.0216382877	0.0042374069	-0.0137401766	-0.0298477488	-0.0418931005	-0.0482368825	-0.0480157186	-0.0412597087	-0.0288883326	-0.0125853106	0.0054305477	0.022707319	0.0368936684	0.0460588611	0.0489555324	0.0451894509	0.0352731729	0.0205562846	0.0030417259	-0.0148868057	-0.030789272	-0.0425013783	-0.0484291295	-0.0279965	-3.060000000000215e-05	9.363600000001318e-10	0.00078380401225	-0.307209	-0.03843	0.094377369681	0.0014768649	-0.0540189	4.9399999999998057e-05	2.440359999999808e-09	0.00291804155721	-0.00103793	0.0004347599999999	1.0772986849000002e-06	1.890162576e-07	0.00232143	0.00025866	5.389037244900001e-06	6.69049956000002e-08	-0.000456962	0.000149549	2.08814269444e-07	2.2364903401000003e-08	0.0	0.0	0.0	0.0	0.0	0.0	0.0	0.0	0.0	0.0	0.0	0.0	0.0	0.0	0.0	0.0	0.0	0.0	0.0	0.0	0.0	0.0	0.0	0.0	0.0	0.0	0.0	0.0	0.0	0.0	0.0	0.0	0.0	0.0	0.0	0.0	0.0	0.0	0.0	0.0	0.0	0.0	0.0	0.0	0.0	0.0	0.0	0.0	0.0	0.0	0.0	0.0	0.0	0.0	0.0	0.0	0.0	0.0	0.0	0.0	0.0	0.0	0.0	0.0	0.0	0.0	0.0	0.0	0.0	0.0	0.0	0.0	0.0	0.0	0.0	0.0	0.0	0.0	0.0	0.0	0.0	0.0	0.0	0.0	0.0	0.0	0.0	0.0	0.0	0.0	0.0	0.0	0.0	0.0	0.0	0.0	0.0	0.0	0.0	0.0	0.0	0.0	0.0	0.0	0.0	0.0
52980.38633115797	-98.8170250714611	2806921335.7987504	9764.804443973771	64362.71000585937	-342.72908691407065	4142558439.29835	117463.2270169526	53707.75462025508	-13.6684192531975	2884522906.3495307	186.82568488118005	53811.96341653782	47667.11463321834	1.671214	38.285629	0.12415316	0.0719098	0.030846768	-0.0295027607	0.0255060188	-0.1678604246	0.0905315544	0.0844474319	-0.014827134	-0.0121240108	0.023376905	-0.0063787375	-0.01024743	0.0256414256	0.0050283564	0.0107044917	-0.0012760052	0.0207360883	-0.0227035184	0.029002961	-0.0062805671	-0.0139105393	-0.0133502461	0.0124022205	-0.0364251138	0.012831149	0.0160623349	-0.0147849245	-0.0089059151	-0.0198279191	0.0376041582	-0.0131919973	0.0037574758	-0.0180501302	-0.0016851894	0.0121668742	-0.0231971145	0.005321263	0.0044099756	0.0363250939	0.0194474381	0.0217326793	0.0146250265	0.0019343436	-0.0313492314	0.0026570634	0.0137989731	0.0388293186	0.0050945964	-0.0345350613	-0.010022866	-0.0675935008	-0.0105532814	0.003191707	-0.0217637319	0.0179233098	0.0003504481	0.0401172752	-0.0062714308	-0.0107390531	0.0286971382	-0.0589544653	-0.0217512904	0.0126960674	0.0024012236	-0.0560996107	-0.075138202	-0.004529538	-0.0145830131	-0.0409399568	-0.0174829606	0.0192355947	-0.059176713	0.0341660904	0.0213411283	-0.0051401728	0.0036578437	-0.0148065725	0.0061071189	0.0439258624	0.0382308729	-0.0520005566	0.009073486	-0.0036702981	-0.0157306051	0.0315773716	0.0344677021	0.0186273482	0.0117206766	-0.0188260034	0.0113731294	0.0140655354	-0.0285299724	-0.0038951892	-0.0540837204	0.0334471665	0.0188663458	-0.013979734	0.0453976305	-0.0225947218	0.0036827812	0.0755913033	0.0236356291	-0.0223720342	-0.0439792321	0.0308187633	0.0110240197	-0.0281636391	-0.0495280796	0.0353695905	0.0080112243	0.0298853688	-0.035609451	-0.0220847058	0.0288363786	0.005479942	0.0130515673	0.0130626456	-0.0123585118	0.037760199	0.0090972258	-0.0086017656	0.0174320207	0.007211	-0.0235481335	0.031996068	-0.0095018253	0.0081148498	-0.0210976378	0.002765238	0.0076488965	-0.0266176383	0.0082544277	-0.0081513498	0.0361195985	0.0214518398	-0.0195071234	-0.0107269164	-0.0014923563	0.0024963201	-0.0338537771	-0.0184528029	-0.0276011433	-0.0077252408	0.0165588931	0.0182007171	0.0696998152	0.0055425199	-0.0075202781	-0.0037639778	-0.011905409	0.031522938	-0.0503963983	0.0105180143	-0.0132020444	0.0261367794	0.0659579965	0.016562448	0.0005951211	-0.0033873722	0.0654119099	-0.0560962157	-0.0025598354	-0.0017430163	0.0310144595	0.0115332681	0.0068174955	0.023628414	-0.0612767375	0.0276918241	-0.0047187425	-0.0018479975	-0.0206634953	0.0200328129	-0.0393877282	0.0400247975	-0.0089699774	0.0313208302	-0.0360542477	-0.0457694672	0.0502896591	0.0277617525	0.014403039	0.0144215551	-0.0099956917	-0.0127134429	-0.0407389357	-0.0335164457	0.0169905492	0.0073294979	0.0620517719	-0.0142999803	0.0433309647	0.0492646794	0.0057518494	-0.0218411651	-0.0320580996	-0.0676320002	0.0393496013	-0.0049237744	0.0353803707	-0.0240769103	0.0475890121	-0.0273645026	-0.0396656913	0.0203459257	-0.0183582808	-0.0216324308	0.018992394	-0.0420718305	0.0134023356	0.00557535	0.0058222244	0.0002623145	-0.02809245	0.0032439191	-0.0090972412	0.026792878	0.019668708	-0.0081785673	0.00040182	0.0071758302	-0.0191592227	-0.020686735	0.0153823553	0.0239094589	-0.0451167155	-0.0276539706	0.0112443811	0.0006357845	-0.0221090858	0.0128210983	-0.0181336808	-0.0167068108	0.0455706274	0.0358438856	0.0211404744	0.0035018582	-0.0146229661	-0.0307174953	-0.0425471181	-0.0484693751	-0.0476620031	-0.0402370998	-0.0272255606	-0.0104339452	0.0078063495	0.0249627879	0.0386533201	0.046977113	0.0487784667	0.0438072762	0.032753756	0.0171526089	-0.0008300562	-0.018697474	-0.03396888	-0.0445239479	-0.0488971813	-0.0245367	0.0034597999999999	1.1970216039999992e-05	0.00060204964689	-0.288487	0.018722	0.083224749169	0.000350513284	-0.0761200999999999	-0.0221011999999998	0.0004884630414399	0.0057942696240099	6.22642e-05	0.0011001942	3.87683060164e-09	1.2104272777136403e-06	0.00276964	0.0004482099999999	7.6709057296e-06	2.008922040999997e-07	-0.000505961	-4.899899999999998e-05	2.55996533521e-07	2.400902000999998e-09	0.0	0.0	0.0	0.0	0.0	0.0	0.0	0.0	0.0	0.0	0.0	0.0	0.0	0.0	0.0	0.0	0.0	0.0	0.0	0.0	0.0	0.0	0.0	0.0	0.0	0.0	0.0	0.0	0.0	0.0	0.0	0.0	0.0	0.0	0.0	0.0	0.0	0.0	0.0	0.0	0.0	0.0	0.0	0.0	0.0	0.0	0.0	0.0	0.0	0.0	0.0	0.0	0.0	0.0	0.0	0.0	1.0	0.0	0.0	0.0	0.0	0.0	0.0	0.0	0.0	0.0	0.0	0.0	0.0	0.0	0.0	0.0	0.0	0.0	0.0	0.0	0.0	0.0	0.0	0.0	0.0	0.0	0.0	0.0	0.0	0.0	0.0	0.0	0.0	0.0	0.0	0.0	0.0	0.0	0.0	0.0	0.0	0.0	0.0	0.0	0.0	0.0	0.0	0.0	0.0	0.0
52925.33903140688	-55.04729975108785	2801091511.5893607	3030.2052098861163	64436.49307421875	73.78306835937838	4152061639.7038407	5443.941176524702	53685.52266493895	-22.231955316128733	2882135343.807674	494.25983717834464	53789.455394044366	51884.73643973214	1.930028	44.214752	0.19473401	0.106822	-0.0019061805	-0.0029442538	0.0179426047	0.0327282276	0.0114341773	-0.0229921851	-0.0222127505	0.0562927013	0.038675082	-0.011865778	-0.0071011671	0.0180860828	0.0202449195	0.0249545917	-0.0541946819	-0.0189114747	0.0163804702	0.0289401113	0.0117375329	-0.0125618362	-0.0338157063	-0.0371667755	0.0217591297	0.0096771417	0.0239055738	0.0074293856	0.0034910881	0.0167126552	-0.0251380434	0.0528786562	0.0354089544	-0.0212199478	0.0649240751	-0.0406917171	-0.0659856151	0.0140924207	-0.061156482	-0.0339291389	0.017068753	0.0383122153	0.0010577468	0.0709163909	-0.0212285968	-0.0012002607	-0.0136717102	-0.0135294272	0.0133757411	0.020520645	0.0205070831	0.0295438876	0.0687016718	0.0277915511	-0.0017996858	-0.0302457963	0.0223813866	-0.0108400897	-0.0119045031	0.1057850136	-0.0102668058	0.0498913132	0.0455318489	0.0124020031	-0.0043834979	-0.0323238039	0.0812583725	-0.0642473855	-0.0433804806	0.0231337963	0.0164951901	0.0625305514	-0.0144013184	0.0068816589	-0.0677946716	0.0457104337	-0.0310637331	0.0186436462	0.0531508372	0.0002742485	0.0452644555	0.0057545097	0.0673624957	-0.0053309554	-0.0280512896	0.0372664204	-0.0339779183	-0.021596154	0.041905177	0.0407885292	0.0715381219	0.0182702515	-0.0262746047	0.0341424245	0.032274359	0.0732386499	-0.034198338	0.0378287418	-0.0207054313	-0.0128434271	-0.0070377767	0.0195284103	-0.0281403136	0.0340569623	-0.016380327	-0.018288535	0.0051456178	0.032715045	0.0178455395	0.0127149878	0.0006444311	0.0087197261	-0.0254942994	0.0501374947	0.0300522487	-0.0135303754	0.0123192287	0.0332382343	0.0376362969	-0.0191428556	0.0192142143	-0.0156154223	-0.0080656338	0.0025681584	0.0202821154	-0.0323773669	0.0559308805	0.0262133391	-0.0097189206	0.0582645835	-0.0497655452	-0.0567735587	0.0171273189	0.0631986359	-0.0261535495	0.014989429	-0.0356546999	0.0008813853	-0.0721627427	0.0248444484	-0.0165728284	0.0137679195	0.0090005002	-0.0037116355	-0.0074202228	-0.0387051164	-0.03348744	-0.0597062368	0.0295331035	0.0477020175	-0.0058152743	-0.0597575284	0.0459929881	-0.0532066497	0.0420147936	0.0282779589	-0.0515035596	0.0015653416	0.0241898946	0.021962761	0.0310943284	0.0700359497	0.0610360675	0.0267472696	0.0393737925	-0.0138586962	0.0727953344	0.011197622	0.0180294339	-0.0812546548	0.0190051722	-0.0390135613	-0.001379554	0.0541760945	0.0104669097	-0.0036355673	0.0260816741	0.037350407	-0.0649751279	-0.0117625322	0.0085775112	-0.0572862833	-0.0392881624	0.0488608822	-0.0327072055	0.0509307404	-0.0307096494	-0.0089441937	0.0214668788	0.1004753	0.0044352802	0.032448952	0.0120778498	-0.0328418842	0.0207189992	-0.0079838855	0.0272095096	-0.0217085328	-0.0474289039	0.0198497352	0.0197415094	0.0109684748	-0.0283068094	0.0122417635	0.006558158	0.0237496269	-0.0088295898	0.020469807	0.0408104449	-0.0215033661	0.0106030589	-0.0173640162	0.0067919876	-0.0032486015	-0.0088637	-0.0350282804	0.0220899091	0.0262597938	0.0050996992	-0.0086924208	0.0001476869	0.0109593861	0.0216989963	-0.0046742766	0.0453172054	-0.0177654903	-0.0348363107	0.0017099303	-0.0160225305	-0.021910529	-0.0123646517	-0.0182907892	-0.0263323553	0.0628669856	0.0455027728	0.0355914973	0.0206399614	0.0027655145	-0.0155005685	-0.0315715513	-0.043171555	-0.0486578547	-0.0472535125	-0.0391574033	-0.0255160508	-0.0082612638	0.0101634351	0.0271488476	0.0402895985	0.0477247713	0.04840144	0.0422237789	0.0300666323	0.0136516244	-0.004696647	-0.0223798066	-0.0368936684	-0.0461828639	-0.0489319113	-0.0280126	-0.0034758999999999	1.208188080999998e-05	0.0007847057587599	-0.340417	-0.05193	0.115883733889	0.0026967249	-0.0540622	0.0220578999999999	0.0004865509524099	0.00292272146884	-0.0012614	-0.0013236642	1.59112996e-06	1.7520869143616402e-06	0.0017479	-0.00102174	3.05515441e-06	1.0439526276e-06	-0.000505961	0.0	2.55996533521e-07	0.0	0.0	0.0	0.0	0.0	0.0	0.0	0.0	0.0	0.0	0.0	0.0	0.0	0.0	0.0	0.0	0.0	0.0	0.0	0.0	0.0	0.0	0.0	0.0	0.0	0.0	0.0	0.0	0.0	0.0	0.0	0.0	0.0	0.0	0.0	0.0	0.0	0.0	0.0	0.0	0.0	0.0	0.0	0.0	0.0	0.0	0.0	0.0	0.0	0.0	0.0	0.0	0.0	0.0	0.0	0.0	0.0	0.0	1.0	0.0	0.0	0.0	0.0	0.0	0.0	0.0	0.0	0.0	0.0	0.0	0.0	0.0	0.0	0.0	0.0	0.0	0.0	0.0	0.0	0.0	0.0	0.0	0.0	0.0	0.0	0.0	0.0	0.0	0.0	0.0	0.0	0.0	0.0	0.0	0.0	0.0	0.0	0.0	0.0	0.0	0.0	0.0	0.0	0.0	0.0	0.0	0.0
53041.765422714416	116.42639130753378	2813428879.1582627	13555.104592894975	64850.52964355469	414.03656933594175	4205591195.049566	171426.2807474761	53729.98309715758	44.46043221862783	2886911083.620839	1976.7300330672	53830.92787653871	50256.58205946885	1.505089	34.479889	0.1674764	0.0887972	0.0064930842	-0.0092172302	0.0143173268	-0.0734940204	0.0487693837	0.0524857427	-0.0142019141	-0.0308467542	-0.0017056931	0.0007556202	0.0052485309	0.0258266844	-0.0165587088	0.0119188165	0.0055468983	0.0194174754	-0.0674658637	0.0251061506	0.0005242651	-0.0334330721	-0.0108505374	-0.0059158593	-0.0460486148	0.016675152	0.0031734493	0.0268853933	0.0305662014	-0.0401729781	0.1076905965	-0.0313317319	-0.0039613657	-0.0140098117	-0.0297676084	-0.0223873893	-0.0017921973	0.02035576	-0.000320297	0.0349836675	-0.0359720082	-0.0460838805	-0.0247052028	-0.0187723981	0.0453729506	0.0097557353	-0.0648933677	0.0523958972	-0.0135473519	-0.0404305435	-0.0906949343	0.0723275743	-0.0150781729	0.0435293024	-0.0105986369	-0.0235968218	-0.0357058063	-0.0109327505	-0.055884645	-0.0225503856	0.0023612812	-0.0423477322	-0.0396955571	0.0397945468	0.0446049815	0.0453442194	0.0240430443	0.015575061	-0.0005718297	-0.0278344494	0.004124317	0.0322731517	0.0383153617	-0.0424834533	0.027433667	-0.0284021844	-0.0312411518	-0.0226088221	-0.0018243995	0.0312994327	0.0769214757	0.0440433146	0.0122871972	-0.0192641934	0.03335095	-0.0159184937	-0.0387210651	0.0560092487	-0.0016556954	0.0164667662	-0.0539375478	0.0608280165	-0.0356937964	0.0564567979	-0.0056649158	-0.0345889353	-0.0123637239	0.0346020862	-0.0337306067	0.0319600818	-0.0706752151	0.0075865115	0.0212837496	0.0193416096	-0.0386389837	0.0473968731	-0.01912287	-0.0151268384	0.046547626	0.0692970594	0.033982142	0.0252454882	0.0006998098	0.0027010739	0.0265794132	-0.0042457457	0.034184858	0.0112480096	0.0051791291	0.0497534542	0.0158742157	0.0007508	-0.0265907361	-0.0387016242	-0.0543122754	0.0986880225	-0.0271144262	0.0028292563	-0.0260771081	-0.0214689655	-0.0230370492	-0.0015462317	0.0204059885	-0.0044425031	0.0358693172	-0.0312615177	0.0464011315	0.0177843254	0.0180107674	-0.0040851964	0.0388381873	0.0560188279	-0.0371425615	-0.0064649466	0.0340263639	0.1108159164	-0.0583250252	0.0016504848	-0.0382803814	0.0399127592	-0.0361564871	0.0292623509	0.0051584028	0.0222711047	0.0505851693	-0.0085526281	0.0475876194	0.0112132706	-0.0761754812	-0.0230050571	-0.0229799498	0.0117834505	-0.0150644835	0.0009314165	0.0188397373	-0.010972145	0.0039522375	-0.0474106065	0.0423452763	0.0241249635	-0.0165746223	-0.0317643252	-0.0193476436	-0.0144605707	0.0112321518	0.0315704989	0.0939163115	0.0200004851	-0.0223697469	0.0348612144	-0.0041902296	-0.0238468353	0.0488353316	0.0011704021	0.0062738372	-0.0266679187	0.02254744	-0.0860099743	0.050992162	-0.0268499802	-0.0426269352	0.0037750769	0.0393706082	-0.0359185253	-0.0716447348	-0.0198505369	0.0210277257	-0.0284370258	-0.0178101114	-0.0473509693	0.0319042985	-0.0197293972	0.0175069815	0.0304902238	0.0293997754	0.0587989691	-0.0425185296	0.0097352827	-0.0130317549	-0.0571619834	0.0092352109	0.0074948555	0.0065568393	0.0080925768	-0.0260254767	0.0037847641	-0.0161429833	0.0334085551	0.0058815321	-0.0149016154	0.012680868	0.0024267755	-0.0180123629	-0.0031201115	0.0465448977	0.000695192	-0.0233081941	-0.0328580851	0.0067556781	0.0036098101	-0.043512795	-0.0057189388	-0.034607867	0.0151971297	0.0454342724	0.0353370889	0.0201368126	0.0020285429	-0.0163726724	-0.0324094805	-0.0437659771	-0.0488021499	-0.0467907162	-0.0380221508	-0.0237627379	-0.0060717052	0.0124961534	0.02925942	0.0417972809	0.048299121	0.047825998	0.0404462362	0.0272255606	0.0100731925	-0.0085338634	-0.0259085287	-0.0395416966	-0.0474645768	-0.0485330118	-0.0279184	9.419999999999916e-05	8.873639999999841e-09	0.00077943705856	-0.321917	0.0185	0.103630554889	0.00034225	-0.0857527	-0.0316905	0.00100428779025	0.00735352555729	-0.000227437	0.001033963	5.1727588969000007e-08	1.0690794853689998e-06	0.00279743	0.00104953	7.8256146049e-06	1.1015132209000003e-06	-0.0007663019999999	-0.0002603409999999	5.872187552038468e-07	6.777743628094794e-08	0.0	0.0	0.0	0.0	0.0	0.0	0.0	0.0	0.0	0.0	0.0	0.0	0.0	0.0	0.0	0.0	0.0	0.0	0.0	0.0	0.0	0.0	0.0	0.0	0.0	0.0	0.0	0.0	0.0	0.0	0.0	0.0	0.0	0.0	0.0	0.0	0.0	0.0	0.0	0.0	0.0	0.0	0.0	0.0	0.0	0.0	0.0	0.0	0.0	0.0	0.0	0.0	0.0	0.0	0.0	0.0	0.0	0.0	1.0	0.0	0.0	0.0	0.0	0.0	0.0	0.0	0.0	0.0	0.0	0.0	0.0	0.0	0.0	0.0	0.0	0.0	0.0	0.0	0.0	0.0	0.0	0.0	0.0	0.0	0.0	0.0	0.0	0.0	0.0	0.0	0.0	0.0	0.0	0.0	0.0	0.0	0.0	0.0	0.0	0.0	0.0	0.0	0.0	0.0	0.0	0.0
53124.157133451045	82.39171073662874	2822176071.1395974	6788.393998108303	64149.78327539063	-700.7463681640584	4115194694.279588	491045.4724951181	53742.023263720985	12.040166563405364	2888205064.478328	144.96561087454455	53844.47503122027	51731.86479539747	1.555095	35.625477	0.0900196499999999	0.0470145	-0.0078240852	-0.0010493863	0.0149222797	0.0256199828	0.0191267362	-0.010264832	-0.0193229714	0.0410603538	0.0416274526	0.0126095946	-0.0289967226	0.0233572175	0.021218182	-0.0125741511	-0.0273387693	-0.0147331828	0.0384480827	0.0071142811	0.003908958	-0.0254137593	-0.002822154	0.0042441261	0.013780869	0.0086973163	-0.0108938242	-0.0317931055	-0.019035097	0.0074857655	-0.0219855402	0.0564552264	0.0291704286	-0.0589890472	-0.0480176306	-0.0534474513	-0.0590701072	-0.015362597	-0.0061263284	-0.0261279927	-0.0186874494	-0.0162448902	-0.0390429959	-0.0073167622	-0.0156504455	0.0051466904	0.0069010067	-0.0401782104	-0.0038879778	0.0181077398	0.0089098537	0.0771638457	0.0272964923	-0.0047854915	0.0319087883	0.0014860369	-0.0161652856	0.0502024826	0.0306000631	0.03425388	-0.0305624817	0.0049255732	0.057750639	-0.0084894938	-0.0428131252	0.0300627564	-0.0313949541	0.0043914249	-0.08134044	0.0623752907	0.0140824966	-0.0529683826	-0.0264471484	0.0218935267	0.0291945843	-0.0076331944	0.0607154429	0.0361470735	-0.0017171754	0.0722820667	-0.0244615208	-0.0152150271	-0.056840019	-0.0127363217	0.0047307773	-0.0284362294	-0.0222678226	0.0351691824	0.0007503337	0.0247321013	0.029066288	-0.001252429	-0.0025470555	-0.0661253085	-0.0094455305	0.0566978844	-0.023912515	0.0276175351	-0.0279286806	0.028802152	-0.0064082494	0.0132370128	0.0275570604	0.0091065105	-0.025250199	0.0155130881	-0.0070648517	0.076819428	-0.0148077653	-0.0736057822	0.0369343582	0.0327021263	-0.0361906071	0.0159027663	0.0081436725	-0.0063962778	0.0275704347	0.0039218655	-0.0053595876	-0.010421093	0.0122659507	0.0094118175	0.0321882106	0.0167477355	0.0092311529	-0.0174373168	0.0572722179	0.0316882642	-0.0547172523	-0.055427859	-0.0572007103	-0.0530925619	-0.0172674376	0.0085072496	-0.0309127407	-0.0199519816	0.0123411984	0.0363554457	-0.0030788263	-0.0084530417	-0.0113113033	-0.00960959	0.033311039	-0.0007330109	0.0042504801	-0.0223876555	-0.0832190282	-0.029013592	0.0057195448	0.0007398412	0.0339949326	-0.0084201779	0.0083555274	-0.0868818967	-0.0336623609	-0.000995103	-0.0161887776	-0.0520861196	0.0188533442	0.0405620987	-0.0222009462	-0.0259652592	-0.0097228097	0.097045693	-0.0275568745	0.0052566898	-0.0087066994	0.0455187891	-0.0188870091	0.0319044624	0.0122678174	0.0614009274	0.0375787478	0.0196888803	-0.0527439374	0.0015431386	0.0252510183	-0.0581909033	0.0212217188	-0.0192065611	-0.0339330279	-0.0242702011	0.0450423416	0.0107805996	-0.0221688252	0.0296515524	0.0029157509	-0.0015814877	-0.0468201596	0.0245037779	0.0642153203	0.0221702305	0.0198116779	-0.0383439638	-0.0344368853	-0.0050712929	-0.0120313485	-0.0131719538	0.0171517014	-0.0252610893	0.027102316	0.0592266042	-0.062014825	-0.0400451909	0.0342745555	-0.0661141671	-0.0297543985	-0.0224911875	0.0394925236	0.0231192642	0.0135151481	0.0141808781	0.0094376345	-0.0045736344	-0.0102258037	-0.0085105539	0.0154737498	0.0164248187	0.0247699939	0.0073893786	-0.0128236767	0.0213880925	0.0049777972	-0.0056091672	0.0240062779	-0.0045147798	-0.0357709399	0.0006180393	0.0228960214	0.0009997787	-0.0355791041	-0.0235463469	-0.0088818922	0.0626276614	0.0453651274	0.0350806749	0.0196310923	0.0012911108	-0.0172389684	-0.0332308549	-0.044329971	-0.0489021298	-0.0462741461	-0.036832953	-0.0219686319	-0.0038697424	0.0147989116	0.0312886365	0.043171555	0.0486980765	0.0470544995	0.0384828171	0.0242450877	0.0064376142	-0.0123177063	-0.02925942	-0.0418931005	-0.0483586182	-0.0477040178	-0.0279887	-7.029999999999884e-05	4.9420899999998365e-09	0.0007833673276899	-0.314163	0.0077539999999999	0.098698390569	6.0124515999999736e-05	-0.093503	-0.0077503	6.0067150090000025e-05	0.008742811009	-0.000865058	-0.000637621	7.48325343364e-07	4.06560539641e-07	0.00218029	-0.00061714	4.7536644841e-06	3.8086177960000005e-07	-0.000532162	0.0002341399999999	2.83196394244e-07	5.4821539599953187e-08	0.0	0.0	0.0	0.0	0.0	0.0	0.0	0.0	0.0	0.0	0.0	0.0	0.0	0.0	0.0	0.0	0.0	0.0	0.0	0.0	0.0	0.0	0.0	0.0	0.0	0.0	0.0	0.0	0.0	0.0	0.0	0.0	0.0	0.0	0.0	0.0	0.0	0.0	0.0	0.0	0.0	0.0	0.0	0.0	0.0	0.0	0.0	0.0	0.0	0.0	0.0	0.0	0.0	0.0	0.0	0.0	0.0	0.0	0.0	1.0	0.0	0.0	0.0	0.0	0.0	0.0	0.0	0.0	0.0	0.0	0.0	0.0	0.0	0.0	0.0	0.0	0.0	0.0	0.0	0.0	0.0	0.0	0.0	0.0	0.0	0.0	0.0	0.0	0.0	0.0	0.0	0.0	0.0	0.0	0.0	0.0	0.0	0.0	0.0	0.0	0.0	0.0	0.0	0.0	0.0	0.0
53268.50671407059	144.3495806195424	2837533807.5469832	20836.801425037767	65157.174755371096	1007.3914799804623	4245457422.101968	1014837.5939372265	53791.55282315341	49.52955943242705	2893531155.126104	2453.1772575703235	53894.44466393613	52656.37786088423	1.132868	25.95273	0.1139808	0.0685078	-0.0122796773	-0.0110134512	0.0057222617	0.0274700269	0.0278380165	-0.0285629234	-0.0560720765	0.0129192022	0.0260249763	-0.0152469736	0.0056616865	0.0098624882	-0.0014228806	-0.0026521728	-0.0126483733	0.0223988007	-0.0239365846	0.003705391	0.0144440293	-0.0159036996	0.0235400765	-0.0100976971	-0.0556898844	0.0400516406	0.0417128841	0.028603307	-0.048172516	0.0547552518	-0.0424063883	0.0189393811	-0.1024584645	0.0409219884	0.0794515878	0.0036945594	0.007987638	-0.0375620487	-0.0080130234	0.0398704203	-0.0966161579	0.0019883247	0.0052423552	0.0182360723	-0.0189814747	0.0399717685	0.0206730235	0.0323144341	0.0020534237	0.008715409	-0.0361825363	0.0361465157	0.0310133294	0.0277491664	-0.01143872	-0.0363713802	0.0552269509	0.0180048236	-0.0458719561	-0.0028362053	0.0662932218	-0.0284087945	0.0169834771	-0.0274930859	-0.0166256217	-0.0647503853	0.0353883676	-0.0185038564	0.000591413	-0.0016393368	-0.1183334563	0.0182767843	-0.0604074656	-0.0430077002	-0.0105597955	0.0007504535	-0.0689745613	0.0083800114	-0.0510752638	0.0121427738	0.0081443717	-0.0056648677	-0.0793588471	0.0320066853	-0.0261145164	0.0570553831	0.0180254859	0.0330780021	0.0283816618	-0.0397032493	0.0316898472	0.0037819786	-0.0343436871	-0.0050008066	-0.039776319	0.0170781431	0.0309094758	-0.0057350004	0.0229194162	-0.0233169644	0.0403030615	-0.0156426793	0.1202299696	-0.0245903088	-0.0036227196	-0.061493938	-0.1057704291	-0.0065917861	-0.0030704358	-0.0259099075	-0.0504025223	-0.0143215475	-0.0408496593	-0.0081229349	0.0041011094	-0.0174634033	0.0180828521	-0.0219064687	0.0111492175	0.0592815542	0.0380930451	-0.0154056432	-0.030026038	0.0558522217	0.0584869078	-0.0372655639	0.010988846	-0.1136866672	0.0285886654	0.0666697126	0.0076864108	0.0059750464	-0.0328031811	0.0091919187	0.0437032316	-0.0990282924	-0.0063858775	-0.0082837957	-0.0169209976	0.0162023098	-0.016217592	-0.0312334162	-0.002075191	-0.0016471187	-0.0081469211	0.0588931983	-0.0412098659	-0.0408259086	-0.0147829645	0.0171619903	-0.0285379368	-0.0434786778	-0.0599366825	0.0354862275	0.0401124138	0.0570830749	0.023092101	-0.0192162231	0.0432315421	-0.0045827332	0.0322064205	0.0476337125	0.029315236	-0.0293858346	0.0262059421	0.112792131	0.0120272732	0.0452710879	0.0188607579	-0.0020659545	-0.0234539863	-0.0762653451	0.0171654166	-0.0377853595	-0.0144191954	0.0149826451	-0.0043383765	-0.0050520698	0.0641632664	-0.0711463962	0.065042273	0.0046074586	0.0242626119	0.0301579128	-0.0048244497	-0.0163416376	-0.0725443346	-0.0113721675	0.0064016899	-0.0039386031	0.0348465742	-0.0222105412	0.0466225768	0.0149936547	0.0128515967	-0.0558771752	-0.1214391522	0.0300285189	0.0227250065	0.0254284103	-0.0229043312	-0.0928558725	-0.0552851431	0.0169866049	-0.0005628909	-0.0537266377	0.0405601625	0.0219909553	0.0304712668	-0.0181205156	0.0083351191	-0.0164000709	0.0015806336	-0.0165856333	-0.0131416763	-0.0075076633	0.0215201963	0.0327646885	-0.0017643899	-0.0090813078	0.0242905054	0.0116205225	0.0479802627	0.0047833837	0.0441897018	-0.0030010087	0.0027172208	0.0192786183	0.001271844	-0.0028865295	0.0041601721	-0.0076264191	-0.0223416413	0.0453102433	0.0452953387	0.0348222698	0.019122865	0.0005533855	-0.0180991493	-0.0340352549	-0.0448631447	-0.0489577037	-0.0457043959	-0.0355914973	-0.0201368126	-0.0016598739	0.0170661886	0.0332308549	0.0444080345	0.048920189	0.0460901072	0.0363425447	0.0211404744	0.0027655145	-0.0160245105	-0.0324094805	-0.0439302406	-0.0488576859	-0.0464522756	-0.0279631	2.5599999999997156e-05	6.553599999998541e-10	0.00078193496161	-0.342592	-0.0284289999999999	0.117369278464	0.0008082080409999	-0.0669949	0.0265081	0.00070267936561	0.0044883166260099	-0.00181962	-0.000954562	3.3110169444000005e-06	9.11188611844e-07	0.00203702	-0.00014327	4.1494504804e-06	2.0526292900000007e-08	-0.000449632	8.252999999999998e-05	2.02168935424e-07	6.8112008999999984e-09	0.0	0.0	0.0	0.0	0.0	0.0	0.0	0.0	0.0	0.0	0.0	0.0	0.0	0.0	0.0	0.0	0.0	0.0	0.0	0.0	0.0	0.0	0.0	0.0	0.0	0.0	0.0	0.0	0.0	0.0	0.0	0.0	0.0	0.0	0.0	0.0	0.0	0.0	0.0	0.0	0.0	0.0	0.0	0.0	0.0	0.0	0.0	0.0	0.0	0.0	0.0	0.0	0.0	0.0	0.0	0.0	0.0	0.0	0.0	0.0	0.0	0.0	0.0	0.0	0.0	0.0	0.0	0.0	0.0	0.0	0.0	0.0	0.0	0.0	0.0	0.0	0.0	0.0	0.0	0.0	0.0	0.0	0.0	0.0	0.0	0.0	0.0	0.0	0.0	0.0	0.0	0.0	0.0	0.0	0.0	0.0	0.0	0.0	0.0	0.0	0.0	0.0	0.0	0.0	0.0	0.0
53136.4436749808	-132.0630390897859	2823481646.424407	17440.646293630314	64484.819770996095	-672.3549843750006	4158291980.897849	452061.22501390736	53842.04063312228	50.487809968864894	2898965339.53879	2549.018955452213	53943.59568918738	52199.02724831321	1.040782	23.843138	0.17288845	0.104415	-0.014149962	0.0008538812	0.0083622275	0.0133112121	0.0279692347	-0.0177771664	-0.020389467	-0.0114097359	0.01533582	-0.0208994756	0.0262663173	0.035351582	-0.0155935397	-0.0072215825	0.047255826	0.014756243	0.0038101275	-0.0421578162	0.0062240336	0.0336204513	-0.0169852426	0.0201489479	-0.0093126026	0.0154083207	0.0114748501	-0.0247184481	0.0042314284	-0.0176794407	0.0164420328	-0.0213903519	0.0618478832	0.0393072292	-0.0875057287	-0.0175312505	-0.0246162802	0.0437062974	0.0084818711	-0.0565879922	0.0368210766	-0.0124690863	-0.0014420629	0.0265390343	0.0497657588	-0.007752066	0.0950298727	-0.0275283025	0.0242818908	0.0232909985	0.056196442	-0.0215020059	-0.0346043289	-0.0148426624	-0.0265084517	0.0102408119	0.0056188423	-0.0124079319	-0.0150118829	0.0004652502	0.0062118977	0.0352905215	-0.0023548294	-0.0265648031	0.033602516	0.0028031911	0.0601033808	0.0331856879	-0.0325369705	-0.0163903794	0.0200614918	-0.0062067471	0.0185947959	-0.0022290268	0.0667446944	0.000139311	-0.042487645	-0.0219726283	-0.0509178432	-0.0225898627	0.0142798998	0.0366339739	0.0437311177	0.0254548272	0.0212862215	-0.0023693342	0.0384346497	0.0351462022	-0.1211433139	0.0059640713	-0.0650747674	-0.0165798131	-0.0106793189	0.01535435	0.0252881468	0.0208091762	-0.0555823511	0.0175326483	-0.0215633675	0.0425550755	0.007963187	0.0640301028	-0.0385217418	0.0728674708	0.0301877415	-0.0347527957	0.0404695301	-0.0231032208	0.0305793835	-0.0222224109	0.0153865365	-0.0556984681	-0.0493790801	0.0042773321	-0.042160357	-0.0032980287	-0.0320216251	0.0159905131	-0.0193362059	0.0164355741	0.0244026671	-0.009061517	0.0260991185	-0.0103977939	-0.0182796587	0.0217335886	-0.0211232028	0.0570414374	0.0430606615	-0.0863214613	-0.0215327046	-0.0236141496	0.0407922299	-0.0061758381	-0.0585582429	0.0382640935	0.0053452348	0.000302178	-0.0225476995	0.0034456689	0.0562011595	-0.07948013	0.0274455384	-0.0167775147	-0.0364509257	-0.061748135	0.0250618255	0.0453030605	0.0105779506	-0.0072111986	0.0040201524	0.0008461783	-0.0075396104	0.0197447514	0.0257061423	-0.0011151612	-0.0490370796	0.0057070417	0.0054562453	-0.045911082	-0.0101948351	0.0543568845	-0.0303026552	0.0261883154	0.0169656267	-0.0186442149	-0.0049186488	-0.0254642491	-0.0142718463	0.0538691573	0.0235002224	-0.0428536348	0.0091039856	-0.0700546325	0.0180268965	-0.0208444664	0.0240569343	0.0556838209	-0.0069732234	0.0227871383	0.0246265535	0.0472711494	0.0582859223	-0.102136231	0.0286698441	-0.0074781287	0.0427944251	-0.0240667196	-0.0079044584	0.0274166002	-0.0193042491	0.0439284401	-0.0360959173	-0.0326767865	-0.0082442963	0.0490887465	0.0121393032	-0.0668055006	-0.0897790055	0.0283251753	-0.0102287481	0.0312809092	0.0283436594	0.0250059601	0.0225085928	-0.0040684809	0.0424483542	-0.047575892	0.0547450566	-0.0385658363	0.0104866179	0.0326990859	0.011028279	-0.0057431904	-0.0191571702	0.0200096607	-0.0013881127	0.0249449582	0.0208699177	0.0172721271	0.0044336433	0.0227715126	-0.0102546392	-0.0174614068	-0.0122769923	0.0023107599	-0.0026218858	0.0147804104	0.0690499291	0.0214730402	-0.0153462738	0.0151781746	-0.0375999102	-0.0010506683	0.0452249073	0.0345618882	0.0186121956	-0.0001844653	-0.01895291	-0.0348222698	-0.0453651274	-0.048968821	-0.0450821203	-0.0342995449	-0.0182704248	0.0005533855	0.0192925486	0.0350806749	0.0455027728	0.0489646519	0.0449367745	0.0340352549	0.017927617	-0.0009222743	-0.0196310923	-0.0353370889	-0.0456378354	-0.0489577037	-0.0447888782	-0.0279759	-1.2800000000000313e-05	1.6384000000000796e-10	0.00078265098081	-0.274464	0.068128	0.0753304872959999	0.004641424384	-0.092553	-0.0255581	0.00065321647561	0.0085660578089999	-0.000579999	0.001239621	3.36398840001e-07	1.5366602236410003e-06	0.00169285	-0.00034417	2.8657411225000004e-06	1.1845298890000001e-07	-0.000449632	0.0	2.02168935424e-07	0.0	0.0	0.0	0.0	0.0	0.0	0.0	0.0	0.0	0.0	0.0	0.0	0.0	0.0	0.0	0.0	0.0	0.0	0.0	0.0	0.0	0.0	0.0	0.0	0.0	0.0	0.0	0.0	0.0	0.0	0.0	0.0	0.0	0.0	0.0	0.0	0.0	0.0	0.0	0.0	0.0	0.0	0.0	0.0	0.0	0.0	0.0	0.0	0.0	0.0	0.0	0.0	0.0	0.0	0.0	0.0	0.0	0.0	0.0	0.0	0.0	0.0	0.0	0.0	0.0	0.0	0.0	0.0	0.0	0.0	0.0	0.0	0.0	0.0	0.0	0.0	0.0	0.0	0.0	0.0	0.0	0.0	0.0	0.0	0.0	0.0	0.0	0.0	0.0	0.0	0.0	0.0	0.0	0.0	0.0	0.0	0.0	0.0	0.0	0.0	0.0	0.0	0.0	0.0	0.0	0.0	0.0
52974.68576162856	-161.7579133522377	2806317331.543292	26165.62253207003	64616.83175976563	132.01198876953276	4175334946.669856	17427.165178887244	53702.9946317396	-139.04600138267415	2884011632.4166527	19333.790500510622	53816.23466490248	51890.629663403	0.959711	21.985901	0.09568055	0.054791	-0.0101393376	-0.0006516662	0.0098016814	0.0168768972	0.0080774661	0.0060412531	-0.0151485137	0.0442923171	0.0192779767	0.0113983141	-0.008238168	0.0001070833	0.0224202598	-0.0217230957	-0.000361964	-0.0235182236	-0.017402709	-0.0045190231	0.0078453884	-0.011103848	0.0266361556	-0.0228222436	0.0158077861	-0.0214603164	-0.0170196675	-0.0099621846	-0.0094870083	0.0073546864	-0.0102517393	0.0201518895	-0.0141444673	-0.0162527313	0.0276969676	0.0197606024	0.041584547	-0.0268948446	0.0207591324	-0.0275876453	-0.0192757237	0.0138731667	-0.0127742659	0.0339875401	-0.0610013593	0.0106811514	0.0504265758	-0.0001441735	0.0120039019	-0.0271796293	-0.0220800703	-0.0271944553	-0.0445933822	-0.0173241354	-0.0522790453	-0.0395210158	0.0152469225	-0.0373251985	-0.0004635913	0.0253775551	-0.0664632514	0.0156687977	0.0789397876	0.0445269244	-0.0108714341	-0.0040117724	0.013481979	0.019004396	-0.0237666987	0.0544877162	-0.0105767646	0.0030450329	-0.0559787456	-0.0078352582	0.0140814827	0.0138756995	-0.0047957871	0.0335924707	0.0123019961	-0.0148748821	0.0188800213	0.0491857769	-0.019567697	0.017973305	0.0524434095	0.050751661	-0.0008686434	-0.026952972	-0.0074577579	-0.0405616779	-0.0385368158	0.02759769	-0.0291171082	0.0088724154	-0.0142665528	-0.0038318282	0.0205774735	0.0443205499	-0.0136734908	0.0192332491	-0.0017926581	0.0003087776	0.0397963608	-0.0235881107	-0.0073525451	-0.0018463099	0.0174759544	-0.0351776024	0.0368929064	9.01437e-05	0.0433714298	0.0206623489	-0.0571826322	-0.0413113708	-0.0054153988	-0.0094018728	0.0105449412	-0.0266454375	0.0207514939	-0.0220568096	-0.0254382836	0.0097451716	0.0077392744	0.0093215062	0.0107083565	-0.0096077618	0.017324175	-0.0131847047	-0.0149685454	0.0229723356	0.025967678	0.0418170088	-0.024678382	-0.0171052723	-0.0248385533	-0.0253728249	-0.0175179891	0.0103231593	-0.0448245482	0.0089734823	-0.0588211323	-0.0523177149	0.0079782884	-0.0225345471	0.0125627675	0.0132315314	0.0385564843	0.0655621448	0.0309733364	0.0319582243	-0.0310390154	-0.0310338114	0.0338651783	-0.0224279496	0.0220904425	-0.0500909024	-0.028362802	-0.062003835	-0.0062487954	0.0355042118	0.0332641184	0.0092391793	-0.0242128968	0.0201527486	-0.0140530531	0.019555973	0.0398322815	0.0624007298	0.0051488367	0.0064563292	0.0191559769	-0.0103912204	0.0283693289	0.0195057418	0.0358007501	-0.0108978818	0.0363911797	0.0038547885	0.036642238	0.0368915938	0.0641617517	-0.0105883852	-0.0214453464	-0.0146840757	0.02892042	-0.0269472367	-0.0070800405	-0.0298560442	0.0156363274	-0.006496363	0.0013962086	-0.0339090437	0.0406922391	-0.0460087872	-0.0253025506	-0.0108052871	-0.0341177764	0.0052549703	0.0153379986	0.0115366278	-0.0035815047	0.0097234175	0.023361183	0.0235239301	0.0141375661	-0.0045024513	-0.030461785	-0.0807130357	0.0248592047	0.0384775891	0.0089981484	0.0155546094	0.002880737	-0.0131317013	-0.0222036415	-0.0188456284	0.0186062158	0.0022994747	0.0134299736	-0.0185600635	-0.0023403686	0.0096572941	0.030898566	0.0250264827	0.0348122037	-0.0101512571	0.010302971	-0.0049943617	0.0291742303	-0.0018741058	-0.0053336714	0.0144496805	-0.0217113013	0.0325295188	0.0451538342	0.0342995449	0.0180991493	-0.0009222743	-0.0197999475	-0.0355914973	-0.0458355703	-0.0489354716	-0.0444080345	-0.0329589289	-0.0163726724	0.0027655145	0.0214726538	0.036832953	0.0464522756	0.0488313037	0.0435992294	0.0315715513	0.0146229661	-0.004604831	-0.0231148951	-0.0380221508	-0.0470030752	-0.0486578547	-0.0427285664	-0.0279302	4.570000000000268e-05	2.088490000000245e-09	0.0007800960720399	-0.318493	-0.044029	0.101437791049	0.001938552841	-0.075037	0.0175159999999999	0.0003068102559999	0.005630551369	-0.000698266	-0.000118267	4.87575406756e-07	1.3987083289000006e-08	0.00217889	0.00048604	4.7475616321000005e-06	2.362348816000001e-07	-0.000527122	-7.748999999999999e-05	2.77857602884e-07	6.0047000999999985e-09	0.0	0.0	0.0	0.0	0.0	0.0	0.0	0.0	0.0	0.0	0.0	0.0	0.0	0.0	0.0	0.0	0.0	0.0	0.0	0.0	0.0	0.0	0.0	0.0	0.0	0.0	0.0	0.0	0.0	0.0	0.0	0.0	0.0	0.0	0.0	0.0	0.0	0.0	0.0	0.0	0.0	0.0	0.0	0.0	0.0	0.0	0.0	0.0	0.0	0.0	0.0	0.0	0.0	0.0	0.0	0.0	0.0	0.0	0.0	0.0	0.0	0.0	0.0	0.0	0.0	0.0	0.0	0.0	0.0	0.0	0.0	0.0	0.0	0.0	0.0	0.0	0.0	0.0	0.0	0.0	0.0	0.0	0.0	0.0	0.0	0.0	0.0	0.0	0.0	0.0	0.0	0.0	0.0	0.0	0.0	0.0	0.0	0.0	0.0	0.0	0.0	0.0	0.0	0.0	0.0	0.0
53006.67196529914	31.98620367057447	2809707272.8368297	1023.1172252554716	64618.79141503906	1.9596552734292343	4175588203.940325	3.840248790679008	53702.1388399873	-0.8557917522994103	2883919715.989273	0.7323795233036953	53810.83860051439	52010.79209777039	1.034536	23.700041	0.0431823499999999	0.0268997	-0.016239642	0.0029775494	0.0093966031	0.0070983892	-0.0069207377	-0.0267314782	-0.0020656092	-0.0698978294	-0.006389106	-0.0033152348	0.0547893821	0.0035678148	-0.0162322967	0.0246855174	-0.0192397099	-0.0048744493	-0.0092170369	0.0188335127	-0.0339825493	-0.007304456	-0.034043979	0.0296074124	0.0072912486	-0.0357329077	0.0337639402	-0.0284513846	0.0118141279	0.0169918272	0.0729775853	-0.0038903009	-0.0372286311	-0.0015225907	-0.0268486188	-0.0048619026	-0.0093180523	0.0260243601	0.0407730019	-0.0679030263	-0.0439414628	-0.0290317347	0.044505198	-0.0316155784	-0.0155948993	-0.0067498222	0.0165407841	-0.0068625637	0.0199075178	0.0222532995	0.0431695092	-0.0664889995	0.0213061883	-0.017774915	0.0421421655	-0.0139469127	0.0535888198	0.032061998	0.014796103	-0.0569903757	-0.01701274	0.0239554237	-0.0022109422	-0.0013023086	-0.0635817702	0.0074413262	0.0309647698	-0.0229868572	-0.0099299474	-0.0438188916	0.0228952784	-0.0323791121	-0.0006055648	0.0100247607	0.0695201125	-0.008721795	0.0486887575	-0.0401128164	0.0043632522	-0.0388499117	0.007835677	0.0053193126	-0.0288603409	-0.0021547046	-0.0573334323	0.0164827031	0.0142447686	-0.0263974012	0.0273512262	0.024956405	-0.0061367702	-0.0266561811	-0.0308860983	0.0427331625	-0.0541631035	0.0394722851	0.0024196699	-0.0530333791	0.0485818621	0.0135839998	0.0323464553	0.0374813485	-0.0330888675	9.80811e-05	-0.0562939022	-0.0156002089	-0.0080029332	-0.0132468182	0.010075553	0.0393599567	0.0043573026	0.0536986803	0.0121876609	0.0991155882	0.0192736252	0.0317818672	0.0054422234	0.0324925232	-0.0270099343	-0.0024877966	-0.0183821285	-0.0515258332	0.0264617495	-0.0190199792	0.0068500452	0.0762468596	-0.003282863	-0.032047139	-0.0133947103	-0.0237950979	-0.0031063825	-0.0079419889	0.0257914553	-0.0385458944	-0.0670024608	-0.0395520606	0.025406403	-0.0514882643	0.0271152251	0.0001841082	-0.0148655619	-0.0144140105	-0.0050364318	-0.0106374664	-0.0331901726	-0.0396290485	0.0569086568	-0.0286974793	-0.0032200056	-0.0491740468	0.0069055423	-0.0516848517	-0.046169643	0.0149474815	-0.0451010384	-0.027780179	-0.0193851263	0.0006919307	0.0114523755	0.059860954	-0.0380013321	0.0323644559	0.0191243253	0.0030470495	0.0299714781	-0.0307193381	-0.0391385798	-0.0013395647	-0.0331548299	0.0649611659	0.0154280717	0.0422660787	-0.0409215738	-0.014917586	0.0490151323	0.0080032076	-0.0020248188	-0.0032161485	0.0185350121	-0.0559896406	0.0167195978	0.013000912	-0.0343485554	0.0118748582	-0.0431317092	-0.037989986	-0.0092570906	-0.0214155836	0.0271601933	0.0291244434	0.0328382898	-0.0024128975	-0.0238127109	0.0543161964	-0.0027528207	0.0455915254	-0.0013299009	-0.0232185244	0.0110905121	0.0537270956	0.0607199282	-0.0241878506	0.0196533324	0.0034871791	-0.0028975645	0.0260988479	-0.0812777213	0.0862690805	0.025760719	0.0087679223	0.0071028158	0.0092068141	-0.0028851833	-0.0076034595	-0.0218844372	-0.0076541456	-0.0179731125	0.0081346017	-0.0313086596	0.0192697831	-0.0040834187	0.0069386887	0.0062536548	-0.040515527	0.059959832	0.0450739951	0.0254249747	-0.000778401	0.01373055	0.015931187	-0.0040027329	0.0121198939	-0.0053725145	0.0271521934	0.0450821203	0.0340352549	0.0175837917	-0.0016598739	-0.0206399614	-0.0363425447	-0.0462741461	-0.0488576859	-0.0436829132	-0.0315715513	-0.0144468132	0.0049719936	0.0236012772	0.0384828171	0.0472535125	0.0485206286	0.0420829549	0.0289627561	0.0112434423	-0.0082612638	-0.02645413	-0.0404462362	-0.0480157186	-0.0479605879	-0.0402895985	-0.0279443	-1.409999999999953e-05	1.9880999999998672e-10	0.00078088390249	-0.331711	-0.0132179999999999	0.1100321875209999	0.0001747155239999	-0.0664029	0.0086341	7.45476828100001e-05	0.00440934512841	-0.00106929	-0.000371024	1.1433811041000005e-06	1.3765880857600005e-07	0.00217889	0.0	4.7475616321000005e-06	0.0	-0.000471823	5.529899999999997e-05	2.22616943329e-07	3.057979400999997e-09	0.0	0.0	0.0	0.0	0.0	0.0	0.0	0.0	0.0	0.0	0.0	0.0	0.0	0.0	0.0	0.0	0.0	0.0	0.0	0.0	0.0	0.0	0.0	0.0	0.0	0.0	0.0	0.0	0.0	0.0	0.0	0.0	0.0	0.0	0.0	0.0	0.0	0.0	0.0	0.0	0.0	0.0	0.0	0.0	0.0	0.0	0.0	0.0	0.0	0.0	0.0	0.0	0.0	0.0	0.0	0.0	0.0	0.0	0.0	0.0	0.0	0.0	0.0	0.0	0.0	0.0	0.0	0.0	0.0	0.0	0.0	0.0	0.0	0.0	0.0	0.0	0.0	0.0	0.0	0.0	0.0	0.0	0.0	0.0	0.0	0.0	0.0	0.0	0.0	0.0	0.0	0.0	0.0	0.0	0.0	0.0	0.0	0.0	0.0	0.0	0.0	0.0	0.0	0.0	0.0	0.0
53095.63295898659	88.9609936874549	2819146239.3154235	7914.058397859391	64823.31034872437	204.51893368531452	4202061564.567036	41827.99423577809	53856.24973933148	154.11089934417396	2900495635.985242	23750.16929667012	53967.903785828974	52025.13874051973	1.072641	24.572992	0.10780435	0.0630304	-0.0183513523	-0.0005189438	0.0059376077	0.0197270821	-0.0240557369	-0.0036658458	-0.0077807971	0.007267403	-0.0108250625	0.0011499339	-0.0006191931	0.0030688195	0.0050973812	0.0087137842	0.1027712936	0.02802437	0.0212819251	-0.0241511214	0.0220765393	-0.0014372462	-0.0185500827	-0.0233024496	-0.0131302162	0.0431534252	-0.0613134429	-0.012501846	-0.0343928632	-0.0039729106	-0.0026522299	0.002242536	-0.0238882284	0.0192387891	0.0074287267	-0.0633454794	0.0595397698	0.0143907214	0.0354372411	0.0004134688	-0.001297667	-0.0590249135	-0.0203237469	0.0088102968	0.0473090207	0.0350104991	0.0397790531	-0.0734273538	-0.0185775935	-0.0103618573	0.0171273538	0.0021271669	-0.0206742702	-0.0622583405	-0.0500287459	-0.0237487837	0.0267320917	-0.0060249994	-0.051149687	0.0257028094	0.0575531499	0.0196752679	-0.0054104978	0.0346762119	0.024608715	-0.0221055808	-0.0429478665	-0.0272655041	0.003369906	0.0296787593	-0.0108787144	-0.0003966252	-0.0282800784	0.0199764368	-0.0067570064	-0.0129096558	0.0158754524	-0.0146550039	-0.002443307	0.0753190115	-0.0761833708	0.0375437301	-0.0787773753	0.0112410843	-0.0641576048	-0.0027667673	-0.0274989971	-0.0354324235	-0.0100466458	0.0021295518	-0.0604200921	0.0557408534	-0.0708407183	-0.0738643513	0.0397010702	-0.0042734246	-0.041918402	0.0124452995	0.0046096949	0.0664297499	-0.0214075575	0.0187899749	-0.0249350463	-0.0021888025	-0.0046941049	-0.0349312697	0.0008795384	0.0190702431	-0.0247542856	0.0309487201	-0.0900974637	-0.0144327001	-0.0345728242	-0.0253505172	-0.0251081221	-0.0209361627	-0.0003982012	0.0187008041	0.0231445631	0.0078040239	0.0127041959	0.0727667231	0.0142719932	0.032991767	-0.006407649	0.0017092487	-0.0049896648	-0.0337042739	0.0151312731	0.001499264	-0.0560907086	0.0687730142	0.0134096368	-0.035176695	-0.0084927368	-0.0083268268	0.0598112895	0.0194881876	-0.0067968139	0.0158492984	0.0480490621	-0.0301257664	0.0815004886	0.0100623032	0.0095064626	-0.0143904971	0.0012118924	0.0531035086	0.0602131905	-0.0202540777	-0.0273089669	-0.0186258518	-0.019428062	0.0187791477	0.0544296055	0.0523658788	-0.0113845419	0.0199951509	-0.0066529439	0.0061211546	0.0509245564	-0.0433327051	0.0281887835	0.0144088022	-0.0275325796	0.0132433976	0.0061899665	0.0255854804	-0.0162328414	-0.0005218	-0.0133740989	0.0178212033	-0.0060605536	0.0105196279	-0.0642086833	-0.0533096032	0.0178381401	-0.058649158	0.0652611182	-0.0698050189	-0.0109075327	-0.0265395821	-0.0472738809	-0.0077483237	0.0453741025	-0.0194068316	0.0605202822	-0.0834760187	-0.0778863348	0.0060164201	-0.0193517367	0.0381161213	0.0216862542	-0.0219146756	-0.0441245123	0.0479909404	0.0139060205	-0.0353274276	0.011749841	-0.0041200045	0.0019975176	-0.0066265817	-0.0347863129	0.0077271912	-0.0966029246	-0.0069407265	0.0467810562	0.0036467872	0.0105991347	0.0696967791	0.0015877845	-0.0002875937	0.0010574581	-0.0065535966	-0.001342824	0.0235247915	-0.0035888737	-0.0170739711	0.0282602941	-0.0202910731	-0.0434957723	-0.0067623648	0.030507816	-0.0383615006	0.0507854222	-0.0564096833	0.021881888	0.0075935662	0.0068558979	0.0382997057	0.0136404544	0.014227209	-0.0323356623	0.035853033	0.0450097667	0.0337690332	0.0170661886	-0.0023970967	-0.0214726538	-0.0370750283	-0.04668055	-0.0487355344	-0.0429075896	-0.0301393805	-0.0124961534	0.0071683153	0.0256733154	0.0400256797	0.047903926	0.0480337549	0.0403941669	0.0262208584	0.0078063495	-0.0118708295	-0.0296279125	-0.042592707	-0.0486681691	-0.0468715983	-0.0374935883	-0.0279053	3.899999999999737e-05	1.5209999999997947e-09	0.00077870576809	-0.380132	-0.048421	0.144500337424	0.002344593241	-0.062659	0.0037438999999999	1.4016787209999958e-05	0.003926150281	-0.00160873	-0.00053944	2.5880122129000003e-06	2.909955136e-07	0.00167053	-0.00050836	2.7906704809e-06	2.584298896000002e-07	-0.000536032	-6.420899999999997e-05	2.87330305024e-07	4.122795680999996e-09	0.0	0.0	0.0	0.0	0.0	0.0	0.0	0.0	0.0	0.0	0.0	0.0	0.0	0.0	0.0	0.0	0.0	0.0	0.0	0.0	0.0	0.0	0.0	0.0	0.0	0.0	0.0	0.0	0.0	0.0	0.0	0.0	0.0	0.0	0.0	0.0	0.0	0.0	0.0	0.0	0.0	0.0	0.0	0.0	0.0	0.0	0.0	0.0	0.0	0.0	0.0	0.0	0.0	0.0	0.0	0.0	0.0	0.0	0.0	0.0	0.0	0.0	0.0	0.0	0.0	0.0	0.0	0.0	0.0	0.0	0.0	0.0	0.0	0.0	0.0	0.0	0.0	0.0	0.0	0.0	0.0	0.0	0.0	0.0	0.0	0.0	0.0	0.0	0.0	0.0	0.0	0.0	0.0	0.0	0.0	0.0	0.0	0.0	0.0	0.0	0.0	0.0	0.0	0.0	0.0	0.0
53051.0956853392	-44.53727364739461	2814418753.415015	1983.5687439429107	64820.51558203125	-2.794766693121346	4201699240.320356	7.810720868980424	53790.32474008704	-65.92499924443837	2893399035.64402	4346.105525379199	53895.094430155805	52140.04493709416	1.054344	24.153841	0.10355985	0.0635606	-0.019327106	0.007958324	0.0009261042	0.0028450345	-0.0199039092	0.0011451396	0.0067317264	-0.0423760924	-0.0052246197	0.0441411737	0.0251084449	-0.0249003668	-0.0007504759	-0.0235985702	-0.0069743883	-0.0291818862	-0.0527541494	-0.0105399532	0.0030739725	-0.0272651386	0.0264776647	0.0531744872	0.035337178	-0.0157328365	0.0070578419	-0.0216507452	-0.0301072053	-0.0016135704	0.0231400256	-0.0134379541	-0.0272029494	-0.0196033467	-0.0455676516	0.0067706796	-0.0029123663	-0.0137241913	0.0340870366	-0.012652057	-0.0491040731	0.0421748763	-0.0323118341	-0.0096707002	0.0129460023	0.0614094948	-0.0840955507	0.0315956577	0.0090659386	-0.0050341696	0.0202474864	-0.0080095908	-0.0036756377	-0.0270065438	-0.0112635578	-0.0049703621	0.0283463261	0.0525118259	0.0288707507	-0.0275689721	0.022218956	0.0054502677	0.0159968201	0.0421310622	0.0013831006	-0.0237318559	-0.0122080745	-0.0703686735	0.0816899354	-0.0424779173	-0.0137563176	0.0235512656	-0.0130383892	-0.0078194884	-0.0787170193	-0.010068714	-0.0145659152	-0.0369395863	0.0024078713	0.035258444	0.0642972741	0.013468845	0.0017947367	-0.0038159819	0.0719149308	-0.0299904002	-0.0024524226	0.0798580608	-0.0310522692	0.0408833412	-0.0329337339	0.0184447345	0.0362043434	-0.0100801991	0.0295023794	0.0109492584	-0.0076236234	-0.0171717277	0.0337550458	-0.021028907	-0.0362113104	-0.0476930157	-0.0079552263	0.0040777694	0.0141106489	-0.0386155462	-0.0073516496	0.0028897336	-0.0104833238	-0.0199552574	-0.0415377213	-0.0522333231	0.0426967051	0.0631593259	-0.0106650009	-0.0031678221	0.0257514566	-0.0242047689	-0.0551735919	-0.0336035338	-0.006994781	-0.0176605433	0.0180046852	0.0231813464	-0.0007811555	0.0324563008	-0.0223645624	-0.0233768715	-0.0255780546	-0.0447036493	0.010030552	-0.0020539376	-0.0127862341	-0.0350500435	-0.0087032269	-0.0534859373	-0.0369261394	0.0373395368	0.0022657367	0.0639764604	-0.0052609453	0.0825747134	-0.0249253898	-0.011984929	0.0078973423	0.0038231458	-0.0037015812	0.0077326343	0.0143019436	-0.0301113586	-0.0064213419	-0.010756854	-0.0578217053	-0.0008779006	-0.0399997651	0.0189791966	-0.0085393558	-0.0001261866	-0.0243763805	0.0252385002	0.0420460355	-0.0153708598	0.0688985498	-0.0894498588	0.018333625	-0.0092983091	0.0064516278	0.0173462997	0.017074859	-0.0663838534	-0.0381420019	-0.0120399192	-0.0292734532	-0.0100609075	-0.024711903	0.0277672141	0.0474374595	0.0205977592	-0.0077949044	0.0662969045	-0.0060746502	0.0115471809	0.093060357	-0.0178434732	-0.0172737411	0.0178626477	0.0465628029	-0.0174429422	0.0044695182	-0.0126354579	-0.009611845	0.0387302256	0.0106588653	0.0519101735	-0.0020250997	-0.014594078	0.0382933557	0.0445044615	-0.0206914936	0.0191008265	-0.0294338854	-0.0099937626	-0.022783023	-0.0024908577	0.0050220755	0.0006999976	0.0621597432	0.0831380732	0.0068928755	0.0261920608	0.0039410618	0.0212843626	-0.0015825521	-0.0072866006	-0.0218976195	-0.0241666417	0.0023913143	-0.0290950063	-0.0231226131	-0.0043125036	-0.0129878899	0.0015862323	0.0336634608	0.0138801434	0.052898927	0.0441623055	0.050923823	-4.2829e-06	0.0060497315	0.0190919033	0.0222647752	0.0119398663	0.0021678751	0.0067842442	0.0449367745	0.0335008948	0.0165464061	-0.0031337753	-0.0222977292	-0.0377885739	-0.0470544995	-0.0485691282	-0.0420829549	-0.0286644484	-0.0105240416	0.0093499925	0.0276838006	0.0414572508	0.04840144	0.0473724506	0.0385397882	0.023358459	0.0043292863	-0.0154130506	-0.0326163926	-0.04444683	-0.0489555324	-0.0453997805	-0.0343653138	-0.0279495	-4.419999999999771e-05	1.953639999999798e-09	0.0007811745502499	-0.325718	0.054414	0.106092215524	0.002960883396	-0.0584668	0.0041922	1.757454084000006e-05	0.00341836670224	-0.00112099	0.0004877399999999	1.2566185801000003e-06	2.3789030760000002e-07	0.00200085	0.00033032	4.0034007225000005e-06	1.0911130240000019e-07	-0.000616161	-8.012900000000007e-05	3.796543779210001e-07	6.4206566410000125e-09	0.0	0.0	0.0	0.0	0.0	0.0	0.0	0.0	0.0	0.0	0.0	0.0	0.0	0.0	0.0	0.0	0.0	0.0	0.0	0.0	0.0	0.0	0.0	0.0	0.0	0.0	0.0	0.0	0.0	0.0	0.0	0.0	0.0	0.0	0.0	0.0	0.0	0.0	0.0	0.0	0.0	0.0	0.0	0.0	0.0	0.0	0.0	0.0	0.0	0.0	0.0	0.0	0.0	0.0	0.0	0.0	0.0	0.0	0.0	0.0	0.0	0.0	0.0	0.0	0.0	0.0	0.0	0.0	0.0	0.0	0.0	0.0	0.0	0.0	0.0	0.0	0.0	0.0	0.0	0.0	0.0	0.0	0.0	0.0	0.0	0.0	0.0	0.0	0.0	0.0	0.0	0.0	0.0	0.0	0.0	0.0	0.0	0.0	0.0	0.0	0.0	0.0	0.0	0.0	0.0	0.0
53010.67635208	-40.41933325919672	2810131807.304974	1633.722501118006	64012.03953417969	-808.47604785156	4097541205.325384	653633.519949678	53771.96803410602	-18.356705981015693	2891424546.26092	336.9686544734573	53875.56620368994	51426.311134714895	1.050132	24.057333	0.10893805	0.061341	-0.0178307007	0.0123227713	0.003651867	0.0003040383	-0.0316133663	0.0011632447	0.0232682476	-0.0120456804	-0.0168209652	-0.0443866697	0.0408147282	0.0227515842	0.0017149518	0.003217475	0.049048832	0.0404118428	0.0174102126	-0.0099734745	-0.0098259781	0.0310159741	-0.0446551842	-0.0372863427	-0.0351509242	0.0027413714	0.0022297632	-0.011506931	0.0120057938	-0.0356263387	-0.0309891318	-0.0346401838	0.0193633419	-0.0365661091	0.0418863546	0.0679538633	0.0073777564	0.0019691014	0.0370084885	-0.0081826958	-0.0153738764	-0.0151287344	-0.0432050317	-0.0165656164	-0.0522817308	0.0489112815	0.007596103	-0.0209935132	-0.0686273458	0.0240058459	-0.0169386097	0.0376867637	0.018119685	0.0411568021	-0.0033812343	0.0460498752	-0.0250559122	0.0445157305	0.0209333778	0.0298990163	0.0197066524	-0.0098877498	-0.0377256655	-0.0262897078	-0.0191761129	0.0197958667	-0.0351090483	0.0007004619	0.023070193	-0.0053414515	0.026269905	-0.0599660518	0.0025096398	-0.0157058004	-0.0554349535	-0.077744197	-0.0090693438	-0.0672008352	-0.0179251033	0.0186966735	-0.0461255759	-0.0097225386	0.0010156408	-0.048407552	-0.0222799377	-0.0244070934	-0.0138412045	0.0067508375	0.0052759397	0.0235015686	-0.0322672041	0.0515870643	0.0085401959	-0.0226762216	0.00580267	0.0485941395	-0.0151173103	0.021155513	-0.0305414142	0.0045349606	0.0202661964	0.0176772551	-0.0242177837	-0.0070901054	0.0261256409	0.0039706653	-0.0594581692	0.0476666315	-0.0050153161	0.0211931581	0.0216694338	-0.0455952824	-0.046806647	-0.0350072344	-0.0083162017	0.0137358805	-0.0294159172	0.0446085525	0.0390934517	0.0339459904	0.0005025098	0.0041044506	0.0103022876	-0.0058469827	-0.0248703054	-0.0394069628	-0.0327611186	0.034267175	-0.0309463614	0.0416892788	0.0677768842	0.0033536613	0.0042556048	-0.0357091942	-0.0091352571	-0.0236029469	0.0230732566	0.0422905006	0.0077025224	0.0222893165	-0.0567728886	-0.0180469806	0.0312372611	0.0675307648	0.0027221548	0.0213366096	-0.0431369421	-0.0327732007	-0.0151097053	0.0320633642	0.0380482006	0.0393762225	-0.0223765258	-0.0345214916	-0.0239472596	0.0289599877	0.0226886168	0.0421100895	0.021151666	-0.0002952746	-0.0201470905	-0.0313075398	-0.000634886	-0.0059741804	-0.0229736154	-0.0316871077	-0.0444982141	0.0159695713	0.0160831643	-0.004041981	-0.1047135916	-0.0016513355	-0.0367176563	-0.0408169673	-0.0344232986	-0.026770197	-0.0094479381	-0.0515320265	-0.0316202744	-0.004443738	-0.0388531993	-0.016579051	0.0059177941	0.0156069804	0.0174193915	0.0080977085	0.0669626287	-0.0244330218	0.0067863038	0.0374922765	0.0301345605	0.0248719402	-0.0104652192	-0.0389167033	0.0189446138	0.0120495418	0.0093236492	-0.0142058322	0.0146441353	-0.0297972289	-0.0143111341	-0.0315528178	-0.057857761	-0.0049041091	0.0116866339	0.0071592897	0.0359680819	-0.0667618294	0.0446198452	-0.0790370073	0.0036450774	0.0385940402	-0.002946878	-0.0021997134	-0.0197754632	0.0155739446	-0.0325788101	-0.0126875301	-0.0067967059	0.0061767035	-0.003037532	0.0058589794	-0.0065676935	-0.0590706531	0.0150083833	-0.0285786601	0.0372975819	-0.0340417507	0.0389953577	0.0293182915	-0.0247513151	0.0226456326	-0.0192057653	-0.0262451867	0.0448631447	0.0332308549	0.0160245105	-0.0038697424	-0.0231148951	-0.0384828171	-0.0473957345	-0.0483586182	-0.0412099568	-0.0271488476	-0.0085338634	0.0115125682	0.0296279125	0.04277355	0.0487444668	0.0465391172	0.0365274207	0.0203887125	0.0008300562	-0.0188678315	-0.0354008796	-0.045995879	-0.0488756528	-0.0435571555	-0.0309324975	-0.0279355	1.4000000000000123e-05	1.9600000000000343e-10	0.0007803921602499	-0.282832	0.042886	0.0799939402239999	0.001839208996	-0.0869174999999999	-0.0284506999999999	0.0008094423304899	0.0075546518062499	-0.000671304	0.000449686	4.50649060416e-07	2.022174985960001e-07	0.00230291	0.0003020599999999	5.3033944681000005e-06	9.12402435999999e-08	-0.00061616	1.000000000015745e-09	3.7965314560000004e-07	1.0000000000314906e-18	0.0	0.0	0.0	0.0	0.0	0.0	0.0	0.0	0.0	0.0	0.0	0.0	0.0	0.0	0.0	0.0	0.0	0.0	0.0	0.0	0.0	0.0	0.0	0.0	0.0	0.0	0.0	0.0	0.0	0.0	0.0	0.0	0.0	0.0	0.0	0.0	0.0	0.0	0.0	0.0	0.0	0.0	0.0	0.0	0.0	0.0	0.0	0.0	0.0	0.0	0.0	0.0	0.0	0.0	0.0	0.0	0.0	0.0	0.0	0.0	0.0	0.0	0.0	0.0	0.0	0.0	0.0	0.0	0.0	0.0	0.0	0.0	0.0	0.0	0.0	0.0	0.0	0.0	0.0	0.0	0.0	0.0	0.0	0.0	0.0	0.0	0.0	0.0	0.0	0.0	0.0	0.0	0.0	0.0	0.0	0.0	0.0	0.0	0.0	0.0	0.0	0.0	0.0	0.0	0.0	0.0
53080.65235425504	69.97600217504078	2817555654.353281	4896.640880401312	64714.2617578125	702.2222236328089	4187935674.858673	493116.05136380665	53823.97844290226	52.01040879623906	2897020655.422008	2705.0826231519018	53932.45841293263	51873.56213616706	1.012034	23.184546	0.11888185	0.0717063	-0.0208722733	0.015924191	0.0014231989	0.0015922062	-0.0247535295	0.0302585866	0.0006751342	0.0614734384	0.0041436091	0.0586757509	0.0068367712	-0.0054083824	0.0389113842	-0.0353260464	0.0300605256	-0.0181976466	-0.0284547727	-0.0397727908	0.0262349957	-0.0386922949	0.0702493587	-0.0091130169	0.051111912	-0.0059634101	-0.0186027449	-0.000655009	0.0220452344	-0.0235389398	0.0421490223	-0.0090072985	-0.0374303009	-0.0090409709	0.0115643022	0.0568972892	0.061348051	-0.0260659638	-0.00701755	0.0189726263	-0.0327011413	-0.0455950802	0.0205393809	0.0078074242	-0.0417465538	0.0684781609	-0.0020851488	0.0131444066	-0.0285105536	0.0009525935	0.0253720341	-0.0593700741	-0.0053740508	0.0177377515	-0.0532995578	0.030023732	-0.0269827725	0.0210625513	-0.0363358106	0.0436554214	-0.0113201968	0.0539253234	0.0132333597	-0.0180424223	-0.0208207037	-0.0529436054	-0.0646522887	0.0215913909	-0.1069551304	0.0006462992	-0.0491648195	-0.0227644704	0.0108919887	-0.011625156	0.1100020806	0.0326162813	-0.0273582327	-0.0514970269	-0.0039171107	0.0104638911	0.0236657121	0.083909606	0.0085290893	-0.0171257987	0.0323299238	0.0128714006	-0.0310635371	-0.0079247737	0.0259894374	0.014385383	0.0100551926	-0.0428447329	-0.0036120158	0.0315554468	0.0324655302	-0.0069104001	0.0019367171	-0.0251990488	-0.0260560458	-0.002940261	0.0199065732	-0.0564430726	0.0017607787	-0.0592526223	-0.0038139481	-0.0049641161	0.041696415	-0.0172956791	-0.0260374277	-0.0066371977	-0.0005811797	-0.0323657846	0.0134988388	0.0601147721	-0.0397688032	-0.0289968188	0.0396530923	-0.0688315276	0.0060384568	-0.0488583993	-0.0023863214	0.0091699601	0.0002439939	-0.0266069092	-0.0282325172	0.0402528879	-0.0140670215	-0.0313357135	-0.0138535713	0.0117956266	0.0629135131	0.0586914252	-0.0225087233	0.0031065437	0.0252203764	-0.0361730782	0.0460500309	-0.0205227527	-0.016688754	0.0597496002	-0.0444503729	-0.012002172	-0.0006587507	0.0259504609	0.0122501663	-0.0141119088	0.0544961919	-0.0071839985	0.0003595838	0.0263777661	0.010945717	0.0388024702	-0.0319601141	-0.039170877	0.0485016066	0.0044512307	-0.0429821124	0.0147148132	0.0621115838	0.0189912556	0.0441001036	-0.0591326826	-0.0274518996	0.089099171	0.0374966266	0.064566144	-0.0140792516	-0.0177478086	-0.0117717235	0.0867956326	0.0554513801	-0.0283849153	-0.0373463559	-0.0351710429	0.0279620396	-0.0527754602	0.0857992347	0.0021255041	-0.0010205942	0.0372638363	0.005622541	-0.0170192288	-0.0115191428	0.0031336307	-0.0409085516	-0.0160001386	-0.0267617661	0.030506801	0.0051935116	0.0133360689	-0.0480155921	-0.0074687879	-0.0342095862	-0.0141331634	-0.0121112101	-0.0043066691	-0.0024984579	0.0597592894	0.0514412305	0.0320391227	-0.0103066958	0.0238714651	0.0319868017	-0.0195170605	-0.0056984522	0.0171916973	0.0260760528	0.0320175721	0.0185829507	0.0279018429	-0.0018248555	0.040635144	-0.000862863	-0.0012801616	-0.0158559528	-0.030307176	0.0054175553	-0.0571577339	0.0031214972	-0.0271555998	-0.0363561955	0.0106153649	0.0370486921	0.0428753948	0.0437830088	-0.0249566599	0.062003517	-0.0070041074	0.0116547927	0.0207136476	0.0157627913	0.0124046213	0.0046943482	0.0023497085	0.0447888782	0.0329589289	0.0155005685	-0.004604831	-0.0239238614	-0.0391574033	-0.0477040178	-0.0481041957	-0.0402895985	-0.0255947285	-0.0065290352	0.0136516244	0.03150099	0.0439709173	0.0489319113	0.0455367808	0.0343653138	0.0173252667	-0.0026734239	-0.0222155728	-0.0379639583	-0.0472292216	-0.0484291295	-0.0413587732	-0.0272255606	-0.0279501	-1.460000000000003e-05	2.1316000000000087e-10	0.0007812080900099	-0.341337	-0.058505	0.116510947569	0.003422835025	-0.0716161	0.0153013999999998	0.0002341328419599	0.00512886577921	-0.00123477	-0.000563466	1.5246569529e-06	3.174939331560001e-07	0.00196516	-0.0003377499999999	3.8618538256e-06	1.1407506249999997e-07	-0.000616161	-1.000000000015745e-09	3.796543779210001e-07	1.0000000000314906e-18	0.0	0.0	0.0	0.0	0.0	0.0	0.0	0.0	0.0	0.0	0.0	0.0	0.0	0.0	0.0	0.0	0.0	0.0	0.0	0.0	0.0	0.0	0.0	0.0	0.0	0.0	0.0	0.0	0.0	0.0	0.0	0.0	0.0	0.0	0.0	0.0	0.0	0.0	0.0	0.0	0.0	0.0	0.0	0.0	0.0	0.0	0.0	0.0	0.0	0.0	0.0	0.0	0.0	0.0	0.0	0.0	0.0	0.0	0.0	0.0	0.0	0.0	0.0	0.0	0.0	0.0	0.0	0.0	0.0	0.0	0.0	0.0	0.0	0.0	0.0	0.0	0.0	0.0	0.0	0.0	0.0	0.0	0.0	0.0	0.0	0.0	0.0	0.0	0.0	0.0	0.0	0.0	0.0	0.0	0.0	0.0	0.0	0.0	0.0	0.0	0.0	0.0	0.0	0.0	0.0	0.0
53078.74273710284	-1.9096171522032817	2817352930.5515475	3.646637667988972	64599.23902246094	-115.02273535155835	4173061682.28104	13230.229647754635	53766.779747378205	-57.19869552405726	2890866604.403079	3271.690769653808	53879.47013725768	52033.287192763295	1.142976	26.184286	0.0637221999999999	0.0372437	-0.0207508243	0.0213656281	-0.0021463418	-0.0253523044	-0.0270294879	-0.0042237094	0.0146015524	-0.0658229848	-0.0162548329	-0.0094679094	0.0608791254	0.012902951	0.0154591659	-0.0242949828	-0.0039589096	0.0114630019	-0.0206946539	-0.0178471389	-0.0650120245	0.0351920511	-0.0790684656	0.0528523899	-0.0186168068	-0.0174487798	-0.0209358097	0.0248627177	-0.0227776947	-0.0211423989	0.0247840148	-0.0168689288	-0.0163246755	-0.001906109	-0.006330523	-0.0033489298	-0.0242398624	0.0041849366	-0.0089921078	-0.0385613267	-0.0455365376	-0.0054615998	-0.0115224657	-0.0120870221	0.0099709838	0.0052365401	-0.0206353979	-0.0051316563	-0.0026423041	0.0452903673	0.0162460518	-0.008091983	-0.0335637877	-0.0466028816	-0.0150909865	-0.0222073013	-0.0001515204	0.006159283	0.029439001	0.0277550792	0.0049655424	-0.049167474	0.0154174955	-0.0426665741	-0.0063546675	0.0312795694	-0.0147919426	0.0500420993	0.0336603648	0.0120226732	0.1098600363	-0.0324843405	0.0271237596	-0.0465550169	-0.031127178	-0.0280058867	0.015690346	0.0363303489	0.0187157768	-0.0212925685	0.0134580717	-0.0264714096	-0.018776202	0.0334860726	0.0085192512	0.0445555238	-0.0093122834	-0.0315387598	0.0591572625	-0.0322803884	-0.0183349001	-0.0126217851	0.026377398	-0.0822746783	-0.0067051559	-0.0575645551	0.0160770981	-0.007699635	-0.0022258136	-0.0080859386	-0.0160643567	-0.0039271601	0.0155164634	0.0663916508	0.0094741455	0.0546887473	0.0288375601	0.0458820548	-0.011246601	0.0300055681	0.0868399721	-0.0231994966	-0.0461462646	-0.0160544795	-0.0174134735	0.0684132163	-0.0362517043	0.074843532	-0.0488307416	0.0153773609	-0.022343492	0.0076103437	-0.0236523326	0.017616029	-0.0269739566	0.0278092791	-0.0146561997	-0.0104703102	-0.011129332	-0.0104847791	-0.0060383989	-0.0245373845	0.0026757291	0.0134425937	-0.0363026066	-0.0500025717	0.0095138124	0.0101269808	0.0058547967	0.0080353216	0.0042016537	0.0203706003	-0.0118028519	0.0221167421	-0.042636967	-0.020384203	0.0015642588	0.0464768351	0.0207655251	-0.0240250654	-0.008946306	-0.0055400409	0.0023033168	-0.0312482296	-0.0268990584	0.0219245297	0.0436316844	-0.0399082634	0.0353960785	-0.0223140013	-0.0294786237	-0.006305486	-0.054455525	0.0018256568	-0.0420726694	-0.1018894036	-0.0152102938	-0.0014283433	0.0609582876	-0.0036378106	-0.0308653396	0.0200073582	0.0196906737	0.0310226093	0.0011411336	0.045214112	-0.0261445785	0.0088848095	0.0415542069	0.0180313013	0.0259046982	-0.0364820831	-0.0437240296	0.0486863278	0.0138233877	-0.0287916304	0.0199098475	0.0443286915	-0.0534649988	-0.0685098984	0.0094792674	-0.0192244775	-0.0137197755	0.0041520324	0.0123583657	-0.0167424867	-0.0062483467	-0.0064457485	-0.0368784555	-0.0900917893	0.0063020449	0.0420682301	-0.0181297972	-0.0326624328	0.0273266607	0.0579350221	-0.0129199649	-0.0873780492	0.0366878218	0.0162940238	-0.0005454191	0.0485332178	-0.002980934	0.0001641905	-0.0316481789	-0.0171010465	-0.032602574	-0.0428669658	-0.0274881775	-0.0064345598	0.0098675034	-0.0044709571	0.0131097983	-0.0620168575	0.04306009	0.0408643575	0.0812093494	-0.0072789038	-0.0037090442	0.0174973316	0.0117772646	0.0120032712	-0.001164502	-0.037468752	0.0447139763	0.0326851323	0.014974647	-0.0053388741	-0.0247243413	-0.0398119877	-0.047979135	-0.0478060917	-0.0393229378	-0.024004296	-0.0045129987	0.0157627911	0.0332985423	0.0450460234	0.0489631754	0.0443690814	0.0320623308	0.0141822002	-0.0061632156	-0.0254372825	-0.0402895985	-0.0481383925	-0.0476193122	-0.0388225891	-0.0232773535	-0.0279448	5.299999999999749e-06	2.8089999999997344e-11	0.0007809118470399	-0.308983	0.0323539999999999	0.095470494289	0.0010467813159999	-0.0613367	0.0102794	0.00010566606436	0.00376219076689	-0.0010346	0.0002001699999999	1.0703971600000002e-06	4.0068028899999976e-08	0.00218666	0.0002214999999999	4.7814819556e-06	4.906224999999997e-08	-0.000616161	0.0	3.796543779210001e-07	0.0	0.0	0.0	0.0	0.0	0.0	0.0	0.0	0.0	0.0	0.0	0.0	0.0	0.0	0.0	0.0	0.0	0.0	0.0	0.0	0.0	0.0	0.0	0.0	0.0	0.0	0.0	0.0	0.0	0.0	0.0	0.0	0.0	0.0	0.0	0.0	0.0	0.0	0.0	0.0	0.0	0.0	0.0	0.0	0.0	0.0	0.0	0.0	0.0	0.0	0.0	0.0	0.0	0.0	0.0	0.0	0.0	0.0	0.0	0.0	0.0	0.0	0.0	0.0	0.0	0.0	0.0	0.0	0.0	0.0	0.0	0.0	0.0	0.0	0.0	0.0	0.0	0.0	0.0	0.0	0.0	0.0	0.0	0.0	0.0	0.0	0.0	0.0	0.0	0.0	0.0	0.0	0.0	0.0	0.0	0.0	0.0	0.0	0.0	0.0	0.0	0.0	0.0	0.0	0.0	0.0	0.0
53028.43082657947	-50.3119105233709	2812014475.929324	2531.2883405116795	64200.17059179687	-399.0684306640687	4121661904.01582	159255.61235268263	53796.241345994014	29.461598615809635	2894035582.956436	867.9857929990762	53907.33433281547	51528.01191089184	1.081715	24.780859	0.03953805	0.0202162	-0.0234782821	0.0266238318	-7.00144e-05	-0.0085562196	-0.0399403653	0.0314758029	0.0355204088	0.0190063716	-0.0184874879	-0.0061502455	0.0334066183	-0.0108103258	0.0513666332	-0.0276355515	0.0594629435	0.0121687451	0.015907041	-0.0475502112	0.0014713588	0.0150456718	0.0043806742	-0.0613478735	0.0279690049	0.0184336121	-0.0247743108	-0.0205920888	-0.0237286999	-0.0259396566	0.0123509406	-0.0315939542	0.0577418751	0.0151276815	-0.0277410589	-0.0255786173	0.0889589192	-0.0346599769	0.0511079946	-0.001172396	0.0138029007	0.0387195562	-0.0800950133	-0.0852211404	-0.0252505142	0.0165381084	-0.013500949	0.0209274543	-0.0264916445	-0.0173966469	-0.0306480328	-0.1007814338	0.0068655082	0.0530058664	0.0100280864	-0.0664410766	-0.0283240903	-0.05752971	0.0462227474	-0.0106517915	0.0182582251	-0.0284449266	-0.0074949484	0.0476164135	-0.0455802529	0.0142042944	-0.0128652396	0.0537404699	-0.04733382	0.0052323838	-0.0033093874	0.0105160728	0.0184978477	0.0059699876	-0.0287238665	0.0218514265	0.0576873482	0.0782707417	-0.0236958565	-0.0064403768	-0.0193872415	-0.0060740506	0.0269483989	0.0328975836	0.0048363982	-0.0240530691	-0.0388486081	-0.049199095	0.0789072409	-0.0001283958	-0.0268918054	-0.0036969398	-0.0337524835	-0.0344186397	-0.0893111526	-0.0260520111	0.0123003353	-0.0292183972	0.0077483662	-0.0239415487	0.0525822107	0.0355695507	-0.0039473832	0.0045863939	0.0010536078	0.0647832678	-0.0365662734	0.0421568432	0.0212924243	-0.0141370253	0.0058035145	-0.0318185879	0.0187131161	0.0113573451	-0.0470010106	0.0015493761	-0.0134511704	-0.005999271	0.058487359	-0.0292201689	0.0147007484	0.0307178341	0.021389737	0.0190278804	-0.0243399085	0.0178176784	-0.0330691752	0.0589267381	0.024530652	-0.0279466837	-0.0182654264	0.0899304368	-0.033011333	-0.0507895454	-0.0037952262	0.0033299703	-0.0280210125	0.0904776703	0.0769579369	0.0118144286	-0.0431054839	0.0129097935	-0.0206825365	0.0178173608	0.0065247443	0.0353062039	0.1035525381	-0.0257990874	-0.033837534	0.0220397497	-0.0681467733	-0.0031695403	0.0626657413	0.0244529297	-0.0449486586	0.0120396688	0.024208119	-0.017888294	-0.0134732865	0.0470917387	-0.009105596	-0.0016930752	-0.058484883	0.0394857899	0.0042436751	0.0271115496	0.0085258483	-0.0143771069	0.0120735909	-0.0311665955	0.0319517383	0.0584177595	0.0708968306	0.0091110018	-0.0106581623	-0.0015348271	-0.0428330361	0.0188016657	0.0119777718	0.0238277423	-0.0334611162	-0.0331854959	-0.0708934001	0.0476581122	-0.0238175412	-0.0602767892	-0.0148248237	-0.0426375772	0.0001731073	-0.043559046	0.056407487	-0.0160092548	-0.0414677723	0.0159718533	0.0616142658	0.012198135	-0.013771496	-0.0409844333	0.035819761	-0.0539587221	0.0192025862	0.0044911018	-0.0386811881	0.0053013406	0.048123002	0.005084053	-0.0008115482	0.023802703	-0.0147491971	0.0634238363	-0.0044839235	0.0580983002	0.0001088895	0.0012555071	-0.0261610345	-0.0219150787	-0.0237379923	-0.0628303979	-0.0019595231	-0.0079431181	-0.0337591862	0.0010243962	0.0235011886	-0.0183157046	0.0297907965	-0.0588509933	0.0592571972	-0.0306369975	0.000254891	0.020499023	-0.0039249962	0.0103238945	0.0101022768	-0.0046917577	0.0446384398	0.0324094805	0.0144468132	-0.0060717052	-0.0255160508	-0.0404462362	-0.048220895	-0.0474645768	-0.0383110855	-0.0223798066	-0.0024892147	0.0178417553	0.0350162597	0.045995879	0.0488381591	0.0430402594	0.0296279125	0.0109739574	-0.0096214501	-0.0285146833	-0.0423632548	-0.0487171511	-0.0464522756	-0.0359693177	-0.019122865	-0.0308904	-0.0029455999999999	8.676559359999997e-06	0.0009542168121599	-0.316776	-0.0077929999999999	0.100347034176	6.073084899999991e-05	-0.0715419	-0.0102052	0.00010414610704	0.00511824345561	-0.000926945	0.000107655	8.59227033025e-07	1.1589599025000026e-08	0.00192243	-0.00026423	3.6957371049e-06	6.981749290000004e-08	-0.000616161	0.0	3.796543779210001e-07	0.0	0.0	0.0	0.0	0.0	0.0	0.0	0.0	0.0	0.0	0.0	0.0	0.0	0.0	0.0	0.0	0.0	0.0	0.0	0.0	0.0	0.0	0.0	0.0	0.0	0.0	0.0	0.0	0.0	0.0	0.0	0.0	0.0	0.0	0.0	0.0	0.0	0.0	0.0	0.0	0.0	0.0	0.0	0.0	0.0	0.0	0.0	0.0	0.0	0.0	0.0	0.0	0.0	0.0	0.0	0.0	0.0	0.0	0.0	0.0	0.0	0.0	0.0	0.0	0.0	0.0	0.0	0.0	0.0	0.0	0.0	0.0	0.0	0.0	0.0	0.0	0.0	0.0	0.0	0.0	0.0	0.0	0.0	0.0	0.0	0.0	0.0	0.0	0.0	0.0	0.0	0.0	0.0	0.0	0.0	0.0	0.0	0.0	0.0	0.0	0.0	0.0	0.0	0.0	0.0	0.0	0.0
53058.8135221272	30.38269554773433	2815237692.3758683	923.1081887463154	64479.73005664063	279.55946484375454	4157635588.1772447	78153.49438372643	53777.64798416344	-18.593361830571663	2892035422.7085986	345.7131041625594	53898.19307133088	52072.21412147423	0.9073230000000002	20.785734	0.0556481499999999	0.0313632	-0.0253906713	0.0259372541	-0.0089488328	-0.0118441016	-0.0403290629	0.0299310193	0.0099148178	0.0473474849	-0.0174424838	0.0387441636	0.0509438019	-0.002011526	0.0351128304	-0.0680774886	-0.009649664	-0.031145556	-0.0477768052	-0.0418994004	-0.0154926078	-0.0324304579	0.0458392242	-0.0043092169	0.0576891382	-0.0117105405	0.021678107	-0.028705777	-0.0292529009	-0.0468874722	-0.0182159608	-0.0093673028	-0.0235124024	-0.0253237978	0.0536167638	0.0120667251	0.0342113665	0.0217709473	0.0446703235	0.0281266306	0.0150266874	0.0425023092	-0.0542703029	0.0180725804	-0.0256082041	0.0271067908	-0.0044767804	0.0152280729	-0.0054631371	-0.0231393986	0.0273023817	-0.0053807449	-0.0215233338	-0.0584045887	-0.0541859595	-0.0238351631	0.0486994752	0.0199481809	-0.0005565641	0.0372822717	-0.0263658477	-0.00584943	-0.0477126394	-0.0054722582	-0.0339558132	0.0367378704	0.0166635172	-0.0406273936	0.0584313397	-0.0486634812	-0.0177146241	-0.0261226384	0.0118055365	-0.0346867554	0.0114206911	-0.0604172393	0.0041953927	0.0104933026	0.0127912336	-0.0183671121	-0.0020628702	0.0119428682	-0.0355967536	-0.0501833602	0.0044541427	-0.0284120158	0.0125784212	0.0324365577	0.0152906172	-0.0074487622	-0.0498173311	-0.0193642445	0.06719253	-0.0234819933	0.0430319198	0.0085494313	0.0406011319	-0.0271302095	-0.0497850673	-0.0510187113	-0.0044668532	0.0183987121	0.0179303146	0.0111669489	-0.0024600479	-0.0174031795	0.0158994354	-0.020629635	0.016197309	0.0248950717	0.0614275172	0.0450292407	0.0476916132	0.038617106	-0.0419620982	0.0118825092	0.0341475244	-0.046751231	0.0041705362	-0.0570766543	-0.0034584387	-0.0273398324	0.027245809	0.0332236876	-0.0378637167	-0.023952502	-0.0194856896	-0.0207995231	-0.0273132606	0.04867296	0.0160108214	0.0385010524	0.0289051306	-0.0440981094	0.0254161743	0.0025560257	-0.0335906913	0.0643681449	-0.0284160689	0.0337427128	-0.0333264672	-0.0022464898	-0.0122736064	-0.0009338991	0.0260659507	-0.0209325559	0.0079113549	0.0555938229	0.065564766	-0.0026049744	-0.0231052821	-0.039185782	-0.0205284988	-0.0244959608	0.0150140638	-0.0018261807	0.0433141833	0.0479642709	0.0042343312	0.0300742642	-0.0417191019	0.0024700742	0.0367249601	-0.0682235912	0.0243008187	-0.0064296448	-0.0319096574	-0.0049935237	0.0227377096	0.0313431282	-0.0519593345	0.0085387396	0.0156672751	-0.0010798864	0.0284248436	0.0138567726	0.0206403864	-0.059606601	0.0042129429	0.0131334152	-0.0191132053	0.0222912151	0.039744501	0.0070067752	0.0219605688	-0.0343094218	0.0628388212	0.0636612652	-0.0097222013	0.0010425514	-0.0059097175	-0.0218030889	-0.0331808369	0.0038140063	0.0211349012	-0.0686269026	-0.0031046896	-0.0131459753	-0.0200221973	0.0268584306	-0.0044146417	-0.0057430351	0.0270079286	0.0010252689	0.039534617	0.0432935817	-0.045004569	0.0174476077	-0.0038319657	-0.1089539758	-0.007687486	0.0593209251	0.0003421176	0.0012723297	-0.0279239407	-0.0409778667	-0.0362407298	-0.0495173762	-0.0309775345	-0.0285802727	-0.0193667478	-0.0038850834	0.0477170806	0.0371619535	0.0634775667	-0.0042002807	0.0857552523	-0.0079716922	-0.0063263942	0.0066366353	0.0174478346	0.0196201668	0.0028613948	0.0035028068	0.04456227	0.0321319892	0.0139171345	-0.0068031578	-0.026298709	-0.0410598248	-0.0484291295	-0.0470799613	-0.0372552045	-0.020723565	-0.0004611576	0.0198842699	0.0366500239	0.046817843	0.0485572616	0.0415551402	0.0270720383	0.0077152822	-0.0130304206	-0.0314303169	-0.044171958	-0.0489615251	-0.0449367745	-0.0328222635	-0.0147989116	-0.0316458	-0.0007554	5.70629160000005e-07	0.00100145665764	-0.335869	-0.0190929999999999	0.1128079851609999	0.0003645426489999	-0.0592854	0.0122565	0.00015022179225	0.00351475865316	-0.00126668	-0.000339735	1.6044782224e-06	1.1541987022500005e-07	0.0017913	-0.0001311299999999	3.20875569e-06	1.7195076899999983e-08	-0.000616161	0.0	3.796543779210001e-07	0.0	0.0	0.0	0.0	0.0	0.0	0.0	0.0	0.0	0.0	0.0	0.0	0.0	0.0	0.0	0.0	0.0	0.0	0.0	0.0	0.0	0.0	0.0	0.0	0.0	0.0	0.0	0.0	0.0	0.0	0.0	0.0	0.0	0.0	0.0	0.0	0.0	0.0	0.0	0.0	0.0	0.0	0.0	0.0	0.0	0.0	0.0	0.0	0.0	0.0	0.0	0.0	0.0	0.0	0.0	0.0	0.0	0.0	0.0	0.0	0.0	0.0	0.0	0.0	0.0	0.0	0.0	0.0	0.0	0.0	0.0	0.0	0.0	0.0	0.0	0.0	0.0	0.0	0.0	0.0	0.0	0.0	0.0	0.0	0.0	0.0	0.0	0.0	0.0	0.0	0.0	0.0	0.0	0.0	0.0	0.0	0.0	0.0	0.0	0.0	0.0	0.0	0.0	0.0	0.0	0.0	0.0
53060.31031134227	1.4967892150671105	2815396530.335934	2.240377954341217	64843.6351875	363.9051308593698	4204697024.329588	132426.94426577506	53855.35716687319	77.70918270974653	2900399495.57148	6038.717077416769	53965.63776871729	51906.71178501674	0.930729	21.321949	0.0459733	0.0269903	-0.0232697153	0.0337214304	-0.0108998104	-0.0239471644	-0.0432708631	0.0136558507	0.0118860497	-0.0637491675	-0.0084093749	0.0468305339	0.0643831527	-0.0045431962	0.0228560519	-0.0370442289	-0.0048294034	0.0010904235	-0.0042103903	-0.0278752175	-0.0206625863	-0.012046124	-0.0061380362	0.0612184652	-0.0163863461	0.0146862658	-0.0076491981	-0.0358596252	-0.0005359731	-0.0318753868	0.0139042159	0.0299166543	0.0229940749	0.000382439	-0.0039475955	0.0164782801	-0.0207898052	-0.0106316256	-0.025446472	0.0061732552	-0.0217308883	0.0740725832	0.0275550152	-0.0504032797	0.0470278706	0.0256742381	-0.0302073139	-0.0288531386	-0.0689316064	0.0117806331	-0.0553141336	0.000232776	0.0115908118	0.0073897022	0.0219282391	0.0519383841	0.0619198816	-0.006241248	0.0421272392	0.0137716975	-0.0170965663	0.031946321	-0.0850849897	0.083468442	-0.0633119157	0.0811752496	0.032318258	0.0125325348	-0.0040654721	-0.0096561963	0.0096583207	0.0119878505	0.0020550448	-0.0326912541	0.0040410208	0.0311629535	-0.0712217604	0.0045102436	0.0027031847	-0.01282673	0.0710020152	-0.0330975458	0.0393971259	0.0023718462	-0.0295974449	-0.0033766253	0.0388497863	-0.0039980132	0.0383135334	0.02738104	-0.0282160244	0.0138915393	0.0216332601	-0.0758823524	0.0417423111	0.0461967621	0.0010605741	-0.0651800875	-0.0056239009	-0.029413608	0.0173512996	-0.0131453465	-0.0287161815	0.0158260732	0.0668116915	-0.0350747883	0.0726953008	-0.0282266093	-0.0114665246	0.0139396381	-0.0405099397	-0.0278879041	-0.0075303329	-0.0527984264	-0.0269281548	0.0238690571	0.0118351402	0.0059839226	-0.0601475172	0.0158394338	0.0036460126	0.010981108	0.0396235323	0.0015629507	-0.0360962492	0.0052941769	0.0304124034	0.0170766855	0.0028246127	-0.0045539496	0.0107931767	-0.0225182744	-0.0055856957	0.0236582937	0.0127175609	-0.0222466121	-0.066158578	-0.0148339569	0.0608416962	0.0375692425	0.0328133281	0.0326070535	0.0224653561	0.0716278115	-0.0067777495	0.0488067282	0.0064479107	0.0016554982	0.0261602781	0.0266197804	0.0711057471	-0.0421468568	0.029528131	0.0145505583	-0.0430147966	-0.0043910504	0.0173480302	0.0912008261	-0.0643173573	0.091069971	-0.0575393373	0.0178307671	-0.026157206	-0.0015983852	0.0100884644	-0.0047357811	0.0115727203	0.0083514628	0.0387302253	-0.0035285946	0.030836362	-0.072337155	-0.0010049443	-0.0019414315	0.0088803692	0.0599507067	0.0136909522	0.0538357494	-0.0306533162	-0.0012527031	-0.0078823472	0.0184294412	-0.0098215549	0.0491141405	0.015353677	0.002904619	0.0814960428	0.0272970214	-0.0574661879	0.0389184129	0.0201421017	0.0115646031	-0.0583998902	0.0384688538	0.0290739897	-0.01439746	0.0054113439	0.0084382479	-0.021837123	0.0281226523	-0.0633841622	0.0361797774	0.0398074394	0.0206105301	-0.0758222782	0.0030946982	0.0328267822	-0.033671078	-0.0140484018	0.033805289	-0.0069894832	0.0703524667	-0.0029013265	0.0033440592	-0.0323867434	-0.0347869464	-0.0373400018	-0.0658405034	-0.0285880882	0.0083752717	-0.0469226222	0.0072060892	0.0277472815	-0.0178351502	0.0466210587	0.044563149	0.0723625078	-0.0192719474	-0.0206880915	0.0107280636	-0.0077919671	0.0190819659	0.0130877962	0.0015681501	0.0444854679	0.0318526742	0.0133856785	-0.0075330659	-0.0270720383	-0.0416524399	-0.0486036939	-0.0466525943	-0.0361565084	-0.0190379212	0.0015676912	0.021886162	0.0381959179	0.04750963	0.0481213794	0.0399191169	0.0244051859	0.0044211503	-0.0163726724	-0.0341676424	-0.0457043959	-0.0488698372	-0.0430841775	-0.0294071302	-0.0103438118	-0.0279294	0.0037164	1.3811628960000012e-05	0.00078005138436	-0.314335	0.0215339999999999	0.0988064922249999	0.0004637131559999	-0.0616214	-0.0023359999999999	5.45689599999999e-06	0.00379719693796	-0.00101857	0.00024811	1.0374848448999995e-06	6.15585721000001e-08	0.00178958	-1.7199999999999768e-06	3.2025965764e-06	2.95839999999992e-12	-0.0007340689999999	-0.0001179079999998	5.388572967608532e-07	1.3902296463976405e-08	0.0	0.0	0.0	0.0	0.0	0.0	0.0	0.0	0.0	0.0	0.0	0.0	0.0	0.0	0.0	0.0	0.0	0.0	0.0	0.0	0.0	0.0	0.0	0.0	0.0	0.0	0.0	0.0	0.0	0.0	0.0	0.0	0.0	0.0	0.0	0.0	0.0	0.0	0.0	0.0	0.0	0.0	0.0	0.0	0.0	0.0	0.0	0.0	0.0	0.0	0.0	0.0	0.0	0.0	0.0	0.0	0.0	0.0	0.0	0.0	0.0	0.0	0.0	0.0	0.0	0.0	0.0	0.0	0.0	0.0	0.0	0.0	0.0	0.0	0.0	0.0	0.0	0.0	0.0	0.0	0.0	0.0	0.0	0.0	0.0	0.0	0.0	0.0	0.0	0.0	0.0	0.0	0.0	0.0	0.0	0.0	0.0	0.0	0.0	0.0	0.0	0.0	0.0	0.0	0.0	0.0
52984.75631127291	-75.55400006935815	2807384401.3649745	5708.406926480572	64212.45461816406	-631.1805693359347	4123239328.089779	398388.91110723466	53793.438869454185	-61.918297419004375	2893734065.4017043	3833.875555268284	53904.08258689641	46792.04514445515	2.067707	47.36882	0.1288971	0.0690331	0.0113971809	-0.015365646	-0.0048953765	-0.2238113784	0.0082048728	0.16301003	0.027151368	-0.0212605709	-0.0269654598	-0.02983161	0.0096709465	-0.0101073497	0.0703991412	-0.0363024037	0.0412703257	0.0407577719	-0.0241916748	-0.0062636093	-0.0304614303	-0.0001320189	-0.0640504827	-0.0116392783	-0.011901139	0.0143977104	-0.0346600172	0.01437434	0.0225454523	-0.0178898109	-0.0323203821	0.0133748719	-0.0084391722	-0.0192818325	-0.0111520342	0.0052324793	0.0201134429	0.0014353941	-0.0032055954	-0.0365625901	0.0209197453	0.0405475381	0.040783343	0.0153564805	0.053097474	0.0877981647	-0.0887053768	-0.0140632152	-0.0020478438	0.0511763876	-0.0475801647	0.0735991955	-0.09338469	-0.0263572944	0.0102616405	-0.0048247788	-0.0415361657	0.0683930596	-0.0298709414	0.0022314458	0.003563082	-0.0135562601	-0.0435755515	-0.0004776278	0.0541661202	0.0021776255	-0.0623582867	-0.0424326366	0.0053149339	-0.0356260569	-0.0143110883	0.0096950674	-0.0595927044	-0.0551260491	0.0959035585	0.0661079861	-0.0381436659	0.0703198836	-0.0167861432	-0.0036273157	-0.0318064309	-0.0067913234	0.0060152787	-0.0157547232	0.0710529491	-0.0289247458	-0.0529755563	-0.0421008795	0.0097100352	-0.012911703	0.0593932259	0.0048239081	-0.0682689551	-0.0140888743	0.0143508914	-0.0033461788	0.0230905999	0.0410866602	0.0592563092	-0.0138642812	0.0349165719	0.0419230555	-0.0414152958	-0.0046268132	0.0607255879	0.0120593353	-0.0189398442	-0.0514739518	-0.0137156562	-0.0156270822	-0.0008488247	0.0360945967	0.0212092444	0.0208421845	-0.0052429578	0.0344702485	-0.0019336826	0.0633966635	0.0120123049	0.004557243	-0.0028056112	0.0401457909	-0.0130739569	-0.0182470172	-0.014580029	-0.0391454428	0.0093960008	-0.0055687531	-0.0179405439	-0.0089566466	0.0084644491	0.0214344419	-0.0033169424	0.0024245435	-0.030143279	0.0229351597	-0.0282991971	-0.0321639238	-0.0044323368	0.0850630807	0.0326608879	0.0949607293	0.027990736	0.024916293	-0.0440232939	0.0598330851	-0.0876728648	0.0789708302	-0.0450492614	-0.0321761455	-0.005828506	0.0342853449	-0.0446960729	-0.0528534469	0.0221480903	0.0078704963	0.0281737628	0.0360852261	-0.0379126742	-0.0411986666	0.0143761147	-0.0751174663	0.0407853117	-0.0155288754	0.0266175892	0.0213843183	0.006007078	0.0248624164	0.0270750949	0.0925883324	0.0895673681	-0.0574661508	0.0622113499	0.0098047929	-0.0031285186	-0.0002124194	-0.0414128351	-0.0246421794	-0.0037488264	0.0677003323	-0.0203337281	-0.0267535326	-0.0418225023	-0.0115897642	-0.0099261954	0.005612343	-0.07117058	-0.0460120936	-0.035240202	0.0153972239	-0.0094224533	-0.0234399368	0.0583025232	0.0198782318	0.0662524574	0.0494180482	0.0196198253	-0.0308491323	0.0093334728	-0.004469703	-0.0460196704	-0.0214251585	0.0417016661	0.00132376	0.001812559	-0.0394416128	-0.0347822658	0.0191221133	-0.0064422154	-0.0064497885	-0.0152478928	0.0596651819	-0.0064591757	0.0006138489	-0.0402857292	-0.0227001613	-0.0304968249	-0.0754972969	0.006041013	-0.0319138953	-0.0112440381	-0.0128836474	0.0196773956	-0.0670791266	0.0490083727	-0.0206655641	0.0342158774	-0.0849612302	-0.0335532611	0.0266394121	-0.0167244772	0.0466643848	-0.0070854314	-0.0419241365	0.0444080345	0.0315715513	0.0128525131	-0.0082612638	-0.0278357645	-0.0422237789	-0.0487444668	-0.0461828639	-0.0350162597	-0.0173252667	0.0035938487	0.0238433419	0.0396502352	0.0480693164	0.0475319038	0.0381381307	0.0216382877	0.0011067004	-0.0196310923	-0.0367111306	-0.046950984	-0.0484427166	-0.0409083818	-0.0257518113	-0.0057970462	-0.027945	-1.560000000000103e-05	2.4336000000003213e-10	0.000780923025	-0.365343	-0.051008	0.1334755076489999	0.0026018160639999	-0.0492615	0.0123599	0.00015276712801	0.00242669538225	-0.000486752	0.0005318179999999	2.3692750950400002e-07	2.828303851239999e-07	0.00255957	0.00076999	6.551398584900001e-06	5.928846001000002e-07	-0.000725605	8.463999999899947e-06	5.265026160250001e-07	7.16392959983063e-11	0.0	0.0	0.0	0.0	0.0	0.0	0.0	0.0	0.0	0.0	0.0	0.0	0.0	0.0	0.0	0.0	0.0	0.0	0.0	0.0	0.0	0.0	0.0	0.0	0.0	0.0	0.0	0.0	0.0	0.0	0.0	0.0	0.0	0.0	0.0	0.0	0.0	0.0	0.0	0.0	0.0	0.0	0.0	0.0	0.0	0.0	0.0	0.0	0.0	0.0	0.0	0.0	0.0	0.0	0.0	0.0	0.0	0.0	0.0	0.0	1.0	0.0	0.0	0.0	0.0	0.0	0.0	0.0	0.0	0.0	0.0	0.0	0.0	0.0	0.0	0.0	0.0	0.0	0.0	0.0	0.0	0.0	0.0	0.0	0.0	0.0	0.0	0.0	0.0	0.0	0.0	0.0	0.0	0.0	0.0	0.0	0.0	0.0	0.0	0.0	0.0	0.0	0.0	0.0	0.0	0.0
53075.48962842936	90.733317156446	2817007599.297512	8232.534842212217	64473.51582714844	261.061208984378	4156834243.11356	68152.95483638509	53749.73553573048	-43.703333723708056	2889034070.160968	1909.9813785657975	53868.4698399218	51978.44981039468	2.076732	47.575588	0.13854335	0.0667112	-0.0272670183	0.0381360028	-0.0198226249	-0.0235896816	-0.0555734478	0.0509334318	0.0232621484	0.0510032122	-0.0254460881	-8.67399e-05	0.0502409367	0.0055682189	0.0586193802	-0.0753869919	-0.0078549521	-0.0106904285	-0.0440793716	-0.0376040813	-0.027871635	-0.0143912453	0.0321388477	-0.064481988	-0.0062762571	-0.0113580959	-0.0016848485	-0.0048286827	-0.0143227336	-0.0447574354	-0.0321484034	0.0226150979	0.0164525156	-0.0523312244	-0.0457919968	0.0729883511	0.0160458519	0.0375564682	-0.0376019715	0.0447140389	0.0184827305	0.0208576893	0.001562648	-0.0281089116	-0.0399419199	0.0150642153	-0.0255145106	0.0066081684	-0.0011237874	0.0429933889	0.0112091272	0.0331446409	-0.0272632173	-0.0455355401	-0.0032360697	-0.0904963871	-0.012387166	0.007307183	0.0362015912	0.0256790229	0.0327822861	0.0382505509	-0.0405979547	-0.0396495328	-0.0204180003	0.1103092323	0.0428548514	-0.0236620907	0.0133574271	0.0295034808	0.0413320654	-0.0209011437	0.0253049605	0.0004533087	-0.007121514	-0.0199098986	-0.0265678245	0.0441213195	-0.0327899368	-0.0260955437	-0.0580376304	0.0439941583	-0.0090905893	-0.0126131194	-0.0601952295	0.0522268739	0.0323188644	0.0332134789	-0.0424111759	-0.0245167556	0.0390180729	-0.0155390634	-0.0005742944	-0.0239687221	-0.0238882674	0.0312694537	0.0507420788	0.0040738134	0.0023926142	-0.0471444855	-0.006369955	-0.0049032802	-0.0194217474	0.0274957215	-0.0449368366	0.0698160544	-0.0111036076	-0.0329046279	-0.0299616581	0.0356220177	0.0146878196	0.0369470333	-0.0123189921	0.0009203294	-0.0366216339	0.0250073313	0.0176860554	-0.0348395571	0.0644925117	0.000968051	-0.0137721735	0.0033922508	0.0038077432	0.017698972	-0.0370019213	-0.0374664158	0.0153481151	0.025260176	-0.0490068773	-0.0461529998	0.0717984204	0.011485987	0.0402714293	0.0305086924	0.0523352814	0.0176610499	-0.0102868317	0.0047323397	0.0242043474	0.0196588018	-0.0482366003	0.0269618	-0.0114428781	0.0141680291	-0.0291383532	-0.0117341219	-0.0436754881	0.0483803734	0.0232531048	-0.0288605807	-0.0769807354	-0.0329560087	0.0284788553	-0.0320269502	-0.0256273229	0.0479840107	-0.0294829982	0.0320438195	-0.0064392125	-0.0042824625	-0.1231975298	0.0243978988	0.017453312	0.0136206707	-0.0418564948	-0.0533830449	-0.0065391643	-0.0093513247	0.0011790177	-0.0129761277	-0.0143520408	-0.0237761767	0.0577764764	-0.0360926188	0.0347658199	-0.0541468705	-0.0036105922	-0.0320684476	0.0059540441	-0.0666549048	0.045836226	0.0093938595	0.021799102	-0.0068446535	0.0371747156	0.027699744	-0.0182776127	0.0167555102	-0.0224818362	0.0145937797	0.0477659105	-0.0499798062	-0.0073083567	0.0086207719	0.0304901291	-0.0177646967	0.0277574481	0.0120332596	-0.0092510485	-0.0591947536	0.051843066	-0.0293156943	0.0637152414	-0.0224616802	-0.0074258574	0.0188665964	-0.0338497975	-0.0168146893	0.0107222136	-0.0444118184	-0.0135280299	0.0920782774	0.002130191	0.0017020466	-0.0437979973	-0.048957781	-0.0384818467	-0.0742986849	-0.0287680433	-0.0189467586	-0.011807892	0.0086136688	0.0364464548	0.0165398111	0.0339311784	-0.0507806033	0.09099365	-0.0529940281	-0.0299471968	-0.0034061228	-0.0092652357	0.0163409511	0.050018455	-0.0166475776	0.044329971	0.0312886365	0.0123177063	-0.0089875862	-0.0285896166	-0.04277355	-0.0488513503	-0.0456711967	-0.0338357689	-0.0155880314	0.0056138368	0.0257518113	0.0410094892	0.0484953459	0.0467907162	0.036218649	0.018782686	-0.0022128355	-0.0227889965	-0.0390463521	-0.047903926	-0.047683095	-0.0384257095	-0.021886162	-0.0011989077	-0.0402529	-0.0123079	0.00015148440241	0.00162029595841	-0.320123	0.0452199999999999	0.1024787351289999	0.0020448483999999	-0.0581981	-0.0089366	7.986281956000005e-05	0.00338701884361	-0.000978028	-0.0004912759999999	9.565387687839998e-07	2.413521081759999e-07	0.00174944	-0.00081013	3.0605403136e-06	6.563106169000004e-07	-0.0008657759999999	-0.0001401709999998	7.495680821758268e-07	1.9647909240971952e-08	0.0	0.0	0.0	0.0	0.0	0.0	0.0	0.0	0.0	0.0	0.0	0.0	0.0	0.0	0.0	0.0	0.0	0.0	0.0	0.0	0.0	0.0	0.0	0.0	0.0	0.0	0.0	0.0	0.0	0.0	0.0	0.0	0.0	0.0	0.0	0.0	0.0	0.0	0.0	0.0	0.0	0.0	0.0	0.0	0.0	0.0	0.0	0.0	0.0	0.0	0.0	0.0	0.0	0.0	0.0	0.0	0.0	0.0	0.0	0.0	0.0	1.0	0.0	0.0	0.0	0.0	0.0	0.0	0.0	0.0	0.0	0.0	0.0	0.0	0.0	0.0	0.0	0.0	0.0	0.0	0.0	0.0	0.0	0.0	0.0	0.0	0.0	0.0	0.0	0.0	0.0	0.0	0.0	0.0	0.0	0.0	0.0	0.0	0.0	0.0	0.0	0.0	0.0	0.0	0.0	0.0
53130.87978187444	55.39015344508516	2822890386.395994	3068.06909867008	64705.77768554688	232.26185839843677	4186837665.891416	53945.57086669548	53796.25656771337	46.521031982891145	2894037220.6992435	2164.2064167531807	53904.20088197252	51825.20833439022	1.029794	23.591429	0.0428835	0.0246791	-0.0241107174	0.0411547235	-0.0225918442	-0.0324764366	-0.0410155618	0.0269917806	-0.0031499075	-0.067222658	-0.0194117875	0.0586505658	0.0474394421	0.0154160575	0.0433452904	-0.0572815107	-0.0048882088	0.0006694882	-0.0102880112	-0.0102882348	-0.0428646891	-0.0772855817	0.0285668068	0.0540852079	-0.0270066033	0.0076047764	-0.0564005463	-0.0570608973	-0.0202842179	-0.0132330239	-0.0258051352	0.0352490696	-0.0182757027	-0.0254112771	0.0275270994	-0.0577808591	0.0341083792	0.0042590025	0.0198896799	-0.0421131947	-0.058483139	0.0518099108	0.04538986	-0.0428659539	0.0119578099	0.0206130124	-0.0593187761	0.0242114232	-0.0468118331	0.030503445	0.0325348834	0.0506800716	0.0322481316	-0.0063161343	-0.0302325122	-0.034538561	-0.0076723886	-0.0708433991	0.0694689147	0.0141101552	-0.0543166244	-0.0111116329	-0.076745253	0.0130239455	0.0194271061	-0.0085679817	0.0110883066	0.0096185557	0.0604611184	0.0098111113	0.0307359209	-0.026740543	0.0030505526	-0.0545733462	-0.0695132156	-0.0290897847	0.0005175087	0.0358658138	-0.0274149432	-0.0065698015	0.002806242	-0.0268859814	0.0012369091	-0.0411319271	-0.0075238004	0.0080613408	0.0654928772	0.0095982938	0.007178328	0.0399254322	0.0073292866	0.019626142	0.0018807067	-0.0249299969	-0.0141418622	-0.0385650607	0.07032563	0.0287252085	-0.0463288323	0.1003210067	0.0032550614	-0.0318655502	0.0647933609	-0.0283130701	0.0386514448	0.0601004579	-0.0380825814	0.0221099483	0.0417416421	0.0042935412	0.0018849383	0.0013494342	0.0521293163	-0.0026523453	-0.0070773948	0.0414078175	0.0772173199	-0.0265440603	-0.0547940338	0.0201078105	-0.0234733633	0.0535073915	0.058372092	0.0213310519	-0.0124725417	-0.0246295012	0.0265903437	-0.0247717378	-0.025187096	0.0124626624	-0.0573596432	0.041426712	0.0053836699	-0.0172272345	-0.0386435068	-0.0657901685	-0.0419708688	-0.0372257029	0.0426350444	0.0496061248	-0.0032953241	0.0515954943	-0.0383219233	0.0610041907	-0.0031123194	-0.0319097821	-0.05476805	-0.0094539125	0.0410036941	0.0197643498	-0.0449200782	0.0001856847	0.0711163183	0.015871923	-0.042847344	-0.0527853157	0.0393432057	0.0626888935	0.0070654391	-0.0248782028	0.0080650703	0.0197485337	-0.0177144461	-0.0429560822	-0.0255620346	-0.0410071949	-0.0122398453	0.0206605626	0.0683889599	-0.0420296549	-0.0436567249	0.0047365535	0.0455049455	-0.0184923919	0.0068179606	0.0236111537	-0.01895388	-0.0261260927	-0.0230481994	-0.0095056462	0.0127066698	0.0508769084	0.0078097644	0.0392400222	-0.0163105876	0.0445264788	0.0356342434	0.0031173749	-0.020300083	-0.0338432039	-0.0088357201	-0.0815872386	0.0019198846	-0.0570796861	-0.0656091879	0.0393939028	-0.0618422672	0.014342763	0.0338128616	-0.059514798	-0.04611758	0.00206547	-0.0352106887	0.0266407443	0.0506457698	0.007384443	-0.0144125667	0.0291874955	-0.05132642	0.0435512482	-0.0158908399	0.0977348583	-0.0039525757	0.0069273953	-0.0518340765	-0.0203841916	-0.0631122982	-0.0656328996	-0.0215354969	-0.0013575054	-0.059300682	0.0141537813	0.0175779711	-0.0133650563	0.0589989296	0.0292563627	0.0807057128	-0.03700796	-0.0236635819	-0.0007919347	-0.017729271	0.0180524966	0.0155111435	-0.0044256481	0.0442512785	0.0310039458	0.0117813266	-0.0097118681	-0.0293333271	-0.0433014723	-0.04892427	-0.0451180572	-0.0326163926	-0.0138286801	0.0076241876	0.0276076712	0.0422704209	0.0487865342	0.0459001824	0.0341676424	0.0158500872	-0.005522202	-0.0258302158	-0.0411600588	-0.0485572616	-0.0465961863	-0.0356547843	-0.0178417553	0.0034098553	-0.039319	0.0009339	8.721692100000026e-07	0.001545983761	-0.320102	2.099999999999325e-05	0.102465290404	4.4099999999971636e-10	-0.0699889	-0.0117908	0.00013902296464	0.00489844612321	-0.000978028	0.0	9.565387687839998e-07	0.0	0.00210258	0.00035314	4.420842656400001e-06	1.2470785960000018e-07	-0.00061616	0.0002496159999998	3.7965314560000004e-07	6.230814745595006e-08	0.0	0.0	0.0	0.0	0.0	0.0	0.0	0.0	0.0	0.0	0.0	0.0	0.0	0.0	0.0	0.0	0.0	0.0	0.0	0.0	0.0	0.0	0.0	0.0	0.0	0.0	0.0	0.0	0.0	0.0	0.0	0.0	0.0	0.0	0.0	0.0	0.0	0.0	0.0	0.0	0.0	0.0	0.0	0.0	0.0	0.0	0.0	0.0	0.0	0.0	0.0	0.0	0.0	0.0	0.0	0.0	0.0	0.0	0.0	0.0	0.0	0.0	0.0	0.0	0.0	0.0	0.0	0.0	0.0	0.0	0.0	0.0	0.0	0.0	0.0	0.0	0.0	0.0	0.0	0.0	0.0	0.0	0.0	0.0	0.0	0.0	0.0	0.0	0.0	0.0	0.0	0.0	0.0	0.0	0.0	0.0	0.0	0.0	0.0	0.0	0.0	0.0	0.0	0.0	0.0	0.0
53187.41309336055	56.53331148610596	2828900911.5637813	3196.01530758508	64321.680306152346	-384.0973793945304	4137278557.4068666	147530.79685774585	53862.62298454122	66.36641682785557	2901182154.7748284	4404.501282568672	53967.258632032	51720.41038374468	1.061554	24.318995	0.1600965	0.0863699	-0.0262013425	0.0391608444	-0.0281720909	-0.0345109163	-0.0506831115	0.0390549746	0.0078780499	0.0034013704	-0.007987242	-0.0309326039	0.0250666634	-0.0117365976	0.115666716	-0.0618562986	0.0212070655	-0.0123569927	-0.0163496977	-0.0479441472	-0.0174144111	-0.0353729748	-0.0431951748	-0.0207330042	0.0231592971	0.0165536028	-0.0237346076	0.0127609151	-0.0457527487	0.0063604088	-0.0519781678	-0.0222766238	0.0324808439	-0.0322190908	-0.0338084039	-0.0026357804	0.0829641127	-0.0258239395	-0.0164808713	0.0298412175	-0.0284757583	0.0075901011	-0.0104718689	-0.0185220491	-0.0424932916	-0.0133360244	-0.0421493127	-0.0128539727	0.0190452438	0.0104560584	0.0107720628	0.0045082169	-0.0351566219	-0.032468171	0.0269707087	0.0421336939	0.0685193487	0.0299146498	0.060008256	-0.0291300575	0.0543192609	-0.0276627172	-0.0339206003	0.0384369793	0.0387995749	0.0626407544	0.0184840717	-0.0575862507	-0.0392492731	0.0652146523	-0.0663442461	0.0053029826	-0.0198110267	0.0186838031	0.0392592511	0.0887215075	0.0419308273	0.0155014721	-0.022645458	-0.0397026334	-0.0214516654	-0.0035613069	-0.0939500715	-0.0370737031	0.0408625759	0.0178884229	0.0232927992	-0.0408677012	0.0478122763	0.0088142142	0.0132056196	-0.0127090006	-0.0261169941	0.038341894	0.0209966012	0.0092461547	-0.0082686064	-0.0050532387	-0.0369193078	0.053516681	0.0307582352	-0.0451784005	-0.0671627797	-0.0539028393	0.0447660424	0.0161789905	0.0415795653	0.0047141131	-0.1108450365	-0.0247066765	-0.0272142222	0.0087801887	0.0505805821	0.0607572995	-0.0452452487	0.0187876386	0.0369171421	0.0418700724	0.0208098483	-0.0235712955	0.0111476667	0.0256831998	-0.0125337422	0.0443492168	0.0159105455	-0.0411869345	-0.0256365678	0.037728092	-0.0246669126	-0.0362589366	0.0005933912	0.0833416551	-0.0276870343	0.0168564511	0.0324578913	-0.030199139	-0.0062036754	0.0078468762	0.0135898928	-0.0219889932	-0.0437154692	0.0399687763	-0.004255108	-0.0129277004	-0.0102907394	-0.0204744593	-0.0054180365	0.042785029	0.010577996	-0.0234932094	0.0670752141	-0.0416950476	-0.0171079283	0.0267405619	-0.061583156	0.0520497569	0.0316518394	0.0158411162	-0.0838507989	-0.0164199205	-0.030926417	-0.0021473437	0.0701053835	0.0414450637	-0.0314729513	0.0847574327	0.0221331452	0.0378302277	-0.0175334057	0.0010673686	0.105994613	0.0294566658	-0.0037201868	-0.0198439651	0.0312250695	0.0253982773	-0.0232369274	-0.0887048733	0.0617443845	0.0282562696	0.0298322517	0.0186404187	-0.0394289752	0.0330960188	-0.0145050428	-0.0062652781	-0.0199206796	0.0087323784	0.0076522432	0.0372685586	-0.0430562941	-0.0003214191	-0.0446046196	-0.0407053166	-0.0140934286	0.0709765322	0.032266312	0.0410555422	0.0495433657	0.0214362489	-0.0360258029	0.0434301324	0.0181861259	-0.0922890816	-0.0322481341	-0.0158143142	0.0062112253	0.1131106237	-0.0154423725	-0.030711995	-0.0213709657	0.0800528112	-0.0080531816	0.0040001556	-0.0427165013	-0.0574752598	0.0036371344	-0.0921976546	0.0100644071	-0.0385895094	-0.0029422286	0.0122487497	0.0388583134	-0.0197899567	0.0740133157	-0.0514928093	0.0914450235	-0.0493962085	-0.0970790838	0.0010034756	-0.0262476444	-0.018864568	0.0663050217	-0.0099364924	0.044171958	0.0307174953	0.0112434423	-0.0104339452	-0.0300666323	-0.0438072762	-0.0489631754	-0.0445239479	-0.0313595323	-0.0120497088	0.0096214501	0.0294071302	0.0434300072	0.0489420714	0.0448631447	0.0319925587	0.0128525131	-0.0088061905	-0.0287391785	-0.0430402594	-0.0489069049	-0.0451894509	-0.0326163926	-0.0136516244	0.0079884006	-0.048673	-0.009354	8.749731600000002e-05	0.002369060929	-0.379102	-0.059	0.143718326404	0.0034809999999999	-0.045432	0.0245569	0.00060304133761	0.002064066624	-0.00185696	-0.000878932	3.4483004416e-06	7.72521460624e-07	0.00207032	-3.22600000000001e-05	4.2862249024e-06	1.0407076000000063e-09	-0.00104868	-0.0004325199999999	1.0997297424e-06	1.870735504e-07	0.0	0.0	0.0	0.0	0.0	0.0	0.0	0.0	0.0	0.0	0.0	0.0	0.0	0.0	0.0	0.0	0.0	0.0	0.0	0.0	0.0	0.0	0.0	0.0	0.0	0.0	0.0	0.0	0.0	0.0	0.0	0.0	0.0	0.0	0.0	0.0	0.0	0.0	0.0	0.0	0.0	0.0	0.0	0.0	0.0	0.0	0.0	0.0	0.0	0.0	0.0	0.0	0.0	0.0	0.0	0.0	0.0	0.0	0.0	0.0	0.0	0.0	0.0	0.0	0.0	0.0	0.0	0.0	0.0	0.0	0.0	0.0	0.0	0.0	0.0	0.0	0.0	0.0	0.0	0.0	0.0	0.0	0.0	0.0	0.0	0.0	0.0	0.0	0.0	0.0	0.0	0.0	0.0	0.0	0.0	0.0	0.0	0.0	0.0	0.0	0.0	0.0	0.0	0.0	0.0	0.0
53236.89862046128	49.485527100732725	2834167374.725272	2448.8173924373527	64931.035563476566	609.3552573242196	4216039379.3454585	371313.8296286658	53941.54534121131	78.92235667008936	2909690313.797956	6228.738382360798	54054.17298629282	50206.14286982549	1.583301	36.271645	0.1503014	0.0959343	-0.013101494	0.0294100314	-0.0326380407	-0.1330635218	0.0225911953	0.1376692044	-0.0166601912	0.0141325881	-0.0503971204	0.0392389559	0.0913640054	0.0180514227	0.0358744937	-0.0818931532	0.0321350195	0.0075454457	-0.0939386225	-0.0758875102	0.0239318783	-0.0641642718	0.0487901119	0.0211160713	0.0075828116	-0.0350954734	0.0397081253	-0.0071790221	-0.0342198391	-0.0198326446	0.0278291431	-0.0550307766	-0.0316681562	0.0129804939	0.0221418948	0.0691647066	0.0850925674	0.0284954623	0.0285948079	-0.0530985232	-0.0237288107	-0.0528684596	0.0581634333	-0.0017691813	-0.0072830769	0.0312356797	-0.0728839312	0.0308270445	-0.0591733028	-0.0151562814	0.0130464876	0.0495264262	0.0377678154	0.0113018189	-0.0292509101	-0.0127110963	0.0193689943	0.0006503542	0.0336709327	0.0133063701	-0.0333827929	-0.0245521993	-0.0111373893	0.0265678878	-0.0108590787	0.0271367965	-0.0080237685	0.0261585182	-0.0430530721	0.0255627451	-0.0044297222	-0.0170350834	0.0352646149	-0.0331239094	0.0571304092	0.0400696192	-0.0425182491	0.0197099964	-0.0152063831	0.0083051279	0.0055501521	-0.024215913	0.0352245437	-0.0370026606	0.0546783156	0.021908649	-0.0437493174	0.0534937514	-0.0552837817	-0.0234239619	-0.0044221036	0.0688793585	0.0311511658	-0.0459746417	-0.1187141386	0.0014366864	0.0006321621	-0.018982989	0.0172751474	0.00507017	-0.0271861325	-0.0016772103	0.0082640798	-0.0070307651	-0.0107746686	-0.0714354639	0.0466882762	0.0486555112	0.0392435679	0.0087891406	0.0562300591	0.0104960783	0.0315743491	0.0017791177	-0.0753524948	-0.0253476334	0.0655042024	-0.0464917386	-0.0239080047	-0.0072884985	-0.018333704	-0.0465847614	0.0037617857	0.031572271	-0.0165922152	0.0318584685	-0.0600844514	-0.0193681987	0.007250885	0.0203826692	0.0806120778	0.0815314057	0.0309150692	-0.0262943536	-0.0475117359	-0.034794413	0.0514398388	-0.0589375099	-0.0007157098	0.0506740501	-0.0148695996	0.0508601118	-0.0386263987	0.0478573615	0.0552452706	0.0002762744	-0.0454141721	-0.017784832	0.0392424031	0.0380789101	-0.0028940925	-0.0246138944	0.0125005435	-0.0078377846	-0.0272093491	-0.0157772699	0.0265884026	-0.00557748	-0.0270877199	0.014805204	-0.0133402568	-0.0006581387	-0.0332964591	0.0518682311	-0.0151803702	0.0158261971	-0.0141008996	-0.0365338615	0.0283881381	0.041880107	0.0498709153	-0.0456799223	0.0210190425	-0.0188487105	-0.0008840702	0.0088254058	-0.0034923361	-0.0083572811	-0.0546935579	0.0368072687	0.0222678655	-0.0431895762	0.0604922482	-0.0290552005	0.0280769176	0.0256377647	-0.0062526976	-0.0545029712	0.0249205551	-0.0933024499	0.1106019104	-1.01471e-05	0.0020068369	0.0184646297	-0.0219114405	-0.0196680946	-0.003206393	0.0033911168	-0.0142461892	0.0645606156	-0.002369601	0.0299858623	-0.0533229835	0.0100940705	0.0226719644	0.0495583204	-0.0191337079	-0.0175157923	-0.0183788246	-0.0227418522	-0.0218449576	0.1149709262	-0.0047277249	0.0089414781	-0.0779587729	-0.0462819008	-0.0643161521	-0.0490799537	-0.0505481267	-0.0257181317	-0.0216915724	0.0272224226	0.0144365957	0.05296333	0.0643013661	0.0189374112	0.0969545328	-0.0770881312	-0.0550612485	0.0069194297	-0.018281877	0.057503705	0.0278880897	-0.0405637602	0.0440920108	0.0304293015	0.0107041222	-0.0111536535	-0.030789272	-0.0442907033	-0.0489680393	-0.0438894081	-0.0300666323	-0.0102536416	0.0116021956	0.0311465121	0.0444854679	0.0489615251	0.0436829132	0.0297012967	0.0098022517	-0.0120497088	-0.03150099	-0.0446762873	-0.0489506689	-0.0434725442	-0.0293333271	-0.0093499925	0.0124961534	-0.0529584	-0.0042854	1.8364653160000016e-05	0.00280459213056	-0.322009	0.057093	0.103689796081	0.003259610649	-0.0559133	-0.0104812999999999	0.0001098576496899	0.00312629711689	-0.000491726	0.001365234	2.41794459076e-07	1.863863874756e-06	0.00216554	9.522000000000004e-05	4.689563491600001e-06	9.066848400000006e-09	-0.00115706	-0.0001083799999999	1.3387878436e-06	1.1746224399999984e-08	0.0	0.0	0.0	0.0	0.0	0.0	0.0	0.0	0.0	0.0	0.0	0.0	0.0	0.0	0.0	0.0	0.0	0.0	0.0	0.0	0.0	0.0	0.0	0.0	0.0	0.0	0.0	0.0	0.0	0.0	0.0	0.0	0.0	0.0	0.0	0.0	0.0	0.0	0.0	0.0	0.0	0.0	0.0	0.0	0.0	0.0	0.0	0.0	0.0	0.0	0.0	0.0	0.0	0.0	0.0	0.0	0.0	0.0	0.0	0.0	0.0	0.0	1.0	0.0	0.0	0.0	0.0	0.0	0.0	0.0	0.0	0.0	0.0	0.0	0.0	0.0	0.0	0.0	0.0	0.0	0.0	0.0	0.0	0.0	0.0	0.0	0.0	0.0	0.0	0.0	0.0	0.0	0.0	0.0	0.0	0.0	0.0	0.0	0.0	0.0	0.0	0.0	0.0	0.0	0.0	0.0
53111.89041941721	-125.00820104407468	2820872903.924181	15627.05032827579	64573.3665234375	-357.6690400390653	4169719664.170199	127927.1422024665	53856.73379321808	-84.81154799323122	2900547774.8735585	7192.998673008162	53971.64209681256	47165.33949624594	1.778265	40.738037	0.0586849999999999	0.026435	0.0108390369	0.013795506	-0.0206815391	-0.2604187857	0.0244571612	0.1712982939	0.0070597546	-0.0465358805	-0.0099070474	0.0083969245	0.073812721	0.0038476002	0.0764684881	-0.0445758133	0.0270640308	0.0127675115	0.0389394829	-0.0249598196	-0.0275110514	0.013289522	-0.0390497842	0.0375805861	-0.0288329703	0.0046385953	0.0036550958	-0.037008882	0.0310400264	0.0062278106	-0.05242831	-0.0286534057	0.0305991025	-0.0100863227	0.0274153893	-0.0263516525	0.1140357535	0.0284787136	0.0812206162	-0.0722225109	-0.0003851973	0.1100518238	0.034678308	-0.0036457319	-0.0755872495	-0.0107609255	-0.0584043959	0.0185772496	-0.0161518622	-0.0311342584	0.0245997391	0.0218486307	-0.0137241795	-0.012611345	-0.009070147	0.0071162385	-0.0340877723	-0.0238213029	-0.0039636419	0.0949583286	0.0818482909	0.0228599401	-0.0164406966	0.0074224441	0.0135013193	0.0210545119	0.0008406355	0.0525931203	-0.0055159625	0.0126960816	0.0059017924	0.02165612	0.039112577	0.0368399308	0.0195462001	0.0059675808	0.0436672346	0.020916363	0.0243774271	-0.0246149994	0.0386813482	0.0212715157	0.0051731878	-0.0773588791	0.0068465467	0.0228382129	-0.0474628916	-0.0024316825	0.0223918214	-0.0871857589	-0.0401130986	-0.0100248618	0.0386770572	-0.0725353701	-0.044667117	0.0130468391	0.0563566949	0.0035170916	0.029104415	-0.001046226	-0.0007940612	4.03723e-05	0.0565109211	-0.0175567111	-0.087779287	-0.0177046528	0.0146404224	0.0065441607	-0.002269416	0.0232859832	0.0188170184	-0.017644073	0.0699826219	-0.0376481399	-0.0240960656	0.0317201075	-0.0142187634	0.0391444079	-0.034891729	0.0291696365	-0.0020166793	0.0017735181	0.0364161366	-0.0233324217	0.0161976457	-0.0548334096	-0.0270477748	0.0331146685	-0.0002048792	0.0290260234	-0.0178425682	0.1159081436	0.0255991351	-0.0723471119	-0.073041078	0.000125302	-0.1064909443	-0.032548295	0.0051324309	0.0001497583	-0.0831010515	0.0556939478	-0.0292387362	0.0158911344	0.0374403188	-0.0218430885	-0.0118894555	0.0192906795	0.0052386217	0.0020800163	-0.0035082533	0.0296618407	0.0542048143	-0.0138978516	0.0389390279	0.1032166848	-0.010180623	0.0412494238	0.0044992941	-0.0152163969	0.0007024055	-0.0032159944	-0.0516997012	0.0075810703	-0.0028516799	0.0017718417	0.0150262786	-0.0293566807	-0.0223928838	-0.013397726	0.0241090193	0.044304377	0.0019972936	0.0162632377	0.0513570881	0.0360036127	0.055099368	-0.0441214021	-0.0475893594	0.0238137516	0.0100952681	-0.0532776229	-0.007920543	0.010937144	0.0676132328	-0.0618516265	0.0149996843	0.0456439946	-0.0369013391	-0.0438201551	0.0802366493	-0.0497356507	0.0389819747	0.0193623968	-0.0154814094	-0.0289402563	-0.0509997592	0.013777618	0.0155749878	0.0295854097	0.0655962786	0.0005042397	-0.0002321807	-0.0180164568	0.0100630253	0.0376874407	0.0150120777	-0.0185191598	-0.0858160146	0.0020079964	-0.0198974186	0.1167671229	0.0050967976	0.0053635702	-0.0686208935	-0.0752323733	-0.019807226	-0.0883148158	0.0168561114	0.0214991602	-0.032888835	0.0041961586	-0.0156129195	-0.0641867685	0.0229691031	0.0200950822	0.065155026	-0.1038773159	-0.0928761184	0.0678934169	-0.0513164653	0.0580347068	0.1034938255	0.000473798	0.044011438	0.0301393805	0.0101634351	-0.0118708295	-0.03150099	-0.0447515066	-0.0489388583	-0.0432150141	-0.0287391785	-0.0084430267	0.0135630238	0.0328222635	0.0454342724	0.0488448413	0.0423632548	0.0273021769	0.0067118073	-0.015237851	-0.0341015091	-0.0460588611	-0.0486882801	-0.0414572508	-0.0258302158	-0.0049719936	0.0168931667	-0.0348081	0.0181503	0.00032943339009	0.00121160382561	-0.334454	-0.0124449999999999	0.1118594781159999	0.0001548780249999	-0.0502081	0.0057052	3.254930704000001e-05	0.00252085330561	-0.000275866	0.0002158599999999	7.6102049956e-08	4.659553959999998e-08	0.00235861	0.00019307	5.5630411321e-06	3.7276024900000025e-08	-0.0011183	3.875999999999988e-05	1.25059489e-06	1.5023375999999908e-09	0.0	0.0	0.0	0.0	0.0	0.0	0.0	0.0	0.0	0.0	0.0	0.0	0.0	0.0	0.0	0.0	0.0	0.0	0.0	0.0	0.0	0.0	0.0	0.0	0.0	0.0	0.0	0.0	0.0	0.0	0.0	0.0	0.0	0.0	0.0	0.0	0.0	0.0	0.0	0.0	0.0	0.0	0.0	0.0	0.0	0.0	0.0	0.0	0.0	0.0	0.0	0.0	0.0	0.0	0.0	0.0	0.0	0.0	0.0	0.0	0.0	0.0	0.0	1.0	0.0	0.0	0.0	0.0	0.0	0.0	0.0	0.0	0.0	0.0	0.0	0.0	0.0	0.0	0.0	0.0	0.0	0.0	0.0	0.0	0.0	0.0	0.0	0.0	0.0	0.0	0.0	0.0	0.0	0.0	0.0	0.0	0.0	0.0	0.0	0.0	0.0	0.0	0.0	0.0	0.0	0.0
53242.53938612172	130.64896670451708	2834768000.282723	17069.15250095801	64809.80248999024	236.43596655273723	4200310498.791545	55901.96627972708	53847.21375196446	-9.520041253621455	2899522428.8497505	90.6311854706544	53969.4793240069	54171.45426707082	2.894292	66.304955	1.26274013	0.831779	-0.0129452582	-0.0078027895	0.0721512552	0.0958434601	0.0449553131	-0.0993598047	-0.016223111	0.0502019907	0.08943285	-0.0275111592	-0.0441175554	-0.0399939124	-0.1259774608	0.1206533363	-0.0535798614	-0.0219752486	0.165660609	0.0499995721	0.0931586793	0.1535168357	0.0111412932	-0.0128543649	-0.0073062652	0.0153592064	0.0218074303	0.0796008429	0.0244081408	0.0923258901	-0.021755152	-0.0220764562	0.0474653503	-0.0579698541	0.0525879309	0.0754216132	-0.0966546131	-0.0257399143	0.0369347748	0.0182898218	0.0663927059	0.0220394643	0.0543023854	-0.0190654128	0.0143795596	-0.0568835478	0.015396559	-0.072364802	0.1103757117	-0.0085676357	0.0262592005	-0.0431368383	0.0353153047	-0.0370178086	-0.0171458805	0.0278117551	-0.0954443252	0.0021825541	-0.0541773513	-0.1320285301	0.0204788762	-0.0248442913	-0.0160367312	0.0382059329	0.0717755644	-0.0645120309	0.0554883409	-0.0199451141	0.0242108174	0.0008340336	-0.0004289973	0.0838123539	-0.0104676922	0.017470782	-0.0551615904	-0.0473251165	0.0223256925	-0.0114760405	0.0491125006	-0.0517333974	-0.0060432434	0.0276369137	-0.0170768665	-0.0525616008	0.0086681661	-0.0296499773	-0.0473860739	-0.0635981974	-0.0105337765	-0.1120740408	0.0120465472	-0.0349991312	-0.0204044138	0.0032083785	-0.0134625341	0.0207002507	0.0313980939	0.0142142386	0.049746641	-0.0371978442	-0.0578254153	-0.0846442382	-0.063874	0.0093841262	0.0422332562	0.0324390627	0.0702669837	-0.0052937771	-0.0162906266	-0.0720711209	-0.0819758951	0.0229778986	-0.0029423826	0.0248939073	0.042807114	-0.088637004	-0.1566897379	-0.0112900802	0.0137906971	0.008681899	0.0190432033	-0.0051837361	-0.078421372	-0.01624641	0.091761335	-0.0261422651	0.005437576	0.0599265721	-0.0413824281	0.078485901	0.0613976896	-0.1066036466	-0.0231210898	-0.0403329756	0.0117522791	0.0779206208	-0.0243956856	-0.0526631645	0.0426599986	-0.0611297316	0.0252119141	0.0151048084	0.0642200848	-0.0885629797	-0.0456294068	-0.0476039019	0.0437420522	-0.0328036248	0.0072147008	-0.0575534206	-0.0340086883	0.1238278962	-0.0534920423	0.0701108745	0.0312014028	-0.0433901711	-0.0011515101	-0.0093672182	-0.068917706	-0.0447433578	0.054823926	0.0665571293	0.0367548612	-0.0280921214	0.0060094331	0.0081385259	0.0593192148	-0.017324419	-0.0095348859	-0.0445256989	-0.0532866215	0.0197146513	-0.0340495157	0.0540857332	0.0484825957	0.0061784408	-0.0081141827	-0.0484810472	-0.0002623134	0.0374792168	-0.0242133449	-0.0095635043	-0.0747059799	-0.0364418487	0.0678228165	-0.0546542241	-0.0784256483	0.0075298496	-0.0241258111	-0.000510433	0.0222317497	-0.0146863045	0.0234637802	0.0351309725	0.0059943226	0.0063287258	0.0976699318	0.0959184498	-0.027136342	-0.0126801787	-0.0406680689	0.0642974872	0.0379132517	-0.0123242556	-0.0291119487	-0.066934876	0.0289972684	0.0385680931	0.0209978216	0.0382603042	0.0585200795	-0.1546857436	0.0557959423	0.0033781671	0.1623009701	-0.0223735338	0.0666470062	0.0928978399	0.0391299167	0.0134511059	0.0273000716	-0.039579342	0.0154056603	-0.0282310204	-0.1180415487	-0.0390240521	-0.0589709402	0.120409852	0.0108522994	0.0634059013	-0.0258656502	0.0528160768	0.2030798491	0.0456812714	0.0439302406	0.0298477488	0.0096214501	-0.0125853106	-0.0322015336	-0.0451894509	-0.0488756528	-0.0425013783	-0.0273786964	-0.006620433	0.0155005685	0.0344309608	0.0462741461	0.0485923444	0.0409083818	0.0248039116	0.0035938487	-0.0183559655	-0.0365274207	-0.0471801374	-0.0481213794	-0.0391574033	-0.0221333376	-0.0005533855	0.0211404744	-0.00395757	0.03085053	0.0009517552012809	1.5662360304899997e-05	-0.705753	-0.371299	0.4980872970089999	0.137862947401	0.0198135	0.0700216	0.00490302446656	0.00039257478225	-0.0137257	-0.013449834	0.00018839484049	0.0001808980346275	0.00277172	0.0004131099999999	7.6824317584e-06	1.7065987209999997e-07	0.000830136	0.001948436	6.89125778496e-07	3.796402846096e-06	0.0	0.0	0.0	0.0	0.0	0.0	0.0	0.0	0.0	0.0	0.0	0.0	0.0	0.0	0.0	0.0	0.0	0.0	0.0	0.0	0.0	0.0	0.0	0.0	0.0	0.0	0.0	0.0	0.0	0.0	0.0	0.0	0.0	0.0	0.0	0.0	0.0	0.0	0.0	0.0	0.0	0.0	0.0	0.0	0.0	0.0	0.0	0.0	0.0	0.0	0.0	0.0	0.0	0.0	0.0	0.0	0.0	0.0	0.0	0.0	0.0	0.0	0.0	0.0	1.0	0.0	0.0	0.0	0.0	0.0	0.0	0.0	0.0	0.0	0.0	0.0	0.0	0.0	0.0	0.0	0.0	0.0	0.0	0.0	0.0	0.0	0.0	0.0	0.0	0.0	0.0	0.0	0.0	0.0	0.0	0.0	0.0	0.0	0.0	0.0	0.0	0.0	0.0	0.0	0.0	0.0
53177.89645646093	-64.64292966079665	2827888671.53408	4178.708355130704	64148.0404868164	-661.7620031738406	4114971098.2982354	437928.9488446543	53794.93320274722	-52.28054921724106	2893894838.2880354	2733.255826456365	53913.60676773608	53506.63319900315	1.332503	30.526142	0.1753546599999999	0.0888637	-0.0129161505	-0.0051015557	0.0506882443	0.0949620383	0.063440396	-0.0935018815	0.0262329461	0.0411524972	0.0465065267	-0.0238237474	-0.1185154022	-0.0118900845	-0.1680540975	0.0472967202	0.0061408208	-0.0230740411	0.0314254805	0.0691653948	0.0663694859	0.1131745426	0.0980981123	-0.00125982	-0.0220522035	-0.0149762417	-0.003100813	0.0316695885	0.0094235148	0.0111638988	0.0155213323	0.0863502516	0.0265048176	-0.0284254912	0.0405857709	0.0108486256	-0.0434897577	-0.022288113	-0.0052467005	0.0043224429	0.051123028	-0.0649870511	-0.0429488053	-0.0095205417	0.0024305788	-0.038826618	0.0666046508	-0.0120259335	0.0904666192	-0.0371850599	-0.0336350682	-0.0286996978	-0.0126609823	-0.0645554989	0.0643805711	-0.0129501404	-0.0372336758	-0.0407107148	-0.0806261249	-0.102716251	0.0372878025	-0.0841160205	0.0131669962	0.0105822259	0.0089180442	0.0176095336	-0.0246060277	0.0369661892	-0.0470856033	0.0067026283	-0.0268313725	-0.0905126343	-0.0354011453	-0.0140215211	-0.0277684481	-0.0144306357	-0.0492048906	-0.0766252192	-0.0200458028	-0.0330841939	0.0355265435	-0.0276705538	0.0705960234	0.0236502806	0.0166773401	-0.0388069364	-0.0248407447	0.010172951	-0.0305679597	0.0262221447	0.0462899528	-0.0534821361	0.0176458378	-0.005660511	0.0372919695	-0.0158727079	-0.0258752266	0.0617612162	-0.0468672361	-0.0057456525	-0.0079000054	0.0316980029	0.0001995823	-0.0374996156	0.0215171992	-0.0274000651	-0.0145759809	0.0582699022	-0.0332970285	-0.0208015091	-0.0269303554	-0.0306747486	-0.0077455389	0.0026513991	0.0625468261	-0.0664401085	-0.1155160844	-0.0975834339	0.0006349476	0.0155459187	-0.0214308553	0.0025969329	-0.0280862926	-0.0005573913	-0.0013864212	0.0008079687	0.1010633224	0.0197715558	-0.0138682326	0.05047573	0.00666285	-0.045061611	-0.0228798784	0.0034142609	-7.98546e-05	0.0569940109	0.0558300248	0.0332122441	0.0154579922	-0.0686712042	0.018077871	-0.0518151279	0.0291361858	-0.1017148161	-0.0145572499	0.0410766637	0.0313736412	7.73556e-05	-0.0279954784	-0.111651952	-0.0196583283	0.0376035245	-0.0091027463	0.0790190412	0.0488954632	-0.0136431723	0.0528436933	-0.0700889131	-0.0363268468	-0.0106402557	-0.0142743214	-0.0096574675	-0.0313848827	0.0576993025	-0.0184070693	0.0259741642	-0.0816785079	0.0627406809	0.007144907	-0.0002101884	-0.0391061508	-0.0439140185	-0.051945979	-0.0432427731	0.0091332747	-0.003085161	-0.0166992076	0.0707197552	-0.0399670694	0.0344834998	-0.0475469992	-0.0067709586	0.0275503317	-0.0321839269	-0.0401580213	0.0390395977	-0.0301604567	0.042925886	-0.0260630675	0.0136433827	-0.0247569589	0.0209992405	0.0071934023	-0.0667181107	0.0208330558	-0.0070737226	0.0257742006	-0.0398905412	0.0243584864	0.0224464271	-0.0323406374	0.0161980635	-0.0655137641	-0.0362075932	-0.0008259631	-0.004397045	0.0438063559	0.0287119462	0.0049397203	0.0391621913	0.0546257321	-0.148951645	0.0422624883	0.0190370411	0.1438978303	0.090148904	0.0106475786	0.1223098112	0.0508423878	0.0139919687	0.0262836649	-0.0350105862	0.0138696362	0.0847454817	-0.1446809813	-0.0083547538	-0.0260788643	0.0870976083	0.0528236988	-0.0356344999	-0.0114258829	0.0212644449	0.0198070254	-0.0724334956	0.0438484199	0.0295544231	0.0090782364	-0.0132969345	-0.0328906545	-0.0456043123	-0.0487784667	-0.0417491486	-0.0259867497	-0.0047884463	0.0174115036	0.0359693177	0.0470030752	0.0482047363	0.0393229378	0.0222155728	0.0004611576	-0.0213897225	-0.0387663036	-0.0480337549	-0.0472535125	-0.0365887872	-0.0182704248	0.0038697424	0.0252004375	-0.037266	-0.03330843	0.0011094515090649	0.001388754756	-0.639154	0.0665989999999999	0.408517835716	0.0044354268009999	-0.00375683	-0.02357033	0.0005555604563089	1.41137716489e-05	-0.0132983	0.0004273999999999	0.00017684478289	1.826707599999997e-07	0.00299231	0.00022059	8.953919136100001e-06	4.865994810000005e-08	0.000440588	-0.000389548	1.94117785744e-07	1.51747644304e-07	0.0	0.0	0.0	0.0	0.0	0.0	0.0	0.0	0.0	0.0	0.0	0.0	0.0	0.0	0.0	0.0	0.0	0.0	0.0	0.0	0.0	0.0	0.0	0.0	0.0	0.0	0.0	0.0	0.0	0.0	0.0	0.0	0.0	0.0	0.0	0.0	0.0	0.0	0.0	0.0	0.0	0.0	0.0	0.0	0.0	0.0	0.0	0.0	0.0	0.0	0.0	0.0	0.0	0.0	0.0	0.0	0.0	0.0	0.0	0.0	0.0	0.0	0.0	0.0	0.0	0.0	0.0	0.0	0.0	0.0	0.0	0.0	0.0	0.0	0.0	0.0	0.0	0.0	0.0	0.0	0.0	0.0	0.0	0.0	0.0	0.0	0.0	0.0	0.0	0.0	0.0	0.0	0.0	0.0	0.0	0.0	0.0	0.0	0.0	0.0	0.0	0.0	0.0	0.0	0.0	0.0
53171.32005547865	-6.576400982274208	2827189276.4421463	43.24904987965717	64510.56158886719	362.52110205079225	4161612556.511027	131421.54943212093	53833.19069602273	38.25749327550875	2898012420.514348	1463.6357917255973	53941.57964884634	53506.25566913555	1.150898	26.365776	0.1353167800000001	0.0791734999999999	-0.007216933	-0.0262716207	0.0330331676	0.0742373403	0.0319190056	-0.075705517	0.017306884	-0.0357412655	0.0460775562	0.0184780298	-0.0745187671	-0.0428059434	-0.0781320403	0.0745225999	-0.0275578049	-0.0527558319	-0.0057879857	0.0563359308	0.0336902811	0.0450607747	0.0197664597	0.1112813282	0.0044318776	-0.0164735458	0.023398637	-0.0342817114	-0.0081039118	0.0564956205	-0.0032942593	0.0590182724	-0.0378314892	0.0250326417	0.0559352032	0.0229237601	-0.0602943008	0.0265868587	0.0160733919	0.0106061339	0.081470386	-0.0151342821	0.0074445721	-0.0125454145	0.0382215364	0.0123690177	0.0704616546	0.0006029008	0.0336713707	-0.0654454081	-0.0346941672	0.0108865883	0.0188398771	0.0393189808	0.0525966335	-0.1013950412	-0.0692172561	-0.0096461302	-0.0236829124	-0.0235245363	0.0256205747	-0.0111624251	0.0554163731	-0.020692171	-0.0565317691	0.0109388521	-0.0479094383	0.0182191798	-0.0248807775	-0.0427320098	0.0491601517	0.0423346905	-0.0282856882	0.0500564561	0.0590562595	-0.0975319604	0.0242618624	0.0104520888	0.0478565453	-0.0034830765	0.0195065482	0.0403873709	0.0636699577	0.0565980958	-0.0152058158	0.0105282085	0.0127689628	-0.021792355	-0.0304572156	-0.0037672408	0.0274424378	0.0078446591	0.0433056986	0.0837549298	0.0321725475	-0.0042130817	0.0478251957	-0.0168266146	-0.0517969498	-0.0462448512	0.069305667	-0.0712188208	-0.043329615	-0.0518762917	0.002671868	0.0434248615	0.0788775573	0.0348821714	-0.0531158732	0.0245149584	-0.0632217339	-0.026074299	-0.0241036171	-0.0448589331	0.0546333145	-0.0301541957	-0.0484329431	-0.0175452083	-0.1075098603	-0.0028556402	-0.0119996177	-0.0284047876	0.0354056355	0.0168237218	0.0505868306	-0.0059420282	0.0656524133	-0.0482891764	0.0250685099	0.0585770786	0.0200232719	-0.0579608464	0.0278520661	-0.0152943345	-0.001577753	0.0833100616	0.0134253111	-0.0010693344	0.0248742367	-0.0029868261	0.0445665336	-0.0621896452	0.0378967974	-0.0578881359	0.0422070872	0.0445192689	-0.009798786	-0.0517753252	-0.0724894741	-0.0246857758	-0.1044918942	0.0222778218	0.0261504471	-0.0018346501	-0.0027296279	0.0224995278	0.0028593318	-0.0633174339	0.027304923	0.0458496032	-0.0278708847	-0.0521492434	-0.027190908	0.0089915033	0.0420594829	-0.0422853287	0.0386622732	-0.0187987184	-0.0650110643	0.0675549318	-0.0551897824	0.0271417602	0.0149736496	0.0648417748	0.0186185268	-0.0194823568	0.0377312186	0.077188566	-0.0038113868	0.0020723756	-0.0013286951	0.0123095358	-0.0244107179	-0.0164061938	0.0364311861	0.0479101111	-0.0047871675	0.0299539097	0.0757692715	0.0324779602	-0.0528423286	-0.0508740433	-0.0728202924	-0.031128367	0.0618927105	0.0027271327	0.0248451917	0.0844140489	0.0594441522	-0.0045976519	0.0169561287	0.0682211376	0.0223380667	-0.0191983461	-0.0752894932	0.0224596539	0.0392813714	-0.0160463181	-0.0008014249	0.0701072993	0.0296688903	-0.1267374497	0.0183163422	0.0038820459	0.1078911131	0.0322094813	0.0583389356	0.0570670927	0.0190514171	0.0245561053	0.0331843405	-0.0012381644	-0.0046351392	0.0276879268	-0.0992965168	0.0868919674	-0.0424426107	0.0918244142	-0.0147137139	-0.0088663621	-0.0093707149	-0.0037686806	0.0415266884	-0.0104224616	0.0437659771	0.02925942	0.0085338634	-0.0140055395	-0.0335681082	-0.045995879	-0.0486473676	-0.0409590082	-0.0245649379	-0.0029496658	0.0192925486	0.0374341914	0.0476193122	0.047683095	0.037611983	0.0195465601	-0.0026734239	-0.02432518	-0.040806694	-0.0486148711	-0.0460901072	-0.0337690332	-0.0142704553	0.0082612638	0.0290370768	-0.0376982	-0.0004322	1.8679684000000059e-07	0.00142115428324	-0.614768	0.024386	0.377939693824	0.000594676996	0.020128	0.02388483	0.0005704851041289	0.000405136384	-0.0118754	0.0014229	0.0001410251251599	2.0246444100000034e-06	0.00293004	-6.227000000000012e-05	8.5851344016e-06	3.877552900000015e-09	0.000193483	-0.000247105	3.7435671289e-08	6.1060881025e-08	0.0	0.0	0.0	0.0	0.0	0.0	0.0	0.0	0.0	0.0	0.0	0.0	0.0	0.0	0.0	0.0	0.0	0.0	0.0	0.0	0.0	0.0	0.0	0.0	0.0	0.0	0.0	0.0	0.0	0.0	0.0	0.0	0.0	0.0	0.0	0.0	0.0	0.0	0.0	0.0	0.0	0.0	0.0	0.0	0.0	0.0	0.0	0.0	0.0	0.0	0.0	0.0	0.0	0.0	0.0	0.0	0.0	0.0	0.0	0.0	0.0	0.0	0.0	0.0	0.0	0.0	0.0	0.0	0.0	0.0	0.0	0.0	0.0	0.0	0.0	0.0	0.0	0.0	0.0	0.0	0.0	0.0	0.0	0.0	0.0	0.0	0.0	0.0	0.0	0.0	0.0	0.0	0.0	0.0	0.0	0.0	0.0	0.0	0.0	0.0	0.0	0.0	0.0	0.0	0.0	0.0
53133.85043700753	-37.469618471121066	2823206062.262285	1403.972308371377	63802.22866455079	-708.3329243163971	4070724382.563627	501735.53167061874	53781.03243434175	-52.15826168097556	2892399449.70372	2720.484261581123	53898.97582473537	53070.99530045151	1.172759	26.86659	0.2856676699999999	0.189792	-0.0145074682	-0.0214559397	-0.0050726431	0.0626530273	0.0134930719	-0.0556571907	0.0194080642	0.0339622276	-0.0260480549	-0.0745871903	-0.0806769516	-0.0055834911	-0.0946716924	0.0407035545	0.0105642861	0.0498958052	0.0026859073	0.0368435463	0.0116977888	0.1129441363	-0.0106465041	-0.0312785145	-0.0175200967	-0.0082790364	-0.015678486	0.0620209712	0.0574442735	0.021562181	0.0110410373	-0.019065696	0.0709499609	-0.0028159271	0.0412713242	0.0075895281	-0.0151240319	0.027998867	-0.0347735019	0.0117249875	0.0676889888	0.0167095945	0.0324375349	-0.0636115782	-0.0137025651	-0.0506038208	0.0480607852	0.0509106683	-0.0038248091	-0.0557442751	0.0295869963	0.0002091904	0.029130344	-0.0097116423	0.0184339427	-0.0254060389	-0.0072270307	-0.0238051933	-0.0278316557	-0.0267219218	-0.0697631972	-0.0413403552	-0.0556680626	-0.0025184929	-0.0277655738	-0.031015916	0.0473346694	0.0465928874	0.0921972208	-0.047155835	0.0656089251	0.0350480259	0.0189280131	0.0957872021	0.0144564982	0.0361953978	-0.0370942444	-0.0150359302	-0.0036605409	0.0602456572	0.0353708774	-0.0076500838	0.0355249104	-0.0599394124	0.0319972818	0.0568806013	0.0077958127	0.0165092561	-0.0001445253	0.0495548754	0.0410497725	0.0200630774	0.0454688172	0.0240597807	-0.058877094	-0.0501457959	-0.0011557968	0.0504943185	0.024663682	0.0474424668	0.0824745624	-0.0114398715	-0.0112859953	-0.0121238585	0.0241997914	0.0199275865	0.0473215681	0.0075128649	0.0352202303	0.0639578198	-0.0027076279	0.0315772736	-0.0425437904	-0.0264178654	0.0332054886	-0.0091640832	-0.11387622	0.0085826038	0.0336487678	0.0145478219	-0.0094692912	0.0130953471	-0.0615441341	-0.0555623322	0.0157151443	0.004645689	0.0016375712	0.070435539	0.0119587055	0.0502158598	0.0008084614	-0.0185459421	0.0264190178	0.0352304507	0.0109215623	0.0702099611	-0.0169810167	-0.0258309701	0.0678501364	-0.0355258793	-0.0086804622	-0.0552260786	-0.0506622237	-0.0155856508	0.0473849501	-0.0176006487	0.0055461376	-0.0285703254	0.0003229419	-0.0334625247	-0.0362624578	0.0025477251	0.0078339593	0.0200886017	0.0172058447	-0.0780183723	0.06005596	0.0342927051	0.0108710153	0.011111558	-0.0002586758	0.0573146663	-0.0487263647	-0.0932048264	-0.0029213419	-0.0784970034	0.0055199735	-0.0476968822	-0.0865559219	-0.0197998623	0.0446618878	-0.0392804748	-0.0211212961	0.0031009723	-0.0447218073	0.0236546151	0.042567451	-0.0091283607	-0.0731861382	0.0156470598	0.0450593304	-0.007977707	0.0136964504	0.0250292091	-0.0440235341	0.0655989367	-0.0038062784	0.0067785389	0.0546972056	-0.0713002769	0.0077731229	-0.0115448334	0.0167161989	-0.0331507923	0.0318941213	0.0934353537	-0.0362073317	0.0164496901	0.0229647774	-0.012763785	-0.0051031534	0.0443458949	0.0141937482	0.0510522317	-0.051298797	0.0360844808	-0.0416464748	-0.0593992628	0.0247095251	0.0015329315	0.0053208578	-0.0856449265	-0.0102466681	-0.0097403452	0.0612800216	0.1040629328	0.0077030498	0.0647634603	-0.0018852156	0.0402868114	0.076270266	-0.02365617	0.009402088	0.0238838273	-0.128221143	-0.0043310498	-0.0172827332	0.0066193695	-0.0085142673	-0.0257405149	-0.0423771745	0.0085118243	0.0118497038	-0.0590661089	0.0436829132	0.0289627561	0.0079884006	-0.014710965	-0.0342336544	-0.046363951	-0.0484824465	-0.0401316745	-0.0231148951	-0.0011067004	0.0211404744	0.0388225891	0.0481213794	0.0470288708	0.0357809787	0.0168065656	-0.0057970462	-0.0271488476	-0.0426381448	-0.048920189	-0.0446384398	-0.0307174953	-0.0101634351	0.0125853106	0.0326163926	-0.0459948	-0.0082966	6.883357156000002e-05	0.00211552162704	-0.498836	0.1159319999999999	0.248837354896	0.0134402286239999	-0.00826057	-0.02838857	0.0008059109066449	6.82370167249e-05	-0.00925397	0.0026214299999999	8.56359607609e-05	6.871895244899996e-06	0.00289046	-3.958e-05	8.3547590116e-06	1.5665763999999999e-09	0.000193483	0.0	3.7435671289e-08	0.0	0.0	0.0	0.0	0.0	0.0	0.0	0.0	0.0	0.0	0.0	0.0	0.0	0.0	0.0	0.0	0.0	0.0	0.0	0.0	0.0	0.0	0.0	0.0	0.0	0.0	0.0	0.0	0.0	0.0	0.0	0.0	0.0	0.0	0.0	0.0	0.0	0.0	0.0	0.0	0.0	0.0	0.0	0.0	0.0	0.0	0.0	0.0	0.0	0.0	0.0	0.0	0.0	0.0	0.0	0.0	0.0	0.0	0.0	0.0	0.0	0.0	0.0	0.0	0.0	0.0	0.0	0.0	0.0	0.0	0.0	0.0	0.0	0.0	0.0	0.0	0.0	0.0	0.0	0.0	0.0	0.0	0.0	0.0	0.0	0.0	0.0	0.0	0.0	0.0	0.0	0.0	0.0	0.0	0.0	0.0	0.0	0.0	0.0	0.0	0.0	0.0	0.0	0.0	0.0	0.0	0.0
53126.80457232298	-7.0458646845509065	2822457364.065798	49.64420915300165	64482.587328125	680.3586635742104	4158004068.5292673	462887.9111004856	53723.073319632495	-57.95911470925785	2886168606.9066086	3359.258977880909	53827.62653499643	52464.62489814263	1.072203	24.562969	0.08197479	0.0444671	-0.0076073088	-0.0276702393	-0.0067149284	0.0524619334	0.0122686346	-0.0119984379	-0.0037619923	0.0248693695	-0.0020215473	0.034576529	-0.1073517467	-0.0267817026	-0.0571382891	0.0078368788	-0.002166569	-0.0203194978	0.0060888331	0.056748108	0.0422904568	0.040108659	0.1316861489	-0.0119860091	0.050937555	-0.0479449298	0.0194988759	0.0655038271	0.0604219791	0.0571308434	0.0439804107	0.0195770735	0.0118646891	0.0100677114	0.0543320584	-0.0191835516	-0.0215404218	0.0205152109	0.0215390568	0.0289661429	0.049985087	0.0197814851	0.03681582	-0.0145906507	-0.0258594199	-0.0336478871	-0.0224431199	0.0623542056	0.0015551735	-0.0044914017	-0.0417989204	-0.0014149691	0.0430087705	-0.0046295974	0.0444731754	0.0727671763	-0.0167983418	0.0459318222	-0.020355125	0.0554592088	-0.0056358882	0.0083352185	-0.0138698563	-0.0292783726	-0.005622113	-0.0491575774	-0.0525590079	-0.0164402551	0.0566717953	-0.0449445858	0.0487999838	0.0113936397	0.0266341668	0.0172238769	0.0216037696	-0.026204978	0.0281174979	0.002964289	-0.0432750028	-0.0086503463	-0.0195974707	-0.0806843765	0.0154423219	0.0281318644	0.0261904033	-0.0147708921	0.0170004293	0.0244524169	0.0474046726	0.0122042466	0.0472208743	-0.0565223988	0.0166717738	0.070493644	0.0165906045	0.0273218127	-0.0140340366	0.0239961035	0.0112469224	-0.0626093916	0.0174358445	-0.0431948282	-0.0588340586	0.0515969151	0.0109723863	-0.0467953402	0.014551628	0.0585740785	-0.0793754146	0.003655169	0.0090286079	-0.0362591579	0.0001677987	-0.0585888827	0.0545050623	-0.044622136	-0.0385408968	-0.1303729034	0.0084995994	-0.0496834642	-0.0240061547	-0.0341720009	-0.067665275	-0.0613370072	0.0480296011	0.0392251615	0.0347638908	0.0064262706	0.0190386903	0.066296249	-0.0224204166	-0.0191566404	0.0165555532	-0.0196396219	0.0234706939	0.0595529406	-0.0279120325	-0.0349007617	0.0163676902	-0.0294455537	-0.0211067747	0.0111507007	-0.0608168161	-0.0124278196	0.016355173	0.0451333468	-0.010197589	-0.056375177	-0.0060194568	-0.0230531206	0.0697833294	0.0251030854	-0.0110255277	-0.0525503422	0.014735388	0.0178705548	0.0011694074	0.0373523506	0.0396357667	0.0006195951	0.0432922645	-0.0455754667	0.0145537485	-0.0542516322	0.0010943544	-0.0580265996	-0.002573216	-0.0560798591	-0.0261978781	0.0387611417	-0.0186767782	0.0314219776	0.0152374824	-0.0235867265	-0.04458629	0.0322143794	-0.0809796232	0.0218855646	0.000687587	0.0175362313	-0.0196817935	0.0107093207	0.0277378312	0.0358082787	-0.0471782944	6.5742e-06	-0.0544838018	0.0554925963	0.0475730962	0.0513909939	-0.0231867376	0.0158590424	-0.008905084	0.0073072921	0.0728852346	0.0003895081	0.0521150797	0.0403927206	-0.0646501632	0.0186907556	0.0040630915	0.0232313907	-0.0530824805	-0.0724499247	-0.0472047055	0.0144231303	0.0344333377	-0.0332269933	-0.0287478755	0.0243648702	-0.0014993574	-0.0647351627	-0.013597981	-0.0131996665	0.0415690594	0.0640372747	0.0548857767	0.0157794217	0.0059454348	0.0754303757	0.0292662429	-0.0234310292	0.0242098445	0.1023067553	-0.1190126371	0.0363454628	-0.0300822689	0.0176596766	-0.0533778921	-0.0213258734	-0.0522983597	-0.0173144938	0.0569354948	-0.0250920472	0.0435992294	0.0286644484	0.0074419176	-0.0154130506	-0.0348870569	-0.0467083402	-0.0482838183	-0.0392678988	-0.0216382877	0.0007378352	0.0229521086	0.0401316745	0.0485080733	0.0462438827	0.0338357689	0.0140055395	-0.0088969041	-0.0298477488	-0.0442512785	-0.0489479767	-0.0429075896	-0.0274551188	-0.0059801733	0.0168065656	0.0359066654	-0.0423044	0.0036904	1.3619052160000024e-05	0.0017896622593599	-0.470439	0.028397	0.221312852721	0.000806389609	-0.00103168	0.00722889	5.22568506321e-05	1.0643636224000002e-06	-0.0090055299999999	0.00024844	8.109957058089821e-05	6.172243360004953e-08	0.00349519	0.0006047299999999	1.22163531361e-05	3.656983728999999e-07	0.000193483	0.0	3.7435671289e-08	0.0	0.0	0.0	0.0	0.0	0.0	0.0	0.0	0.0	0.0	0.0	0.0	0.0	0.0	0.0	0.0	0.0	0.0	0.0	0.0	0.0	0.0	0.0	0.0	0.0	0.0	0.0	0.0	0.0	0.0	0.0	0.0	0.0	0.0	0.0	0.0	0.0	0.0	0.0	0.0	0.0	0.0	0.0	0.0	0.0	0.0	0.0	0.0	0.0	0.0	0.0	0.0	0.0	0.0	0.0	0.0	0.0	0.0	0.0	0.0	0.0	0.0	0.0	0.0	0.0	0.0	0.0	0.0	0.0	0.0	0.0	0.0	0.0	0.0	0.0	0.0	0.0	0.0	0.0	0.0	0.0	0.0	0.0	0.0	0.0	0.0	0.0	0.0	0.0	0.0	0.0	0.0	0.0	0.0	0.0	0.0	0.0	0.0	0.0	0.0	0.0	0.0	0.0	0.0	0.0	0.0	0.0
53089.83495090477	-36.96962141821132	2818530575.11431	1366.752907805869	64091.65245849609	-390.9348696289089	4107739914.860648	152830.07229177203	53725.16183453972	2.0885149072273634	2886393014.147484	4.3618945177109225	53832.49774860995	52292.46308696796	1.134989	26.001316	0.07869069	0.0579408	-0.0076308728	-0.0386343321	-0.0106380577	0.0390105914	0.0103563071	-0.0312846857	-0.001683647	-0.0284303921	-0.0256612388	-0.0544666414	-0.0605015874	-0.0139743242	-0.0593900685	0.0080173187	-0.0225280285	0.0257546735	0.0069782713	0.0593924542	-0.0348434279	0.0938587612	-0.0184503752	0.008397801	-0.0258206921	-0.0065299052	0.0469872484	0.0828035349	0.0323602162	-0.0007883171	-0.0217416275	0.0251264386	0.0348374963	0.0466146315	-0.0125614329	-0.0024374732	-0.0906197147	0.0003934777	0.0204643724	-0.0492741673	0.0341714343	-0.0660852672	0.0087831852	0.0082720065	0.0384272258	-0.0433868339	0.0254815327	-0.0243035852	0.0381118319	0.0734634602	-0.0386642529	0.0458092086	0.0318539981	-0.0090560492	0.0083996681	0.0203357688	0.0324160175	0.0388748166	0.0187373216	-0.004559726	-0.0495004351	0.011750288	-0.0503427072	-0.0176219903	0.005141384	-0.0141356754	-0.0363313402	0.0012877602	0.0196087719	-0.0535265667	-0.0254351935	-0.0302337799	0.0362830035	-0.0019623151	-0.0365289663	0.0064892207	-0.0362124997	0.0230060166	-0.0066154782	0.0140616769	0.0041961266	0.0034051615	-0.0096253775	-0.0219046703	0.0270900575	0.0455954155	0.0507158301	-0.0524665748	-0.027160337	-0.0219771432	-0.0288136878	0.0211827338	0.0047416777	0.00026148	-0.0032732271	-0.0402392699	-0.0833519532	-0.0386720135	0.0537051437	-0.0126039432	-0.0681291991	0.0491408204	-0.0098973199	-0.0120143094	0.011574341	0.0152599477	-0.0336954645	-0.0419246423	-0.025481731	0.0210882545	-0.0002588145	-0.0684760577	-0.0509343113	-0.0661113613	0.0584959448	0.0358076595	-0.0927455853	0.0142507483	-0.0024176497	0.0305468629	0.0083549711	-0.0470585517	-0.0810494325	-0.0257589908	-0.0034396992	-0.0308742696	0.0317497266	0.020551329	0.0499505085	-0.0075103336	-0.0122244432	-0.0918909717	-0.0001130013	-0.0186842941	-0.0517324757	0.0380387623	0.061340001	-0.0198101659	-0.0105194292	-0.0441577047	0.0439687586	-0.0190274373	0.0059960931	-0.0173293412	-0.0821602321	0.0115768785	-0.0540334081	-0.0164348399	0.0356534874	0.0122373625	0.0374277405	-0.0267122556	-0.0199966065	-0.0258173336	-0.0301970213	-0.0414069255	0.0135996895	0.0469809291	-8.00972e-05	-0.0104374599	-0.00285061	-0.032624938	-0.0063892316	-0.027447265	0.024414137	0.0124914508	-0.0640176085	-0.0363028492	0.0048802787	-0.0303818064	-0.0085474432	-0.03401576	0.0191634433	0.0003845265	-0.0205131179	0.0080838157	-0.011019811	-0.0188069251	-0.0031073643	0.0244365703	0.071360994	0.045755743	-0.0528580569	-0.0281925892	0.0122658817	-0.0004462745	0.0049714995	-0.0148937792	0.00728159	-0.0469308428	-0.0204494218	0.0908065595	0.003115079	0.0565593271	-0.0251604476	-0.0155527657	0.0302818471	-0.0517178426	0.0086833364	-0.025900513	-0.0251422309	-0.0607482689	0.0246306757	-0.0267075317	-0.0029776244	0.0112075108	0.057900314	-0.056965816	0.0086189779	0.0594298075	-0.0083465376	-0.0535098811	-0.0239158796	-0.0135165456	0.0225449425	0.0814942337	0.0162449858	0.0397930186	-0.0248007016	0.0717241558	0.0859059543	-0.0291291711	-0.0034595612	-0.0115726233	-0.1082368994	0.0341879062	-0.0266147411	-0.0026671276	-0.042588879	-0.0101644251	-0.0657468551	0.025691211	0.0311384692	-0.0411998801	0.043514927	0.0283645137	0.0068944842	-0.016111637	-0.035528084	-0.0470288708	-0.0480516209	-0.0383684655	-0.0201368126	0.0025813239	0.0247243413	0.0413587732	0.0487784667	0.0453303135	0.0317825624	0.0111536535	-0.0119602904	-0.0324094805	-0.0456378354	-0.0486980765	-0.0409083818	-0.024004296	-0.0017520508	0.0208905514	0.0388787369	-0.0470645	-0.0047601	2.265855201000003e-05	0.00221506716025	-0.465648	0.0047909999999999	0.216828059904	2.29536809999999e-05	0.00514391	0.00617559	3.81379118481e-05	2.64598100881e-05	-0.0078894299999999	0.0011161	6.224310572489843e-05	1.2456792100000002e-06	0.00335201	-0.00014318	1.12359710401e-05	2.050051240000004e-08	0.000193483	0.0	3.7435671289e-08	0.0	0.0	0.0	0.0	0.0	0.0	0.0	0.0	0.0	0.0	0.0	0.0	0.0	0.0	0.0	0.0	0.0	0.0	0.0	0.0	0.0	0.0	0.0	0.0	0.0	0.0	0.0	0.0	0.0	0.0	0.0	0.0	0.0	0.0	0.0	0.0	0.0	0.0	0.0	0.0	0.0	0.0	0.0	0.0	0.0	0.0	0.0	0.0	0.0	0.0	0.0	0.0	0.0	0.0	0.0	0.0	0.0	0.0	0.0	0.0	0.0	0.0	0.0	0.0	0.0	0.0	0.0	0.0	0.0	0.0	0.0	0.0	0.0	0.0	0.0	0.0	0.0	0.0	0.0	0.0	0.0	0.0	0.0	0.0	0.0	0.0	0.0	0.0	0.0	0.0	0.0	0.0	0.0	0.0	0.0	0.0	0.0	0.0	0.0	0.0	0.0	0.0	0.0	0.0	0.0	0.0	0.0
53205.50901635881	115.67406545404084	2830826189.6898384	13380.489418665722	64591.8580703125	500.2056118164037	4172108128.975394	250205.65409262275	53861.04179668611	135.87996214639134	2901011823.4243684	18463.364112904743	53974.40419373662	53060.59537115717	1.128857	25.860849	0.100011041	0.0563508	-0.0104981227	-0.0268904164	-0.0146880017	0.0502598446	0.0134903915	-0.0200085356	-0.0103726846	0.0229626968	-0.0197131099	0.0068603473	-0.0964123077	-0.0199204212	-0.0541789099	0.0028738652	0.0074943486	0.0303181355	0.0169281658	0.0416698814	0.0278176037	0.0387097151	0.0624336586	-0.0072404104	-0.0076447631	0.0631497641	-0.0158604715	0.0360998485	0.0337337686	0.0824109904	-0.0239320844	0.018775146	0.0195640247	0.0008111219	0.0172875204	0.00339194	0.0155654897	0.0514969097	-0.0202046879	-0.0309608905	0.0066772829	-0.0656847325	-0.0451604832	-0.0481798355	-0.0199416867	-0.0469736024	0.0270917563	0.0178628387	0.0189823732	0.0414309525	-0.0185756589	0.0068830069	-0.019683998	-0.0429426602	0.0949363116	-0.0041890837	0.0193862379	-0.0306624845	-0.020413682	-0.0254535054	-0.0637529898	-0.0188623844	-0.0073861733	-0.0861750139	-0.0015730242	0.0392734342	0.0430262178	0.0397047669	0.0234871136	-0.035589712	0.0684541745	0.0007516608	0.0069731543	0.0181019726	0.0007922929	0.0355041758	0.0165223528	-0.0059249017	-0.0201989929	0.0316829491	0.0636688697	-0.0014516596	-0.0708738848	0.0296158027	-0.0514878519	-0.0206766917	-0.0360827764	-0.040546477	-0.1025142955	-0.0286763009	0.0310387745	-0.0434601792	0.0049113554	0.0205061548	-0.0003325949	-0.0028623583	0.0186944902	0.0144178492	0.0202574236	-0.0082493722	0.0256411965	-0.0837800221	0.0151819917	-0.0384852385	0.0133180279	0.0219688989	-0.0603705102	-0.0045492294	0.0405016718	-0.0354179963	-0.0301938909	0.0168028751	0.0546811297	-0.0644918831	0.039273965	-0.029851005	-0.0380033875	-0.0622076114	0.0053544694	0.0088145143	0.0486886219	0.0402626873	-0.0320404924	-0.0288546623	0.073110524	-0.0212307171	0.0344965319	0.0126083382	0.0101708275	0.0246611161	0.0010631191	0.011851821	0.0447411644	0.0237148492	-0.0364240505	0.0062174471	0.0695479244	0.0321887514	0.0436419136	-0.074198964	-0.0136414508	-0.0214207835	-0.024124272	-0.0107870543	-0.0503741831	0.0216769978	-0.0186123187	0.0037590111	-0.0323903855	-0.0878789908	0.0279964312	-0.0361487483	0.0241810619	0.0049843437	0.0073681952	-0.0706892804	0.0225169167	-0.0138929553	0.0422343192	-0.0413597837	-0.0750448854	0.0288955411	-0.0377799283	-0.0314110509	0.0131656084	-0.0774777674	0.0024057148	0.0062912413	-0.0139316579	-0.0117351217	0.0422630256	0.0154849255	-0.0101848534	-0.0255114282	-0.0249294233	0.0600811701	0.0565772803	-0.0016564834	0.0513443948	-0.0562333021	-0.0242029847	-0.0164616149	-0.0223355572	-0.1209475936	0.0116818306	0.0243862354	-0.040232585	0.0295179015	-0.0034740944	0.0097309183	-0.0072112372	-0.0172528079	0.0095699536	-0.0007602348	0.0228444874	0.0164627795	-0.0127393286	0.0874088574	0.0324139404	-0.0208181805	-0.01255675	-0.0356538917	-0.0197346596	0.0458715061	0.0117408696	-0.0535919128	-0.0115204035	-0.0027246607	-0.0942393096	0.056411844	-0.0114618526	-0.0550381169	-0.012888636	-0.013314497	0.0334523788	0.0730733514	0.0335261758	0.0308226349	0.0187603744	0.0596275244	0.0055447805	-0.0231797908	0.0169996122	0.0585406271	-0.0983356933	-0.0087774878	-0.042256821	-0.0210827809	-0.0293305578	-0.0142721848	-0.0622311757	0.0238293617	0.0318025846	-0.0190630643	0.0434300072	0.0280629691	0.0063461704	-0.0168065656	-0.0361565084	-0.0473253789	-0.0477860158	-0.0374341914	-0.0186121956	0.0044211503	0.02645413	0.0425013783	0.0489319113	0.0442907033	0.0296279125	0.0082612638	-0.014974647	-0.0348222698	-0.0467907162	-0.0481719062	-0.0386533201	-0.0203887125	0.0024892147	0.0248039116	0.0415062691	-0.042317	0.0047475	2.2538756250000017e-05	0.001790728489	-0.513538	-0.04789	0.263721277444	0.0022934521	0.000659219	-0.004484691	2.0112453365481e-05	4.3456968996100006e-07	-0.0082603799999999	-0.00037095	6.823387774439836e-05	1.3760390250000006e-07	0.00301677	-0.0003352399999999	9.100901232900002e-06	1.123858575999998e-07	0.00034507	0.000151587	1.190733049e-07	2.2978618569000005e-08	0.0	0.0	0.0	0.0	0.0	0.0	0.0	0.0	0.0	0.0	0.0	0.0	0.0	0.0	0.0	0.0	0.0	0.0	0.0	0.0	0.0	0.0	0.0	0.0	0.0	0.0	0.0	0.0	0.0	0.0	0.0	0.0	0.0	0.0	0.0	0.0	0.0	0.0	0.0	0.0	0.0	0.0	0.0	0.0	0.0	0.0	0.0	0.0	0.0	0.0	0.0	0.0	0.0	0.0	0.0	0.0	0.0	0.0	0.0	0.0	0.0	0.0	0.0	0.0	0.0	0.0	0.0	0.0	0.0	0.0	0.0	0.0	0.0	0.0	0.0	0.0	0.0	0.0	0.0	0.0	0.0	0.0	0.0	0.0	0.0	0.0	0.0	0.0	0.0	0.0	0.0	0.0	0.0	0.0	0.0	0.0	0.0	0.0	0.0	0.0	0.0	0.0	0.0	0.0	0.0	0.0
53035.1135868634	-170.3954294954092	2812723273.171503	29034.602392924964	64123.39919213867	-468.45887817382754	4111810323.95437	219453.720539881	53759.34575223646	-101.6960444496508	2890067255.7085047	10342.08545670535	53867.77416968958	52868.666195242746	1.128443	25.851351	0.053749181	0.0287859	-0.0058890078	-0.0266640609	-0.0180986018	0.036500424	0.0072971541	-0.0338898206	-0.0015721185	-0.0282692685	-0.0155412942	-0.0272521442	-0.048425155	-0.02497375	-0.0521784743	-0.0101871249	-0.0306031173	-0.0050716516	-0.0395033024	0.0019549888	-0.0294553188	-0.0333294605	-0.0184657576	0.0187868259	0.0481147012	-0.0684331762	0.0009123211	0.0027010859	-0.0642711949	0.0221741752	-0.0002367861	-0.0241273968	-0.0140389504	0.079073895	0.0121272	-0.0680453233	-0.0217638685	0.0093863743	-0.0668004747	-0.0071919799	0.0723109404	-0.0373695332	-0.001575881	-0.0073311723	0.0879752945	0.0664763611	0.0780221819	0.0372890092	-0.0620926321	-0.0027125103	-0.0147309221	-0.0093683612	0.0100069606	0.0652351209	0.0131331367	0.0096634119	-0.0172980112	0.0501411496	-0.0229937141	-0.0125953685	-0.0414115162	0.0501080379	0.0205531788	-0.0969232694	0.0167955472	0.0064561774	0.0191710641	0.0191606189	0.06830251	0.0554039366	-0.0408998027	-0.0002087187	-0.0327990199	0.0219827424	0.042159163	-0.017863188	-0.011919826	0.0276021048	0.0187552907	0.0339227025	-0.037519177	0.0002504018	0.1152029177	0.1141289189	-0.0543142537	-0.0125807698	0.0608657421	0.0528592826	0.032100063	-0.0482646791	0.0204152312	-0.0148203924	-0.0281124483	0.0356067472	-0.0283786262	-0.0048745309	-0.0194577333	0.0560561375	-0.0332890006	0.0048082248	-0.0180410056	-0.0375127912	-0.001366344	-0.0564034887	-0.0081799778	0.0040248165	-0.0455971679	-0.0048417845	0.0055798934	0.0637615452	-0.0640491317	-0.0224303709	-0.0157191405	0.0381119322	0.0028844489	0.0296262209	0.0310400586	0.0199709983	-0.0176052673	-0.0494305256	-0.0553472967	-0.0328960178	-0.0079839006	0.054513695	0.0260746775	0.0217541452	-0.0345628168	-0.03001849	0.0765439778	-0.0048465028	-0.0683626384	-0.0149509059	0.0080988947	0.0673909669	-0.0089933965	0.0615664763	0.0363615001	0.0200055196	0.0081890573	0.080870388	0.0856224835	-0.094626312	-0.0115597094	0.0455689788	0.0291283178	0.0307519809	0.0010289549	-0.0389056915	-0.0449006966	0.0286551997	0.0142052664	0.0037071708	-0.04399398	-0.0537513524	0.0122948176	-0.0417139149	-0.0650887804	-0.0080879614	0.0419254784	-0.0585902994	-0.0503822354	0.0114347933	-0.0053736508	-0.0566144932	-0.0759490623	0.0337196543	0.0078294646	0.0086843521	-0.0337814966	0.0336371675	-0.0055065475	-0.0106322415	0.0429650287	0.0396381147	-0.0291153985	-0.0745484028	-0.0247803269	0.139271824	-0.0244609472	-0.0613003518	-0.0123734613	0.0558808552	0.0382463092	0.0335517071	0.0312761495	-0.0298351373	-0.0579884015	0.0030809934	0.034017135	0.0103672449	0.000481079	-0.0039942484	0.0207266842	-0.06477033	-0.0144976625	0.0021241636	0.0227752776	0.0273194679	0.0515331286	-0.0223701396	-0.0043680904	-0.0571187868	-0.0057324653	0.0257431262	-0.0457190742	0.0406858977	0.0306910414	0.0466305444	0.018298055	-0.0176670075	-0.0119668659	-0.0400420057	-0.0144342924	-0.0209542425	0.0208365852	0.0512512796	0.0315446545	0.0212431346	-0.0265050646	0.0249996404	0.071704728	-0.0046911205	0.0202337004	0.013430961	-0.0409400243	0.0767604572	-0.0409002822	0.0167991008	0.0121903999	-0.0615538636	0.0020438529	-0.0396753929	-0.0057746017	-0.0270695901	0.0433444711	0.0277598318	0.0057970462	-0.0174976787	-0.036772107	-0.0475977133	-0.0474871876	-0.0364659247	-0.0170661886	0.0062547041	0.0281385053	0.0435571555	0.0489680393	0.0431279427	0.0273786964	0.0053388741	-0.017927617	-0.0370750283	-0.0477040178	-0.0473724506	-0.0361565084	-0.016633185	0.0067118073	0.0285146833	0.0437659771	-0.0453176	-0.0030005999999999	9.003600359999995e-06	0.0020536848697599	-0.499586	0.013952	0.2495861713959999	0.000194658304	0.0108112	0.010151981	0.0001030627182243	0.00011688204544	-0.0086535599999999	-0.0003931799999999	7.488410067359828e-05	1.5459051239999994e-07	0.00314757	0.0001307999999999	9.907196904900002e-06	1.7108639999999982e-08	0.000336158	-8.912000000000026e-06	1.1300220096399998e-07	7.942374400000045e-11	0.0	0.0	0.0	0.0	0.0	0.0	0.0	0.0	0.0	0.0	0.0	0.0	0.0	0.0	0.0	0.0	0.0	0.0	0.0	0.0	0.0	0.0	0.0	0.0	0.0	0.0	0.0	0.0	0.0	0.0	0.0	0.0	0.0	0.0	0.0	0.0	0.0	0.0	0.0	0.0	0.0	0.0	0.0	0.0	0.0	0.0	0.0	0.0	0.0	0.0	0.0	0.0	0.0	0.0	0.0	0.0	0.0	0.0	0.0	0.0	0.0	0.0	0.0	0.0	0.0	0.0	0.0	0.0	0.0	0.0	0.0	0.0	0.0	0.0	0.0	0.0	0.0	0.0	0.0	0.0	0.0	0.0	0.0	0.0	0.0	0.0	0.0	0.0	0.0	0.0	0.0	0.0	0.0	0.0	0.0	0.0	0.0	0.0	0.0	0.0	0.0	0.0	0.0	0.0	0.0	0.0
53026.99597923476	-8.117607628642872	2811862302.581779	65.89555361260096	64218.0922368164	94.69304467773328	4123963370.536259	8966.77271033919	53766.88778503536	7.542032798897708	2890878222.0885844	56.88225873964879	53879.41797711257	52577.80376515575	0.907528	20.790451	0.0569672999999999	0.031375	-0.0038672585	-0.023477828	-0.0170226566	0.0355654508	-0.004486957	-0.0002598379	-0.0003316512	0.025853195	-0.0215745723	-0.0178362342	-0.0294325877	-0.012133374	-0.0252826951	-0.0009243663	-0.0440037112	0.0198045788	0.0225263522	-0.0149099312	-0.0153772274	-0.0323538926	0.0087487748	-0.0624669303	-0.0051431376	-0.0215942157	0.0171085705	-0.0129364839	-0.0253556189	-0.0269808713	0.05679045	-0.0323431267	0.035690326	0.0430703695	0.0314618245	-0.0328917008	0.0100600422	-0.0278637038	-0.1118941201	0.0573124796	0.0203883436	0.0727762981	0.041829927	0.0070282103	-0.0565442058	-0.0638942664	0.0326309864	0.0462013826	0.0226015708	0.0184033953	-0.0405669278	-0.0402053481	0.0089835995	0.0140921001	0.0412006134	0.0667723514	0.0034586518	0.0085720697	0.0224038471	0.0321587898	-0.0183433149	0.087649264	0.0260012145	-0.104824353	0.0015381006	-0.0267872805	-0.0041433485	-0.0293133663	-0.0073981544	0.0237711199	-0.0286047665	0.0235810689	-0.0165427821	-0.0207798122	0.0012829631	-0.0523516516	-0.0251798515	-0.0375952929	0.0540992725	-0.0376562775	-0.066179746	0.0819731877	-0.0186202243	0.0006712075	-0.0279379484	0.0379821467	0.0184563801	0.0153028723	0.0077020388	0.0064922131	-0.032128567	-0.0305391779	-0.0256723954	0.0213147594	-0.0124655658	-0.0228035494	-0.0343515035	-0.0125138877	0.0071960145	0.0033761024	-0.0420175569	0.0400476485	0.0621696859	0.0244548684	0.0033043731	0.0428974897	0.0255157725	0.0007136905	-0.0451937307	-0.0006413074	-0.0917424083	0.0095510031	-0.0185536609	-0.013959921	-0.0143046993	0.0143041365	0.0349175468	-0.0079505326	0.0612253348	0.005393135	-0.0125492363	-0.0194548461	0.0123916163	0.0218913449	-0.0281235652	0.0551340217	-0.02587584	0.0305116711	0.0450401164	0.0352770954	-0.0343591563	0.0047109617	-0.0313927186	0.1111786155	0.0675466239	0.0388283235	-0.0817344815	-0.0430502274	-0.0087810399	-0.0531494503	-0.0493150631	-0.0382227831	-0.0541672899	-0.0156018551	-0.0290704386	0.0275875533	0.0361608379	-0.0223990942	-0.0170236384	0.0041702098	0.0705965053	-0.000741319	0.0087657218	-0.0391031239	-0.0136934614	-0.0122394057	-0.0870160567	0.0223630273	0.090719749	-0.0414599989	-0.0205687204	-0.0063924079	0.0365349833	-0.000536154	0.0003871718	0.022893666	0.0314109617	-0.0019152736	-0.0010847037	0.0170044179	-0.0687120806	-0.0205052462	-0.0359678824	0.0273295624	0.0617772764	-0.1058814004	0.0085385574	-0.0229926497	0.0211728845	-0.0363316753	0.0465978481	0.0130686656	0.0101443105	0.0015036042	-0.026680073	-0.0496804198	-0.001538418	-0.0102774758	0.0058793576	-0.011397723	-0.0123555997	0.018506923	0.0183191844	0.0155720631	-0.0465232125	-0.0345721332	-0.0324886155	-0.0501964416	-0.0077391041	-0.056699543	-0.0003927596	0.0221102232	0.0266557086	-0.014958727	-0.0691658269	-0.0278362735	0.0269471309	0.0366231274	0.0033744597	-0.032661401	-0.0165363423	-0.0257258607	-0.0240986799	-0.0250996708	0.0030125149	0.0582885457	0.0227193741	0.0015325407	-0.0404933547	0.0450269558	0.0265933181	-0.0097299316	-0.0032236495	0.0170779275	-0.0331659045	-0.0154910694	-0.0442032224	-0.0105050898	0.0142840773	-0.0876377284	-0.0092002009	-0.0523109843	0.0027260701	-0.0072317647	0.0432583199	0.0274551188	0.0052471816	-0.0181848193	-0.0373746616	-0.0478457346	-0.0471553442	-0.0354645447	-0.0155005685	0.0080793838	0.0297745756	0.0445239479	0.0488867639	0.0418452649	0.0250420933	0.0023970967	-0.0208070951	-0.0391574033	-0.0483730638	-0.0463042454	-0.0334335625	-0.0127634908	0.0108840509	0.0319925587	0.0456378354	-0.0522757	-0.0069581	4.841515561000003e-05	0.00273274881049	-0.480096	0.0194899999999999	0.230492169216	0.0003798600999999	0.0102608	-0.0005503999999999	3.0294015999999945e-07	0.00010528401664	-0.00825084	0.0004027199999998	6.807636070560001e-05	1.6218339839991938e-07	0.00305509	-9.248000000000024e-05	9.3335749081e-06	8.552550400000047e-09	0.000231982	-0.0001041759999999	5.381564832399999e-08	1.0852638975999997e-08	0.0	0.0	0.0	0.0	0.0	0.0	0.0	0.0	0.0	0.0	0.0	0.0	0.0	0.0	0.0	0.0	0.0	0.0	0.0	0.0	0.0	0.0	0.0	0.0	0.0	0.0	0.0	0.0	0.0	0.0	0.0	0.0	0.0	0.0	0.0	0.0	0.0	0.0	0.0	0.0	0.0	0.0	0.0	0.0	0.0	0.0	0.0	0.0	0.0	0.0	0.0	0.0	0.0	0.0	0.0	0.0	0.0	0.0	0.0	0.0	0.0	0.0	0.0	0.0	0.0	0.0	0.0	0.0	0.0	0.0	0.0	0.0	0.0	0.0	0.0	0.0	0.0	0.0	0.0	0.0	0.0	0.0	0.0	0.0	0.0	0.0	0.0	0.0	0.0	0.0	0.0	0.0	0.0	0.0	0.0	0.0	0.0	0.0	0.0	0.0	0.0	0.0	0.0	0.0	0.0	0.0
53112.69161331293	85.69563407816895	2820958010.410881	7343.741700059431	64205.88378027344	-12.208456542961358	4122395512.00598	149.04641116137597	53754.97339008856	-11.914394946797984	2889597164.1691294	141.95280694828534	53860.27000419987	52105.63518652978	1.084137	24.836355	0.0508075	0.0319326	0.000744341	-0.0379677283	-0.0104290122	0.0179434121	0.0058853394	0.018796873	-0.0112224474	-0.0365761592	-0.0252377099	0.0012010585	-0.0547141287	-0.0080471852	-0.0185375899	-0.013708073	-0.0456424992	-0.002165674	-0.020826418	0.0133527953	-0.0444965076	-0.0693879672	0.0017536063	0.0028721374	0.0004644134	0.0031046105	-0.0180526488	-0.0271445882	0.02334816	-0.0223791537	0.0459369073	-0.0052303536	-1.47612e-05	0.0603671019	-0.0110481296	0.0334957065	-0.0261358912	-0.0527161382	0.001029059	-0.0007957186	-0.0267668554	-0.0116067217	-0.0430320939	0.0179723874	0.0783500677	0.0182919129	0.0566885433	0.0629087242	0.0035828176	-0.0168386165	-0.0452559082	-0.011562791	0.0095314535	-0.0288431607	-0.0250671319	0.0184196734	0.0295075732	0.0366572116	0.0839091134	-0.0047168728	0.000408108	-0.0510004882	0.0328121231	-0.0622812921	0.0007464093	-0.0669666215	-0.0382033592	-0.007954901	-0.0560457677	-0.0093907785	0.0146429034	0.03903982	0.004794399	0.004727055	-0.0578253664	0.0228529837	-0.00490569	-0.0599636677	-0.0084325188	0.0589077179	-0.0237846248	0.0101507584	0.0040472401	-0.0200849268	0.0155252048	-0.0878487636	0.0440831407	-0.0106386346	0.0550134695	0.0079320006	0.0207969355	-0.0178027538	-0.0373142068	-0.0066876707	-7.31167e-05	0.0041325906	-0.0065875628	-0.0171051451	-0.0245520636	-0.0725940445	-0.0504882641	0.0260743294	-0.0835603059	0.0293498095	0.0019075102	0.0072786587	-0.0280632979	-0.0450414386	-0.0476693417	0.0053410046	0.028698304	-0.0130110118	-0.0016621369	-0.0083167471	0.0168031378	0.0415004508	0.0707747963	-0.0024361201	-0.0054584453	0.0003787271	-0.0014451414	0.0125808525	0.0273447947	-0.0306602799	-0.0283409639	0.0466173537	-0.0087243572	-0.0075177625	0.0538417105	-0.0147330229	0.0309785571	-0.0300308508	-0.0487788545	0.0008921799	0.0043546823	-0.0333824419	0.005382718	0.0431174915	-0.0269173648	0.0282592861	0.0760463945	-0.0608180293	-0.0467424464	-0.0197882657	-0.0007375363	0.0529805897	0.0131222594	0.0052733853	0.0402034645	-0.0001595753	0.0186014662	0.0025248632	-0.0279465566	-0.0161832397	-0.0861982023	0.0038582206	0.0458479268	-0.0393475174	0.0683614718	-0.0347903746	0.0493867141	-0.0202493816	0.0135222542	0.0355467358	0.0353028213	0.0109277526	0.0406884989	-0.006755955	-0.0005719252	-0.044953715	-0.0028309761	-0.0050346526	-0.060380485	-0.0118198071	-0.0824203609	-0.0229628126	0.0038275086	-0.0285887056	-0.0075244287	0.0364361492	-0.0628612662	0.074022027	-0.0204424069	0.040468159	-0.02328542	-0.0288519624	-0.0273017232	-0.0149498325	-0.0181629887	0.0252023398	4.9169e-06	0.0115450087	-0.03464579	0.0015684424	0.0442543862	-0.0350882817	0.0952959215	-0.0281334494	-0.0329551896	-0.0105825677	0.0055716804	-0.0682017206	0.0477920169	-0.0507634609	0.0074790293	0.0064682624	-0.0054162325	-0.0056770199	-0.0086282599	0.0037031792	-0.0177988394	-0.019033305	-0.0230371482	-0.0205613369	-0.011704507	0.0495743155	0.0283219751	-0.0008940311	-0.0340147435	0.0249909808	0.0433806936	-0.0073043444	0.0023201879	0.0102530528	-0.0085216338	0.0554551164	-0.0439592968	0.0003086852	0.0090162931	-0.0780422959	-0.0196161389	-0.0590550855	-0.0329601338	-0.0007636229	0.043171555	0.0271488476	0.004696647	-0.0188678315	-0.0379639583	-0.0480693164	-0.0467907162	-0.0344309608	-0.0139171345	0.0098926005	0.0313595323	0.0453997805	0.0486882801	0.0404462362	0.022625561	-0.0005533855	-0.0236012772	-0.0410598248	-0.0487944286	-0.0449733504	-0.0305015125	-0.0088061905	0.014974647	0.0352091317	0.047105256	-0.0597557	-0.00748	5.5950400000000006e-05	0.00357074368249	-0.478682	0.001414	0.229136457124	1.9993960000000747e-06	0.0236813	0.0134204999999999	0.0001801098202499	0.00056080396969	-0.0082173999999999	3.344000000009978e-05	6.752566275999837e-05	1.1182336000066732e-09	0.00359151	0.00053642	1.28989440801e-05	2.8774641640000013e-07	0.000231982	0.0	5.381564832399999e-08	0.0	0.0	0.0	0.0	0.0	0.0	0.0	0.0	0.0	0.0	0.0	0.0	0.0	0.0	0.0	0.0	0.0	0.0	0.0	0.0	0.0	0.0	0.0	0.0	0.0	0.0	0.0	0.0	0.0	0.0	0.0	0.0	0.0	0.0	0.0	0.0	0.0	0.0	0.0	0.0	0.0	0.0	0.0	0.0	0.0	0.0	0.0	0.0	0.0	0.0	0.0	0.0	0.0	0.0	0.0	0.0	0.0	0.0	0.0	0.0	0.0	0.0	0.0	0.0	0.0	0.0	0.0	0.0	0.0	0.0	0.0	0.0	0.0	0.0	0.0	0.0	0.0	0.0	0.0	0.0	0.0	0.0	0.0	0.0	0.0	0.0	0.0	0.0	0.0	0.0	0.0	0.0	0.0	0.0	0.0	0.0	0.0	0.0	0.0	0.0	0.0	0.0	0.0	0.0	0.0	0.0	0.0
53256.97756037066	144.2859470577314	2836305658.865824	20818.434518346465	64375.67496191406	169.79118164061947	4144227526.802009	28829.045362917837	53849.67532602454	94.70193593597652	2899787532.718256	8968.456670021798	53958.1834729573	52600.851433771306	0.963717	22.077677	0.0416858999999999	0.0256203	-0.0034327856	-0.0267158351	-0.0254836553	0.0189675755	0.0197603043	0.027650177	-0.0554813063	0.0324054469	-0.0133180242	-0.029492298	-0.0621407596	0.0087789903	0.0044432219	-0.0208220334	-0.0384829915	0.0238913991	0.0125115241	-0.0133100766	-0.0087838141	-0.0126072193	0.0005269911	-0.0753101306	-0.0010508511	0.0352410682	0.0114560028	0.0250087254	-0.0162144149	-0.0247422365	-0.010700423	-0.0144894999	-0.0134994672	0.0324479723	0.0518948233	-0.0493415681	-0.0049327367	-0.0162867738	-0.041892343	0.0136564013	-0.0530734153	0.0545407236	-0.067552448	0.0804319176	0.0035833792	-0.0193918337	-0.0096661587	-0.001338627	-0.0545507466	-0.013924214	0.0583164332	-0.0265513028	-0.0059644971	-0.0210535234	-0.0032536007	0.0186142124	0.0348299397	0.0126620773	0.0050989056	0.0494986033	-0.0060600552	-0.0226775405	0.0395644571	0.0387223645	0.0672154996	0.003924481	0.0290752572	-0.0317120177	-0.0250267651	-0.0378362179	-0.0454741066	-0.0161147244	0.050936496	-0.0204794967	-0.027662202	-0.0102548929	-0.0106858847	0.0045674409	-0.0443274005	0.0021352875	-0.0307550416	0.0087402046	0.0273523971	0.084228285	-0.0100884891	0.0164268294	-0.0794557745	-0.0375880674	-0.0140236029	0.060141808	0.0519336719	-0.0562866461	-0.0225786559	0.0184956667	0.0708309419	-0.0089364855	-0.0367643003	0.0428341747	-0.0095191638	-0.0264204396	0.0457768403	-0.0121362276	0.0017438959	-0.0104062126	-0.0117876021	-0.0010943195	-0.0504329257	-0.0541973659	-0.0033047275	0.0258304253	-0.0094172639	-0.0028218486	-0.027866962	-0.0161889138	-0.0121547995	0.0073769259	0.0177797179	-0.0018119167	0.0738800798	0.0049193562	0.0383677698	0.0036951089	-0.0237835898	0.0151066331	-0.0205285359	-0.0123798999	-0.018711962	-0.022841739	0.027434104	0.0398504825	-0.0507040644	-0.0045052529	-0.0128633322	0.0494148014	0.0156931935	-0.0569386154	-0.0606995698	0.0653434306	-0.0831728651	-0.016984469	0.0062706375	0.0035339368	-0.0070781487	0.0521713366	0.0365840257	-0.0466469469	0.0310950801	0.015878095	0.0260398385	-0.0087318811	0.028986822	-0.039493517	0.0013521221	-0.0206348745	0.0194869728	0.0206971877	0.0071803862	-0.0232741873	-0.0563571745	-0.0404916402	0.0325560312	0.0157748508	0.0329239967	0.0042658002	0.0598323007	0.0255166568	-0.024625683	-0.0370742243	0.0289759095	-0.0233458719	-0.0299141041	0.0022288868	0.0284928769	-0.0510752943	-0.0095993027	-0.0551246521	-0.0200346927	0.0609099475	0.028727313	-0.0096306683	-0.0196303631	-0.0859127164	-0.0291109855	-0.0386161743	-0.0744251975	0.0373073789	-0.0254765109	0.0288144945	-0.0151546915	0.0575074487	-0.0588107393	0.0249216051	0.0203136094	-0.0336520368	0.0485688706	0.0036668852	-0.0233735041	0.0094563623	0.0199309135	-0.0270964776	0.013703899	-0.0584679477	0.0325161468	0.0141261083	-0.0340539642	-0.0129449673	0.0186367265	-0.0477389812	0.0182485583	-0.0420410476	-0.0241586143	-0.0071335115	-0.0209995674	-0.0267686641	-0.0322414047	0.0465637665	0.0345373226	0.0034806227	-0.02024499	0.0359902923	0.0249016973	0.0011215266	0.0117029541	0.0152898074	-0.0117608322	-0.0220795889	-0.0510432367	-0.0269100638	-0.013111232	-0.0772248017	-0.029574849	-0.0501268616	-0.0057859234	0.0132843983	0.0430841775	0.0268410355	0.0041455125	-0.0195465601	-0.0385397882	-0.0482683442	-0.0463935571	-0.0333661115	-0.0123177063	0.0116917818	0.0328906545	0.0461828639	0.0483730638	0.0389347468	0.0201368126	-0.0035018582	-0.026298709	-0.04277355	-0.0489659547	-0.0433873161	-0.0273786964	-0.0047884463	0.01895291	0.0381381307	0.0481552347	-0.0530995	0.0066562	4.430499844000001e-05	0.00281955690025	-0.475589	0.003093	0.226184896921	9.566649000000076e-06	0.0106296	-0.0130517	0.0001703468728899	0.0001129883961599	-0.00786884	0.0003485599999999	6.19186429456e-05	1.2149407359993074e-07	0.00356237	-2.9139999999999985e-05	1.26904800169e-05	8.49139599999999e-10	0.000231982	0.0	5.381564832399999e-08	0.0	0.0	0.0	0.0	0.0	0.0	0.0	0.0	0.0	0.0	0.0	0.0	0.0	0.0	0.0	0.0	0.0	0.0	0.0	0.0	0.0	0.0	0.0	0.0	0.0	0.0	0.0	0.0	0.0	0.0	0.0	0.0	0.0	0.0	0.0	0.0	0.0	0.0	0.0	0.0	0.0	0.0	0.0	0.0	0.0	0.0	0.0	0.0	0.0	0.0	0.0	0.0	0.0	0.0	0.0	0.0	0.0	0.0	0.0	0.0	0.0	0.0	0.0	0.0	0.0	0.0	0.0	0.0	0.0	0.0	0.0	0.0	0.0	0.0	0.0	0.0	0.0	0.0	0.0	0.0	0.0	0.0	0.0	0.0	0.0	0.0	0.0	0.0	0.0	0.0	0.0	0.0	0.0	0.0	0.0	0.0	0.0	0.0	0.0	0.0	0.0	0.0	0.0	0.0	0.0	0.0	0.0
53269.595199969066	12.61763959840755	2837649772.768568	159.20482903530225	64792.72121313476	417.0462512207014	4198096722.2030034	173927.57565724038	53845.43439275568	-4.240933268862136	2899330804.944556	17.985514990941684	53944.45167734598	52420.617058771306	1.153507	26.425537	0.0772857999999999	0.0409528	0.0048690124	-0.0524101627	-0.0106837337	0.0055571903	0.0485438339	0.0469028479	-0.0543858727	-0.0391023086	-0.0102841304	0.0094338685	-0.0192356211	-0.0016678483	-0.00169101	0.0016400068	-0.0289604745	-0.0013312112	-0.0475162419	-0.0214849958	-0.0045713052	-0.0524270803	0.0059283785	0.0435093326	0.018289063	0.0201122003	0.0145482778	-0.0115100605	0.0247097779	-0.0252609244	0.0190381139	0.0170791977	0.0140192828	0.0472864106	-0.0717353376	0.0215772182	0.0028751098	-0.0236741334	0.0438398477	0.0310098421	0.0241607001	0.0091044811	-0.0151169172	0.0682565965	0.0512420525	0.0397273267	-0.0188884683	-0.0476357123	0.0306920926	-0.031389571	0.0043159058	-0.0218488383	-0.0162499785	0.0616948055	0.0090375324	0.0370832107	-0.0253384936	0.0014948467	0.033915379	0.0122360866	-0.0093669779	-0.0037968283	-0.020169112	-0.0256689596	-0.037036715	-0.0028366049	-0.0576718586	0.0474504539	-0.0045788971	0.0100065148	0.0315317651	-0.0228022855	-0.0147545419	-0.0232171452	-0.0272660072	0.0573642238	0.0019361969	-0.0135233547	0.0035798514	-0.0570791963	0.0051576285	-0.0173637997	-0.0134801047	0.0530016223	-0.0535565759	0.0111188261	-0.0113418261	0.0283412366	0.0381841437	0.0214509912	0.0464588341	0.0219615026	0.051034512	0.0404119991	0.0262358105	-0.0376330412	-0.0504066896	0.0177150816	-0.0656359462	-0.079842743	-0.0886526753	-0.024862525	-0.0028075117	0.0155238902	-0.002377609	-0.0272052175	-0.0726337538	0.0227338882	0.0451424454	-0.0485890693	-0.0201310982	-0.0216267295	0.0103131974	-0.0108555449	-0.0171856799	0.0031593929	0.0546938477	-0.0047378725	-0.0451730492	-0.0085151343	0.0345723409	-0.014388541	0.0102050218	-0.0260691532	-0.028296584	0.0203331362	0.0080778225	0.0066792535	0.0441520311	-0.0725377588	0.024075993	0.0044782161	-0.0229483039	-0.0481359261	0.0296854997	0.0266346772	-0.0090264368	0.0188480648	-0.0664638149	0.035688034	0.0518847753	0.0298326556	0.0543528226	-0.0309265853	0.0124072459	-0.0146876939	0.0272419442	-0.0079833141	-0.047104223	0.0396376254	0.0353833993	0.0362258928	0.0083528326	-0.0191799006	-0.0401419679	-0.0037805975	0.0216200063	0.0195196738	0.0456512497	0.0145117617	-0.0118985792	-0.0465790846	-0.0539118268	0.012033386	-0.0170992543	-0.0177737877	-0.0095956657	0.0305692335	0.037930236	-0.0245163776	0.0390861693	-0.0035312932	-0.025915681	0.0008038422	0.0289791668	0.0022239373	-0.0426585659	0.0331467629	0.0370660357	-0.0422518152	-0.0232310428	-0.0308520461	0.0116575954	0.0563485872	-0.0106844467	0.0467969379	-0.0102286508	0.0361008078	0.041170293	-0.0217025108	-0.0503814007	0.060688527	-0.0139750684	-0.0473019588	0.0073247655	-0.0981513353	0.075664619	0.0186594171	-0.0454787814	0.0090112832	-0.0140204413	-0.0518147117	-0.0529052807	0.0228369126	0.0535142812	-0.0403726754	0.0214721109	0.0280013069	-0.0224842636	0.0603427984	-0.024051938	-0.0126570674	-0.0215295533	-0.0221663997	-0.0384183377	0.0202796186	0.0284791699	0.0196580967	-0.0293215742	0.0228085687	0.0246527049	-0.0002750348	0.0173497365	0.0049053006	0.0171562426	0.0573551651	-0.0535312476	-0.0203127937	-0.0041753455	-0.0547814759	-0.0231610974	-0.0165820972	-0.0316432074	0.0215079196	0.0429961886	0.0265316999	0.0035938487	-0.0202208511	-0.039101947	-0.0484427166	-0.0459641431	-0.0322709638	-0.0107041222	0.013474375	0.0343653138	0.0468715983	0.0479418706	0.0373149993	0.0175837917	-0.0064376142	-0.0288883326	-0.0442907033	-0.0488867639	-0.0415551402	-0.0240846454	-0.0007378352	0.0227889965	0.0407556328	0.0487784667	-0.0423698	0.0107297	0.00011512646209	0.00179519995204	-0.503508	-0.0279189999999999	0.2535203060639999	0.0007794705609999	0.0331592	0.0225296	0.00050758287616	0.00109953254464	-0.00806809	-0.0001992499999999	6.50940762481e-05	3.9700562499999914e-08	0.00368527	0.0001229	1.35812149729e-05	1.5104410000000002e-08	0.000231982	0.0	5.381564832399999e-08	0.0	0.0	0.0	0.0	0.0	0.0	0.0	0.0	0.0	0.0	0.0	0.0	0.0	0.0	0.0	0.0	0.0	0.0	0.0	0.0	0.0	0.0	0.0	0.0	0.0	0.0	0.0	0.0	0.0	0.0	0.0	0.0	0.0	0.0	0.0	0.0	0.0	0.0	0.0	0.0	0.0	0.0	0.0	0.0	0.0	0.0	0.0	0.0	0.0	0.0	0.0	0.0	0.0	0.0	0.0	0.0	0.0	0.0	0.0	0.0	0.0	0.0	0.0	0.0	0.0	0.0	0.0	0.0	0.0	0.0	0.0	0.0	0.0	0.0	0.0	0.0	0.0	0.0	0.0	0.0	0.0	0.0	0.0	0.0	0.0	0.0	0.0	0.0	0.0	0.0	0.0	0.0	0.0	0.0	0.0	0.0	0.0	0.0	0.0	0.0	0.0	0.0	0.0	0.0	0.0	0.0	0.0
53209.84833733311	-59.74686263595504	2831287960.081991	3569.6875948396805	64628.19060839844	-164.53060473631922	4176803021.3154807	27070.31989489891	53839.04336258613	-6.391030169543228	2898642590.19843	40.84526662801174	53949.130683761	52495.69116876776	1.004158	23.00412	0.0429606	0.0253946	0.0015388021	-0.0394828864	-0.0207787191	0.0073197895	0.032028809	0.0468170436	-0.0390251417	0.0023245365	-0.0282501812	-0.0138526254	-0.0228021504	0.0235195137	-0.0041810589	-0.003915072	0.0109140336	0.0440237516	0.0117382507	-0.0146092852	-0.0158730734	-0.0202934166	-0.0344809897	-0.0460916264	-0.0371581063	0.0370096824	-0.0140757626	-0.0203869887	-0.019990985	0.0308922816	-0.0046452706	-0.0189048779	-0.0207647863	0.0439710182	0.0145266439	-0.01851273	0.0503144711	-0.0165565559	0.0094249956	-0.0092219129	0.0128677347	-0.0123815775	0.0045286409	0.0619530876	0.0305456742	-0.071277187	-0.0317301962	0.071076455	0.0338658646	-0.0096972945	0.0148310372	-0.0019676026	0.0333151881	-0.0113320314	-0.0263992837	0.0700502167	-0.033850346	0.0079935825	-0.0260996653	0.0362308755	0.0478862805	-0.0510825647	0.0407911509	-0.0302280769	0.0720152359	0.0130135003	-0.0593190694	-0.0478717658	0.0568087144	-0.0244746021	-0.0141771246	0.0031780105	0.0503087816	-0.0569803353	-0.0264654526	-0.0061035397	-0.0558156606	0.0013382986	0.0272175913	-0.0051421706	-0.062190655	0.0026555048	-0.0057171691	0.0009063039	0.0077864565	-0.0032032207	-0.0026325995	0.0187358438	-0.0438776835	-0.0156089847	0.0076428284	-0.0059514794	-0.013738639	-0.0432633147	-0.0218341402	0.0128100617	0.0014513589	-0.0601070008	0.0055822106	0.0040711377	0.0238415517	0.1012559319	0.0710963614	-0.0206269948	-0.0387419164	0.0051307156	0.0032265188	-0.0058087529	0.0868395516	-0.000887043	0.0353691978	0.0356771476	-0.0016644237	0.0575040799	-0.0123643505	0.0171060739	0.0211368972	0.0344430777	0.0472745324	0.0393827954	0.0232989061	0.0313196414	0.0194421785	0.0182168457	0.03225131	0.0047686537	-0.0234184899	-0.0308845428	0.0403758007	0.0125740253	-0.013927961	0.0494557349	-0.0172808226	-0.0057689389	-0.0094900637	0.013455893	-0.0004160428	-0.0117337873	-0.062180001	-0.0432606703	0.041164751	0.0258474895	-0.0871096556	-0.0336828353	0.0125043869	-0.0235106772	0.003992476	-0.0247454166	0.0312900404	0.0095288749	0.0416300566	0.0602798321	-0.0015938227	-0.0062366981	0.0404059169	0.0585895879	0.0256724846	-0.0393836327	-0.0145947461	-0.0716775513	0.0188086543	-0.0678268657	0.0541430084	-0.0516269473	-0.0088649903	-0.0116207528	-0.0222256597	-0.0463211057	0.0601107265	-0.0163725524	-0.0305695242	-0.0478958707	-0.0084544686	0.0144177227	-0.0047412498	-0.0497656901	-0.0328793658	-0.0235869578	0.0079710954	-0.0027610604	0.0081489354	0.0014563441	0.031347857	-0.0401967768	0.0151133609	0.0028652667	-0.0077682752	-0.0080346576	-0.037751532	-0.00608451	0.044980172	-0.0081195196	-0.0177340149	0.0378664429	-0.0187564121	-0.0346231155	-0.072946177	-0.094475123	0.0353730701	0.0328421634	0.0273310779	0.0058154705	0.0111882683	0.0665371792	0.0601633542	0.0160482638	-0.0635708281	0.0190496776	0.0202963802	0.0350312015	-0.0276775347	-0.0036252428	-0.0203172042	-0.016464526	-0.0355973595	0.0443737899	0.0108824288	0.0174529945	-0.0042295969	0.0206656463	-0.0058464958	-0.0061425061	0.0018112427	-0.0188814567	0.0169236599	-0.0435309674	-0.0623632237	-0.033207952	-0.013781031	-0.0567172312	-0.0338468031	-0.0029195011	-0.0489438254	0.0407719963	0.0429075896	0.0262208584	0.0030417259	-0.0208905514	-0.0396502352	-0.0485923444	-0.0455027728	-0.0311465121	-0.0090782364	0.015237851	0.0357809787	0.0474645768	0.0473957345	0.0355914973	0.014974647	-0.0093499925	-0.0313595323	-0.0456043123	-0.0485572616	-0.0394872168	-0.0206399614	0.0033178403	0.02645413	0.0430402594	0.048969429	-0.0423926	-2.2800000000003373e-05	5.198400000001538e-10	0.00179713253476	-0.524131	-0.020623	0.274713305161	0.000425308129	0.0232849	-0.0098742999999999	9.750180048999998e-05	0.00054218656801	-0.00787673	0.0001913599999999	6.20428754929e-05	3.661864959999992e-08	0.00374272	5.745000000000012e-05	1.40079529984e-05	3.300502500000014e-09	0.000231982	0.0	5.381564832399999e-08	0.0	0.0	0.0	0.0	0.0	0.0	0.0	0.0	0.0	0.0	0.0	0.0	0.0	0.0	0.0	0.0	0.0	0.0	0.0	0.0	0.0	0.0	0.0	0.0	0.0	0.0	0.0	0.0	0.0	0.0	0.0	0.0	0.0	0.0	0.0	0.0	0.0	0.0	0.0	0.0	0.0	0.0	0.0	0.0	0.0	0.0	0.0	0.0	0.0	0.0	0.0	0.0	0.0	0.0	0.0	0.0	0.0	0.0	0.0	0.0	0.0	0.0	0.0	0.0	0.0	0.0	0.0	0.0	0.0	0.0	0.0	0.0	0.0	0.0	0.0	0.0	0.0	0.0	0.0	0.0	0.0	0.0	0.0	0.0	0.0	0.0	0.0	0.0	0.0	0.0	0.0	0.0	0.0	0.0	0.0	0.0	0.0	0.0	0.0	0.0	0.0	0.0	0.0	0.0	0.0	0.0	0.0
53062.54296279735	-147.30537453576108	2815633465.6787148	21698.873367120847	64593.64609838867	-34.54451000977133	4172339116.283882	1193.3231718151917	53733.94999131105	-105.0933712750848	2887337381.6687164	11044.616685962816	53839.68452106624	50754.50594926314	1.386886	31.772001	0.0665408	0.0343531	0.018496145	-0.0660458637	-0.0056801857	-0.0424361229	0.0361324145	0.1089670318	-0.0373642114	-0.0383882157	-0.0196489078	0.0116466131	-0.0341506569	-0.0131309108	0.0276645493	-0.0018964264	-0.023244437	-0.0020987572	-0.0702512073	-0.0224309494	-0.0271472165	-0.0596835217	0.010301631	0.0208551492	0.0393412158	0.0053973746	-0.0003029384	0.06914587	0.0421825131	-0.0281643313	0.0920561139	0.0221979051	0.0216667558	0.0631178924	-0.1401349316	-0.0518555247	-0.024203819	-0.0353936142	0.0382757035	0.0034736337	0.0510440855	0.0160815513	-0.0758728674	0.0369235361	0.0145972959	0.00587183	-0.0261462531	0.0067654625	0.0317966607	-0.0756176484	0.0370064877	-0.0245912903	-0.0099458437	0.0425451248	0.0444994028	-0.0069223544	0.0559690397	-0.0423305097	0.0056817375	-0.018792389	-0.0118799257	0.0059551451	0.0188013326	0.0081045631	0.0043217144	0.0106060924	-0.0452468816	0.0037614946	-0.0381718163	-0.050064254	-0.0376027993	-0.0069180959	0.0234709411	-0.0187289001	-0.0076799732	-0.0106935854	-0.008627992	-0.0820807781	-0.0067475791	-0.020862461	-0.065746477	-0.0378340888	0.020780077	-0.0125602108	-0.044576281	-0.0304555184	0.0213360352	0.0763922072	0.0339006845	-0.0416083772	0.0048108158	-0.0238690568	-0.0095535534	0.0169936768	0.0015251095	0.0470255596	-0.0317553252	0.0647172126	0.0066823591	-0.0110094957	-0.0767983089	-0.0316284325	-0.0580647047	0.0556262082	0.0480991518	-0.0225986107	0.0197383565	-0.0765649146	-0.0399500139	-0.0126511936	-0.0163441185	-0.0248807419	-0.0093326836	0.0098506921	-0.0190427185	0.0253826658	0.062745269	-0.0091517675	-0.023285693	-0.0308978664	0.0221535038	-0.0107149883	-0.0682216874	-0.0558386234	-0.0452817697	0.0934248751	0.0178128941	0.0092185863	0.0536649841	-0.1363282694	-0.0499883195	-0.0221750761	-0.0364612786	-0.0415790886	-0.0031957799	0.0542391323	-0.0164142592	0.0773757935	-0.0408961539	0.0053265525	0.0116518178	0.0285462035	0.0007813769	-0.0517247741	0.0546652507	-0.0218495397	0.0389173811	-0.0095619083	-0.0429191574	0.0029762543	0.0122874663	-0.0604547731	0.0230400835	0.0513598175	-0.010128861	-0.0180201829	0.0013847768	-0.0082808044	-0.0088885089	0.0014787413	-0.00486178	-0.0517703689	-0.0112081974	0.0153974967	0.0560088419	0.0252330181	-0.028454105	-0.0242304742	0.0116890525	0.0027796747	-0.0310354163	-0.00645271	-0.0718457669	-0.0341793188	0.0010155409	-0.0435945049	-0.0617533877	-0.002106764	-0.033354352	-0.0490571953	-0.0295814588	0.0250396947	0.0683888151	0.0334047784	0.0273704977	-0.0477654266	-0.0340061195	0.0142674654	0.0073024257	0.0422573674	0.0201012671	0.036551531	0.0445414421	-0.0247338731	-0.0124172049	0.0113822316	0.0878858241	0.0236824523	-0.0807535355	-0.0064791158	-0.0496758917	-0.0181173077	0.0664898197	-0.0377170835	-0.0255469033	-0.0213551304	0.0316666507	0.0092246478	0.0174611851	-0.0355440973	-0.0320893954	0.006275006	-0.0240226437	-0.020196245	-0.050422603	-0.001122983	0.0377386281	-0.0093817604	-0.0222820816	0.001325606	0.0265480516	0.0024140754	0.0255870011	0.0294416611	0.0363216127	0.0495901574	-0.055988714	-0.0448639519	-0.018925909	-0.041198981	-0.030424311	-0.0058786753	-0.0337188998	0.0155628121	0.0428183818	0.0259085287	0.0024892147	-0.021555509	-0.0401844584	-0.0487171511	-0.0450097667	-0.0299937775	-0.0074419176	0.0169797078	0.0371352188	0.0479605879	0.0467359647	0.0337690332	0.0123177063	-0.0122284171	-0.0337021777	-0.0467083402	-0.047979135	-0.0371952777	-0.0170661886	0.0073507428	0.0299208162	0.0449733504	0.0487264292	-0.042415	-2.239999999999881e-05	5.017599999999467e-10	0.001799032225	-0.515926	0.008205	0.266179637476	6.73220250000003e-05	0.0380063	0.0147213999999999	0.0002167196179599	0.00144447883969	-0.00742458	0.00045215	5.51243881764e-05	2.044396225000001e-07	0.00416241	0.0004196899999999	1.73256570081e-05	1.761396960999999e-07	0.000231982	0.0	5.381564832399999e-08	0.0	0.0	0.0	0.0	0.0	0.0	0.0	0.0	0.0	0.0	0.0	0.0	0.0	0.0	0.0	0.0	0.0	0.0	0.0	0.0	0.0	0.0	0.0	0.0	0.0	0.0	0.0	0.0	0.0	0.0	0.0	0.0	0.0	0.0	0.0	0.0	0.0	0.0	0.0	0.0	0.0	0.0	0.0	0.0	0.0	0.0	0.0	0.0	0.0	0.0	0.0	0.0	0.0	0.0	0.0	0.0	0.0	0.0	0.0	0.0	0.0	0.0	0.0	0.0	0.0	0.0	0.0	0.0	0.0	0.0	0.0	0.0	0.0	0.0	0.0	0.0	0.0	0.0	0.0	0.0	0.0	0.0	0.0	0.0	0.0	0.0	0.0	0.0	0.0	0.0	0.0	0.0	0.0	0.0	0.0	0.0	0.0	0.0	0.0	0.0	0.0	0.0	0.0	0.0	0.0	0.0	0.0
53077.41667747488	14.873714677531098	2817212161.154289	221.227388308604	63858.30716796875	-735.3389304199227	4077883394.358649	540723.3425911159	53623.7268873912	-110.22310391984502	2875504085.2935224	12149.132637724952	53733.927498364654	51713.27325169947	1.406908	32.230675	0.2065469	0.138029	0.0107159488	-0.0371680784	-0.0038964993	0.0005920082	0.0378228965	0.0631372091	-0.0214483347	0.0402009553	-0.0087493905	-0.0112973458	0.0285927889	0.0416871817	0.0142345174	0.0089285934	-0.0861359027	-0.0060659183	0.089084656	0.0275217703	-0.0552269057	-0.05677722	-0.012612406	-0.0557754935	0.0056079658	-0.0153656935	0.0437474615	-0.0475531823	0.0521224533	0.0130809108	-0.0545963149	-0.0198596715	-0.0413031201	-0.0372096296	0.0078623207	0.0302542472	0.0053005455	-0.0266102716	-0.0392896329	-0.0235523911	-0.0123266109	-0.0150979293	-0.0126633833	0.0822743807	-0.0688342033	-0.0284040963	0.032138613	0.0157424105	-0.0496985144	-0.0103598583	0.1018991228	-0.0288463688	-0.0061466023	0.0261673043	-0.0191761538	0.0066513979	-0.0070077091	0.0382626103	-0.0174387483	0.0456450378	-0.0609194879	-0.0055731199	-0.0570452287	0.0249761593	-0.0751130855	0.0164437185	-0.0749281553	0.0920649859	0.043005429	0.0381525163	-0.0446844666	0.0528824966	0.0170124986	-0.0150355008	-0.0464284248	0.0141152851	-0.0150439228	0.0372023009	0.0310832852	-0.013494242	0.0445279897	0.0601863737	0.0279300406	-0.0414394675	-0.0104134527	0.0598433867	0.0047423197	-0.0239079638	-0.0178240818	0.0532795234	0.033441481	0.0038122896	-0.0558378386	0.0087985779	0.033833682	0.0234370596	0.0320599302	0.0330755422	0.0232166746	0.0429511461	0.0407996974	0.024528945	-0.0130184031	0.0726571818	0.0132365508	-0.0270194083	-0.0337289026	-0.0236103065	-0.0131137845	-0.03779848	-0.0128037637	0.0226813061	0.0168061208	0.010263425	0.0309622277	0.0484583741	0.0618255259	0.009718201	0.056199843	-0.0010629111	0.0030881466	-0.0495173331	0.0451016499	-0.0497315584	0.0250392561	-0.0545122443	-0.0236153507	-0.0273031859	-0.044747223	0.0025497043	0.032628418	0.0003692188	-0.0274884906	0.0429135924	-0.0191607217	-0.0162502607	0.0132124427	0.0047023601	-0.0903502033	-0.0224444332	-0.0548565338	-0.0439770259	-0.0256209315	0.0534626094	0.0378956368	-0.0983204249	0.031169934	-0.0051167869	-0.014852378	0.0128250358	-0.0026085156	0.0097988701	-0.0238026236	-0.0439088337	0.0192866328	-0.0293747044	0.0468197805	0.0622000898	0.0084471907	0.0667135625	-0.0114654823	-0.0565164733	-0.1076286511	-0.0387210168	-0.0421661281	0.0431024202	0.0430659941	-0.0227853995	0.0202845491	-0.065176901	-0.0090924501	-0.016764923	0.0229971259	0.0210934019	0.0594355464	-0.0130485981	0.0537111174	2.52749e-05	-0.0464155026	-0.0102776154	0.0589117522	-0.0067902525	-0.0372851258	-0.0030612816	-0.0495934664	0.0353169139	-0.0120998681	-0.0395354391	-0.0193022995	0.0500265048	-0.0239694938	-0.0330929922	0.0230159417	0.0012162464	0.0219951267	0.0609013572	-0.0300630718	-0.0253426666	-0.0721099539	-0.0022499809	-0.0013812604	-0.0200617255	-0.0026527092	0.0003491518	0.0004146321	-0.0559992614	0.0073956138	0.0122249681	0.0004446658	-0.0365624241	-0.0168965055	-0.0092438362	-0.0115248383	0.0005967379	-0.0294724645	0.0077938377	0.0006745344	0.0175469294	-0.0501211374	0.0401200047	-0.0176540021	0.0021402966	-0.0239772995	-0.0265465655	0.0496379437	-0.0337208712	-0.0490970208	0.0348264888	-0.0069880044	-0.0394969797	-0.0120478043	-0.0653616549	-0.011072251	0.1164284479	0.0427285664	0.0255947285	0.0019363856	-0.0222155728	-0.0407044271	-0.0488170731	-0.0444854679	-0.0288138067	-0.0057970462	0.018697474	0.0384257095	0.0483586182	0.0459641431	0.0318526742	0.0096214501	-0.0150624352	-0.0359066654	-0.0475977133	-0.0471553442	-0.0346923251	-0.0133856785	0.0113331913	0.0331630496	0.0465391172	0.0480516209	-0.0457124	-0.0032973999999999	1.0872846759999991e-05	0.00208962351376	-0.564452	-0.0485259999999999	0.3186060603039999	0.0023547726759999	0.0423502	0.0043438999999999	1.8869467209999985e-05	0.0017935394400399	-0.0098036	-0.00237902	9.611057296e-05	5.659736160400004e-06	0.00456609	0.00040368	2.08491778881e-05	1.629575424e-07	0.000456874	0.000224892	2.0873385187600005e-07	5.057641166400002e-08	0.0	0.0	0.0	0.0	0.0	0.0	0.0	0.0	0.0	0.0	0.0	0.0	0.0	0.0	0.0	0.0	0.0	0.0	0.0	0.0	0.0	0.0	0.0	0.0	0.0	0.0	0.0	0.0	0.0	0.0	0.0	0.0	0.0	0.0	0.0	0.0	0.0	0.0	0.0	0.0	0.0	0.0	0.0	0.0	0.0	0.0	0.0	0.0	0.0	0.0	0.0	0.0	0.0	0.0	0.0	0.0	0.0	0.0	0.0	0.0	0.0	0.0	0.0	0.0	0.0	0.0	0.0	0.0	0.0	0.0	0.0	0.0	0.0	0.0	0.0	0.0	0.0	0.0	0.0	0.0	0.0	0.0	0.0	0.0	0.0	0.0	0.0	0.0	0.0	0.0	0.0	0.0	0.0	0.0	0.0	0.0	0.0	0.0	0.0	0.0	0.0	0.0	0.0	0.0	0.0	0.0
53406.119887920766	328.7032104458849	2852213641.482966	108045.8005574317	65120.28304638672	1261.975878417972	4240651264.041522	1592583.1177088125	53919.82618698622	296.0992995950146	2907347656.034805	87674.79522065821	54027.23089988701	53674.00462662338	1.673849	38.345982	0.3125722499999999	0.17251	0.0004400487	0.0091103581	-0.0148586575	0.0241341987	0.0255612923	-0.0382427863	-0.0483318978	-0.0275733518	0.0479629506	0.0080768753	-0.0568221066	0.0167541937	0.0247837763	0.0028751287	0.0128741528	0.0087279657	0.0277257838	0.0141556537	0.0132286211	-0.0614169898	-0.0086568324	-0.0144479102	-0.0502059876	0.0545132823	-0.0103596515	0.0269483076	-0.0312003631	0.068271638	-0.0521092063	-0.0153273998	-0.046694106	-0.0038991104	0.0429163023	-0.0254193147	-0.0400398385	-0.0343173697	-0.0336888028	0.0218999489	-0.0559321702	-0.0550653286	0.0225612484	0.0096994604	-0.0153020815	0.0087266835	-0.0420194551	-0.0378527844	0.0168662612	-0.0259314669	-0.041782629	0.0163408913	-0.0108694696	0.0294998407	-0.0066064111	0.0190013812	-0.0131119101	-0.024423923	0.0346746972	-0.0940651901	0.0002488304	-0.0037492018	0.0373626308	0.0732946353	0.0344860178	-0.0168352257	0.0086645564	-0.0104608803	-0.0195133298	0.0225750525	0.0010902203	-0.0257599272	-0.0253734696	-0.0708584706	0.0164535287	-0.0308647498	-0.0132732545	-0.0009662667	0.0067132962	-0.006081873	-0.0008875223	0.0716188613	0.0056548246	0.0647509483	-0.0241990387	-0.0905792493	-0.0742005037	-0.0404678411	-0.0249033477	-0.0059365067	-0.0516163775	0.0166609562	0.0034667613	0.01055535	0.0271931349	0.0041268213	-0.0038100821	-0.0009753729	0.0134635225	0.0430309963	-0.0147864569	0.0619480024	-0.0314284659	-0.0160316686	-0.0214685697	-0.0397435534	0.0033845526	-0.0618918445	-0.0183606386	0.0203767648	0.044930196	0.0341735139	-0.018710989	0.0177967915	0.0163031687	-0.0157550394	0.0603586064	0.0116044712	0.0126092037	0.0517903623	0.037260676	0.0417816216	-0.0264424605	0.0363329967	0.0716167121	-0.0407756102	-0.0139413672	-0.0440548543	-0.0053511218	0.0423789408	-0.0274400535	-0.0384726999	-0.0368049089	0.0303744519	0.0222370906	-0.055395351	0.0535127122	-0.0305526239	-0.0037049693	-0.0101058798	-0.0075272019	0.0469938714	0.0429082368	-0.0215431956	0.0182278598	0.0370673749	-0.0071844448	0.0022647729	-0.0293583362	0.0240037144	0.0091438123	0.0341796407	-0.006268339	0.0618613314	-0.0502941339	-0.0380125449	-0.0244202352	-0.0497476001	-0.0598539351	0.00613651	0.0495481844	0.0172453519	0.0107805207	0.0287236574	-0.006181295	0.0054156565	-0.002149182	0.0426135472	0.0687961199	0.0370324167	-0.0249999289	-0.0105459352	0.0104180371	0.0020517101	0.0231249646	-0.0468524228	0.0422638109	0.0432079954	0.0577741678	0.0120139567	-0.099958882	-0.0307516991	-0.0411067306	-0.0516992033	0.0294216458	-0.0312074534	0.0401975105	-0.0228590196	0.0030555992	0.0011730854	-0.0194866199	0.0033311196	0.0099093316	0.0125542465	-0.0376145065	0.0341284146	0.017605084	-0.0584245237	-0.0005907032	0.0627003746	0.0101621952	-0.0250217061	0.0514573349	-0.022171056	0.0001695941	0.0115876142	-0.0370044248	-0.0183372849	0.0188965908	0.0106990932	-0.0117051459	-0.0232966656	0.0121012287	0.0053181683	0.0275116525	0.0145380519	0.0368975832	0.0301298984	0.0715751633	-0.046536924	-0.0341779305	0.0243387213	-0.0107085406	-0.0086719943	0.0242857035	-0.0345261608	-0.0467436875	0.0191433049	0.0432955352	-0.005413542	0.018637768	-0.0275586864	-0.0355048879	0.0436971717	0.0426381448	0.0252794756	0.0013833093	-0.0228705931	-0.0412099568	-0.0488920593	-0.0439302406	-0.0276076712	-0.0041455125	0.0203887125	0.0396502352	0.0486578547	0.0450821203	0.0298477488	0.0068944842	-0.0178417553	-0.0379639583	-0.0482683442	-0.0460901072	-0.0319925587	-0.0096214501	0.015237851	0.0361565084	0.0477247713	0.046950984	-0.0516262	-0.0059137999999999	3.497303043999996e-05	0.0026652645264399	-0.712594	-0.148142	0.5077902088359999	0.0219460521639999	0.0133614	-0.0289887999999999	0.0008403505254399	0.00017852700996	-0.0108528	-0.0010491999999999	0.0001177832678399	1.1008206399999966e-06	0.00351481	-0.00105128	1.23538893361e-05	1.1051896383999998e-06	0.000946947	0.0004900729999999	8.96708620809e-07	2.40171545329e-07	0.0	0.0	0.0	0.0	0.0	0.0	0.0	0.0	0.0	0.0	0.0	0.0	0.0	0.0	0.0	0.0	0.0	0.0	0.0	0.0	0.0	0.0	0.0	0.0	0.0	0.0	0.0	0.0	0.0	0.0	0.0	0.0	0.0	0.0	0.0	0.0	0.0	0.0	0.0	0.0	0.0	0.0	0.0	0.0	0.0	0.0	0.0	0.0	0.0	0.0	0.0	0.0	0.0	0.0	0.0	0.0	0.0	0.0	0.0	0.0	0.0	0.0	0.0	0.0	0.0	1.0	0.0	0.0	0.0	0.0	0.0	0.0	0.0	0.0	0.0	0.0	0.0	0.0	0.0	0.0	0.0	0.0	0.0	0.0	0.0	0.0	0.0	0.0	0.0	0.0	0.0	0.0	0.0	0.0	0.0	0.0	0.0	0.0	0.0	0.0	0.0	0.0	0.0	0.0	0.0	0.0
53331.96799669986	-74.15189122090669	2844298810.401018	5498.502971637179	64480.77011523437	-639.5129311523488	4157769714.6537023	408976.7891110688	53944.019943030704	24.19375604448578	2909957287.6140943	585.3378315400922	54057.51393390224	54115.19548411184	1.301057	29.805738	0.2070377199999999	0.126524	-0.0041300646	0.0128102308	-0.0379335248	0.0122988815	0.0307921421	-0.0455617939	-0.0267746023	-0.0066452659	-0.0149019106	-0.0473710014	0.0303410754	0.0012091929	-0.0160419512	0.0141580232	0.0250523069	0.0065595867	-0.0165639595	-0.0364418349	-0.004137428	0.0071376655	-0.0442233881	-0.0098800231	-0.0302123265	-0.0147143762	0.0231040956	-0.0325272972	0.0432094922	-0.070007837	-0.0105574881	-0.042907081	-0.039197192	-0.0368660832	-0.0671953718	0.005994827	-0.0016751588	0.0364190455	-0.008408941	0.0056125045	-0.0114561449	0.0672674045	0.0569795549	0.0230642743	-0.0030355381	-0.0118782182	0.0037261189	0.0556819484	0.0229757574	-0.0217190758	0.0231101331	0.0346221284	-0.0106250315	0.0686892323	-0.0447701899	-0.0105813828	-0.0197773799	0.0141519419	-0.0178709051	-0.0175180001	-0.0110199012	0.0908061697	0.0517902157	-0.0373093579	0.0074651352	-0.0587615915	-0.0334339078	-0.0056400983	0.007066391	-0.0322260865	0.0125375943	-0.0188362076	0.0378073011	0.0265753708	0.0118587141	-0.006684537	0.0146804542	-0.0011027249	0.0151442444	0.0266108819	0.0843399624	0.034389885	-0.0570375193	0.0844270776	0.0490984212	-0.0275692553	-0.0443071594	0.0891719494	-0.0051508429	0.0254674324	-0.0136544549	0.0059561699	0.0481785957	0.0209410258	0.0359919847	0.025407876	-0.0025008331	0.0211186727	0.0867102003	-0.0267064571	0.0003723518	0.0073117751	0.0559350701	0.0374728355	-0.0125122369	0.0616917634	-0.0210865668	0.0384961423	0.0270914771	-0.037312016	0.0256671573	0.0127786787	0.0324668604	-0.0763528086	-0.0358228736	0.0045708599	-0.0050941959	0.0425250916	0.0102914117	0.0340571354	-0.0014360071	-0.0299932206	0.0319541492	-0.044294434	-0.0614044163	-0.0165750315	-0.053320382	-0.0148179149	-0.0519390972	-0.0676466699	0.0108338271	-0.0023109521	0.0295666204	0.0096294793	0.0071949708	0.0030083654	-0.0719037064	-0.0566348667	-0.0209309267	0.0091201125	-0.0016826101	-0.0083017366	-0.0488555873	-0.0253626839	0.0238403639	-0.0152513172	-0.0340071124	-0.0056913083	-0.0457478515	0.0575642493	-0.0361077566	0.0326311712	-0.0438908696	0.0033556114	0.0038375545	-0.0269549626	-0.0931444508	-0.005263649	0.0641619256	-0.0070833145	0.0413682288	-0.0320477011	0.0004107216	-0.0091157894	0.0311715947	-0.0227243798	-0.0347718068	-0.0244779622	-0.014114163	-0.0088632479	0.0006795976	0.0235414231	-0.0070411664	0.0157811195	-0.0025887651	0.040387191	0.087666648	0.0478787201	0.0888094343	0.029227143	-0.0229020222	-0.0452061112	0.0999070921	-0.0088144872	-0.0196337102	0.0034470593	0.0196940599	0.0092344143	0.0440418501	0.015826135	-0.0060895088	0.0189417351	0.0789820044	0.0797355787	0.0308836363	-0.0153476999	-0.0343310793	-0.0048140119	-0.0134004549	-0.0766425018	0.01662226	0.0375703529	-0.0264348138	0.0167173781	0.0444831079	-0.036199054	0.0051631026	-0.0480362894	-0.0679615152	-0.0486035748	-0.0203906439	-0.0022434202	-0.0067006655	-0.0032411672	-0.0058743837	0.0132748737	0.0124452471	0.0511400129	-0.0133984597	0.014581317	0.039795188	0.0355034946	-0.0077016745	-0.0262230869	0.0104812173	-0.0056899807	0.0074318617	0.0057111578	0.0373214988	0.0019467767	0.0293356266	-0.0194021065	-0.0081966804	-0.0095729934	0.0425471181	0.0249627879	0.0008300562	-0.0235204212	-0.0417008682	-0.0489420714	-0.0433444711	-0.0263764663	-0.0024892147	0.0220510239	0.040806694	0.0488576859	0.0440920108	0.0277598318	0.0041455125	-0.0205562846	-0.039865623	-0.0487171511	-0.0447888782	-0.0291112946	-0.0057970462	0.0190379212	0.0388787369	0.0485206286	0.0454342724	-0.0632103	-0.0115841	0.00013419137281	0.0039955420260899	-0.603393	0.1092009999999999	0.3640831124489999	0.0119248584009999	-0.00253422	-0.01589562	0.0002526707351844	6.422271008399999e-06	-0.00991262	0.0009401799999999	9.82600352644e-05	8.839384323999977e-07	0.00322465	-0.00029016	1.03983676225e-05	8.419282560000016e-08	0.000770147	-0.0001767999999999	5.93126401609e-07	3.1258239999999985e-08	0.0	0.0	0.0	0.0	0.0	0.0	0.0	0.0	0.0	0.0	0.0	0.0	0.0	0.0	0.0	0.0	0.0	0.0	0.0	0.0	0.0	0.0	0.0	0.0	0.0	0.0	0.0	0.0	0.0	0.0	0.0	0.0	0.0	0.0	0.0	0.0	0.0	0.0	0.0	0.0	0.0	0.0	0.0	0.0	0.0	0.0	0.0	0.0	0.0	0.0	0.0	0.0	0.0	0.0	0.0	0.0	0.0	0.0	0.0	0.0	0.0	0.0	0.0	0.0	0.0	0.0	0.0	0.0	0.0	0.0	0.0	0.0	0.0	0.0	0.0	0.0	0.0	0.0	0.0	0.0	0.0	0.0	0.0	0.0	0.0	0.0	0.0	0.0	0.0	0.0	0.0	0.0	0.0	0.0	0.0	0.0	0.0	0.0	0.0	0.0	0.0	0.0	0.0	0.0	0.0	0.0
53282.46626956084	-49.50172713901702	2839021211.766889	2450.4209897456944	64727.02954541016	246.25943017578535	4189588353.7724	60643.706950502514	53891.52778764205	-52.49215538865246	2904296767.2861958	2755.426377346436	54001.33679791568	53549.30809888963	1.135732	26.018333	0.08660337	0.0421228	0.0031910781	-0.0060375675	-0.03047062	0.0151031991	0.0194126738	-0.0218768229	-0.0289489799	-0.0093907868	-0.0179865511	0.0513034607	-0.018786634	0.0047852146	-0.0122199176	0.01933045	-0.0025158869	0.0054618802	0.0097701514	-0.0070552989	0.0131152966	-0.0401818116	0.0210150621	0.0297533929	-0.0039400239	-0.0298649455	0.0053901026	-0.056254795	0.0093161599	0.0498800934	0.0184594433	0.0423886724	-0.0088029852	0.0013701073	0.0387494364	-0.0022416035	0.0244804667	-0.0519832849	0.0039802245	0.0040232736	-0.0091894856	0.0341246501	0.0015902471	-0.0186374625	-0.0227314884	0.0013133533	-0.0042458947	-0.029128137	0.039290292	0.0479334184	0.0231211551	-0.0498811544	0.0163806704	0.0832667744	-0.0365768688	-0.0011854908	-0.0039413219	0.0399108339	0.012538265	0.024656018	0.0284605429	0.0059587012	0.0828173699	-0.0018793544	0.0140081798	0.0337220125	0.0409834012	0.010436986	0.0281076392	0.010768033	0.0584426126	-0.0174821135	0.1235405969	0.0349135435	0.070313545	0.0475602435	0.0524052676	0.0015381747	0.0113894333	0.022662386	0.0100243602	0.0163306292	-0.021737376	0.0555420878	0.0170881657	-0.040103964	-0.0644754473	-0.0199678984	-0.0057993396	-0.0192497296	-0.0046142844	-0.0114432285	0.061067106	-0.0398855138	0.0005574652	0.0414873066	-0.0367827188	-0.0339908857	-0.0191156857	0.0598510259	-0.0094123706	-0.0152765349	0.0297379832	0.0508337586	-0.0343858589	0.0339398823	-0.0560021644	0.0258118733	0.0150541009	-0.0334305702	-0.0219282144	0.0091738841	0.091384056	-0.0289675714	-0.0062936291	-0.0147141043	0.0405342007	-0.0196886578	-0.0318750143	0.0040922608	-0.0229683147	-0.0161648096	0.0541166778	-0.0127654384	0.0468912192	0.02325519	0.0444111468	-0.013965032	0.0037296261	0.0306415712	-0.0004069367	0.0253345304	-0.04847367	-0.0057629202	0.0082911002	-0.0156303738	-0.0317625083	0.0052981216	0.014334137	0.0189792824	-0.0294555614	0.0046331585	0.010642155	-0.0138975566	-0.0470582857	-0.056314887	0.0428315497	-0.0306145365	-0.0206415778	0.086027492	0.0009997665	-0.0022347076	-0.0238907899	-0.0420524606	-0.0147780394	0.0497683549	-0.0475633546	-0.0743420925	-0.0186396047	-0.0103107887	-0.0175201954	0.024488551	-0.0039723001	-0.0126475094	-0.0351527797	-0.0553834743	-0.0324153712	-0.0992286677	-0.0059745332	0.0226333025	0.084257949	0.0625683111	-0.0077803648	0.0049332705	-0.0197636109	0.0008259965	0.0437098703	0.0190319743	0.0562409136	0.0285587722	-0.0563999254	-0.0654602963	-0.0065794269	-0.0258614123	0.0271994152	0.0007774842	0.0305513499	0.0521848858	-0.010101159	0.0167325793	0.0553415408	0.0320555744	-0.0217931585	0.0094936347	-0.0557604931	0.0101216806	-0.0374282374	-0.0049970886	-0.0325732902	-0.0567005983	0.0460990461	-0.0076507728	-0.0440887262	0.0256976579	0.0110783668	-0.0484060711	-0.0083519796	0.0381556275	-0.1092659208	0.0176349502	-0.0214915955	-0.003498594	-0.007353558	-0.0024791137	-0.0212008736	0.02440114	0.0052312819	0.0254729078	0.0207113937	0.0138309375	-0.0521929487	0.0113455939	-0.0117592829	0.0131428728	0.0227825435	0.011804598	-0.020265736	-0.0148088523	0.049764211	-0.0017912068	0.0185473256	0.0155624711	-0.0284365836	0.0139318619	0.0424554877	0.0246446833	0.0002766972	-0.0241649094	-0.0421769872	-0.0489670838	-0.0427285664	-0.0251213099	-0.0008300562	0.0236820496	0.0418931005	0.0489577037	0.0429961886	0.0255947285	0.0013833093	-0.0231961654	-0.0416038638	-0.0489420714	-0.0432583199	-0.0260648785	-0.0019363856	0.022707319	0.0413093142	0.048920189	0.043514927	-0.0541343	0.0090759999999999	8.237377599999989e-05	0.00293052243649	-0.615738	-0.012345	0.379133284644	0.000152399025	0.0141634	0.01669762	0.0002788105136644	0.00020060189956	-0.00916967	0.00074295	8.408284790889999e-05	5.519747025000013e-07	0.00311644	-0.00010821	9.712198273599998e-06	1.1709404100000015e-08	0.000888682	0.000118535	7.897556971240001e-07	1.4050546225000004e-08	0.0	0.0	0.0	0.0	0.0	0.0	0.0	0.0	0.0	0.0	0.0	0.0	0.0	0.0	0.0	0.0	0.0	0.0	0.0	0.0	0.0	0.0	0.0	0.0	0.0	0.0	0.0	0.0	0.0	0.0	0.0	0.0	0.0	0.0	0.0	0.0	0.0	0.0	0.0	0.0	0.0	0.0	0.0	0.0	0.0	0.0	0.0	0.0	0.0	0.0	0.0	0.0	0.0	0.0	0.0	0.0	0.0	0.0	0.0	0.0	0.0	0.0	0.0	0.0	0.0	0.0	0.0	0.0	0.0	0.0	0.0	0.0	0.0	0.0	0.0	0.0	0.0	0.0	0.0	0.0	0.0	0.0	0.0	0.0	0.0	0.0	0.0	0.0	0.0	0.0	0.0	0.0	0.0	0.0	0.0	0.0	0.0	0.0	0.0	0.0	0.0	0.0	0.0	0.0	0.0	0.0
53209.350316303	-73.11595325783856	2831234961.0830545	5345.942620802432	64267.70319775391	-459.3263476562497	4130337674.314588	210980.69365123	53868.91611951463	-22.61166812742158	2901860123.891303	511.28753550465296	53988.22543076534	52856.16268294694	1.559924	35.736088	0.4859984	0.329959	0.0153058053	0.0063564225	0.0297230179	0.0207070274	0.0094941927	-0.0393163901	0.0113270967	-0.008608849	0.0445899319	-0.0343815997	0.0665457575	0.0097527284	0.0361635078	0.0435102933	0.0284445617	-0.0605397642	0.0528755349	-0.0061485392	-0.0091443359	0.0085643041	-0.0726777491	-0.0145546311	0.0291878623	-0.0060956899	0.0192790601	0.0074188923	-0.0445039701	0.0045934628	-0.0531044294	-0.0332044658	-0.043769067	-0.01858793	-0.0328521386	-0.0046605481	-0.0061427889	-0.0206141177	-0.0167611806	0.0165003949	-0.0464801885	-0.0407546992	-0.029147379	0.0059033492	0.0330551884	0.086079318	0.0060168429	-0.0275864239	0.0547728099	0.0172033759	-0.0635081923	-0.0687993475	-0.0315882036	-0.0025601291	-0.0796154684	0.0612159827	0.0602718674	-0.0086570281	-0.0553322729	-0.042205484	-0.0321798849	-0.0483445281	0.0301593775	0.0336997562	-0.0066167558	0.0116696784	-0.017448623	-0.0106469567	-0.0152449164	0.0156155411	0.0663822244	0.0321948908	-0.0887994466	-0.0155478633	0.0282033716	-0.0468399451	0.0689798067	0.0115453092	-0.0125203988	-0.0914760678	0.0344123019	-0.0385823406	-0.0372570045	0.0273470874	0.0076898326	-0.0029352621	0.0050194402	-0.0160868046	-0.0044149708	0.0298803854	-0.0377752731	-0.0433597114	-0.0280076733	0.0092805216	-0.0152527822	-0.0441899165	0.0029551063	-0.0707776014	0.0487757987	0.0247237053	-0.0404756186	0.0034557163	0.0162588087	0.0166573608	-0.0142678446	0.0566300697	0.0281211653	-0.0100155563	0.0605092613	0.0404228766	-0.0261362587	-0.003217781	-0.0132250827	0.0282918122	-0.0064456002	0.0102111683	-0.0108722369	0.0704219076	0.0166535003	-0.0276922278	0.0024463183	-0.0206465821	-0.0090124495	0.0443557668	0.017556088	-0.0434123486	-0.0443358459	-0.0326514328	-0.0276642643	-0.0358910819	-0.0019849199	-0.004266711	-0.0204585152	0.0133972205	0.0189348219	-0.0481049934	0.0441252494	0.029303352	-0.0132875756	0.0614492058	0.023589186	0.0018585921	0.0445174141	-0.0453945993	-0.0582539561	0.0623314093	0.0723315003	0.0411382925	0.0294568691	0.0457030715	0.0478719527	0.003349488	-0.0685430601	0.0475941292	0.043893386	-0.0395759914	0.0413206052	-0.0497502631	-0.0126354291	0.0267130745	0.0209089241	-0.0173027623	7.94443e-05	0.023194809	-0.0044494434	-0.0623289139	0.0730466598	0.07192244	-0.0116698068	0.0543712826	-0.026336886	0.0620216535	0.0125603081	-0.0047336806	0.0768969715	0.063945541	-0.0530980442	0.0245873516	0.0489507702	0.0029456963	0.0067833116	0.0105388027	-0.005111402	-0.0193380038	-0.0555349477	-0.0381139091	0.0077568701	-0.0150772758	-0.0213080574	-0.0369673107	-0.0247167736	-0.0089510166	-0.0162133301	0.0717146103	-0.0616296878	0.0021104632	-0.0028377947	-0.0087749704	7.04879e-05	-0.0362633572	0.0181630079	0.023436434	0.0299928186	0.0610717077	-0.0041019752	0.0322793122	-0.0160248433	0.0147921345	0.0207990715	0.0016360183	0.0125280739	-0.0317336058	0.0314299127	0.0231420072	0.0477433456	-0.0591657256	0.0457588951	0.0086444836	0.0541062552	-0.0667286822	0.0252262353	0.0183786316	-0.043860383	-0.0522879352	0.0576147522	-0.0558939616	0.039132375	0.1259357756	0.0252197571	0.0269636896	0.1080849957	-0.099304758	-0.0354361166	0.0503061223	0.0423632548	0.02432518	-0.0002766972	-0.0248039116	-0.0426381448	-0.0489670838	-0.0420829549	-0.0238433419	0.0008300562	0.0252794756	0.0429075896	0.0489577037	0.0417972809	0.023358459	-0.0013833093	-0.0257518113	-0.043171555	-0.0489420714	-0.0415062691	-0.0228705931	0.0019363856	0.0262208584	0.0434300072	0.048920189	0.0412099568	-0.0533059	0.0008284	6.862465599999999e-07	0.00284151897481	-0.7537939999999999	-0.1380559999999998	0.5682053944359998	0.0190594591359999	0.0716275	0.0574641	0.0033021227888099	0.00513049875625	-0.014469	-0.00529933	0.000209351961	2.80828984489e-05	0.00344242	0.00032598	1.18502554564e-05	1.0626296040000001e-07	0.00105637	0.000167688	1.1159175769e-06	2.811926534400001e-08	0.0	0.0	0.0	0.0	0.0	0.0	0.0	0.0	0.0	0.0	0.0	0.0	0.0	0.0	0.0	0.0	0.0	0.0	0.0	0.0	0.0	0.0	0.0	0.0	0.0	0.0	0.0	0.0	0.0	0.0	0.0	0.0	0.0	0.0	0.0	0.0	0.0	0.0	0.0	0.0	0.0	0.0	0.0	0.0	0.0	0.0	0.0	0.0	0.0	0.0	0.0	0.0	0.0	0.0	0.0	0.0	0.0	0.0	0.0	0.0	0.0	0.0	0.0	0.0	0.0	0.0	1.0	0.0	0.0	0.0	0.0	0.0	0.0	0.0	0.0	0.0	0.0	0.0	0.0	0.0	0.0	0.0	0.0	0.0	0.0	0.0	0.0	0.0	0.0	0.0	0.0	0.0	0.0	0.0	0.0	0.0	0.0	0.0	0.0	0.0	0.0	0.0	0.0	0.0	0.0	0.0
53230.9541695952	21.60385329219571	2833534481.8055444	466.72647707071536	64583.78524902344	316.08205126953544	4171065317.091978	99907.86313475724	53904.11881006709	35.20269055246172	2905654024.689829	1239.2294221323775	54022.6690075672	53927.06360085227	1.502011	34.409378	0.3780103499999999	0.220127	0.0034931179	0.0120250078	-0.0131391023	0.0193825505	0.0129654784	-0.0256056365	-0.0048725367	0.0405424061	-0.0165870118	0.0031520186	0.0647240559	0.0091597151	-0.0263600754	0.0291891971	0.0324351381	-0.0071060021	0.0252575194	-0.0297116103	0.0334174408	0.0079397445	0.0313303726	-0.0503179919	0.0454076351	-0.0229251557	-0.0036693152	-0.0518877826	0.0143961237	-0.016900781	0.048080637	-0.0048120667	-0.0181663052	-0.0080074891	0.0436378345	0.0241000805	-0.0459027153	0.0622798538	-0.0240201493	0.0116187266	0.0023508983	0.0209739939	-0.0241285735	-0.000154848	-0.0077031987	-0.0008195127	0.0945181559	-0.0046896464	-0.0253529566	0.0125722797	0.0356026762	0.0361983606	-0.0072640937	-0.0107416521	0.0137771382	-0.0213303883	0.0160117108	-0.0259943199	-0.0009775772	-0.0120670066	-0.0019000161	0.0456277145	-0.0161838136	0.0745745807	-0.0042378732	-0.0507677089	0.0549233933	-0.0219518764	-0.0144134822	0.0653912883	-0.0183034277	0.0046861891	-0.0445084144	-0.0143799357	0.0441904342	0.0046779388	0.0341213904	-0.0024320451	0.0609273531	0.0218825343	0.0031843012	-0.037604007	0.0097310835	0.0095270954	0.0335992096	-0.0405336821	-0.0153915881	-0.0229150754	-0.0876238577	0.0170248813	0.0255115408	-0.0126285829	-0.0191108257	-0.0283437639	-0.0171962104	-0.0179181344	0.0110106728	0.0556206366	-0.0060377338	0.0236786881	-0.0210960308	0.0152228841	-0.0310619271	0.0360044945	-0.0006647628	0.0057651824	-0.0203537083	-0.0080857699	0.0373581882	0.0132888937	-0.0377811843	-0.0256626217	-0.0172808148	0.0235168609	-0.0314610016	-0.0341798948	-0.0068892632	-0.0312380675	0.047776361	-0.0445936955	-0.012838149	-0.0085698825	0.050579978	-0.0205125762	-0.0192125062	0.0449884913	-0.0052498788	-0.0139193774	-0.0119170011	0.0420674602	0.0205831837	-0.0439676441	0.065033557	0.0267595118	0.0089078408	0.0021547318	-0.0228359344	0.0273670038	-0.0039895812	0.0026532208	-0.0028635228	-0.0927496492	0.0174947927	0.0164042533	0.0036604751	-0.0305253205	-0.0372323174	0.0127494143	-0.0018792705	-0.0164824379	-0.0168428116	-0.0295973229	0.0226140486	0.0263092875	0.0036896825	-0.0220421391	-0.0467447682	0.0317818856	-0.0245985184	0.0445235339	0.060743195	0.0671808992	0.0322464899	0.0293176448	-0.0399939439	0.0387661939	0.0266359428	0.0363515084	0.0081776741	0.0465466954	0.0207392967	0.0285549431	-0.0131201831	0.060698457	-0.0094802074	0.0134033145	-0.0094736077	0.0136977037	-0.0150567914	0.0201278295	-0.0294385765	0.0048243763	0.0096978876	-0.0903752251	-0.0189872034	0.0434170447	-0.00857027	-0.0194206295	-0.0403101468	-0.0212923232	0.0152975297	-0.0227691129	0.0363024459	-0.032335061	-0.0071600922	0.0294465662	0.0345980586	-0.0231346775	-0.0343088611	-0.0238516381	0.0121660898	-0.0153037469	-0.0022769144	0.0393160723	-0.0030566645	-0.000823179	0.0211102027	0.0215351962	0.0281111146	0.0057782953	-0.0064789098	-0.0092381464	0.0034351141	0.0034472235	0.0125387112	-0.0065524601	-0.0015334607	0.0282751763	-0.0037767586	0.0007899645	-0.0208351597	0.0064391888	-0.0206566025	0.0315477899	0.007159102	-0.0348248064	0.0388246782	0.0271695809	0.0596483865	0.0183087777	0.0667675385	-0.0056616086	-0.0011760956	0.0077580282	0.0422704209	0.024004296	-0.0008300562	-0.0254372825	-0.0430841775	-0.0489420714	-0.0414080854	-0.0225437227	0.0024892147	0.0268410355	0.0438484199	0.0488576859	0.0404981621	0.0210572413	-0.0041455125	-0.0282139416	-0.04456227	-0.0487171511	-0.0395416966	-0.0195465601	0.0057970462	0.0295544231	0.0452249073	0.0485206286	0.0385397882	-0.0609942	-0.0076882999999999	5.910995688999993e-05	0.00372029243364	-0.651006	0.1027879999999998	0.4238088120359999	0.0105653729439999	0.0237657	-0.0478617999999999	0.0022907518992399	0.00056480849649	-0.0112357	0.0032332999999999	0.00012624095449	1.0454228889999998e-05	0.00270497	-0.0007374499999999	7.3168627009e-06	5.438325024999996e-07	0.000633675	-0.000422695	4.01544005625e-07	1.786710630250001e-07	0.0	0.0	0.0	0.0	0.0	0.0	0.0	0.0	0.0	0.0	0.0	0.0	0.0	0.0	0.0	0.0	0.0	0.0	0.0	0.0	0.0	0.0	0.0	0.0	0.0	0.0	0.0	0.0	0.0	0.0	0.0	0.0	0.0	0.0	0.0	0.0	0.0	0.0	0.0	0.0	0.0	0.0	0.0	0.0	0.0	0.0	0.0	0.0	0.0	0.0	0.0	0.0	0.0	0.0	0.0	0.0	0.0	0.0	0.0	0.0	0.0	0.0	0.0	0.0	0.0	0.0	0.0	1.0	0.0	0.0	0.0	0.0	0.0	0.0	0.0	0.0	0.0	0.0	0.0	0.0	0.0	0.0	0.0	0.0	0.0	0.0	0.0	0.0	0.0	0.0	0.0	0.0	0.0	0.0	0.0	0.0	0.0	0.0	0.0	0.0	0.0	0.0	0.0	0.0	0.0	0.0
53119.63402106594	-111.32014852925931	2821695518.531986	12392.175468576355	64402.10229931641	-181.68294970703573	4147630780.571616	33008.69421424928	53818.3014310324	-85.81737903469184	2896409568.921464	7364.622544383967	53937.355234598	53405.05994445008	1.012509	23.195438	0.18313045	0.0944758	0.0119893786	0.0104345335	-0.0011434323	0.0163144084	-0.006897593	-0.0234986947	0.0204032344	0.0003109035	0.0106200609	0.0412424101	0.0077249434	0.0056845761	0.0126194104	0.0194743485	0.0009718187	-0.042530734	0.0303040173	0.0287300989	-0.0385253728	-0.0323210604	0.0167751094	0.0350960024	0.0033823713	-0.0331800257	-0.052865681	-0.0244916099	-0.0209471819	-0.0346046731	0.0051165421	0.0844219474	-0.0523054944	0.0148199655	0.0023383864	-0.0351067865	0.0194195332	-0.0253974892	0.0433462825	0.0125418469	0.0018703667	-0.0316881628	-0.0245902394	0.0388522618	0.0070045863	-0.0219007958	0.0296846991	-0.0232701353	-0.0022937635	0.0308931922	0.0076103942	-0.0956764731	-0.0309975163	0.0298711404	-0.0605705342	-0.0143383907	0.0138786989	0.0254398677	0.0093501333	0.0711209491	0.0178156153	-0.0355196088	0.019583845	0.0007618602	0.065379626	0.00723734	0.0548182692	0.0210752276	0.0083212526	0.0039086074	0.010448558	-0.0398249472	0.0039803339	0.082817709	-0.004113655	-0.0151178478	0.0184422001	0.0661416674	-0.0753918241	0.0571753947	-0.0042303625	-0.0184788103	0.0434254052	-0.0151416715	-0.0783708274	-0.0167159771	-0.0125355395	-0.0563264031	0.064604878	-0.0131670944	0.0150749158	0.0560641742	-0.0319521521	0.0312734943	0.0191635636	-0.0448478315	-0.0148796382	-0.0148785769	-0.0833002393	0.0017642261	-0.0614705487	0.0285653711	0.0434886717	0.0093637233	0.0219536462	-0.081594303	-0.0029607119	0.0144488807	0.0245241112	-0.0342848297	-0.0129561451	0.0125282169	-0.0041791926	0.0230082663	0.0291347055	0.0364332036	0.0286031885	-0.0161811406	-0.0337704606	-0.012582824	-0.0524969163	0.0334991186	0.0242735409	0.0204897294	-0.0398575581	0.0039670997	0.0684979782	-0.0699739778	0.008479311	-0.0114702395	-0.0323142481	0.025684114	-0.0223803831	-0.045468695	0.0119095633	-0.0035371367	0.0259994622	0.0240992789	-0.0438599714	-0.00928842	0.0138373416	-0.0288323199	0.0037648261	0.0153114697	-0.0303487568	-0.033458861	0.0986621539	0.0357422569	0.0129273386	0.0662215519	-0.0090187225	-0.0232732153	-0.0062847224	-0.0497932084	0.013620133	0.0558016131	0.0054921219	-0.0289531835	-0.0267118973	-0.0639995629	0.0167219199	0.0484772082	-0.0149535173	-0.0001644608	-0.0125002135	-0.0245685246	-0.0306541319	-0.0022995679	-0.0726030918	-0.0128403355	0.0001553882	0.0242481556	0.0915354933	-0.0352049847	-0.0571323812	0.0087578763	0.0062492113	0.0058620483	-0.0413459776	-0.057229023	-0.0489653012	-0.0149723376	-0.0898159011	0.0673945927	0.0214512754	0.0081679902	-0.0135053705	-0.0291292081	0.0130454771	-0.0160836193	-0.0562204362	0.0031582404	-0.0193956295	-0.0456500974	-0.0662768563	-0.0784155224	0.0007987415	-0.0415494195	-0.030136653	0.0548962468	-0.0403087336	0.0054665249	-0.0471508853	0.0124139068	0.0059271372	-0.0271461434	0.0002658917	0.0360753615	0.0239666302	-0.011511815	0.0008749278	-0.0175579088	0.011762034	0.0184548438	0.0316285347	-0.0184526624	0.0123425309	0.0013887705	0.0467583102	-0.0389502259	-0.0472843877	0.0075746043	-0.0272678474	-0.0006878605	0.0325662917	0.0288783224	0.0128981617	0.062193358	0.0515455411	0.0382803126	0.0808854682	-0.023560851	-0.0435353918	0.0151686217	0.0421769872	0.0236820496	-0.0013833093	-0.0260648785	-0.043514927	-0.0488920593	-0.0407044271	-0.0212236325	0.0041455125	0.0283645137	0.0447139763	0.0486578547	0.039101947	0.018697474	-0.0068944842	-0.0305736153	-0.0457703078	-0.0482683442	-0.0373746616	-0.016111637	0.0096214501	0.0326851323	0.04668055	0.0477247713	0.035528084	-0.0530918	0.0079023999999999	6.244792575999996e-05	0.00281873922724	-0.718347	-0.0673409999999999	0.5160224124089999	0.0045348102809999	0.033875	0.0101093	0.00010219794649	0.001147515625	-0.0120198	-0.0007841	0.00014447559204	6.148128100000017e-07	0.00345373	0.0007487599999999	1.19282509129e-05	5.606415375999997e-07	0.00105637	0.000422695	1.1159175769e-06	1.786710630250001e-07	0.0	0.0	0.0	0.0	0.0	0.0	0.0	0.0	0.0	0.0	0.0	0.0	0.0	0.0	0.0	0.0	0.0	0.0	0.0	0.0	0.0	0.0	0.0	0.0	0.0	0.0	0.0	0.0	0.0	0.0	0.0	0.0	0.0	0.0	0.0	0.0	0.0	0.0	0.0	0.0	0.0	0.0	0.0	0.0	0.0	0.0	0.0	0.0	0.0	0.0	0.0	0.0	0.0	0.0	0.0	0.0	0.0	0.0	0.0	0.0	0.0	0.0	0.0	0.0	0.0	0.0	0.0	0.0	0.0	0.0	0.0	0.0	0.0	0.0	0.0	0.0	0.0	0.0	0.0	0.0	0.0	0.0	0.0	0.0	0.0	0.0	0.0	0.0	0.0	0.0	0.0	0.0	0.0	0.0	0.0	0.0	0.0	0.0	0.0	0.0	0.0	0.0	0.0	0.0	0.0	0.0
53017.81142757398	-101.82259349196102	2810888328.569794	10367.840545429142	64098.089828125	-304.01247119141044	4108565119.614381	92423.58263990816	53802.36308291525	-15.938348117146234	2894694273.305842	254.0309407033389	53923.987733036985	53129.55585430195	1.035901	23.731312	0.0964094499999999	0.0473144	0.0140377689	0.0126113303	0.0069337396	0.0057470085	-0.0283209004	-0.0565144633	0.0469022646	-0.0406251554	0.0106323485	-0.0152077581	0.0582024594	-0.0205518747	0.0116861674	0.0340671536	-0.0113294992	-0.0563412413	0.0077692294	0.0111549966	-0.0574703419	-0.0055882647	-0.0651582713	0.0056661963	0.019749444	-0.0417484041	0.0270456049	0.0113315923	-0.0001900426	0.006634198	0.0105158347	-0.0219438375	-0.0128894652	0.0009040415	-0.0296559051	0.0727163942	-0.0381586047	-0.0562837819	-0.0425414609	-0.0337914267	-0.064491846	-0.0354025703	0.0480773164	-0.067157794	-0.0871672683	0.0041872053	0.0682124485	-0.0987444121	0.0242061005	0.0136616426	-0.0314744696	0.006555556	0.0648646857	-0.034075098	-0.0027663686	-0.0013017171	-0.0015720782	-0.0680013298	-0.0067062879	-0.0145420253	0.021855386	-0.0134223997	0.0138068798	-0.0075508543	0.0391541809	-0.0153813839	0.0270865323	0.0284908767	-0.0298748431	-0.0109330678	-0.0316216395	-0.0314663215	0.0163901602	0.0950059749	-0.0594426081	0.060331025	-0.0188161244	0.002785883	-0.0206183589	-0.0032450435	0.0505416804	-0.0181092058	-0.0527357244	0.0051942736	-7.58151e-05	-0.0032999426	0.0380202576	0.0790228508	-0.0490292176	0.0383594044	-0.0191842563	0.0129451178	-0.0202595959	-0.0283705943	-0.0724421056	-0.0862121635	0.0097158567	-0.0469365933	-0.0552241771	-0.0154326702	0.0797851903	-0.0145383827	-0.0119078572	0.0177803399	-0.0546077021	-0.0557197702	0.0020180548	-0.0527821982	-0.0422194298	-0.0284089452	0.0318108788	-0.0187147284	-0.0099788544	0.0436488875	0.0116945189	0.0575212375	0.0049012262	0.0628028083	-0.0016264378	-0.0214030081	-0.02670564	-0.0438831302	-0.0115800493	-0.0021549689	0.0048542815	0.0133117569	-0.0157310333	-0.0032606616	-0.0039659827	-0.0235291567	0.0721887366	-0.049995286	-0.0539294333	0.0400163065	-0.0267159149	-0.0601191589	0.0340867114	-0.0604293986	0.0652500238	-0.0299073066	-0.0836385218	-0.056474274	0.0955566599	-0.0189381905	-0.0429528299	0.0102945152	0.0037861518	-0.0343385242	0.0660030125	-0.0021857513	0.0035826597	0.0003588306	0.0518446287	0.0465253964	0.0151924445	0.0043569032	-0.0062150887	-0.0283411699	0.0011310021	-0.0455235107	0.0077981462	0.0369812342	-0.025979676	0.0308759287	0.0148747648	0.0186773274	-0.055540823	0.0121102879	-0.069916329	-0.1015382496	0.0417755521	-0.0145685011	-0.0156904496	-0.0134897005	-0.0022106165	0.053532476	0.0130227604	-0.0031375902	0.0331918807	-0.0282603038	0.0116243594	0.0359999556	0.0816734054	-0.0077169073	-0.0269463901	0.0189041571	0.002264401	-0.0582126167	-0.0173730128	-0.0961250593	0.0037283618	-0.0172088625	-0.0847963524	-0.0218783581	0.0383493213	-0.004648278	-0.0535226713	0.0105397717	-0.0191103858	0.0628219894	0.0637654814	-0.0334064947	0.0339273622	-0.0411079781	-0.0005256969	-0.0071477052	0.0006544127	0.0311841876	0.0317812209	-0.031562939	0.0030021043	-0.0157393061	0.016103951	0.0245359524	0.0380146844	-0.0442825045	0.0016459459	-0.0024014811	-0.0047244834	-0.0301466352	0.0314254047	0.0097692559	-0.0447967849	-0.0354384575	0.0234963689	0.0196275248	0.0408144144	0.0810242515	0.0328352447	0.0273670635	0.0802147854	-0.0544936887	-0.0267286913	0.026349432	0.0420829549	0.023358459	-0.0019363856	-0.026686557	-0.0439302406	-0.0488170731	-0.0399724692	-0.0198842699	0.0057970462	0.0298477488	0.0455027728	0.0483586182	0.037611983	0.0162857183	-0.0096214501	-0.0328222635	-0.0467907162	-0.0475977133	-0.0350162597	-0.0125853106	0.0133856785	0.0355914973	0.0477860158	0.0465391172	0.0322015336	-0.0635207	-0.0104288999999999	0.0001087619552099	0.00403487932849	-0.710418	0.0079289999999999	0.504693734724	6.286904099999943e-05	0.0457299	0.0118548999999999	0.0001405386540099	0.0020912237540099	-0.0126128	-0.0005929999999999	0.00015908272384	3.516489999999997e-07	0.00320373	-0.0002499999999999	1.02638859129e-05	6.249999999999989e-08	0.000575437	-0.000480933	3.311277409690001e-07	2.31296550489e-07	0.0	0.0	0.0	0.0	0.0	0.0	0.0	0.0	0.0	0.0	0.0	0.0	0.0	0.0	0.0	0.0	0.0	0.0	0.0	0.0	0.0	0.0	0.0	0.0	0.0	0.0	0.0	0.0	0.0	0.0	0.0	0.0	0.0	0.0	0.0	0.0	0.0	0.0	0.0	0.0	0.0	0.0	0.0	0.0	0.0	0.0	0.0	0.0	0.0	0.0	0.0	0.0	0.0	0.0	0.0	0.0	0.0	0.0	0.0	0.0	0.0	0.0	0.0	0.0	0.0	0.0	0.0	0.0	0.0	0.0	0.0	0.0	0.0	0.0	0.0	0.0	0.0	0.0	0.0	0.0	0.0	0.0	0.0	0.0	0.0	0.0	0.0	0.0	0.0	0.0	0.0	0.0	0.0	0.0	0.0	0.0	0.0	0.0	0.0	0.0	0.0	0.0	0.0	0.0	0.0	0.0
53076.86547054057	59.05404296659253	2817153648.177862	3487.379990700157	63982.32224316406	-115.7675849609368	4093737559.628087	13402.13372768772	53844.17527124637	41.8121883311178	2899195210.6406994	1748.259093036863	53964.32561622859	52863.33219200233	1.141201	26.143618	0.1758328499999999	0.118356	0.0098232715	0.0142036406	-0.0113858047	0.0121738869	-0.0265977293	-0.0390727574	0.0412971247	-0.0068009749	-0.0175866127	-0.0263067407	0.0440721362	-0.0060925916	-0.0067731718	0.0398268296	0.0246757342	0.0120225977	0.0532741518	0.0349504481	-0.0251278414	0.0018779258	-0.070184075	-0.0249323248	-0.0349751759	0.0370802879	-0.0247028237	-0.0389004182	0.054466057	-0.0522744393	-0.0013678881	-0.0281445202	0.0176985396	-0.0150601543	-4.58348e-05	-0.0234160908	-0.0116052171	0.0232372143	-0.0038100696	0.0448499035	0.0254965706	-0.0425864436	-0.0449173888	-0.0055550416	0.0215107371	-0.075357676	-0.0530118693	0.0277915085	-0.0054067671	-0.0209784769	0.0412075695	0.0145524566	-0.0765863124	0.0004897985	-0.0032608663	-0.0052969217	0.0246204437	-0.0469950849	-0.0159649863	-0.0087713471	0.02703912	0.0185214379	-0.0137013525	-0.010861841	-0.0667310092	0.0003723039	0.0718670542	0.0157627444	0.0266459268	0.0035166468	-0.0102511638	0.0476401762	0.0379137171	0.035807447	-0.0240876024	-0.0028253327	-0.0411062611	-0.0361213012	0.040218707	0.0188100912	-0.0141666953	0.0245472496	0.0541595269	-0.0669729129	-0.0273887517	-0.0182610388	0.0189927602	-0.0775323977	-0.0514674902	0.0415790306	-0.0340034936	-0.0394976017	-0.0588709229	-0.0173205971	-0.0236517079	0.0107088456	0.0337641035	-0.0333307374	0.0158062648	-0.0256528275	0.0029937468	-0.0801905989	0.0389076543	-0.0698297951	-0.0130941277	-0.0487671829	-0.0377060465	-0.018520712	-0.0206026974	0.0194839598	0.0358349807	-0.0034091769	-0.0254934439	-0.002362393	0.0347318266	0.0246585499	-0.0045161945	0.0672614479	0.0265288377	0.0312278513	0.015004991	0.035215287	0.0435669818	-0.0517177355	-0.0541048182	-0.0139266337	-0.027062004	0.0192173181	-0.0135226177	0.006696905	-0.0267804788	-0.0097236289	0.0220986303	-0.0013645203	0.0412138429	0.021503604	0.0473973803	0.0428987796	0.0082878421	-0.0585840758	0.0274604086	0.050308087	-0.0517762212	0.0015032777	0.0302174194	-0.0351132101	-0.0023678634	0.0781343685	-0.0299521664	-0.0019942423	-0.0054428541	-0.0208861233	0.0162190365	0.0575081834	0.026418328	0.0140011663	-0.0131651842	0.0140673301	0.0276100574	0.0428962313	-0.037567453	0.0728960609	-0.0132259448	-0.0358201621	-0.0055782149	0.0131257664	0.0271680547	-0.0505425708	-0.0308558428	-0.0406108051	-0.0133397249	-0.04103382	-0.0383722821	0.0165544252	-0.0040042158	-0.0372286189	0.0227390104	-0.0207700403	-0.0775930153	-0.0070428885	-0.0077088475	0.0444868106	-0.0643925037	-0.0671516532	-0.0475427529	-0.0243697968	0.0294171734	-0.0367250969	-0.0429606851	0.0222467691	0.017443834	-0.0367993118	-0.0221245924	0.012937636	-0.0029653149	-0.0246450766	-0.0336974593	0.0938455332	0.0427987656	0.0458025303	-0.0161638573	-0.0734048333	-0.0049872885	-0.0318713978	0.0003868669	0.0267088905	-0.0103938143	-0.035138124	0.0080045765	0.0303617887	-0.009048556	-0.0051058358	-0.0006333839	0.0191957594	0.0260421758	0.0056701243	-0.0396258949	0.0101066543	0.0080147374	-0.0179586678	-0.0340127165	-0.0066975762	-0.0613979852	-0.0728603732	0.0150863128	-0.049018948	0.0063180436	-0.0207026728	0.0713412367	0.0203359461	0.0199818506	0.0118128247	-0.0545520736	0.0165741964	0.0419883256	0.0230335427	-0.0024892147	-0.0273021769	-0.044329971	-0.0487171511	-0.0392127206	-0.0185268512	0.0074419176	0.0312886365	0.0462134553	0.0479605879	0.0360318425	0.0138286801	-0.0123177063	-0.0349517203	-0.0476193122	-0.0467083402	-0.0324785665	-0.0089875862	0.0170661886	0.0382535695	0.0485330118	0.0449733504	0.0285896166	-0.0435498	0.0199709	0.00039883684681	0.00189658508004	-0.714345	-0.003927	0.510288779025	1.542132900000011e-05	0.0205674	-0.0251624999999999	0.0006331514062499	0.00042301794276	-0.0105488	0.002064	0.00011127718144	4.260095999999999e-06	0.0029825	-0.00022123	8.89530625e-06	4.894271290000009e-08	0.000825656	0.000250219	6.817078303360001e-07	6.2609547961e-08	0.0	0.0	0.0	0.0	0.0	0.0	0.0	0.0	0.0	0.0	0.0	0.0	0.0	0.0	0.0	0.0	0.0	0.0	0.0	0.0	0.0	0.0	0.0	0.0	0.0	0.0	0.0	0.0	0.0	0.0	0.0	0.0	0.0	0.0	0.0	0.0	0.0	0.0	0.0	0.0	0.0	0.0	0.0	0.0	0.0	0.0	0.0	0.0	0.0	0.0	0.0	0.0	0.0	0.0	0.0	0.0	0.0	0.0	0.0	0.0	0.0	0.0	0.0	0.0	0.0	0.0	0.0	0.0	0.0	0.0	0.0	0.0	0.0	0.0	0.0	0.0	0.0	0.0	0.0	0.0	0.0	0.0	0.0	0.0	0.0	0.0	0.0	0.0	0.0	0.0	0.0	0.0	0.0	0.0	0.0	0.0	0.0	0.0	0.0	0.0	0.0	0.0	0.0	0.0	0.0	0.0
53250.747374221406	173.8819036808345	2835642095.913148	30234.91642767101	64565.63040429688	583.3081611328162	4168720629.504265	340248.41084414744	54003.684198198745	159.50892695237417	2916397906.9787807	25443.09777749784	54137.67680334205	53219.43300559304	1.071812	24.554007	0.1216818499999999	0.0719373	0.0124012334	0.0177251526	-0.0023725695	0.0149566902	-0.0390559548	-0.0161434358	0.0327473151	0.0512697616	-0.0052455669	0.0574293321	-0.017912559	-0.0025375917	0.0326083581	0.0045722234	0.0348421476	-0.0189474667	-0.0010297452	-0.0179794321	0.0442581852	-0.0489254545	0.0547718502	3.915e-05	0.027252064	0.0244375199	-0.1003309988	0.0010658692	-0.0449742063	-0.0067617295	-0.0326493034	0.0113708902	-0.0433843785	-0.0159750177	-0.0506362492	-0.0549244938	-0.0032508423	0.0725429945	0.0359538837	0.0254656019	-0.0282310186	-0.0211484849	-0.0008358176	-0.056019554	0.0119593567	-0.0259043866	-0.0345833802	-0.0313152097	-0.0544710574	-0.0059035195	0.0013518939	-0.0235204354	-0.0218059002	-0.0297334414	0.0088021084	-0.0311205802	0.0226631907	-0.0078687864	0.0273943438	-0.0505669629	0.0029336287	-0.0042638824	0.0361046273	-0.0105664748	-0.0219959173	0.0033449622	0.0258132734	0.0194889476	0.0064256691	0.0218268625	-0.083518269	-0.0751073246	0.0209642958	0.0094706509	-0.0170001252	-0.017170952	0.040126141	-0.0198944743	0.0223066187	-0.0134705777	0.0223326774	-0.0298813302	-0.0385525712	-0.0507898059	0.0035398925	-0.0184877043	0.0087773412	0.0235592587	-0.0401957069	-0.0917785153	-0.0201047681	0.044929309	0.0242341683	-0.0008382787	0.0127109034	0.048283793	-0.0484969485	0.0121486932	-0.014777393	0.0123788171	0.0252366593	-0.0383541415	0.0047614013	0.0449689941	-0.0112816032	-0.0320027446	0.0101147193	-0.0370745619	0.0185709372	-0.0119376412	-0.0471184449	0.0325187908	0.0115785502	0.0334233817	-0.0201764734	-0.046298307	0.0465794448	-0.0498448263	-0.0055010329	-0.0408010604	-0.0162929546	0.1012943582	-0.0013009409	0.041121376	-0.0043196433	-0.0231600923	-0.0034591784	-0.0458751188	-0.0288294265	-0.0600380254	-0.056540284	0.0016518627	0.0684698006	-0.0358847579	0.01743395	-0.0268634851	0.0242798352	-0.0037452167	0.0573234509	-0.0340686875	0.0099465734	0.0364401841	0.0127795736	0.0461573761	0.0218027635	-0.0020857764	0.0229355059	0.0254742661	0.0091785905	-0.0271507302	-0.0143594426	-0.0284580347	-0.0056432321	0.0115650176	-0.0366016499	-0.0216741272	-0.0100983521	-0.0481197708	0.01223139	0.0106911422	-0.0150486718	0.0208721971	-0.0018464641	-0.0071905981	-0.0265949081	0.0859841765	-0.07963704	0.0223127907	0.0001271988	-0.0170882422	-0.0179714014	0.0444726345	-0.0292195416	0.0030374077	0.0173292546	0.0517504809	0.0149862148	-0.0516005698	-0.011534676	0.005719198	-0.0079709737	0.0124754313	0.0343951562	-0.0336269022	0.1070039192	-0.0076147753	0.0064720833	0.0135464781	0.0141929766	0.02935248	0.0249708045	0.0569775292	0.0076685317	-0.0289842568	-0.0132404169	0.0031850899	-0.0316561423	0.0430248249	-0.0459121656	0.0087333365	0.0178170426	-0.0048991297	0.0239454292	0.0344789602	-0.0412413067	-0.0399183326	-0.00289112	0.0153905895	0.016398337	-0.0765629774	-0.0030259303	-0.0043126658	0.0124936097	0.0262083368	0.040953536	-0.0235346734	-0.0029795614	-0.0136319358	0.0543627005	-0.0670181268	-0.0466668701	-0.0058875631	-0.009431196	0.0450713853	0.0204826321	-0.0493670604	-0.0035652815	0.0275390663	0.0360746847	0.0292220166	0.0524137704	-0.0209739784	-0.0480895302	-0.0024367045	0.0418931005	0.022707319	-0.0030417259	-0.0279115985	-0.0447139763	-0.0485923444	-0.0384257095	-0.0171526089	0.0090782364	0.0326851323	0.0468448038	0.0474645768	0.0343653138	0.0113331913	-0.014974647	-0.0369542528	-0.048252699	-0.0456043123	-0.0297745756	-0.0053388741	0.0206399614	0.040653077	0.0489159345	0.0430402594	0.0247243413	-0.0553433	-0.0117934999999999	0.0001390866422499	0.00306288085489	-0.74131	-0.026965	0.5495405161	0.000727111225	0.0291342	0.0085668	7.339006223999999e-05	0.00084880160964	-0.0117139	-0.0011650999999999	0.0001372154532099	1.357458009999997e-06	0.00323423	0.0002517299999999	1.04602436929e-05	6.336799289999997e-08	0.0008959569999999	7.030099999989997e-05	8.027389458488208e-07	4.942230600985936e-09	0.0	0.0	0.0	0.0	0.0	0.0	0.0	0.0	0.0	0.0	0.0	0.0	0.0	0.0	0.0	0.0	0.0	0.0	0.0	0.0	0.0	0.0	0.0	0.0	0.0	0.0	0.0	0.0	0.0	0.0	0.0	0.0	0.0	0.0	0.0	0.0	0.0	0.0	0.0	0.0	0.0	0.0	0.0	0.0	0.0	0.0	0.0	0.0	0.0	0.0	0.0	0.0	0.0	0.0	0.0	0.0	0.0	0.0	0.0	0.0	0.0	0.0	0.0	0.0	0.0	0.0	0.0	0.0	0.0	0.0	0.0	0.0	0.0	0.0	0.0	0.0	0.0	0.0	0.0	0.0	0.0	0.0	0.0	0.0	0.0	0.0	0.0	0.0	0.0	0.0	0.0	0.0	0.0	0.0	0.0	0.0	0.0	0.0	0.0	0.0	0.0	0.0	0.0	0.0	0.0	0.0
53268.57475920324	17.827384981836076	2837541056.876825	317.81565529059446	64568.65188916016	3.0214848632822395	4169110806.783546	9.129370779043692	53954.78746354418	-48.89673465456872	2911119090.236224	2390.890659879301	54070.28226744618	53405.60069627638	1.224098	28.0427	0.18722185	0.122307	0.0088002468	0.0157774493	-0.024624597	-0.0069796049	-0.0288609255	-0.0543687915	0.0055613815	-0.0743407531	-0.002167312	0.0077920853	0.0088555362	-0.0208520878	0.0041358829	-0.0070948772	-0.0424933457	-0.0091228596	-0.0103171879	0.0119660139	-0.0167480734	-0.0013640351	-0.0319466298	0.0599226255	-0.0451360545	-0.0310741392	0.0277192039	0.0316287911	-0.002288829	0.0370054744	-0.014252809	-0.0147661539	-0.0174321648	0.014398685	-0.0217656691	0.0002999848	-0.0890269066	0.0309566372	0.0126162879	-0.0240512536	-0.0295637681	0.0042583339	0.0111519495	-0.0037325374	0.0472477353	-0.0165499816	-0.038228127	0.0152415938	-0.0468209234	0.0407648392	-0.0070993692	0.0483968796	-0.0593510366	-0.0076825302	0.0485165991	-0.0083071799	0.024529147	-0.0204238692	0.0002631295	-0.0321955644	0.0300338805	0.023235469	0.0112690465	-0.040986514	0.0162892462	0.0033809188	0.0167007483	-0.0710942411	-0.0160140112	0.0065775001	-0.0048714441	-0.0288043802	-0.0569041541	-0.0055095207	-0.0840214355	0.0403278966	0.0602766292	-0.0088237458	0.0318378225	-0.0350335988	-0.0142722438	-0.0073766097	-0.0096778975	-0.0156072865	0.0296605812	0.0237849468	0.0437434487	0.0487333764	-0.0002033416	-0.0647028425	0.03956092	0.0080229541	0.0259550878	0.0012900393	0.0079133507	-0.068915193	0.0839935133	-0.0161257207	0.0292364445	0.0403244812	-0.0109486877	0.0635922213	-0.0645934044	0.012763881	-0.0535317537	-0.0259024684	0.045664059	-0.022566525	0.0055847772	-0.0067664609	0.0474606284	-0.0731726687	-0.0333541541	-7.29772e-05	0.0128053971	0.0186672803	-0.0002221525	0.0328992591	-0.0564166611	0.044361534	-0.0259904596	-0.0338475274	-0.0344973482	0.0035124439	0.0380321935	-0.0086233767	-0.0125150547	-0.0164324676	0.0083438117	-0.0194368155	-0.005834884	-0.0882124164	0.0298178007	-0.0111076671	-0.0268558815	-0.0256112501	-0.0016406778	-0.0150832882	0.0078221551	-0.0093125979	0.0453695743	0.037559328	-0.0221901886	0.0531725429	-0.0144270904	0.0170812086	-0.0568498893	0.0441449241	-0.0455170073	-0.0303902488	0.010653919	-0.0309674555	0.0048021887	0.0291728834	-0.0099303034	0.0049237268	-0.0265494427	-0.0073406114	0.0269680612	-0.0212537197	-0.0215544687	-4.89676e-05	0.0818245604	0.0168054329	0.0107253327	0.0035313207	-0.0124228624	0.0874266928	0.0178969535	-0.0652054353	0.0129056711	0.0549612489	-0.029214437	0.026104487	0.0144384446	0.0027342566	-0.03769295	-0.0271733743	-0.0051493918	0.0234475138	0.0354182492	0.026785629	0.039387803	0.0324314096	0.0670121233	0.0273060246	-0.0403539923	0.0308133196	-0.0092678771	-0.0550934546	-0.0344131038	-0.0714403578	-0.0047038789	0.0461640979	-0.0047814571	0.0502356008	0.037894839	-0.0517626137	-0.0250909273	0.0500419668	0.0591420587	-0.0028563342	0.0279998481	-0.0200892455	0.047535486	0.0397754821	0.0502477942	-0.04627748	0.0464252832	0.0059084297	-0.0160600307	0.0098389421	-0.0044707965	0.015036209	0.0047817776	-0.0144650357	-0.0193830264	0.0014037684	-0.0056033008	-0.0078893476	0.0111926289	0.0135030216	-0.0267759067	-0.0329714238	0.0105874651	0.074088339	-0.0035091406	-0.005533205	0.0230733981	0.0193068179	0.0024568638	0.0115218041	-0.0212329939	0.0353641981	0.0417972809	0.0223798066	-0.0035938487	-0.0285146833	-0.0450821203	-0.0484427166	-0.037611983	-0.0157627911	0.0107041222	0.0340352549	0.0473957345	0.0468715983	0.0326163926	0.0088061905	-0.0175837917	-0.0388225891	-0.0486882801	-0.0442907033	-0.026918132	-0.0016598739	0.0240846454	0.04277355	0.0489319113	0.0407556328	0.0206399614	-0.0528631	0.0024801999999999	6.151392039999975e-06	0.00279450734161	-0.67106	0.07025	0.4503215236	0.0049350625	0.0109509	-0.0181833	0.00033063239889	0.0001199222108099	-0.00995645	0.0017574499999999	9.91308966025e-05	3.088630502499996e-06	0.00316131	-7.291999999999976e-05	9.9938809161e-06	5.317326399999964e-09	0.000991754	9.579700000010008e-05	9.83575996516e-07	9.177065209019176e-09	0.0	0.0	0.0	0.0	0.0	0.0	0.0	0.0	0.0	0.0	0.0	0.0	0.0	0.0	0.0	0.0	0.0	0.0	0.0	0.0	0.0	0.0	0.0	0.0	0.0	0.0	0.0	0.0	0.0	0.0	0.0	0.0	0.0	0.0	0.0	0.0	0.0	0.0	0.0	0.0	0.0	0.0	0.0	0.0	0.0	0.0	0.0	0.0	0.0	0.0	0.0	0.0	0.0	0.0	0.0	0.0	0.0	0.0	0.0	0.0	0.0	0.0	0.0	0.0	0.0	0.0	0.0	0.0	0.0	0.0	0.0	0.0	0.0	0.0	0.0	0.0	0.0	0.0	0.0	0.0	0.0	0.0	0.0	0.0	0.0	0.0	0.0	0.0	0.0	0.0	0.0	0.0	0.0	0.0	0.0	0.0	0.0	0.0	0.0	0.0	0.0	0.0	0.0	0.0	0.0	0.0
53289.25019587579	20.67543667255086	2839744186.438648	427.47368160066094	64099.1012006836	-469.5506884765564	4108694774.735478	220477.8490488081	54005.05228481625	50.26482127207419	2916545672.285737	2526.552257513561	54121.33293440771	53211.69815963151	1.078632	24.710245	0.0850695399999999	0.0509586	0.0077473259	0.0256709846	-0.0182097409	0.0029033265	-0.0216543738	-0.0268774794	0.0207322307	0.0335653271	-0.0012977072	-0.0338470192	0.0151835044	-8.7755e-06	0.036660248	0.0025961156	0.0018285665	0.0150254472	0.0265989629	-0.031141657	0.0005684036	0.0493463035	-0.031226073	-0.0384889302	-0.0360507094	0.0309137032	-0.003823753	-0.0181026287	0.014213366	0.0061245802	0.0072355284	0.051774438	0.0163116166	-0.0335236435	-0.0578257902	0.044664565	0.00583504	0.0023569388	-0.0175420362	0.0391375938	0.0305155606	-0.0328235987	0.0330139063	0.0017963616	-0.0171618341	0.0169956652	-0.0044648794	0.0377867327	-0.0727408981	-0.0057158321	-0.048735197	-0.0177770672	0.0141138936	-0.0118307577	-0.0263007614	0.0337092233	-0.025856644	-0.0118798319	-0.0183203602	-0.0443168392	0.0122574529	-0.0175408938	-0.0564672271	0.01226329	-0.0117009252	-0.0165950122	0.0025204127	-0.0746260403	-0.0343847309	-0.0120232629	-0.0050246263	-0.0180564381	-0.0081380506	0.0090742688	0.0304736419	-0.0132012501	-0.0165727192	-0.0025821971	0.0388469628	0.0371947078	-0.050979704	-0.0224244318	-0.0010285132	0.024143507	-0.0341329363	0.0178735862	0.0820047351	0.0146097794	0.0063569691	-0.0746807134	0.0036682162	-0.0074417095	0.0290350162	0.0266208633	0.0447455041	-0.0073653849	-0.0321826808	-0.0255669256	0.035969676	0.0483071328	0.005804941	0.0354009743	0.0072788019	-0.0171789209	-0.0385552405	0.0438783897	-0.0075969787	0.034782606	-0.0442913369	0.0328386637	0.0784936788	-0.0049723829	0.0404021774	0.0288383238	-0.0302138937	0.0036806497	-0.0460433939	0.0295435617	0.0397486692	0.0378860168	0.0280117984	0.0186620008	0.0193951366	-0.0122372674	0.0053617705	-0.0001944846	0.0541170348	0.0224482342	-0.0348694626	-0.0542436458	0.044181538	0.0018530576	0.0016991112	0.0119087304	0.0435828819	0.0371783481	0.0334092462	-0.0330360176	0.0006464673	0.00926921	-0.0167816943	-0.0057633953	-0.0227767058	0.0604810434	0.0243796357	0.0635438535	0.0183913039	-0.0120511239	0.0167528793	-0.0043599396	0.0031672019	0.0542041652	-0.0171523955	0.0397895803	0.0099768917	-0.0128131192	0.0300625837	0.0309959838	-0.0066987563	0.0201235547	0.0025050019	0.0029154201	0.0752221717	0.0366586842	0.0122463333	0.0093523397	-0.0217114167	-0.0097287997	-0.0139342646	0.0404679187	0.0001883397	-0.0158201144	-0.00059088	0.0475365158	-0.0440468324	-0.0371990316	-0.0305389759	0.0076808422	0.0072867394	-0.0410170514	0.0269199677	0.0598563942	0.0107831437	0.017900994	0.0679070905	0.0005685696	-0.012153038	0.0608999799	0.0074335281	0.0090372227	-0.0433469239	0.0415725061	0.0046691821	0.0402448641	-0.0420012067	0.0310321333	-0.019798364	-0.0318792456	0.0382100586	-0.0221157274	0.0419580575	0.0085762581	-0.0200994743	-0.0696535505	0.0437829499	0.0524230584	-0.0293943615	-0.0132812841	-0.0147440481	0.0258434432	-0.0111875459	0.0100436557	0.0025535134	0.0183458105	0.0056169891	-0.0164059301	-0.0145743402	-0.0004446795	0.0134763565	-0.0107932838	0.0158847672	0.0063982673	-0.0185694117	-0.0135002755	-0.0024660324	-0.0539332727	0.0106886288	-0.0106526512	0.0154767047	-0.0020664835	0.0009602832	-0.0292139774	-0.0255359059	0.0119439601	0.0417008682	0.0220510239	-0.0041455125	-0.0291112946	-0.0454342724	-0.0482683442	-0.036772107	-0.0143586597	0.0123177063	0.0353370889	0.0478653016	0.0461828639	0.030789272	0.0062547041	-0.0201368126	-0.0405499443	-0.04892427	-0.04277355	-0.0239238614	0.0020285429	0.0273786964	0.044600434	0.0485808224	0.0381381307	0.0163726724	-0.0580795	-0.0052163999999999	2.721082895999996e-05	0.00337322832025	-0.670034	0.0010259999999999	0.448945561156	1.0526759999999412e-06	0.00414921	-0.0068016899999999	4.626298685609999e-05	1.7215943624100005e-05	-0.0108021	-0.0008456499999999	0.00011668536441	7.151239224999997e-07	0.00326238	0.0001010699999999	1.06431232644e-05	1.0215144899999996e-08	0.000497965	-0.000493789	2.47969141225e-07	2.438275765210001e-07	0.0	0.0	0.0	0.0	0.0	0.0	0.0	0.0	0.0	0.0	0.0	0.0	0.0	0.0	0.0	0.0	0.0	0.0	0.0	0.0	0.0	0.0	0.0	0.0	0.0	0.0	0.0	0.0	0.0	0.0	0.0	0.0	0.0	0.0	0.0	0.0	0.0	0.0	0.0	0.0	0.0	0.0	0.0	0.0	0.0	0.0	0.0	0.0	0.0	0.0	0.0	0.0	0.0	0.0	0.0	0.0	0.0	0.0	0.0	0.0	0.0	0.0	0.0	0.0	0.0	0.0	0.0	0.0	0.0	0.0	0.0	0.0	0.0	0.0	0.0	0.0	0.0	0.0	0.0	0.0	0.0	0.0	0.0	0.0	0.0	0.0	0.0	0.0	0.0	0.0	0.0	0.0	0.0	0.0	0.0	0.0	0.0	0.0	0.0	0.0	0.0	0.0	0.0	0.0	0.0	0.0
53405.03992664081	115.78973076502008	2852098289.566099	13407.261750635837	64631.72673486328	532.6255341796787	4177260100.730041	283689.959660188	54043.936683994194	38.88439917794312	2920747092.303573	1511.9964994296238	54165.3134180245	53679.525741933845	0.874579	20.035616	0.0393480699999999	0.0305696	0.006978027	0.0264464278	-0.0169764634	0.0012113557	0.0058496373	-0.0193841246	-0.0187668636	0.0392974418	0.0026333305	0.0348253306	0.0246494996	0.0252597612	0.0221802113	-0.0126940382	-0.0144875575	-0.0257718863	0.0293674573	-0.0229348163	0.0203956977	-0.0078608742	0.0324504017	-0.0030695088	-0.0357534978	0.0281918789	0.0217933825	-0.0477828569	-0.0121960214	-0.0240385858	-0.043992348	0.0574732975	0.0030134742	-0.0081004827	0.0017749906	-0.011914978	-0.0196624859	0.0482608674	0.0244484092	0.0553419159	0.0293554715	-0.0797556463	-0.0225930637	0.0051340702	0.0200767519	-0.0136998628	0.0111277981	0.0128832183	-0.0230124814	0.0026488546	0.0545988324	0.0599061524	-0.0333727875	-0.0498054708	-0.0466984585	0.0225923399	-0.0211160693	-0.0295082287	-0.064513997	0.0192333411	0.0069779938	0.0560535352	0.0023103195	-0.0070375053	-0.0061636234	0.012310141	0.0182732826	0.0277957508	-0.0030421046	0.0581075275	-0.0337459069	-0.0039975113	0.0226458403	0.0111480872	-0.0538388455	0.0063080949	0.0247619817	0.0721533805	-0.0218463793	-0.0443941474	0.0937560588	-0.051615873	0.0129166273	-0.0336838829	-0.0085936546	0.0174656435	0.0137470793	0.0062685547	0.0270700629	0.0443891764	0.0058630776	0.0192260108	-0.009291305	0.0087374783	-0.0243747499	0.0349757178	-0.0408174574	-0.0231603339	-0.0169307883	0.0254738705	0.001373904	0.0469041934	0.0397702658	-0.0518928286	-0.0063392123	0.0280915554	0.0226064647	0.019358756	-0.0036919357	-0.0745255277	0.0149362653	0.0059856528	0.0596784122	-0.0543377361	-0.023559686	-0.0229268515	0.009337055	-0.0329482917	0.0023087245	0.0387840148	0.0229124535	-0.0055245719	0.0496898494	0.0194435007	-0.0191503746	-0.0501607105	0.0471050769	-0.0053744583	-0.0054814505	-0.0085839448	-0.0160055676	-0.0143233594	0.0520575742	-0.0299495577	0.0506553328	0.0193120071	0.080391888	0.0262218727	-0.0096580669	-0.0023142382	0.0274453924	-0.0191793308	-0.0223958732	0.0150172178	0.0278695478	-0.0483880978	-0.054219021	0.0588715225	0.0370558728	-0.0106521335	0.0074657254	0.0282734362	0.0054144805	0.0112657978	0.0852585816	0.0005341595	-0.0548922305	0.0115977144	0.0155109662	0.0068628541	-0.016933876	0.0190737773	-0.0252676257	0.0213244373	-0.041239936	0.0351792274	-0.0015523845	0.0026609394	0.008955133	-0.0708666658	-0.0037046442	0.0269317957	0.054824457	-0.0038221983	0.0470474853	0.1055436541	5.99412e-05	0.0128111673	-0.0402901156	-0.0087777287	0.0114468969	0.0005214456	-0.0010226871	0.039066612	-0.0447273341	0.0172189078	0.0037821329	-0.0188692161	0.0226359226	0.0175088986	0.0264460299	0.03118805	-0.0174189829	-0.007884265	-0.0341194968	-0.0147149897	-0.0359356128	-0.046103811	0.0516624525	0.0113339625	-0.0059405717	0.0486634237	-0.0051133282	-0.0069056891	0.0414567656	-0.0528435059	0.0244354659	-0.0263531636	-0.0691466046	-0.0144067354	-0.0065131937	0.0101797527	0.0053991328	0.0179400954	-0.0006295244	-0.0185620531	-0.0133355064	0.0083661747	0.0051146713	0.0046488462	-0.0329937363	0.0136272481	-0.0173552359	0.0232533358	0.0156293145	-0.0328065034	0.0232405116	0.0294500359	0.0096670745	0.0056422556	0.0425615466	-0.0566727671	-0.0160060181	0.0264670549	0.0416038638	0.0217209896	-0.004696647	-0.0297012967	-0.0457703078	-0.0480693164	-0.0359066654	-0.0129414898	0.0139171345	0.0365887872	0.048252699	0.0453997805	0.0288883326	0.0036858265	-0.022625561	-0.0421300458	-0.0489597013	-0.0410598248	-0.0208070951	0.0057054516	0.0305015125	0.0461211897	0.0478653016	0.0352091317	0.0119602904	-0.056493	0.0015864999999999	2.5169822499999924e-06	0.003191459049	-0.675307	-0.0052729999999999	0.456039544249	2.7804528999999702e-05	0.00931778	0.0051685699999999	2.671411584489999e-05	8.682102412839999e-05	-0.0113485	-0.0005463999999999	0.0001287884522499	2.985529599999989e-07	0.00326238	0.0	1.06431232644e-05	0.0	0.000497965	0.0	2.47969141225e-07	0.0	0.0	0.0	0.0	0.0	0.0	0.0	0.0	0.0	0.0	0.0	0.0	0.0	0.0	0.0	0.0	0.0	0.0	0.0	0.0	0.0	0.0	0.0	0.0	0.0	0.0	0.0	0.0	0.0	0.0	0.0	0.0	0.0	0.0	0.0	0.0	0.0	0.0	0.0	0.0	0.0	0.0	0.0	0.0	0.0	0.0	0.0	0.0	0.0	0.0	0.0	0.0	0.0	0.0	0.0	0.0	0.0	0.0	0.0	0.0	0.0	0.0	0.0	0.0	0.0	0.0	0.0	0.0	0.0	0.0	0.0	0.0	0.0	0.0	0.0	0.0	0.0	0.0	0.0	0.0	0.0	0.0	0.0	0.0	0.0	0.0	0.0	0.0	0.0	0.0	0.0	0.0	0.0	0.0	0.0	0.0	0.0	0.0	0.0	0.0	0.0	0.0	0.0	0.0	0.0	0.0	0.0
53405.94987316888	0.9099465280669392	2852195481.8554277	0.828002683941077	64958.13623046875	326.4094956054687	4219559462.5361366	106543.15882141648	53989.51062696446	-54.42605702973378	2914867257.7391086	2962.195683803834	54110.0551372205	53886.95736036424	0.932933	21.372452	0.0875766699999998	0.0472316	0.0108902052	0.0156368987	-0.0124423711	0.0028163887	-0.0035807968	-0.0189676666	-0.0105033974	-0.0102776316	0.0206097475	0.0415930905	-0.0005989147	-0.0045508188	0.0285962707	-0.0021484927	0.0248347244	-0.0119905575	-0.0013488004	-0.0076025954	0.0002879214	-0.0410241515	0.0055484224	0.0643906631	-0.0106085951	-0.0003191351	-0.0312846911	-0.0118006167	-0.0276354616	-0.0187044627	-0.0077793056	0.032817528	-0.0492996247	-0.0189007845	0.0106383131	0.0279079589	-0.0014079896	-0.0149569528	-0.0340633803	-0.0221631893	-0.0295160717	0.0002528206	0.0400051734	-0.0192177287	-0.0158562015	0.0251350448	-0.0136230027	-0.073422982	-0.0153946042	0.0152947479	-0.0463787142	-0.0489355798	0.0077400127	-0.0171362127	0.0097770997	-0.0203399485	-0.0321866477	0.0086347556	0.0301755364	0.0451587497	-0.0350470012	-0.0067081053	0.0600461333	0.0242096721	0.0243402233	-0.0139758993	0.0077345331	0.0103359426	-0.0262023512	-0.0158661288	-0.0628364494	0.0569126468	0.0047438727	-0.0272377956	-0.0417425411	-0.0005586901	-0.0343671631	-0.0435890719	0.0406977334	0.0304025482	-0.013616351	-0.0693210014	-0.0003856675	-0.0199660672	0.0387099733	-0.011450794	0.0628586016	-0.0112615672	0.0222806524	-0.0140781672	0.0085554157	0.0373749161	0.034005007	0.004064047	0.0504038171	-0.0209240789	-0.0142968995	0.0224040955	-0.0122286546	-0.0008415245	0.0046594256	0.1160987534	0.027017971	0.0157717049	-0.0901274719	0.0060446302	0.0415204822	-0.001731809	-0.0361801677	0.0236460615	-0.0393102482	-0.0299769878	-0.0117263662	-0.0030331685	-0.0068041637	0.0003386921	0.0386317726	-0.0026262273	-0.0648095404	0.0053527837	-0.0171157856	0.0295615588	0.012514767	0.028951022	-0.0176915832	-0.0108294114	0.025399348	-0.0471382857	-0.026799273	0.0045073033	0.0297541218	-0.0022743163	-0.0133322428	0.0335696928	-0.0165488509	-0.029825919	0.0033264108	-0.0409952119	0.0238079331	0.0195495629	-0.0201290681	0.0170796829	0.0674934239	0.0242945071	-0.0216638542	0.024176384	0.0481429015	-0.0045748019	0.0204205558	0.0076688473	-0.0006707887	-0.0074598107	0.0452311565	-0.0788311867	-0.0089575008	-0.0067387439	-0.011026271	-0.051435373	-0.0230186123	-0.0078283575	0.0333093374	9.13762e-05	-0.0055081867	6.711e-07	0.0469626639	0.066631054	0.0362650735	-0.0164684165	0.0280335481	-0.0289089765	-0.0260613051	-0.0332950763	-0.0613606839	0.0346792827	-0.0496754334	0.0259855747	-0.0404012069	-0.0175531173	-0.0215667414	0.0234886077	0.0106913061	0.054851035	0.0041894786	0.0263978027	0.0261376858	0.0319509645	0.0222811869	0.0305228334	0.0088606301	-0.0046770085	-0.0352270498	0.0073063848	0.048667298	-0.0063748996	-0.0100440833	-0.0331724682	-0.0300809621	-0.116115322	0.0032962646	0.0148205106	0.0812733254	0.0335223718	0.0294160198	-0.0137851728	-0.0388957074	0.0203219407	0.0532001629	0.0084339859	0.0171863316	-0.002398219	-0.0018814824	0.0014451237	0.0141622986	0.0123155157	0.0108075187	-0.0341624242	0.0041597022	-0.0089115613	0.0562178251	-0.0294911311	-0.0456123804	0.0107398061	0.0016735789	0.0092395939	0.0230175629	0.034342216	-0.0040971288	0.0250131902	0.0020708091	0.0389027775	0.0505240418	-0.0152004448	-0.0251587395	0.0044986201	0.0415062691	0.0213897225	-0.0052471816	-0.0302845558	-0.0460901072	-0.0478457346	-0.0350162597	-0.0115125682	0.0155005685	0.0377885739	0.0485572616	0.0445239479	0.026918132	0.0011067004	-0.0250420933	-0.0435571555	-0.0487944286	-0.0391574033	-0.0175837917	0.0093499925	0.0334335625	0.0473253789	0.0467907162	0.0319925587	0.0074419176	-0.0503824	0.0061106	3.733943236000001e-05	0.00253838622976	-0.711787	-0.0364799999999999	0.506640733369	0.0013307903999999	0.0226779	0.01336012	0.0001784928064144	0.00051428714841	-0.0112679	8.059999999999838e-05	0.00012696557041	6.496359999999739e-09	0.0031676	-9.478000000000004e-05	1.003368976e-05	8.983248400000006e-09	0.000955104	0.000457139	9.12223650816e-07	2.0897606532100005e-07	0.0	0.0	0.0	0.0	0.0	0.0	0.0	0.0	0.0	0.0	0.0	0.0	0.0	0.0	0.0	0.0	0.0	0.0	0.0	0.0	0.0	0.0	0.0	0.0	0.0	0.0	0.0	0.0	0.0	0.0	0.0	0.0	0.0	0.0	0.0	0.0	0.0	0.0	0.0	0.0	0.0	0.0	0.0	0.0	0.0	0.0	0.0	0.0	0.0	0.0	0.0	0.0	0.0	0.0	0.0	0.0	0.0	0.0	0.0	0.0	0.0	0.0	0.0	0.0	0.0	0.0	0.0	0.0	0.0	0.0	0.0	0.0	0.0	0.0	0.0	0.0	0.0	0.0	0.0	0.0	0.0	0.0	0.0	0.0	0.0	0.0	0.0	0.0	0.0	0.0	0.0	0.0	0.0	0.0	0.0	0.0	0.0	0.0	0.0	0.0	0.0	0.0	0.0	0.0	0.0	0.0
53304.26142321214	-101.68844995673862	2841344285.874142	10340.540854604134	64578.61676464844	-379.51946582031087	4170397743.235333	144035.02493653412	54001.44415838069	11.933531416230837	2916155971.190708	142.40917206216832	54124.38497747681	53888.19746220576	1.077148	24.676241	0.1031543499999999	0.0516925	0.0087106746	0.0189733137	-0.0125481375	-0.0066169911	-0.0117467617	-0.0542860519	0.0005272009	-0.0193206777	-0.006943529	-0.0503967877	0.0689960828	0.0051921698	0.0016731798	0.0064836978	-0.0117151448	-0.0029386041	0.0099305952	-0.0316862378	-0.0131839974	0.0357545068	-0.1024516859	-0.0124745798	-0.0306260352	0.0002200001	0.0279244111	-0.0032619054	0.0226282315	-0.0339076925	-0.0100567235	-0.0028679281	-0.0123473644	-0.0415217686	-0.012518098	0.0146211228	-0.0149559359	-0.0056837058	0.0105495928	0.0102396727	-0.0324093953	0.0562568739	0.0229754947	0.0001779224	-0.0441255571	-0.0317693108	0.0226955538	-0.0465570678	0.0627931399	0.0513386958	-0.0762863839	0.0558595642	-0.0303467732	0.0604316037	-0.0268496891	0.0180400672	0.0426674485	-0.0637875788	0.0089623912	0.0238095056	-0.033721035	0.0306975732	-0.0196554218	-0.0268158321	0.0147458466	0.0307574228	0.012102271	-0.0300894414	0.0008451635	0.0062102699	0.0194137472	0.0700825921	-0.0021720083	0.0014958503	0.0651192629	0.0331565817	0.0042760198	-0.0390525731	0.0427094774	-0.0295997532	0.0098101392	0.0081778842	-0.0046765023	-0.0461198442	0.0524619791	-0.0776451437	0.011931303	0.0094690176	0.0426617908	-0.0421013481	-0.1007499806	0.0412649906	0.0452544098	-0.0678666741	0.0017505665	-0.011794677	-0.0015386681	-0.0334387698	0.0103342102	-0.0067350934	0.009148038	0.0060547816	-0.035231835	0.0301829621	0.0067544344	-0.0006165723	-0.0715125403	0.0560102466	0.0316220978	-0.004795977	0.0427903243	0.1035499908	0.0394717494	-0.0325212132	-0.0317497622	0.0185198312	-0.0370263292	0.0997032663	0.0174340825	0.0317947659	0.0034424411	-0.0237068104	0.0040703532	-0.0175360711	-0.0295532472	-0.0226372318	-0.0045238748	-0.002396427	-0.0451267909	-0.0040938729	0.0145352157	-0.0155166827	-0.0055567422	-0.0117354041	0.0125335617	-0.0205754808	-0.0562372418	-0.0312957737	-0.0002277791	-0.0381828193	-0.0426244767	-0.0058737647	0.0395816415	-0.0430101655	-0.0771839991	0.0355618514	-0.0468461731	0.0379910727	-0.0064590272	0.1036058358	0.026671932	-0.0349701806	0.0527830484	0.025691169	0.0084745944	-0.0314892285	-0.0140768471	0.0293933201	0.0164843804	-0.0168239193	-0.0306428651	-0.0094104343	0.0344144815	-0.008248825	0.0055210469	-0.0098214655	0.065779433	-0.0194834882	-0.0083916273	0.0423253	0.0543342471	-0.0042372968	-0.0556541364	0.024776844	0.0297534	0.022712674	0.0176448212	-0.0334772492	-0.0101833696	0.0741063399	-0.0517539805	0.0295818384	0.0164911885	0.026325613	0.0727753564	-0.0745600089	0.0874603523	-0.0002823281	-0.0218419784	-0.0402520827	0.027457201	0.0114490396	-0.0140952457	0.0281802271	0.0229482706	0.0032739336	0.0164992586	-0.0159012177	-0.0126881705	-0.0218158055	0.0200633557	-0.02475866	-0.0785929861	0.0290213191	0.006133475	-0.0336180519	-0.1120545981	-0.0189332704	-0.0531679205	-0.0397019627	-0.005475914	0.0076141388	-4.13571e-05	0.0123146189	-8.77697e-05	-0.0247686506	-0.031447147	0.0270820017	-0.0196159802	-0.0045900578	0.040942973	0.015483285	-0.0329792434	-0.0651077563	0.0063495134	-0.0228924451	0.01698412	0.0053081415	0.0155908726	0.0284639802	0.0305847506	-0.0088650617	-0.0199424425	-0.0006650379	0.0414080854	0.0210572413	-0.0057970462	-0.0308609395	-0.0463935571	-0.0475977133	-0.0341015091	-0.0100731925	0.0170661886	0.0389347468	0.0487784667	0.0435571555	0.0248833938	-0.0014755028	-0.0273786964	-0.044826091	-0.0484291295	-0.0370750283	-0.0142704553	0.0129414898	0.0361565084	0.0482047363	0.0453651274	0.0285146833	0.0028575952	-0.0540946	-0.0037121999999999	1.3780428839999991e-05	0.00292622574916	-0.68566	0.0261269999999999	0.4701296356	0.0006826201289999	0.0170877	-0.0055902	3.125033604e-05	0.00029198949129	-0.0106994	0.0005685	0.0001144771603599	3.2319225000000146e-07	0.00283874	-0.0003288599999999	8.0584447876e-06	1.0814889959999989e-07	0.000497965	-0.000457139	2.47969141225e-07	2.0897606532100005e-07	0.0	0.0	0.0	0.0	0.0	0.0	0.0	0.0	0.0	0.0	0.0	0.0	0.0	0.0	0.0	0.0	0.0	0.0	0.0	0.0	0.0	0.0	0.0	0.0	0.0	0.0	0.0	0.0	0.0	0.0	0.0	0.0	0.0	0.0	0.0	0.0	0.0	0.0	0.0	0.0	0.0	0.0	0.0	0.0	0.0	0.0	0.0	0.0	0.0	0.0	0.0	0.0	0.0	0.0	0.0	0.0	0.0	0.0	0.0	0.0	0.0	0.0	0.0	0.0	0.0	0.0	0.0	0.0	0.0	0.0	0.0	0.0	0.0	0.0	0.0	0.0	0.0	0.0	0.0	0.0	0.0	0.0	0.0	0.0	0.0	0.0	0.0	0.0	0.0	0.0	0.0	0.0	0.0	0.0	0.0	0.0	0.0	0.0	0.0	0.0	0.0	0.0	0.0	0.0	0.0	0.0
53257.48520534991	-46.776217862228805	2836359730.3980646	2188.014557494693	64749.35974316406	170.74297851562005	4192479587.1496735	29153.16471238549	54059.324442584926	57.88028420423507	2922410559.18866	3350.127299563024	54180.3595654808	53491.10512513	1.07075	24.529675	0.0440949099999999	0.0269364	0.0095110461	0.027165686	-0.011724445	0.0004478527	-0.0170604569	-0.0221292674	0.0115000058	0.0017896971	-0.0044528739	0.0172034458	0.0240799775	0.0035046256	0.0130931387	-0.0035744188	0.0369526115	0.0091429695	0.0459558925	-0.0223887543	0.0316830605	0.0040188228	0.0058094286	-0.0449677143	-0.0192124893	0.0250805492	-0.0568184426	-0.0080454847	0.0029237234	0.0007472482	0.0176049282	-0.0158954917	0.0485359009	-0.065100543	0.0340782464	-0.057307612	0.0132847427	0.0100080718	-0.0233412973	0.0306758944	0.0417685526	0.0229932375	-0.0001908348	-0.0643699717	0.017956184	-0.0306226274	-0.0045161311	0.0061055872	0.0145584153	0.0448948316	0.0189836466	0.0305443354	0.0469844754	-0.0172786814	0.011060384	-0.0515191587	-0.0545697978	-0.0345748234	-0.0545724959	-0.0088803765	0.0479805946	0.0150584613	0.0202052796	0.0502449673	-0.0389757011	0.0497302243	0.0607426287	0.000500596	-0.0138496924	-0.0016206721	0.011282322	-0.0534264467	0.0022773736	-0.0629854655	0.03181628	0.025004645	0.0283682667	0.0021481295	-0.0247729778	0.0340810472	-0.0193823553	0.0015340404	0.0055570753	0.0117392648	-0.0414620287	0.0948732902	-0.0280449269	0.0189129728	-0.0419690594	0.0461172591	-0.0209082886	0.0444820714	-0.0233210116	-0.0205634586	0.0604883766	-0.0072761443	0.0468054789	0.0040719728	0.0009607689	0.0235586844	-0.0047170837	0.0939963884	0.060198184	-0.0133166102	-0.0145573009	-0.012576369	0.0082112119	0.0029380416	0.011712654	-0.0291330688	0.0375076003	0.0605900148	-0.0089291116	0.0503287591	-0.0234316266	-0.0301422068	-0.0050132471	-0.0059518103	0.0422121974	0.0123109331	0.0004773509	0.0656236781	0.0098629309	-0.0057520223	-0.003368932	0.01585635	-0.0063458399	0.0533575433	-0.0513456154	0.039330136	-0.060131348	0.0202561376	0.0093963515	0.0192097184	0.0292640608	0.03833557	-0.0159678456	0.0114351924	0.0702855574	-0.0130729353	0.0132381451	0.0098270502	-0.017957487	-0.0014173268	-0.0313259824	-0.029196516	-0.0421414932	-0.0358968687	0.0164043757	-0.0246053599	-0.0603395405	0.0205054605	0.0394010996	0.0163830448	0.0484444978	0.0377519036	-0.0353033835	-0.0309240475	-0.0414262975	0.0613698867	-0.0437508916	0.0502399764	-4.49957e-05	0.0200809255	-0.0092057924	-0.0130731557	-0.0474188861	0.020651301	0.0616426447	0.0444439221	0.0371811449	0.0257072592	0.0150649093	-0.028351775	-0.0276101926	-0.0202810814	0.0048388322	0.0079497896	-0.0122655094	-0.0569635712	0.0753541615	-0.0647931325	0.0138923927	-0.0093414011	0.0143744758	0.0410376247	0.061912717	-0.0424520313	-0.035484988	0.0188469678	-0.0442145795	-0.0429332689	0.0241454856	0.0083482001	-0.0194563825	-0.0115235198	-0.0383343112	-0.087721975	0.0127856787	0.0362723748	-0.003533206	0.0172584648	-0.0028522256	-0.0026430847	0.0470893803	-0.0116448682	-0.0574485556	0.0284361567	0.0254873033	-0.0028215563	-0.0061755656	0.0112935301	0.0053441112	0.0181708501	0.0044746387	-0.0070978406	-0.0176388201	-0.0040333668	0.0235211591	-0.0023970809	-0.0645021006	0.0028767361	-0.0105887862	0.0032934982	0.0041017788	-0.0741181711	-0.0003163769	-0.0179868445	0.0093254533	0.0239147772	0.0226840616	-0.0095577091	-0.0134494093	0.0036688984	0.0413093142	0.020723565	-0.0063461704	-0.0314303169	-0.04668055	-0.0473253789	-0.0331630496	-0.0086246698	0.0186121956	0.0400256797	0.0489159345	0.0425013783	0.0227889965	-0.0040536034	-0.0296279125	-0.0459322442	-0.0478653016	-0.0348222698	-0.0108840509	0.0164595684	0.0386533201	0.0487532262	0.0435992294	0.0248039116	-0.0017520508	-0.0535288	0.0005657999999999	3.20129639999998e-07	0.00286533242944	-0.691781	-0.0061209999999999	0.4785609519609999	3.746664099999917e-05	0.00427209	-0.01281561	0.0001642398596721	1.82507529681e-05	-0.010631	6.839999999999971e-05	0.000113018161	4.678559999999961e-09	0.00283874	0.0	8.0584447876e-06	0.0	0.000921415	0.00042345	8.490056022249999e-07	1.7930990250000005e-07	0.0	0.0	0.0	0.0	0.0	0.0	0.0	0.0	0.0	0.0	0.0	0.0	0.0	0.0	0.0	0.0	0.0	0.0	0.0	0.0	0.0	0.0	0.0	0.0	0.0	0.0	0.0	0.0	0.0	0.0	0.0	0.0	0.0	0.0	0.0	0.0	0.0	0.0	0.0	0.0	0.0	0.0	0.0	0.0	0.0	0.0	0.0	0.0	0.0	0.0	0.0	0.0	0.0	0.0	0.0	0.0	0.0	0.0	0.0	0.0	0.0	0.0	0.0	0.0	0.0	0.0	0.0	0.0	0.0	0.0	0.0	0.0	0.0	0.0	0.0	0.0	0.0	0.0	0.0	0.0	0.0	0.0	0.0	0.0	0.0	0.0	0.0	0.0	0.0	0.0	0.0	0.0	0.0	0.0	0.0	0.0	0.0	0.0	0.0	0.0	0.0	0.0	0.0	0.0	0.0	0.0
53333.97830573044	76.493100380525	2844513241.916125	5851.194405825073	64671.16726855469	-78.19247460937186	4182359875.877379	6114.063085537263	54036.84207265474	-22.482369930185087	2919980301.185029	505.4569576776906	54152.9032654912	52524.67305321631	1.607846	36.833931	0.27164911	0.153688	0.0227731876	-0.0162913044	0.0456830158	0.005455172	-0.0241884396	0.0131463303	-0.0004254727	0.0031361426	0.0482525235	0.0395316301	0.0497284408	-0.0310969415	0.0488572567	0.0457927676	-0.0595206465	-0.052997823	-0.0360206427	0.0080743908	0.0201745376	-0.072441107	-0.0505769208	0.0437117551	0.0553517026	-0.0230855265	0.0407068117	-0.0076227513	-0.0357259317	0.0144416691	-0.0084568106	0.0398431797	-0.039428955	0.0105874571	-0.0263992745	-0.0392130657	0.0207234524	0.059296568	-0.0146823679	-0.037879331	0.0121558742	-0.0101234729	0.0554726255	-0.0504392435	-0.0357981238	0.0225187751	-0.0301484328	-0.0486515973	0.0239558561	-0.0238273517	-0.0101304804	-0.0173173322	-0.0241326051	0.0131919848	0.039379209	0.0141561201	-0.0545968222	-0.0329967658	-0.0386145467	0.0148465387	0.009922702	0.0238068449	0.0229332347	0.0392397935	-0.0563214886	0.0039126234	-0.0171726078	-0.0186935621	-0.069661026	0.0427121713	0.0408883811	0.0304462714	-0.0263996835	0.0174036453	-0.0137168461	-0.0764836593	-0.0171604084	0.0231634251	0.0447323001	0.0151595327	-0.00883251	-0.0010867359	0.0353990357	-0.0307315074	0.0272999485	0.0587393316	0.0222882375	-0.0087384737	0.0736769813	-0.0320870216	-0.0511618948	-0.0316084667	0.0392691109	0.0159292997	-0.0482303375	-0.0764973166	-0.0400743639	-0.0436143077	-0.0070865299	-0.0278604787	-0.0196953997	-0.0078597761	-0.0202656949	0.0211708746	-0.0105964397	-0.0039993099	0.0337039487	0.0416025191	0.0506479786	-0.0196217941	0.023085019	-0.0023096057	-0.0889305365	-0.0030404418	0.0087881902	-0.0203337767	0.0690125911	0.0532559166	-0.0455069245	-0.0536627081	-0.0014653483	-0.0472461847	0.0067808156	0.0354328045	0.0165958816	-0.0048041617	0.031064475	-0.0430424077	0.0032787492	-0.0320592098	-0.0343594887	0.0263766185	0.0564504362	0.0163941325	-0.03642011	0.0173087659	0.0085586254	-0.0528656541	0.05528338	0.0176771949	-0.0405545485	0.0340320493	0.0449339734	-0.0288897443	0.0113584349	0.0084568042	0.0277782699	0.005832016	-0.0441525574	-0.009823847	0.0209743471	0.0291439148	0.0477634917	-0.0031211227	0.0400416669	0.0107612481	-0.03096474	-0.0202609404	-0.0019353335	0.07404587	-0.003071449	-0.0041643864	0.0036967747	0.0894106722	-0.0103245697	-0.0209262622	0.0447606613	-0.0023862053	-0.0217282668	0.0068211843	-0.0697461315	-0.016743658	0.0261594135	0.0648083809	-0.0096654524	-0.0077433591	-0.0089575444	-3.2148e-05	-0.0402973372	0.0260696065	0.0617766678	0.0100879526	-0.0236785304	0.0559879758	-0.0145989754	-0.0738753746	-0.0015359931	0.0307753427	0.030591447	-0.0989113312	-0.011955644	0.0364130218	-0.0445824801	0.0147194765	-0.0064028423	-0.0257524542	0.0320172462	0.0081467146	-0.0129724552	0.0002336348	0.0256716461	0.0430568975	-0.0247687843	0.0245138107	0.0204326026	0.0024574002	-0.0190446008	-0.0422546524	0.0754621156	0.0679901824	0.0121866927	-0.0114194561	0.0066360634	0.013986269	0.0324785296	-0.1103534507	0.0058353618	0.022662724	-0.0108432338	-0.0733816232	-0.0129988165	0.0152239412	-0.0383355115	0.017544842	0.0652308918	0.0385737932	-0.0389773025	0.0232506591	0.0337377186	0.0468293572	0.048359918	0.0197291656	0.0091806866	0.0564601469	0.0412099568	0.0203887125	-0.0068944842	-0.0319925587	-0.046950984	-0.0470288708	-0.0322015336	-0.0071683153	0.0201368126	0.0410598248	0.048969429	0.0413587732	0.0206399614	-0.006620433	-0.0317825624	-0.0468715983	-0.047105256	-0.0324094805	-0.0074419176	0.0198842699	0.0409083818	0.0489670838	0.0415062691	0.0208905514	-0.0063461704	-0.0498355	0.0036933	1.3640464890000026e-05	0.0024835770602499	-0.8114679999999999	-0.1196869999999998	0.6584803150239997	0.0143249779689999	0.067032	0.0627599099999999	0.003938806303208	0.0044932890239999	-0.0116069	-0.0009759	0.00013472012761	9.5238081e-07	0.00334845	0.00050971	1.12121174025e-05	2.598042841000001e-07	0.000696847	-0.0002245679999999	4.85595741409e-07	5.0430786623999995e-08	0.0	0.0	0.0	0.0	0.0	0.0	0.0	0.0	0.0	0.0	0.0	0.0	0.0	0.0	0.0	0.0	0.0	0.0	0.0	0.0	0.0	0.0	0.0	0.0	0.0	0.0	0.0	0.0	0.0	0.0	0.0	0.0	0.0	0.0	0.0	0.0	0.0	0.0	0.0	0.0	0.0	0.0	0.0	0.0	0.0	0.0	0.0	0.0	0.0	0.0	0.0	0.0	0.0	0.0	0.0	0.0	0.0	0.0	0.0	0.0	0.0	0.0	0.0	0.0	0.0	0.0	0.0	0.0	1.0	0.0	0.0	0.0	0.0	0.0	0.0	0.0	0.0	0.0	0.0	0.0	0.0	0.0	0.0	0.0	0.0	0.0	0.0	0.0	0.0	0.0	0.0	0.0	0.0	0.0	0.0	0.0	0.0	0.0	0.0	0.0	0.0	0.0	0.0	0.0	0.0	0.0
53465.81004305045	131.8317373200116	2858592843.559554	17379.606964812538	64729.41118066407	58.24391210938484	4189896671.795479	3392.3532978057456	54040.901404965545	4.059332310804166	2920419024.661207	16.47817880953869	54161.81717374822	54286.36359486766	1.695807	38.849033	0.2647946499999998	0.138285	0.0035913931	0.0321357196	-0.0099716118	-0.0071379878	-0.0250679297	-0.0510922837	0.0122819232	-0.0029275102	-0.0181099944	-0.0468512359	0.0473215848	0.0369570883	-0.025410458	0.0102328011	0.0485377723	0.0670240615	0.0270889883	-0.0040730919	0.0153644774	-0.0023800747	-0.0438500313	-0.0368782375	-0.0416353282	-0.0042837017	-0.0141098964	0.0210902045	-0.0032624295	0.0034964922	0.0133702173	-0.0822751327	0.0120010901	-0.0173253119	-0.0066202378	0.0081114808	-0.0153485327	0.0478478108	-0.0409011035	-0.0084048721	-0.0095522784	-0.0032721599	-0.0198107653	-0.0333490309	-0.0355829841	0.0007266829	0.0011169149	-0.0372093879	-0.0110575791	-0.0076122356	0.0398896543	0.065901338	0.0196003566	-0.039701301	-0.0131249762	0.0036691598	-0.0095601442	-0.0163518865	-0.0176645047	0.0154790836	0.0674616351	-0.0376066445	-0.0162215123	0.0502060109	-0.009939901	-0.0154612935	0.0348963051	0.0194208858	-0.0010802694	0.0589953237	0.0051773915	-0.0669155013	-0.0563394646	-0.0054451994	-0.0502254847	-0.0145335043	0.0006749097	0.0166695209	-0.0246084185	-0.0119943499	-0.0480290523	0.0359905392	-0.0069869849	0.0260279922	0.0025110936	0.0266508812	-0.0152693435	-0.0395577883	0.0119766122	0.0350741913	-0.0468529315	0.0147212953	-0.0266551038	0.0153646525	-0.0071106718	0.0183347932	0.0377697827	0.0036647459	-0.0335851551	-0.0675577378	0.0618467145	-0.0128525581	0.0080887086	-0.0106625634	0.0076972365	0.0031299324	-0.0342215338	0.0427480348	0.0232379987	-0.0110031687	-0.0282697068	0.0090351477	0.0145598394	0.0177636705	-0.0042241009	-0.014158368	-4.06272e-05	0.0442243178	0.0379234791	0.039390965	-0.0137042425	0.0162095993	-0.0213573875	-0.0020310949	0.0027412115	0.0211627799	-0.0768398426	0.0264218863	-0.0156535203	0.0001943974	0.0061056138	-0.0161479319	0.0462892134	0.0402385972	-0.0107468362	-0.0111598282	0.009764635	0.0178701517	0.038406893	-0.0140969941	-0.0330777476	0.0045073654	0.0389119384	0.0069002542	0.0216493913	-0.0360062475	-0.061892479	0.0012355755	0.032081371	-0.0254843254	-0.0045777529	0.0230133489	0.0123801212	0.0346909272	0.0252726859	0.0612329374	0.0263372771	0.0019927889	-0.0178118436	0.0210555704	0.0362553258	0.0584903828	-0.0187518476	0.0285670009	-0.0587498758	-0.0026821626	-0.0273768936	0.0840220289	0.0058245839	-0.0244560066	-0.0308409602	0.0023468546	0.038725724	-0.0220347318	0.0028349295	-0.0539893041	-0.0182895969	-0.0102584063	0.031550511	0.0066727715	0.0232052838	-0.0221762473	-0.0366759936	-0.003622523	-0.0197881236	-0.021192084	0.0415998997	-0.0337028331	0.0199295916	0.0257889014	-0.0044718974	-0.0368928811	-0.0147563496	-0.0222147496	0.0759193258	-0.0435701127	-0.0184440762	0.0166557716	0.0223644807	0.0109338707	0.0051455455	0.001399481	-0.0519547715	0.0303852334	0.009994795	-0.0101967566	-0.0217079076	0.0697145255	-0.0106519297	0.0453269967	-0.0018307916	0.0116946921	0.0030638003	0.0270325617	0.0146676085	0.0195653985	-0.0646405412	0.0395377929	0.0313916274	-0.0296814247	-0.0123596935	-0.0092597152	-0.0320921167	-0.0515256959	0.0043376129	-0.040148012	0.0062190945	-0.0260248326	0.0206034239	0.0414080886	0.0018636666	0.0341026343	-0.0049119794	-0.0168870603	0.0411100147	0.0200527028	-0.0074419176	-0.0325475373	-0.0472047632	-0.0467083402	-0.0312176297	-0.0057054516	0.0216382877	0.0420357148	0.0489388583	0.0401316745	0.018441441	-0.0091688544	-0.0338357689	-0.0476407421	-0.0461521087	-0.0298477488	-0.0039616799	0.0231961654	0.0429075896	0.0488448413	0.039101947	0.0168065656	-0.0108840509	-0.0561209	-0.0062854	3.950625316000004e-05	0.00314955541681	-0.744924	0.0665439999999998	0.5549117657760001	0.0044281039359999	-0.0036104	-0.0706424	0.0049903486777599	1.303498816e-05	-0.0101974	0.0014094999999999	0.00010398696676	1.986690249999998e-06	0.00263193	-0.00071652	6.9270555249000015e-06	5.134009104e-07	0.000997284	0.0003004369999999	9.94575376656e-07	9.026239096899999e-08	0.0	0.0	0.0	0.0	0.0	0.0	0.0	0.0	0.0	0.0	0.0	0.0	0.0	0.0	0.0	0.0	0.0	0.0	0.0	0.0	0.0	0.0	0.0	0.0	0.0	0.0	0.0	0.0	0.0	0.0	0.0	0.0	0.0	0.0	0.0	0.0	0.0	0.0	0.0	0.0	0.0	0.0	0.0	0.0	0.0	0.0	0.0	0.0	0.0	0.0	0.0	0.0	0.0	0.0	0.0	0.0	0.0	0.0	0.0	0.0	0.0	0.0	0.0	0.0	0.0	0.0	0.0	0.0	0.0	1.0	0.0	0.0	0.0	0.0	0.0	0.0	0.0	0.0	0.0	0.0	0.0	0.0	0.0	0.0	0.0	0.0	0.0	0.0	0.0	0.0	0.0	0.0	0.0	0.0	0.0	0.0	0.0	0.0	0.0	0.0	0.0	0.0	0.0	0.0	0.0	0.0
53472.53906464836	6.729021597908286	2859312434.0203447	45.27973166511618	64730.03230566406	0.6211249999905704	4189977082.292313	0.385796265613286	54068.95141743231	28.05001246676693	2923451507.380656	786.8031993857802	54194.40606044838	53714.94020774148	1.176039	26.941734	0.1146160199999999	0.0733595999999999	0.0089915235	0.0175781858	-0.0076802334	0.001127154	-0.0045619101	0.0011056725	-0.0127726802	0.0664316567	0.0274030688	0.0383419844	-0.0243033668	-0.0113710033	0.0504826113	-0.019094824	-0.013192934	-0.0184377125	-0.0063083761	-0.0219244198	0.0417016288	-0.0172508408	0.0680880285	0.0006260148	0.0576967084	-0.0225072887	0.0006991261	0.0288745374	0.0299120411	0.0009529377	-0.0068186487	0.0409740006	0.0049703482	-0.0208377122	-0.0236789516	0.0484199958	0.064419525	0.0221958819	-0.010040534	0.0074139664	0.0426808119	-0.0120961862	0.0302716087	0.0221579499	-0.0201600356	0.0466031424	-0.0178630374	0.0284783456	-0.043524035	0.0318554236	-0.0168318259	-0.007466819	-0.0176876371	-0.0009429617	-0.0138340875	0.0107288879	0.0079222224	0.0346263024	-0.0414189973	-0.0333038341	0.0684832799	0.0344398044	0.0063507153	-0.0127989958	-0.0287931419	-0.0300306094	0.0530527651	-0.0095845555	-0.0423403175	0.021784595	0.0165552401	-0.0012012832	-0.0459714271	0.0164921639	0.0191231345	0.0645629077	0.0215678501	0.013543224	0.0070892193	-0.0077739033	0.0387930505	-0.0529792606	0.0056099309	-0.0778199105	0.0211532393	0.0227022176	-0.0166047035	0.0147949983	-3.69191e-05	0.0437411837	0.0245090404	0.0578513499	0.0406883839	-0.0362379918	-0.0186378019	-0.0016865443	0.0176263366	0.0172629991	-0.0683202129	-0.0187369561	-0.0072939901	-0.0577871297	-0.0018543075	-0.0139021248	0.076460081	-0.0329742569	0.0282683386	-0.0647119789	-0.0279269306	-0.0501426004	0.0218749055	0.0288114024	-0.0034084868	0.0074577512	-0.0232442153	-0.0443466655	0.0181683992	-0.063461393	-0.0052848852	-0.0571201113	-0.0051875772	-0.0089309499	-0.0317552406	-0.0254501164	0.0020116478	-0.0105883427	0.0415525147	0.0125547712	-0.0171133013	-0.0208755156	0.0563162058	0.0611231392	0.015664627	0.0077940596	0.0121868422	0.0522952388	0.0145526022	-0.0281145259	-0.0238575873	0.0367697387	-0.0211341031	0.0091013854	-0.0163054278	0.0488277764	-0.0110375599	0.0377706647	-0.0049514516	-0.0007274539	-0.0255924614	-0.0158789758	0.0042747635	0.0171041903	-0.0796411138	0.0181566391	0.0245246421	0.0421328562	-0.042130248	-0.0022630227	0.0410529456	0.0228228005	0.0056719672	0.0537444339	0.0193468571	0.0423192604	0.003999595	0.0083720421	0.0166087982	0.0543521127	-0.0106728774	0.0046227404	0.0758061243	0.0096556865	-0.0090146247	0.013518802	0.0085075593	0.069896396	-0.004498357	-0.039607548	-0.0601877013	0.0226256642	0.0017215168	-0.0330562361	0.0151567328	0.0354932319	-0.0064683377	0.0729698208	0.0441841826	-0.0003429335	-0.0061777263	-0.0390238899	0.0227694667	-0.015666963	-0.0259443364	-0.061223278	-0.0029498457	-0.032113742	0.0137445324	0.061691544	-0.0137906935	0.032440026	-0.0840682666	0.0173012072	0.0468385224	-0.0272121042	0.0017843321	-0.0532760328	-0.0206621252	-0.0061857081	0.0174489277	-0.0078105653	-0.0009471354	0.011834221	0.0021697895	0.0039527804	-0.0047834886	-0.0519865994	0.0248936203	-0.0166065458	0.0144886817	-0.0076500603	-0.0147533968	0.0211363516	0.0225114989	0.0595300427	-0.0173194749	-0.0164608084	0.0104745013	-0.0156644922	-0.0096470085	0.0244857416	0.0205939815	0.0164805225	0.0201207462	-0.0032856829	0.0410094892	0.0197155549	-0.0079884006	-0.0330951267	-0.0474417976	-0.046363951	-0.0302120217	-0.0042374069	0.0231148951	0.0429519653	0.048824275	0.0388225891	0.0161987064	-0.0116917818	-0.0357809787	-0.0482368825	-0.0450097667	-0.0271488476	-0.0004611576	0.0263764663	0.0446384398	0.0483873377	0.0364042993	0.0125853106	-0.015325478	-0.0544807	0.0016402	2.6902560400000043e-06	0.00296814667249	-0.677744	0.06718	0.459336929536	0.0045131524	0.00703062	0.01064102	0.0001132313066403	4.942961758439999e-05	-0.010247	-4.959999999999861e-05	0.0001050010089999	2.460159999999861e-09	0.00283874	0.0002068099999999	8.0584447876e-06	4.27703761e-08	0.000550598	-0.0004466859999999	3.031581576040001e-07	1.99528382596e-07	0.0	0.0	0.0	0.0	0.0	0.0	0.0	0.0	0.0	0.0	0.0	0.0	0.0	0.0	0.0	0.0	0.0	0.0	0.0	0.0	0.0	0.0	0.0	0.0	0.0	0.0	0.0	0.0	0.0	0.0	0.0	0.0	0.0	0.0	0.0	0.0	0.0	0.0	0.0	0.0	0.0	0.0	0.0	0.0	0.0	0.0	0.0	0.0	0.0	0.0	0.0	0.0	0.0	0.0	0.0	0.0	0.0	0.0	0.0	0.0	0.0	0.0	0.0	0.0	0.0	0.0	0.0	0.0	0.0	0.0	0.0	0.0	0.0	0.0	0.0	0.0	0.0	0.0	0.0	0.0	0.0	0.0	0.0	0.0	0.0	0.0	0.0	0.0	0.0	0.0	0.0	0.0	0.0	0.0	0.0	0.0	0.0	0.0	0.0	0.0	0.0	0.0	0.0	0.0	0.0	0.0
53503.21501599255	30.67595134419389	2862594017.0475307	941.013990871351	65266.28796191407	536.2556562500104	4259688344.32749	287570.1288601293	54122.56536546482	53.61394803250733	2929252081.739012	2874.455423632396	54245.31856007671	53510.67170980875	1.528895	35.025249	0.16151213	0.0871950999999999	0.0141587308	-0.0086022958	0.0244617216	-0.0110014668	0.0201397246	-0.0146172222	-0.0098749915	-0.071643359	-0.0111306807	0.0200433002	0.0764123513	0.0323094997	-0.0169869685	0.0299530331	0.0062097321	0.0118808126	-0.0224060299	0.0022883431	-0.0039009814	0.0471186968	-0.0550327255	0.0979555802	-0.0577255474	-0.0025358605	0.0330863806	0.0537511065	0.0252515948	-0.0358508013	0.0179169367	-0.0354240642	0.0137419951	-0.0419260526	-0.0354621157	-0.0340815354	0.0591956398	-0.0306892013	0.0174123914	-0.0350942339	-0.0181464015	-0.0116787911	-0.0083480318	0.0116411131	-0.0060334185	0.041526451	0.0077617164	-0.0570343393	-0.0386283087	0.0212907455	0.0297039529	0.0093778113	0.001547683	-0.0002054062	0.0044940861	-0.0533181957	-0.0451442513	0.0660192076	0.0277366469	-0.0200907293	-0.0277276176	-0.0384550368	-0.0545777735	0.0598647892	0.0101036399	-0.0447632555	0.0031558295	0.0155207659	0.0030622366	-0.0384406357	-0.031821247	-0.0352667062	-0.0325716651	0.0402202641	-0.0391180699	-0.0041147361	0.0530995944	-0.0278691903	-0.0892773249	0.0186755784	-0.0267175232	-0.0512857029	0.0314226138	-0.0137803517	-0.021381778	-0.0239446137	-0.0586702808	0.0424272009	-0.0380897703	0.0485714114	-0.0493631102	-0.0221108197	0.048600512	0.0576007351	-0.0476889276	-0.0393250454	-0.0165749058	-0.019418996	0.0400518011	0.0472861262	-0.0162693962	-0.045641431	0.0185164127	-0.033115779	-0.0126841516	0.0281282238	0.0036570756	0.0530293041	0.0026818154	0.0838936438	0.0260186292	-0.0372705564	-0.0215424698	0.0178365962	0.0015529907	0.0092542248	-0.0496826156	0.0538087965	-0.0933315074	0.0614930424	-0.0002989309	-0.0308295327	-0.0510182599	-0.0232114151	-0.039436589	0.0064199603	-0.0281782163	0.0290871062	-0.0431818688	-0.0232014563	-0.0254414264	0.0597211603	-0.0341703077	-0.0184358772	-0.0400713348	-0.0189246875	0.0190257854	0.0048480512	-0.004466618	0.0151279836	-0.008378252	0.005235417	0.0723350141	0.0486831775	-0.0112070095	-0.0179919116	-0.0159874883	-0.0088751396	-0.0180141122	-0.0256302193	-0.06419802	0.0221198476	-0.0271705327	-0.036972344	-0.0379857438	-0.0263999966	0.0452229972	0.0402275454	-0.0534367745	0.009750857	0.0549007104	0.0300580472	-0.0170245524	-0.0085878972	0.0230937327	0.0176311837	-0.0347424162	0.0329650749	-0.0541509633	-0.0222209015	-0.0245998071	0.0530874295	0.0059966909	-0.0911821214	-0.0407975284	0.0003073282	-0.0523243616	0.0042542583	-0.048090859	-0.0269769112	-0.0400974208	-0.036009469	0.0451947044	-0.0550137626	-0.0506111698	-0.0207231731	0.0226558774	-0.0041172587	0.0740810754	-0.0656588446	-0.0109005087	0.0193593596	-0.0091797917	0.0297082329	-0.0420076572	0.0420754787	-0.002885561	0.0338284645	0.0374080887	-0.0258724588	0.0040367452	0.0053635051	-0.0376587572	-0.0070921149	0.0076266194	0.1058291823	0.0017698113	0.011163578	0.0045886318	0.0017991371	0.0121776951	-0.0011096204	0.0094662689	0.0173598257	-0.0161495065	-0.0256990818	-0.0404286031	0.0234203344	-0.0148420533	-0.0052403686	0.0201982316	0.0020733227	-0.0327684748	-0.0571196108	0.0015522163	0.0511502229	0.0170456997	0.0371091278	-0.0278525733	0.0501269462	0.0227126225	-0.0075698461	-0.0003310989	-0.020347973	0.0409083818	0.019377288	-0.0085338634	-0.0336352026	-0.0476620031	-0.045995879	-0.029185409	-0.0027655145	0.0245649379	0.0438072762	0.0486258757	0.0374341914	0.0139171345	-0.0141822002	-0.037611983	-0.0486578547	-0.0436829132	-0.02432518	0.0030417259	0.0294071302	0.0460901072	0.0475977133	0.0334335625	0.0082612638	-0.0196310923	-0.0435775	0.0109032	0.00011887977024	0.0018989985062499	-0.69114	-0.0133959999999999	0.4776744995999999	0.0001794528159999	0.0433049	0.03627428	0.0013158233895184	0.00187531436401	-0.0110898	-0.0008428	0.00012298366404	7.10311840000002e-07	0.00396208	0.0011233399999999	1.5698077926399997e-05	1.261892755599999e-06	0.000497965	-5.2633000000000063e-05	2.47969141225e-07	2.770232689000006e-09	0.0	0.0	0.0	0.0	0.0	0.0	0.0	0.0	0.0	0.0	0.0	0.0	0.0	0.0	0.0	0.0	0.0	0.0	0.0	0.0	0.0	0.0	0.0	0.0	0.0	0.0	0.0	0.0	0.0	0.0	0.0	0.0	0.0	0.0	0.0	0.0	0.0	0.0	0.0	0.0	0.0	0.0	0.0	0.0	0.0	0.0	0.0	0.0	0.0	0.0	0.0	0.0	0.0	0.0	0.0	0.0	0.0	0.0	0.0	0.0	0.0	0.0	0.0	0.0	0.0	0.0	0.0	0.0	0.0	0.0	1.0	0.0	0.0	0.0	0.0	0.0	0.0	0.0	0.0	0.0	0.0	0.0	0.0	0.0	0.0	0.0	0.0	0.0	0.0	0.0	0.0	0.0	0.0	0.0	0.0	0.0	0.0	0.0	0.0	0.0	0.0	0.0	0.0	0.0	0.0	0.0
53412.56339643535	-90.65161955720396	2852901928.578225	8217.716128344044	64442.83745878983	-823.4505031242443	4152879299.7400055	678070.7310955711	54057.28215667312	-65.28320879169769	2922189754.16617	4261.897350140394	54184.24934214439	53424.71238141741	1.452168	33.267529	0.1273071	0.0741714	0.0066449487	0.013128672	0.0035856611	0.0044251414	-0.0080212104	-0.0046160549	0.0176124254	0.0261538157	0.0049429479	-0.0219287979	0.0075506134	-0.0078932389	0.0318508843	-0.0005528468	0.054240379	0.0038476991	0.0370476968	-0.0090129857	0.0467181406	0.06691539	0.0031280874	-0.0011235404	0.0320485273	0.0665712818	-0.0574929414	-0.0074129094	0.0052614538	0.0064563408	-0.0278141957	-0.0145434505	0.0451376159	-0.0340902454	0.0490922623	-0.0368083551	-0.0118730737	-0.0059696027	0.0097674999	-0.0119047386	-0.034097438	0.0151099753	0.020893921	-0.0157497604	0.0235992952	-0.0215799503	0.0195931918	-0.0361469955	0.0306350153	-0.0084848403	0.0548488086	0.0035357488	0.0149185795	0.0104297103	-0.0203602658	-0.1173315988	-0.0234784673	0.0182252582	0.0265792656	-0.0068458581	-0.0092661852	0.0198710868	-0.0036556316	0.0255499552	-0.0036679073	0.0177982286	-0.0038864117	-0.0095632141	0.0729997133	0.0404146796	-0.0194137761	0.0695927371	0.0328049891	-0.0035345352	-0.0242062675	0.0127339983	0.031965367	0.0192083042	-0.005289675	-0.0756963103	-0.0224163279	-0.0689097222	-0.0079359272	0.0665488609	0.00153984	-0.0083868518	0.049478181	-0.0431339167	0.054490732	0.0155001446	0.0188935837	-0.0048595729	-0.0515594416	-0.020104359	0.0217972811	0.0001315742	-0.0175874447	-0.0356864048	-0.0285877813	0.0082386468	0.0560655394	0.0168718911	-0.0387887456	-0.0150111584	0.0739172279	0.0743427148	0.0154126364	-0.0288113986	-0.0685432984	-0.0264972704	0.0350876207	0.0648767877	-0.0219310578	0.0172576823	-0.012324455	-0.0414704089	-0.070126404	-0.0014530287	-0.0008663094	-0.0348388692	0.0432828101	0.0754882212	0.0098910733	-0.0018155031	0.0063723155	-0.0280279237	-0.0076776331	0.0413969453	-0.0181217531	0.0510718168	-0.0400733543	-0.0065249218	-0.0041018007	-0.0079274375	-0.0133216228	-0.0357272688	-0.0182988968	-0.021092544	0.0184095275	-0.0127552994	0.0254492058	-0.0098306379	0.0282128968	-0.0311275514	0.0028707252	-0.0632155184	-0.0088128908	-0.0040099873	0.0100275409	0.0054446107	-0.1136948675	-0.0268506727	0.0064974825	-0.0316684246	-0.0261793278	-0.002744093	-0.0204262967	0.0049948073	-0.0318985762	0.0163576674	-0.0180126198	-0.0064959897	0.0122772799	-0.0576074286	-0.0516912775	0.0235536796	0.0472005186	-0.047014968	0.0174976326	-0.0433893196	0.0110467384	0.0246998376	0.0012057386	0.0111279294	0.0394232658	0.0405449882	-0.1070690291	0.0359844084	0.0529223115	-0.0002001078	-0.0061239965	0.0342633048	-0.0456061542	0.05201124	-0.0109656282	0.0057867163	-0.0102479208	-0.0198888693	-0.0308489495	0.0430207065	-0.0218244041	0.0080897364	-0.064254322	-0.0156902343	0.0358791294	0.0413347585	0.0050375878	-0.0154912757	0.0595079039	-0.064472841	-0.0373577258	0.0306612632	0.0462809325	-0.0615530216	-0.0061381022	-0.0427091498	-0.0730566334	0.0015348064	0.0387665655	0.0003514933	0.008180455	0.0042859899	0.0063565759	0.0121774748	-0.0014801742	-0.0223006074	0.0051887931	-0.0140691074	0.0364942592	0.0020357512	-0.0296248817	-0.0031683244	-0.0143794424	-0.0150098956	-0.030482773	-0.0583693783	0.005403545	-0.0245570552	-0.0019964313	0.0380255772	-0.0004460499	0.0167805907	0.0264988143	-0.01817948	0.040806694	0.0190379212	-0.0090782364	-0.0341676424	-0.0478653016	-0.0456043123	-0.0281385053	-0.0012911108	0.0259867497	0.044600434	0.0483440011	0.0359693177	0.0116021956	-0.016633185	-0.0393229378	-0.0489021298	-0.0421769872	-0.0213897225	0.0065290352	0.0322709638	0.0472535125	0.0464813877	0.0302120217	0.0038697424	-0.0237627379	-0.0466464	-0.0030688999999999	9.418147209999995e-06	0.0021758866329599	-0.699315	-0.008175	0.489041469225	6.683062500000071e-05	0.0147317	-0.0285732	0.00081642775824	0.00021702298489	-0.0102579	0.0008319	0.00010522451241	6.9205761e-07	0.00304418	-0.0009178999999999	9.2670318724e-06	8.425404099999995e-07	0.000497965	0.0	2.47969141225e-07	0.0	0.0	0.0	0.0	0.0	0.0	0.0	0.0	0.0	0.0	0.0	0.0	0.0	0.0	0.0	0.0	0.0	0.0	0.0	0.0	0.0	0.0	0.0	0.0	0.0	0.0	0.0	0.0	0.0	0.0	0.0	0.0	0.0	0.0	0.0	0.0	0.0	0.0	0.0	0.0	0.0	0.0	0.0	0.0	0.0	0.0	0.0	0.0	0.0	0.0	0.0	0.0	0.0	0.0	0.0	0.0	0.0	0.0	0.0	0.0	0.0	0.0	0.0	0.0	0.0	0.0	0.0	0.0	0.0	0.0	0.0	0.0	0.0	0.0	0.0	0.0	0.0	0.0	0.0	0.0	0.0	0.0	0.0	0.0	0.0	0.0	0.0	0.0	0.0	0.0	0.0	0.0	0.0	0.0	0.0	0.0	0.0	0.0	0.0	0.0	0.0	0.0	0.0	0.0	0.0	0.0	0.0
53417.41662517565	4.853228740299528	2853420398.907592	23.553829205669345	65040.21742089844	597.3799621086146	4230229882.1577415	356862.81912888977	54080.392651792194	23.110495119071857	2924688869.37202	534.0949846486441	54214.02576972824	51850.97662210836	1.902029	43.573334	0.272413	0.160288	0.0273231133	-0.0502184792	0.0838478715	0.0028800473	-0.0054973255	0.0592708842	0.0184041366	0.0446112554	0.0122117538	0.049638607	0.0852193148	-0.0203348305	0.0047157363	0.0903206217	0.0318490836	-0.0324069034	-0.0848064503	-0.03532494	0.0835273334	-0.0132712653	0.0316715301	0.0408865843	0.0381951457	0.0021972875	0.0039534272	-0.0339162233	0.0188994605	0.0646989777	0.0107731835	-0.0417650061	0.0102927742	0.0072245583	0.0146262214	-0.0013706156	0.0578305554	-0.0068354009	0.0403417083	0.0003390894	-0.0095687281	0.0287891476	-0.035237342	0.0531264967	0.0218316538	0.0370489	-0.0478210906	0.021634857	0.0808576109	-0.012017227	0.000948418	0.0325671291	-0.0168367415	0.1045958628	0.0576193377	0.0218880795	0.0124464375	-0.0677655155	0.015915258	0.0815104743	0.0221761023	-0.042382447	-0.0564393248	0.0646423993	0.0325905644	-0.0214927256	-0.0988183162	-0.0194939336	-0.0391333136	-0.0229565	-0.023366708	-0.053643657	-0.0068261035	0.0156428893	0.0757503455	0.0177025531	-0.0057961301	-0.0092959374	0.0177524062	0.0334436817	0.0338526044	0.014627759	0.0050816027	-0.0384413716	-0.0022390168	0.0764358471	0.0360117077	-0.0605444898	-0.0440127088	0.0288726714	-0.0086726087	0.0083836921	-0.0303369852	0.0328048835	-0.0065157852	0.0896629952	-0.0747899163	0.1210489557	0.0283682212	-0.007167752	-0.0235414076	0.0078942222	0.0783153592	-0.0506733552	0.0345452969	0.0057588214	-0.0138794989	0.0324623768	-0.0052156962	0.0728349692	-0.0546204622	0.0383607561	-0.0679170515	-0.0041376815	-0.0399752754	-0.0833084481	0.0096959258	-0.0282179526	-0.0434935683	-0.0350809026	0.0033579058	-0.0026050606	0.0330244929	-0.023461695	0.0662730051	0.0186263621	-0.0353052492	0.0086799157	0.0107335563	0.0214077613	0.0018987582	0.0568941123	-0.0025026793	-0.0418328043	-0.0041636993	-0.0140754454	-0.0246734167	0.0348236462	-0.0554469737	0.0363429531	0.0121017228	0.0537424052	-0.0064068467	-0.0673254509	-0.0170819862	-0.0044151424	-0.0221295836	-0.0201421161	-0.0872009039	0.0616804817	0.0267890024	-0.0235215516	0.1051520862	0.0290263406	0.005027234	0.042861053	0.0699401099	0.0691352926	-0.0358039027	-0.0088189477	0.0702093386	-0.0867652047	-0.0010708085	0.0380671114	0.0158104838	0.0057782193	-0.0544141338	0.0039262611	-0.0373951891	0.0549379214	0.0362190928	-0.0050281833	-0.0036140407	-0.0007182482	0.0088194347	-0.0129267041	0.0480165174	0.0070093187	-0.0454909106	-0.0347789225	0.0984750597	0.0320933973	-0.0319283952	-0.067093175	-0.0518274644	0.0090749811	0.0072781206	-0.013273319	0.0395334879	0.0763900147	0.0428550893	0.0606954725	0.1400872107	-0.073121227	-0.0234199715	-0.0195866607	-0.0370796347	-0.0080666245	0.0415450958	-0.0210214087	-0.0577208433	-0.0148872727	-0.0153904311	0.0290728096	-0.0866786815	0.0261788768	-0.0260640034	-0.0160495113	0.0366261661	-0.003322176	0.0297378119	-0.0201071536	0.007741837	0.0093815473	0.0254165919	-0.0885608125	-0.021755139	0.0282727099	-0.0016330934	-0.111944401	-0.0465849099	0.0047670176	-0.0705287781	0.0559111175	0.0692439993	0.0049499034	-0.0390452964	0.0616626354	-0.034141836	0.0633124187	0.0100719228	0.1392837352	0.0189560131	-0.0313633424	0.0407044271	0.018697474	-0.0096214501	-0.0346923251	-0.0480516209	-0.0451894509	-0.0270720383	0.0001844653	0.0273786964	0.0453303135	0.047979135	0.0344309608	0.0092594399	-0.0190379212	-0.0409083818	-0.048968821	-0.0404981621	-0.0183559655	0.0099829142	0.0349517203	0.0481213794	0.0450460234	0.0267638437	-0.0005533855	-0.0276838006	-0.0435353	0.0031110999999999	9.678943209999992e-06	0.0018953223460899	-0.812054	-0.112739	0.6594316989160001	0.012710082121	0.0928551	0.0781234	0.00610326562756	0.00862206959601	-0.0114208	-0.0011628999999999	0.00013043467264	1.3523364099999993e-06	0.00345007	0.0004058899999999	1.19029830049e-05	1.6474669209999992e-07	0.000497965	0.0	2.47969141225e-07	0.0	0.0	0.0	0.0	0.0	0.0	0.0	0.0	0.0	0.0	0.0	0.0	0.0	0.0	0.0	0.0	0.0	0.0	0.0	0.0	0.0	0.0	0.0	0.0	0.0	0.0	0.0	0.0	0.0	0.0	0.0	0.0	0.0	0.0	0.0	0.0	0.0	0.0	0.0	0.0	0.0	0.0	0.0	0.0	0.0	0.0	0.0	0.0	0.0	0.0	0.0	0.0	0.0	0.0	0.0	0.0	0.0	0.0	0.0	0.0	0.0	0.0	0.0	0.0	0.0	0.0	0.0	0.0	0.0	0.0	0.0	0.0	1.0	0.0	0.0	0.0	0.0	0.0	0.0	0.0	0.0	0.0	0.0	0.0	0.0	0.0	0.0	0.0	0.0	0.0	0.0	0.0	0.0	0.0	0.0	0.0	0.0	0.0	0.0	0.0	0.0	0.0	0.0	0.0	0.0	0.0	0.0
53427.57175933183	10.15513415618625	2854505424.098552	103.12674973014062	64787.38146582031	-252.83595507813152	4197404797.197717	63926.02018027094	54155.83236936352	75.43971757132385	2932854179.6186013	5691.150987241109	54292.37577121492	54145.87496448864	1.963426	44.979862	0.3201302881	0.177969	0.0017042	0.020111513	-0.0007818291	-0.0131323853	-0.0542627348	-0.0250600845	0.0386897194	0.0181961493	-0.0350330785	0.0129180587	0.0018521619	0.0227720182	-0.0065372956	-0.0001758035	0.0521469077	0.0341921979	-0.0037982741	-0.0282982706	0.0389040584	0.0402436762	-0.0439293238	0.0430446998	-0.0125739534	-0.053059683	-0.0551858197	-0.0118110445	-0.0127435103	0.0201707793	-0.0296897997	-0.0319943419	0.0553946632	-0.0023442968	0.014151863	0.0326021815	-0.0375444532	0.0912079625	0.0137788345	-0.0125653492	-0.0074036615	-0.0304185066	0.0329112721	-0.0120244011	-0.0216457226	-0.0560478796	0.0143681989	-0.0120071929	-0.0225883224	-0.0172781189	-0.0588262821	0.0196420036	0.0412814546	0.018129274	-0.044340254	-0.0123839966	0.0622066769	0.040309999	0.0408855725	0.0247634495	0.0134653122	-0.0086104387	-0.0167723864	0.0128174111	0.0247345158	0.0188574351	-0.039893106	-0.007808443	-0.0049551094	-0.0219940803	-0.0014883337	0.0011092825	-0.0050379068	0.0150529212	0.0206880595	-0.0087262527	-0.0444091192	-0.0209063011	-0.0390911803	0.0126614787	-0.0276471933	-0.0224081939	-0.01880816	-0.0910636058	-0.0315439883	0.0541299801	-0.0096172804	0.0316760644	-0.0326563491	-0.0190964299	0.0566801163	0.0337024133	-0.05168481	0.0154641888	-0.0070328154	0.0221642994	-0.0391447639	0.0607361174	0.061710737	-0.063254244	-0.0065420885	-0.0423993223	-0.022516479	-0.0715406196	0.0601248495	-0.0020758357	0.0543746034	-0.0480333233	0.0413327125	0.0294363821	0.0028087013	0.0121306011	-0.0011334324	0.0330831066	-0.0327542222	-0.0302921349	-0.0464401271	0.0476228358	-0.0413991841	-0.0022918951	-0.0754587546	0.0362223061	0.010559385	0.0133332827	0.0257530217	-0.0247603117	-0.0211141453	0.0552416046	0.0091826718	0.0166639547	0.0245581502	-0.0404701362	0.09139721	-0.0094795398	-0.0173981245	-0.0001963317	0.0219588256	-0.043671903	0.0148702931	-0.0670133491	-0.0112859692	-0.0185878941	0.001617867	0.0107416877	0.0159553832	0.0447046811	-0.0114623941	-0.0131663064	0.0550069013	0.0618931165	-0.0041603823	-0.0467873806	-0.0264780507	-0.0080779139	-0.0424440102	0.0378685123	0.0164236396	0.0237875895	-0.0277669343	-0.0165338761	0.0057722615	-0.0401940044	-0.0013922882	-0.0021746701	0.0169554213	-0.0122103784	-0.0035604838	-0.0144123405	-0.0290214416	0.0189917151	-0.0128813615	-0.0491465488	-0.0042730724	-0.0452429146	0.0002824119	-0.0061521971	-0.0091095079	-0.0721905767	-0.059033021	-0.0531919846	0.0479038966	-0.0150548238	0.0259611218	-0.0083196157	0.0057167757	0.0322723535	-0.0648103819	-0.049274073	-0.0012055207	0.0146717108	0.0031725736	0.0514068034	0.0818551304	-0.0020327409	0.0422536282	-0.0089995486	0.0405680145	0.0661667152	0.0491241205	0.0369436189	-0.0742833472	0.0140227768	0.0610933257	0.0335941815	-0.0043894659	0.0271241816	-0.0210492139	0.0076227107	0.0311314478	-0.058689655	0.0024436005	0.0167324253	-0.0017076593	0.0269765519	0.0087038012	0.0062550422	-0.0486617238	-0.0199772068	0.0249352027	-0.0530109054	0.0046710288	-0.0065186854	-0.0345626714	-0.0295152596	-0.0068451641	0.0090034701	-0.0027911067	0.0431641331	-0.0716989258	0.0450429184	-0.0439329882	0.0699889682	-0.0333756695	-0.0514904254	0.0406015827	0.0183559655	-0.0101634351	-0.0352091317	-0.048220895	-0.0447515066	-0.0259867497	0.0016598739	0.0287391785	0.045995879	0.0475319038	0.0328222635	0.0068944842	-0.0213897225	-0.0423632548	-0.0488576859	-0.0386533201	-0.015237851	0.0133856785	0.0374341914	0.0486882801	0.0433014723	0.0231148951	-0.0049719936	-0.0313595323	-0.056921	-0.0133857	0.00017917696449	0.0032400002409999	-0.715974	0.09608	0.512618768676	0.0092313664	-8.12881e-05	-0.0929363880999999	0.0086371722330738	6.607755201610001e-09	-0.00965582	0.0017649799999999	9.323485987240002e-05	3.1151544003999978e-06	0.00304418	-0.0004058899999999	9.2670318724e-06	1.6474669209999992e-07	0.000314271	-0.0001836939999999	9.8766261441e-08	3.3743485635999995e-08	0.0	0.0	0.0	0.0	0.0	0.0	0.0	0.0	0.0	0.0	0.0	0.0	0.0	0.0	0.0	0.0	0.0	0.0	0.0	0.0	0.0	0.0	0.0	0.0	0.0	0.0	0.0	0.0	0.0	0.0	0.0	0.0	0.0	0.0	0.0	0.0	0.0	0.0	0.0	0.0	0.0	0.0	0.0	0.0	0.0	0.0	0.0	0.0	0.0	0.0	0.0	0.0	0.0	0.0	0.0	0.0	0.0	0.0	0.0	0.0	0.0	0.0	0.0	0.0	0.0	0.0	0.0	0.0	0.0	0.0	0.0	0.0	1.0	0.0	0.0	0.0	0.0	0.0	0.0	0.0	0.0	0.0	0.0	0.0	0.0	0.0	0.0	0.0	0.0	0.0	0.0	0.0	0.0	0.0	0.0	0.0	0.0	0.0	0.0	0.0	0.0	0.0	0.0	0.0	0.0	0.0
53346.790184876016	-80.78157445581746	2845880023.029184	6525.66277156078	64665.85651464844	-121.52495117187208	4181672998.7731	14768.313757325895	54061.26601883613	-94.5663505273842	2922620483.559366	8942.794652068098	54192.58281268583	53182.853216632	1.166056	26.713018	0.3540304169000001	0.220024	0.0033728195	0.0013173459	-0.0283112134	-0.0136864009	-0.0452695905	0.0224210297	0.0114421976	0.0486742812	-0.034111813	0.0059677991	-0.0606237034	-0.0197124213	0.028100942	-0.0621393763	-0.0232354027	0.0239601438	-0.0609021262	-0.0282342499	0.0053402037	0.0039604462	0.0407372491	-0.0238116104	0.0285128041	-0.0289525716	0.0215631762	0.0439212375	-0.0105174961	-0.0049721062	0.0177236556	-0.007797723	-0.0154925253	0.0137225274	-0.0082900178	0.0110736803	0.0027714923	-0.0341613941	0.0530321756	-0.0177181414	-0.0042182389	0.0523228652	-0.0335648949	0.0246769841	-0.0407925309	0.0019138137	0.0231567356	0.0700921805	0.0469662393	-0.0129120796	0.0049822493	-0.0007486992	0.1024984163	-0.0185609553	0.0039239703	0.003530862	0.0404281281	-0.0342464172	-0.0533799987	-0.0386769565	-0.0045126977	0.0185390429	-0.043856874	-0.0451633798	0.054199087	0.0126981185	-0.0437203835	-0.0632310198	-0.0175895218	-0.0035806786	0.012999159	-0.0087423941	-0.028877108	-0.0148609509	-0.0087519613	0.0027140352	0.0489765277	0.0442160318	-0.0274252882	-0.0363057796	0.017760415	0.0594902109	0.0177105423	-0.041371727	-0.0741566413	-0.0076287595	-0.0209804668	-0.0249389328	0.0783942916	0.0056658461	0.0188512743	0.0129424257	0.0523919199	-0.0317379908	-0.0334089608	0.0202684305	0.0291427151	-0.067816583	-0.0192540288	0.0617152797	0.0059662543	0.0046794974	0.0340500065	-0.0173276763	0.0093482288	-0.0188654726	0.0633598169	0.0203046231	0.0263969973	0.0092894677	0.0218618161	-0.0163207408	0.0451602719	-0.0339954263	-0.0299043615	-0.0069987158	-0.0026891176	-0.0403831674	0.0234875458	-0.0291732876	-0.0147973022	-0.0280593121	-0.0450449164	0.0116848534	-0.0048230878	0.0154307653	-0.0062001187	-0.0112863418	0.0092237646	-0.0016029341	0.0152624179	0.0002117235	-0.0351815421	-0.0493226768	-0.0209648053	0.0034669973	-0.055956807	0.0284465861	-0.0340373959	-0.0061317657	-0.0419172841	-0.028096624	-0.0492628348	-0.0513438137	-0.0085686039	0.0185428561	-0.0072188637	-0.0953526355	0.0402287911	-0.0300567747	-0.0123852769	-0.0171869765	-0.0257490388	0.071456065	0.0402274263	-0.0312576491	0.0040360426	0.0450208095	0.0166641132	-0.0538809702	-0.0157088614	-0.0573767363	0.0587806589	0.0233777732	0.0191739056	-0.0231624368	0.0073282953	0.0380226751	0.0138841534	-0.0041422834	0.0045409321	0.0470790327	0.0446205083	-0.019713083	0.0582080855	-0.0078165142	0.0308399369	-0.0181460693	-0.0224567653	-0.0358744543	-0.0358217145	-0.0195985528	-0.0670169743	0.0860352032	0.0045553704	-0.0013878447	0.0155986314	0.0295260984	0.0048261393	-0.0249748942	0.0514071578	-0.0201940859	-0.0568213792	0.0344316332	-0.0450170277	0.0109812815	-0.0463378106	-0.0066878909	0.0049028605	0.0336161369	-0.0227389942	0.0509336146	-0.0061286667	0.0202437738	0.0243527501	0.0429162189	0.0329799674	-0.0069849781	-0.0470012246	-0.0481734645	-0.0138772517	0.0432515129	-0.0168309814	-0.0127315133	-0.0502698447	0.0055436045	-0.0206699566	-0.0501107115	-0.0301632877	0.0249151069	0.0116103776	-0.0087552019	0.0264153463	0.0519905313	-0.0409753158	0.0053704732	0.0194852835	-0.0839252934	-0.0247918565	-0.0003492751	-0.0348366704	0.0589740536	0.0093214656	-0.0449224496	0.0404981621	0.0180134151	-0.0107041222	-0.0357179449	-0.0483730638	-0.0442907033	-0.0248833938	0.0031337753	0.0300666323	0.0465961863	0.0470030752	0.0311465121	0.0045129987	-0.0236820496	-0.0436829132	-0.0485691282	-0.0366500239	-0.0120497088	0.016719905	0.0397042937	0.0489506689	0.0412597087	0.0192925486	-0.0093499925	-0.0347573591	-0.0431975	0.0137235	0.00018833445225	0.00186602400625	-0.571546	0.144428	0.326664830116	0.020859447184	-0.00841237	-0.0083310819	6.940692562450762e-05	7.076796901690001e-05	-0.00670968	0.00294614	4.50198057024e-05	8.679740899600004e-06	0.00254059	-0.0005035899999999	6.454597548100001e-06	2.536028881e-07	1.30443e-05	-0.0003012266999999	1.7015376249e-10	9.073752479288996e-08	0.0	0.0	0.0	0.0	0.0	0.0	0.0	0.0	0.0	0.0	0.0	0.0	0.0	0.0	0.0	0.0	0.0	0.0	0.0	0.0	0.0	0.0	0.0	0.0	0.0	0.0	0.0	0.0	0.0	0.0	0.0	0.0	0.0	0.0	0.0	0.0	0.0	0.0	0.0	0.0	0.0	0.0	0.0	0.0	0.0	0.0	0.0	0.0	0.0	0.0	0.0	0.0	0.0	0.0	0.0	0.0	0.0	0.0	0.0	0.0	0.0	0.0	0.0	0.0	0.0	0.0	0.0	0.0	0.0	0.0	0.0	0.0	0.0	0.0	0.0	0.0	0.0	0.0	0.0	0.0	0.0	0.0	0.0	0.0	0.0	0.0	0.0	0.0	0.0	0.0	0.0	0.0	0.0	0.0	0.0	0.0	0.0	0.0	0.0	0.0	0.0	0.0	0.0	0.0	0.0	0.0
53353.62533009608	6.835145220065897	2846609335.86427	46.71921017938968	64692.7300859375	26.87357128906297	4185149325.9719634	722.1888338283494	54010.336330391685	-50.9296884444484	2917116430.522028	2593.833165048581	54135.046681731685	52552.52940879921	1.182736	27.095146	0.0788527549999999	0.0394914	0.0059774281	-0.0126625539	-0.0149216352	-0.0256506623	-0.0319791461	0.0352821406	0.0106638994	-0.0525159243	-0.0326139277	0.0206744883	-0.0278527335	-0.0220613678	0.0144679089	-0.0326101313	-0.0148996145	0.0122352356	-0.0581509992	0.0016086007	-0.0375808456	0.0159768553	0.0244464197	0.0691170457	0.0286677202	-0.0111241676	0.0053765932	-0.0027556026	0.0109128309	0.0246619257	0.0143533501	0.0123389595	0.0074737068	0.0237868977	0.0602282731	-0.0083293395	0.0180523851	-0.0044742711	-0.0001269808	-0.026224842	-0.016776313	-0.0026032578	-0.0411452229	-0.0466085781	0.0254711513	0.0438021794	-0.0030462458	0.0182086453	0.0220631955	0.0292757331	-0.0023048978	-0.0167125295	0.0345824644	0.0188493049	0.034517482	0.0392497324	-0.0232530783	0.0138795753	0.0448648985	0.0015194708	-0.0447976731	-0.0384578911	-0.0196719488	-0.0056925477	-0.0334117899	0.0314693417	-0.0746729745	-0.0284422319	0.0067771812	-0.0299482361	0.0257157005	0.050618814	-0.0923707269	-0.0455352713	0.0272680991	0.0654289452	-0.0327788951	0.002380622	-0.0218017219	0.0613419355	-0.0259033605	0.0429782631	-0.0039679408	0.0690707132	0.0106065635	0.0428185398	0.056443954	-0.0175663445	0.0127135882	-0.0082728182	0.0440566567	-0.0385791801	0.0158278282	-0.008585313	0.0196500477	0.1159659531	0.0251828798	0.0075627484	0.0259231455	-0.0254758198	-0.0089005848	-0.0320136212	-0.000600568	-0.0554158101	-0.0007246732	-0.0420875081	0.0093939409	0.0434164743	-0.0158277885	0.0100585246	-0.0003654641	0.0327612273	0.0565541705	-0.0082179801	0.0031902975	0.0393199628	-0.0154667565	-0.0250538066	-0.0690730594	-0.0268776043	-0.0045000443	-0.0142237485	0.0022162661	-0.0084685776	0.0186386726	0.0147664691	0.0176321816	0.0024499619	0.0272824071	0.0539371843	-0.0089893773	0.0209276546	-0.0018685562	0.0032854398	-0.0235302828	-0.0253221529	0.0139220886	0.0455101039	0.0398348014	0.0403069764	0.0130959869	0.0014980401	-0.0128837513	-0.0096970539	-0.039772836	0.0035581307	0.0036230032	-0.0568317316	-0.0195029761	-0.0095739468	0.0333834965	0.035635097	0.0062171084	-0.0265864461	-0.0495693632	-0.0313267293	0.0614511006	0.0137299933	0.0073879517	0.0239877745	-0.0216061202	-0.0813196757	0.0149158473	-0.0305896223	0.0349790617	-0.0189718299	0.0737500049	0.0662788253	0.0247284953	0.0351922361	0.0606780082	-0.0455057906	0.0105978211	-0.0073557438	-0.055783213	-0.062230816	0.0115936122	0.0392446251	0.0449966433	-0.010321549	0.0613245084	0.0279458571	-0.0143490294	0.0184945924	-0.0131716276	0.0223166211	-0.0210006627	0.0458244227	-0.0079516836	0.0914868539	0.059984408	-0.013520988	0.0291833104	0.0332439351	0.0053745323	-0.0209023376	0.029200006	0.0419074583	0.0449066325	0.0422765722	-0.0103991282	0.0292935233	-0.0499476278	-0.0154111002	-0.0186796957	0.0067755257	-0.0144871347	0.011052232	-0.0593791241	-0.0147777241	-0.0104847002	0.0431635504	-0.0164454159	-0.0142162296	-0.0561306625	0.0081063655	-0.0253277826	-0.0736446461	-0.0324967003	0.0322409215	-0.0085197904	-0.0108717978	0.007824826	0.0071001666	-0.0243722082	0.0750303917	0.0059245736	-0.0443665842	-0.0504338871	0.0006898639	-0.0470105589	0.056024644	0.0030114835	-0.0431708737	0.0403941669	0.0176698424	-0.0112434423	-0.036218649	-0.0485080733	-0.0438072762	-0.0237627379	0.004604831	0.0313595323	0.0471303837	0.0463935571	0.0294071302	0.002120693	-0.0259085287	-0.0448631447	-0.0481041957	-0.0344964857	-0.0088061905	0.0199685217	0.0417491486	0.0489069049	0.0389347468	0.015325478	-0.0136516244	-0.0378471697	-0.0434582	-0.0002607	6.796449000000135e-08	0.00188861514724	-0.559354	0.0121919999999999	0.312876897316	0.0001486448639999	0.0045189	0.01293127	0.0001672177438129	2.042045721e-05	-0.00682726	-0.0001175799999999	4.66114791076e-05	1.3825056399999986e-08	0.00304418	0.0005035899999999	9.2670318724e-06	2.536028881e-07	0.00046125	0.0004482057	2.1275156250000005e-07	2.0088834951249005e-07	0.0	0.0	0.0	0.0	0.0	0.0	0.0	0.0	0.0	0.0	0.0	0.0	0.0	0.0	0.0	0.0	0.0	0.0	0.0	0.0	0.0	0.0	0.0	0.0	0.0	0.0	0.0	0.0	0.0	0.0	0.0	0.0	0.0	0.0	0.0	0.0	0.0	0.0	0.0	0.0	0.0	0.0	0.0	0.0	0.0	0.0	0.0	0.0	0.0	0.0	0.0	0.0	0.0	0.0	0.0	0.0	0.0	0.0	0.0	0.0	0.0	0.0	0.0	0.0	0.0	0.0	0.0	0.0	0.0	0.0	0.0	0.0	0.0	0.0	0.0	0.0	0.0	0.0	0.0	0.0	0.0	0.0	0.0	0.0	0.0	0.0	0.0	0.0	0.0	0.0	0.0	0.0	0.0	0.0	0.0	0.0	0.0	0.0	0.0	0.0	0.0	0.0	0.0	0.0	0.0	0.0
53352.3646696575	-1.2606604385800892	2846474815.844118	1.5892647414009429	64626.38181396484	-66.34827197265986	4176569226.3643656	4402.093193758042	54039.77927609708	29.44294570539205	2920297744.209291	866.887051810664	54160.122853606685	53470.0135700969	1.136038	26.025341	0.26330415	0.17521	0.005499554	0.0038476615	0.0081595008	-0.0117997459	-0.0377932503	-0.0078746076	0.0265063038	-0.0258605096	-0.0036123785	-0.0336031114	0.0415372341	-0.0216653368	0.0244082134	0.0199488463	0.0229846533	0.0193902857	-0.0231154999	-0.0067178132	-0.0081349161	0.0405625192	-0.0261664598	-0.0340723526	-0.0012239887	0.0339847564	0.0311319372	0.065871808	-0.0199775729	-0.0006187736	-0.0757607664	-0.0198492674	0.0151893134	-0.0103176827	0.0028760748	-0.0057333749	-0.0011824657	-0.0301453391	-0.0056885456	-0.0264157539	0.0037442589	-0.004718305	0.0192642174	-0.0044801697	-0.020294491	0.0623413504	-0.0095343781	0.0090693695	-0.0078144456	-0.0476606063	0.0054585063	-0.0061765787	-0.0190583037	0.0679829697	0.0009595045	-0.0333472471	0.081027269	0.0065534629	-0.0324710207	0.0307620412	-0.0270339481	0.0383658547	0.0190478493	0.0347753726	-0.0006686227	-0.0390126859	-0.0321609682	0.0179713825	-0.0182903985	0.0116618831	-0.0162501254	-0.0114227447	-0.017847886	-0.0085704447	0.0309847935	0.0219868029	0.0085106309	0.0171358746	-0.0520178147	-0.042679575	-0.0068906203	0.0291378085	-0.013080046	-0.0306222862	0.0517673357	-0.0729716267	0.0013702756	-0.0005784887	0.0441095309	-0.0020143628	0.0001961876	0.0110791207	-0.0523739908	-0.0291567554	0.0346113076	0.0028720472	0.0252873252	0.0218021058	-0.0026867241	-0.028474352	0.0316350272	-0.0256208513	0.0147231396	0.0536774498	0.0412693507	-0.0021939063	0.0129574093	-0.0119549847	0.087240731	-0.0223712385	-0.0130932594	-0.0079792867	-0.0102157227	0.0119452605	-0.0065693477	0.0104598603	-0.0386331754	0.0240338328	0.0343801892	0.0043353091	0.0415930614	-0.0109204282	-0.0638562192	0.0266958054	0.0104816363	-0.0744589554	-0.0206592755	0.0225386166	-0.0023864071	0.0002222929	-0.0018877424	-0.000424599	-0.0306280961	0.0066816741	-0.025630145	-0.0045924909	0.0081715958	-0.0092444215	0.0031308961	0.0628720308	-0.0272039676	-0.0005356857	0.0087076657	-0.0087165353	0.0492032216	0.0137859112	0.0133577475	0.0006808277	-0.0441852162	0.0480924405	-0.0059087921	-0.0880885028	-0.0231069272	0.0024475203	0.0300237032	-0.0093278892	-0.0232484806	0.0142066948	0.0048254292	0.0264251873	0.0526309822	-0.0265906169	-0.0276279968	0.009393003	0.0115337644	0.0187261394	0.0035381068	0.0183225067	0.0021013391	0.0204107364	0.0291194694	0.0061982785	0.0311635919	-0.045237125	0.0404006235	-0.0050430302	-0.0019905886	-0.0333602329	0.0125750588	0.0582836172	-0.0564607186	0.0313031677	-0.0025056052	0.0360972794	-0.0084762096	-0.0291401035	-0.0223188225	-0.0383430631	-0.0373748743	0.0244275549	-0.0164704245	-0.0200346202	0.02883697	-0.0088206631	0.0494609016	-0.0195362112	-0.025680968	0.0254439598	-0.0475004577	-0.0119855421	-0.0265245179	0.0274103911	-0.0032501169	0.0871268332	0.0234187479	-0.0229029895	-0.0034129136	0.0148127174	0.0213774213	-0.0167144908	0.0080350303	0.0110434789	-0.0029012163	-0.0009827291	-0.014508777	-0.0462441463	-0.0058198495	-0.031641423	-0.0098398683	-0.0003069199	0.0399147534	-0.011091719	0.0002600246	-0.0298343347	-0.0214791115	-0.0040941742	0.0063510155	-0.0084976257	-0.0321861966	0.0385520341	-0.0053437677	0.0064350168	0.0109114434	-0.0324050204	0.0402895985	0.0173252667	-0.0117813266	-0.0367111306	-0.0486258757	-0.0433014723	-0.022625561	0.0060717052	0.0326163926	0.0475977133	0.0457043959	0.0276076712	-0.0002766972	-0.0280629691	-0.0459001824	-0.0474645768	-0.0322015336	-0.005522202	0.0231148951	0.0435571555	0.0485572616	0.0363425447	0.0112434423	-0.0178417553	-0.0406015827	-0.0353681	0.0080901	6.544971801000005e-05	0.00125090249761	-0.665846	-0.106492	0.443350895716	0.011340546064	0.0168383	0.0123194	0.00015176761636	0.00028352834689	-0.00934508	-0.00251782	8.73305202064e-05	6.339417552400003e-06	0.00304418	0.0	9.2670318724e-06	0.0	0.000251017	-0.000210233	6.300953428900003e-08	4.4197914289e-08	0.0	0.0	0.0	0.0	0.0	0.0	0.0	0.0	0.0	0.0	0.0	0.0	0.0	0.0	0.0	0.0	0.0	0.0	0.0	0.0	0.0	0.0	0.0	0.0	0.0	0.0	0.0	0.0	0.0	0.0	0.0	0.0	0.0	0.0	0.0	0.0	0.0	0.0	0.0	0.0	0.0	0.0	0.0	0.0	0.0	0.0	0.0	0.0	0.0	0.0	0.0	0.0	0.0	0.0	0.0	0.0	0.0	0.0	0.0	0.0	0.0	0.0	0.0	0.0	0.0	0.0	0.0	0.0	0.0	0.0	0.0	0.0	0.0	0.0	0.0	0.0	0.0	0.0	0.0	0.0	0.0	0.0	0.0	0.0	0.0	0.0	0.0	0.0	0.0	0.0	0.0	0.0	0.0	0.0	0.0	0.0	0.0	0.0	0.0	0.0	0.0	0.0	0.0	0.0	0.0	0.0
53337.534468714985	-14.830200942516967	2844892583.2013597	219.93485999543117	64745.952407714845	119.57059375000244	4192038353.182076	14297.126889728124	54078.81243577732	39.03315968024253	2924517954.4639835	1523.5875546233117	54204.98838531756	54032.36872336648	1.079468	24.729389	0.22716517	0.133322	-0.0018765485	0.0059394524	-0.0086487042	-0.0125784613	-0.0373617679	0.0120437685	0.0287898459	0.0190751389	-0.0533332532	-0.0268811358	0.0342411081	0.008457997	-0.0451543258	-0.0131021046	0.0465177571	0.057803079	-0.0245370872	-0.032542606	0.0111429748	0.0689190727	-0.0022582998	-0.0274379804	-0.0171635204	-0.0252108883	-0.0105166532	0.0111165329	-0.0145892121	0.0216310676	-0.0063517418	0.0278387141	0.0146623735	-0.0297702381	0.0612704895	0.0223754038	-0.0227433146	0.0102933799	0.0339290306	0.0245910672	-0.0147643845	-0.0091840539	-0.0339354902	0.0503183618	0.0010601128	0.0317111811	-0.0439034031	0.0145607318	-0.0166029472	0.0124588795	0.0853778086	0.0906205749	0.0496424084	-0.0461169834	0.0380002301	-0.0678136927	0.0282061214	0.0979086585	-0.0208423249	0.0155522178	-0.0001692377	0.0082404027	0.0839957479	-0.0761073448	-0.0421766228	-0.0282968291	0.0403473249	0.0319731724	0.0239315383	-0.032375789	0.012970505	-0.0115536826	0.0041443968	-0.0086969366	0.0031777627	-0.0253077885	-0.0116504848	-0.0310440091	0.0016833923	-0.0172333897	-0.0033160265	0.003507799	-0.0441293137	0.0243168638	0.0436217019	0.0257264162	0.0203181778	-0.0199112834	0.0122075789	0.0399856723	-0.0273770148	-0.0050816387	-0.0031197656	0.0212523381	0.0128547561	0.0439693437	-0.0339445168	-0.0099047883	0.0221592474	0.0114151756	0.0188169796	0.0254377904	0.0035417198	-0.0950383628	0.0502260171	-0.0112242258	-0.0013321456	-0.0481130702	0.0115126829	0.039973374	0.0091817064	-0.0103345729	-0.0418950332	-0.0459337306	-0.034349738	-0.0072975948	-0.0682006371	0.0013354252	0.0296896941	0.0153154673	-0.0254059081	0.0039195808	-0.0129507238	0.0114060398	0.0221043895	-0.0028005462	0.0300671288	0.0134121575	-0.0206535741	0.0504602393	0.0175207817	-0.0219100559	0.0179927941	-0.033820573	0.0195840496	-0.0282127942	0.0054542152	0.0369930087	-0.0545858211	0.0332625717	0.003656478	0.0285415016	-0.0087659543	0.0157385524	0.0416785728	-0.0677329204	-0.1138192536	-0.0521254527	0.0116800816	-0.0664368263	-0.029391682	-0.0630942018	-0.0700192457	-0.0803129352	0.0075031561	0.0218543664	-0.0297817539	-0.0706194722	0.0651432139	0.0007555483	-0.014199916	0.0436021964	-0.0257649939	-0.0373337549	0.0154784756	-0.0163401632	-0.0212244588	-0.0053587807	-0.0101968839	0.0185446745	-0.0298252431	-0.0120545633	-0.0362443169	-0.0092485526	0.0025908699	0.0064981927	-0.0105837146	-0.0075480623	0.0480361922	0.0316268779	0.048354245	0.013072084	-0.0032805609	-0.0073574483	-0.0373686808	-0.0181528702	0.0303530876	-0.0022689322	0.0268985538	0.0532319992	0.0082021003	0.0350391783	0.0113064088	0.0073262573	-0.0066524435	0.0231287121	-0.0167820629	-0.0174671896	0.0783910911	0.0339547212	-0.0590819758	-0.0441534963	0.0458472979	0.027231786	-0.0165976886	0.0252260297	0.0066331126	-0.059394201	0.0152410667	-0.0568358113	-0.0001072265	0.0277929441	-0.0078884175	-0.0058631201	-0.0356179985	0.0166320019	-0.049489724	-0.0332510627	-0.0326777622	0.0329770105	0.0126322809	-0.0491501462	0.0204887248	-0.0011105345	-0.0444316748	-0.0293092176	0.0201555612	-0.0292240406	-0.0478340119	0.0018458183	-0.0310802841	0.0488237704	-0.0199351237	-0.0597538915	0.0401844584	0.0169797078	-0.0123177063	-0.0371952777	-0.0487264292	-0.04277355	-0.0214726538	0.0075330659	0.0338357689	0.0479975119	0.0449367745	0.0257518113	-0.0026734239	-0.0301393805	-0.0467907162	-0.0466525943	-0.0297745756	-0.0022128355	0.0261429148	0.0451180572	0.047903926	0.0335008948	0.0070770633	-0.021886162	-0.0429961886	-0.0415775	-0.0062094	3.855664836000005e-05	0.00172868850625	-0.57107	0.094776	0.3261209449	0.008982490176	0.00127623	-0.01556207	0.0002421780226849	1.6287630129e-06	-0.00783668	0.0015084	6.14135534224e-05	2.27527056e-06	0.00242068	-0.0006234999999999	5.859691662400001e-06	3.887522499999999e-07	0.000170563	-8.045400000000001e-05	2.909173696900001e-08	6.472846116000001e-09	0.0	0.0	0.0	0.0	0.0	0.0	0.0	0.0	0.0	0.0	0.0	0.0	0.0	0.0	0.0	0.0	0.0	0.0	0.0	0.0	0.0	0.0	0.0	0.0	0.0	0.0	0.0	0.0	0.0	0.0	0.0	0.0	0.0	0.0	0.0	0.0	0.0	0.0	0.0	0.0	0.0	0.0	0.0	0.0	0.0	0.0	0.0	0.0	0.0	0.0	0.0	0.0	0.0	0.0	0.0	0.0	0.0	0.0	0.0	0.0	0.0	0.0	0.0	0.0	0.0	0.0	0.0	0.0	0.0	0.0	0.0	0.0	0.0	0.0	0.0	0.0	0.0	0.0	0.0	0.0	0.0	0.0	0.0	0.0	0.0	0.0	0.0	0.0	0.0	0.0	0.0	0.0	0.0	0.0	0.0	0.0	0.0	0.0	0.0	0.0	0.0	0.0	0.0	0.0	0.0	0.0
53273.7617833206	-63.77268539438228	2838093694.545991	4066.955402410859	64534.33883227539	-211.61357543945635	4164680888.518927	44780.30531027047	54017.03415513177	-61.77828064555069	2917839978.916672	3816.555959520424	54149.459183218365	53158.75334219004	1.02745	23.537716	0.1512234199999999	0.0928205	0.0057428132	-0.0032865373	0.0143535958	0.0003519759	-0.0434753538	0.0352292058	0.0323822245	0.0381911369	-0.0022809756	0.0356652722	-0.0453954938	-0.0115705112	0.0352807241	-0.0133164788	-0.0049498503	0.0062107514	-0.0015260409	-0.0020616686	0.0260026248	0.004275389	0.0605356001	-0.0312120621	0.0550454614	0.0145516308	-0.0304815717	0.0090538556	0.0163417749	-0.0223144424	0.0051594495	0.0259349791	0.0100317116	-0.0010076469	-0.0339389775	0.0307034851	0.0302677037	-0.0151587581	0.0060662996	0.019304599	-0.0130789668	0.014300346	-0.0149094617	0.0414190405	0.0500797266	-0.0073488278	-0.0569125844	-0.0333327091	-0.0247691913	-0.0510288989	-0.0026062364	-0.0362823765	-0.0160604973	-0.1157329731	0.0237956391	0.0211030479	-0.0454604379	-0.0085934545	-0.0060312803	0.0243192153	0.0057937391	0.034137367	-0.0216534974	0.0032438974	0.0422487847	0.0143319641	-0.0328727576	-0.0256055989	0.0129944145	-0.0054951657	-0.0424271544	0.0735680319	0.0069566562	0.0269201271	-0.0156816729	0.0435120588	-0.0003056809	-0.0383676298	-0.0624783755	0.0146718911	0.0191831564	0.0579562471	-0.0266341668	-0.0061247713	0.048046606	-0.0449188291	-0.0057523044	-0.0423330086	-0.0660433786	0.0883014054	0.0482160524	0.0097814556	-0.0204826882	0.0194447675	-0.0226777806	-0.0330770475	-0.0099399479	-0.0489035153	0.0001854346	-0.0279391974	0.0442820127	-0.0349443803	-0.0068236419	0.0189652476	0.0061237783	-0.0430823463	-0.0416391992	0.0015212396	-0.0169998246	-0.0542202781	0.0397931086	-0.0285740705	0.0400461849	-0.0226250964	-0.0047975169	-0.0288859961	-0.0042344974	-0.0607615931	0.0273608646	-0.0585526395	0.0074523883	0.0298687528	-0.0074964265	-0.0173338649	-0.0250626087	0.000767936	0.0224400374	0.0059319874	0.0021250191	-0.0302831995	0.0319569321	0.0264116338	-0.0152760051	-0.0066008678	0.0208669829	-0.0103710792	-0.0167708943	0.0111558538	-0.0296170742	-0.0129804815	0.052756836	0.0674090703	0.0299277946	0.0118923922	0.0405635925	0.016441354	0.0409839948	0.0392505754	0.053806657	-0.097465383	0.0136013276	0.0307367269	0.0345394425	-0.0231254684	0.0324970726	0.0071423909	-0.022454619	0.0417554997	-0.0273458556	-0.0318034043	0.0035611606	-0.045973502	0.0267040716	-0.0253604912	0.019070783	0.0428765834	0.0597076633	-0.0182748306	-0.02439781	-0.0412464768	0.0290753925	-0.0057708638	-0.0295285953	-0.0673586173	-0.0167137033	-0.0104527196	0.0407704384	-0.0144867288	0.0352222754	0.0481142028	-0.027439911	0.0242107313	-0.0307191319	-0.0489260647	-0.0778802139	0.0716172117	-0.0137050522	-0.0604245788	0.0023172722	-0.0257837453	-0.0141136461	0.010136439	-0.0567009948	0.0232173726	0.04015574	-0.003366568	-0.0250447372	0.0430482247	-0.035224114	0.0406380588	0.0010762443	-0.0316321392	-0.0204327821	-0.0262619771	0.043433776	-0.0356613477	0.0165860912	-0.0172561727	-0.0450348593	-0.0290736752	0.0085270667	0.0131511531	-0.0009386275	-0.0001012098	-0.0116513623	-0.0135920388	-0.0088946304	-0.0505857586	0.0073332673	0.005529743	-0.0307224145	-0.0369675539	0.0161585953	0.0526094938	-0.0290141844	-0.0216242628	-0.0088270518	-0.0172736716	-0.0287532415	0.0101225666	-0.0190268827	0.0061880769	0.0040322079	-0.039163653	0.0400787482	0.016633185	-0.0128525131	-0.0376709804	-0.0488096981	-0.0422237789	-0.0203048178	0.0089875862	0.0350162597	0.0483292125	0.0440920108	0.0238433419	-0.005063741	-0.0321319892	-0.0475319038	-0.0456711967	-0.0272255606	0.0011067004	0.0290370768	0.0464229987	0.046950984	0.0304293015	0.0028575952	-0.0257518113	-0.0450097667	-0.0350103	0.0065672	4.312811584000003e-05	0.00122572110609	-0.64321	-0.0721399999999999	0.4137191040999999	0.0052041795999999	0.0148174	0.01354117	0.0001833632849689	0.0002195553427599	-0.00878631	-0.0009496299999999	7.719924341610001e-05	9.017971368999998e-07	0.0026253	0.0002046199999999	6.892200090000001e-06	4.186934439999999e-08	0.000145312	-2.525100000000001e-05	2.1115577344e-08	6.376130010000002e-10	0.0	0.0	0.0	0.0	0.0	0.0	0.0	0.0	0.0	0.0	0.0	0.0	0.0	0.0	0.0	0.0	0.0	0.0	0.0	0.0	0.0	0.0	0.0	0.0	0.0	0.0	0.0	0.0	0.0	0.0	0.0	0.0	0.0	0.0	0.0	0.0	0.0	0.0	0.0	0.0	0.0	0.0	0.0	0.0	0.0	0.0	0.0	0.0	0.0	0.0	0.0	0.0	0.0	0.0	0.0	0.0	0.0	0.0	0.0	0.0	0.0	0.0	0.0	0.0	0.0	0.0	0.0	0.0	0.0	0.0	0.0	0.0	0.0	0.0	0.0	0.0	0.0	0.0	0.0	0.0	0.0	0.0	0.0	0.0	0.0	0.0	0.0	0.0	0.0	0.0	0.0	0.0	0.0	0.0	0.0	0.0	0.0	0.0	0.0	0.0	0.0	0.0	0.0	0.0	0.0	0.0
53247.01104365204	-26.75073966856144	2835244185.0828023	715.6020728151465	64659.29710986328	124.958277587888	4180824702.741573	15614.571137731677	53981.17868071506	-35.85547441671224	2913967651.759286	1285.615045647506	54099.33897961763	52302.36875887784	1.263528	28.946003	0.2057462999999999	0.122584	0.0082325507	-0.0322465975	0.0150816714	-0.0164974307	-0.0257976243	0.071562141	0.023826375	-0.0267298113	-0.036167966	0.0202694436	-0.033051565	-0.0112937336	0.0060570659	-0.0225352775	-0.0226076545	0.0097156421	-0.0704788512	0.0052392397	-0.0082141422	-0.0012350652	0.0700627484	0.0252659368	0.0524931027	-0.0357439841	0.0340427317	0.007736302	0.0156821162	-0.0551149986	-0.0016104961	-0.0403578693	0.0176781653	0.0058170722	-0.0463996097	0.0214850855	0.0357715713	0.0287447047	-0.0313073094	0.0291254264	0.0192775241	0.0717552971	-0.0714409309	0.0653331704	-0.0014928618	-0.0095201217	-0.0025653544	0.0355912462	0.0059502706	-0.0328292885	-0.0799955037	0.010943038	0.0285247829	-0.0003408211	0.009226573	0.0266243317	-0.024256339	-0.0146455286	0.0669695038	-0.0556587407	-0.0464467869	0.0221659149	0.0004680501	0.0321387956	0.0233335796	0.0050834958	-0.0171767529	0.0137636097	0.0200989372	0.0023306248	0.0472045633	0.0280658273	0.0123783124	-0.0321202946	0.0598342698	-0.0527890473	-0.0096846409	-0.0089749446	0.0221682164	0.0373138072	0.0315810009	0.0216863884	0.0362466525	-0.0589949816	-0.0241093724	0.0071171117	0.0029183519	-0.0253446595	0.011068345	-0.0166384143	-0.0144034789	-0.035876689	0.0220530487	-0.0094209477	0.0071756202	0.0277937951	0.0046284942	-0.0080292931	0.0378355581	0.0267438691	0.0327070335	-0.0538087955	-0.0519880235	0.0371365018	-0.0561786577	-0.0446351525	0.073120818	0.0239798104	0.022757043	-0.0039249973	0.0113714198	0.0034056704	0.0045869116	0.0042608026	0.005676281	0.0060973875	0.0048902649	-0.0708301984	-0.0265528283	-0.048220943	-0.0122869388	-0.0531113815	-0.0096586915	-0.018609581	-0.0475702329	-0.0048694897	-0.0462280598	0.0231188425	0.0042814648	-0.0427052024	0.0253196174	0.0322791063	0.0248564489	0.0345946236	0.0281796267	0.0265328488	-0.0731186854	0.0685538388	-0.0647916884	-0.0239865421	-9.23634e-05	0.0090039564	-0.0144048109	-0.0188105785	0.0162625841	0.0830107959	-0.0077025101	-0.019768616	0.0150528786	0.0038301247	0.0091958939	0.0343132194	0.0263589846	0.0188870122	-0.072046065	-0.0624517568	-0.0258887996	0.0047223877	-0.0442159569	-0.0048964518	0.0131993165	-0.0162171765	-0.0150167613	-0.0193309541	-0.0101087424	-0.0365932945	0.0346291149	-0.0333934975	0.0237284798	0.0701296762	-0.0252061807	-0.0091525531	-0.0040799924	0.0213794701	-0.0069960218	0.0042542782	0.0618224815	-0.0064614546	-0.060744784	-0.0036604729	0.0034990553	0.0110679366	-0.0305322508	0.0031509716	0.0036590147	-0.0292248873	0.0123460599	0.0377887623	-0.0179988589	0.0146779664	0.0176891942	0.0096991322	-0.0113829999	0.0211209865	0.0027509548	0.0564659377	0.01142988	0.0663315066	-0.0442129855	0.0591994952	0.0613043837	0.0562460585	-0.0020807468	0.0034936504	-0.0062182257	0.0204965211	0.0004497244	-0.0161203168	0.0168353391	0.0063317961	0.0031720632	0.029678348	-0.0114783549	-0.0153477354	-0.0565645817	0.0037660369	-0.0356047412	-0.0424821047	-0.0500235282	0.0273711944	0.0147502706	-0.0498517399	0.0333629276	0.0645467266	-0.0293426355	0.0349326761	-0.0009455427	-0.0369679992	-0.0336426331	-0.028272264	-0.0349098372	0.0216802077	0.0109049927	-0.0470445818	0.0399724692	0.0162857183	-0.0133856785	-0.0381381307	-0.0488756528	-0.0416524399	-0.019122865	0.0104339452	0.0361565084	0.0485923444	0.043171555	0.021886162	-0.0074419176	-0.0340352549	-0.0481213794	-0.0445239479	-0.0245649379	0.0044211503	0.0317825624	0.0474645768	0.0457043959	0.0271488476	-0.0013833093	-0.0294071302	-0.046624473	-0.0308075	0.0042028	1.7663527839999997e-05	0.00094910205625	-0.552791	0.0904189999999999	0.305577889681	0.0081755955609999	0.024644	0.0098266	9.656206756e-05	0.0006073267359999	-0.00728818	0.00149813	5.31175677124e-05	2.244393496900001e-06	0.00283719	0.0002118899999999	8.0496470961e-06	4.48973720999999e-08	0.00046125	0.000315938	2.1275156250000005e-07	9.9816819844e-08	0.0	0.0	0.0	0.0	0.0	0.0	0.0	0.0	0.0	0.0	0.0	0.0	0.0	0.0	0.0	0.0	0.0	0.0	0.0	0.0	0.0	0.0	0.0	0.0	0.0	0.0	0.0	0.0	0.0	0.0	0.0	0.0	0.0	0.0	0.0	0.0	0.0	0.0	0.0	0.0	0.0	0.0	0.0	0.0	0.0	0.0	0.0	0.0	0.0	0.0	0.0	0.0	0.0	0.0	0.0	0.0	0.0	0.0	0.0	0.0	0.0	0.0	0.0	0.0	0.0	0.0	0.0	0.0	0.0	0.0	0.0	0.0	0.0	0.0	0.0	0.0	0.0	0.0	0.0	0.0	0.0	0.0	0.0	0.0	0.0	0.0	0.0	0.0	0.0	0.0	0.0	0.0	0.0	0.0	0.0	0.0	0.0	0.0	0.0	0.0	0.0	0.0	0.0	0.0	0.0	0.0
53405.678482059775	158.66743840773415	2852166494.1291423	25175.35601087211	64619.50917822266	-39.7879316406179	4175680966.4344025	1583.079504238483	54008.005088702856	26.82640798779903	2916864613.6613536	719.6561655278476	54125.515966936255	52825.45355303876	1.081067	24.766014	0.1331817	0.0786259	0.0056246025	-0.013397236	0.0156283299	-0.0087691344	-0.0077439655	0.0303012108	0.001944944	-0.0314563159	0.0086393529	0.0230343722	-0.0242127523	-0.0034525367	0.0279181043	-0.0154778236	-0.0382488825	0.0024915831	0.0126726033	0.012905421	-0.0368174267	-0.0100437402	0.0381605783	0.0524501003	-0.0011963309	0.0094210732	0.0475982231	-0.0335501047	-0.0093102815	0.008931572	-0.0172314093	0.0348651615	0.0477934549	0.0063444313	-0.0075162974	0.0025324982	-0.0309165207	-0.0229010375	-0.0300189495	0.0100950648	0.0047935168	-0.0256809224	-0.0737877162	-0.017865077	0.0227894509	0.0088405186	-0.0570185488	0.0041932179	-0.0415249562	-0.0470100553	-0.0403944698	-0.0046720446	0.0040238562	0.0526418371	0.0060630679	-0.0188650205	0.0202270305	0.0056549362	0.00970733	0.0095570895	-0.0304262477	0.0014900891	-0.0141518682	0.0116493896	-0.0452911469	-0.0210258007	-0.0479489693	-0.0176215048	0.0553501012	0.0004114404	0.0416009928	0.0608011442	-0.0220743531	-0.0084501755	-0.0516407542	0.0730093797	-0.0321098326	-0.0232672295	0.0205362096	-0.0271911128	-0.012012267	-0.0226624523	-0.0562570167	0.0208070783	0.0146910986	-0.0269182229	0.017495211	-0.0492271605	0.0023423879	-0.0534078994	-0.0012451046	-0.0115525089	0.0067375084	0.0372263758	-0.0540380519	0.0115829806	0.0572752301	-0.0741811668	-0.0336743193	0.0465719181	-0.0326479265	-0.0095336678	0.0353372624	0.0574127253	0.0296614807	0.0410820422	-0.0039055861	0.015810372	0.0394798064	0.0345502956	0.0006659591	-0.0021036522	0.0292516889	0.0404441438	0.0160874969	0.0353239164	0.0134056916	-0.0389316866	-0.0515240626	0.0059404621	0.0223419526	-0.0404915766	0.0328033426	0.0164119268	0.0118246035	-0.0216470611	0.0375399479	0.0413988093	0.0140445816	-0.008920347	-0.0014862598	-0.0294348369	-0.0198397902	0.0261421397	0.0119891567	-0.0016390343	0.0358568021	0.073556541	0.0142374292	0.0054076496	0.0173849518	0.0504529723	-0.0009258679	0.0206631093	0.048394242	0.0477599911	0.0113182342	-0.0198775265	-0.0256228221	0.0408090293	-0.0083870541	-0.0270620598	0.001456568	-0.0107225069	-0.0177245311	-0.0252445179	0.0247129238	0.0289830455	0.0227101994	0.0494622696	0.0192123392	-0.0443506245	0.0099680667	-0.0519925177	-0.0140719906	-0.0351011757	0.0546950875	0.0122490081	0.0176627936	-0.0581710961	0.0397278538	-0.0467009739	-0.0580590809	0.0192933023	-0.0010611226	0.0203521412	-0.049451284	-0.0243966687	0.0574011038	0.0100132955	-0.0105408395	0.0254986451	-0.045455931	-0.020453318	0.0163675229	-0.0259802061	-0.0388952899	0.0092122227	0.0459610899	-0.0028502756	0.0355119622	-0.0558008143	-0.0637597115	0.0298110268	-0.0613833437	-0.0147558952	-0.0227688384	0.0006415175	-0.0417821192	-0.0689017363	-0.0131325336	0.0062586893	-0.0255668265	0.0344405667	0.0242449094	0.0334710546	-0.0082018963	0.008092324	0.0050591121	-0.0093283603	0.0079051104	0.0193489575	-0.005305546	-0.0058268419	-0.0375690229	-0.009177875	-0.0133589625	-0.0433909139	-0.0251052541	0.0367919553	-0.0220552158	-0.0193458592	0.0139411052	0.007603192	-0.0075710589	0.0612137261	-0.0237096616	-0.0185691105	-0.0441587306	-0.0155792685	-0.0498861463	-0.0090297574	0.0065520893	0.0018344785	0.039865623	0.0159373271	-0.0139171345	-0.0385966226	-0.04892427	-0.0410598248	-0.017927617	0.0118708295	0.0372552045	0.0487865342	0.0421769872	0.0198842699	-0.0098022517	-0.0358438856	-0.0485572616	-0.0432150141	-0.0218036145	0.0077152822	0.0343653138	0.0482368825	0.044171958	0.0236820496	-0.0056138368	-0.0328222635	-0.047825998	-0.0256009	0.0052066	2.7108683560000024e-05	0.00065540608081	-0.612687	-0.0598959999999999	0.3753853599689999	0.0035875308159999	0.0163397	-0.0083043	6.896139849000001e-05	0.0002669857960899	-0.00821552	-0.00092734	6.74947688704e-05	8.599594756000009e-07	0.00290388	6.669000000000033e-05	8.432519054400001e-06	4.447556100000043e-09	0.000259784	-0.000201466	6.748772665599999e-08	4.0588549156000016e-08	0.0	0.0	0.0	0.0	0.0	0.0	0.0	0.0	0.0	0.0	0.0	0.0	0.0	0.0	0.0	0.0	0.0	0.0	0.0	0.0	0.0	0.0	0.0	0.0	0.0	0.0	0.0	0.0	0.0	0.0	0.0	0.0	0.0	0.0	0.0	0.0	0.0	0.0	0.0	0.0	0.0	0.0	0.0	0.0	0.0	0.0	0.0	0.0	0.0	0.0	0.0	0.0	0.0	0.0	0.0	0.0	0.0	0.0	0.0	0.0	0.0	0.0	0.0	0.0	0.0	0.0	0.0	0.0	0.0	0.0	0.0	0.0	0.0	0.0	0.0	0.0	0.0	0.0	0.0	0.0	0.0	0.0	0.0	0.0	0.0	0.0	0.0	0.0	0.0	0.0	0.0	0.0	0.0	0.0	0.0	0.0	0.0	0.0	0.0	0.0	0.0	0.0	0.0	0.0	0.0	0.0
53521.25031677882	115.57183471904864	2864524235.4712973	13356.848980327097	64499.72529492188	-119.78388330077723	4160214563.1203856	14348.17869861422	54057.8037921603	49.79870345744712	2922246150.831701	2479.9108660427555	54167.27738091698	53449.34135932427	1.106205	25.341898	0.0736498899999999	0.0384978	-0.0035785453	0.0026811621	-0.0039499896	-0.0170892483	-0.0012651055	-0.0071440262	-0.0125133562	-0.0364574323	-0.0120877587	-0.0452758619	-0.029482173	0.0185152209	0.012363739	-0.0231493614	0.0062139504	0.0182395213	-0.0427481905	0.0205587968	-0.0442646364	0.0346512339	-0.0236608702	0.0079423624	-0.0269051918	0.0345398579	0.0389281648	0.0087381537	0.0100621545	0.020581399	-0.0073219535	-0.0421402693	0.041461544	0.0282791382	-0.0150600033	-0.0154725297	-0.0047581969	0.0324562817	-0.0085043157	-0.0248981965	-0.019191936	-0.0028221329	-0.0353906321	-0.0005450551	-0.0135243957	0.0414680963	0.0085700991	-0.0006700208	-0.0263415196	-0.028600567	0.024364933	-0.027202945	-0.0094299417	-0.0409548044	-0.0163993902	-0.0471197554	-0.012134066	0.0344096151	-0.0094012039	-0.042792434	0.0300566331	-0.0188820176	-0.0032105144	-0.0150897453	-0.0172769134	0.0091141409	-0.0349795601	0.022570636	0.032678663	-0.0802376682	-0.0043764422	-0.0029412604	-0.0378197409	-0.063526306	-0.0167273903	0.0236990961	-0.0069821043	0.0453016295	0.002302587	0.0060840608	0.0003675436	-0.037362833	0.0094519662	-0.0086844513	0.0336539265	0.0838729036	-0.006030546	0.043753558	-0.0310197288	0.0166498537	-0.0437467424	-0.0265210168	0.0353328474	0.0096837617	0.0353555487	0.0500464462	0.0461874518	0.0075404572	0.0072420181	-0.0290893944	-0.008557202	0.0132791815	-0.0370533856	-0.000400405	-0.0061635593	0.0242220171	-0.014538487	0.0060294112	-0.0073180057	0.0303437863	-0.0086952196	0.095114426	-0.0925195674	-0.0286021583	0.022482531	0.0447376757	-0.0310514543	0.0207886606	-0.0049158776	0.0375138234	0.0452041591	-0.0266280213	-0.0077549149	-0.0124331885	0.0214573469	-0.0010691709	-0.0374090176	0.0376962357	0.0320373481	-0.0175431838	-0.019223732	-0.0065727028	0.030611126	0.0105605596	-0.0277958279	-0.0258800579	0.0116866847	0.0332703813	-0.0039184654	0.0208962469	-0.0214006089	-0.0051107597	0.0192862471	0.0187538302	0.0251646597	-0.0031202985	0.0199189311	0.0114218694	0.0087718077	-0.056596477	-0.0670353485	0.0205363448	-0.0574647999	0.0061706411	-0.0134699309	0.0119048893	0.0239798115	-0.0035195859	0.0115550424	-0.0005709962	-0.0096836815	-0.0422913193	-0.027888978	-0.0613700866	0.0468349061	-0.006199675	-0.0175829639	0.0416313003	0.0531465857	0.0043198692	0.018634523	-0.0143531379	0.031129535	0.0051529549	-0.0110833369	0.0251079356	-0.0311087125	0.0029177242	-0.0330217138	0.0075815972	0.0920332818	-0.0342727668	0.0616536766	-0.034721066	0.0007011117	-0.0103900784	0.0511443803	0.0384927113	0.0149401697	0.0517319952	0.0085150569	-0.0328638925	0.0107217956	0.0183136992	0.017432465	-0.0010035358	0.0451261048	-0.0107730282	0.0076360086	-0.0195210987	0.0177193971	-0.0215507158	0.010120281	0.0116317484	-0.0553900084	-0.0136161487	-0.0850317478	-0.0286130408	0.0563199841	0.0023802979	0.0078915254	0.0222564652	-0.0027013546	-0.015507414	-0.0446438803	0.0155722834	-0.0215565845	-0.0199476353	-0.0113870237	0.0202341366	0.045348205	-0.0124981996	0.0206140768	-0.0452040996	-0.0256922609	0.0218950685	-0.0107980844	-0.0370502166	-0.0402345912	-0.0175931293	-0.04640654	0.0075329432	-0.0093551329	-0.0465124204	0.0397582112	0.0155880314	-0.0144468132	-0.0390463521	-0.0489555324	-0.0404462362	-0.016719905	0.0132969345	0.0383110855	0.0489115064	0.0411100147	0.0178417553	-0.0121390845	-0.0375528523	-0.0488381591	-0.0417491486	-0.01895291	0.0109739574	0.036772107	0.0487355344	0.0423632548	0.0200527028	-0.0098022517	-0.0359693177	-0.0486036939	-0.025695	-9.409999999999974e-05	8.854809999999952e-09	0.000660233025	-0.589448	0.023239	0.3474489447039999	0.000540051121	-0.00877429	-0.02511399	0.00063071249372	7.698816500410001e-05	-0.00804487	0.0001706499999999	6.471993331690002e-05	2.912142249999987e-08	0.00303582	0.0001319399999999	9.2162030724e-06	1.7408163599999913e-08	0.00046125	0.000201466	2.1275156250000005e-07	4.0588549156000016e-08	0.0	0.0	0.0	0.0	0.0	0.0	0.0	0.0	0.0	0.0	0.0	0.0	0.0	0.0	0.0	0.0	0.0	0.0	0.0	0.0	0.0	0.0	0.0	0.0	0.0	0.0	0.0	0.0	0.0	0.0	0.0	0.0	0.0	0.0	0.0	0.0	0.0	0.0	0.0	0.0	0.0	0.0	0.0	0.0	0.0	0.0	0.0	0.0	0.0	0.0	0.0	0.0	0.0	0.0	0.0	0.0	0.0	0.0	0.0	0.0	0.0	0.0	0.0	0.0	0.0	0.0	0.0	0.0	0.0	0.0	0.0	0.0	0.0	0.0	0.0	0.0	0.0	0.0	0.0	0.0	0.0	0.0	0.0	0.0	0.0	0.0	0.0	0.0	0.0	0.0	0.0	0.0	0.0	0.0	0.0	0.0	0.0	0.0	0.0	0.0	0.0	0.0	0.0	0.0	0.0	0.0
53587.79330240411	66.54298562528857	2871651591.021187	4427.968935927361	65016.50679882812	516.7815039062407	4227146156.322064	267063.12277959584	54130.08605555639	72.28226339608955	2930066216.3819404	5224.725601661667	54245.3023283257	53602.054704304486	0.948964	21.739702	0.05703643	0.0313805	-0.0051121337	0.0071677424	-0.0090847099	-0.0139078546	0.031124829	0.0117942589	-0.0384380025	0.0108121645	0.0151669379	-0.0261274403	-0.0420504639	0.007923344	0.0085330418	-0.0287524608	0.025998266	0.0228935931	-0.014061427	-0.0048474705	0.0026406247	0.0284816023	0.0036689495	-0.029922294	-0.0446594131	0.0713965036	-0.0260241364	0.0193446793	0.0278253665	0.0009886917	-0.0082351644	-0.0419900964	0.0319839504	0.0370337292	-0.022201532	-0.0479175054	-0.0473488368	-0.0621572138	0.0572647058	0.0128670493	-0.0061198477	-0.0262079996	0.0306193072	-0.0090606028	-0.0158421686	-0.0732596429	-0.0228281213	0.0883614574	-0.0434101314	-0.0308481466	-0.0427369589	-0.0071795051	0.012593834	-0.0628108088	0.0103745874	-0.0013144725	0.0150080644	0.0397513214	0.0209718059	0.0066426053	0.0449539003	-0.0189236015	-0.0007793241	0.025906299	-0.0351311957	0.0480077769	0.0065390672	-0.0266894563	-0.0110764682	0.0394804702	0.0475772984	0.0539421321	-0.0021614573	0.0389418973	0.0853904398	-0.0719263683	-0.0570854739	0.0371723019	-0.0162949459	0.0315777583	-0.0741781803	0.0217760688	0.0074117258	0.0412067906	-0.0252670529	0.0328181604	0.0360725661	0.0358257818	0.0394867811	0.001553889	-0.0041735325	-0.0112055332	0.0160269708	-0.0108342959	0.0396691925	0.0261183038	0.0404267784	0.0198096799	0.013063279	0.0428164139	0.0309791455	-0.0017769096	0.0320872351	0.0233446552	0.0275492652	-0.0075990375	-0.0678688624	0.0315360238	-0.0528219878	-0.0170947759	-0.0272296427	-0.0605388535	-0.0184927469	-0.0366647995	-0.0046724834	-0.0011400406	-0.0267519942	-0.0046326906	0.0288478512	0.0471582993	0.0531483989	0.0536488449	-0.0154756587	-0.0284546744	-0.0014819855	-0.0074268102	-0.0360454103	0.0254564802	0.0411056138	-0.0144820501	-0.0511290211	-0.0478652745	-0.0633469484	-0.0586098058	0.0053889962	-0.0052376642	0.0154624488	-0.0354138769	0.009928201	-0.0623211984	-0.0063128916	0.0061022684	-0.0922640055	0.0204725922	0.0500647607	0.0555891629	0.0048835173	0.0095970062	0.0415489105	-0.0477249667	-0.0013992667	-0.0131814907	-0.0120446877	-0.0082448314	-0.0279782175	0.0572364749	0.0139486825	-0.0049448137	-0.0374475976	0.0427773808	-0.0257224635	0.0041564322	0.0236560369	0.0224050861	-0.0383911689	-0.0325988747	0.071850558	-0.0432651362	-0.0582635792	0.0822438425	-0.0280867107	-0.0500332581	0.0606172997	0.0090276873	-0.0361806904	-0.0608744348	-0.0026436079	0.0098717882	0.0308973437	-0.0304371164	0.0261343542	0.0088803635	0.0318315528	0.0505406494	0.0257334498	-0.0093488977	0.0357488324	0.0441320435	-0.0076744641	0.048160117	-0.0056039492	-0.0425597507	0.0093274429	-0.0045240297	0.005727026	0.0433238231	-0.0498749177	-0.000371311	-0.0146276175	-0.0359882908	-0.0288447766	-0.0389889283	-0.0476672718	-0.0368764412	-0.0149239769	-0.0281316651	0.0615378838	-0.024446812	-0.0042678612	0.0367452999	0.0084344954	0.026302695	-0.0003018292	-0.0221930356	-0.0499746765	0.0188733057	0.0051906387	-0.0181918903	0.0012222587	0.0511870046	0.0206228154	-0.0002969344	0.0297808086	-0.0296139075	-0.0417656736	-0.0297651557	-0.0048003168	-0.0574557476	-0.0397150593	-0.0182130916	-0.0477520496	-0.0046016794	0.0123219877	-0.0573033747	0.0396502352	0.015237851	-0.014974647	-0.0394872168	-0.048969429	-0.0398119877	-0.0155005685	0.014710965	0.0393229378	0.0489670838	0.0399724692	0.0157627911	-0.0144468132	-0.0391574033	-0.0489631754	-0.0401316745	-0.0160245105	0.0141822002	0.0389906186	0.0489577037	0.0402895985	0.0162857183	-0.0139171345	-0.0388225891	-0.0489506689	-0.0255551	0.0001398999999999	1.957200999999954e-08	0.00065306313601	-0.575282	0.014166	0.3309493795239999	0.000200675556	-0.0202141	-0.0114398099999999	0.000130869252836	0.0004086098388099	-0.00780682	0.00023805	6.09464385124e-05	5.666780250000044e-08	0.00303582	0.0	9.2162030724e-06	0.0	7.34856e-05	-0.0003877644	5.400133407360001e-09	1.5036122990736e-07	0.0	0.0	0.0	0.0	0.0	0.0	0.0	0.0	0.0	0.0	0.0	0.0	0.0	0.0	0.0	0.0	0.0	0.0	0.0	0.0	0.0	0.0	0.0	0.0	0.0	0.0	0.0	0.0	0.0	0.0	0.0	0.0	0.0	0.0	0.0	0.0	0.0	0.0	0.0	0.0	0.0	0.0	0.0	0.0	0.0	0.0	0.0	0.0	0.0	0.0	0.0	0.0	0.0	0.0	0.0	0.0	0.0	0.0	0.0	0.0	0.0	0.0	0.0	0.0	0.0	0.0	0.0	0.0	0.0	0.0	0.0	0.0	0.0	0.0	0.0	0.0	0.0	0.0	0.0	0.0	0.0	0.0	0.0	0.0	0.0	0.0	0.0	0.0	0.0	0.0	0.0	0.0	0.0	0.0	0.0	0.0	0.0	0.0	0.0	0.0	0.0	0.0	0.0	0.0	0.0	0.0
53528.14922818267	-59.64407422143995	2865262759.7945933	3557.4155897326377	64857.44862011719	-159.0581787109331	4206488641.511141	25299.504214839144	54118.7487004352	-11.33735512119165	2928838960.9008565	128.53562114401052	54243.43779733587	54274.70636160715	0.90712	20.781101	0.1188310499999999	0.0562597	-0.0052226626	-0.0078263867	-0.0027011864	-0.0030599181	0.0264783222	0.0259562971	-0.0400869824	0.0666914921	0.0108350895	-0.015974388	-0.0298442664	0.0062423072	0.0142763344	-0.0237687256	-0.0071653173	0.0196847076	-0.0479327293	-0.0128425603	0.033324122	0.0112782313	0.0209084413	-0.0699455651	0.0098174813	0.0006071596	-0.0064911665	-0.0224465904	-0.0074773608	0.0011471942	-0.0073944099	-0.0264684622	-0.0594113414	0.0414517024	-1.01687e-05	0.0065942999	-0.0100534543	0.0009279474	-0.0460230823	-0.0582159252	-0.000594826	-0.0019188321	0.0703651403	0.0284660983	0.0256936233	0.0689311218	0.0045884621	0.0187190079	-0.0304330682	0.0373634485	0.027283535	-0.0236048614	0.0444026464	-0.0399210296	-0.0018060866	0.0322688347	-0.0006790362	0.0051044185	0.0203001168	0.0078714423	0.0157037664	0.0069667597	-0.0226805177	-0.059639023	0.0185644455	0.0180803853	0.0619532495	0.0320354433	0.0219433445	0.0108761616	-0.0122570743	0.0123614606	0.0150313466	0.0115277949	0.022430974	0.0422532578	0.0388112356	0.0327002597	-0.0679909188	-0.0098459786	-0.0311407726	-0.0120178267	-0.003965859	0.0037908067	0.0026682987	0.0301625851	-0.0324802889	0.0750060877	0.0002021522	0.0515308597	0.0215869103	0.0337922659	-0.0107187587	-0.0416681414	-0.0245439626	0.0063588356	0.0225366649	-0.0504160818	0.0099834394	0.0153443581	0.0270585	0.0312717155	-0.0072196666	0.022501698	-0.0552295033	-0.0025639288	-0.0096208976	0.0797434507	0.0203715759	-0.0051818221	-0.0477236751	-0.0369505924	0.0103426841	-0.0345029421	-0.0130119923	-0.0344536051	-0.0088445334	-0.0218999676	0.0677867797	-0.0122087315	0.001315151	0.0080153697	0.0192316758	0.0044739065	0.0075767139	-0.0017865144	-0.0382503173	-0.0577121432	0.0263694316	-0.0081465537	0.0112193101	-0.0091222898	0.0006994625	0.0483673991	-0.046179594	-0.0023540843	0.0038282023	-0.063823653	-0.0253684691	0.0876541778	0.0159967581	-0.0094288999	-0.0066208592	0.0407928428	-0.0187029173	-0.0094524445	0.0103663987	-0.0313648653	0.043397883	-0.0372792529	0.0240753529	0.0141966508	-0.0118379594	0.0004048188	-0.0084161512	0.0187728253	-0.0100569782	0.0155155305	0.0220410259	-0.0518868016	-0.0480308644	0.0531528604	-0.0139962	-0.028243765	-0.0105561333	0.0206540022	0.0168946147	-0.0198807659	-0.0101104473	0.0116631552	0.0494337811	0.038656326	0.0403222339	-0.0532137285	-0.0080544988	-0.0038348547	-0.0294839704	-0.0196759296	0.0023458136	-0.0099787123	0.0061218651	-0.0608650467	0.0596230723	0.0454748716	-0.0146483511	0.0482492349	0.0088568111	-0.0444388344	-0.0154204828	-0.0102630242	0.0295316101	-0.0219676298	-0.0429042327	0.0381544588	0.0201559191	0.0114199277	-0.024697447	-0.0359139404	-0.0016412115	-0.0121767594	0.0632881701	0.0147213059	-0.0782590622	0.0256671855	-0.0116299011	-0.0016729816	0.0673230107	-0.0197088946	-0.0239215896	0.0153251093	0.0061843214	0.0171317161	-0.0017472956	-0.0310254626	-0.0513874791	-0.0018641549	-0.0081849221	0.0050306534	-0.0092271519	0.0113008827	0.0191396755	-0.0154694258	0.0491953324	0.0105793722	-0.0115698482	-0.0226024829	-0.0298991	-0.0603562505	-0.0201640442	-0.0302707528	-0.0400666227	0.0421516252	-0.0047056926	-0.0106993668	0.0395416966	0.0148868057	-0.0155005685	-0.0399191169	-0.0489659547	-0.0391574033	-0.0142704553	0.016111637	0.0402895985	0.0489531875	0.0387663036	0.0136516244	-0.016719905	-0.040653077	-0.0489319113	-0.0383684655	-0.0130304206	0.0173252667	0.0410094892	0.0489021298	0.0379639583	0.0124069519	-0.017927617	-0.0413587732	-0.0488638482	-0.0255775	-2.239999999999881e-05	5.017599999999467e-10	0.00065420850625	-0.615111	-0.039829	0.3783615423209999	0.001586349241	-0.00287712	0.01733698	0.0003005708755203	8.2778194944e-06	-0.00726637	0.0005404499999999	5.28001329769e-05	2.920862024999996e-07	0.0024945	-0.0005413199999999	6.222530250000001e-06	2.930273423999997e-07	0.000224569	0.0001510834	5.043123576100001e-08	2.2826193755560004e-08	0.0	0.0	0.0	0.0	0.0	0.0	0.0	0.0	0.0	0.0	0.0	0.0	0.0	0.0	0.0	0.0	0.0	0.0	0.0	0.0	0.0	0.0	0.0	0.0	0.0	0.0	0.0	0.0	0.0	0.0	0.0	0.0	0.0	0.0	0.0	0.0	0.0	0.0	0.0	0.0	0.0	0.0	0.0	0.0	0.0	0.0	0.0	0.0	0.0	0.0	0.0	0.0	0.0	0.0	0.0	0.0	0.0	0.0	0.0	0.0	0.0	0.0	0.0	0.0	0.0	0.0	0.0	0.0	0.0	0.0	0.0	0.0	0.0	0.0	0.0	0.0	0.0	0.0	0.0	0.0	0.0	0.0	0.0	0.0	0.0	0.0	0.0	0.0	0.0	0.0	0.0	0.0	0.0	0.0	0.0	0.0	0.0	0.0	0.0	0.0	0.0	0.0	0.0	0.0	0.0	0.0
53532.82773407771	4.678505895040871	2865763645.20644	21.88841740993218	65235.53119042969	378.08257031250105	4255674529.697525	142946.4299741073	54134.70582140806	15.95712097286014	2930566374.370392	254.6297097424929	54248.931132366495	53454.93261274858	0.977362	22.390263	0.1072989399999998	0.054473	-0.0062266226	-0.0066619402	-0.0053250234	-0.0104342341	0.0374644373	0.0420611059	-0.0364987176	0.0023102839	-0.0066998851	0.0349240529	-0.0217426477	0.0135929687	-0.0128351373	-0.0270077385	0.0085554401	0.0073991713	-0.0458832529	0.0061413571	0.0134847131	-0.0342786592	0.0709267861	0.0076743291	-0.0146827172	-0.0067148615	0.04382113	0.031435422	-0.0071223322	-0.0715478492	0.04866051	0.0176945839	0.0321235129	0.0260420573	0.0212267344	0.0605240002	-0.0044421949	0.0178234313	0.0302919121	0.0045533948	0.0210551504	0.000793428	0.0046325859	0.032740925	-0.004610197	-0.0031158942	-0.0004924484	0.0254714616	0.0208781029	0.0269466175	0.0210869404	-0.0001440995	0.0018159134	-0.0417621097	-0.0368624539	0.0161824202	0.0344318942	-0.0341327108	-0.0113376771	0.0305569608	-0.0242316894	-0.0362307479	-0.0452207467	-0.0277941502	0.0031399548	0.022389642	0.0163364	-0.0535434674	0.0150814712	-0.0129111852	0.0326139981	0.0246745642	-0.0162734657	0.0373009963	0.0050198249	-0.0449956104	-0.0113593694	-0.0318166602	-0.0287943331	0.0528176078	0.0276803939	-0.0050111915	-0.0235581425	0.0880797503	0.0097224805	-0.0519072502	-0.0247455356	0.0530516008	0.0325973577	-0.0066637101	-0.0248158688	0.0141788994	-0.08458021	-0.0256887825	0.0077763589	-0.0249803075	0.0356705273	0.0430500652	-0.0075373403	0.0397344782	-0.0320204901	-0.0610928956	-0.0368452571	0.0016799039	-0.0208021191	-0.0234217335	0.0038886983	-0.0528666313	0.0305475318	0.0193804078	0.0105669585	-0.0112240624	0.0158196832	-0.0041060922	0.00664059	-0.0183746849	0.0371147626	-0.0694121476	-0.0087079045	0.0211360361	0.0080163745	-0.0421008799	-0.0308332948	0.0085340252	-0.0761816472	0.035275825	0.0162379011	0.0240231437	0.0289342298	0.0227129944	0.0556534644	-0.0092350583	0.023159193	-0.0297140147	0.0093047293	0.0162568588	-0.0032285583	-0.0035882668	-0.0412562538	0.0154225765	-0.0064785261	-0.0015023096	-0.0354056443	-0.0111741391	-0.0267715223	-0.0283204677	-0.0010535941	0.0252558394	0.0583393997	0.0012981876	0.0137349818	-0.0219174266	0.0138834892	0.0107679183	0.0295111748	-0.0176714089	0.0541104598	0.0276043266	0.0165896314	-0.0194498329	-0.023532058	0.008275856	0.0492229533	-0.0109556203	0.0026548447	-0.039049703	0.0297221094	-0.000225496	-0.0381204764	0.0130538375	-0.0362500764	-0.0078136809	-0.0027257914	-0.0136556933	-0.0752043295	0.0187596534	0.0270473638	0.0663086574	0.0699970329	0.0063842778	-0.0517002783	-0.0153681006	0.0496859128	0.0298130917	0.0067253271	-0.0479170357	-0.0087593397	-0.0650698712	-0.0526624528	-0.0023929721	-0.0266929225	-0.0379633093	0.0287148969	-0.0383273758	-0.0316862661	0.0364329158	0.0383396131	0.051977505	-0.0284337502	0.0167770247	0.0079571512	-0.036751921	0.0308010212	0.0281542408	0.0066587038	0.0260308979	0.0173169316	-0.0200482714	-0.0151590574	0.0064541229	0.0052385737	0.0289022082	-0.0014048187	-0.0258821547	-0.0636972594	0.0160080595	-0.0043681835	-0.0019871023	-0.0309172579	0.0501871409	-0.0276602644	-0.0133437482	0.0634907111	0.0717120163	0.002778865	0.016286796	-0.0214209872	-0.0584462189	-0.0255679295	-0.019278078	-0.0434879161	0.0256906545	0.013258909	-0.0310291767	0.039432597	0.0145349155	-0.0160245105	-0.0403419543	-0.0489451109	-0.0384828171	-0.0130304206	0.0174976787	0.0412099568	0.0488698372	0.0374935883	0.0115125682	-0.01895291	-0.0420357148	-0.0487444668	-0.0364659247	-0.0099829142	0.0203887125	0.0428183818	0.0485691282	0.0354008796	0.0084430267	-0.0218036145	-0.0435571555	-0.0483440011	-0.0255129	6.459999999999799e-05	4.17315999999974e-09	0.00065090806641	-0.582312	0.0327989999999999	0.3390872653440001	0.0010757744009999	-0.0121651	-0.00928798	8.626657248039999e-05	0.0001479896580099	-0.00677037	0.0004959999999999	4.583790993690001e-05	2.460159999999999e-07	0.00303582	0.0005413199999999	9.2162030724e-06	2.930273423999997e-07	-4.10582e-05	-0.0002656272	1.68577578724e-09	7.055780937984001e-08	0.0	0.0	0.0	0.0	0.0	0.0	0.0	0.0	0.0	0.0	0.0	0.0	0.0	0.0	0.0	0.0	0.0	0.0	0.0	0.0	0.0	0.0	0.0	0.0	0.0	0.0	0.0	0.0	0.0	0.0	0.0	0.0	0.0	0.0	0.0	0.0	0.0	0.0	0.0	0.0	0.0	0.0	0.0	0.0	0.0	0.0	0.0	0.0	0.0	0.0	0.0	0.0	0.0	0.0	0.0	0.0	0.0	0.0	0.0	0.0	0.0	0.0	0.0	0.0	0.0	0.0	0.0	0.0	0.0	0.0	0.0	0.0	0.0	0.0	0.0	0.0	0.0	0.0	0.0	0.0	0.0	0.0	0.0	0.0	0.0	0.0	0.0	0.0	0.0	0.0	0.0	0.0	0.0	0.0	0.0	0.0	0.0	0.0	0.0	0.0	0.0	0.0	0.0	0.0	0.0	0.0
53418.19708942674	-114.63064465096976	2853503780.28484	13140.184693096904	64916.57176855469	-318.9594218749989	4214161290.181912	101735.11280283357	54016.87759251844	-117.82822888962257	2917823064.8451204	13883.491523265282	54131.67629508356	53343.36533583604	1.051947	24.098917	0.0480354699999999	0.0251514	-0.0022188674	-0.0104410445	-0.001151485	-0.019028905	0.0244110851	0.0120683765	-0.0264924685	-0.0651767242	0.0013614904	-0.0154684647	-0.0331558554	0.0161507238	-0.0101009158	-0.0317970194	-0.0237292958	0.0141931445	-0.0189458351	0.0310938878	-0.0737820475	-0.0032692232	-0.0131693445	0.0180759455	-0.0279459073	0.0054927613	0.0118632494	0.008640789	-0.0188774136	0.0159950233	0.0200907049	0.0096954469	0.001663288	0.0142036896	0.0420034621	0.0122892003	0.0009650319	-0.0189330359	-0.0398764468	0.0164095853	0.0009288345	-0.0159837297	0.0239904409	-0.001469386	0.0267395978	-0.0532701878	-0.0069262208	-0.0431986096	-0.008525663	0.0051711337	-0.0443579015	0.008464225	-0.0561299339	-0.0300463474	-0.0125993943	-0.0206729573	0.0489723234	0.0813353434	0.0689385582	0.0144895883	0.0001810882	-0.0463873613	-0.0025980627	0.0235781373	-0.0260239101	0.0508608644	0.0530877685	-0.0029819621	0.0364997058	0.0077017987	0.0048485664	-0.0305041534	-0.044440657	-0.0443401988	0.0173586248	-0.0061603585	0.0273070787	-0.0173534132	0.0418643674	-0.0107545846	-0.0469100757	-0.0131002698	0.0110283116	0.0578840583	0.0179825707	-0.0427740956	-0.0778749534	0.0122226452	-0.0124044564	-0.0369685066	-0.0017363065	-0.0118325675	0.0285801135	0.0085241031	-0.0071908589	0.0450485168	0.0263282961	0.0214976237	0.0292032462	0.0393873082	0.0566786758	-0.0106585819	0.003037146	0.0296395577	-0.0937103886	0.0015281066	0.0258400648	0.0001808326	-0.0317601636	0.001706806	-0.0402211935	-0.0023993656	0.0333267723	0.0447081283	0.0341875755	0.0716087774	0.0060924816	0.0104262772	-0.0132423138	0.0318998041	0.0048818131	-0.0130784352	-0.0080349574	0.0192382677	0.0096184466	0.0208570626	0.0163872894	-0.0066929795	0.0140738414	0.0399884866	0.009059853	-0.0029534198	-0.0167388104	0.041150737	0.0170332392	3.65965e-05	0.0139332171	-0.0257979661	0.0075967316	-0.0499047683	0.0345640483	0.0089005675	0.0185413217	0.0157190516	-0.0087873433	0.0142219499	-0.0026777435	0.0758039796	0.024507433	0.016424301	0.0079446604	-0.0487444588	-0.0337739018	-0.0655207615	-0.0728308929	0.0296804934	0.0546227048	-0.0107089661	-0.0449663098	0.0246224498	-0.0403085316	0.0448928035	0.0072364203	-0.0388634	-0.0159478065	-0.004980663	-0.006023261	0.0572892314	0.035882039	0.0412679944	-0.006498026	0.021627266	-0.021706535	0.0338020228	-0.0004902084	-0.0386537356	-0.0330317685	0.0239917043	0.0240624228	0.0229149503	-0.0560194323	-0.063650329	0.0241180555	-0.0385763453	0.0378966868	-0.0199575369	-0.0112520283	0.0261297551	0.02349646	0.030320999	0.0375976413	-0.0246937718	0.0280574543	0.0033740066	0.0022866474	0.0534329783	-0.0468243332	0.0193109043	-0.0099463243	0.0105502718	0.0937112693	0.0215830907	0.019986056	-0.0255267486	-0.0274257804	0.0025080683	0.0250964482	0.0478221149	-0.0016775931	0.0188601973	0.0062263164	0.0259923156	-0.0006182194	-0.0233739703	-0.0577504229	0.0252804515	-0.0102007758	-0.0141433279	-0.0108782264	0.0294246595	0.0218353081	-0.0056038052	0.0330571771	-0.0348543337	0.0086855835	0.0650208059	-0.0320846461	-0.0405128409	-0.0399918183	-0.0420000726	-0.056700516	0.0122555803	-0.0119307872	0.0161453211	0.0393229378	0.0141822002	-0.0165464061	-0.0407556328	-0.0489069049	-0.0377885739	-0.0117813266	0.0188678315	0.0420829549	0.0487171511	0.0361565084	0.0093499925	-0.0211404744	-0.0433014723	-0.04840144	-0.0344309608	-0.0068944842	0.023358459	0.0444080345	0.0479605879	0.0326163926	0.0044211503	-0.0255160508	-0.0453997805	-0.0473957345	-0.0164638	0.0090491	8.188621081000001e-05	0.00027105671044	-0.599997	-0.0176849999999999	0.359996400009	0.0003127592249999	-0.00426379	0.00790131	6.24306997161e-05	1.81799051641e-05	-0.00698578	-0.0002154099999999	4.880112220839999e-05	4.640146809999966e-08	0.00303582	0.0	9.2162030724e-06	0.0	-9.36494e-05	-5.25912e-05	8.77021012036e-09	2.76583431744e-09	0.0	0.0	0.0	0.0	0.0	0.0	0.0	0.0	0.0	0.0	0.0	0.0	0.0	0.0	0.0	0.0	0.0	0.0	0.0	0.0	0.0	0.0	0.0	0.0	0.0	0.0	0.0	0.0	0.0	0.0	0.0	0.0	0.0	0.0	0.0	0.0	0.0	0.0	0.0	0.0	0.0	0.0	0.0	0.0	0.0	0.0	0.0	0.0	0.0	0.0	0.0	0.0	0.0	0.0	0.0	0.0	0.0	0.0	0.0	0.0	0.0	0.0	0.0	0.0	0.0	0.0	0.0	0.0	0.0	0.0	0.0	0.0	0.0	0.0	0.0	0.0	0.0	0.0	0.0	0.0	0.0	0.0	0.0	0.0	0.0	0.0	0.0	0.0	0.0	0.0	0.0	0.0	0.0	0.0	0.0	0.0	0.0	0.0	0.0	0.0	0.0	0.0	0.0	0.0	0.0	0.0
53476.96850289514	58.77141346839926	2859786160.2596397	3454.0790410735417	64820.73674121094	-95.8350273437536	4201727911.6733737	9184.352465978	54133.06617202611	116.18857950767416	2930388853.184958	13499.786008011117	54242.09780120124	53465.78204076197	1.209791	27.714951	0.1484503749999999	0.0801468999999999	-0.007774568	0.0146305048	0.002480502	-0.0090599595	0.0282184001	0.0203632828	-0.0236982049	0.0293042781	0.023191	-0.0228848997	-0.0461003308	0.0156140271	0.0291393673	-0.0251030504	-0.0179232901	0.0013829351	0.0124906011	-0.0029647988	0.0007962491	-0.0220739497	0.0127736123	-0.0349206519	0.0039173139	0.0413683682	0.0120971085	0.0258471054	0.0006045231	-0.0024585044	0.0803838326	-0.0092095348	0.0257328337	0.009134353	-0.0165783438	-0.0501190708	0.0278023015	-0.0633913333	-0.0395704475	0.0041591639	0.0043955141	0.0171511092	0.0232978607	-0.0229705297	0.014055786	-0.0052586835	0.0011048623	-0.0352151123	-0.0322529357	-0.0206343966	0.03835707	-0.0821662664	-0.060971945	-0.0150434514	-0.0341265165	-0.0719277188	-0.0291624517	-0.006416502	0.0626430555	-0.0710322005	0.0008891398	0.0391126193	0.0510500222	-0.0165931038	0.0603960717	0.0134616123	0.0177120497	0.0177002401	0.0097839363	-0.0300423591	-0.021362204	-0.006081929	0.0127812695	-0.0290528093	0.0294172403	-0.0592379176	-0.0638269018	0.0205440511	-0.0479594375	-0.0024949295	0.0618124175	0.0647828971	-0.0013371004	-0.0073698034	-0.0334688038	-0.0350065321	-0.0580628562	-0.0187739767	0.0091784043	-0.0012923505	0.0528673959	0.0388954391	-0.0349479649	-0.0372057478	-0.0033582065	0.0300180453	-0.0071134625	-0.0184731422	0.0211863292	-0.0278664979	0.0019928453	0.0226074661	-0.0086576918	-0.0590061052	0.0388971517	0.0013891258	-0.0286866337	0.0166158758	0.0362894549	-0.0338471075	0.0309816194	-0.0116197268	0.0403671353	-0.0081559862	0.0007994424	-0.0015521224	0.0259208099	-0.0126037423	0.0326103592	0.0048279851	0.0509865156	0.003649	-0.0251503515	-0.0059730658	-0.0120974545	0.0776489152	-0.003596547	0.0268125206	0.008941862	-0.0098754222	-0.0466612514	0.0308457978	-0.0660713207	0.0359579083	0.0091635088	0.0074891933	-0.0134840393	-0.0185811897	0.0311932636	0.0100199597	0.0097584318	0.007501421	0.0303565517	0.0285200043	0.0187746566	-0.03684806	0.0849435933	0.0611296558	-0.0112628537	-0.0182738241	-0.0845883547	0.0086591906	-0.0114729302	0.0131540548	-0.0596131618	-0.0241616314	-0.0682715578	-0.0518199342	-0.0202521814	-0.0565169792	-0.0111815745	-0.0023124012	-0.0021176127	-0.024592315	0.0321517751	0.0241758031	-0.0110258382	-0.0166263469	0.0254551111	0.0416848343	-0.045007655	-0.0578483987	0.0332659262	-0.0385181162	0.0298733605	0.0202800103	0.0860304887	0.0040993573	0.0170434617	0.0065979115	-0.0593175225	-0.0430425642	-0.0471037873	0.0284016659	0.0230388917	0.0410137674	-0.0292330826	-0.0412724342	-0.0355005637	0.0181992324	0.0262855096	0.0184130771	-0.0106149747	0.0214378735	0.0261826212	-0.0081291182	0.0175906806	-0.0132997967	0.0500437275	0.0290945563	-0.0530536231	-0.0074732262	-0.0220900732	0.0082432553	0.0630028258	-0.0146679388	-0.0085700407	-0.0070249728	-0.0417374896	0.0533607935	0.0119140882	0.0172354625	0.0074725213	-0.0205752304	-0.0258857006	0.0052654752	0.0187620331	-0.0139089878	0.0059397894	0.0250740909	-0.0023731865	0.0044795931	0.038897727	0.0024710318	0.005815539	-0.0470629753	-0.0169110723	-0.037434295	-0.0180767435	-0.0283504157	-0.0249704307	-0.0302110095	0.0248063534	0.0279094401	0.0392127206	0.0138286801	-0.0170661886	-0.0411600588	-0.0488513503	-0.0370750283	-0.0105240416	0.0202208511	0.0429075896	0.0484953459	0.0347573591	0.0071683153	-0.0232773535	-0.04444683	-0.047903926	-0.0322709638	-0.0037777911	0.0262208584	0.0457703078	0.0470799613	0.0296279125	0.0003689281	-0.0290370768	-0.0468715983	-0.0460274517	-0.0255721	-0.0091083	8.296112889e-05	0.00065393229841	-0.648369	-0.0483719999999999	0.4203823601609999	0.0023398503839999	-0.027527	-0.02326321	0.000541176939504	0.000757735729	-0.0081470499999999	-0.0011612699999999	6.637442370249838e-05	1.34854801289977e-06	0.00303582	0.0	9.2162030724e-06	0.0	9.92179e-05	0.0001928673	9.844191680410001e-09	3.719779540929e-08	0.0	0.0	0.0	0.0	0.0	0.0	0.0	0.0	0.0	0.0	0.0	0.0	0.0	0.0	0.0	0.0	0.0	0.0	0.0	0.0	0.0	0.0	0.0	0.0	0.0	0.0	0.0	0.0	0.0	0.0	0.0	0.0	0.0	0.0	0.0	0.0	0.0	0.0	0.0	0.0	0.0	0.0	0.0	0.0	0.0	0.0	0.0	0.0	0.0	0.0	0.0	0.0	0.0	0.0	0.0	0.0	0.0	0.0	0.0	0.0	0.0	0.0	0.0	0.0	0.0	0.0	0.0	0.0	0.0	0.0	0.0	0.0	0.0	0.0	0.0	0.0	0.0	0.0	0.0	0.0	0.0	0.0	0.0	0.0	0.0	0.0	0.0	0.0	0.0	0.0	0.0	0.0	0.0	0.0	0.0	0.0	0.0	0.0	0.0	0.0	0.0	0.0	0.0	0.0	0.0	0.0
53496.69630487069	19.727801975546758	2861896515.5355654	389.1861707863864	64758.30506933594	-62.431671874997846	4193638075.453181	3897.713653107397	54073.35691187137	-59.70926015474106	2923927927.7186275	3565.1957482265484	54191.08875104068	54276.94300109071	1.02888	23.570484	0.308044005	0.204299	-0.0047331816	0.0218276883	0.0360181544	0.0075142796	0.0390381596	-0.0142848399	-0.0206495812	0.0182265065	0.0784150914	-0.0026499032	0.0112665596	0.0108858463	-0.0111427052	0.0130391795	-0.051612134	-0.0430715266	-0.0038895088	0.0368235225	0.0004238039	-0.0310415865	-0.0166980993	0.0105658644	0.0137680635	-0.0262057081	0.0273254788	-0.052069511	-0.0503566818	-0.0244003948	-0.0502863293	0.048960938	-0.0358324621	0.006693545	-0.0662151429	0.0348874975	0.0367944675	-0.0174991718	0.044997316	0.0115947899	0.000712871	-0.0129837681	-0.008630565	0.0346959125	0.016120742	-0.0157098479	-0.029966822	-0.0467815037	0.0103656544	0.0621866132	0.0198187424	0.0459850826	0.0014957485	0.0465762627	0.0058463531	0.0386652362	0.0073823371	-0.0438879557	-0.051554873	0.0238843414	0.0063348664	0.0198646131	-0.0005258264	-0.0230546205	0.0159741669	-0.0207822858	-0.0440152958	0.0169360947	-0.0661107361	0.0071383437	-0.0198175481	-0.024445267	0.0737512965	0.0309553067	-0.0148468772	-0.0938501666	-0.0841978753	0.047562263	0.0282701977	0.0027839219	-0.0052126783	0.0028906392	0.0312896929	0.0283182103	-0.0037575811	-0.0390374442	-0.0263466015	-0.0368071985	0.0069892626	-0.0433410688	0.0128615207	0.000524862	0.0197724335	-0.0017513985	-0.0244069413	-0.0399507114	-0.0727800358	-0.0069194309	0.0273468513	0.0118158786	0.0163372518	-0.0062746352	-0.0144329488	0.0418167535	-0.0317296615	-0.0117605495	0.0330245914	0.0142510674	-0.0060099054	-0.0205349042	0.0156167897	-0.1178410222	0.0067130155	0.0274489952	0.0370510639	-0.004320226	0.0292972296	0.0163335979	-0.0099057578	-0.0148449578	-0.0148263783	-0.0359026018	0.050531899	0.0529991165	-0.0135069948	-0.0458085559	0.030766658	-0.038524141	0.000711696	-0.0760945099	0.0408227699	0.0354917463	-0.016587216	-0.0463893332	0.0114767197	0.0008522038	0.0073121099	0.0059918823	-0.031279365	-0.0127708873	0.0213830225	0.0307402307	0.0242233497	0.014224888	-0.0451960597	-0.0381497406	-0.044814163	-0.0100973847	-0.0203645017	0.047947327	0.0541570229	-0.0120470326	0.0242098651	0.0256332013	0.0598864489	0.0062555323	-0.0258185807	-0.0040127333	0.0230300906	-0.0216204638	0.0074066177	-0.0313928133	-0.0244314086	0.0804817821	0.0024176399	0.0233443213	-0.0503417201	-0.0865187114	-0.0194830711	-0.0116006626	-0.0849259251	-0.066532557	0.0574076691	0.0506104541	-0.0110397365	-0.012689079	-0.0015971986	0.0287891673	0.0093371161	0.0185106866	-0.0478058439	-0.0011710288	-0.040942975	-0.0064898178	0.0196328489	-0.0110648575	-0.0341454574	0.0076170782	0.0052063252	-0.0546985513	0.0053373838	0.0711319066	-0.0084201337	0.0094374216	0.0041568668	0.0247363395	-0.0076839525	0.0057994684	-0.0455726597	0.0226366737	0.0343263501	0.0285406722	0.0029006731	-0.0235067202	0.05016538	0.0450634512	0.0879458514	0.0326967571	0.0191844787	0.0057339094	0.0366557781	-0.0175393391	0.0159323695	-0.0061555994	0.0334331333	-0.0359659783	0.0247418265	0.0446316268	0.0136938865	-0.0258620033	0.0036628514	0.0303466369	0.0140109975	0.0088984517	0.0371175193	0.0322342567	-0.0323923953	0.0332512851	0.0229124985	-0.0159812059	0.0202186204	-0.0278760321	0.0339403482	0.0354056223	0.039101947	0.013474375	-0.0175837917	-0.0415551402	-0.0487784667	-0.0363425447	-0.0092594399	0.021555509	0.0436829132	0.0482047363	0.0332985423	0.0049719936	-0.025358424	-0.0454686032	-0.0472535125	-0.0299937775	-0.0006456115	0.0289627561	0.0468982266	0.0459322442	0.02645413	-0.0036858265	-0.0323402795	-0.0479605879	-0.0442512785	-0.0257267	-0.0001546	2.3901160000000392e-08	0.00066186309289	-0.795177	-0.146808	0.632306461329	0.021552588864	-0.00576055	0.02176645	0.0004737783456024	3.318393630249999e-05	-0.0105901	-0.00244305	0.00011215021801	5.968493302500485e-06	0.00303582	0.0	9.2162030724e-06	0.0	0.000442467	0.0003432491	1.95777046089e-07	1.1781994465081e-07	0.0	0.0	0.0	0.0	0.0	0.0	0.0	0.0	0.0	0.0	0.0	0.0	0.0	0.0	0.0	0.0	0.0	0.0	0.0	0.0	0.0	0.0	0.0	0.0	0.0	0.0	0.0	0.0	0.0	0.0	0.0	0.0	0.0	0.0	0.0	0.0	0.0	0.0	0.0	0.0	0.0	0.0	0.0	0.0	0.0	0.0	0.0	0.0	0.0	0.0	0.0	0.0	0.0	0.0	0.0	0.0	0.0	0.0	0.0	0.0	0.0	0.0	0.0	0.0	0.0	0.0	0.0	0.0	0.0	0.0	0.0	0.0	0.0	0.0	0.0	0.0	0.0	0.0	0.0	0.0	0.0	0.0	0.0	0.0	0.0	0.0	0.0	0.0	0.0	0.0	0.0	0.0	0.0	0.0	0.0	0.0	0.0	0.0	0.0	0.0	0.0	0.0	0.0	0.0	0.0	0.0
53438.95710186072	-57.7392030099727	2855722136.13451	3333.8155642268403	65081.629247558594	323.3241782226541	4235618465.516674	104538.52422335465	54087.95860659453	14.601694723161929	2925507266.2286835	213.2094887884149	54208.59495049358	54128.59683782404	0.990178	22.683859	0.2038983	0.102213	-0.0090350272	0.0283706394	0.0115082674	-0.0083060453	0.031561492	-0.0191822146	-0.0086649027	-0.0056179866	0.0248069528	-0.0361706915	0.0198330869	0.0367929692	-0.0539707499	0.0004854244	0.0286843451	0.0178721908	0.0188618275	0.0260632552	-0.0116045522	0.0030326062	-0.0115239047	-0.050777846	-0.0397638443	-0.0025220715	0.0035383768	0.0252556623	-0.0285281793	-0.0204515616	0.0662689994	-0.0029530936	-0.0128573011	0.0185213058	0.0349963083	-0.0079764312	-0.031114552	-0.0158043999	0.0195315511	0.0120537677	-0.0003570563	-0.0444823674	0.0065416901	-0.0159710231	0.0049010159	0.0057566426	0.021273304	0.025562509	-0.015502659	0.0414679625	-0.0654008794	-0.0275938125	0.0059918701	-0.0135225721	-0.0317328596	-0.0235263595	0.0217376781	0.0178564992	-0.0162794213	-0.0306012004	-0.0031397852	-0.0443257107	0.0289107372	-0.0031212606	-0.044030657	-0.0177923517	0.064877053	0.0310816425	-0.071025364	0.0340913136	-0.0260586962	-0.0574938504	0.0678111083	-0.0565374165	0.034571736	-0.0782361316	0.0350275171	0.013488042	-0.0219446917	0.022195571	0.0140305452	0.0778714375	-0.0970232521	0.0047756534	0.0353263312	0.0619566264	0.0260404565	0.0113818698	-0.0010380237	-0.0101871271	-0.0160965426	-0.0562095718	-0.0603238727	0.034808255	0.0443310632	-0.0265426001	0.0081781546	0.0478245358	0.022343397	0.0182763101	-0.0164431288	-0.0441609716	-0.0492321833	-0.0346840645	0.0267573228	0.0481640208	0.0247232918	0.0101721498	0.0236768778	-0.0171621957	-0.0235997924	0.0286167795	0.0197578756	0.0184489094	0.0258919208	0.0081505011	-0.003119003	0.0106509684	0.0520986498	0.0389000773	-0.0041274156	-0.0020885404	-0.0241037972	0.0267449269	-0.032718207	0.0644694993	0.0016691781	-0.0152981619	0.0146916654	0.0368938263	-0.011723295	-0.032069241	-0.0144165739	-0.0218051413	0.0150581191	-0.001114537	0.041006399	-0.0078089421	0.0139081491	-0.0021824542	0.0069077027	-0.0284594466	-0.0254159452	0.0217884278	-0.0396964662	0.065724849	0.0222280615	0.0012482786	0.0219899098	0.0083672131	-0.012583207	-0.0127236067	-0.0446594999	0.0008129278	0.001183106	-0.0077169917	0.0210958941	-0.0670048138	0.020525322	0.0303952968	-0.007087624	0.0832519942	-0.0260329691	0.0755346292	-0.0136810973	0.0360082537	-0.0506321771	-0.0397622364	0.0512342091	0.0450706178	-0.0467650663	0.044790433	0.0392036113	-0.0327072746	0.0146886833	-0.0097551374	0.0854854739	-0.0480656574	0.0850549688	0.002986398	0.086814692	0.0192791312	0.0190394256	-0.0158670965	-0.0256595913	-0.0451757622	-0.0330810059	-0.0024990636	-0.0244271217	0.0179544871	-0.0742034968	-0.0181835862	0.0381111379	-0.021213695	-0.0106397869	0.0482943132	0.0650902622	0.0442943813	0.0368010232	-0.0278038166	-0.0128841815	0.0426999172	0.0099917941	0.028722643	-0.0013695827	-0.0199550188	-0.0244064891	0.0276808962	-0.0112643982	0.0084598328	0.0279429728	-0.0003584911	0.011749959	-0.0074369498	0.0178368076	0.0302057823	-0.0090732289	0.0428619385	0.0007460933	0.0063376542	0.0060141043	0.014256091	0.0128404825	-0.0125144251	0.0060273889	-0.0182276695	0.0155342002	0.0020859459	0.0151210687	-0.0308319024	0.010239017	-0.0350786255	0.0110504417	-0.0029889779	0.0389906186	0.0131193052	-0.0180991493	-0.0419407874	-0.0486882801	-0.0355914973	-0.0079884006	0.0228705931	0.0444080345	0.0478457346	0.0317825624	0.0027655145	-0.0273786964	-0.046363951	-0.0464522756	-0.0276076712	0.0024892147	0.0315715513	0.0477860158	0.0445239479	0.0231148951	-0.0077152822	-0.0354008796	-0.0486578547	-0.0420829549	-0.040571	-0.0148443	0.00022035324249	0.001646006041	-0.7299879999999999	0.0651890000000001	0.5328824801439997	0.004249605721	-0.0370485	-0.0312879499999999	0.0009789358152024	0.0013725913522499	-0.00970703	0.0008830699999999	9.42264314209e-05	7.798126248999995e-07	0.00219798	-0.0008378399999999	4.8311160804e-06	7.019758655999997e-07	0.000311836	-0.0001306309999999	9.7241690896e-08	1.7064458160999993e-08	0.0	0.0	0.0	0.0	0.0	0.0	0.0	0.0	0.0	0.0	0.0	0.0	0.0	0.0	0.0	0.0	0.0	0.0	0.0	0.0	0.0	0.0	0.0	0.0	0.0	0.0	0.0	0.0	0.0	0.0	0.0	0.0	0.0	0.0	0.0	0.0	0.0	0.0	0.0	0.0	0.0	0.0	0.0	0.0	0.0	0.0	0.0	0.0	0.0	0.0	0.0	0.0	0.0	0.0	0.0	0.0	0.0	0.0	0.0	0.0	0.0	0.0	0.0	0.0	0.0	0.0	0.0	0.0	0.0	0.0	0.0	0.0	0.0	0.0	0.0	0.0	0.0	0.0	0.0	0.0	0.0	0.0	0.0	0.0	0.0	0.0	0.0	0.0	0.0	0.0	0.0	0.0	0.0	0.0	0.0	0.0	0.0	0.0	0.0	0.0	0.0	0.0	0.0	0.0	0.0	0.0
53281.020504307984	-157.93659755273256	2838867145.980488	24943.96884653381	64452.57485351562	-629.0543940429707	4154134405.2480345	395709.430664769	54051.45378422691	-36.50482236762036	2921559656.188418	1332.602056091516	54175.980143538894	53563.135884391486	0.990187	22.684065	0.1061892000000001	0.0535104	-0.0052830895	0.0223433984	0.0258405466	0.0046199167	0.0268516747	0.0001713591	0.0158624227	0.0178610398	0.0560722058	0.0098952461	-0.0139459298	0.0202758357	0.0075932491	-0.0040227184	-0.0171415788	-0.0384925766	0.0660613584	0.0306851711	0.0038114309	-0.0325459023	0.004538816	-0.0066724446	0.0645454046	-0.0318390564	-0.0696285033	-0.0278251758	0.0008662427	0.0194270548	0.0229860501	0.041843183	-0.0115562108	-0.0077837889	-0.0114183183	0.0124738315	0.0287049888	-0.044527771	0.0189279856	-0.032069043	-0.0507717224	0.0429139274	0.0256844758	-0.0452245472	0.0048927516	-0.0121112666	0.0830172682	0.0291440615	0.0160762059	0.0171734732	0.0473317259	0.0078054099	-0.006498166	0.0029392379	-0.0109200804	0.0030381393	-0.0081732184	0.0318364069	0.0283492319	0.055218807	-0.0334612947	0.0173155022	0.0230338521	0.0352430459	0.0673412824	0.0034288982	-0.0263967082	0.0514154805	0.0148017742	-0.0072574822	0.0202030572	0.0813047381	-0.0347312352	0.0176822901	-0.0366120233	-0.0515811132	-0.0353826113	0.0330185901	0.0635970368	-0.0246311537	0.0015844075	-0.0317890727	0.0180771377	-0.0499729022	-0.0278300835	-0.0187973988	-0.0401229413	-0.033243119	-0.0405489421	0.0089670983	-0.0245673167	0.0179127723	-0.0051661564	-0.0196054318	-0.0253364785	-0.0409710598	0.0389446745	0.043351441	0.0469496	0.0143132059	-0.0396188562	-0.0456318454	-0.0168194746	0.0106247983	0.0291153304	0.0129167729	-0.0157353933	0.0293474871	-0.0064434011	-0.0198601574	0.0408832232	-0.0609164367	-0.0141971601	0.0099378074	0.0303680578	-0.0061659694	0.0297267595	-0.0037410677	0.0041686687	-0.0744041366	-0.0414262244	0.0452479659	0.0269119072	-0.0092404079	0.0126979829	0.0312179254	0.0412518573	-0.0140463298	-0.0073925235	-0.0203750121	0.0158595909	0.0287197443	-0.043118532	-0.0152417465	-0.0293320004	-0.053622658	-0.0490678767	-0.0202204109	0.0388833642	0.0128691131	0.0034537432	-0.0863316616	-0.0332107928	-0.0127250851	-0.0224205483	-0.0539028591	-0.007942444	0.0113978938	0.0056144261	0.0118135098	0.0027525248	-0.0010233716	0.0119410753	-0.0526265896	-0.012153024	0.0012793279	-0.0210838073	0.0068147239	-0.0433593253	-0.0372783031	0.0455554067	-0.0279314151	-0.0555745203	-0.0200564771	0.0213763763	-0.0278457699	0.0785728921	-0.0006644086	-0.0193971175	-0.0274081018	-0.0643826109	-0.0353933039	0.0102017669	0.069861245	0.0417152591	0.028811933	-0.0181180249	-0.0259556798	-0.0525696918	-0.0178147687	-0.0281233051	-0.0255284538	-0.0268934793	-0.0489245312	0.0034463444	-0.0005869109	0.029450781	-0.031573726	-0.016312887	-0.0552933283	0.0049015648	-0.0359613059	0.052993637	0.013007709	-0.0042250526	0.0263455197	0.040385334	0.0394239973	-0.0189212984	-0.028289083	-0.0252663096	0.005292066	-0.0347341347	-0.0282190815	0.052541094	0.0137047805	0.034998628	-0.0019652711	0.0167462631	-0.0781661592	0.0289073828	-0.0078218654	0.0119571574	-0.0058809672	0.0260700265	0.0117743795	0.0235540432	0.0014079749	0.0358142792	-0.0094426965	-0.0411124133	0.0095561328	0.0018413467	-0.0078918387	0.0304876072	0.0070807635	-0.0224766894	0.0039601961	0.037558677	-0.0185437506	0.005783495	-0.0201191794	0.0103357836	0.0233431858	0.0388787369	0.0127634908	-0.0186121956	-0.0423169129	-0.0485808224	-0.0348222698	-0.0067118073	0.0241649094	0.0450821203	0.0474188502	0.0302120217	0.0005533855	-0.0293333271	-0.0471303837	-0.0455027728	-0.0251213099	0.0056138368	0.0340352549	0.0484291295	0.0428630618	0.0196310923	-0.0116917818	-0.0381959179	-0.0489577037	-0.0395416966	-0.0256379	0.0149331	0.00022299747561	0.00065730191641	-0.774877	-0.0448890000000001	0.6004343651290001	0.002015022321	-0.0174899	0.0195586	0.0003825388339599	0.0003058966020099	-0.00949542	0.00021161	9.01630009764e-05	4.477879210000041e-08	0.00252254	0.00032456	6.363208051600001e-06	1.0533919360000014e-07	0.000311836	0.0	9.7241690896e-08	0.0	0.0	0.0	0.0	0.0	0.0	0.0	0.0	0.0	0.0	0.0	0.0	0.0	0.0	0.0	0.0	0.0	0.0	0.0	0.0	0.0	0.0	0.0	0.0	0.0	0.0	0.0	0.0	0.0	0.0	0.0	0.0	0.0	0.0	0.0	0.0	0.0	0.0	0.0	0.0	0.0	0.0	0.0	0.0	0.0	0.0	0.0	0.0	0.0	0.0	0.0	0.0	0.0	0.0	0.0	0.0	0.0	0.0	0.0	0.0	0.0	0.0	0.0	0.0	0.0	0.0	0.0	0.0	0.0	0.0	0.0	0.0	0.0	0.0	0.0	0.0	0.0	0.0	0.0	0.0	0.0	0.0	0.0	0.0	0.0	0.0	0.0	0.0	0.0	0.0	0.0	0.0	0.0	0.0	0.0	0.0	0.0	0.0	0.0	0.0	0.0	0.0	0.0	0.0	0.0	0.0	0.0
53414.82250264223	133.80199833424558	2853143262.988775	17902.97475823746	64870.01119921875	417.4363457031286	4208118352.9867663	174253.1027139819	54074.60853443847	23.154750211557257	2924063288.1527658	536.1424573596108	54194.29483267424	54113.8937360491	1.084776	24.850985	0.10115484	0.0578906	-0.0036322633	0.0188494416	0.0375966367	0.0087690992	0.0111266975	-0.016033804	0.0012835491	0.0194574407	0.0598092389	-0.010914344	-0.0103908599	0.0052947711	-0.0047302716	0.0165561794	-0.0403921718	-0.0225599487	0.0093550965	0.0449102632	-0.0072346134	-0.0430303927	0.011034555	-0.0414002519	0.0057025133	-0.0100118644	0.0415253587	-0.0306957864	-0.0672521962	0.0416883536	-0.0318362872	-0.0393219929	-0.0667685641	0.0287906785	0.0551139629	-0.0075199554	0.0542252863	-0.0765213695	-0.0296909956	-0.0133454882	-0.0378441781	0.0051893104	0.0301078154	-0.0045216624	-0.0001884603	0.0103558493	-0.0408203109	0.0253725368	0.0639633529	-0.0070240733	-0.023141796	0.000329838	-0.0007795272	0.0704862833	0.0497940646	0.0433055617	-0.0302309497	-0.0277252183	-0.0044498262	0.0106251411	-0.0064596931	-0.0245164153	-0.0281800191	-0.023730261	-0.0279702034	0.0456027901	0.0258020253	-0.018365803	-0.0216618333	-0.023851283	0.0772245282	0.0013335753	0.0472845979	0.0318050718	-0.0016483771	-0.020394929	-0.0237166431	-0.0278558817	-0.0130208836	0.0434337199	-0.0275150799	0.03020337	0.0695339881	-0.0406398864	-0.0491851026	0.0765400099	-0.0566722197	0.0271109675	0.0271367263	-0.0223051851	0.0382379436	-0.040418362	0.0615340192	0.0358163338	0.0463176824	-0.0396354376	0.0455596086	-0.0234626339	-0.065366478	0.021079718	0.00852389	-0.0098105079	0.0565633862	0.026180534	0.0041975612	0.0394482238	0.0186666015	-0.0151159961	-0.0180015544	0.0378537839	0.0112509509	-0.0045419598	-0.049326511	-0.0583149581	0.0465276679	0.0027439729	0.0420599257	-0.0103992795	0.0420208236	-0.0039977326	-0.0022268558	-0.0350972226	0.025828307	0.073169707	0.0521094203	-0.019377641	-0.0471986132	-0.0656032957	0.0225259419	0.0557093501	0.0027979549	0.0535267184	-0.0779840575	0.0308406307	-0.0054426584	-0.0354305127	-0.0073393531	-0.0305768245	0.0037563295	0.0159310923	-0.0028851341	0.0422834301	-0.0220686373	-0.058313888	-0.0177661007	0.02255576	0.0051971359	-0.0364804953	-0.075413282	0.0267085757	0.0420633066	0.0303225236	0.0380468134	0.0115872079	0.0043006639	0.0006309478	0.0344027272	0.0140269763	0.0062673378	0.0124034115	-0.0639526369	0.0187830827	0.0120238328	0.0253733508	0.0202270126	-0.080619982	0.0030112518	-0.0488088903	-0.0223945907	-0.0015940302	-0.017765088	-0.0149071015	-0.0083931628	-0.0234575788	-0.0331005167	-0.055876163	0.0377378195	-0.0065689077	-0.0747185258	-0.0273814438	0.0198654434	-0.0806276755	-0.0039582985	0.0389858112	0.0189407396	0.0153540641	-0.0193442887	0.0923587751	0.0215522404	-0.0123739479	-0.0616581973	-0.0535664318	-0.0659156906	-0.0229124629	-0.0226570615	-0.0175063824	-0.0457105405	0.0072009965	-0.0162539	-0.0538699002	-0.011717303	0.018331498	0.0339536923	-0.0118229993	-0.01102004	0.0300253901	0.0186829855	-0.0653531633	0.0166485992	0.0127106288	0.0344079303	-0.0197883077	0.0132903847	-0.0081935673	0.0443563348	-0.0151073038	0.0188363934	0.0191486742	0.005350079	-0.0466277103	0.0225628875	0.0200596675	0.0083017915	0.0007989344	0.0221559069	-0.0103811785	-0.0191737311	0.0170991913	0.0485570919	-0.033188639	0.0158768167	-0.0334916127	0.0178194013	0.0527557802	0.0387663036	0.0124069519	-0.019122865	-0.0426834313	-0.0484561318	-0.0340352549	-0.0054305477	0.0254372825	0.0457043959	0.0469246886	0.0285896166	-0.0016598739	-0.0312176297	-0.0477657704	-0.0444080345	-0.0225437227	0.0087154456	0.0363425447	0.048824275	0.0409590082	0.0160245105	-0.0155880314	-0.0407044271	-0.0488576859	-0.0366500239	-0.0254881	0.0001498	2.2440040000000603e-08	0.00064964324161	-0.812826	-0.037949	0.6606861062760001	0.001440126601	-0.000544415	0.016945485	0.0002871494618852	2.96387692225e-07	-0.0101294	-0.00063398	0.00010260474436	4.019306404000013e-07	0.00252254	0.0	6.363208051600001e-06	0.0	2.36049e-05	-0.0002882311	5.571913040100001e-10	8.307716700720999e-08	0.0	0.0	0.0	0.0	0.0	0.0	0.0	0.0	0.0	0.0	0.0	0.0	0.0	0.0	0.0	0.0	0.0	0.0	0.0	0.0	0.0	0.0	0.0	0.0	0.0	0.0	0.0	0.0	0.0	0.0	0.0	0.0	0.0	0.0	0.0	0.0	0.0	0.0	0.0	0.0	0.0	0.0	0.0	0.0	0.0	0.0	0.0	0.0	0.0	0.0	0.0	0.0	0.0	0.0	0.0	0.0	0.0	0.0	0.0	0.0	0.0	0.0	0.0	0.0	0.0	0.0	0.0	0.0	0.0	0.0	0.0	0.0	0.0	0.0	0.0	0.0	0.0	0.0	0.0	0.0	0.0	0.0	0.0	0.0	0.0	0.0	0.0	0.0	0.0	0.0	0.0	0.0	0.0	0.0	0.0	0.0	0.0	0.0	0.0	0.0	0.0	0.0	0.0	0.0	0.0	0.0
53511.89443006236	97.07192742013284	2863522845.494139	9422.95909305954	64920.68950146485	50.67830224609497	4214695925.345608	2568.2903185465548	54102.67164833172	28.063113893251284	2927099079.487197	787.5383613855932	54214.98833700048	53885.16458724381	1.060906	24.304153	0.14585288	0.091994	-0.0097595348	0.0217113192	0.0237578284	-0.0008567343	0.0298935198	-0.0181273205	-0.0050110471	-0.0340709006	0.0192107129	-0.0289437781	0.0245274367	0.0272256634	-0.0579666718	0.0012799442	0.0188218908	0.0036644179	0.029361804	0.0288814241	-0.023626519	0.0185568585	-0.0502543204	0.0097179903	-0.0007027075	-0.0027987577	-0.0215736418	-0.0504121392	-0.002444962	-0.025901723	0.0461460087	-0.0412104877	0.0049922479	0.0362362045	-0.0348710661	0.0409306647	-0.0053388826	0.0225930764	0.038394211	0.0137234347	0.0195475363	0.0148333886	0.0302672701	-0.0306188138	0.0260514133	-0.0828670515	0.0455855373	0.0012195612	-0.0306911905	-0.0176227733	0.030144188	-0.019737508	-0.0198339158	-0.0335154463	-0.0131651364	-0.034199579	-0.0335699709	-0.0211904996	0.0056062307	0.0168253933	-0.0354859887	0.0158919655	-0.0166991904	-0.0623239908	-0.0227190098	-0.0155901177	0.0422575479	-0.0231206027	0.029079445	0.0185081327	-0.0124567029	-0.013221312	0.0271827532	-0.0380358479	-0.0072495975	0.0315906027	-0.0967051951	-0.041157196	0.036790709	0.0257154524	0.0256634427	-0.0482807551	0.0033440911	0.0137394666	-0.0185830656	-0.0473076783	-0.0319523702	-0.0113216617	-0.0004993638	-0.0070826494	-0.0281444871	0.021657659	0.0058013425	0.0097219424	0.0336175655	0.0100448781	0.0374832918	-0.0534531513	-0.0369596139	-0.0113125422	-0.0425173778	0.0237368059	-0.0789088275	-0.0163912443	-0.0576074245	0.0113941079	-0.032636786	0.0002216205	-0.0484280541	0.0252923388	0.0012164367	-0.0072801236	-0.0731667884	-0.003097504	0.0299269917	0.0240545789	-0.0187624329	0.0477238288	-0.007433996	0.0029897659	-0.004918872	0.0075098633	0.0514121381	-0.0078464771	-0.0314637223	0.0533033535	-0.0426784734	0.0045017867	0.0293687511	-0.0356941325	0.037542269	-0.0114497155	0.0234581458	-0.0355876879	0.0067019436	0.0213370719	-0.022564603	-0.0283708554	0.0358217697	-0.060814686	0.0363626849	-0.0453740016	-0.0253617441	0.0238310555	0.0230418116	-0.0462035577	0.0257112495	0.0335754432	0.021323853	-0.0156169606	-0.0365003896	0.0101306479	0.0328676988	-0.0346779795	0.0029530615	-0.0382369913	-0.0043731628	0.0129253023	0.0624813686	-0.0085816581	-0.0280052273	0.036068961	0.0308316469	-0.0182172395	-0.0259403328	0.0134046147	-0.0264016642	-0.0150810246	0.0471104718	-0.0120676629	0.0115092485	-0.099202694	-0.0528124635	0.0214152452	-0.0341565449	0.036001859	0.0052574949	0.0185388413	-0.0091496147	-0.0076174532	-0.0590308618	-0.0213706545	-0.004758388	-0.0186039072	0.0316664176	-0.0074730355	0.0346109013	0.0028353041	0.0075951044	0.0273223667	-0.0233249618	-0.0339367559	-0.0365844981	0.0162531169	-0.0219047223	-0.0219475151	0.0717419044	-0.0276914519	0.0256236655	0.0007762996	0.0648773612	-0.0555284462	0.0018359547	-0.0324613945	-0.0326253906	0.0041440036	-0.0046561516	-0.0046246657	0.055736207	0.017497187	0.0286452714	-0.0067540065	0.0059587558	-0.0055079868	0.0158427292	0.0336718817	-0.0001301067	0.0238837437	-0.0089763406	0.0079777617	-0.0049706077	0.0030731012	-0.000791513	-0.0362856958	0.0075504393	0.01036422	0.0080331274	0.0010378796	0.0481932286	-0.0159708939	0.0131430514	-0.0082946719	0.0185016544	-0.0031925709	0.0386533201	0.0120497088	-0.0196310923	-0.0430402594	-0.0483142525	-0.0332308549	-0.0041455125	0.026686557	0.0462741461	0.046363951	0.026918132	-0.0038697424	-0.0330270864	-0.0482683442	-0.043171555	-0.0198842699	0.0117813266	0.0384828171	0.048969429	0.0388225891	0.0123177063	-0.019377288	-0.0429075896	-0.0483586182	-0.0334335625	-0.0253867	0.0001013999999999	1.02819599999996e-08	0.00064448453689	-0.746096	0.06673	0.556659241216	0.0044528929	-0.0196965	-0.019152085	0.0003668023598472	0.0003879521122499	-0.00912721	0.00100219	8.33059623841e-05	1.0043847961e-06	0.00252254	0.0	6.363208051600001e-06	0.0	-0.000171593	-0.0001951979	2.9444157649e-08	3.810222016441e-08	0.0	0.0	0.0	0.0	0.0	0.0	0.0	0.0	0.0	0.0	0.0	0.0	0.0	0.0	0.0	0.0	0.0	0.0	0.0	0.0	0.0	0.0	0.0	0.0	0.0	0.0	0.0	0.0	0.0	0.0	0.0	0.0	0.0	0.0	0.0	0.0	0.0	0.0	0.0	0.0	0.0	0.0	0.0	0.0	0.0	0.0	0.0	0.0	0.0	0.0	0.0	0.0	0.0	0.0	0.0	0.0	0.0	0.0	0.0	0.0	0.0	0.0	0.0	0.0	0.0	0.0	0.0	0.0	0.0	0.0	0.0	0.0	0.0	0.0	0.0	0.0	0.0	0.0	0.0	0.0	0.0	0.0	0.0	0.0	0.0	0.0	0.0	0.0	0.0	0.0	0.0	0.0	0.0	0.0	0.0	0.0	0.0	0.0	0.0	0.0	0.0	0.0	0.0	0.0	0.0	0.0
53541.6460258552	29.751595792840817	2866707859.157976	885.1574522205834	65191.59290820312	270.9034067382745	4249943785.90888	73388.65578240299	54151.3365022818	48.66485395008203	2932367244.9833574	2368.268009982815	54276.80815332124	54114.11948337307	1.029444	23.583406	0.233174	0.127572	-0.0050326518	0.0166759989	0.0443902284	0.0160145062	0.0353390333	0.0017861432	0.002552998	0.022959352	0.0584449128	0.0279692024	0.0070196614	0.0272069795	-0.0151733253	0.0069626865	0.0449636801	-0.009858147	0.0407377126	0.0355206864	0.0207758323	-0.0300738169	0.0101901784	-0.0247913789	-0.000797516	-0.006015944	-0.0438474178	-0.0197960504	-0.0246501573	0.0344074401	-0.0041854799	0.0111872824	-0.020667894	-0.0253766087	0.0449935558	-0.01094932	-0.003594689	-0.0071775435	0.0062174011	0.0253990756	-0.0614646924	0.0127836114	0.0435075516	0.0277866313	0.0493113873	-0.016184611	0.0647741831	-0.023210633	-0.0101600661	0.0216140713	0.0028344617	0.0811212268	0.0373950547	0.0152447651	0.0349497453	0.0193708222	0.0154750963	0.0600082054	-0.0546353837	0.0555526106	-0.0323300817	-0.0379268609	0.033459093	-0.0061405735	-0.002813121	0.0369429519	0.0140715754	-0.0089782043	0.0463881625	0.0077352018	0.0278306721	-0.0081315103	0.0044325666	-0.0016439292	0.0344798065	0.0006157246	0.0607390357	-0.0186222911	0.0778905384	-0.0511213114	0.057854674	-0.0228676027	-0.0687797566	0.0258964051	0.0135510731	-0.0435472298	0.0523771042	0.041198004	0.0033894157	0.02059191	0.0098086698	-0.0434224938	-0.0981203549	0.0314465567	-0.0462219642	0.0083456948	0.0599562084	-0.0396884694	0.0018603708	-0.0310685027	-0.0198645007	0.0186079526	0.0505256695	-0.0348663182	0.0088755981	0.0033923883	-0.0148508455	-0.0291385839	0.0263976026	0.0272951613	0.0143521562	-0.0284685812	-0.0046089871	0.0303962036	0.0334543718	-0.0244960427	0.0268084407	-0.0078501563	0.0238887552	-0.0050184307	-0.0240558383	0.0384529723	0.0192932198	0.0224309072	0.0320798584	0.0042332838	0.0141448733	-0.0237941177	-0.0226294367	0.0400415092	-0.0120906482	-0.0022255534	-0.0040760222	-0.0026707393	0.0211166261	-0.0561015271	-0.0282532199	-0.0441542226	-0.0226073521	-0.0200515166	0.0653118654	-0.0681068889	0.0226599202	0.0131565637	-0.0082861085	-0.0118110468	-0.0830679485	-0.0392468616	0.0003898154	0.0157312471	0.0487688591	-0.030004834	-0.0123291417	-0.0721607493	0.0514255689	0.0092065418	0.0323121022	-0.0253865199	-0.0215967529	0.0083341343	-0.0287723434	0.0118520614	0.0089417611	-0.0319216754	-0.0268459076	-0.0496014516	-0.0086361948	0.0059061614	-0.004437356	0.0185235169	0.0081586133	0.0552432458	-0.0547998837	0.0573553098	0.0714288302	0.0621126514	0.0080626237	0.0036749803	0.0571088108	-0.0220478067	-0.0096828894	0.0681420301	0.0570019239	-0.0128570518	-0.0731836088	-0.0437888417	-0.0642894946	-0.0548506938	-0.0020873147	0.0306755028	0.0096047596	-0.074001495	-0.0105968544	0.0260770197	-0.0139274697	-0.048513637	-0.0216715096	-0.0091341522	0.0364004179	0.0003229731	-0.0254297835	-0.036454779	0.0216555198	0.017895113	0.0199592978	0.0299309784	-0.0015691612	-0.0068616852	0.0216114308	0.0207676816	0.0399578256	-0.0211828828	0.0192360654	-0.0006593146	0.0404314677	0.0099570165	0.0324840376	0.0091814553	0.0410606807	-0.038721945	-0.0389162773	0.005390297	-0.00075449	0.0013871702	0.0269776346	-0.0467760303	0.005609083	0.0384462765	0.0487962068	-0.0136280545	0.0578884406	-0.0513732487	0.0049648425	0.0282776047	0.0385397882	0.0116917818	-0.0201368126	-0.0433873161	-0.0481552347	-0.0324094805	-0.0028575952	0.0279115985	0.0467907162	0.045737433	0.0252004375	-0.0060717052	-0.0347573591	-0.0486367079	-0.0417972809	-0.0171526089	0.0147989116	0.0404462362	0.0488638482	0.0364659247	0.0085338634	-0.0230335427	-0.0447888782	-0.0474645768	-0.0299208162	-0.0332544	-0.0078677	6.190070329000002e-05	0.00110585511936	-0.809791	-0.063695	0.6557614636810001	0.004057053025	0.0065514	0.0262478999999999	0.0006889522544099	4.292084196e-05	-0.0109018	-0.0017745899999999	0.0001188492432399	3.149169668099998e-06	0.00286057	0.00033803	8.182860724900002e-06	1.1426428090000003e-07	0.000423055	0.0005946479999999	1.78975533025e-07	3.536062439039999e-07	0.0	0.0	0.0	0.0	0.0	0.0	0.0	0.0	0.0	0.0	0.0	0.0	0.0	0.0	0.0	0.0	0.0	0.0	0.0	0.0	0.0	0.0	0.0	0.0	0.0	0.0	0.0	0.0	0.0	0.0	0.0	0.0	0.0	0.0	0.0	0.0	0.0	0.0	0.0	0.0	0.0	0.0	0.0	0.0	0.0	0.0	0.0	0.0	0.0	0.0	0.0	0.0	0.0	0.0	0.0	0.0	0.0	0.0	0.0	0.0	0.0	0.0	0.0	0.0	0.0	0.0	0.0	0.0	0.0	0.0	0.0	0.0	0.0	0.0	0.0	0.0	0.0	0.0	0.0	0.0	0.0	0.0	0.0	0.0	0.0	0.0	0.0	0.0	0.0	0.0	0.0	0.0	0.0	0.0	0.0	0.0	0.0	0.0	0.0	0.0	0.0	0.0	0.0	0.0	0.0	0.0
53516.34715225728	-25.29887359792337	2863999412.520916	640.0330053237044	64972.58372412109	-219.00918408203145	4221436635.787925	47965.022712277125	54183.85707998368	32.52057770187821	2935890368.064098	1057.5879740638982	54297.685565458494	54303.86789075183	1.050352	24.062378	0.130815575	0.067815	-0.0087640797	0.0243252527	0.0292765181	-0.0008112192	0.0188762	-0.0309712955	0.0054627088	-0.0441924862	0.0447848995	-0.0339051151	0.0080615539	-0.0067991408	-0.030680311	0.0025475161	0.0206056577	-0.0146736108	-0.0067776473	0.0225510364	-0.027211841	-0.0011229541	-0.0408524885	0.0296124284	-0.0193804964	0.0210601795	0.0193489908	-0.0196118727	-0.0554119652	-0.0311922176	-0.0212882124	-0.0199655321	-0.0114985478	0.0451747717	0.0104032492	-0.0077798165	-0.0387506711	-0.0307731806	0.0366182933	0.0040040679	0.0109090578	0.0229705424	-0.0043576115	-0.0146679079	-0.0265699056	0.0175260801	0.0676218931	-0.0023480494	-0.0075468317	-0.0339166811	0.0797178218	-0.0253159301	-0.0103042915	0.0317400598	-0.0286817736	-0.0092001116	-0.0412221482	0.0129507718	0.0108534798	0.0137767439	-0.0141687837	0.0250067915	0.0213976145	-0.0052881655	-0.043724529	0.0014061298	0.0489881311	0.013620691	-0.0271752159	0.0309718876	-0.0371732408	-0.0604853721	-0.0165205388	-0.0125162138	-0.033043414	0.0115568902	0.037213979	0.0081232721	0.0198370222	-0.0050590746	-0.0832490302	0.0002857547	-0.0124132099	-0.019142005	-0.0105536327	-0.0439840591	-0.0300875103	-0.0065342673	0.0182373686	-0.0361628452	-0.0003889957	0.0063543216	0.0592926203	-0.0264077317	0.0081753209	-0.0773522906	-0.0246968663	0.0369506978	0.0174756132	-0.0339391007	-0.0080095931	0.016779337	-0.0176323168	0.0079138765	0.0534445401	0.0440878224	-0.0287587523	-0.0289576424	-0.0100411263	-0.0061860807	-0.0268843537	-0.0371303383	0.0072258989	0.0176538505	0.024738392	0.0284588883	-0.0012872876	0.0408263694	-0.0259105305	0.0250672955	0.0202472311	-0.0101526876	0.01993487	0.0585768082	-0.0258933084	-0.0155806271	-0.0315758663	-0.0184889434	0.0431204601	0.0037129887	-0.0089787964	-0.0347505667	-0.0257048198	-0.0374938165	2.9501e-05	0.0022574094	-0.0214949137	0.0148605987	0.0072678937	0.0324163673	-0.0258601966	-0.072114119	0.0087127672	-0.0065765402	0.0421931005	-0.0799402513	0.029465995	0.0028837177	-0.0164856685	0.0254167542	-0.0226121452	0.031719012	0.0027393287	-0.0334158974	-0.0023588773	-0.0048888015	-0.0294710357	-0.0121790219	0.0221156998	0.0378547339	-0.0194454358	0.0451468011	-0.0058743695	0.0249258236	-0.0098712652	0.0444513215	-0.031325223	0.0471851243	0.0189861228	-0.0131334651	-0.0007232511	0.0389330105	0.0075196268	0.0093063257	-0.0063705781	-0.0505963509	-0.0396642391	-0.0649183619	0.0028494631	0.002072895	-0.0609692233	-0.0144411904	-0.0111275843	0.0012966423	0.0433988258	-0.0017482238	0.0060001182	0.0483220358	-0.0018301639	-0.0763863532	-0.0297771293	0.0258463351	0.0198655796	-0.0081756315	0.0503447358	0.0061770303	0.0304556889	-0.0217968688	0.0004052854	-0.0498613955	-0.0498094816	-0.0206323892	0.0225666768	-0.0067155067	0.007088878	-0.0059312815	0.016690333	0.0411858587	0.0025979739	0.1165603844	0.0339713603	-0.0121443264	0.010984633	-0.0058919363	0.0395058475	0.0129370928	0.0235851089	0.0108039175	0.0094124211	-0.0316626345	0.0291398568	0.0268687735	-0.0083225869	-0.0296114748	0.0062757239	0.028394364	0.0310103112	0.0561449971	0.0232466417	-0.0054149594	0.0336908214	-0.0107559401	-0.0058363599	-0.022716157	0.0384257095	0.0113331913	-0.0206399614	-0.0437245227	-0.047979135	-0.0315715513	-0.0015676912	0.0291112946	0.0472535125	0.0450460234	0.0234394817	-0.0082612638	-0.0364042993	-0.0488698372	-0.0402895985	-0.0143586597	0.0177558304	0.0422237789	0.0485080733	0.0339023846	0.004696647	-0.0265316999	-0.0463341804	-0.0461828639	-0.0261429148	-0.032571	0.0006834	4.670355600000009e-07	0.001060870041	-0.775721	0.03407	0.601743069841	0.0011607649	-0.0145739	-0.0211253	0.00044627830009	0.00021239856121	-0.0101264	0.0007753999999999	0.00010254397696	6.012451599999985e-07	0.00263068	-0.00022989	6.920477262399999e-06	5.2849412100000185e-08	-7.03925e-05	-0.0004934475	4.955104056249999e-09	2.434904352562501e-07	0.0	0.0	0.0	0.0	0.0	0.0	0.0	0.0	0.0	0.0	0.0	0.0	0.0	0.0	0.0	0.0	0.0	0.0	0.0	0.0	0.0	0.0	0.0	0.0	0.0	0.0	0.0	0.0	0.0	0.0	0.0	0.0	0.0	0.0	0.0	0.0	0.0	0.0	0.0	0.0	0.0	0.0	0.0	0.0	0.0	0.0	0.0	0.0	0.0	0.0	0.0	0.0	0.0	0.0	0.0	0.0	0.0	0.0	0.0	0.0	0.0	0.0	0.0	0.0	0.0	0.0	0.0	0.0	0.0	0.0	0.0	0.0	0.0	0.0	0.0	0.0	0.0	0.0	0.0	0.0	0.0	0.0	0.0	0.0	0.0	0.0	0.0	0.0	0.0	0.0	0.0	0.0	0.0	0.0	0.0	0.0	0.0	0.0	0.0	0.0	0.0	0.0	0.0	0.0	0.0	0.0
53443.60165761434	-72.7454946429425	2856218558.137758	5291.906990846376	64668.18148339844	-304.4022407226512	4181973696.3697567	92660.72415697089	54130.75452769886	-53.102552284821286	2930138585.737991	2819.881059162178	54260.09964282528	53737.02383002739	0.975218	22.341146	0.2116013	0.124274	-0.0125167065	0.0166700928	0.0065162332	-5.52189e-05	0.0084742899	0.0082258462	0.0226084956	0.0385497439	-0.0111099837	-0.020395433	0.0257268232	0.000791876	-0.0396884208	-0.0127292551	0.0234780413	-0.0073376433	0.0050784234	0.0038984542	-0.0001557943	0.0587234565	0.0152646752	-0.0634252445	-0.0099604918	-0.0341399355	-0.0084358864	-0.0071571999	-0.0219658235	0.0048916216	0.0187459305	0.00340956	-0.0053894078	-0.0031959617	-0.0090253439	0.0255399533	0.0368771187	0.0138673942	0.0098906327	-0.0618951011	-0.0015608881	0.041963357	-0.0155165647	0.0605133447	0.0218574519	-0.0165096634	-0.0409705435	-0.0106358962	0.0092969888	0.0648268237	0.014717723	-0.0029695763	0.0587764628	-0.0260553011	0.0200249037	0.004466884	-0.0555262581	-0.0367203439	0.0506188488	0.0261019124	0.0023455485	-0.0076998566	0.0127500843	-0.0651473016	-0.0176155829	-0.0064092318	-0.0136479205	0.0064976114	-0.0320281188	-0.0761376018	0.0170991225	-0.0296963152	0.0507025996	-0.0125032396	-0.0441471118	0.0107842853	0.052445256	0.0110353419	0.0045566757	0.007768051	-0.0008853485	0.0161625679	-0.042374328	0.0371598497	-0.0076661812	0.0450954371	-0.0284470224	0.0443676472	-0.0597057002	-0.0357833442	0.0370702392	-0.0012623089	0.0127853619	0.0303816838	-8.68383e-05	0.0380386957	0.0267422622	0.0280100144	-0.0436229533	0.0002577463	0.014413827	-0.0027294944	-0.0793407044	0.0116231349	0.0310088896	0.0159029114	0.0298585836	0.0388244473	-0.0407597262	-0.0077513507	-0.0232271515	-0.0400964916	0.028996468	0.0380070763	0.0018792859	-0.0004337052	-0.0573599608	-0.0191396855	0.0645769391	0.0039297164	-0.0344252999	-0.0033921587	0.005581843	0.01889543	0.0038787593	0.02126379	0.0036000571	-0.0033275169	-0.0065742016	-0.0076365027	0.0277842396	0.0340483277	0.011698748	-0.0036220593	-0.0567641285	0.0034351936	-0.0420901524	0.0095305458	-0.0567797611	-0.0118581512	0.018733735	0.0527997575	-0.0053889834	0.0226856398	-0.0629423836	-0.0263789282	-0.0085273078	-0.0509023408	0.0288877091	-0.0301994086	0.0009045642	0.043627088	0.0600694042	-0.0135869841	-0.0357939356	0.0123229686	0.0062091608	-0.0208846909	0.0637090225	-0.0205204162	-0.0278781715	-0.0128151889	-0.0127033378	0.0089698876	0.0707743018	-0.0218508508	-0.0482103645	-0.0335514854	0.02741444	-0.0327493177	0.0011533642	0.0542766172	0.0051239796	0.0003367769	-0.0137510709	-0.0062052812	0.006721824	-0.010157516	0.0476641254	-0.0180165244	0.0389321507	-0.0443548707	0.0357556034	-0.0438802628	0.0417881587	0.0323943123	-0.0476171456	0.0062044242	0.0297635261	0.0343116427	0.0048566052	-0.0146751199	-0.0429128688	-0.0262043461	0.046286423	0.0348153007	0.0643128988	0.0009394271	-0.0189069751	-0.012032276	-0.0152158758	0.0409071312	-0.0191849812	-0.0404747757	0.0063081858	0.0138131235	0.0588614144	0.0469692939	-0.0012462913	-0.0330130086	0.0200257084	0.0049596344	0.0073711391	-0.0094603409	0.0164353099	0.0366991661	-0.0019096589	0.0099550064	-0.0129429061	0.0267888301	0.0136676187	-0.0067978605	0.019665475	0.0075374245	-0.0230404925	-0.0313548959	0.0463961941	0.001168987	0.0038761603	-0.0096468476	-0.0045992652	0.0062932347	0.0182707723	0.0001517756	0.0383110855	0.0109739574	-0.0211404744	-0.0440518025	-0.0477860158	-0.0307174953	-0.0002766972	0.0302845558	0.0476620031	0.0442907033	0.0216382877	-0.0104339452	-0.0379639583	-0.0489670838	-0.0386533201	-0.0115125682	0.0206399614	0.0438072762	0.047903926	0.0311465121	0.0008300562	-0.0298477488	-0.0475319038	-0.0445239479	-0.0221333376	-0.0372593	-0.0046882999999999	2.1980156889999998e-05	0.00138825543649	-0.712069	0.063652	0.5070422607609999	0.004051577104	-0.0340424	-0.0194685	0.00037902249225	0.00115888499776	-0.00838204	0.00174436	7.02585945616e-05	3.042791809600001e-06	0.00189919	-0.0007314899999999	3.6069226561e-06	5.350776200999996e-07	-7.03925e-05	0.0	4.955104056249999e-09	0.0	0.0	0.0	0.0	0.0	0.0	0.0	0.0	0.0	0.0	0.0	0.0	0.0	0.0	0.0	0.0	0.0	0.0	0.0	0.0	0.0	0.0	0.0	0.0	0.0	0.0	0.0	0.0	0.0	0.0	0.0	0.0	0.0	0.0	0.0	0.0	0.0	0.0	0.0	0.0	0.0	0.0	0.0	0.0	0.0	0.0	0.0	0.0	0.0	0.0	0.0	0.0	0.0	0.0	0.0	0.0	0.0	0.0	0.0	0.0	0.0	0.0	0.0	0.0	0.0	0.0	0.0	0.0	0.0	0.0	0.0	0.0	0.0	0.0	0.0	0.0	0.0	0.0	0.0	0.0	0.0	0.0	0.0	0.0	0.0	0.0	0.0	0.0	0.0	0.0	0.0	0.0	0.0	0.0	0.0	0.0	0.0	0.0	0.0	0.0	0.0	0.0	0.0	0.0	0.0	0.0	0.0
53443.24571677082	-0.355940843517601	2856180512.7431426	0.1266938840840213	64898.54999951172	230.3685161132817	4211821792.0391226	53069.65321623531	54151.32847728028	20.573949581419583	2932366375.854306	423.28740137879504	54278.27142769535	53500.80170264306	0.841796	19.284588	0.079551825	0.0435793	-0.0100489266	0.0167126491	0.0101590324	-0.0029259898	0.0008500574	0.0095397618	0.0264231548	0.0062816705	0.0127362341	0.0407250733	-0.0174554909	0.0017300077	-0.0237903366	-0.0095895106	0.0060328011	-0.0154482147	0.0089762471	0.0189599933	0.0099864026	-0.0133524281	0.0891194866	0.0379336695	0.0277861028	-0.0199901309	0.0220092878	-0.0111157836	0.0133027799	0.018706894	0.044178486	0.0245529052	0.0051003903	-0.0031499282	-0.0171152092	0.0107103142	0.0701597875	-0.0057483425	0.0266317274	0.0107444996	0.0608419386	-0.0371496236	-0.0014287198	0.0166560716	0.0546148478	0.0194495058	-0.0152880895	0.0160435935	0.0085466276	-0.0298179806	-0.0753936771	0.0173172596	-0.0108307462	-0.018787956	0.0004352321	0.0962297088	-0.0275796229	-0.0104007632	0.0636285768	-0.0507698061	0.018510907	-0.0147036345	-0.0222540649	-0.0264170549	0.0484040565	-0.0226150962	0.0868081494	0.039488997	-0.028563785	0.0432700133	-0.0460662897	0.0074817378	-0.0162081844	-0.0730989449	0.0458928132	-0.0641107808	0.022302971	-0.0572381192	0.0009751909	-0.0479173675	0.0033359644	-0.0216601879	-0.0268524216	0.0033644295	0.0603374536	-0.0393966491	0.0352962315	-0.0177275079	-0.0324637645	-0.0390102261	-0.0321128248	-0.0254313417	-0.0300854778	0.0190994673	0.0005273835	-0.0156573877	0.0275340213	0.015806147	-0.0362259972	0.0067064427	-0.0072607517	-0.0636691915	0.0310225819	-0.0105796896	0.0024097331	0.0911886512	-0.0149073359	-0.0289859195	-0.0108734676	0.0514677676	-0.024222271	0.0049043611	-0.0241288904	-0.037921486	0.017476998	-0.0133779011	0.0131908679	-0.08657514	-0.0417248642	-0.0278962724	-0.0078411391	-0.0279577959	0.0086625291	-0.0117072921	0.0123238784	0.040621677	0.0296231944	0.0050500033	-0.0011845872	-0.0052317923	0.0197822976	0.0680016918	-0.0103080565	-0.0297972141	0.0113389911	0.0655197279	0.0329170731	0.0012681166	-0.0133455413	0.0097774132	0.0537983226	0.0178020288	-0.0066741315	-0.0227732279	0.0108324128	0.0867316098	-0.0058126943	0.0206762095	0.0134685353	-0.0064764587	0.0760095011	0.0698989485	0.0033760907	0.0364829355	-0.0539036166	-0.0128692083	-0.0012879048	0.0089416999	-0.0089137448	-0.0717850153	-0.0004252765	0.0958049497	-0.010806457	0.0236343357	-0.017318342	0.0715491196	0.026973704	0.0109707827	0.0462379209	0.0796327567	-0.0542045219	0.0208968835	-0.0513519292	-0.0233417901	0.0395613152	0.0286074286	-0.0207176592	-0.0088578595	0.0280605164	0.0508539325	-0.0077165389	0.0560952925	0.0125562278	-0.0538079247	0.0155860972	-0.0335942216	-0.0118239189	0.0015596886	0.0014264582	0.0082767103	-0.0186998723	-0.0431090253	0.0046252672	-0.0443494914	-0.0275869205	-0.0163758018	-0.0150147538	0.0536072254	0.0337291335	-0.0987405254	0.0092339236	-0.0145539006	0.0349875678	0.0108872403	-0.0332529399	0.022980503	-0.0136137202	-0.014773125	-0.0089648268	0.0401070024	0.0162479076	0.0034478425	0.0056771888	-0.0057012661	0.0189381369	0.0225555408	0.0192670657	-0.0031734598	-0.0039821657	0.0274383287	-0.0226912706	-0.0084321954	0.0301493751	0.0536186571	-0.0145809293	0.0202123359	0.0212825446	-0.0165053582	0.0165636298	0.0089869131	-0.0015197803	0.0181917233	0.0216245426	0.0032846523	0.0381959179	0.0106141007	-0.0216382877	-0.0443690814	-0.0475759455	-0.0298477488	0.0010144892	0.0314303169	0.0480157186	0.0434725442	0.0197999475	-0.0125853106	-0.039432597	-0.0489281774	-0.0368936684	-0.0086246698	0.0234394817	0.0451894509	0.0470544995	0.0282139416	-0.0030417259	-0.0329589289	-0.0483730638	-0.0425013783	-0.017927617	-0.0298036	0.0074557	5.558746249000004e-05	0.00088825457296	-0.72743	-0.015361	0.5291544049	0.000235960321	-0.0313372	0.0027051999999999	7.318107039999987e-06	0.00098202010384	-0.0083158699999999	6.617000000009969e-05	6.915369385689835e-05	4.378468900013193e-09	0.00262211	0.0007229199999999	6.8754608521e-06	5.226133263999999e-07	0.000221116	0.0002915084999999	4.8892285456e-08	8.497720557224999e-08	0.0	0.0	0.0	0.0	0.0	0.0	0.0	0.0	0.0	0.0	0.0	0.0	0.0	0.0	0.0	0.0	0.0	0.0	0.0	0.0	0.0	0.0	0.0	0.0	0.0	0.0	0.0	0.0	0.0	0.0	0.0	0.0	0.0	0.0	0.0	0.0	0.0	0.0	0.0	0.0	0.0	0.0	0.0	0.0	0.0	0.0	0.0	0.0	0.0	0.0	0.0	0.0	0.0	0.0	0.0	0.0	0.0	0.0	0.0	0.0	0.0	0.0	0.0	0.0	0.0	0.0	0.0	0.0	0.0	0.0	0.0	0.0	0.0	0.0	0.0	0.0	0.0	0.0	0.0	0.0	0.0	0.0	0.0	0.0	0.0	0.0	0.0	0.0	0.0	0.0	0.0	0.0	0.0	0.0	0.0	0.0	0.0	0.0	0.0	0.0	0.0	0.0	0.0	0.0	0.0	0.0
53458.98935803219	15.743641261367884	2857863543.1821985	247.8622401666453	65004.42085253906	105.87085302733612	4225574730.3740144	11208.637520735809	54110.9471031794	-40.38137410087802	2927994596.4030795	1630.655374275062	54227.53209740723	53934.33608937449	0.960399	22.001665	0.11789968	0.0615237	-0.0061697871	0.0109857998	0.0230025131	-0.0025915884	-0.0028435714	-0.0189360726	0.017907226	-0.0640683198	0.0180312064	0.0113837046	0.0251721657	-0.0137617646	-0.0356083193	0.0052323252	-0.0342561151	-0.0337334802	-0.0166674163	0.0586995317	-0.0206700604	0.0157681561	-0.0220266304	0.0338535069	0.0158374344	-0.0318048004	0.0297471431	0.0028693457	0.029375167	-0.0420347483	0.0314695591	-0.0066294053	0.0002302134	-0.0326661394	0.0154383136	0.0039435028	0.0048453002	0.0328891494	0.0492939947	0.0170601101	-0.0263035816	-2.75801e-05	0.0351778634	-0.0195598949	-0.0256303204	0.0113691884	0.0299971554	-0.0025589265	-0.0215613171	-0.0288469568	-0.0128477879	0.0233649908	-0.041622403	0.0083901109	-0.0037025703	0.1083061789	-0.0277506588	-0.0062869179	-0.0122820459	0.0035741228	0.0017488681	-0.0471131013	0.0011874457	0.0284471811	0.0577185865	-0.0155679306	0.0040665024	-0.0234151995	0.0566598918	-0.0784051223	-0.0305510144	-0.0059535365	0.0100390556	0.0410126226	0.0109377949	-0.0017650858	0.0065354026	-0.0232976848	0.0148922254	-0.0579235598	-0.0247016531	0.0347033071	0.0224226273	0.0078117001	-0.000594927	-0.0449235324	0.0014227013	0.0071182371	-0.0047842313	0.0048396924	0.001589115	-0.0122775152	0.0062865276	-0.0153010772	0.0040874188	-0.1041794987	-0.0002018293	0.012986493	0.0130266408	-0.0452248933	-0.0742190754	0.052099716	0.0037368904	-0.0040558101	0.0282365746	-0.0059294069	0.0243214952	0.0235207625	0.0230267738	-0.0050426308	-0.0598867562	0.0520493059	0.0031940902	-0.0121633567	0.0597529163	0.0210136406	-0.0162472234	0.0195195122	-0.0325094674	-0.013867673	-0.0154589842	-0.0431493852	-0.0018343456	-0.0297166141	-0.0426754329	0.0179165875	-0.0038736817	0.0110083824	-0.035448042	0.0181727303	0.0023141916	0.0068019576	0.0347160887	-0.0462693556	0.0132401457	-0.0226364931	-0.0075661434	-0.0343871141	0.0214175831	-0.0006490028	-0.0219314521	-0.0364157767	0.0113529488	0.0079363162	0.0301998655	0.0185452152	-0.0085516669	0.0319132091	-0.0235033597	0.0126399491	0.0861898881	0.0688123786	0.0032880167	0.017527844	0.026877989	0.0030280221	0.0386231782	-0.0039726768	-0.0444731392	-0.0379423133	0.0407687035	-0.002490358	0.0292332605	-0.0729655031	0.0489875008	-0.0013484722	-0.033880864	-0.0193588683	-0.041597698	0.0012737718	-0.0086951744	0.012681366	-0.0222510433	-0.0017254165	0.0546194042	-0.0452174999	-0.0172288899	0.0198739936	0.0079960098	0.0152184252	-0.0509718616	0.0153819432	0.0038651894	-0.000187471	-0.0115221637	0.00026835	-0.0018196011	0.0074181518	-0.0320123214	-0.0928166795	-0.0513423453	-0.0085258716	0.0262866794	0.0176582818	-0.0022656971	-0.0508127602	0.0505419965	-0.0571858378	-0.0075698718	-0.005218002	-0.0352793964	0.0266812724	-0.0138839689	0.0293456236	-0.048377253	-0.032915175	-0.0143306653	-0.006772734	-0.0115655159	0.0020136045	0.0238221271	-0.0107258579	0.0091883863	-0.0058820855	0.0248065631	0.0011930744	0.010664682	0.0032455014	-0.0268633455	0.0206396634	0.0285158986	0.001547736	0.0050989894	-0.0081749238	-0.0020561234	0.077141115	0.022197191	0.0263139555	0.0128784053	-0.0050725494	0.0095276873	-0.0121198485	0.0230835458	0.0222239519	0.0380802083	0.0102536416	-0.0221333376	-0.0446762873	-0.0473489988	-0.0289627561	0.0023049702	0.0325475373	0.0483142525	0.042592707	0.017927617	-0.014710965	-0.040806694	-0.0487532262	-0.0350162597	-0.0057054516	0.0261429148	0.046363951	0.0459641431	0.0251213099	-0.0068944842	-0.0358438856	-0.0488513503	-0.0401316745	-0.0135630238	-0.0292439	0.0005596999999999	3.1326408999999974e-07	0.00085520568721	-0.764456	-0.037026	0.584392975936	0.001370924676	-0.00705915	0.02427805	0.0005894237118025	4.98315987225e-05	-0.00895867	-0.0006428	8.02577681689e-05	4.13191840000128e-07	0.0024357	-0.00018641	5.932634489999999e-06	3.474868810000005e-08	-7.03926e-05	-0.0002915086	4.95511813476e-09	8.497726387396e-08	0.0	0.0	0.0	0.0	0.0	0.0	0.0	0.0	0.0	0.0	0.0	0.0	0.0	0.0	0.0	0.0	0.0	0.0	0.0	0.0	0.0	0.0	0.0	0.0	0.0	0.0	0.0	0.0	0.0	0.0	0.0	0.0	0.0	0.0	0.0	0.0	0.0	0.0	0.0	0.0	0.0	0.0	0.0	0.0	0.0	0.0	0.0	0.0	0.0	0.0	0.0	0.0	0.0	0.0	0.0	0.0	0.0	0.0	0.0	0.0	0.0	0.0	0.0	0.0	0.0	0.0	0.0	0.0	0.0	0.0	0.0	0.0	0.0	0.0	0.0	0.0	0.0	0.0	0.0	0.0	0.0	0.0	0.0	0.0	0.0	0.0	0.0	0.0	0.0	0.0	0.0	0.0	0.0	0.0	0.0	0.0	0.0	0.0	0.0	0.0	0.0	0.0	0.0	0.0	0.0	0.0
53427.52489576272	-31.46446226946864	2854500416.487345	990.0123859068156	64445.79154492188	-558.6293076171787	4153260047.851525	312066.70332884847	54109.44326020763	-1.503842971775157	2927831849.9296284	2.261543683757536	54225.80583874732	53570.97507355925	0.948444	21.727776	0.05679123	0.0240207	-0.0079991354	0.0151778599	0.0169092408	-0.0008109255	-0.0032496448	-0.0063412097	0.0337132125	0.0011616982	0.0181614587	-0.0545339048	0.0168252132	0.0124973742	-0.0287928518	-0.0049222415	0.0227285983	0.0132139646	0.0569672535	0.0436482383	-0.0233161362	0.0482775577	-0.0603379065	-0.0543923282	-0.0310744408	-0.005606736	-0.0221362272	0.0280420473	0.019918253	0.0030034293	0.0253643551	0.0130991089	0.073387967	-0.0685711379	0.0164522287	-0.0179996003	-0.0596291633	0.0066506658	0.0199372873	0.0433746779	-0.0071019953	-0.026151159	-0.0200673929	-0.0382668896	-0.0766688928	0.017761274	0.0086105925	-0.0615837305	-0.0627323621	-0.0356741345	-0.0215841602	-0.038322678	0.007600809	0.0143320279	0.0848090439	0.0585498087	0.0178880892	-0.0106018991	-0.0344533736	-0.0476442353	-0.0523785574	0.0932796641	-0.0246468035	0.0163561247	0.0206902498	-0.021898118	-0.0044642148	0.0306662149	0.0039315018	0.0140331091	0.0007483844	0.0181691749	0.0448498714	-0.0410739785	-0.0061764908	-0.0240617279	-0.0162109566	0.0274988955	0.0015335417	-0.0038790299	0.0445250939	-0.0127340379	0.0576770698	-0.0464636288	-0.0044874495	0.0030773351	0.0237259946	0.0115344555	0.0040514764	-0.000419989	0.0539730451	-0.0140188413	-0.0205957515	-0.0652674741	-0.0166105644	-0.0216327632	-0.0437161546	0.0066045759	-0.0357063607	-0.0084395534	-0.0222487227	-0.0260770427	-0.0343710359	-0.016419011	-0.0053532669	-0.0778535379	0.0315232087	-0.0305656962	-0.0021131354	-0.0057731433	-0.0041218181	-0.0162030634	0.0015028053	0.0017452212	0.0443905367	0.0249649789	-0.0488611599	0.0570459825	0.0564519272	0.026845602	-0.0100515044	0.021536556	-0.0273934534	-0.0219171424	-0.0013203238	0.0185473444	0.0287015165	0.0799112493	-0.0535912744	0.0208999853	-0.028797293	-0.0554986837	0.0093608969	-0.0236273037	0.0414103846	-0.0090885594	0.0248833795	0.0193445261	0.0374385426	-0.0180268981	-0.0706796544	-0.0165792289	0.0653565705	0.0407889925	0.0471187914	0.0297104565	0.0408092613	-0.0340198155	-0.0376907111	-0.0356235875	0.0854060803	-0.0231572499	-0.0046103917	0.0167372829	0.0138573203	-0.0743762415	-0.0837989246	0.0461499752	-0.0161561408	0.0024361131	0.0052733272	-0.0067286594	-0.0302375501	0.0035140798	-0.0107924076	0.0051411258	-0.0021201438	-0.0512139333	0.0536666822	-0.0062487891	-0.0147765974	-0.0154947807	0.0239931062	0.0157074169	0.0154389916	0.0328227086	0.0135122385	0.0171041619	-0.0702614443	0.0067063623	-0.0004130598	0.0275367337	-0.0029160537	0.0376847425	-0.0079948603	0.0347596994	-0.0423854778	-0.0052539699	-0.0742861493	-0.0366497933	0.0192836359	0.0377023876	-0.025244023	-0.0434302877	-0.0101236366	-0.008842993	0.0363247707	0.0238426637	-0.014465736	0.0743524905	-0.0087315048	-0.0032540664	0.0146365929	-0.0028187972	-0.0246965437	0.0001562397	0.0237585739	-0.0045134019	0.0055663486	-0.0002333856	0.0216211951	-0.0050679334	0.0096428719	0.0045536714	0.0236625556	0.0374721297	0.007391515	-0.0003049913	0.0010879649	0.0175460732	0.0156533778	-0.0182940186	-0.0111168929	-0.0622159492	-0.0103378722	-0.0365228889	0.0456740732	-0.0029314545	0.012687698	-0.0110915409	0.0003157746	-0.0181085726	0.0127325249	0.0182351157	0.0379639583	0.0098926005	-0.022625561	-0.0449733504	-0.047105256	-0.0280629691	0.0035938487	0.0336352026	0.0485572616	0.0416524399	0.0160245105	-0.0168065656	-0.0420829549	-0.0484427166	-0.0330270864	-0.0027655145	0.0287391785	0.0473253789	0.0446384398	0.021886162	-0.0107041222	-0.0384828171	-0.0489631754	-0.0374341914	-0.0090782364	-0.0388357	-0.0095918	9.200262724000002e-05	0.00150821159449	-0.7476669999999999	0.0167890000000001	0.5590059428889997	0.000281870521	-0.0163056	-0.00924645	8.54968376025e-05	0.00026587259136	-0.00902145	-6.278000000000013e-05	8.138656010250001e-05	3.941328400000016e-09	0.00262211	0.00018641	6.8754608521e-06	3.474868810000005e-08	0.000103697	0.0001740895999999	1.0753067809e-08	3.030718882816e-08	0.0	0.0	0.0	0.0	0.0	0.0	0.0	0.0	0.0	0.0	0.0	0.0	0.0	0.0	0.0	0.0	0.0	0.0	0.0	0.0	0.0	0.0	0.0	0.0	0.0	0.0	0.0	0.0	0.0	0.0	0.0	0.0	0.0	0.0	0.0	0.0	0.0	0.0	0.0	0.0	0.0	0.0	0.0	0.0	0.0	0.0	0.0	0.0	0.0	0.0	0.0	0.0	0.0	0.0	0.0	0.0	0.0	0.0	0.0	0.0	0.0	0.0	0.0	0.0	0.0	0.0	0.0	0.0	0.0	0.0	0.0	0.0	0.0	0.0	0.0	0.0	0.0	0.0	0.0	0.0	0.0	0.0	0.0	0.0	0.0	0.0	0.0	0.0	0.0	0.0	0.0	0.0	0.0	0.0	0.0	0.0	0.0	0.0	0.0	0.0	0.0	0.0	0.0	0.0	0.0	0.0
53418.60118692386	-8.923708838861785	2853546952.767623	79.63257944077995	64970.96693017578	525.1753852539041	4221226543.8419952	275809.18527658656	54104.31086609949	-5.132394108135486	2927276454.2955317	26.34146928122385	54229.74116726629	53550.393924703225	1.008095	23.09432	0.062272605	0.0317969	-0.0043900664	0.0032626919	0.0192502259	0.0096335638	-0.0042356024	0.0244356801	0.0054232157	0.0590622303	0.0332156959	0.0160378069	-0.0523357319	-0.0212664579	0.0063074442	-0.0047794513	-0.0360173908	-0.0214333578	-0.0040114441	0.0427782895	0.0062817359	-0.0190018306	0.0485517679	-0.0774959521	0.015704477	-0.0017503244	-0.0127890674	0.0652180287	0.0034730836	0.0143091637	0.0377617426	0.0348972853	0.0064796448	-0.0469413159	-0.0200719299	0.0340646688	0.0019393691	-0.0371064702	-0.017849	0.0362209424	-0.020795044	0.006487856	0.0058622749	0.007327516	0.0056519639	-0.0262774531	-0.0195537544	0.0288178875	0.0400210506	0.011772667	-0.0728545747	0.0268031481	-0.003660811	-0.0053981968	0.0317585505	-0.0254432397	-0.0309285358	-0.0039068943	-0.0158188695	-0.0769296817	-0.020461671	0.0192697172	-0.0173376246	-0.0151328653	0.0091149808	-0.0385128828	-0.061489557	-0.0096242194	-0.0357361051	-0.0242450005	-0.0349198602	-0.0648920376	0.030379211	0.0575065948	-0.0155699425	0.0123865265	-0.0388489304	-0.0309361387	0.0158379741	0.049266212	-0.012949238	0.0434127058	-0.0113394535	-0.0194708814	-0.0157971716	0.0022429469	-0.0103221538	-0.0391601783	0.043061577	-0.0179997875	0.0211109871	3.68379e-05	-0.0480500407	-0.0007291999	-0.001760267	0.0351350145	-0.0231025665	0.0674074163	-0.0809294985	-0.0346359368	-0.0102582176	0.0263689392	-0.0268437284	-0.0253104213	-0.0003943814	0.05097796	-0.0157378684	-0.0172675404	-0.0275423628	0.0242758101	-0.019979399	-0.0179476004	0.0438195462	0.0172463692	0.0423644957	-0.0134025475	0.021873522	-0.0502883161	0.0753550588	-0.0206272189	-0.0019466086	0.0130762918	-0.0638538447	-0.0055706584	0.002871218	0.0337790898	0.0450228351	0.0141386397	-0.0458887082	-0.0098626746	0.0332067166	-0.0042924418	-0.0393358352	0.013852406	0.039163068	-0.0118373518	-0.0085136709	-0.0144602047	-0.0042374861	-0.0370375019	0.0072664486	0.0300285841	-0.0201153421	-0.0351717724	-0.0315044677	0.0693291012	-0.0323968883	-0.0072716726	-0.0288823829	-0.0277885561	-0.034032325	0.0261783788	-0.0069250445	0.0246292711	-0.0202964813	-0.0583384229	-0.0117642794	0.007091698	0.0095827057	-0.0039729296	0.018374422	-0.0519358872	0.0095161933	0.0396837713	0.0104093003	0.0260884314	-0.0948343462	-0.0150007471	-0.0478959653	-0.0305129625	0.0028677925	-0.0292608531	-0.0338149482	0.0141331793	-0.0407207196	-0.0372458151	0.0464927508	-0.0268916809	0.0012855741	-0.0080147029	1.20293e-05	-0.0017278523	-0.0529331799	0.0237359324	0.0088660032	-0.0203268756	-0.0359974186	-0.0122363466	-0.0060919389	0.046482608	0.0123969657	0.0031235975	0.0136217373	-0.0991283873	0.026642242	-0.0262066778	0.0484556355	-0.0410011097	0.032534153	-0.033899782	0.0017844804	-0.0104082435	0.0327145696	-0.0103707688	-0.0161831842	0.0081950333	0.0077863386	0.0381452517	-0.0483686489	0.0177184776	0.0196194828	-0.0079742874	0.0106232947	-0.0090181686	0.0311129609	-0.0063250253	0.0494446274	-0.0081352582	0.0020084186	-0.0091654445	0.0176867751	2.85239e-05	0.0228754247	0.0432317005	-0.0119208937	-0.0244356485	0.009576782	-0.0171078873	0.0213837703	-0.0280335859	-0.0109794995	-0.0220873743	0.015614484	0.039022743	0.0378471697	0.0095309979	-0.0231148951	-0.0452602033	-0.0468448038	-0.0271488476	0.0048802286	0.0346923251	0.0487444668	0.040653077	0.0140938949	-0.0188678315	-0.0432583199	-0.0479975119	-0.0309324975	0.0001844653	0.0312176297	0.0480693164	0.0430841775	0.0185268512	-0.0144468132	-0.0408576104	-0.0487077002	-0.0344309608	-0.0045129987	-0.0420396	-0.0032039	1.0264975210000016e-05	0.00176732796816	-0.769632	-0.0219650000000001	0.592333415424	0.000482461225	-0.00781441	0.00849119	7.210030761609998e-05	6.106500364810001e-05	-0.00894101	8.044000000000107e-05	7.994165982009999e-05	6.470593600000171e-09	0.00302199	0.00039988	9.1324235601e-06	1.5990401440000006e-07	1.17667e-05	-9.19303e-05	1.3845522889e-10	8.451180058089998e-09	0.0	0.0	0.0	0.0	0.0	0.0	0.0	0.0	0.0	0.0	0.0	0.0	0.0	0.0	0.0	0.0	0.0	0.0	0.0	0.0	0.0	0.0	0.0	0.0	0.0	0.0	0.0	0.0	0.0	0.0	0.0	0.0	0.0	0.0	0.0	0.0	0.0	0.0	0.0	0.0	0.0	0.0	0.0	0.0	0.0	0.0	0.0	0.0	0.0	0.0	0.0	0.0	0.0	0.0	0.0	0.0	0.0	0.0	0.0	0.0	0.0	0.0	0.0	0.0	0.0	0.0	0.0	0.0	0.0	0.0	0.0	0.0	0.0	0.0	0.0	0.0	0.0	0.0	0.0	0.0	0.0	0.0	0.0	0.0	0.0	0.0	0.0	0.0	0.0	0.0	0.0	0.0	0.0	0.0	0.0	0.0	0.0	0.0	0.0	0.0	0.0	0.0	0.0	0.0	0.0	0.0
53460.9422856171	42.34109869324311	2858072350.0660825	1792.7686385509537	64915.56379882812	-55.40313134765893	4214030423.319725	3069.5069631259475	54088.212242731504	-16.098623367986875	2925534703.6147704	259.16567434429305	54201.94592018019	53986.40906998275	1.065852	24.417456	0.038090545	0.0200917	-0.0083986251	0.0089457208	0.0227712026	0.0034175424	0.0023869249	-0.0187150543	0.0148834893	-0.0660906825	-0.0003353151	0.0115881466	0.0291035686	0.0024383213	-0.0498009661	-0.0176955473	-0.068503893	-0.0258896337	0.0235608341	0.0709073524	-0.033389737	-0.031829806	0.0054180027	0.0332372853	0.0086933669	-0.0175282696	0.0543935523	-0.0059520606	0.0184516891	-0.0308981949	0.0408668009	-0.01945251	-0.0136738097	-0.0127450925	-0.0450089068	-0.0071276487	-0.0185683008	0.0172670974	0.006312214	-0.0737802122	0.0213646826	0.0079817108	0.0561904969	-0.0056845129	0.0333703177	0.0288290554	-0.0531865306	0.0401896833	0.0299453112	0.0278628732	0.0182766678	0.0290585214	-0.0477137867	-0.0164111457	0.0361804772	0.0194339908	-0.0040892788	-0.0130779179	0.0398577956	-0.0350305654	0.0073400088	-0.0751080005	-0.0232916735	-0.0432381939	-0.0054650114	-0.0517537093	-0.0058076741	-0.0501998015	-0.0348547913	0.0255514584	0.0134481812	0.0511735492	0.0349133552	0.0002450473	-0.0154844501	0.0111123117	-0.0418172339	0.0242713302	-0.0330279173	-0.0409268033	-0.0141366678	-0.0286891006	0.0745557749	0.035732165	0.0388530131	-0.0166007731	-0.0553178633	0.0004974552	-0.00515115	-0.0062171119	-0.0287904728	-0.0063063693	0.0436597742	-0.0221095633	0.01228043	0.0273795565	0.0053046559	0.0314782834	0.016135352	-0.0284172787	0.0346015105	0.004926592	0.0488646976	0.0149172166	-0.0173837297	-0.0255545026	-0.0114431784	-0.0012985751	-0.0372048789	0.0143856544	-0.0548994237	-0.024059909	-0.0203788322	0.0193519986	0.0724297813	0.030140538	0.0317754752	-0.0049229015	-0.0317824529	-0.0022168307	0.0024783735	-0.0609331943	0.0070203647	-0.0197440294	-0.034818114	0.0345740587	-0.0189990685	-0.0051452647	-0.0195756552	-0.0341969823	-0.0056566612	-0.0203663323	0.011689335	-0.0054422303	-0.0716795931	0.0278717298	-0.0060178015	-0.0549342757	0.0089813387	0.0443265216	0.0209891986	0.0565772993	-0.0374616965	-0.0150989411	-0.0297995005	-0.0025783548	-0.037300391	0.0309024632	-0.0445033367	-0.0495799884	0.0144610713	0.0210530868	-0.0021897735	0.0297668721	-0.0457526468	-0.0116604148	0.0681734816	-0.0110027562	0.0466687761	-0.0319239333	0.0233889523	0.0119216333	0.0495122423	0.0361354572	-0.0082280672	0.0024194921	0.0449187856	-0.0520723406	0.000291905	-0.0279650062	0.0121150576	-0.0387076725	0.0362686589	-0.0276774579	0.0116605037	-0.0128453473	-0.0565556009	0.0604690065	-0.0302421237	0.0581277526	-0.0263025675	-0.0468733864	0.0145802972	-0.0244042096	0.0112263438	-0.0162036259	0.0305625505	0.0337955794	0.008781371	0.0157890499	0.031060887	0.0032799402	0.0419124692	-0.0010377497	0.0351454766	-0.0208599372	-0.0575203763	-0.0018137524	-0.0078738945	0.0020340135	0.0065035206	-0.0189453897	-0.0019190801	-0.0201067932	-0.0487070788	0.0011083279	0.0447456502	0.0283808645	0.0308974293	-0.0016445003	0.0199155405	-0.0107733597	0.0045217582	0.0032264901	0.0242281592	0.0259453479	-0.0059029023	0.0303335307	-0.0388058042	0.0245728067	0.0080239892	0.0034283914	-0.0191907956	-0.0123295538	0.01753416	0.0466305417	0.0180357053	0.0177802296	0.016492219	-0.017834816	0.0084494218	-0.0331968288	0.022603999	0.0524005902	0.0377298441	0.0091688544	-0.0236012772	-0.0455367808	-0.0465677344	-0.0262208584	0.0061632156	0.0357179449	0.0488756528	0.0395960362	0.0121390845	-0.0208905514	-0.044329971	-0.0474188502	-0.0287391785	0.0031337753	0.0335681082	0.0485923444	0.0413093142	0.0150624352	-0.0180991493	-0.0429519653	-0.0480868413	-0.0311465121	9.22328e-05	-0.0389933	0.0030463	9.279943690000012e-06	0.00152047744489	-0.785203	-0.015571	0.616543751209	0.000242456041	-0.0074141299999999	0.0004002800000001	1.6022407840008078e-07	5.496932365689852e-05	-0.00903137	-9.036000000000112e-05	8.15656440769e-05	8.164929600000205e-09	0.00281305	-0.0002089399999999	7.9132503025e-06	4.3655923599999966e-08	-7.03926e-05	-8.21593e-05	4.95511813476e-09	6.750150576490001e-09	0.0	0.0	0.0	0.0	0.0	0.0	0.0	0.0	0.0	0.0	0.0	0.0	0.0	0.0	0.0	0.0	0.0	0.0	0.0	0.0	0.0	0.0	0.0	0.0	0.0	0.0	0.0	0.0	0.0	0.0	0.0	0.0	0.0	0.0	0.0	0.0	0.0	0.0	0.0	0.0	0.0	0.0	0.0	0.0	0.0	0.0	0.0	0.0	0.0	0.0	0.0	0.0	0.0	0.0	0.0	0.0	0.0	0.0	0.0	0.0	0.0	0.0	0.0	0.0	0.0	0.0	0.0	0.0	0.0	0.0	0.0	0.0	0.0	0.0	0.0	0.0	0.0	0.0	0.0	0.0	0.0	0.0	0.0	0.0	0.0	0.0	0.0	0.0	0.0	0.0	0.0	0.0	0.0	0.0	0.0	0.0	0.0	0.0	0.0	0.0	0.0	0.0	0.0	0.0	0.0	0.0
53642.736821718325	181.7945361012244	2877543213.724135	33049.25335625937	65002.338796875	86.77499804687977	4225304049.063721	7529.900286035989	54259.309704424566	171.09746169306163	2944072689.6006618	29274.341397808694	54374.22303163654	53847.848000266335	1.05304	24.123955	0.0928879650000001	0.0453175	-0.0102588589	0.0207498718	0.0118804207	0.0026350362	0.0055458633	-0.0075569979	-0.0034152062	-0.0021106028	0.0338364912	-0.0158816718	-0.0528002074	0.0078884981	-0.0001601503	-0.0240075703	0.0060764496	0.0072547256	0.045204595	0.0396313119	0.0045408442	-0.00282551	-0.0094754011	-0.0268424286	-0.0475301923	0.0925113848	-0.0108042195	-0.0072080249	-0.0317196178	0.0302532085	-0.060792797	0.0452023092	0.0286067864	-0.0456484658	-0.0251349171	-0.0485806923	0.0217360488	0.0184793833	-0.0982900759	-0.0266543146	0.0820478603	-0.022165177	-0.0291833499	0.0043979518	0.0289957624	0.0176786775	-0.0098790451	-0.0465069463	0.0081593767	-0.0243408641	0.0432458421	-0.0258196337	-0.0163899988	-0.0774921126	-0.012474256	-0.0105175736	-0.0137364091	-0.0325130776	-0.0137136485	-0.0160072416	0.0410354256	-0.0190826471	0.0210938124	0.0504839973	0.0159116416	0.0062164321	-0.0722692355	0.0176550881	0.0039286872	-0.0119044102	-0.0281182621	-0.0993692332	0.0044627424	-0.0017278191	-0.0441212596	0.0460148609	0.0147251912	0.0270098805	0.0588019377	0.0193068592	-0.024611546	0.0486414511	-0.0404214736	-0.0497040137	-0.0082206292	0.0041115839	0.0290468304	-0.0072954972	-0.0225541188	0.0389297	-0.0053061877	-0.0094213423	0.0035073016	-0.008720049	-0.0041361389	-0.0307394939	-0.0129648151	-0.0530186203	0.0043473398	-0.0261314916	0.0225398492	0.016593309	0.0279323844	0.0265131256	0.0137093748	-0.0027493166	0.0026166733	-0.0230025384	0.0302052004	0.0224806674	0.0067082209	0.0561184965	0.0158104632	0.0297635749	0.0408186387	-0.005278949	0.0040377221	0.0101131194	0.0261971487	0.0507445718	0.0718930737	0.0519007611	0.0116653424	0.0395368396	0.0339731166	-0.0598678633	0.0475106264	0.0255796798	-0.0360062897	-0.0253655866	-0.0478292789	0.0252380182	0.0113891412	0.0962553087	-0.0233982559	0.0777936035	0.0329821857	0.0344393931	0.0011935953	0.0179429144	0.0242402121	0.0239948953	0.0417271705	-0.0084063837	0.0129439279	-0.0398962653	0.0302803682	0.0427138248	0.0464580077	-0.0621995312	-0.0208356092	0.0208924138	0.014491505	0.0354516149	0.0130595047	0.0283450179	0.0092103781	-0.0272805671	-0.032753723	0.0072700049	0.0298121554	-0.0632056518	-0.0272674078	0.00751146	-0.0079861282	0.0112361713	-0.1010731671	0.0435293191	0.022253984	-0.0500937731	0.0250980444	0.0194866654	0.0057729151	0.0453401364	0.0133486075	-0.0464442751	0.0281747429	-0.0671533204	0.0003703613	-0.0217819061	0.017450835	0.0332711843	-0.0041825781	-0.0219081473	-0.0438976661	0.0115436891	0.0175477736	-0.0067859223	-0.008253958	-0.0289484527	-0.0099384154	0.0159955633	-0.0305613871	0.0390860358	0.0172904959	-0.0268746156	-0.0372988806	-0.0187840608	-0.0161332666	-0.0082573793	-0.0056134245	-0.0054776879	0.0159511965	0.0426641224	-0.0154674727	0.0026479544	-0.0596332809	0.0154496292	0.0004068596	-0.0127001773	0.0166030858	-0.006056352	0.0085392873	0.002254258	0.0375574614	0.0367639232	0.0287320735	0.0097619484	0.0272189269	0.0044107456	-0.0223934449	0.0188119111	0.00058538	-0.0073866117	-0.0040648134	-0.0423259264	0.0085030376	-0.0282112108	0.0243029303	-0.0131512609	0.0011606412	-0.0150217432	0.0303396302	0.0197067016	0.037611983	0.0088061905	-0.0240846454	-0.0458030203	-0.0462741461	-0.0252794756	0.0074419176	0.0367111306	0.0489506689	0.0384828171	0.0101634351	-0.0228705931	-0.0452953387	-0.0467083402	-0.02645413	0.0060717052	0.0357809787	0.0488920593	0.0393229378	0.0115125682	-0.0216382877	-0.0447515066	-0.047105256	-0.0276076712	0.004696647	-0.0443669	-0.0053735999999999	2.8875576959999996e-05	0.00196842181561	-0.8122	-0.026997	0.65966884	0.000728838009	-0.0314052	-0.0239910700000001	0.0005755714397449	0.00098628658704	-0.0088252799999999	0.00020609	7.788556707839825e-05	4.2473088100041084e-08	0.00238207	-0.00043098	5.6742574849e-06	1.857437604000001e-07	2.30633e-05	9.34559e-05	5.319158068899998e-10	8.73400524481e-09	0.0	0.0	0.0	0.0	0.0	0.0	0.0	0.0	0.0	0.0	0.0	0.0	0.0	0.0	0.0	0.0	0.0	0.0	0.0	0.0	0.0	0.0	0.0	0.0	0.0	0.0	0.0	0.0	0.0	0.0	0.0	0.0	0.0	0.0	0.0	0.0	0.0	0.0	0.0	0.0	0.0	0.0	0.0	0.0	0.0	0.0	0.0	0.0	0.0	0.0	0.0	0.0	0.0	0.0	0.0	0.0	0.0	0.0	0.0	0.0	0.0	0.0	0.0	0.0	0.0	0.0	0.0	0.0	0.0	0.0	0.0	0.0	0.0	0.0	0.0	0.0	0.0	0.0	0.0	0.0	0.0	0.0	0.0	0.0	0.0	0.0	0.0	0.0	0.0	0.0	0.0	0.0	0.0	0.0	0.0	0.0	0.0	0.0	0.0	0.0	0.0	0.0	0.0	0.0	0.0	0.0
53660.1982180261	17.461396307771793	2879416872.797851	304.9003610170664	65162.95573388672	160.61693701172044	4246210799.976481	25797.80045502697	54286.620151187744	27.310446763178334	2947037127.4393435	745.860502404398	54400.76607286216	54359.13304506773	0.957047	21.924854	0.059963995	0.0377214	-0.011252804	0.012198138	0.0042005253	-0.001640503	0.0243899325	-0.0178591848	-0.017827441	-0.0474295386	0.0191710348	-0.0023390375	0.0046605368	-0.004312991	-0.0340303167	-0.0241728088	-0.0276101032	-0.0150833473	-0.0311535537	0.0011265351	-0.0053033277	0.0072659834	-0.0116581063	0.0759364731	-0.0196569811	-0.0236720563	-0.0041869576	-0.0144466808	0.0180153048	-0.0246526787	0.009071763	0.0258824724	-0.0560172288	0.0291531117	-0.0260020384	-0.0170949986	0.0068279251	0.0123327839	-0.001203117	-0.0111318475	0.0316446032	0.0341358026	0.0246476315	0.0292395934	-0.0091706125	0.0463454291	-0.0204724999	0.0409102574	0.0438680442	-0.0208129107	0.0731841502	0.0322617343	-0.0110924514	0.0095721681	0.0155896184	0.0188758896	0.0070253845	0.069523671	0.0046578636	0.0224645581	0.0246778529	0.0148560248	-0.0323025902	-0.0445134291	-0.0195571108	-0.0178546911	-0.0420577518	-0.0118114071	0.0049437	0.0310753461	0.0322745178	0.0002702423	-0.0097489171	0.0224726291	-0.0279690113	0.0301913642	0.0205602428	0.0497241685	0.0303781113	-0.0363325868	0.0344816903	0.003159003	0.0128029857	0.0635590081	-0.0316862542	-0.0285297133	0.0618058005	0.0046620493	0.0753470054	0.0334929737	-0.0228251034	0.0374121531	0.0183007343	0.0407598431	-0.0293004438	0.0019547816	-0.0510240679	-0.0065626673	-0.0114389839	-0.0391444079	-0.0162930247	0.010281914	-0.0423606872	-0.0082225606	-0.0591613916	-0.034318244	0.0029820087	-0.0157102073	-0.018417475	0.0565943565	0.0092365296	0.0215362485	0.0844890548	0.0267979505	0.0021650022	0.0078571896	-0.0083847936	0.0121979703	-0.0735102604	0.0201314504	-0.0218214487	-0.0107556729	0.0139505634	-0.0198371889	-0.028237681	0.0083968124	0.0144881111	-0.0605395854	0.0169345004	-0.0340028809	-0.0102654603	0.0118159417	0.010366597	0.0012278314	-0.0115220991	0.0315395998	-0.0325238461	-0.0154597013	-0.0320787786	0.0616959115	-0.0147007219	0.0117975526	-0.0267753488	-0.0441918231	0.0292817584	-0.0554955234	-0.0424841416	-0.0042673303	-0.0343439996	-0.0209993959	0.0169086426	0.0083248509	-0.0574316997	-0.0324769182	-0.0210355133	0.036903235	0.0057403796	0.046346036	0.0467411912	-0.0018463841	-0.0045109802	-0.0287084638	0.0052544397	0.0146257788	-0.0321766281	-0.0286116266	0.0081583115	0.0115478587	-0.0128736312	-0.0408899282	0.0257308776	0.0202377947	0.0280979534	0.0476710379	0.0320155493	0.0141799719	-0.0157983801	0.0598920885	0.0294213893	-0.0209926318	-0.0181480644	0.0529591138	-0.010582918	0.0728054367	-0.0248735175	-0.015809455	0.0275894864	-0.0158730461	0.0718035724	0.0004485178	0.0079208175	0.0538835009	-0.0072745502	0.0003445502	0.022749449	-0.0289654797	0.0377089029	-0.0215217016	-0.0031696989	0.0405341627	0.0557173656	-0.0386480274	0.0089040583	-0.0215893332	-0.018213027	0.0641223544	-0.0178194115	0.0587038005	-0.0669559519	-0.073651618	0.0104798201	-0.0038464825	0.0042216819	-0.0069314241	0.0113847249	0.0282430347	0.0197656049	0.0327018914	-0.022281327	0.0099703663	0.0262076048	0.0209995368	0.0047400042	0.0009255005	0.0114267699	0.0523639784	0.0330780875	-0.0056493364	0.0323020822	-0.0061451193	0.0155905436	-0.0054446745	0.0378733287	0.027697416	0.0374935883	0.0084430267	-0.0245649379	-0.0460588611	-0.0459641431	-0.02432518	0.0087154456	0.0376709804	0.048969429	0.0373149993	0.0081703383	-0.0248039116	-0.0461521087	-0.0458679577	-0.0240846454	0.0089875862	0.0378471697	0.0489670838	0.0371352188	0.007897389	-0.0250420933	-0.0462438827	-0.0457703078	-0.0238433419	0.0092594399	-0.0443344	3.249999999999781e-05	1.0562499999998575e-09	0.00196553902336	-0.778231	0.033969	0.605643489361	0.001153892961	-0.0239955	0.0074097	5.490365409000002e-05	0.00057578402025	-0.0085752799999999	0.00025	7.353542707839829e-05	6.250000000000013e-08	0.00240967	2.760000000000002e-05	5.8065095089e-06	7.61760000000001e-10	-7.03926e-05	-9.34559e-05	4.95511813476e-09	8.73400524481e-09	0.0	0.0	0.0	0.0	0.0	0.0	0.0	0.0	0.0	0.0	0.0	0.0	0.0	0.0	0.0	0.0	0.0	0.0	0.0	0.0	0.0	0.0	0.0	0.0	0.0	0.0	0.0	0.0	0.0	0.0	0.0	0.0	0.0	0.0	0.0	0.0	0.0	0.0	0.0	0.0	0.0	0.0	0.0	0.0	0.0	0.0	0.0	0.0	0.0	0.0	0.0	0.0	0.0	0.0	0.0	0.0	0.0	0.0	0.0	0.0	0.0	0.0	0.0	0.0	0.0	0.0	0.0	0.0	0.0	0.0	0.0	0.0	0.0	0.0	0.0	0.0	0.0	0.0	0.0	0.0	0.0	0.0	0.0	0.0	0.0	0.0	0.0	0.0	0.0	0.0	0.0	0.0	0.0	0.0	0.0	0.0	0.0	0.0	0.0	0.0	0.0	0.0	0.0	0.0	0.0	0.0
53668.65883582295	8.460617796852603	2880324941.2359567	71.582053504419	64969.31430224609	-193.6414316406299	4221011800.904039	37497.004047832736	54286.08123035542	-0.5389208323249477	2946978615.348747	0.2904356635138144	54405.861389450525	54056.704807984985	0.88305	20.229671	0.0263057999999999	0.0132895	-0.0114810425	0.0135325311	-0.0019899601	-0.0020316709	0.0192916866	-0.0026199436	-0.0043462964	0.0212491274	0.0105114626	-0.0098841717	-0.0055038363	0.0106097451	-0.0129313385	-0.0219544745	0.0181631922	0.0011692203	0.0418515381	-0.0043627517	0.0290857877	0.0308254621	0.0119655886	-0.0386440117	-0.0254942361	0.029161314	0.0015612927	0.0011836735	-0.003164251	0.0312416761	-0.032111161	-0.0171675275	0.0199913119	0.0033673741	0.0645066273	-0.0372308706	0.0240103876	0.0058367311	0.0006510866	-0.0436113549	0.0178009929	0.0024289145	0.0705221829	0.0430218558	-0.0338113036	0.0015861974	0.0313615182	0.0719738374	-0.0517338455	-0.0486200056	0.0433970294	-0.0591616324	-0.0320916523	-0.003815571	-0.0031226059	0.0053416662	-0.0053633143	-0.0561254159	-0.0079611636	0.0070603608	0.0731524464	-0.0213169459	0.0100784632	0.0055465629	-0.0055023609	-0.0070912925	0.0130199193	0.0330077824	-0.0097765968	0.0224302846	-0.0316389569	-0.0081806572	0.0064380299	-0.0251012842	-0.0265569754	0.0351103025	0.0167472617	0.0114082892	-0.0588930762	0.0437271547	-0.0082422843	-0.0150792389	-0.0021784829	0.0420343191	0.0212472298	-0.0027528371	-0.0114030543	-0.0228571062	0.0105615646	0.0424734521	-0.0223661083	-0.0304869739	0.0023952031	0.0495606856	-0.0085824281	-0.0225205145	-0.0615569373	-0.0030902825	-0.0570585663	-0.0316700611	-0.0169480082	0.020933782	-0.0098094509	0.0400665477	-0.0314645394	-0.0506843142	-0.0325525634	-0.0064153271	-0.0630447493	-0.0603265819	0.0525488352	-0.0114275092	0.0104854983	-0.0536170736	-0.0055641894	-0.027591074	-0.0297752585	-0.0122620468	0.0366356337	0.0282825959	0.0242861364	0.0148469713	0.0012712251	0.0046226958	0.036212622	-0.0296051871	-0.011551449	0.0194087026	0.0119218197	0.058748187	-0.0382115514	0.0260866884	0.0059902715	0.0065639834	-0.0420599032	0.0130958487	-0.0116383427	-0.0664231698	-0.0395096086	0.0224731088	-0.0266839907	-0.0506705684	-0.0622105983	0.0377745631	0.0670881793	-0.0195705187	0.06730832	0.0222618146	-0.0238210914	-0.0250181628	-0.0093465175	0.0158299509	0.024411798	0.0564264629	0.0274589028	0.0592882846	0.0096334225	-0.0185435528	0.0105422881	-0.0093230534	0.0101088095	0.019469833	-0.0294624563	0.0039668587	-0.0134111011	0.046891587	0.0023827813	0.0157973138	0.0339757248	-0.0253039994	0.0262325455	0.0187911771	0.026048204	-0.0451345327	-0.0649808303	-0.006280368	-0.014755828	0.0262559109	0.028165225	0.0122181988	-0.0021229178	-0.0090311606	-0.0154379755	-0.0106412781	-0.0633655614	-0.0171757756	0.0049841874	0.0054376807	0.0371977999	-0.0067723809	-0.0276466155	0.0441012389	-0.0328709779	-0.0429711496	-0.0075241527	-0.0446846896	0.0066722791	-0.0280516247	-0.0484869974	0.0318682616	0.035587845	-0.025317661	-0.0059227656	-0.0808963213	0.0113595925	-0.0555379766	0.0025084315	-0.0477827776	-0.0353962795	-0.007686079	0.0041559161	0.0011877206	0.0059998878	-0.0065237094	0.0070205785	0.0405891123	0.0367545765	0.003145356	0.0063964902	0.0208890679	-0.0063097959	0.0138341363	0.0015369274	-0.011813661	-0.0051562583	-0.0426969713	0.0421140578	-0.0235404632	0.0304676873	-0.0162447487	0.0090224186	-0.0209795582	0.0214880612	0.0243464191	0.0373746616	0.0080793838	-0.0250420933	-0.0463042454	-0.0456378354	-0.023358459	0.0099829142	0.0385966226	0.0489319113	0.0360942395	0.0061632156	-0.026686557	-0.0468982266	-0.0449000392	-0.0216382877	0.0118708295	0.0397582112	0.0488170731	0.0347573591	0.0042374069	-0.0282892778	-0.0474188502	-0.0440920108	-0.0198842699	0.0137401766	-0.0469831	-0.0026486999999999	7.015611689999983e-06	0.00220741168561	-0.772946	0.0052849999999999	0.5974455189160001	2.7931224999999837e-05	-0.0312556	-0.0072601	5.2709052010000025e-05	0.00097691253136	-0.0084475599999999	0.00012772	7.136126995359829e-05	1.6312398400000333e-08	0.00250419	9.451999999999983e-05	6.270967556099999e-06	8.93403039999997e-09	-7.03926e-05	0.0	4.95511813476e-09	0.0	0.0	0.0	0.0	0.0	0.0	0.0	0.0	0.0	0.0	0.0	0.0	0.0	0.0	0.0	0.0	0.0	0.0	0.0	0.0	0.0	0.0	0.0	0.0	0.0	0.0	0.0	0.0	0.0	0.0	0.0	0.0	0.0	0.0	0.0	0.0	0.0	0.0	0.0	0.0	0.0	0.0	0.0	0.0	0.0	0.0	0.0	0.0	0.0	0.0	0.0	0.0	0.0	0.0	0.0	0.0	0.0	0.0	0.0	0.0	0.0	0.0	0.0	0.0	0.0	0.0	0.0	0.0	0.0	0.0	0.0	0.0	0.0	0.0	0.0	0.0	0.0	0.0	0.0	0.0	0.0	0.0	0.0	0.0	0.0	0.0	0.0	0.0	0.0	0.0	0.0	0.0	0.0	0.0	0.0	0.0	0.0	0.0	0.0	0.0	0.0	0.0	0.0	0.0	0.0	0.0	0.0
53671.8010369907	3.1422011677495902	2880662226.554316	9.873428178606888	65461.20885546875	491.8945532226571	4285169864.8193	241960.25149011743	54304.82807399964	18.74684364422137	2949014352.1466594	351.44414662088326	54426.80940956529	54445.82412077669	1.148853	26.318932	0.1591116999999999	0.0880979	-0.006374645	-0.0119454923	0.0230955109	0.0126473263	0.0220947405	0.0059824083	-0.006328257	-0.0404464196	0.0056372019	0.0400824629	0.0522229885	-0.028987514	-0.0341841755	0.0217368445	0.0050831232	-0.0195861726	-0.0366966654	-0.0032015909	0.023064747	-0.0090627469	0.021136071	0.10474447	0.042646986	-0.0413461298	0.0241593845	0.0106846326	-0.0202537735	0.0144694244	-0.0200250379	0.0169255922	-0.0187328547	0.0043294611	-0.035446932	0.0086740164	0.004833286	-0.0069484131	0.027118697	-0.0286555738	0.0612196105	-0.0504355862	0.0213318658	-0.081242461	0.0072965056	-0.0144459689	0.0324324913	-0.0010558889	0.0266585499	-0.0084258316	0.0513603563	0.0366774874	-0.0471008202	0.0388322709	-0.01777045	-0.0083454664	0.0211469719	0.0272901976	-0.0545245626	-0.046838103	-0.0240101122	-0.0179715104	0.0065550936	0.0635952206	-0.0493871237	-0.0087617487	-0.0238743672	0.0365373137	0.0108164903	0.0256841524	0.0450066481	0.025310144	-0.0352554564	-0.0257790141	-0.0135969413	0.0473150653	-0.0065464226	-0.0527543171	0.0566859789	0.0249436677	-0.0182611627	-0.0315197301	-0.04313736	-0.0076203332	-0.0021742553	0.0208616924	0.0072848454	-0.0354121504	0.0057028122	0.0287628382	-0.0144967837	0.0159501924	0.0703418914	-0.0031549624	-0.0637964901	-0.0037975404	-0.0803446592	0.0738566956	0.0735928816	-0.0186775816	0.0337605003	0.025460669	-0.0043586914	0.0763970568	0.0085301726	-2.4653e-06	-0.0269513605	-0.02108787	0.0220205086	-0.0721389502	0.00314273	0.0300793676	-0.0297896002	0.0419957647	-0.0041920726	-0.0219784757	0.0053869062	-0.0181060616	-0.1058637774	-0.0412917414	-0.0219987456	-0.0403399441	-0.0139087852	0.0205365192	0.018700021	-0.0135787031	0.0107367915	-0.0183788569	0.0027284384	-0.0374435953	0.0127668312	0.0067504799	-0.0087036878	-0.0297225339	-0.033297408	0.0560736772	0.0499534468	-0.0121208856	0.0784609847	0.0079069249	0.0060319112	-0.0380728583	-0.0096326415	-0.0328448312	0.0095161335	-0.056468287	-0.0291813234	0.034279716	-0.0449086745	0.0262654383	-0.0063038502	-0.0103364695	-0.0556994031	0.0202217207	0.0245299529	-0.0346698899	0.0169046026	-0.0196775492	-0.0288872803	0.0765890086	0.0244759152	-0.0069425111	-0.0445258884	0.0079831013	-0.0383394399	-0.0315103971	0.0278789257	0.0226382665	0.0257926993	-0.0012881694	0.025840633	-0.0191712939	-0.0770835113	0.0458914011	-0.0286686331	0.0024938669	-0.0326678386	-0.0267719471	0.0060002689	-0.0184998538	0.0308571355	0.0001671552	-0.0233954841	-0.0111454406	-0.0357379518	0.006835133	0.0360401608	0.0116278471	0.0432339397	-0.062185623	0.0547139535	0.0960513867	0.0838069792	0.0153568112	0.0598751991	0.0382550797	-0.0080167213	-0.0186968409	-0.0669737178	-0.0035323742	0.011333809	0.0103586921	0.0032396688	0.0092678618	0.042211999	-0.0779443332	-0.0388793612	0.0508175167	0.0463722643	-0.0220977503	0.0123603763	-0.0157622543	0.0011865259	-0.005137833	0.0201942574	-0.011544842	0.0330901291	0.0330061412	-0.0214863521	-0.0018494028	0.003056575	0.0161943905	-0.0089707064	0.0246055171	0.0348863678	0.0666930442	0.0219636703	0.020304081	0.0451552263	0.0157171324	0.0419707104	0.0152077738	0.0311382859	0.0115769442	0.0372552045	0.0077152822	-0.0255160508	-0.0465391172	-0.0452953387	-0.0223798066	0.0112434423	0.0394872168	0.0488381591	0.0348222698	0.0041455125	-0.0285146833	-0.0475319038	-0.0438072762	-0.019122865	0.014710965	0.0415062691	0.0484427166	0.0322015336	0.0005533855	-0.0313595323	-0.0482683442	-0.0420829549	-0.0157627911	0.0180991493	-0.0361002	0.0108829	0.00011843751241	0.0013032244400399	-0.8335519999999998	-0.0606059999999998	0.6948089367039998	0.0036730872359999	0.0131452	0.0444008	0.00197143104064	0.0001727962830399	-0.00905856	-0.0006110000000001	8.205750927360001e-05	3.733210000001235e-07	0.00275763	0.00025344	7.604523216900001e-06	6.42318336000001e-08	-7.03926e-05	0.0	4.95511813476e-09	0.0	0.0	0.0	0.0	0.0	0.0	0.0	0.0	0.0	0.0	0.0	0.0	0.0	0.0	0.0	0.0	0.0	0.0	0.0	0.0	0.0	0.0	0.0	0.0	0.0	0.0	0.0	0.0	0.0	0.0	0.0	0.0	0.0	0.0	0.0	0.0	0.0	0.0	0.0	0.0	0.0	0.0	0.0	0.0	0.0	0.0	0.0	0.0	0.0	0.0	0.0	0.0	0.0	0.0	0.0	0.0	0.0	0.0	0.0	0.0	0.0	0.0	0.0	0.0	0.0	0.0	0.0	0.0	0.0	0.0	0.0	0.0	0.0	0.0	0.0	0.0	0.0	0.0	0.0	0.0	0.0	0.0	0.0	0.0	0.0	0.0	0.0	0.0	0.0	0.0	0.0	0.0	0.0	0.0	0.0	0.0	0.0	0.0	0.0	0.0	0.0	0.0	0.0	0.0	0.0	0.0	0.0
53630.89737336183	-40.903663628865615	2876273153.072069	1673.1096982633835	64863.43271630859	-597.7761391601598	4207264903.743092	357336.31254922674	54314.96561819995	10.137544200311822	2950115490.106243	102.76980241327588	54443.56740604187	54390.13404588575	1.192698	27.323362	0.1085473999999999	0.0613463	-0.0115432658	0.007298391	-0.0048796243	-0.0027800907	-0.0074553528	-0.0177720069	0.0230923605	-0.0016680986	-0.0245600008	-0.0406940201	0.0188264689	0.0088666622	-0.0319622192	-0.0010585049	0.0782090109	0.034180338	0.0302287266	-0.0227436073	0.0027551463	0.0560594368	-0.0530065356	-0.0047107367	-0.0225734064	0.0306393632	-0.0182225143	0.006076569	-0.0383622565	0.0041461784	-0.0441245707	-0.0284012535	0.0245825707	-0.0121370672	0.095190246	0.0090382109	-0.034706229	0.0314982029	-0.0138609609	0.0226573582	-0.0446634402	-0.0380111367	-0.101334264	-0.0872962696	-0.018837811	-0.0134883154	0.0239295423	-0.020958414	-0.0051817942	0.0064425218	0.0163007399	-0.007408913	-0.0672877147	0.0721868846	0.0233720845	0.0248858645	-0.0291325774	-0.0280853186	-0.0217163855	0.0713232367	0.0161474896	-0.0119177957	-0.0024473444	0.0228376887	0.013096222	0.0033794753	0.0568086867	0.0885772129	0.029184063	-0.0435530965	-0.0259141364	-0.0036953341	0.0512094795	0.0661710439	0.0086661602	-0.020613329	0.0194504747	-0.0199244076	-0.0155008758	-0.0052090145	0.027333282	0.0150371982	-0.0008200851	-0.0473157313	-0.0720585624	0.0500517145	0.0481601278	0.0013518782	0.0497893558	-0.0222963646	0.0656343361	0.0382302433	0.0606263869	0.0270726259	0.0231297846	0.0067906178	0.0202030539	-0.0125176669	0.027380933	-0.0053696863	-0.1138853775	-0.0126784592	0.0152129889	0.0604240033	0.0090357034	-0.0099733785	0.0150302318	-0.0239233934	-0.0559301849	-0.0676113228	0.0236043075	0.0636799008	-0.0195079207	-0.0078563693	-0.0247207345	0.0020753995	-0.0572559091	0.0521999714	0.0079865002	0.0229856731	0.0147101463	0.0304637425	-0.0030540706	0.0422201842	0.0092564746	-0.0414188945	-0.0219767208	0.0227994358	-0.002251221	0.0856558078	-0.0016874831	-0.0354982757	0.0389060638	0.0173012992	0.0165481087	-0.0612240533	0.0459638391	0.1026575658	0.0750456314	-0.0307234533	-0.0207026582	-0.032067992	0.0062848087	0.0069979341	-0.0081006511	-0.0266896171	0.0178267223	0.0312319799	-0.0801426269	0.0483534818	0.0327318536	0.0099687339	0.0533109783	-0.0245241021	0.0491646521	0.0389305501	0.0075656272	0.0103069435	-0.0165768321	-0.0165570079	0.0022014224	0.0500729455	-0.0821469208	-0.0433952022	0.024329088	0.0093080262	-0.0348410756	-0.0489417165	-0.0555144339	-0.0147828173	-0.0098287489	0.0285844855	-0.0191625058	-0.0249002865	0.0280693172	0.0159910224	0.043066797	-0.0132471149	-0.0304134254	-0.0673035775	0.0266861427	0.0110279284	-0.0245839766	0.090586258	0.0387421081	0.0617830713	-0.0015899207	0.0565355654	0.0272230865	-0.0010853108	-0.0044273585	-0.0078195629	0.0367371507	0.0448965868	-0.0743033091	-0.0430243102	0.047366476	0.0153377429	-0.0766083106	-0.0102323299	-0.019382697	0.0041056942	0.0275010812	-0.0627045256	-0.0033592532	-0.0685640277	-0.0492935925	-0.0076208654	0.010654133	-0.0364602764	-0.0011138771	-0.0031487716	-0.0004936674	0.0057005461	0.0189099688	0.0474143865	0.0111692866	0.0029212835	0.0106807867	0.0043837364	0.0066580661	-0.0013645292	-0.0103555371	-0.0670452406	-0.005768836	-0.0238509186	0.0418616921	-0.0131737235	0.02340165	0.0179778456	0.0243145757	-0.0045560631	-0.0072608005	-0.0179565132	0.0371352188	0.0073507428	-0.0259867497	-0.0467634234	-0.0449367745	-0.0213897225	0.0124961534	0.0403419543	0.0486882801	0.0335008948	0.002120693	-0.0302845558	-0.0480516209	-0.042592707	-0.0165464061	0.0174976787	0.0430841775	0.0478457346	0.0294808289	-0.0031337753	-0.0342336544	-0.0487865342	-0.0397582112	-0.0115125682	0.0222977292	-0.0443927	-0.0082925	6.876555625000002e-05	0.00197071181329	-0.795636	0.0379159999999998	0.6330366444960001	0.0014376230559999	-0.0221807	-0.0353259	0.00124791921081	0.00049198345249	-0.00860429	0.0004542699999999	7.40338064041e-05	2.063612328999997e-07	0.00284362	8.598999999999976e-05	8.0861747044e-06	7.394280099999959e-09	-7.03926e-05	0.0	4.95511813476e-09	0.0	0.0	0.0	0.0	0.0	0.0	0.0	0.0	0.0	0.0	0.0	0.0	0.0	0.0	0.0	0.0	0.0	0.0	0.0	0.0	0.0	0.0	0.0	0.0	0.0	0.0	0.0	0.0	0.0	0.0	0.0	0.0	0.0	0.0	0.0	0.0	0.0	0.0	0.0	0.0	0.0	0.0	0.0	0.0	0.0	0.0	0.0	0.0	0.0	0.0	0.0	0.0	0.0	0.0	0.0	0.0	0.0	0.0	0.0	0.0	0.0	0.0	0.0	0.0	0.0	0.0	0.0	0.0	0.0	0.0	0.0	0.0	0.0	0.0	0.0	0.0	0.0	0.0	0.0	0.0	0.0	0.0	0.0	0.0	0.0	0.0	0.0	0.0	0.0	0.0	0.0	0.0	0.0	0.0	0.0	0.0	0.0	0.0	0.0	0.0	0.0	0.0	0.0	0.0	0.0	0.0	0.0
53574.34262474215	-56.55474861968105	2870210187.673264	3198.4395914353154	64947.47708398438	84.0443676757859	4218174779.574676	7063.455738022687	54355.96724265595	41.001624455995625	2954571174.8846865	1681.1332080304985	54491.35345058278	54096.375838004766	1.058597	24.251255	0.04668365	0.032631	-0.0074738118	-9.91859e-05	-0.0013842341	0.0097928516	-0.0083919465	0.0243120454	0.0133114568	0.0770798747	-0.0020653129	0.0077944871	-0.0057558552	-0.0321903742	0.0126414175	0.0019228525	0.0009292934	-0.0308887745	-0.0190351951	-0.0516745149	0.0645417551	-0.0049013892	0.0460676401	-0.0385193936	0.0710796501	0.0051696348	-0.0186039984	-0.0020047275	-0.007690728	-0.0149708769	0.0092255339	-0.0084172062	0.0042080556	-0.0025539824	-0.0028761824	0.0368975002	0.0116936261	-0.0409595535	0.0124326436	0.0411707332	-0.0596457057	-0.0252214251	-0.0275800125	-0.0210906247	0.0093291526	0.0392693226	-0.0072657102	-0.0242062513	0.079576397	0.0042806575	-0.0052047036	-0.0169374846	0.0127968864	0.006171888	0.0016965765	-0.0276016146	0.0042772896	0.026678626	-0.0356599655	0.0177141451	0.0201949078	0.0277663182	-0.0494755504	0.0069145992	-0.1089901493	0.0260706391	-0.0337432075	-0.0146326168	0.0239097494	-0.0160704732	-0.0354206424	0.0336811266	0.0063923951	-0.025447568	-0.0524156202	0.0426308079	0.0298062035	-0.0458055701	-0.0090495223	0.014137306	0.0405621415	-0.0066331327	0.0073260181	0.0113861006	0.0287662384	0.0370047169	-0.0165531329	0.015664159	-0.1136744013	-0.0460726522	0.001172644	0.0156858267	0.0327990247	-0.005993882	-0.0015217465	-0.004895135	-0.0884217627	-0.0748759983	0.0073164288	-0.0359230875	-0.0146836681	0.0139768809	0.052474863	0.030285832	-0.0351311687	0.0385649739	0.0172344153	0.0071651693	-0.0156419134	-0.0032221823	-0.0217930238	-0.0484034829	-0.0152925733	-0.0331553179	-0.0542651265	-0.0641574126	0.0043043002	-0.0439111592	0.0339079721	-0.0731061246	0.0066286155	0.0180710116	0.0019292944	0.007852913	-0.0155248055	0.0089380385	-0.0106348243	0.0078068022	-0.0006925927	0.0013209361	0.038237562	0.0093461163	-0.036592052	-0.0175894593	0.0423172369	-0.0552831516	0.0248573362	0.0230551823	0.0148125089	0.0150452668	0.0046820491	0.0178919502	0.0391140815	-0.0753872068	-0.0379944117	0.0053208869	0.0090308114	-0.0257622089	-0.0138377452	-0.0094344269	-0.0274413724	-0.005596593	-0.0295650959	-0.0148096617	0.0218996836	0.0269197954	0.0152281796	0.0559515198	0.0367333102	0.1029678691	-0.0445417079	-0.0362084208	0.0044706212	-0.0300959386	0.002073077	0.0291599159	0.0150678175	0.0001033101	0.0278714838	-0.0503040144	0.0132033383	0.0245013642	-0.0497046495	-0.0303138363	-0.0130058129	0.0175720509	0.0070851661	0.0286996868	-0.0112212224	0.0188737923	0.0519539359	-0.0215943582	0.0256683588	-0.0946835575	0.0472248246	0.0419951728	-0.0167261443	-0.0067343674	0.001971017	-0.0341221956	0.0086211695	0.096220022	-0.0401790791	0.0601323087	-0.0205546381	-0.0671637547	-0.0323115157	-0.0213223446	-0.0081954733	-0.0394965805	0.0317644214	0.029767318	0.0098231092	-0.0169644623	-0.0003816009	0.0099357301	0.0455300857	-0.0012106863	-0.0083670735	0.057394796	-0.0060900368	-0.0044456948	-0.0020593507	-0.0054711559	0.0203667493	-0.0135107818	0.0443172998	-0.0057817244	-0.0205498982	-0.015053014	0.0121617065	0.005699866	0.0182761227	0.0690080777	0.0068338467	-0.0319338291	0.0297775034	-0.0220275816	0.0430600939	0.0172542838	0.0156010856	0.0165744207	0.022668968	0.010000156	0.0370147062	0.0069857861	-0.02645413	-0.046977113	-0.04456227	-0.0203887125	0.0137401766	0.0411600588	0.0484824465	0.0321319892	9.22328e-05	-0.0319925587	-0.0484561318	-0.0412597087	-0.0139171345	0.0202208511	0.0444854679	0.0470288708	0.0266091756	-0.0068031578	-0.0368936684	-0.0489698633	-0.0371352188	-0.0071683153	0.026298709	-0.0443854	7.300000000001749e-06	5.329000000002554e-11	0.00197006373316	-0.825485	-0.029849	0.681425485225	0.000890962801	-0.00953735	0.01264335	0.0001598542992225	9.09610450225e-05	-0.00860429	0.0	7.40338064041e-05	0.0	0.00275994	-8.368000000000004e-05	7.617268803599999e-06	7.002342400000006e-09	-7.03926e-05	0.0	4.95511813476e-09	0.0	0.0	0.0	0.0	0.0	0.0	0.0	0.0	0.0	0.0	0.0	0.0	0.0	0.0	0.0	0.0	0.0	0.0	0.0	0.0	0.0	0.0	0.0	0.0	0.0	0.0	0.0	0.0	0.0	0.0	0.0	0.0	0.0	0.0	0.0	0.0	0.0	0.0	0.0	0.0	0.0	0.0	0.0	0.0	0.0	0.0	0.0	0.0	0.0	0.0	0.0	0.0	0.0	0.0	0.0	0.0	0.0	0.0	0.0	0.0	0.0	0.0	0.0	0.0	0.0	0.0	0.0	0.0	0.0	0.0	0.0	0.0	0.0	0.0	0.0	0.0	0.0	0.0	0.0	0.0	0.0	0.0	0.0	0.0	0.0	0.0	0.0	0.0	0.0	0.0	0.0	0.0	0.0	0.0	0.0	0.0	0.0	0.0	0.0	0.0	0.0	0.0	0.0	0.0	0.0	0.0	0.0
53598.14532156303	23.80269682087965	2872761181.911389	566.568375946714	65439.75407470703	492.27699072265386	4282361413.358135	242336.63559495183	54234.19144780585	-121.77579485009484	2941347521.9972577	14829.34421137238	54358.04854379757	54387.74614226106	1.221461	27.982286	0.10371004	0.0585123	-0.0062908136	-0.0057562995	-0.0036161624	0.0006129131	-0.0025645171	-0.0115906606	0.0142634103	-0.0642806641	-0.0289974394	0.0586518302	0.0335406254	-0.0023719066	-0.0494084296	-0.0046866139	-0.0059528779	-0.0102855033	0.0016579067	0.0163500978	-0.0250244994	-0.0339391278	0.006535531	0.056189784	-0.0352926158	-0.0487995716	0.028628792	-0.0119579172	-0.0194625438	-0.0199012729	0.0127254137	0.0179076703	-0.0054139467	0.0184410222	0.0834170407	-0.0078989504	-0.0460549193	0.0097177705	0.0306709697	-0.0284959352	-0.0497591401	0.0052084153	-0.0278759647	0.0154973725	0.0055286044	-0.0100457474	0.0078996436	0.0260504101	0.0123342006	0.027979303	-0.0667811156	0.0036407019	-0.0005140226	0.0204154846	0.0364849961	0.0216789618	0.0367458755	-0.0650734928	0.0413036865	0.0129467579	0.0035185175	0.0219914995	0.0195083549	0.0135418028	-0.0231380919	0.0208574557	0.0023717922	-0.0106333571	-0.0138646142	-0.0160892585	0.0072184425	-0.0288570262	-0.0753044297	-0.0206646408	-0.0176399968	-0.0063485662	-0.0129242125	0.0705095391	-0.0100437339	0.0527387786	-0.0054628325	-0.0049530528	0.0665183977	-0.0094996757	0.0812603052	1.75743e-05	0.0539290968	-0.0686799421	-0.0034641235	0.0396916153	-0.0866206313	0.0414221034	-0.0109968243	-0.0028700302	0.0253269079	-0.0035421888	-0.0440310501	0.0067776535	0.0092531305	0.0213905885	0.0179428528	0.0013166851	0.0271264315	0.0671365164	0.0296511712	0.0032445999	0.0128270746	-0.0261484961	-0.0557108627	-0.0023314498	-0.0078725318	0.0168777732	0.0038430999	0.0280531723	0.0166018291	0.0226583132	0.0324572027	-0.0071507253	-0.0548687942	0.0329782817	-0.0452884164	-0.0421889436	0.0122122624	0.0227578549	-0.0211038448	0.0054538592	0.0194498016	-0.0135486677	0.0180354534	0.0766659045	-0.0162301263	-0.0433764369	0.0158035027	-0.0246157563	-0.0254420435	-0.0536576926	-0.0100521269	0.0222513207	-0.023362946	-0.007978674	0.0038407619	-0.0124410108	-0.0299092462	-0.0050597913	-0.0400178322	0.0562724795	0.0010313882	-0.0031797552	-0.0108373739	0.0241028662	0.0463277237	-0.0371338143	0.0697870937	0.0329918608	-0.0293851483	0.0038113859	-0.0171255584	-0.0120271963	0.0053389265	0.0243997036	-0.0118937032	-0.0081175305	0.0009949748	0.0008531429	0.0265351396	0.0012323851	-0.0044244433	0.078176537	0.0137369757	0.0115884376	-0.0024753284	-0.0183668086	0.0786028082	0.0261368114	-0.0604030316	-0.0005983245	-0.0136353296	0.0200239841	-0.0406729563	0.0887105616	0.0370297325	0.0567394797	-0.0570200456	-0.0111058393	-0.0087111195	-0.0187394391	0.0871402231	-0.0498544663	0.0104546809	0.0062393733	-0.0223203458	0.0364980771	0.0030358064	-0.0040011355	-0.0043367604	0.0150708923	-0.0469657404	-0.0103089595	-0.0539326712	-0.0363894064	-0.02165137	0.0205469602	0.0272841794	-0.0439319647	-0.0345841385	-0.019721622	-0.0007947969	0.0081292676	0.0153469941	-0.0270520468	-0.0035140323	-0.0081970055	-0.0015857851	0.0080609598	0.0092393064	0.024582799	0.0062811351	0.0020667824	-0.0350951602	0.0261916962	-0.0156129307	-0.0070729493	-0.0178444015	0.0104236724	0.0176208591	0.0560748584	0.0511942622	0.026347302	0.0086005518	0.01501392	0.0516951313	-0.055142592	-0.0018460705	0.0102733436	0.0368936684	0.006620433	-0.026918132	-0.0471801374	-0.044171958	-0.019377288	0.014974647	0.0419407874	0.048220895	0.0307174953	-0.0019363856	-0.0336352026	-0.0487444668	-0.0398119877	-0.0112434423	0.0228705931	0.0457043959	0.045995879	0.0236012772	-0.0104339452	-0.0393229378	-0.0488170731	-0.0342336544	-0.0027655145	0.0300666323	-0.0444506	-6.520000000000137e-05	4.251040000000178e-09	0.00197585584036	-0.7941289999999999	0.0313560000000001	0.6306408686409998	0.000983198736	-0.00104001	0.0084973399999999	7.220478707559998e-05	1.0816208001e-06	-0.00942037	-0.00081608	8.874337093690001e-05	6.659865664000004e-07	0.00321969	0.00045975	1.0366403696099998e-05	2.113700625000001e-07	-7.03926e-05	0.0	4.95511813476e-09	0.0	0.0	0.0	0.0	0.0	0.0	0.0	0.0	0.0	0.0	0.0	0.0	0.0	0.0	0.0	0.0	0.0	0.0	0.0	0.0	0.0	0.0	0.0	0.0	0.0	0.0	0.0	0.0	0.0	0.0	0.0	0.0	0.0	0.0	0.0	0.0	0.0	0.0	0.0	0.0	0.0	0.0	0.0	0.0	0.0	0.0	0.0	0.0	0.0	0.0	0.0	0.0	0.0	0.0	0.0	0.0	0.0	0.0	0.0	0.0	0.0	0.0	0.0	0.0	0.0	0.0	0.0	0.0	0.0	0.0	0.0	0.0	0.0	0.0	0.0	0.0	0.0	0.0	0.0	0.0	0.0	0.0	0.0	0.0	0.0	0.0	0.0	0.0	0.0	0.0	0.0	0.0	0.0	0.0	0.0	0.0	0.0	0.0	0.0	0.0	0.0	0.0	0.0	0.0	0.0	0.0	0.0
53542.35915541132	-55.78616615170904	2866784223.9270587	3112.0963339060872	64536.375008789066	-903.3790659179648	4164943699.275054	816093.7367388147	54257.83081668581	23.639368879958056	2943912204.9321003	558.8197610427294	54384.40417422396	53483.90396966315	1.14862	26.313583	0.093529345	0.0498259	-0.0060755802	-0.0015541664	-0.0053142959	0.0028257643	-0.0068795038	-0.0028997627	0.0318885155	-0.0070818655	-0.0005965914	-0.0424240947	-0.0067813279	-0.0124321202	0.0261811051	-0.0037285352	0.0232075128	0.0090479757	0.0575722947	-0.0050532338	-0.0013979206	0.0124664516	-0.0375417864	-0.0341289361	0.0044911673	0.0456623305	-0.0465330121	-0.0323423339	0.0174180519	0.0083749881	0.0127948075	0.0356449317	-0.0014739163	-0.0299684402	-0.0230940194	0.0232962573	0.0136433312	0.0147222938	-0.0038888813	0.0335948743	0.0471778125	0.0123416321	0.0370206441	-0.0253958799	0.0287816728	-0.0052534036	0.0276089382	0.0102726691	0.0337519224	0.0186298772	-0.0332970044	0.0053727029	0.0720019476	0.0164930082	-0.0664981842	-0.0289221313	-0.0181998528	0.0187245171	-0.0601015425	0.0088707951	0.003606864	-0.0027529733	-0.0087319298	-0.0257986095	0.0507437154	-0.0680533435	0.0060014307	-0.0052214132	0.058043251	-0.0015675633	-0.0033815784	-0.0273716041	0.0390184243	0.0382781813	0.0319661578	0.0512530456	-0.0455808415	0.035849367	-0.0953979053	0.0621922927	-0.0008290751	-0.0012962617	0.0127290724	-0.0220610561	0.0271479643	-0.000234187	0.0002074681	0.0304687993	0.0052524946	0.0577881754	-0.0562002077	-0.0006313717	-0.0543086364	-0.0074401522	0.0390827712	0.0048527169	-0.0073300749	0.0179038517	-0.0036616925	0.0235457251	0.0206620076	-0.0204977482	0.0117783338	-0.0074286257	0.0144839505	0.0003663706	-0.0002212983	0.0061291456	-0.0466994882	0.0042020783	0.0163779425	0.0491837072	0.0261612518	-0.0373846302	-0.004936725	0.0039670304	-0.0140311862	0.0370566368	0.0325190084	-0.0072408446	0.0254889783	0.0599569963	0.0349613356	-0.0157781823	0.0044296619	0.0078991488	0.0360706974	0.0023513912	-0.0293986558	-0.017464442	0.0229946915	0.0130210569	0.0108696851	-2.44181e-05	0.0344128287	0.0555788814	-0.0081842019	-0.0333594092	0.0314352676	0.0029916421	0.027864539	-0.0206349389	-0.0058016346	-0.027144216	-0.0337501489	0.0219670332	-0.0126056014	-0.0582442164	0.042970789	0.0433239818	-0.0563926597	0.0250890277	-0.0392650057	-0.0087025118	0.0563589977	-0.003924838	-0.0040971772	0.0120445065	0.0215882237	-0.0531824723	0.0619985815	0.0089963044	0.0135231467	-0.0498826968	-0.0287109227	-0.0028377119	-0.0450266716	-0.0320832099	-0.0309674224	-0.0034261559	0.0660387965	-0.0446729271	0.0577880874	-0.070280806	-0.0689378515	0.013539208	0.02584714	-0.0157417621	-0.0161878782	0.0191963676	0.0006293143	-0.0004480197	0.0282173302	0.0152884902	-0.0328838678	-0.0244973291	0.0448998003	-0.0497111365	-0.0249623145	0.0347833876	-0.0402706515	-0.0097489485	-0.0054426826	-0.0270144741	-0.0013484751	0.0255204244	-0.0257745694	0.0124868979	0.0099904368	-0.01113422	-0.0173039764	0.014717347	-0.006571215	-0.0393664665	-0.0384965296	-0.0159286433	-0.0368943097	-0.0360528973	-0.0548075466	0.0156303566	-0.0083572982	-0.0080761162	-0.0013969004	0.0075290345	0.0216970431	0.025240623	0.0147453972	-0.0151479002	0.0054193728	0.0094029408	-0.0017132904	-0.0021322324	-0.0246837638	-0.0481026527	-0.0038646449	-0.0522631126	0.0308508589	-0.0128134301	0.021887528	0.0318088597	0.0236540325	-0.0299383964	0.0048753796	-0.0232954408	0.036772107	0.0062547041	-0.0273786964	-0.0473724506	-0.0437659771	-0.0183559655	0.0161987064	0.0426834313	0.047903926	0.02925942	-0.0039616799	-0.0352091317	-0.0489159345	-0.0382535695	-0.0085338634	0.0254372825	0.0467359647	0.0447515066	0.0204725349	-0.0140055395	-0.0415062691	-0.0483292125	-0.031075284	0.0016598739	0.0335681082	-0.0444173	3.33e-05	1.1088899999999995e-09	0.00197289653929	-0.830974	-0.0368450000000001	0.690517788676	0.001357554025	-0.00971871	-0.0086787	7.531983369000001e-05	9.44533240641e-05	-0.00900303	0.00041734	8.10545491809e-05	1.741726756000004e-07	0.00276377	-0.0004559199999999	7.6384246129e-06	2.078630463999999e-07	1.57943e-05	8.61869e-05	2.4945991248999996e-10	7.42818173161e-09	0.0	0.0	0.0	0.0	0.0	0.0	0.0	0.0	0.0	0.0	0.0	0.0	0.0	0.0	0.0	0.0	0.0	0.0	0.0	0.0	0.0	0.0	0.0	0.0	0.0	0.0	0.0	0.0	0.0	0.0	0.0	0.0	0.0	0.0	0.0	0.0	0.0	0.0	0.0	0.0	0.0	0.0	0.0	0.0	0.0	0.0	0.0	0.0	0.0	0.0	0.0	0.0	0.0	0.0	0.0	0.0	0.0	0.0	0.0	0.0	0.0	0.0	0.0	0.0	0.0	0.0	0.0	0.0	0.0	0.0	0.0	0.0	0.0	0.0	0.0	0.0	0.0	0.0	0.0	0.0	0.0	0.0	0.0	0.0	0.0	0.0	0.0	0.0	0.0	0.0	0.0	0.0	0.0	0.0	0.0	0.0	0.0	0.0	0.0	0.0	0.0	0.0	0.0	0.0	0.0	0.0
53621.00571506877	78.64655965744896	2875212253.8954377	6185.281345952679	65317.85415917969	781.4791503906235	4266422071.959868	610709.6624952508	54369.819369937744	111.9885532519329	2956077258.3196573	12541.43605946101	54502.74031985906	54209.58295010653	0.915897	20.982157	0.041322975	0.0195888	-0.0044081888	-0.0095633984	-0.0095910862	0.0091072981	-0.0024930666	0.011011572	0.00499814	0.0337285659	-0.0234076735	0.0531961006	-0.0304965638	-0.0087143557	0.0016859321	-0.0097655594	-0.0038269559	-0.0024617383	-0.0195363914	-0.0307033242	0.0428626235	-0.0063416005	0.0313379534	0.0039617094	-0.0036742721	-0.0053348823	-0.0151638739	-0.0079230505	-0.0078665854	-0.0022814522	-0.02840462	0.0655632256	-0.0413458031	0.0133254237	0.0356339205	-0.0272122348	0.0029224405	0.0361818595	-0.0217901277	-0.0270102879	0.015712701	0.0196517718	-0.0138141255	-0.0375049795	-0.0252705672	-0.0231110063	0.0262218885	0.0529370056	0.0005198833	0.0557923054	-0.0067696281	-0.0344360859	-0.0204628915	0.0264795828	0.0394507946	-0.0002979652	0.0220862675	-0.0217232419	-0.0462700713	-0.0006049141	-0.0163390826	0.0358454857	0.019086301	0.0312210213	0.0276475989	0.0282067007	0.0058849639	-0.0590960761	-0.0376379404	-0.0059623841	0.0704674629	-0.00435319	0.0242872166	0.0145017617	-0.0254546052	0.0258608592	0.0849844891	-0.0619932138	-0.0119808242	0.0155455031	-0.023288276	-0.0521390808	0.0457292904	-0.0580918741	-0.0248885784	-0.0028261212	0.0017802055	0.0094757129	-0.0587645789	0.0478942453	-0.0041196677	-0.0516092572	0.006691749	-0.0834051219	0.0163392647	0.0774944732	-0.0254495874	-0.0142642922	-0.0485568692	0.0268201644	0.0052229169	-0.0010597323	0.0556752541	-0.0685554948	0.0200746572	-0.0048647706	-0.0407737316	-0.0217416103	0.0283928304	0.0015604079	-0.001796527	0.0301311754	0.0097434468	0.0306893621	-0.0327038721	-0.0434838341	0.005683254	-0.0295575271	-0.0047165921	0.0005483406	-0.0155835608	0.014579325	0.0083991032	0.0134698193	-0.0013811972	-0.0337951439	0.0566967767	-0.0526686867	0.0077097817	0.0255854564	-0.027076569	0.0079091921	0.0356148671	0.0251608728	-0.0254450993	0.0163355988	-0.0140620284	0.0159935524	0.0289432063	-0.0054643529	-0.0292078461	-0.0319880386	-0.0576846034	0.0126598927	-0.0517582392	0.0034491546	0.0243869152	-0.0057232958	-0.0470232761	-0.0014080175	0.0118545888	-0.0374057516	0.0137431104	0.0095855249	0.0419897755	-0.0211000255	-0.0407099107	-0.0025913368	-0.0329689624	0.0122465246	0.0006505024	-0.0123013468	0.0556893173	0.0438913683	0.0170145676	-0.073078626	0.0072255989	-0.0014561919	0.0015403235	-0.0228437848	0.0232956195	0.0869670036	-0.0526656401	-0.0323472499	-0.0336031724	-0.0021591062	-0.0274994477	-0.0204525935	-0.08201381	-0.0132616825	-0.0119984668	-0.0036550556	0.0277054978	-0.0422279425	-0.0228757409	0.0264324797	0.0522398809	0.0297449722	-0.0851992563	0.0589489656	0.0563529155	0.0245257951	-0.046371348	-0.0378663927	-0.0313560296	-0.0116588412	-0.0420403448	0.0042659294	0.0586914116	0.0150363243	-0.0490086689	-0.0243568368	-0.0030523847	0.0221226678	0.0276626151	-0.0142455693	-0.0127900006	0.0151947696	-0.0022805162	0.0030742326	-0.0134267332	-0.0081941572	-0.0036503696	0.0024721328	0.0131777445	0.0116768923	0.0077410412	-0.0080037685	-0.0063654963	-0.0011479931	-0.0184355945	-0.0140260042	0.0153064675	0.02726933	-0.0060392584	-0.0208806112	0.0219916371	-0.0305182772	0.0455990547	0.014141534	0.035384518	-0.0062115613	-0.0086627746	-0.0029754509	0.0366500239	0.0058886202	-0.0278357645	-0.047554009	-0.0433444711	-0.0173252667	0.0174115036	0.0433873161	0.0475319038	0.0277598318	-0.0059801733	-0.0367111306	-0.0489701238	-0.0365887872	-0.0057970462	0.0279115985	0.0475759455	0.0433014723	0.0172389684	-0.0174976787	-0.0434300072	-0.04750963	-0.0276838006	0.0060717052	0.036772107	-0.0268502	0.0175671	0.0003086030024099	0.00072093324004	-0.833581	-0.002607	0.6948572835610001	6.796449000000135e-06	-0.00542968	0.00428903	1.83957783409e-05	2.94814249024e-05	-0.00884884	0.00015419	7.83019693456e-05	2.377455610000007e-08	0.00286059	9.682000000000008e-05	8.1829751481e-06	9.374112400000013e-09	-7.03926e-05	-8.61869e-05	4.95511813476e-09	7.42818173161e-09	0.0	0.0	0.0	0.0	0.0	0.0	0.0	0.0	0.0	0.0	0.0	0.0	0.0	0.0	0.0	0.0	0.0	0.0	0.0	0.0	0.0	0.0	0.0	0.0	0.0	0.0	0.0	0.0	0.0	0.0	0.0	0.0	0.0	0.0	0.0	0.0	0.0	0.0	0.0	0.0	0.0	0.0	0.0	0.0	0.0	0.0	0.0	0.0	0.0	0.0	0.0	0.0	0.0	0.0	0.0	0.0	0.0	0.0	0.0	0.0	0.0	0.0	0.0	0.0	0.0	0.0	0.0	0.0	0.0	0.0	0.0	0.0	0.0	0.0	0.0	0.0	0.0	0.0	0.0	0.0	0.0	0.0	0.0	0.0	0.0	0.0	0.0	0.0	0.0	0.0	0.0	0.0	0.0	0.0	0.0	0.0	0.0	0.0	0.0	0.0	0.0	0.0	0.0	0.0	0.0	0.0
53559.9653789637	-61.04033610507031	2868669891.39579	3725.92263181995	64784.57637890625	-533.2777802734417	4197041336.5943375	284385.1909333692	54225.0081336134	-144.8112363243417	2940351507.09044	20970.29416578435	54356.92092724191	53644.20750304383	0.928105	21.261847	0.0653767099999999	0.0332177	-0.0010554732	-0.0155486865	-0.008729955	0.0078764021	-0.0049484677	0.001525355	0.0063216662	-0.0369840318	-0.0030759603	-0.0144773937	0.0007717331	-0.0211567534	0.0121380961	0.0010309817	-0.0147228596	-0.0237952598	-0.0110703529	-0.0149128735	-0.0259094094	0.0035424359	-0.0165578265	0.0450224104	0.01388643	0.011383064	0.0021115552	0.0060638658	-0.0066225076	0.0040802212	-0.0223560996	-0.0537728105	0.0395877939	0.0382642738	-0.0490252698	-0.006078898	-0.0013471495	-0.0218126622	-0.0155244204	0.005305445	0.0640829453	0.028787334	0.0180868701	-0.0444254936	-0.0411096162	0.0271794523	-0.0571341307	-0.0896596709	0.0055503046	-0.0178329716	-0.0499186879	-0.0285927297	-0.0142487377	0.0144047435	-0.0242276859	-0.0411966226	-0.0317523598	-0.0127252262	0.0057550151	0.0013117918	0.0071339096	-0.0289481932	-0.0719601704	-0.0334706793	-0.0104007712	0.007852997	-0.0537984079	0.0254861049	-0.0646841278	0.0103148023	-0.0151589989	0.0067609989	-0.0206993013	-0.0637047158	-0.0533223655	0.0111250203	0.0123623824	0.0243334604	0.0613055297	-0.0431396339	-0.0020892536	-0.0729485983	-0.011635811	0.0548411322	-0.0248465646	-0.0342971203	-0.0378671237	0.0496508961	-0.0074066558	-0.0807392702	-0.0179956354	-0.0209760912	-0.0350570323	0.0244313674	-0.0181300986	0.0100963165	-0.0038785275	0.027380118	0.0360121807	0.0188698711	-0.0186802006	0.0166866885	0.0091182426	-0.0329593747	0.0059172768	-0.0541801511	-0.0302360095	-0.0334958735	-0.0076483894	-0.0520875032	0.0096502283	0.0393229299	-0.075412062	-0.020383401	-0.0146844317	0.0286412427	-0.0054021671	0.0165731414	-0.0460348374	-0.0127034895	0.0101407002	0.0030813221	-0.0062640967	0.0073497244	0.0091386448	-0.0155079818	-0.0527075599	0.0406083599	0.0404964221	-0.0397657499	-0.0061049895	-0.005668695	-0.0252449617	0.0102013832	0.0057465112	0.0674553291	-0.0123306431	-0.0106961505	0.051706221	0.0073775832	-0.051407512	0.0717182073	0.0814997604	0.0034076969	-0.0075395966	0.0317133107	0.0378736862	0.0156560531	-0.0024016059	0.0280223343	-0.0438785185	0.0213213175	0.0105838713	-0.0120133812	-0.0092092441	-0.0027625333	0.0588003588	0.0429087586	0.0327374703	-0.0172526887	-0.028094582	-0.0341273479	-0.0343212133	0.0668015747	0.0062273124	0.0327504322	0.0047251432	0.0308243027	0.0732824769	-0.0354333552	-0.0076899216	0.004935385	-0.0044804025	0.0672808854	0.0158786962	0.0365044235	-0.0769976002	0.0350632832	0.0233360166	-0.0293774891	-0.0344263316	-0.0210906271	0.0521002638	-0.0343595266	0.040902564	-0.0742014265	-0.0581215034	-0.009773288	0.0061594764	0.0060863256	0.0063613862	0.008038956	0.0408597205	0.0018378779	-0.025208639	0.0183340315	0.0017912493	0.0004610506	0.0116349823	0.0512548801	-0.0219826801	-0.0432537668	0.005004178	-0.0170899391	0.0089489396	-0.0658610361	-0.0206786704	-0.0513957744	0.0562959417	0.0029590065	-0.0146189014	-0.0109206033	-0.0052513253	0.0027450185	0.0178426434	-0.0003364555	0.0224388252	-0.021884152	0.0019307398	-0.0148142168	0.0141331674	0.0058626839	-0.0159469528	-0.0246119096	-0.0004925556	0.0247135056	0.0143900715	0.0279170698	0.0037306541	0.0006074543	0.0201109135	0.0160179676	-0.0068898364	0.0136765198	0.0365274207	0.005522202	-0.0282892778	-0.0477247713	-0.0429075896	-0.0162857183	0.0186121956	0.0440518025	0.047105256	0.0262208584	-0.0079884006	-0.0381381307	-0.0489069049	-0.0348222698	-0.0030417259	0.0302845558	0.048220895	0.0416524399	0.0139171345	-0.0208905514	-0.0450821203	-0.046363951	-0.0240846454	0.0104339452	0.0396502352	-0.0224346	0.0044156	1.9497523360000015e-05	0.0005033112771599	-0.854921	-0.02134	0.7308899162410001	0.0004553956	0.00731543	0.01274511	0.0001624378289121	5.3515516084900006e-05	-0.00906984	-0.0002209999999999	8.226199762559999e-05	4.884099999999954e-08	0.00254407	-0.00031652	6.472292164899999e-06	1.0018491040000016e-07	-7.03926e-05	0.0	4.95511813476e-09	0.0	0.0	0.0	0.0	0.0	0.0	0.0	0.0	0.0	0.0	0.0	0.0	0.0	0.0	0.0	0.0	0.0	0.0	0.0	0.0	0.0	0.0	0.0	0.0	0.0	0.0	0.0	0.0	0.0	0.0	0.0	0.0	0.0	0.0	0.0	0.0	0.0	0.0	0.0	0.0	0.0	0.0	0.0	0.0	0.0	0.0	0.0	0.0	0.0	0.0	0.0	0.0	0.0	0.0	0.0	0.0	0.0	0.0	0.0	0.0	0.0	0.0	0.0	0.0	0.0	0.0	0.0	0.0	0.0	0.0	0.0	0.0	0.0	0.0	0.0	0.0	0.0	0.0	0.0	0.0	0.0	0.0	0.0	0.0	0.0	0.0	0.0	0.0	0.0	0.0	0.0	0.0	0.0	0.0	0.0	0.0	0.0	0.0	0.0	0.0	0.0	0.0	0.0	0.0	0.0	0.0	0.0
53569.44183890628	9.476459942576184	2869685098.9319625	89.80329304325102	65106.80528808594	322.228909179692	4238896094.820736	103831.4699111342	54290.45097354025	65.44283992685087	2947453066.910378	4282.765297691426	54428.5456206143	54153.6434278612	1.107236	25.365515	0.171307245	0.0715282	-0.007929016	0.0073136011	-0.0308353039	0.000171901	-0.0085780166	-0.0022731605	0.0055601785	0.0293467132	-0.0446633643	0.0019354774	0.001518003	0.0096877303	-0.0222839461	-0.0227416754	0.0079150668	-0.0138188685	-0.0078123081	-0.0246290129	-0.0086625723	0.0251038135	0.0134510107	-0.0190613188	-0.0379633719	-0.0120611882	-0.0150810237	0.0328829865	-0.0112488568	-0.0647050526	-0.0092973452	0.0058291716	-0.0246762443	0.0196803515	0.0622136654	-0.0675513694	-0.0158834099	0.0488527739	-0.0055816308	-0.0125641767	0.0606055898	0.0080369761	-0.0621616724	-0.0207113111	-0.1183630327	0.0442382961	-0.0786588968	-0.091646432	0.0234154348	0.0091921953	0.01082601	-0.0439096474	0.0074384345	-0.0072545123	0.0199048935	0.0034716446	-0.0242967546	-0.0063241696	0.0221117255	-0.0110042603	-0.0128024212	-0.0079377392	-0.0906422354	-0.0031310884	-0.0164156078	0.0116825548	0.0576831457	0.024212185	-0.022532526	0.0190407014	-0.0409010663	0.0428058474	0.0541411635	0.0505087866	-0.0061077618	0.0436920814	0.0298077625	0.0432915721	0.0201784075	-0.0464591911	-0.0196482251	0.0402470801	-0.0124582691	0.0341550727	-0.0479537978	-0.0402440334	-0.0056646736	-0.0100256133	0.0070456156	0.0160511902	0.072993887	0.0116254911	-0.0135444295	0.0056641118	0.0233254522	0.0007974809	-0.0168379439	0.0589750201	0.0033339005	0.0209735645	0.0090898764	0.086088622	0.0499665509	-0.0510805943	0.0049190704	-0.0005708027	-0.0031614944	-0.0012987437	-0.0154718202	0.0018177838	0.0308436456	-0.0291314426	0.0209037131	0.0282117962	-0.0275366355	0.0102385835	-0.0248027859	-0.013371465	0.0209174097	0.0294107864	-0.0299862594	0.0134884208	-0.0297203845	0.0166006435	-0.0665603338	-0.0221185501	0.0015368739	-0.034627998	0.0144948079	0.057925021	-0.0685045456	-0.0123865776	0.048944264	0.0057973606	-0.0156867079	0.0533670321	0.011371305	0.0623004114	0.0153871706	0.00211137	-0.1320426827	0.0834449403	0.0806717502	-0.00400272	-0.014714026	-0.0162777063	0.0393636254	-0.0100417173	0.0019214942	-0.0194258139	0.0043276676	0.0142549551	0.0080022947	-0.0067502904	-0.0166570635	-0.0179885246	0.0281219231	0.0634424158	-0.0108731309	-0.0105801134	-0.0543563796	0.0667717628	-0.0253361288	0.0176974981	-0.001033604	0.0491090662	0.0180239269	-0.0620190511	-0.0331974901	-0.0543286568	0.0553041436	0.0350298126	0.0313518736	0.0226285793	0.0607842669	-0.043239348	-0.0075523257	0.014909181	0.0364012547	-0.0392357486	-0.0490538847	0.0010127022	-0.0209050245	0.0149580589	-0.0138125301	0.0484859365	-0.0362375289	-0.0032513088	-0.0042389279	0.0236815211	-0.0082553975	0.0150504931	0.068494706	-0.0258281076	-0.0019883593	0.0094619205	-0.0355131216	-0.0840157401	0.0478426793	0.0095631784	-0.0214212041	-0.0072655164	0.0103348795	-0.0241769586	0.0395951101	0.0243780319	0.0253390781	0.0061639831	-0.005068174	-0.0442627816	-0.019013956	0.0028726364	-0.0094108201	0.0117720848	0.0128943232	0.0418328287	-0.0278961107	-0.0108601078	-0.0103065823	-0.0440814277	0.0264234077	0.0781103984	-0.0820944413	0.0292036359	-0.0169970867	-0.0797127096	0.0494097157	0.2910236036	-0.2291172865	-0.062900414	-0.0921755369	0.1618358365	-0.0332701927	0.0175804017	0.0364042993	0.0051554705	-0.0287391785	-0.0478846987	-0.0424554877	-0.015237851	0.0197999475	0.0446762873	0.046624473	0.0246446833	-0.0099829142	-0.0394872168	-0.0487264292	-0.0329589289	-0.0002766972	0.0325475373	0.0486681691	0.0398119877	0.0105240416	-0.0241649094	-0.0464522756	-0.0449000392	-0.0203048178	0.014710965	0.0421769872	-0.0599951	-0.0375605	0.00141079116025	0.00359941202401	-0.818289	0.036632	0.6695968875210001	0.0013419034239999	-0.028487	-0.0358024299999999	0.0012818139939048	0.000811509169	-0.00972236	-0.00065252	9.452428396959998e-05	4.257823504000002e-07	0.00302737	0.0004833	9.1649691169e-06	2.335788900000003e-07	2.00337e-05	9.04263e-05	4.0134913569e-10	8.17691573169e-09	0.0	0.0	0.0	0.0	0.0	0.0	0.0	0.0	0.0	0.0	0.0	0.0	0.0	0.0	0.0	0.0	0.0	0.0	0.0	0.0	0.0	0.0	0.0	0.0	0.0	0.0	0.0	0.0	0.0	0.0	0.0	0.0	0.0	0.0	0.0	0.0	0.0	0.0	0.0	0.0	0.0	0.0	0.0	0.0	0.0	0.0	0.0	0.0	0.0	0.0	0.0	0.0	0.0	0.0	0.0	0.0	0.0	0.0	0.0	0.0	0.0	0.0	0.0	0.0	0.0	0.0	0.0	0.0	0.0	0.0	0.0	0.0	0.0	0.0	0.0	0.0	0.0	0.0	0.0	0.0	0.0	0.0	0.0	0.0	0.0	0.0	0.0	0.0	0.0	0.0	0.0	0.0	0.0	0.0	0.0	0.0	0.0	0.0	0.0	0.0	0.0	0.0	0.0	0.0	0.0	0.0
53652.75627731912	83.31443841283908	2878618256.1534057	6941.2956480467565	65262.733484375	155.92819628906	4259224381.852562	24313.602397959625	54316.85684387089	26.40587033063639	2950320937.397564	697.2699879183831	54440.64353145813	54109.68724143288	1.049031	24.032127	0.1675465649999999	0.0815040999999999	-0.005653937	0.0031270692	-0.0371526178	-0.009044452	-0.0246913282	-0.0189027712	0.0156612274	-0.0329056154	-0.0167315162	0.0036147456	-0.0227759444	-0.0323849299	0.0054717251	-0.0158270165	0.0167557172	0.0075657895	0.0305790913	-0.0123203967	0.0011270515	-0.0170692866	-0.009814017	0.0497964581	-0.0107760787	0.0056974156	-0.0155039064	-0.0787176589	0.008250265	0.0245676802	0.0071860956	-0.030457887	-0.0004976438	0.0210759328	0.0096606197	-0.0506389499	-0.026511377	0.0914919651	0.0314640428	-0.0246357054	0.0904735957	0.0033624005	0.0361301425	0.0396956712	-0.0234558013	0.0317359292	0.0107436646	-0.0059661441	-0.0323163779	-0.0246144017	-0.0501085499	-0.0143640593	0.0239633035	-0.0394946651	-0.0116519058	-0.0056813817	0.0335973884	0.0209455356	-0.0011573764	-0.0323634369	0.0361871072	0.0203842354	-0.0133169053	0.0173066548	-0.0010693486	-0.02162877	-0.0312534756	-0.0150708812	0.0319740833	-0.0303242861	0.0055944015	-0.0080065053	0.0201420982	0.079619704	0.066881374	-0.001700087	0.0223717429	0.0108860525	-0.0327182622	0.0273518089	0.027766386	0.0177243142	-0.0230098855	-0.0303923474	0.0015630215	-0.019392525	0.0611818586	0.0130980072	-0.0016084534	-0.0570651167	0.0139012826	0.0012408604	-0.0374376648	0.0338074918	0.0250660786	0.0226144197	-0.0050436348	-0.0337540502	0.0063331311	-0.0033417092	0.0244252714	-0.0053741403	-0.0408561536	-0.038903017	0.0164269953	0.0123229779	-0.0232161758	0.0160036619	0.0853493566	-0.0048086488	0.0378835627	-0.0057813249	-0.0114616253	-0.0409702787	-0.0115937001	0.0030752439	0.0135391683	0.0115768002	-0.0508094599	0.0066815057	-0.0089580291	0.0193516054	0.0770309773	-0.0066099452	0.0278372845	0.0075989333	-0.031425587	-0.0047795853	0.0194216801	0.0176738278	-0.0520423558	-0.0161354269	0.086208071	-0.0321119112	-0.0283343226	0.0961271458	0.0015153497	-0.0341157761	-0.0318062924	0.0245115219	-0.0243545908	-0.0063178073	0.0289780024	0.0180564615	0.0263722067	0.061869456	0.0119275333	-0.0018751037	0.0428419783	-0.0280366252	-0.0107191716	-0.0105563213	-0.0382273471	0.0358629145	-0.0219694648	0.0217721413	-0.0169141817	0.0186633949	-0.0100127917	0.0187567582	0.0291326944	-0.0290359348	0.0160097376	-0.0315645737	-0.0021093656	-0.0103369354	-0.0293522946	-0.0390996682	-0.0830957492	0.038479967	0.0334169158	0.0215966191	0.0194501717	-0.0166169156	-0.0214025584	0.0326778112	0.0435910829	-0.0262073393	0.0059544627	-0.0003127012	0.0052128509	0.0677835008	0.0056808799	0.0109304812	0.0435007514	-0.0167480188	-0.0462424768	-0.0172126871	0.0027848132	0.0410829867	-0.0261841153	0.0132865377	-0.0324247436	0.0282795268	0.021037174	0.0115803635	0.0257146156	0.0174796112	0.0316314814	0.0149333167	-0.0022331207	-0.0028597899	-0.0284123392	0.0755635789	0.0647645641	0.0052053048	-0.0085256086	-0.0412189918	-0.0127015419	-0.0452455116	-0.0318789903	-0.0024584997	-0.0030359427	0.0099170422	0.0255903311	0.0077843062	0.0058306055	-0.0416310869	0.0295749511	-0.0014322385	-0.0207140776	0.0126564294	-0.0022886547	-0.0118334985	-0.016866027	0.001899941	0.0122793925	0.0822234063	-0.0546312128	-0.0013381635	-0.0197281416	0.0317959166	-0.0226042169	0.0088159232	0.0362806612	0.0047884463	-0.029185409	-0.0480337549	-0.0419883256	-0.0141822002	0.0209739336	0.0452602033	0.0460901072	0.0230335427	-0.0119602904	-0.0407556328	-0.0484291295	-0.0310039458	0.0024892147	0.0346923251	0.0489159345	0.0377885739	0.0070770633	-0.0273021769	-0.0475319038	-0.0431279427	-0.0163726724	0.0188678315	0.044329971	-0.0240381	0.035957	0.001292905849	0.00057783025161	-0.867573	-0.0492839999999999	0.752682910329	0.0024289126559999	-0.0284457	4.129999999999759e-05	1.7056899999998006e-09	0.00080915784849	-0.0092295	0.0004928599999999	8.518367024999999e-05	2.429109795999995e-07	0.00234046	-0.00068691	5.477753011599999e-06	4.718453481000003e-07	0.000485549	0.0004655153	2.35757831401e-07	2.1670449453409e-07	0.0	0.0	0.0	0.0	0.0	0.0	0.0	0.0	0.0	0.0	0.0	0.0	0.0	0.0	0.0	0.0	0.0	0.0	0.0	0.0	0.0	0.0	0.0	0.0	0.0	0.0	0.0	0.0	0.0	0.0	0.0	0.0	0.0	0.0	0.0	0.0	0.0	0.0	0.0	0.0	0.0	0.0	0.0	0.0	0.0	0.0	0.0	0.0	0.0	0.0	0.0	0.0	0.0	0.0	0.0	0.0	0.0	0.0	0.0	0.0	0.0	0.0	0.0	0.0	0.0	0.0	0.0	0.0	0.0	0.0	0.0	0.0	0.0	0.0	0.0	0.0	0.0	0.0	0.0	0.0	0.0	0.0	0.0	0.0	0.0	0.0	0.0	0.0	0.0	0.0	0.0	0.0	0.0	0.0	0.0	0.0	0.0	0.0	0.0	0.0	0.0	0.0	0.0	0.0	0.0	0.0
53626.36366392714	-26.39261339197401	2875786879.8157654	696.5700416582058	64944.80974743652	-317.9237369384791	4217828313.130726	101075.50250892728	54267.37096530464	-49.4858785662509	2944947551.485989	2448.8521774737305	54403.420410620834	54130.29599260603	1.054929	24.167225	0.0948045999999999	0.0481121	-0.0023702679	-0.0186421376	-0.0271774635	0.0094237108	-0.0187798052	0.0104308947	0.0055041491	0.077606239	-0.0323925703	-0.0041426477	0.0138767168	-0.0391831344	0.0147038705	-0.0008898167	-0.0042380452	-0.0082587955	-0.0370939771	-0.0428594605	0.0169590322	0.0219660077	-0.0051154498	-0.0106073876	0.0246982673	-0.020459569	0.0217648457	-0.0714903644	0.0158168426	0.0130007987	-0.0836532523	0.0069113736	-0.0327956473	0.012382955	0.0354729384	0.0824922911	-0.0151275083	0.0453470339	0.0034741726	0.0025822906	0.0520518	0.0467791913	0.0214384036	0.0167719074	-0.0134202376	-0.0105292324	0.0650024682	-0.0214446847	-0.013117205	0.0245593826	0.0171247784	-0.0508220588	0.0259169017	0.0359021566	-0.0187788566	-0.001144256	0.00211713	0.0237921888	-0.0256865781	0.0138326931	-0.01054918	0.0036448855	-0.000808369	0.032317534	0.0148147405	0.0024186228	-0.0549783638	-0.0365042049	-0.0588234691	-0.0288636063	0.0148291886	0.0389377528	-0.0144014981	-0.0206977868	0.0209105676	-0.031406986	0.0050321218	-0.0045601028	0.0807866758	0.0010071616	-0.0125361681	0.0487273745	-0.002092279	-0.0005851912	-0.0083200961	0.0157889028	0.0443856874	-0.0288111447	-0.0378046134	0.0098536079	0.0312280572	0.0531480213	0.0956545291	-0.021802856	-0.0584214089	0.0184137278	0.0389583361	-0.0362200769	-0.0499165382	-0.016319875	-0.0135910002	0.1003833562	0.0107941504	-0.0079748479	0.0480396681	0.0119873871	-0.0252742955	-0.0048782533	0.0438167083	-0.0262205987	-0.0034387131	0.0327672528	0.0059860401	-0.0614657263	-0.0443641341	-0.0144428449	-0.0198262505	0.0052997508	0.0124376095	-0.0278472184	-0.0133430817	-0.0241920776	0.0692525642	-0.0058143337	0.0306590857	-0.088348698	0.0015693217	-0.0320963795	0.0082312501	0.0305724093	0.0797044376	-0.0219872985	0.0479562769	-0.0009347201	0.0010319639	0.0551290044	-0.0455808612	-0.0162199055	-0.009745063	-0.0045958519	-0.0102266964	-0.0597728165	0.0247514397	0.0282048997	-0.0276984448	-0.0301068614	0.0466046802	-0.0352658221	-0.004986183	0.0289188331	-0.015659469	0.0007109847	-0.0273044676	-0.0106093918	0.0144831898	-0.0032584099	0.0069624525	0.0152887157	-0.0239274664	0.0150974675	0.0287127489	-0.061038888	0.0258090208	0.0451442256	0.0537599493	-0.0152859574	0.0401524065	-0.0073880668	0.0128780134	0.0328151652	-0.0246878709	0.0080345257	-0.0182199191	0.0676535839	0.02284286	-0.0422483859	0.0318530512	-0.0038044825	0.005321376	-0.0085874571	0.0260064948	0.0315520692	-0.020887961	-0.0159274917	0.0311070116	0.0752757501	0.0450726435	0.0347502756	0.0434390376	-0.036064533	0.0802909542	-0.0392543045	-0.0413862577	0.0043228581	0.0058118954	-0.0397221661	0.0002918505	-0.097047446	0.0056488795	-0.0084214017	-0.0421698092	-0.0183015231	0.0016498232	0.0518938746	0.0172556073	-0.0458746533	-0.0211479243	-0.0460753891	-0.0336476485	0.0186954418	-0.0343255855	-0.0113203544	-0.0061580349	0.0034210934	0.0027734391	-0.0332104759	-0.0052888241	0.0058120848	-0.0327652189	0.0069855815	0.0300124138	-0.0018856846	0.0370230792	0.0285605199	-0.0142494355	-0.0255014808	-0.0162280573	0.0276180125	-0.0186960367	-0.0160353213	-0.0148080785	0.0232329555	-0.0295515825	0.0088939913	0.0361565084	0.0044211503	-0.0296279125	-0.0481719062	-0.0415062691	-0.0131193052	0.0221333376	0.0458030203	0.0455027728	0.0213897225	-0.0139171345	-0.0419407874	-0.0480157186	-0.0289627561	0.0052471816	0.0367111306	0.0489631754	0.0355914973	0.0035938487	-0.0302845558	-0.0483142525	-0.0410598248	-0.0123177063	0.0228705931	0.0460901072	-0.0214647	0.0025734	6.62238756e-06	0.00046073334609	-0.853558	0.014015	0.7285612593640001	0.000196420225	-0.0035856	0.0248601	0.00061802457201	1.285652736e-05	-0.00909677	0.0001327299999999	8.27512244329e-05	1.7617252899999816e-08	0.00306368	0.00072322	9.3861351424e-06	5.230471684000002e-07	0.000696721	0.0002111719999999	4.854201518409999e-07	4.4593613583999996e-08	0.0	0.0	0.0	0.0	0.0	0.0	0.0	0.0	0.0	0.0	0.0	0.0	0.0	0.0	0.0	0.0	0.0	0.0	0.0	0.0	0.0	0.0	0.0	0.0	0.0	0.0	0.0	0.0	0.0	0.0	0.0	0.0	0.0	0.0	0.0	0.0	0.0	0.0	0.0	0.0	0.0	0.0	0.0	0.0	0.0	0.0	0.0	0.0	0.0	0.0	0.0	0.0	0.0	0.0	0.0	0.0	0.0	0.0	0.0	0.0	0.0	0.0	0.0	0.0	0.0	0.0	0.0	0.0	0.0	0.0	0.0	0.0	0.0	0.0	0.0	0.0	0.0	0.0	0.0	0.0	0.0	0.0	0.0	0.0	0.0	0.0	0.0	0.0	0.0	0.0	0.0	0.0	0.0	0.0	0.0	0.0	0.0	0.0	0.0	0.0	0.0	0.0	0.0	0.0	0.0	0.0
53639.33676574122	12.973101814073743	2877178448.668597	168.30137067832345	65626.01963867187	681.209891235354	4306774453.615347	464046.91591688286	54313.80315371131	46.43218840667396	2949989213.020101	2155.9481202328675	54446.56238849905	54072.23599853516	1.184842	27.143393	0.08411697	0.0375259	0.0001785508	-0.0311207203	-0.0334049099	-0.004306943	-0.0279426361	-0.0024958182	-0.0074247976	-0.0630947102	-0.0480634387	0.037480156	0.0198844614	-0.0145402891	0.0056672839	0.0301298729	0.0064506098	0.0224208345	-0.0162994637	-0.0098277903	-0.0379087476	-0.0134060493	-0.0493339003	0.0602595438	-0.0490837292	-0.0038470466	-0.0070462287	0.0192069916	0.022712272	0.0307501706	0.0507028457	0.0444548852	-0.0193575083	-0.0093949591	0.0081352032	-0.0089463335	0.0015155935	0.0136433329	0.0376238836	0.0176781194	0.0132208388	0.0168182293	-0.0166733227	-0.0743542155	0.0137965634	-0.0289599918	-0.0094157588	0.0500396024	0.0564158998	0.0196041748	-0.0226665864	0.0597118213	-0.0075105374	-0.0045187883	0.0038811082	0.0117466431	0.0308479816	-0.0161897291	-0.0076794069	0.0521260515	-0.0149131674	-0.0029637635	0.0596552887	0.0473527562	0.0079282395	-0.0011419635	0.0262334926	0.0306101738	0.082977144	-0.0095694478	-0.0398313103	-0.0411435111	-0.0288006936	0.0223870439	0.0462806664	0.0054007445	0.0201547448	-0.0504068708	-0.0193771566	-0.0237063643	0.0349225843	0.0437947617	0.0741908513	0.0407466488	-0.011713006	0.0184488193	-0.0074674223	0.0293050512	0.0548637502	-0.0041097524	0.0374258913	-0.0036122431	0.0078672825	-0.0341915107	-0.0254449318	0.0476887798	0.0626340037	0.0384501179	-0.0426726215	-0.0131727343	0.0045953976	-0.0019884667	0.0244532153	0.0094353649	-0.0285603492	-0.0234548035	-0.0257299858	-0.0257410826	0.0263156781	-0.0251202418	-0.0028142786	0.0104906424	-0.0006195904	-0.0057931131	-0.0102001989	0.0392147193	0.0093952104	0.0499629482	-0.0568402956	0.0477116924	-0.0160401526	0.0065359301	-0.0184713238	-0.0248327039	0.0164010515	0.0475946526	0.0492126711	-0.0252228615	-0.012136125	0.0122153493	-0.0082062267	0.0029431999	0.0152831938	-0.041325238	0.0133325752	0.0084982948	-0.0102041545	0.0210664061	0.0656286689	-0.0085939074	0.0047139639	0.0059381622	-0.0621158735	-0.0545145821	-0.0274464622	0.0090035109	-0.0595996335	0.0193777378	0.0151769298	0.0276116239	0.0259206981	-0.0357261192	0.0422878022	-0.0229996877	0.0280737555	0.0066194131	-0.0100786362	-0.0324375217	-0.0267797225	0.0151119345	0.0398406926	0.0175927391	-0.0233421007	-0.0903045227	-0.0174713915	0.0147979452	-0.0359848289	0.0434363233	-0.0335570629	0.0328298281	0.0113881642	0.0247555518	-0.0316840487	-0.0411369156	0.0395068969	-0.0292234581	0.0439956843	0.0866941559	-0.0251198721	0.0022996634	-0.0006458333	-0.0231409829	0.0191851942	0.0657059722	0.0100655248	0.0067686405	-0.007562025	0.0275767668	-0.0112827819	0.0282428203	0.0611644175	-0.0687906545	0.0192036416	-0.046939501	0.0117969528	-0.0259972475	-0.0147865524	0.0072931725	-0.0118951993	0.0206454319	0.0177856682	-0.0294405652	0.0113260505	0.0190808703	0.0180879199	-0.0273864928	-0.0142208269	0.0221809303	-0.0007983156	0.0407738374	-0.0432272532	-0.010019235	-0.0119817789	0.0110596928	-0.0135297384	-0.0062215823	-0.0208376683	-0.0178175888	-0.0055636001	0.0124346455	-0.0079687258	-0.0138701617	0.0073508374	-0.0238449949	0.0040191564	0.055540888	-0.0345726347	-0.002193611	-0.0140376112	-0.004336146	-0.030766263	0.0131440619	-0.0525770784	-0.0013162184	0.0360318425	0.0040536034	-0.0300666323	-0.048299121	-0.0410094892	-0.0120497088	0.0232773535	0.0463042454	0.0448631447	0.0197155549	-0.0158500872	-0.0430402594	-0.0474871876	-0.0268410355	0.0079884006	0.0385966226	0.0488096981	0.0332308549	9.22328e-05	-0.0330951267	-0.0487944286	-0.0387098805	-0.0081703383	0.026686557	0.0474417976	-0.0126218	0.0088428999999999	7.819688040999998e-05	0.00015930983524	-0.8729179999999999	-0.0193599999999998	0.7619858347239997	0.0003748095999999	0.00336267	0.0069482699999999	4.82784559929e-05	1.13075495289e-05	-0.00851952	0.00057725	7.258222103039999e-05	3.332175625000016e-07	0.00321141	0.00014773	1.03131541881e-05	2.18241529e-08	0.000442385	-0.0002543359999999	1.95704488225e-07	6.468680089599998e-08	0.0	0.0	0.0	0.0	0.0	0.0	0.0	0.0	0.0	0.0	0.0	0.0	0.0	0.0	0.0	0.0	0.0	0.0	0.0	0.0	0.0	0.0	0.0	0.0	0.0	0.0	0.0	0.0	0.0	0.0	0.0	0.0	0.0	0.0	0.0	0.0	0.0	0.0	0.0	0.0	0.0	0.0	0.0	0.0	0.0	0.0	0.0	0.0	0.0	0.0	0.0	0.0	0.0	0.0	0.0	0.0	0.0	0.0	0.0	0.0	0.0	0.0	0.0	0.0	0.0	0.0	0.0	0.0	0.0	0.0	0.0	0.0	0.0	0.0	0.0	0.0	0.0	0.0	0.0	0.0	0.0	0.0	0.0	0.0	0.0	0.0	0.0	0.0	0.0	0.0	0.0	0.0	0.0	0.0	0.0	0.0	0.0	0.0	0.0	0.0	0.0	0.0	0.0	0.0	0.0	0.0
53629.52577165468	-9.810994086539722	2876126034.4925733	96.2556049661174	64696.03481347656	-929.9848251953154	4185576920.5865703	864871.7750935613	54238.63897032157	-75.16418338974472	2941829957.3528857	5649.654464647177	54367.507645248574	53485.650678520695	1.044806	23.935322	0.0325511889999998	0.0198678	-0.0008809189	-0.035732889	-0.0388585517	0.0037139063	-0.0264904802	0.0221535514	-0.0130537461	0.0452900219	-0.0353316751	-0.0473115176	-0.0269085387	-0.0036995402	0.0603399506	0.0061036776	-0.0130862873	0.0285411715	-0.0010843294	-0.0407435909	-0.0206451256	0.0262185096	-0.0261266699	-0.0532926986	-0.0034080666	-0.0021830009	-0.0188160155	0.0289711892	0.0036217279	0.0062646577	-0.0310975345	0.0118225088	0.0062437577	0.0022512633	-0.0150356113	-0.0271981609	0.0396029574	-0.0183402433	-0.0373216729	0.0021331897	-0.0036925167	0.0559910948	-0.0407731743	0.0283468324	-0.0262450768	-0.0406945635	-0.0047945055	-0.0052226216	-0.005948672	0.0033109853	0.0015905468	-0.0158645558	0.0123812887	-0.0062172747	-0.0341639162	-0.0321429959	0.0035625989	-0.0045910715	0.0946899703	0.0207225936	-0.0699026204	-0.0222447202	0.0036054539	-0.0095048676	-0.0006912838	0.0440263913	-0.0268498285	-0.0092931946	-0.0319427424	-0.0402834094	0.0140000151	0.0484520304	-0.0142944815	0.0478407174	-0.0366650823	0.0422720251	0.0021846007	-0.0198988011	0.005129063	0.025183187	0.060185873	-0.0282837232	0.0106990877	0.0072939119	-0.0110493996	0.0287026453	-0.0261187354	0.0467205624	-0.0270481277	0.0313312134	0.0209520623	-0.0204899874	-0.0111807324	0.0106947476	-0.004280026	-0.0075474481	-0.0341006909	-0.0113427123	0.0397931305	0.0256753066	0.009287108	-0.0204688244	0.0269430766	0.0114352343	-0.0975249323	-0.0422181871	-0.0834313959	0.0188840029	-0.0214734122	0.0172385765	0.0120282196	-0.0406890509	-0.0110752373	-0.0023120407	-0.0407519445	0.0223087169	-0.0228813558	0.0243099419	0.0571018554	0.0005268173	-0.0065461332	0.0162100716	-0.0286207605	-0.0040825344	0.008335953	-0.0283120879	0.0121707516	0.0018662216	0.0044416628	-0.0200311872	-0.0230115301	0.0385452552	-0.0217187785	0.0401195986	0.0010275604	-0.0056418638	-0.0516699391	0.0371449317	-0.0290050493	-0.0390981246	-0.0252420041	0.0097117396	-0.0060560327	0.0132866261	-0.0019415895	-0.0193611233	0.0162938498	0.0112210983	0.0460151372	0.0338586408	-0.0351086091	-0.0154399061	0.0375072948	-0.0390268319	-0.0752709302	-0.0407923798	0.029983669	-0.0074317454	-0.0067566666	-0.0122506282	-0.0289249499	-0.0352665683	-0.006662505	0.0027051325	0.0608910101	-0.0220172825	0.0523616302	0.0066113601	-0.042686777	-0.0530811407	0.0261588664	0.0012124903	-0.0210630375	-0.0043761444	-0.0221444715	0.0263487202	0.0221163327	0.0371173834	-0.0319522639	-0.0231288172	0.017507073	-0.0359554005	0.0542010432	-0.0225198502	-0.0526367823	0.0212981119	-0.0229380407	0.0023061479	-0.0029972659	0.0009364511	-0.007921615	0.0404549889	0.0178519293	0.0202320947	-0.023555028	0.013786389	-0.0495123309	0.0175379857	-0.0132094886	0.0210177551	0.0808562735	-0.0907318724	-0.055237373	-0.0282675314	0.0055423412	0.0226824223	0.0244894902	-0.0098152478	0.0007703892	0.0679383661	-0.0522543606	-0.0012966883	-0.0153928013	0.010778014	-0.02733375	-0.0082048316	-0.0179045351	-0.0090060106	0.002882994	-0.0080988515	0.0317703378	-0.0151499782	0.0211305792	-0.0226206166	0.0009396285	-0.0497283645	-0.0535082008	-0.0212607405	-0.0307461842	-0.0331017202	-0.0605291621	0.0074832208	-0.0475164734	0.0205686432	0.0359066654	0.0036858265	-0.0305015125	-0.0484153707	-0.0404981621	-0.0109739574	0.0244051859	0.0467634234	0.044171958	0.0180134151	-0.0177558304	-0.0440518025	-0.0468448038	-0.0246446833	0.0107041222	0.0403419543	0.0484561318	0.0307174953	-0.0034098553	-0.0357179449	-0.048969429	-0.0360942395	-0.0039616799	0.0302845558	0.0483730638	-0.015161	-0.0025392	6.4475366400000005e-06	0.000229855921	-0.870067	0.0028509999999998	0.7570165844890001	8.128200999999008e-06	-0.000783419	-0.004146089	1.7190053995921002e-05	6.13745329561e-07	-0.00818424	0.0003352799999999	6.698178437760001e-05	1.1241267839999905e-07	0.00329938	8.797000000000015e-05	1.08859083844e-05	7.738720900000026e-09	0.000405337	-3.7047999999999975e-05	1.64298083569e-07	1.372554303999998e-09	0.0	0.0	0.0	0.0	0.0	0.0	0.0	0.0	0.0	0.0	0.0	0.0	0.0	0.0	0.0	0.0	0.0	0.0	0.0	0.0	0.0	0.0	0.0	0.0	0.0	0.0	0.0	0.0	0.0	0.0	0.0	0.0	0.0	0.0	0.0	0.0	0.0	0.0	0.0	0.0	0.0	0.0	0.0	0.0	0.0	0.0	0.0	0.0	0.0	0.0	0.0	0.0	0.0	0.0	0.0	0.0	0.0	0.0	0.0	0.0	0.0	0.0	0.0	0.0	0.0	0.0	0.0	0.0	0.0	0.0	0.0	0.0	0.0	0.0	0.0	0.0	0.0	0.0	0.0	0.0	0.0	0.0	0.0	0.0	0.0	0.0	0.0	0.0	0.0	0.0	0.0	0.0	0.0	0.0	0.0	0.0	0.0	0.0	0.0	0.0	0.0	0.0	0.0	0.0	0.0	0.0
53766.77804007129	137.2522684166106	2890866420.810292	18838.185185505325	65264.08754150391	568.0527280273527	4259401122.6250863	322683.90181931754	54342.45479290075	103.8158225791849	2953102392.918462	10777.725017792796	54466.559004445175	53638.05306959276	0.984896	22.562855	0.023916959	0.015665	-0.0018620414	-0.0455654088	-0.0452298777	0.0054282351	0.0135571475	0.0437073847	-0.0507305031	0.0317300901	-0.0402548116	0.0286931924	-0.0117027658	0.006218201	0.0426914372	0.0082324778	-0.0084905132	0.0126308369	0.000592822	-0.045499076	0.0389866667	-0.0531321995	0.0568449976	-0.0162497696	0.0294000322	-0.0069509927	0.009458529	0.0282840632	0.0324073191	0.0011934688	0.0223591056	0.0069972832	0.0066216707	0.0055916414	-0.0594286625	-0.0180352691	-0.0049407089	-0.0327641782	-0.0328633098	0.0162736922	-0.0166023996	-0.0257136032	-0.0178997193	-0.050494289	0.0246519563	-0.0058453347	-0.0116402097	0.0519859754	0.0369189697	-0.0055326014	0.0317097892	0.0131199652	0.0323013603	-0.0275835102	-0.0149315623	-0.0194662741	0.0285415558	-0.0104794952	-0.0351657075	0.025399985	-0.0153559685	0.0813620044	0.05856443	0.0366640552	-0.0015589504	0.0275226836	0.0087836679	0.0339345828	0.0369298947	0.0487371365	0.0378062985	-0.0522878655	0.0203588909	0.025738041	-0.0387061269	0.0194733761	-0.0193955402	0.0413487897	-0.0585157688	-0.0782396113	0.0201630304	-0.0030163909	0.0029768641	-0.0073598551	0.0247363858	0.0850749459	0.0339650213	-0.0549555445	0.0054045162	-0.0832193863	0.0654233724	-0.0692100511	-0.0183878083	-0.0385672203	-0.0435677836	-0.0311391651	0.0165293363	-0.0018575332	0.0131867947	0.0657629979	0.0160622718	-0.019472384	-0.0649466551	-0.0613382772	0.0087066647	-0.0245102505	0.0683026534	0.0243030049	-0.0169930811	0.0261305603	-0.0308493406	-0.0153770817	0.026895575	0.0105684469	-0.0453754815	-0.0413248728	0.0539299091	-0.0544779952	0.0120288102	-0.0238710915	0.0045593703	-0.0133070044	-0.0302040304	-0.0384577524	-0.0017951305	0.0253578779	0.0012720492	0.002994241	0.006744303	-0.0567633261	-0.0170361545	-0.0023611536	-0.0308454501	0.0277791457	0.02143345	-0.0182267329	0.022359708	0.0207709137	0.039692851	0.018716595	0.0207319943	0.0049767404	-0.0602000529	-0.0510852239	0.0063878542	-0.0260643094	-0.0140053158	-0.0104032244	0.0498358531	-0.0024876388	-0.0037015429	-0.0469587411	0.0174589875	-0.0089750461	0.0476382574	0.0008033512	-0.0940097595	-0.0235019579	-0.0221525319	0.0340928802	-0.0014599679	0.0015755948	-0.0388978862	-0.004130402	-0.0631861882	-0.0490829551	-0.0365915862	0.0150251979	-0.0120139031	-0.0537215154	0.0106592775	-0.0165102086	0.0379842654	-0.049579527	0.0613870891	0.0317391966	-0.0319391043	-0.0003488085	0.0098704582	0.026400724	0.0834232072	0.0120820891	-0.0638988182	0.0088378302	0.0260071085	0.0041418146	-0.1022815735	0.0575912558	-0.0557255257	-0.0345417139	0.0254416484	-0.0312577633	-0.0331721233	-0.0137246609	-0.015101992	0.0871046221	0.0327017644	0.0214267621	0.0520649464	0.0425067816	-0.0075388282	0.0416340751	-0.0088803783	-0.0146374791	-0.0465265595	0.0398239432	0.0225473082	0.0161592201	-0.0120749414	0.0501606293	-0.0576844897	-0.0032114895	-0.0204292741	0.0068168615	-0.04765827	-0.0178196185	-0.014084703	-0.0049070024	-0.0067728649	0.0243959244	-0.0346365696	-0.0065706482	0.0244707232	0.0480532477	0.0141549311	-0.017938422	-0.0430121124	-0.0231553524	-0.021300273	-0.0060503952	-0.0363454474	-0.0033124345	-0.0289003151	-0.0008632776	0.0357809787	0.0033178403	-0.0309324975	-0.0485206286	-0.0399724692	-0.0098926005	0.0255160508	0.0471801374	0.0434300072	0.0162857183	-0.0196310923	-0.0449733504	-0.0460901072	-0.0223798066	0.0133856785	0.0419407874	0.047903926	0.0280629691	-0.0068944842	-0.0381381307	-0.0488381591	-0.0332308549	0.0002766972	0.0336352026	0.0488756528	-0.0152772	-0.0001161999999999	1.3502439999999674e-08	0.0002333928398399	-0.8555589999999998	0.0145080000000001	0.7319812024809997	0.000210482064	0.00314189	0.003925309	1.5408050745481e-05	9.8714727721e-06	-0.00818424	0.0	6.698178437760001e-05	0.0	0.00336858	6.919999999999973e-05	1.13473312164e-05	4.788639999999963e-09	0.000367188	-3.814900000000002e-05	1.34827027344e-07	1.4553462010000014e-09	0.0	0.0	0.0	0.0	0.0	0.0	0.0	0.0	0.0	0.0	0.0	0.0	0.0	0.0	0.0	0.0	0.0	0.0	0.0	0.0	0.0	0.0	0.0	0.0	0.0	0.0	0.0	0.0	0.0	0.0	0.0	0.0	0.0	0.0	0.0	0.0	0.0	0.0	0.0	0.0	0.0	0.0	0.0	0.0	0.0	0.0	0.0	0.0	0.0	0.0	0.0	0.0	0.0	0.0	0.0	0.0	0.0	0.0	0.0	0.0	0.0	0.0	0.0	0.0	0.0	0.0	0.0	0.0	0.0	0.0	0.0	0.0	0.0	0.0	0.0	0.0	0.0	0.0	0.0	0.0	0.0	0.0	0.0	0.0	0.0	0.0	0.0	0.0	0.0	0.0	0.0	0.0	0.0	0.0	0.0	0.0	0.0	0.0	0.0	0.0	0.0	0.0	0.0	0.0	0.0	0.0
53768.44886971996	1.6708296486758627	2891046093.85569	2.791671714894307	65403.904954589845	139.81741308593337	4277670783.309022	19548.90900204253	54277.781758114725	-64.67303478602844	2946077592.5815315	4182.601428434845	54395.96691952604	54357.72190004819	0.978196	22.409361	0.05523454	0.0239161	-0.0018065071	-0.0391160885	-0.0519952811	-0.0021509341	0.0078785645	0.0071766411	-0.0557173681	-0.0384357975	-0.044253939	0.0277101005	-0.0264266818	0.0119458592	0.0404025653	0.0091823245	-0.0282922913	0.0045141261	-0.0430928439	-0.0311131619	-0.0346288269	-0.0421938881	0.0155423598	0.0421735659	-0.0359499377	-0.0006357054	-0.0167224543	0.0397982926	0.0166065571	0.001919193	0.0036701031	0.013536314	0.0047043533	0.0374338725	0.0127945766	0.0389342442	0.00173042	0.0548874541	-0.0569171847	0.0083739588	0.0060913246	0.0041264991	-0.0104509953	0.0354626129	-0.0155171071	-0.0244696263	-0.0099577821	-0.0526918928	0.0189395523	0.0834975759	-0.0272864384	-0.0120589349	0.0058784363	0.0012150397	-0.0921493903	-0.0533144157	0.0493085069	-0.0197038873	0.0554706374	-0.0154095055	0.0068482268	0.078836496	0.084507708	0.0114723738	-0.0607270443	0.0615076021	-0.0614477597	0.0028356066	0.002496332	0.0255302218	0.0867453233	0.0703576256	-0.0285707343	-0.0377613479	0.0011496893	-0.016822406	-0.0045041175	-0.0375050642	0.0023508255	-0.0259979604	-0.0366257722	0.033055612	-0.0222094005	-0.0136616659	-0.0026779355	0.0417695662	-0.0471798886	0.0229384589	0.0176850546	-0.0113714806	0.0209703204	-0.0173343632	-0.0195353667	0.0462078331	0.0515240279	-0.0192074578	0.0071407249	0.0145061337	0.0327628377	0.0223082463	0.0289467267	-0.0007520163	0.0334848361	-0.0079519751	-0.0371105304	-0.0062965879	0.0012075916	-0.0212004266	-0.026675004	-0.0229932492	0.0025627404	0.0499239234	0.0136441322	0.0011843743	-0.0271832875	0.0354897152	0.0437110388	-0.0144934224	-0.0406696862	0.0355132101	-0.0098597136	0.0168263566	-0.0408738637	-0.0148036266	-0.0015912076	0.0015575787	0.0133610904	-0.0057417809	0.0376413699	0.0107298456	0.0356100031	0.0012596223	0.0549498046	0.0562041757	0.0134653779	0.0098799177	0.0041803813	0.0024216776	-0.0349191068	-0.0249751211	-0.0141280802	0.0243111309	0.0358181302	0.0133462348	-0.0825797126	-0.0118819846	0.0011159458	0.0291836021	0.0669148047	0.0705129933	-0.0532901971	-0.0423048853	-0.0103582418	0.0172382386	-0.0538550391	0.0132840274	-0.0867744621	-0.058913043	0.0231823259	0.0713377093	-0.0337090325	-0.0785813559	-0.0194884292	-0.0019175884	-0.0104602419	-0.0688918572	0.1042430998	0.0157422313	0.0342263737	0.0180278874	-0.0165919578	-0.0084471334	-0.0309844557	-0.0074613999	0.0212565208	-0.0441344369	0.0012914561	-0.0306094182	0.0165894289	0.0068469336	0.0218351581	-0.059996422	0.0128985445	0.0212498205	0.0087923143	-0.0054000002	-0.0260662364	0.0173838797	-0.0036932613	0.0233943231	-0.0692012691	-0.0043355436	0.0308547951	0.0049983348	-0.0125969026	0.0252907303	-0.0454216443	0.0131520531	0.0053370967	0.0344542039	0.026966683	0.0053083862	0.0215273347	-0.0399569194	0.0024880848	-0.0367675765	-0.0438759271	0.0062069586	-0.0212579478	0.0379891232	-0.0605915075	-0.0045939458	-0.0206592807	0.0060590356	-0.0514075304	-0.0111452804	-0.0084727447	0.0021447176	0.0231725465	-0.0017894061	0.0054062869	0.0023903994	0.0241322662	0.012351091	0.0132314242	0.0564670489	-0.0499991842	-0.010683144	-0.0467699695	-0.0020539753	-0.0310213942	-0.0117050428	-0.0367507475	0.0180649483	0.0356547843	0.0029496658	-0.0313595323	-0.0486148711	-0.039432597	-0.0088061905	0.0266091756	0.047554009	0.0426381448	0.0145349155	-0.0214726538	-0.0458030203	-0.0452249073	-0.0200527028	0.0160245105	0.0433873161	0.0471553442	0.0252794756	-0.0103438118	-0.0403419543	-0.04840144	-0.0301393805	0.0045129987	0.0367111306	0.0489451109	-0.00967997	0.00559723	3.13289836729e-05	9.37018192009e-05	-0.869554	-0.0139950000000002	0.756124158916	0.000195860025	-0.00271837	-0.00586026	3.43426472676e-05	7.3895354569e-06	-0.00846945	-0.0002852099999999	7.173158330249999e-05	8.13447440999996e-08	0.00325999	-0.0001085899999999	1.06275348001e-05	1.1791788099999998e-08	0.000165347	-0.000201841	2.7339630409e-08	4.0739789281000006e-08	0.0	0.0	0.0	0.0	0.0	0.0	0.0	0.0	0.0	0.0	0.0	0.0	0.0	0.0	0.0	0.0	0.0	0.0	0.0	0.0	0.0	0.0	0.0	0.0	0.0	0.0	0.0	0.0	0.0	0.0	0.0	0.0	0.0	0.0	0.0	0.0	0.0	0.0	0.0	0.0	0.0	0.0	0.0	0.0	0.0	0.0	0.0	0.0	0.0	0.0	0.0	0.0	0.0	0.0	0.0	0.0	0.0	0.0	0.0	0.0	0.0	0.0	0.0	0.0	0.0	0.0	0.0	0.0	0.0	0.0	0.0	0.0	0.0	0.0	0.0	0.0	0.0	0.0	0.0	0.0	0.0	0.0	0.0	0.0	0.0	0.0	0.0	0.0	0.0	0.0	0.0	0.0	0.0	0.0	0.0	0.0	0.0	0.0	0.0	0.0	0.0	0.0	0.0	0.0	0.0	0.0
53673.33322828028	-95.1156414396828	2880826699.834016	9046.985246482303	64956.66935058594	-447.2356040039085	4219368893.1213503	200019.68548874088	54268.13112193242	-9.65063618230488	2945030055.46725	93.1347787232121	54393.36514889094	53686.1466473468	0.946135	21.674894	0.0684199249999999	0.0324816	0.0005238956	-0.0483262692	-0.0549426572	-0.0045517756	0.0109263799	0.008707541	-0.0421994298	-0.0081369102	-0.0326722474	-0.0362202465	-0.0026778521	-0.0089549848	0.0688009287	0.0382720483	-0.0023392984	0.0128836148	0.0126426256	-0.0326048212	-0.0317829495	-0.0167256343	-0.0282736583	-0.0181255071	-0.0067068968	0.0074552605	0.0217943022	0.0232708187	0.0755068802	0.0412735745	0.0049153599	-0.0378172564	0.0366573889	-0.0220099135	-0.0152539498	0.0091915404	0.0176661422	0.0131428993	-0.0239219433	0.0478345562	-0.0245681565	-0.0231793811	-0.0389277644	-0.0110917941	-0.0237599404	0.0321150483	0.0168497569	0.0398937376	-0.0101702008	0.0007381968	-0.0347982994	0.0123367369	0.0268862862	-0.0169499288	0.0129682659	-0.002554621	0.0119085485	0.0527416734	-0.066228312	0.0012711684	0.0711642195	-0.0232701134	-0.0367706298	0.0111157053	0.0114132385	-0.0546494574	-0.0229639394	0.01850777	0.0302156599	0.0257851943	0.0269025348	-0.0172130287	-0.0543414285	0.0120105844	0.0301608549	-0.0483284945	0.0001760089	-0.0172975343	-0.0284871827	-0.0138176477	0.0211715906	0.0342020011	-0.0763505143	0.0175548859	0.0112555465	0.0003349648	0.0274914043	-0.0264663949	-0.0212108522	-0.0451971733	0.0364878209	0.0395280475	0.0277224525	0.0205481677	0.0199725735	0.002179913	0.0448256493	-0.0096374296	0.0226529535	-0.0171938192	0.0809471651	0.0122895921	-0.0291189373	0.0402457123	0.0153240056	-0.0061035918	0.0741745177	0.0188439565	0.0453460881	0.0184008639	-0.0236706563	-0.0050628974	0.0097330821	-0.0093329009	-0.0297289792	0.0315980253	0.0198808354	0.0258829391	0.0178176223	0.0110124205	0.0204480877	-0.0160058851	-0.0248374552	-0.0774361511	0.0417496939	0.0032867362	-0.0262942211	0.0474385953	-0.0184096735	-0.0097025218	0.0079176247	0.0165928862	0.0143211012	0.0183801515	0.0475995154	-0.0224296895	0.0289499715	0.0355746654	0.0057798454	0.0053103634	-0.0255272806	-0.02306562	-0.0112803804	0.0048995895	-0.0042810497	0.0566059511	-0.0211649861	-0.0365989494	-0.0070228096	-0.0371275044	-0.0121402484	0.0056236227	-0.0622029045	0.0117680848	0.0385534963	0.0606641701	0.0322122148	0.0372215915	0.0038725697	-0.0014393985	0.0613123844	-0.0054764256	-0.0107218035	-0.0036717317	-0.0509052669	-0.0239922759	-0.0059558293	0.0404444058	-0.0345920613	0.0501874489	-0.035865966	-0.0012494026	-0.0132932694	-0.0164736275	0.0120597023	0.0280182381	0.0274227721	-0.0227047337	0.0780394106	0.0056735045	0.0199311872	0.0290418554	-0.0291127539	-0.0024495652	0.0633388449	0.0414550354	-0.0230872652	0.0047145991	0.0237770593	0.0032937928	-0.0086405692	-0.0292941449	0.0026872737	0.0381165876	0.066413103	0.0248222384	-0.0200536632	-0.0029653377	-0.0327711792	0.0279007787	0.0145788688	0.071657457	0.0118035122	0.0582578479	-0.0170053155	0.0276344244	0.0065590628	0.0156554875	0.004583519	-0.0361623617	-0.0656477599	-0.0068410928	-0.0231997536	0.0074160705	-0.0509730395	-0.0309908102	0.0031772824	-0.0048139006	0.0197266489	0.0124059912	0.0138861053	0.0088519403	0.0045725081	-0.0347950324	0.0082203273	-0.0223348938	-0.052080721	-0.025650982	-0.0475056519	0.0069405352	-0.0384881396	-0.0217657655	-0.0314165981	0.0057913221	0.035528084	0.0025813239	-0.0317825624	-0.0486980765	-0.0388787369	-0.0077152822	0.0276838006	0.0478846987	0.0417972809	0.0127634908	-0.0232773535	-0.0465391172	-0.0442512785	-0.0176698424	0.0186121956	0.0446762873	0.0462134553	0.0223798066	-0.0137401766	-0.0423169129	-0.0476620031	-0.0268410355	0.0087154456	0.0394872168	0.0485808224	-0.0163115	-0.00663153	4.39771901409e-05	0.00026606503225	-0.887765	-0.0182109999999999	0.788126695225	0.0003316405209999	0.000536325	0.003254695	1.0593039543025e-05	2.87644505625e-07	-0.0086754699999999	-0.0002060199999999	7.526377972089827e-05	4.244424039995904e-08	0.00358755	0.00032756	1.28705150025e-05	1.0729555360000013e-07	-0.000107527	-0.000272874	1.1562055729e-08	7.4460219876e-08	0.0	0.0	0.0	0.0	0.0	0.0	0.0	0.0	0.0	0.0	0.0	0.0	0.0	0.0	0.0	0.0	0.0	0.0	0.0	0.0	0.0	0.0	0.0	0.0	0.0	0.0	0.0	0.0	0.0	0.0	0.0	0.0	0.0	0.0	0.0	0.0	0.0	0.0	0.0	0.0	0.0	0.0	0.0	0.0	0.0	0.0	0.0	0.0	0.0	0.0	0.0	0.0	0.0	0.0	0.0	0.0	0.0	0.0	0.0	0.0	0.0	0.0	0.0	0.0	0.0	0.0	0.0	0.0	0.0	0.0	0.0	0.0	0.0	0.0	0.0	0.0	0.0	0.0	0.0	0.0	0.0	0.0	0.0	0.0	0.0	0.0	0.0	0.0	0.0	0.0	0.0	0.0	0.0	0.0	0.0	0.0	0.0	0.0	0.0	0.0	0.0	0.0	0.0	0.0	0.0	0.0
53589.28741443345	-84.04581384683115	2871811725.5867558	7063.698825176195	65077.7545600586	121.08520947266516	4235114138.579228	14661.6279530392	54253.04167485191	-15.089447080506943	2943392530.9732184	227.6914131954195	54375.93671391829	53743.19387936282	1.017305	23.305302	0.0619124549999999	0.0309786	0.0042718382	-0.0616142091	-0.0480500119	0.0038088475	0.0056878439	0.0399863388	-0.0552053938	0.049823976	-0.0567275146	-0.0149083369	-0.001712227	0.0029174044	0.0419391449	0.0267872413	-0.0613010798	0.0153180409	-0.0381964762	-0.0318030764	0.0017975284	-0.045894352	0.0153811047	-0.0339223136	0.0194395889	-0.0111300749	0.0305970477	0.0241018894	0.0385435724	-0.0234358785	-0.0836114621	-0.0119672778	-0.0320821231	-0.022159658	-0.010622127	0.0168287901	-0.0048257035	0.0527396696	-0.062977241	-0.0156242917	-0.0069447085	0.0186421339	-0.0239326917	0.0184933768	-0.0015296785	-0.0138126987	0.0189484843	0.0033451224	-0.0014164632	0.0088099048	-0.0258221799	-0.0297172879	0.0187878854	7.2454e-06	-0.0496114374	0.0017222341	0.0154479511	0.0249985126	-0.0297871321	0.0288221549	0.0153841252	-0.0130170585	-0.0084453512	-0.0293277594	0.0384382882	0.0102852238	0.0048197233	-0.0838039562	0.0320567602	0.0554701197	-0.0203124422	0.0120628146	0.0079251477	0.0264148908	0.0040494976	-0.0003013223	0.0263720979	0.0034891277	0.0459185527	-0.0251149411	-0.0447346763	-0.0685368122	-0.0019635903	0.0356846915	-0.0074264687	0.0052235105	0.0446452323	0.0524511398	0.0446228107	-0.0312003862	-0.0473388169	0.0252997899	0.0188716	0.0037780078	-0.0274597481	0.0050421122	-0.0079073654	0.0183408627	-0.0693179536	0.045122422	-0.0451846358	0.0077599391	-0.026232119	-0.0448326187	0.0305243057	-0.0205297161	0.0338640696	0.005133902	-0.025793172	-0.0289373551	0.0274236261	-0.0302087172	-0.0203194442	-0.0011632126	-0.0300154853	-0.0050001322	0.0499587737	-0.0153251176	0.0334197273	-0.0149100728	0.007111606	-0.031562438	-0.0262848835	-0.0334260951	-0.0078872741	-0.0860024133	-0.021921247	-0.0238727891	-0.0270194908	-0.0170293508	0.018180686	-0.0048452645	0.0507703742	0.0680273175	-0.0129378433	-0.0043935446	-0.0206884639	0.0205263682	-0.0255197625	-0.0102847028	-8.3566e-06	-0.0180471664	-0.0094590573	0.0003686668	-0.0112048096	0.0126409243	0.0291390131	-0.0035666114	0.0438852691	0.0414613233	-0.0031927421	-0.008353616	-0.0274329735	-0.0278098663	0.0288818768	0.0238893751	0.008893918	0.0040981161	0.0036879755	-0.0362524708	-0.007076886	-0.006274749	0.0934769529	-0.0008473962	-0.0595968705	0.0078119682	0.0055525248	-0.0112228464	-0.0186129774	-0.0128340917	0.0023744612	0.0265892715	-0.0123347127	0.0532756585	0.0033609238	0.0086960462	-0.0731353274	0.0194583667	0.0125692922	-0.0300977843	0.0061182339	0.021596224	0.0558603676	0.0507338931	0.0469420421	-0.0349861123	0.031852945	0.0114401252	0.024433523	-0.0207655641	0.0156544704	-0.0112841416	-0.009391911	-0.0659679115	-0.0692624207	0.001253717	0.0431251396	-0.0205985832	0.0254175863	0.0335773178	-0.0290335582	0.0296994143	-0.0014423516	-0.0291438025	0.0063355601	-0.0071151841	0.0118756097	-0.0039989529	0.0109682529	-0.0174688307	-0.0713599395	-0.0094039622	-0.028778401	0.0065123072	-0.0535138348	-0.0437849119	-0.0153271391	0.019661781	-0.0081322254	-0.0145928427	0.0374663413	0.0074979566	0.0269454503	0.0356463707	0.0128771768	-0.0130112633	-0.0741983386	-0.0115143441	-0.0399237727	-0.0298542456	-0.0311142618	-0.0130955243	-0.0376170008	0.0329972056	0.0354008796	0.0022128355	-0.0322015336	-0.0487702262	-0.0383110855	-0.006620433	0.0287391785	0.0481719062	0.0409083818	0.0109739574	-0.0250420933	-0.0471801374	-0.043171555	-0.015237851	0.0211404744	0.0458030203	0.0450821203	0.019377288	-0.0170661886	-0.0440518025	-0.046624473	-0.023358459	0.0128525131	0.0419407874	0.0477860158	-0.00309792	0.0132135799999999	0.0001745986964163	9.5971083264e-06	-0.911488	-0.0237229999999999	0.8308103741439999	0.0005627807289999	0.0137297	0.0131933749999999	0.0001740651438906	0.0001885046620899	-0.0085936	8.186999999990063e-05	7.384996096e-05	6.702696899983731e-09	0.00343377	-0.00015378	1.17907764129e-05	2.3648288400000024e-08	-0.000107527	0.0	1.1562055729e-08	0.0	0.0	0.0	0.0	0.0	0.0	0.0	0.0	0.0	0.0	0.0	0.0	0.0	0.0	0.0	0.0	0.0	0.0	0.0	0.0	0.0	0.0	0.0	0.0	0.0	0.0	0.0	0.0	0.0	0.0	0.0	0.0	0.0	0.0	0.0	0.0	0.0	0.0	0.0	0.0	0.0	0.0	0.0	0.0	0.0	0.0	0.0	0.0	0.0	0.0	0.0	0.0	0.0	0.0	0.0	0.0	0.0	0.0	0.0	0.0	0.0	0.0	0.0	0.0	0.0	0.0	0.0	0.0	0.0	0.0	0.0	0.0	0.0	0.0	0.0	0.0	0.0	0.0	0.0	0.0	0.0	0.0	0.0	0.0	0.0	0.0	0.0	0.0	0.0	0.0	0.0	0.0	0.0	0.0	0.0	0.0	0.0	0.0	0.0	0.0	0.0	0.0	0.0	0.0	0.0	0.0	0.0
53602.00780703323	12.720392599781915	2873175240.9452515	161.80838789258655	65263.40083984375	185.6462797851491	4259311489.182118	34464.541198065854	54226.78992761726	-26.251747234651702	2940544745.853933	689.1542328720433	54347.55352789011	54061.673999340506	1.172744	26.866238	0.0688558260000001	0.040508	0.0026120211	-0.0519022025	-0.055190564	0.0020469916	0.0132492613	-0.0041739313	-0.0513668022	-0.0517778465	-0.047488084	0.013253518	0.0073928484	0.0278463983	0.042581849	0.0460351089	-0.0346891629	0.0196207832	0.0323126113	-0.0142082846	-0.0374979853	-0.0490617284	0.0005385871	0.0244247454	-0.0124783332	0.0375184177	0.0002956287	0.0230502923	0.0964195382	0.0857392597	0.0434538676	-0.0300275271	-0.0221587207	-0.020182527	-0.0212099864	0.0263084327	-0.0182743179	0.0020090218	-0.0038077971	-0.0310550869	-0.015343952	0.0113637317	-0.0539297228	0.040560671	0.0116637581	-0.0159992698	-0.0546830223	0.0709200402	0.0045682165	-0.069980617	0.0747832373	-0.0232493013	-0.0139797676	-0.0035770186	-0.0527026854	-0.0316721881	-0.0106595104	-0.0149114135	-0.0246120138	-0.0227856795	-0.0673583879	0.0059558979	-0.0023084997	0.0050000682	-0.0027463766	0.0285323668	0.0702261378	0.0350464278	0.0570510431	0.0512604038	-0.0210557802	-0.0333394784	-0.0380617235	-0.0531640506	0.0410790579	-0.0372901489	-0.0386808617	-0.0450724286	0.0364969082	0.0046153479	0.0331312599	0.018824017	-0.0106514632	0.0199966248	-0.0198890328	-0.0283393315	-0.0069389553	0.0656487993	-0.0103074158	-0.0251914402	0.001394748	-0.0316571121	-0.0403163161	0.00168781	0.0247378918	-0.0637056126	0.0116472104	-0.0233899049	0.0003498883	-0.0291323785	-0.04783282	0.0392064589	-0.0074758126	-0.0504698681	-0.0025216986	-0.019051746	-0.0531378237	-0.0228987945	0.0412797497	-0.0048236414	-0.0169475948	0.007653453	0.0030540329	-0.025003199	-0.0106217426	0.0361162837	0.0522112117	-0.0006399564	-0.0261416317	0.021854727	0.0396516868	0.00915487	-0.0229333173	-0.1059044171	0.0733062202	0.0508241038	-0.0179142392	-0.0112448443	-0.0256065867	-0.0118966559	0.0276987883	-0.0224061513	0.0032490205	0.0063850458	-0.0321613264	-0.0234935725	-0.009003686	0.0526874817	-0.0447734533	0.005419855	0.011713144	0.0490181889	-0.0737762019	-0.0222699796	0.0746270476	-0.0518760148	0.033610726	0.0213732506	0.0107651394	0.0072787427	-0.0519011322	0.0080874235	-0.0089636726	0.0076031655	0.0374207136	-0.0695505645	-0.0027441264	-0.0049102368	-0.0198089977	0.0032779732	-0.0340437162	0.0636567959	-0.0266047393	-0.0406980106	-0.0536605638	0.0133110757	-0.0019800894	0.0471199007	0.0346505742	0.0563150381	-0.0393253587	-0.037830589	-0.034349031	0.0087228453	0.0288457933	-0.0026013685	0.0537207779	0.023044839	0.01105066	-0.0263966965	-0.0311373475	0.0082519654	0.0638770987	-0.0161768212	0.0062408876	-0.0253242886	-0.0388585601	0.0009269391	-0.033753705	-0.032848668	-0.0672797018	-0.0221877634	0.0045671937	0.0155263611	-0.0120422311	-0.038655023	0.0304440373	-0.0395026766	0.0468977012	0.0145490718	-0.0097913199	-0.0645461359	-0.0018623995	0.039325888	-0.0005400777	-0.0281566104	-0.0087124283	-0.0125390849	-0.0280245221	0.0518104318	-0.0682031448	-0.0143668714	-0.0256583313	0.0122830544	-0.0433757778	-0.0139136606	-0.0356933883	0.0141844175	0.0129165101	0.0369605423	-0.0306717885	-0.0047784646	-0.0247203873	-0.0520737987	0.0125524522	0.0044347294	-0.053759712	0.0098233007	-0.0328831531	0.0052521901	-0.0234955449	-0.0414343388	-0.0033505655	0.0395646734	0.0352731729	0.0018442215	-0.0326163926	-0.0488313037	-0.0377298441	-0.005522202	0.0297745756	0.0484153707	0.0399724692	0.0091688544	-0.0267638437	-0.0477247713	-0.0419883256	-0.0127634908	0.0236012772	0.0467634234	0.0437659771	0.0162857183	-0.0203048178	-0.0455367808	-0.0452953387	-0.0197155549	0.0168931667	0.0440518025	0.0465677344	-0.00100078	0.00209714	4.3979961796e-06	1.0015606083999998e-06	-0.926467	-0.014979	0.858341102089	0.000224370441	0.00988065	-0.0038490499999999	1.4815185902499998e-05	9.76272444225e-05	-0.00928603	-0.00069243	8.623035316090001e-05	4.794593049000011e-07	0.00327662	-0.00015715	1.07362386244e-05	2.46961225e-08	1.50572e-06	0.00010903272	2.2671927184e-12	1.1888134030598402e-08	0.0	0.0	0.0	0.0	0.0	0.0	0.0	0.0	0.0	0.0	0.0	0.0	0.0	0.0	0.0	0.0	0.0	0.0	0.0	0.0	0.0	0.0	0.0	0.0	0.0	0.0	0.0	0.0	0.0	0.0	0.0	0.0	0.0	0.0	0.0	0.0	0.0	0.0	0.0	0.0	0.0	0.0	0.0	0.0	0.0	0.0	0.0	0.0	0.0	0.0	0.0	0.0	0.0	0.0	0.0	0.0	0.0	0.0	0.0	0.0	0.0	0.0	0.0	0.0	0.0	0.0	0.0	0.0	0.0	0.0	0.0	0.0	0.0	0.0	0.0	0.0	0.0	0.0	0.0	0.0	0.0	0.0	0.0	0.0	0.0	0.0	0.0	0.0	0.0	0.0	0.0	0.0	0.0	0.0	0.0	0.0	0.0	0.0	0.0	0.0	0.0	0.0	0.0	0.0	0.0	0.0
53486.63966314183	-115.36814389139909	2860820622.454777	13309.808624946563	64341.62006640625	-921.780773437502	4139844072.769771	849679.7942790393	54063.74417462525	-163.0457529920095	2922888434.179326	26583.91756873138	54185.31568521052	53853.54367469688	1.240269	28.413172	0.290322434	0.176426	0.0073015235	-0.0331184135	-0.027090745	0.0230093945	0.0005793303	0.0013400082	-0.0329650344	0.0741424777	0.0068280299	-0.021918727	-0.0780892755	0.0050567208	0.0547782295	-0.0037818557	-0.0601816183	0.0008741367	0.0372770393	0.023505928	-0.0189902731	-0.0327404987	0.0174650978	-0.0700078468	0.042149559	-0.0397687542	-0.005502721	0.0308641568	0.0666383636	0.0047454158	-0.0682143015	-0.0176137422	0.0115838388	-0.0261125651	-0.0169200022	0.0267907961	-0.0483065592	0.0437466557	-0.0166341882	0.0102621682	-0.0190233075	0.0038102792	-0.0171110319	0.0604559835	0.0193887745	0.0453890606	0.0576025264	-0.0577357141	-0.069145108	0.0253548925	0.0288764697	0.0244208339	-0.0192198127	0.0026226829	-0.0174508769	-0.009247317	-0.0188943114	-0.0328312444	-0.0231021026	0.0009518067	0.0578332538	-0.0124164021	0.0591914735	-0.041204761	-0.0107085288	-0.0771443543	-0.0564237808	-0.0629007765	-0.0053050685	0.0047755617	-0.0255806134	-0.0144806406	0.0134176727	0.036504146	0.0182074441	0.0013897018	-0.0317289224	-0.0118272214	0.027733926	-0.0022509644	0.0387130874	0.0023317025	-0.0054797416	-0.0012108491	-0.0266661395	-0.0107984981	0.0018004837	-0.0358592342	-0.0540100181	-0.0039600091	0.0222437494	-0.0443663914	-0.030256532	-0.0641011955	-0.0054043659	-0.0608453843	0.0821651617	0.0464661722	-0.0018193905	0.105867897	0.0088111836	-0.063895665	-0.0005835581	0.0458191272	-0.0819757798	0.0311928881	0.0358941168	0.0089840895	-0.0576314749	0.0242947413	-0.009906129	-0.0231944943	-0.0466170718	-0.0038452977	0.0249386874	0.0155377149	0.0347707472	-0.0169646881	0.0678877182	-0.0451973634	-0.0257388179	-0.0095195256	-0.0333935373	-0.0660891873	0.0159500091	-0.0667145366	-0.0176470395	0.0216884902	-0.0208388157	-0.0203225607	0.022969792	-0.0485152229	0.0432762758	0.0164656914	0.0057094857	-0.0136487449	-0.0053714768	0.0152843269	-0.0572120463	0.0209963718	0.0249441385	-0.0520181176	0.076327686	0.0723954722	0.002016855	-0.0211064992	-0.0290762294	0.0128005573	-0.0141606443	-0.0044131419	-0.0187655118	0.026030014	-0.0007005398	0.0260626039	0.0212106899	0.0403647039	-0.0144356638	-0.0556177026	0.0865698017	-0.0064003891	0.0599869382	-0.0452012056	0.0629536399	0.0155121662	-0.0070165228	0.0178305598	-0.0318200401	-0.0157509333	-0.0367288865	-0.0079420343	0.0049723552	-0.0289701974	-0.0167224726	0.0187864654	0.0254957531	0.0146114111	0.0284982885	0.0232572781	-0.0012919075	-0.0300491193	-0.0128643427	0.0146852437	-0.0221894576	-0.0512646636	-0.0180873665	0.0204823939	-0.0129222211	0.0109438089	-0.0923081626	-0.0469996539	-0.003306646	-0.0885312873	0.0336463802	-0.0327405681	-0.0551991732	0.078075812	-0.0293880747	0.0510281455	-0.0295160885	-0.046852533	0.0883369558	0.0211604318	0.0057296796	-0.0494496011	-0.0324817871	0.0332937407	0.0388967627	-0.0039433473	0.0497291263	-0.0133089401	-0.0409212933	-0.0279774796	-0.0164752105	0.0099390572	0.0219873223	-0.0319421511	0.0199155706	0.0227062095	0.089431329	-0.0734547381	-0.0084810045	-0.0033109463	0.003210291	0.0324284247	0.0020819166	-0.0169198509	-0.0611802562	0.009728074	0.0329047469	-0.0366307119	-0.0073463207	-0.0289201114	-0.0046590122	0.0338916795	0.0351449656	0.0014755028	-0.0330270864	-0.0488812951	-0.0371352188	-0.0044211503	0.030789272	0.0486148711	0.0389906186	0.0073507428	-0.028439649	-0.0481719062	-0.0407044271	-0.0102536416	0.0259867497	0.047554009	0.0422704209	0.0131193052	-0.0234394817	-0.0467634234	-0.0436829132	-0.0159373271	0.0208070951	0.0458030203	0.0449367745	-0.0232859	-0.02228512	0.0004966265734144	0.0005422331388099	-1.04051	-0.114043	1.0826610601000002	0.013005805849	0.0182004	0.0083197499999999	6.921824006249999e-05	0.0003312545601599	-0.0116468	-0.00236077	0.00013564795024	5.5732349929e-06	0.00335821	8.158999999999987e-05	1.12775744041e-05	6.656928099999979e-09	0.000472637	0.00047113128	2.23385733769e-07	2.219646829944384e-07	0.0	0.0	0.0	0.0	0.0	0.0	0.0	0.0	0.0	0.0	0.0	0.0	0.0	0.0	0.0	0.0	0.0	0.0	0.0	0.0	0.0	0.0	0.0	0.0	0.0	0.0	0.0	0.0	0.0	0.0	0.0	0.0	0.0	0.0	0.0	0.0	0.0	0.0	0.0	0.0	0.0	0.0	0.0	0.0	0.0	0.0	0.0	0.0	0.0	0.0	0.0	0.0	0.0	0.0	0.0	0.0	0.0	0.0	0.0	0.0	0.0	0.0	0.0	0.0	0.0	0.0	0.0	0.0	0.0	0.0	0.0	0.0	0.0	0.0	0.0	0.0	0.0	0.0	0.0	0.0	0.0	0.0	0.0	0.0	0.0	0.0	0.0	0.0	0.0	0.0	0.0	0.0	0.0	0.0	0.0	0.0	0.0	0.0	0.0	0.0	0.0	0.0	0.0	0.0	0.0	0.0
53685.16219112452	198.52252798268452	2882096639.487345	39411.19411663577	65424.67990673828	1083.0598403320328	4280388740.899164	1173018.6177400483	54337.30641773453	273.5622431092779	2952542868.734774	74836.30085497967	54446.07434140104	54412.30312341467	1.365493	31.281902	0.1724134900000001	0.105044	0.0067732365	-0.0526581368	-0.0474317634	0.0110612185	0.0198541711	-0.0138976133	-0.078078783	-0.0283346801	-0.0307761467	-0.0067891533	0.0154106686	-0.0093883012	0.0111475513	0.0453233958	-0.0491560721	0.0131001431	0.0135391788	-0.0438951651	0.0005964446	-0.0618860525	-0.0205611511	-0.0063782713	-0.0504613576	0.0491728173	0.0199641691	0.004399391	0.0569088515	0.0203358858	0.0049044352	0.0216918612	-0.0842851088	0.0158894786	0.0136913866	-0.0560634788	-0.0224859672	-0.0341032977	-0.0441848103	0.0436967265	-0.0824725323	0.0253720452	-0.0199340011	0.0163397169	-0.0033378869	-0.0547116755	-0.049961996	0.0396614091	0.0278677175	-0.0127620408	0.0150231212	0.0027298497	0.021410537	0.0135886212	0.0161807192	-0.0048638471	0.0249023724	-0.0270056631	0.0762933376	-0.0429314574	0.0410508711	-0.0479815656	-0.0209446194	0.0023756787	-0.0254621481	0.0095030078	0.0034959818	0.0202024658	0.0500312868	0.0281806361	0.0226961048	0.0072917554	-0.0142631458	0.0365348035	-0.0389997621	-0.0218033073	-0.0337523466	0.0164394333	0.0156170189	-0.0115330514	-0.0001183371	-0.0818273685	0.0481444144	-0.0185443684	-0.0024307812	-0.0388188288	-0.0023356469	-0.0207143935	0.0161103792	-0.0257887397	-0.0259129885	0.0734772237	0.0230650117	0.120003641	-0.0338766993	-0.0537170572	-0.0630058995	-0.0386640484	-0.0015186068	0.0022477567	0.0123578363	-0.0934412985	-0.0144257075	0.0309462798	0.0190425689	0.0419307577	-0.000698937	0.0176110522	0.0914081377	0.0434348651	0.0121489601	-0.0407250495	0.0508151673	0.0192301225	-0.0404503377	0.000157213	0.0658532811	0.0214945616	0.0052559707	0.0612051527	0.0482464169	-0.0022050221	-0.0037021641	-0.0585689744	0.0159390535	0.0012883136	0.0135078936	-0.0944324424	0.0008369168	0.0102653921	-0.0562849757	-0.0199888055	-0.034793806	0.0466624062	0.0479851872	-0.0780572281	-0.033384836	0.0119668325	-0.0171301403	-0.0482947116	0.0023407576	0.0494535694	-0.0516403129	-0.0303456343	0.0114321736	-0.011007136	-0.0005067808	-0.0194425991	-0.0041574019	-0.0007438108	-0.0027380144	-0.0156388125	0.0185831384	0.0618922384	-0.0771698287	0.0263984767	0.0403801738	-0.0093086365	-0.0083558217	0.0054509965	-0.0203811319	0.022492049	-0.0145462773	-0.0316557835	-0.0530355624	-0.0090095366	0.0122163553	0.0019640692	-0.0298915896	-0.0279293338	-0.0331364529	-0.0336223856	0.0072626844	0.03625543	-0.0211440418	0.0428542574	-0.0702827132	0.0122932448	-0.0482738306	0.0167869997	-0.0503994112	0.0163283808	-0.030467593	0.0069722837	0.0190700069	-0.0096404673	-0.0116197369	-0.033447528	0.131762281	-0.0529117191	-0.0542787259	0.0625502853	-0.0472658378	-0.0048506087	-0.013324375	0.0071128372	0.0026268909	0.0844155029	-0.0309238657	-0.0356793036	-0.0050765193	0.0034656557	-0.0181242282	0.0807767127	0.0412886932	0.0694798138	-0.0051185705	0.0073814199	-0.0305527749	0.0667804257	-0.0610884933	-0.0285455902	-0.0375506265	0.016507443	-0.0322717193	-0.0192284535	-0.0098431191	0.0487076622	-0.0204106685	0.0098659212	-0.0033480073	0.0371929671	-0.0525037349	-0.0130443602	0.0107043957	0.0130335967	-0.0330730599	0.0170418544	0.0138450099	-0.0367308837	0.0060794468	-0.0560786414	-0.0347618785	0.0238677778	0.0350162597	0.0011067004	-0.0334335625	-0.048920189	-0.0365274207	-0.0033178403	0.0317825624	0.0487702262	0.0379639583	0.005522202	-0.0300666323	-0.0485206286	-0.0393229378	-0.0077152822	0.0282892778	0.0481719062	0.0406015827	0.0098926005	-0.02645413	-0.0477247713	-0.0417972809	-0.0120497088	0.0245649379	0.0471801374	0.0429075896	-0.0351044	-0.0118185	0.00013967694225	0.00123231889936	-0.968807	0.071703	0.938587003249	0.005141320209	0.0171987	-0.0010016999999999	1.0034028899999954e-06	0.00029579528169	-0.0103418	0.001305	0.00010695282724	1.7030250000000016e-06	0.00328775	-7.046000000000005e-05	1.08093000625e-05	4.964611600000008e-09	9.02912e-05	-0.0003823458	8.152500797439998e-09	1.4618831077763998e-07	0.0	0.0	0.0	0.0	0.0	0.0	0.0	0.0	0.0	0.0	0.0	0.0	0.0	0.0	0.0	0.0	0.0	0.0	0.0	0.0	0.0	0.0	0.0	0.0	0.0	0.0	0.0	0.0	0.0	0.0	0.0	0.0	0.0	0.0	0.0	0.0	0.0	0.0	0.0	0.0	0.0	0.0	0.0	0.0	0.0	0.0	0.0	0.0	0.0	0.0	0.0	0.0	0.0	0.0	0.0	0.0	0.0	0.0	0.0	0.0	0.0	0.0	0.0	0.0	0.0	0.0	0.0	0.0	0.0	0.0	0.0	0.0	0.0	0.0	0.0	0.0	0.0	0.0	0.0	0.0	0.0	0.0	0.0	0.0	0.0	0.0	0.0	0.0	0.0	0.0	0.0	0.0	0.0	0.0	0.0	0.0	0.0	0.0	0.0	0.0	0.0	0.0	0.0	0.0	0.0	0.0
53628.65482517062	-56.50736595389753	2876032618.357296	3193.0824070476983	64707.03525927734	-717.6446474609402	4187000412.045361	515013.8400293371	54250.34465100641	-86.96176672811998	2943099894.75298	7562.348872475955	54377.13450545611	51679.08541529271	2.006382	45.96394	0.21878274	0.131163	0.0232575571	-0.1191928198	0.0115189747	-0.0016942221	0.0047156458	0.0943800185	-0.0341811695	0.0075928255	-0.0473198664	-0.0074434455	-0.0306923315	0.010130744	0.085384946	0.0588457631	0.0363532482	0.056365183	0.0347772088	-0.0455295697	0.0278701586	-0.0547167736	-0.0498667837	-0.0071963186	0.0124662986	0.0662983524	-0.0717861997	0.0713718677	0.0593140219	-0.0369267601	0.0016180755	-0.0603744953	-0.0294364981	-0.0216066502	-0.127383516	-0.0062397009	-0.0217056914	-0.0248965391	-0.0345660652	0.0384641132	0.0321018614	-0.0392292841	0.011637252	0.0377241463	0.0291041491	-0.0155869256	0.0399848917	-0.0405238702	-0.0311790706	-0.0107714017	0.0441928445	-0.0133427201	0.0356809915	-0.0037346088	0.0293222827	-0.0354421035	-0.0136093963	-0.0220549648	0.0207547643	-0.0579386096	-0.0057523911	-0.0311070757	0.0571993408	0.0186147305	0.0838062346	-0.0017306329	-0.0012297895	-0.0108288244	0.0106405833	-0.0064361173	0.0196836168	-0.0648643277	0.0091897166	-0.0331762709	0.007257064	-0.0212837992	0.0013838017	-0.0629997656	0.0055364166	-0.0509304562	0.0238721774	-0.0597281059	0.045683078	-0.0362947857	-0.0071119282	-0.0274822397	0.0019642919	-0.0076129675	0.0274079746	0.0437884952	-0.0490287033	0.0036975561	-0.0480760926	-0.0110668239	-0.0038261954	0.018278136	0.0263818931	0.0453549456	0.0221317934	-0.0374883804	-0.0497900954	0.0128062208	0.0340077297	0.0088745666	0.0020458169	-0.0030266981	0.0229179805	0.047324916	0.0016873101	-0.0066549945	-0.0684000388	0.0270365609	-0.0016319029	-0.0443022499	-0.0440178415	-0.0256574142	0.0525855807	0.0521415617	0.0010563233	-0.0135299157	0.0471573019	0.0893085236	-0.0686939645	-0.0665144189	-0.0391501991	0.0038097935	-0.0659261663	-0.0101057404	-0.0342233425	-0.1164193088	-0.0024625801	-0.0232086783	-0.0334248537	0.0264613411	0.0347208344	0.0409386253	0.0378482724	-0.0132984216	-0.0253513295	-0.0190187281	0.0418115144	-0.0265816952	0.0451760007	0.0274153168	0.0184857887	-0.0375345397	0.0161570201	-0.0323434548	-0.0010181333	-0.0327670978	-0.034388312	-0.0072720451	0.0205814686	0.0389246123	-0.035394671	-0.0259088955	-0.0155114283	-0.0689284029	-0.0542439955	-0.0585055967	0.0308693989	0.005170043	0.0178568842	0.0126724879	-0.010509186	-0.040922224	-0.0626398156	0.0123130728	0.0261998951	0.0244644367	-0.0399968904	0.0027454038	-0.0602031786	-0.0248186267	0.0413076328	0.0394282943	-0.0376963795	0.0175499632	-0.0646114942	-0.0053382974	-0.0314624985	0.0122133488	0.002316638	0.0088152359	-0.0534365686	-0.0441363086	0.0343639575	-0.0427734337	-0.0097834827	0.0181415971	0.0095613116	-0.0368212442	0.0674670217	-0.004348414	0.0040837074	-0.050402488	0.0150480096	-0.014132574	-0.0089758746	-0.023441569	-0.0125347995	0.0388439245	-0.0396303191	0.0295432833	-0.0628065915	-0.0296137607	0.0286558744	-0.0280414876	-0.0174099764	-0.0270628572	-0.0566319807	-0.0287397586	-0.0456329695	0.0118383404	-0.0243826323	-0.0191486451	-0.005966272	0.0043208904	0.1023975536	-0.0872629614	-0.0440454059	-0.0309747083	-0.0844333095	-0.0057252146	0.0527373485	-0.0407240648	-0.0884335085	-0.0338420589	0.0651853117	0.0331002017	0.0091145678	0.020633272	-0.011964278	-0.0305376454	0.0348870569	0.0007378352	-0.0338357689	-0.0489479767	-0.0359066654	-0.0022128355	0.032753756	0.0488812951	0.0368936684	0.0036858265	-0.0316420006	-0.0487702262	-0.0378471697	-0.0051554705	0.0305015125	0.0486148711	0.0387663036	0.006620433	-0.0293333271	-0.0484153707	-0.0396502352	-0.0080793838	0.0281385053	0.0481719062	0.0404981621	-0.020898	0.0142064	0.00020182180096	0.000436726404	-1.08354	-0.1147329999999999	1.1740589316	0.0131636612889999	0.076196	0.0589973	0.00348068140729	0.005805830416	-0.0102047	0.0001370999999999	0.00010413590209	1.8796409999999828e-08	0.00371359	0.00042584	1.3790750688100002e-05	1.813397056000002e-07	0.000144272	5.398080000000001e-05	2.0814409984e-08	2.913926768640001e-09	0.0	0.0	0.0	0.0	0.0	0.0	0.0	0.0	0.0	0.0	0.0	0.0	0.0	0.0	0.0	0.0	0.0	0.0	0.0	0.0	0.0	0.0	0.0	0.0	0.0	0.0	0.0	0.0	0.0	0.0	0.0	0.0	0.0	0.0	0.0	0.0	0.0	0.0	0.0	0.0	0.0	0.0	0.0	0.0	0.0	0.0	0.0	0.0	0.0	0.0	0.0	0.0	0.0	0.0	0.0	0.0	0.0	0.0	0.0	0.0	0.0	0.0	0.0	0.0	0.0	0.0	0.0	0.0	0.0	0.0	0.0	0.0	0.0	1.0	0.0	0.0	0.0	0.0	0.0	0.0	0.0	0.0	0.0	0.0	0.0	0.0	0.0	0.0	0.0	0.0	0.0	0.0	0.0	0.0	0.0	0.0	0.0	0.0	0.0	0.0	0.0	0.0	0.0	0.0	0.0	0.0
53809.76724315189	181.11241798126864	2895491050.7621818	32801.70794702177	65398.68171972656	691.6464604492212	4276987570.678097	478374.8262519361	54365.03090621978	114.686255213368	2955556585.434232	13152.937134865777	54485.1721054353	54848.08269296621	2.044992	46.848465	0.3931321999999999	0.215965	-0.005577327	-0.0402644151	-0.0920985438	-0.0024539561	-0.0059910441	-0.0238858254	-0.0663982037	-0.0051407099	-0.0875378665	0.0229916705	-0.0481853604	0.0012495861	-0.001225979	-0.006351016	-0.0265565731	0.0238794899	-0.0400455444	-0.0629824173	-0.0081597342	-0.0404249925	0.0229287176	0.0052809018	-0.0418634019	0.0038827956	0.0120522361	0.0403744418	0.0329427339	-0.0009745038	-0.011729005	-0.0013545098	0.0111110673	0.0407224954	0.0220439913	-0.0144876416	-0.0340583109	0.0228769238	-0.0200394165	0.0254670327	-0.1062220112	-0.0261403676	-0.026370398	0.0202330587	0.0054762664	0.0094764838	0.0476388695	-0.0348936874	0.0138489226	-0.007110841	-0.0135413871	0.0764587706	-0.0147422555	0.0297749101	-0.0084605064	0.0254814669	0.0257147962	0.0631071077	-0.017055965	0.0103110159	-0.0404328116	0.0235689613	-0.003807637	-0.0142549388	0.0711619394	-0.0445366732	-0.0090764044	-0.0029934754	-0.0414427679	-0.0091238163	0.0023008149	-0.0215134642	0.0099165652	-0.021171444	0.0372610499	0.055754691	0.046469259	0.0086850402	-0.0788054716	-0.0100227266	-0.0037031977	-0.0126329953	0.0196426348	-0.0410178026	-0.0102384302	0.014160812	-0.075378607	0.0131673977	0.0058979114	-0.0044048495	-0.0128759843	-0.0813870413	-0.0017492214	-0.0252794459	-0.0167576792	-0.0132086204	-0.0416447016	-0.0525956343	0.0493433565	-0.0034766116	0.0133404417	-0.054263771	-0.0042888486	0.0157996708	-0.0098194405	0.0694193174	-0.0052320517	-0.0239328635	0.0570408522	0.0070101085	0.0064620083	0.0319387528	-0.0249928113	0.0277706432	-0.0614277769	0.008289754	0.0440839004	-0.0201232649	-0.0060197939	0.0460724722	0.0083274241	-0.0064372052	-0.0404552709	-0.0324034448	-0.001461011	-0.0124662112	0.0008171079	0.0018722704	0.0434798871	0.0139355268	-0.0185706054	-0.034446892	0.0241830457	0.0227817124	0.0241128114	-0.1013816606	0.0134957288	0.0111187668	-0.0265497616	-0.0229930786	0.0152100602	-0.0491662141	0.0471350779	-0.0248679351	0.0042972286	0.0168954122	-0.0732988257	0.0073610307	-0.0167525929	0.036415066	0.0374360163	-0.0172658607	-0.0572611842	-0.0403653222	0.0126995652	-0.0329727986	-0.0256521104	0.0243473272	-0.0015223663	-0.0635418102	0.0507774667	-0.0042443606	0.002002188	0.0390997859	0.02522261	-0.0051305886	-0.016552561	-0.0018651825	0.0113295935	0.0229082738	0.0599155368	0.0359928405	0.0207086676	-0.0844666849	0.0165587005	0.0056672319	-0.0165876804	-0.015989923	-0.0482668054	-0.0132337267	-0.007008065	-0.0634871166	0.0048016888	-0.0210484326	-0.0490575738	-0.0577305061	-0.0353284736	0.0213324064	-0.0324643111	-0.0311304106	0.0132591544	0.0467863589	-0.0261154414	0.055667724	-0.0026121308	0.0164476679	-0.0076250044	0.0584815018	0.0154710136	-0.0650995112	0.0248537548	0.0074679934	0.0356423216	0.0510440731	0.0201550121	-0.0095635831	-0.0348799776	-0.0119057578	0.0427480363	-0.0370506402	-0.0947127833	-0.0147619526	-0.0461860137	0.0108703994	-0.0501558395	0.0074071265	-0.0093315516	0.0266800824	0.0080353264	-0.0126969871	0.0160861623	0.034783449	-0.0028094393	0.0474772349	-0.0145386363	0.0435156573	0.0087379958	-0.0287437484	0.0137073928	0.0076751098	0.0196006474	-0.0264234352	-0.0302583845	-0.0301930054	0.0347573591	0.0003689281	-0.0342336544	-0.0489646519	-0.0352731729	-0.0011067004	0.0337021777	0.0489479767	0.0357809787	0.0018442215	-0.0331630496	-0.048920189	-0.0362806612	-0.0025813239	0.0326163926	0.0488812951	0.036772107	0.0033178403	-0.0320623308	-0.0488313037	-0.0372552045	-0.0040536034	0.03150099	0.0487702262	0.0377298441	-0.0347807	-0.0138826999999999	0.0001927293592899	0.0012096970924899	-0.926135	0.1574049999999999	0.857726038225	0.0247763340249999	-0.0330118	-0.1092078	0.0119263435808399	0.00108977893924	-0.00913506	0.00106964	8.34493212036e-05	1.1441297296000004e-06	0.00266605	-0.00104754	7.1078226025000006e-06	1.0973400516e-06	0.000279826	0.000135554	7.8302590276e-08	1.8374886916e-08	0.0	0.0	0.0	0.0	0.0	0.0	0.0	0.0	0.0	0.0	0.0	0.0	0.0	0.0	0.0	0.0	0.0	0.0	0.0	0.0	0.0	0.0	0.0	0.0	0.0	0.0	0.0	0.0	0.0	0.0	0.0	0.0	0.0	0.0	0.0	0.0	0.0	0.0	0.0	0.0	0.0	0.0	0.0	0.0	0.0	0.0	0.0	0.0	0.0	0.0	0.0	0.0	0.0	0.0	0.0	0.0	0.0	0.0	0.0	0.0	0.0	0.0	0.0	0.0	0.0	0.0	0.0	0.0	0.0	0.0	0.0	0.0	0.0	0.0	1.0	0.0	0.0	0.0	0.0	0.0	0.0	0.0	0.0	0.0	0.0	0.0	0.0	0.0	0.0	0.0	0.0	0.0	0.0	0.0	0.0	0.0	0.0	0.0	0.0	0.0	0.0	0.0	0.0	0.0	0.0	0.0
53752.191901342536	-57.57534180935181	2889298134.1987543	3314.9199844636946	65157.43311523437	-241.24860449218977	4245491090.1662407	58200.88916942901	54343.503298023454	-21.52760819632385	2953216350.702286	463.43791465443	54469.96266948144	54122.92312265372	1.229241	28.160532	0.2654281999999999	0.145788	0.0019999091	-0.0650817554	-0.0615251144	0.0121722741	-9.8492e-05	-0.0072336633	-0.0545611162	-0.0121152665	-0.0463809254	-0.0237823507	-0.0091247524	-0.0316453723	0.064773506	0.067706662	0.0606501834	0.041504938	0.04053846	-0.0768694438	0.0201156609	-0.0032566335	-0.0604115675	-0.0068863121	0.0004737563	0.0039573127	-0.0456054449	0.024338848	0.0278547578	0.0335672071	-0.0380817448	-0.0208197986	-0.0061438217	-0.0020610324	-0.0233200387	-0.0558041467	0.0270187356	-0.1156380476	0.0189554918	-0.0147068756	0.0278041212	-0.07888133	-0.0322891724	0.0717203783	0.0615855382	0.0251103645	-0.0184201404	0.0185182987	0.0092225421	0.0542003419	-0.0017960693	-0.024740032	0.0064558071	0.030204221	-0.0197959505	0.0398907109	0.0448794835	0.039059087	0.0031860183	-0.0740899082	-0.0354035412	0.024943972	0.0594494271	-0.0527870422	-0.0138410913	-0.0028795027	0.0271781691	0.0101716088	0.0159204432	0.02858858	0.0053571955	-0.0219977299	0.0039512539	-0.0665916428	-0.0015172179	-0.0491443577	0.0053905232	0.0705694081	-0.0113834677	0.0405983877	0.0234080622	0.0066242031	0.0062084041	0.0062722621	0.0269669939	-0.0183339111	0.0761452089	-0.0039479812	0.0425305594	0.0165854076	-0.0108785675	0.0567876008	-0.0104308768	-0.0644579854	-0.0056347073	0.0176348359	0.0192403635	-0.0008418857	-0.0058986357	-0.0245563686	0.0386611821	0.0335091417	-0.0363127066	0.0101355533	0.0225323753	0.0346975956	0.0444303209	0.0478619097	0.0100174413	0.0399210989	-0.0116751234	0.0010394231	0.0202675934	-0.0167377152	-0.0772117271	-0.0138924162	0.0022665574	0.0618544609	0.0038121207	-0.0035210457	-0.0050956227	0.0420019182	-0.0261631295	-0.032436431	0.0387543566	-0.0271353134	-0.0233058443	-0.0030262552	-0.0007398581	-0.0262983728	-0.0481360407	0.0303185239	-0.1217298159	-0.0212838705	-0.0147166321	0.017998426	0.0757052237	0.0312764518	-0.0778077603	0.0314118096	0.061914116	0.0128567855	-0.0227846201	0.006994418	-0.0381949933	-0.0006808722	0.0094511349	-0.0144599298	-0.0041069578	0.0248395088	0.0454688796	-0.0132750126	-0.085834942	0.010823	-0.0317402929	-0.053126405	-0.0488515626	-0.0625048172	0.0305676249	-0.007978591	-0.028339107	0.0177849416	-0.0004292084	-0.0153991372	-0.0287293904	0.0076987346	-0.0066051064	0.0041082903	0.0646643368	0.0300917353	-0.0321851341	0.0108840684	0.0755397797	0.0193585965	-0.0351522808	0.0283354512	0.0239668272	0.0043839746	0.0077338064	0.0288924916	0.0108476414	0.0678011219	-0.0138255428	0.0634311393	0.0222310273	0.014873847	0.0401145907	-0.0376645272	-0.0222512615	0.0139608647	0.0386012008	-0.0149398542	-0.0123143828	0.0034956591	0.0663140828	0.0091372238	0.0089380429	-0.041405985	0.0101082164	-0.0314471145	-0.0041504212	0.0438858625	-0.0145981323	0.0219695771	-0.0286333923	0.0452976376	0.0017406206	-0.0006695225	-0.018989732	-0.0347713413	-0.0788991247	-0.0319087739	-0.0454924266	0.0080428549	-0.0301414015	-0.029932647	0.0206381573	0.0044175396	0.0640786875	-0.0184371186	-0.0237665352	0.022680605	-0.0554355769	-0.0259035853	0.0055017866	-0.0460513297	-0.013304094	-0.0056453055	0.0288914081	0.0456501509	0.0417825023	-0.0300727249	-0.0207619309	-0.0301439334	0.0346271681	0.0	-0.0346271681	-0.0489702107	-0.0346271681	-0.0	0.0346271681	0.0489702107	0.0346271681	0.0	-0.0346271681	-0.0489702107	-0.0346271681	-0.0	0.0346271681	0.0489702107	0.0346271681	0.0	-0.0346271681	-0.0489702107	-0.0346271681	-0.0	0.0346271681	0.0489702107	0.0346271681	-0.0350169	-0.0002361999999999	5.579043999999949e-08	0.0012261832856099	-1.01328	-0.0871449999999999	1.0267363584	0.0075942510249999	0.0148973	0.0479091	0.00229528186281	0.00022192954729	-0.0107514	-0.0016163399999999	0.00011559260196	2.612554995599997e-06	0.00340872	0.00074267	1.16193720384e-05	5.515587289e-07	0.000523574	0.0002437479999999	2.74129733476e-07	5.9413087503999985e-08	0.0	0.0	0.0	0.0	0.0	0.0	0.0	0.0	0.0	0.0	0.0	0.0	0.0	0.0	0.0	0.0	0.0	0.0	0.0	0.0	0.0	0.0	0.0	0.0	0.0	0.0	0.0	0.0	0.0	0.0	0.0	0.0	0.0	0.0	0.0	0.0	0.0	0.0	0.0	0.0	0.0	0.0	0.0	0.0	0.0	0.0	0.0	0.0	0.0	0.0	0.0	0.0	0.0	0.0	0.0	0.0	0.0	0.0	0.0	0.0	0.0	0.0	0.0	0.0	0.0	0.0	0.0	0.0	0.0	0.0	0.0	0.0	0.0	0.0	0.0	0.0	0.0	0.0	0.0	0.0	0.0	0.0	0.0	0.0	0.0	0.0	0.0	0.0	0.0	0.0	0.0	0.0	0.0	0.0	0.0	0.0	0.0	0.0	0.0	0.0	0.0	0.0	0.0	0.0	0.0	0.0
53780.16546229847	27.97356095593568	2892306197.152201	782.5201125554493	65581.18835449219	423.75523925781454	4300892265.987382	179568.50279844765	54449.81940488244	106.3161068589834	2964782833.224312	11303.114577650778	54581.63458443595	55360.92789861506	1.288606	29.520508	0.1501230499999999	0.0761808	-0.0057481834	-0.0505524581	-0.0840341844	0.0055745995	-0.0114510789	-0.0185345342	-0.0534592716	0.0365442264	-0.1095340846	0.0119997394	0.0433001121	-0.0345536953	-0.0076302171	0.0239054347	0.025877055	0.02997209	-0.0490838393	-0.1132165695	0.0363182853	-0.0238296389	0.0076557787	-0.000738717	0.0095452453	-0.0344095127	0.0473585223	0.0019009245	0.0397122463	-0.0261846608	-0.063533792	-0.0152830956	-0.0018317432	0.0604427958	0.0290628584	0.0216093774	-0.0412183072	0.0183848398	-0.0285088611	-0.0405440111	-0.060203826	-0.0233556372	0.0358642581	0.0283757029	-0.0441194422	0.0187885843	0.0485854045	0.0441435245	-0.0317106905	-0.1257517012	-0.0821782641	0.0062030895	0.0407616595	-0.0191838511	-0.031427286	0.0154077985	0.0932176668	0.0298889054	0.0734157289	0.0358156475	0.0213172419	-0.019291012	0.01880108	-0.0002985161	0.0532995682	-0.00634969	-0.0002972046	-0.0684075422	-0.0049784325	0.0032632616	-0.0375486131	0.0020258968	0.0335120931	0.0209356185	0.0137647984	0.0552211089	-0.0448084376	-0.0319560847	-0.0159718036	0.0052702596	-0.0221455046	-0.034021421	-0.0607618278	-0.0007262346	0.0567745435	-0.0294093723	-0.0157734083	0.0115345515	-0.0239245064	0.0079761362	-0.0229255239	0.0508273297	0.0345629431	-0.0310266228	-0.0285277158	-0.0438016266	0.0154250046	-0.002602699	0.0111335134	0.0076017602	0.0127287872	-0.0374208534	-0.0248874331	-0.0409356156	0.0179993311	0.0024656089	0.0381060035	0.0381309688	0.0281627726	0.0386286807	-0.0049125518	0.0469526254	0.0517024736	0.0192177118	-0.1147576126	-0.0342933336	0.0250739046	-0.0057639209	-0.0018846733	-0.0074777783	-0.0113033743	-0.053358028	-0.0055711244	-0.0345607157	-0.0124014887	-0.0656322615	-0.025018878	-0.007159871	0.0624192768	0.0190529279	0.0218377155	-0.0399384666	0.0200775766	0.0342592675	-0.0296986067	-0.0632129489	0.0074465524	-0.046681074	-0.0420388409	0.02166999	-0.0379773143	-0.0677931953	-0.0221588057	-0.0322812198	0.1158390818	0.0974786384	0.0170223253	-0.0004422305	0.0842386017	0.0415680391	0.0410249752	-0.0672924988	-0.0069760063	-0.0080744267	-0.0661031068	0.0396800515	0.0140095118	-0.0040438645	-0.0140169886	-0.0411732609	0.0355214163	-0.007334884	0.0760346435	0.00331092	0.0070865326	0.0331746635	-0.0129002316	-0.0224952719	-0.0132665351	-0.0182602493	0.0477720449	-0.0484295219	-0.0377826113	-0.0278597777	-0.0253963841	0.0263609323	-0.0202896192	-0.0482408833	0.0454759014	0.0376111603	-0.0211001	-0.008006975	0.0373519305	-0.0232845161	0.0123383357	0.0157155897	0.0422639168	-0.023257585	0.0065062553	-0.0707835522	0.013760356	-0.0127923884	0.0022208145	0.0040124919	0.0135910114	0.0187168889	0.0204222234	0.0409891882	0.0389783723	0.0074127373	-0.0099206031	0.0328398412	-0.0274192248	0.0432028871	-0.0186338661	0.0445871346	-0.0372111588	0.0343323887	-0.0265730809	-0.0464537095	-0.0969636372	-0.0273018012	-0.0521050359	0.0086363179	-0.0339697801	-0.0268483164	-0.0110936243	0.0347507986	-0.027857816	-0.026492957	0.0338415117	0.0255269609	0.0004807794	0.0818448019	-0.0133363835	0.0250737795	0.0313173675	0.0049114849	0.0235233025	0.0517171114	0.0657416888	-0.0186779132	-0.0438246461	-0.0742048389	0.0344964857	-0.0003689281	-0.0350162597	-0.0489646519	-0.03396888	0.0011067004	0.035528084	0.0489479767	0.0334335625	-0.0018442215	-0.0360318425	-0.048920189	-0.0328906545	0.0025813239	0.0365274207	0.0488812951	0.0323402795	-0.0033178403	-0.0370147062	-0.0488313037	-0.0317825624	0.0040536034	0.0374935883	0.0487702262	0.0312176297	-0.0347683	0.0002485999999999	6.180195999999734e-08	0.00120883468489	-0.96682	0.0464599999999999	0.9347409124	0.0021585315999999	-0.0118913	-0.0267886	0.00071762908996	0.00014140301569	-0.0101245	0.0006268999999999	0.00010250550025	3.930036099999996e-07	0.00278477	-0.0006239499999999	7.7549439529e-06	3.893136024999998e-07	0.000241907	-0.000281667	5.8518996649e-08	7.9336298889e-08	0.0	0.0	0.0	0.0	0.0	0.0	0.0	0.0	0.0	0.0	0.0	0.0	0.0	0.0	0.0	0.0	0.0	0.0	0.0	0.0	0.0	0.0	0.0	0.0	0.0	0.0	0.0	0.0	0.0	0.0	0.0	0.0	0.0	0.0	0.0	0.0	0.0	0.0	0.0	0.0	0.0	0.0	0.0	0.0	0.0	0.0	0.0	0.0	0.0	0.0	0.0	0.0	0.0	0.0	0.0	0.0	0.0	0.0	0.0	0.0	0.0	0.0	0.0	0.0	0.0	0.0	0.0	0.0	0.0	0.0	0.0	0.0	0.0	0.0	0.0	0.0	0.0	0.0	0.0	0.0	0.0	0.0	0.0	0.0	0.0	0.0	0.0	0.0	0.0	0.0	0.0	0.0	0.0	0.0	0.0	0.0	0.0	0.0	0.0	0.0	0.0	0.0	0.0	0.0	0.0	0.0
53551.474045160525	-228.6914171379467	2867760372.4095016	52299.764272562345	65153.35594799805	-427.8324064941408	4244959791.286533	183040.56804656767	54336.86802806153	-112.95137682090716	2952495227.098975	12758.013525738566	54469.273026804825	54369.17684722504	1.258675	28.834827	0.0814746999999999	0.0377813	0.0036585958	-0.0771548961	-0.0935326326	0.0007584668	-0.0247887035	-0.0244192151	-0.0341234305	-0.0447911989	-0.1103496523	0.0333772616	0.0078089702	-0.0291499958	0.0193831309	0.0578956955	0.0571460881	0.0478538554	0.0425644471	-0.0819556124	-0.0408214407	-0.006875914	-0.0313883559	0.0612988471	-0.0156859377	0.0056231805	-0.0351048153	-0.0389634543	0.0706189919	0.0134853057	-0.038327629	-0.0457337201	0.0165351413	0.1041939095	0.0168051136	-0.0369640355	-0.0093862232	-0.0055132889	0.0295545677	-0.0037346371	0.0046970074	0.0254630724	0.0311620231	-0.0036395833	-0.0105873013	-0.0596245688	-0.0049957952	0.0146200771	-0.0131710791	0.0559766116	-0.0046803391	-0.0012131254	-0.0156393256	0.0399702428	-0.0270671071	0.0438443669	-0.0065624882	0.0139827916	0.0167660656	0.024588127	-0.008256571	-0.0250117839	0.0373891173	0.0397735802	-0.0218581327	-0.0548174625	0.0908055946	0.0819553468	0.0104484547	-0.0507263632	0.0371794647	0.0167546292	-0.057752976	0.0033953437	0.0177025821	-0.0258453251	-0.0156620259	-0.0649596917	-0.0235120669	0.0101896675	-0.024500862	0.0092247216	0.0410029728	0.0275701205	-0.073320658	0.0151900013	-0.0014738172	-0.0131582059	-0.0337524442	0.0562015301	-0.0228189125	0.0684697487	-0.034343737	-0.0172178904	0.0403783245	-0.0391883938	-0.0510773069	0.0024321153	0.0226496406	-0.0075709923	0.0746606489	-0.0651092181	0.0226671672	-0.0009905374	-0.0137009498	0.0072045988	0.004848598	0.0235605475	-0.0210973422	0.022786392	-0.0148557041	-0.026806464	0.0513094956	-0.0035504525	-0.0810722029	0.0462919219	0.0062552593	0.031343595	-0.0600047113	0.0138641608	-0.0111553334	0.02962277	0.0380895018	-0.0700299716	0.0178915085	-0.0349725217	-0.048557685	-0.00680197	0.1044229167	0.012042542	-0.042567348	-0.0093295578	-0.0039014868	-0.0288688431	-0.0033167421	0.0074652363	-0.0261430022	-0.0298374471	0.0074937061	-0.040478985	-0.006503777	0.0004005868	-0.0395711731	0.0395331857	-0.0481129135	-0.0181379291	0.0032848103	0.0121146437	-0.0136335391	0.0547091234	0.0361222929	0.0223129792	-0.0035534415	-0.0145620886	-0.0035223261	0.0102770001	0.006355482	-0.0307053715	-0.0071053152	0.0237140017	0.0517323769	0.1030136119	-0.0773744199	-0.0417554093	0.0479621615	-0.0322313269	0.0276229762	0.0247670446	-0.0226203447	0.0500846899	-0.0298746555	-0.0228412009	-0.0423957975	-0.028926322	-0.0207348022	-0.0436470796	-0.0113875826	0.0411823904	-0.0197691663	-0.0553053447	-0.004809085	-0.0120368318	-0.0274042817	-0.0012794962	0.0112062164	0.0432036088	0.0571144498	-0.0758719981	-0.0193638868	-0.0017937892	-0.0584606737	0.0606145487	-0.0079760799	-0.0105434122	0.0523039601	0.0238001783	-0.0612506774	0.0647029697	0.0128662116	-0.0114330525	0.0144650126	0.0080231841	-0.0191234957	-0.0147600887	-0.0178926157	0.0328434784	0.0253509507	0.0215459075	-0.0388219825	0.0090532846	-0.1073877782	-0.0340109809	-0.055222269	0.0204282	-0.0477763466	0.0088536616	-0.0211110709	-0.0189507394	0.0161809165	0.0221857909	-0.0352765313	0.0006677587	-0.0674385027	-0.0565649449	-0.0225119248	0.03844608	0.0160929862	0.0070577337	0.0162778312	0.0653253181	0.0453567985	-0.0286606562	-0.0639491236	-0.0614153621	0.0343653138	-0.0007378352	-0.0354008796	-0.0489479767	-0.0332985423	0.0022128355	0.0364042993	0.0488812951	0.0322015336	-0.0036858265	-0.0373746616	-0.0487702262	-0.031075284	0.0051554705	0.0383110855	0.0486148711	0.0299208162	-0.006620433	-0.0392127206	-0.0484153707	-0.0287391785	0.0080793838	0.0400787482	0.0481719062	0.0275314438	-0.0361211	-0.0013528	1.8300678400000037e-06	0.00130473386521	-0.953304	0.0135159999999999	0.908788516416	0.0001826822559999	0.00154685	0.01343815	0.0001805838754225	2.3927449225e-06	-0.00955938	0.00056512	9.138174598439998e-05	3.1936061440000064e-07	0.00296461	0.0001798399999999	8.7889124521e-06	3.234242559999989e-08	0.000560302	0.000318395	3.1393833120400005e-07	1.0137537602500005e-07	0.0	0.0	0.0	0.0	0.0	0.0	0.0	0.0	0.0	0.0	0.0	0.0	0.0	0.0	0.0	0.0	0.0	0.0	0.0	0.0	0.0	0.0	0.0	0.0	0.0	0.0	0.0	0.0	0.0	0.0	0.0	0.0	0.0	0.0	0.0	0.0	0.0	0.0	0.0	0.0	0.0	0.0	0.0	0.0	0.0	0.0	0.0	0.0	0.0	0.0	0.0	0.0	0.0	0.0	0.0	0.0	0.0	0.0	0.0	0.0	0.0	0.0	0.0	0.0	0.0	0.0	0.0	0.0	0.0	0.0	0.0	0.0	0.0	0.0	0.0	0.0	0.0	0.0	0.0	0.0	0.0	0.0	0.0	0.0	0.0	0.0	0.0	0.0	0.0	0.0	0.0	0.0	0.0	0.0	0.0	0.0	0.0	0.0	0.0	0.0	0.0	0.0	0.0	0.0	0.0	0.0
53456.48900940434	-94.98503575618815	2857596217.212567	9022.157017604342	64870.89453320312	-282.4614147949251	4208232957.5379615	79784.45084795072	54196.49667364301	-140.37135441852297	2937260251.696197	19704.11714129059	54334.04081863999	53823.48428558746	1.159141	26.554619	0.09448636	0.0579393	0.0031557418	-0.072163489	-0.0894071925	0.0036347607	-0.0759692442	-0.017040625	0.0038866327	-0.0055511162	-0.1112651865	-0.0175363856	-0.0296251177	-0.0762620232	0.0655806711	0.062295766	0.0305368371	0.0444597029	-0.0321073771	-0.0781491691	-0.0306999447	0.0207202405	-0.0356947902	-0.0400235022	0.0548232602	-0.0040409072	-0.0263617681	0.019024578	0.0374497948	0.0367953567	-0.0277994491	0.0235271517	-0.0035068606	0.0308627998	-0.0472719691	0.0055197346	0.0057497912	-0.0827736198	0.0186690006	0.0521384018	-0.0482025291	-0.0172118267	-0.0222441437	0.0056966542	-0.0575093466	0.0195274239	-0.0115184426	0.0172766726	0.0558738476	0.0415485742	-0.011740671	-0.0158979846	-0.026241341	-0.0495606905	-0.0112492721	0.0096760889	0.0507621886	0.0140619322	0.0379968263	-0.0120339759	-0.0586932727	0.0627386967	0.0213491986	-0.0711455995	0.0293984696	0.0379717769	0.0234338403	0.0078210074	0.0174887961	-0.0002308387	-0.0304934864	0.0450748168	-0.033250501	-0.0186953337	-0.0075858805	0.0142431448	0.0306827237	0.0028923613	-0.041253708	0.0075888851	-0.0656841255	-0.0441543816	-0.018740773	0.0313682332	0.0370976555	-0.0548092146	-0.004514642	-0.1081945228	0.0204946242	-0.0103042502	-0.0036107811	0.0248341734	0.0201104963	0.0080676302	-0.0388635427	0.0448391548	-0.0400466898	-0.0441319096	0.0207497742	-0.0029287157	0.0044583165	0.0161159909	0.0135724324	-0.0738972205	0.0618864143	-0.050175724	-0.0154466929	0.0564128862	-0.0790845999	-0.0329494433	-0.0312670617	-0.0159310088	-0.0171104056	-0.0190980414	-0.078356031	0.035103454	-0.0188886357	0.0330642762	0.0385805784	-0.0585540253	-0.0021855793	0.0170912931	-0.0209425268	-0.0432911357	0.0386358133	-0.0202957786	0.0173345733	-0.0123602923	0.0288288323	-0.0533254791	0.0080766905	0.0024925908	-0.0794329009	-0.0246699858	0.0563409087	-0.0514443564	0.0175633275	0.0183894405	-0.0223918667	0.0075569559	-0.0629047049	0.0060396998	-0.0177439491	-0.0434357301	-0.0500151879	0.0070910948	0.0034498198	0.0447192792	0.0386400376	-0.0174027628	0.026916298	-0.0493554404	-0.0208592624	-0.0263082311	-0.023029042	-0.0521267758	-0.0577494577	-0.0029956951	0.01922306	-0.0531712311	-0.0580776498	-0.0014838873	0.0036076045	-0.0409679349	0.014181198	0.0382349595	0.0573002651	0.0200645623	0.0050239982	0.0128017524	0.0050665637	0.0284492806	0.0013227774	-0.0220136825	-0.0498172055	-0.0038181049	-0.0818170597	-0.01907818	0.0435771199	0.0421033245	-0.0392633789	0.0144269805	-0.0938902643	-0.018778111	0.0053409912	-0.0054320323	0.0045320729	-0.0032950124	0.0436724684	0.0180042477	0.0569198245	0.0356599613	-0.0087492023	0.0323809633	-0.0084143892	-0.0095210158	-0.0153217127	-0.0119606402	0.0704196091	0.0353300725	-0.0674704941	0.0013040007	-0.0633325863	-0.0594260576	-0.0518429247	-0.0430045265	0.0340899524	-0.0086989313	-0.0043963694	-0.0262704417	-0.109903729	-0.0324916632	-0.0594151442	0.0196183929	-0.0210124697	-0.0268629369	0.001122046	-0.0432381493	0.0308736011	-0.0463726946	0.0421235101	-0.0053273919	-0.0283104103	-0.0049195738	-0.0372284529	-0.0201361857	0.0038803133	-0.0242314609	0.0307999585	0.0509842507	0.0301677872	-0.035215831	-0.0450162418	-0.0737695792	0.0342336544	-0.0011067004	-0.0357809787	-0.048920189	-0.0326163926	0.0033178403	0.0372552045	0.0487702262	0.0309324975	-0.005522202	-0.0386533201	-0.0485206286	-0.029185409	0.0077152822	0.0399724692	0.0481719062	0.0273786964	-0.0098926005	-0.0412099568	-0.0477247713	-0.0255160508	0.0120497088	0.0423632548	0.0471801374	0.0236012772	-0.0316027	0.0045184	2.041593856000005e-05	0.0009987306472899	-1.00018	-0.046876	1.0003600324000002	0.002197359376	0.00645211	0.00490526	2.40615756676e-05	4.16297234521e-05	-0.0101096	-0.00055022	0.00010220401216	3.027420484000006e-07	0.00313964	0.00017503	9.8573393296e-06	3.0635500900000025e-08	0.000598786	3.848399999999998e-05	3.5854467379600005e-07	1.4810182559999982e-09	0.0	0.0	0.0	0.0	0.0	0.0	0.0	0.0	0.0	0.0	0.0	0.0	0.0	0.0	0.0	0.0	0.0	0.0	0.0	0.0	0.0	0.0	0.0	0.0	0.0	0.0	0.0	0.0	0.0	0.0	0.0	0.0	0.0	0.0	0.0	0.0	0.0	0.0	0.0	0.0	0.0	0.0	0.0	0.0	0.0	0.0	0.0	0.0	0.0	0.0	0.0	0.0	0.0	0.0	0.0	0.0	0.0	0.0	0.0	0.0	0.0	0.0	0.0	0.0	0.0	0.0	0.0	0.0	0.0	0.0	0.0	0.0	0.0	0.0	0.0	0.0	0.0	0.0	0.0	0.0	0.0	0.0	0.0	0.0	0.0	0.0	0.0	0.0	0.0	0.0	0.0	0.0	0.0	0.0	0.0	0.0	0.0	0.0	0.0	0.0	0.0	0.0	0.0	0.0	0.0	0.0
53391.31870755457	-65.17030184976466	2850632913.331667	4247.168243189439	64550.58586425781	-320.3086689453121	4166778135.41892	102597.64340151752	54178.992616280826	-17.5040573621809	2935363240.9150124	306.39202413851945	54318.90559771944	54027.07361822748	1.052986	24.122715	0.04156232	0.0231084	0.0019358117	-0.0776162775	-0.0930713979	0.0095529648	-0.0570559162	-0.0026822754	0.0007720854	0.0380782858	-0.1286583548	-0.0146387812	0.0235355894	-0.0500536347	0.0310704579	0.0530792494	-0.0257680664	0.0294144494	0.0122370806	-0.0890849157	-0.0351488768	0.0016014902	0.0077373298	-0.0655480341	0.0287508073	-0.0458762894	0.002499506	0.0030373135	0.0797615209	-0.0217479872	-0.0638397179	-0.0239207725	0.0101009152	0.0346688657	-0.0266978996	0.0080970002	-0.0239172194	-0.0214685995	0.0233125625	0.014225151	0.0311830855	-0.0064853077	-0.0572778285	-0.0005370378	0.0225009814	0.0171873514	0.0370502414	0.0161971358	0.0027102579	0.0169916793	0.0115871522	0.0486327651	0.026584783	-0.0386899476	-0.0121090378	-0.0029144793	0.0149702986	-0.0623211436	-0.0407115238	0.0299221781	-0.0245477898	-0.0068656346	0.0024926865	0.0253658582	-0.0430619993	0.0150354782	0.0440201441	-0.0299029823	-0.0201234838	-0.0091061433	-0.0253183197	0.0485837699	0.0218442747	-0.017039539	0.010299551	-0.0044983196	0.0264000118	0.0699625068	0.0536021074	0.0020973179	-0.0467095314	-0.0087534571	0.0351027216	-0.0481572322	-0.0127045895	-0.0103130403	-0.0345876368	-0.0552108508	-0.0510917059	0.0881685308	0.0005263708	-0.0103072077	0.0424325588	0.0606306196	0.0326747171	0.0275302311	0.0393466311	-0.0149054188	0.0284561892	-0.081481611	0.0187866206	0.0465479627	-0.000383816	0.061366954	0.0166278077	-0.0044264976	0.031209133	-0.0616646018	-0.0246122063	0.0018104583	-0.0178166218	-0.0257890605	0.0037200125	0.0001267068	-0.0884680324	0.0357962831	0.0029257723	-0.0120024805	0.0653796241	-0.0335910333	-0.0356234615	-0.0207741172	-0.0056435249	-0.077646975	-0.0096356458	-0.0677169169	-0.0318726713	0.00848855	0.0349607504	-0.0293480836	0.0065143557	-0.0233916335	-0.0181905996	-0.0256938858	0.013801611	0.0252359618	0.0096576558	0.0627100947	-0.0037177224	0.0178671113	0.0180387057	-0.0369130211	-0.0064341525	-0.0051113485	-0.0137860342	-0.0042182713	-0.0451326394	-0.0027998957	0.0484131094	-0.0111818355	-0.0010516296	-0.0172341343	0.0481019972	0.0296213898	0.0625058223	-0.0131455903	0.0185204235	-0.0081737135	-0.0006212659	0.0529207192	-0.0184020351	0.0313671031	0.0250496967	0.0007388511	0.0368998745	0.0256485866	0.0409569882	-0.0425724199	0.0176669486	0.0067671437	0.0049825077	0.023690944	0.0550434785	0.055817426	0.0178075638	-0.0277492009	-0.0225678757	-0.0408941455	-0.0606459365	-0.0062110367	-0.0193895013	-0.0263040593	-0.040470936	-0.0685923677	-0.054318105	0.0428157017	0.0557541263	0.0165386016	0.0531358578	0.04456235	-0.0227254668	-0.0311270688	-0.0023157126	0.0608546739	0.0712845852	-0.0364829382	-0.0017506491	-0.0349895073	-0.0618896261	0.0086650419	-0.0113662598	0.0089873209	0.076009941	-0.0179283011	-0.0172130358	-0.0069977637	0.0286839661	-0.0009969813	0.001920333	-0.0172527191	-0.1159770068	-0.039844941	-0.0697495848	0.0278221242	-0.0351395797	-0.0375089462	-0.0320533669	-0.0154516369	-0.0492875904	-0.0031888721	0.0140161506	0.0060241303	-0.0506064065	0.0271503311	-0.0354737026	-0.018173075	0.008546214	0.0032484522	0.02003229	0.0539453546	0.0340302153	-0.0629788503	-0.0271575408	-0.0408422328	0.0341015091	-0.0014755028	-0.0361565084	-0.0488812951	-0.0319226731	0.0044211503	0.0380802083	0.0486148711	0.0296279125	-0.0073507428	-0.039865623	-0.0481719062	-0.0272255606	0.0102536416	0.0415062691	0.047554009	0.0247243413	-0.0131193052	-0.0429961886	-0.0467634234	-0.0221333376	0.0159373271	0.044329971	0.0458030203	0.0194619585	-0.0373349	-0.0057322	3.285811684e-05	0.0013938947580099	-0.980755	0.019425	0.961880370025	0.000377330625	0.00317389	-0.0032782199999999	1.0746726368399998e-05	1.00735777321e-05	-0.0101096	0.0	0.00010220401216	0.0	0.00296417	-0.00017547	8.7863037889e-06	3.0789720900000025e-08	0.000511718	-8.706800000000004e-05	2.61855311524e-07	7.580836624000008e-09	0.0	0.0	0.0	0.0	0.0	0.0	0.0	0.0	0.0	0.0	0.0	0.0	0.0	0.0	0.0	0.0	0.0	0.0	0.0	0.0	0.0	0.0	0.0	0.0	0.0	0.0	0.0	0.0	0.0	0.0	0.0	0.0	0.0	0.0	0.0	0.0	0.0	0.0	0.0	0.0	0.0	0.0	0.0	0.0	0.0	0.0	0.0	0.0	0.0	0.0	0.0	0.0	0.0	0.0	0.0	0.0	0.0	0.0	0.0	0.0	0.0	0.0	0.0	0.0	0.0	0.0	0.0	0.0	0.0	0.0	0.0	0.0	0.0	0.0	0.0	0.0	0.0	0.0	0.0	0.0	0.0	0.0	0.0	0.0	0.0	0.0	0.0	0.0	0.0	0.0	0.0	0.0	0.0	0.0	0.0	0.0	0.0	0.0	0.0	0.0	0.0	0.0	0.0	0.0	0.0	0.0
53392.64466686438	1.3259593098046023	2850774504.522041	1.758168091257498	64926.08337011719	375.49750585937727	4215396301.783408	140998.37690661306	54261.10902933087	82.11641305004741	2944267953.092932	6743.105292205997	54401.97963063452	54100.6724387429	1.417441	32.471962	0.47425659	0.317326	0.0067337791	-0.0244361766	-0.0128398277	0.0240427131	-0.0285229997	-0.0303058896	0.0194230669	0.0013171391	-0.0233901088	0.0687130655	0.0330824179	-0.0320592916	0.006906842	0.0689235118	-0.088866	0.0236312467	0.1385767695	-0.0383798834	0.0094883292	-0.0106482237	0.0424469823	0.0589079917	0.0425100264	-0.0213580662	-0.0299878927	-0.0678682956	0.0863023133	0.0324221311	-0.016468471	0.0080954647	-0.009937895	0.0082097415	-0.0389118409	-0.0184373154	-0.0205502038	-0.0135632048	0.0176828684	0.0247360049	-0.0038694779	-0.0723768296	-0.0264053474	-0.0283775106	0.0269019854	-0.0429182035	0.0032954027	-0.0188480086	-0.0337241221	-0.0773488639	0.0857753942	-0.0015127359	-0.0110192317	-0.0483117897	-0.0130176985	-0.0304843453	-0.1206769358	0.0020245604	0.0077227674	-0.0325026057	-0.0055897944	-0.0745302805	-0.0327888154	0.0294402335	0.0369485206	-0.0145013862	0.0240401936	-0.0286992306	-0.1005397186	-0.0072596984	-0.0115582361	-0.0319352991	-0.0594044312	-0.0472151559	0.0071109604	-0.0305555288	0.0114010193	-0.0130548881	0.0413187847	0.011696489	-0.0221778412	0.0623722906	-0.0243071443	0.0131842911	0.0100107603	-0.0476349317	-0.0169062628	0.0212679432	0.0354049944	-0.0067251235	0.0027042561	-0.0626494117	0.0428627675	0.0165377748	0.0234102605	0.0783716543	0.0297479226	0.0030981052	0.047454181	0.0215569714	0.0044702712	-0.0553283951	0.0331606496	0.0736775816	0.0434334212	-0.0478031791	-0.0307098361	-0.0095685328	0.0056698154	0.0289547129	-0.0300360926	0.0111842975	0.0598376448	0.0148188788	-0.0393524093	-0.0074801819	0.0119879901	-0.0408347832	-0.0590339351	-0.0440438268	-0.0291225415	0.0089576079	0.0683358172	-0.0882854754	0.0288636991	-0.0147388933	0.0098265579	-0.0109442973	0.0057100355	-0.0376843185	-0.0161802555	-0.0204650695	-0.0142433172	-0.0197684506	0.0096700888	-0.0094070094	0.0756905608	0.0231722235	0.0327339356	-0.0492951344	0.0377036216	0.0010625305	0.0167144652	0.0079980379	0.0876295692	-0.0718216046	0.0111175942	0.0136355643	0.0012721293	-0.0595353149	-0.0779436604	0.1015723445	0.0186670943	-0.0152785105	0.0042708102	-0.0228774386	0.0682449207	0.0013169865	-0.0466948087	-0.0269372917	0.0209198537	0.034766881	0.0356017163	0.0839959979	0.0499429585	0.0268112872	0.002259768	0.0665806131	0.034661904	0.0440692156	-0.0277901798	0.013320052	-0.0111717193	0.0277537686	0.0067820425	-0.0604977243	0.0386577863	-0.0194897111	0.0304673245	0.0178767769	-0.0423618773	0.0039380722	0.0268639966	0.0044809387	-0.0178669644	-0.0374439613	-0.0089109549	0.0722443362	0.0177405368	0.0681997944	0.0333022237	-0.0065828364	0.0252699427	0.0419783749	-0.0086759852	0.0286736837	-0.0300108064	0.0517948244	-0.0809122506	-0.0013090779	-0.0446447093	-0.0308200636	-0.0205550433	0.0178034547	-0.0268650429	0.0104404137	-0.0057362815	0.0508030993	-0.0268092947	-0.0431579783	-0.0327088705	-0.0406673197	-0.0223046404	0.0099032591	0.0601199913	-0.0646124609	-0.0444093506	0.0243405548	-0.0527044229	0.0535138965	-0.0959711083	-0.0193976256	-0.0712167461	-0.0051108293	-0.0513683092	0.0049091514	-0.0295344642	0.0377125676	0.0648686907	0.1741630389	0.012947207	-0.0016664916	0.2529547014	-0.0028845668	0.03396888	-0.0018442215	-0.0365274207	-0.0488313037	-0.0312176297	0.005522202	0.0388787369	0.0484153707	0.0282892778	-0.0091688544	-0.0410094892	-0.0477247713	-0.0252004375	0.0127634908	0.0429075896	0.0467634234	0.0219686319	-0.0162857183	-0.04456227	-0.0455367808	-0.0186121956	0.0197155549	0.0459641431	0.0440518025	0.01515017	-0.0168361	0.0204987999999999	0.0004202008014399	0.00028345426321	-1.14623	-0.165475	1.3138432129000002	0.027381975625	0.00954308	0.00636919	4.0566581256100005e-05	9.107037588640002e-05	-0.015045	-0.0049353999999999	0.0002263520249999	2.435817316e-05	0.00299379	2.9620000000000167e-05	8.9627785641e-06	8.773444000000098e-10	0.00118497	0.000673252	1.4041539009e-06	4.532682555040001e-07	0.0	0.0	0.0	0.0	0.0	0.0	0.0	0.0	0.0	0.0	0.0	0.0	0.0	0.0	0.0	0.0	0.0	0.0	0.0	0.0	0.0	0.0	0.0	0.0	0.0	0.0	0.0	0.0	0.0	0.0	0.0	0.0	0.0	0.0	0.0	0.0	0.0	0.0	0.0	0.0	0.0	0.0	0.0	0.0	0.0	0.0	0.0	0.0	0.0	0.0	0.0	0.0	0.0	0.0	0.0	0.0	0.0	0.0	0.0	0.0	0.0	0.0	0.0	0.0	0.0	0.0	0.0	0.0	0.0	0.0	0.0	0.0	0.0	0.0	0.0	0.0	0.0	0.0	0.0	0.0	0.0	0.0	0.0	0.0	0.0	0.0	0.0	0.0	0.0	0.0	0.0	0.0	0.0	0.0	0.0	0.0	0.0	0.0	0.0	0.0	0.0	0.0	0.0	0.0	0.0	0.0
53564.52659640965	171.8819295452704	2869158509.4974766	29543.397704205297	64717.08972998047	-208.99364013671584	4188301703.118344	43678.34161759509	54249.74524752176	-11.363781809115608	2943034859.421009	129.1355370051868	54385.26859092531	54159.40929002638	1.884415	43.169815	1.0238592799999997	0.7607629999999999	0.015258429	0.1062013966	0.1226595341	-0.0091198674	-0.0389134884	-0.0100642425	0.0859043129	-0.0209245866	0.1415810404	0.0270496981	0.0303345755	0.0077399898	-0.058508524	-0.065018575	-0.0007459714	-0.0976428442	0.017996434	0.0745726734	0.0417586505	0.0096429971	0.0023214504	0.068532988	0.0173105035	0.0106445317	-0.0080383331	-0.020007124	-0.0851408152	0.0203512799	0.0385797471	-0.0176635797	-0.0037269305	-0.0779230902	0.0133911175	0.0020352499	0.0647352847	0.0196803079	0.0130490773	0.0399572159	-0.0335539947	0.0196929321	0.0178009948	0.0495454734	-0.0163081147	0.0022196466	0.0005809223	-0.127487897	-0.0408319335	-0.0214969212	0.0102819137	-0.0151314007	-0.0361904345	-0.0102520315	0.0582981062	0.0233021958	-0.011691837	-0.0318609063	-0.0910390791	-0.0326904613	0.0164401912	0.000996199	-0.0498070307	0.0070394945	-0.0101177367	0.0111884142	-0.0200996411	0.0094515735	-0.0393710631	0.0046163687	-0.0239276005	0.0293539812	-0.0206849971	-0.0328540537	-0.0283993206	-0.0170432358	-0.0018491916	0.0481630888	-0.0056253132	0.0144536346	0.0158616593	0.0282945357	-0.0616933956	-0.0481686767	0.0726100767	0.0302203735	-0.0551826371	0.0284012664	-0.0123329878	-0.0546270668	-0.0177022036	0.0582677905	0.0673410291	0.0487155477	-0.0342044598	0.0743583002	0.0552364637	0.019290857	-0.0390030587	-0.0018512711	-0.0458223589	-0.019933586	-0.0170888706	-0.0153822299	0.0106932696	0.0286396241	-0.0682717278	-0.0532436566	0.0615227828	0.0054791902	0.0481503424	-0.0216733157	-0.0657430606	0.0100795962	0.0721020101	-0.0405347632	-0.0153426795	0.0013858757	-0.0685971573	-0.0213238848	-0.0016290257	0.0141479778	0.0219266313	0.0873192456	0.0164923862	0.0401467044	-0.0071368666	0.0147032296	-0.0763513523	0.0270583774	0.0069301088	0.0630743699	0.0139365493	-0.0132151722	0.0312306961	-0.020790072	-0.0181560461	-0.0296304415	-0.0274441186	-0.047085707	-0.0035666619	0.0260888361	0.1394172861	0.0442860407	0.01638417	-0.0055774531	0.0195539476	0.0102449496	-0.0529085738	-0.0576354835	0.0177695268	0.0167869353	-0.0052051415	0.0521229394	0.0733347476	-0.0174494306	0.0192041985	0.0460858397	-0.0049924122	0.0148327598	-0.0099994053	-0.028664582	-0.007036524	0.0273343173	0.0153560874	0.0361551512	0.0305871506	0.0288956097	0.0298945367	-0.0179636621	-0.0098670067	-0.0020277161	0.0384945047	0.0010605274	-0.003436641	0.0372872123	0.0482673443	-0.0823600977	0.0183060415	0.0567316531	0.0395367969	-0.0538366587	0.0349098042	-0.0163500658	0.069552672	-0.0040462282	0.0075220167	0.0118724078	0.0976465333	0.0196130903	0.0651078382	-0.0518407262	0.0105836839	-0.028777534	-0.0341338249	-0.019529578	0.0483318904	0.0192592209	-0.0061460431	-0.0150816307	-0.0164611616	-0.0781575613	0.0288961676	0.0571131408	0.0655933553	0.0127756836	-0.0206000389	-0.033564802	0.0478896022	0.0352664335	0.1355116095	0.0695649776	0.1074872129	-0.0323969593	0.0640916612	-0.0087075301	-0.0153000595	-0.0505458259	0.0017461605	0.0003072658	-0.0411656896	-0.0812638168	0.0361874095	-0.0288617175	0.0358308944	0.0158706898	-0.0493477392	-0.0043440291	0.0045120941	0.0388519922	-0.0025676329	0.1421538436	0.0958148583	0.0428826358	0.0338357689	-0.0022128355	-0.0368936684	-0.0487702262	-0.0305015125	0.006620433	0.0396502352	0.0481719062	0.026918132	-0.0109739574	-0.0420829549	-0.0471801374	-0.0231148951	0.015237851	0.044171958	0.0458030203	0.019122865	-0.019377288	-0.0459001824	-0.0440518025	-0.014974647	0.023358459	0.0472535125	0.0419407874	0.0107041222	-0.00493474	0.01190136	0.0001416423698495	2.43516588676e-05	-1.47699	-0.3307599999999999	2.1814994601	0.1094021775999999	0.0122135	0.0026704199999999	7.131142976399999e-06	0.00014916958225	-0.0278625	-0.0128174999999999	0.0007763189062499	0.0001642883062499	0.00276822	-0.00022557	7.6630419684e-06	5.088182490000002e-08	0.00171245	0.0005274799999999	2.9324850025e-06	2.782351503999999e-07	0.0	0.0	0.0	0.0	0.0	0.0	0.0	0.0	0.0	0.0	0.0	0.0	0.0	0.0	0.0	0.0	0.0	0.0	0.0	0.0	0.0	0.0	0.0	0.0	0.0	0.0	0.0	0.0	0.0	0.0	0.0	0.0	0.0	0.0	0.0	0.0	0.0	0.0	0.0	0.0	0.0	0.0	0.0	0.0	0.0	0.0	0.0	0.0	0.0	0.0	0.0	0.0	0.0	0.0	0.0	0.0	0.0	0.0	0.0	0.0	0.0	0.0	0.0	0.0	0.0	0.0	0.0	0.0	0.0	0.0	0.0	0.0	0.0	0.0	0.0	1.0	0.0	0.0	0.0	0.0	0.0	0.0	0.0	0.0	0.0	0.0	0.0	0.0	0.0	0.0	0.0	0.0	0.0	0.0	0.0	0.0	0.0	0.0	0.0	0.0	0.0	0.0	0.0	0.0	0.0	0.0
53490.817306308665	-73.70929010098189	2861267536.0968904	5433.059447190707	64135.26313452148	-581.8265954589879	4113331977.334311	338522.1871833967	54223.595593568665	-26.14965395309264	2940198319.094879	683.8044018664934	54357.41948516294	54145.484281148536	1.128304	25.848175	0.2051682699999998	0.124199	0.0154517193	0.1031854686	0.0938554775	-0.0178943172	-0.0191571855	-0.0368652499	0.1066291933	-0.0212372233	0.0617075223	-0.0253033503	0.0226077952	0.0102057682	-0.0702535038	-0.0587444479	0.029704101	-0.0688049885	-0.0770443429	0.0479854496	0.0131475068	0.0697334725	-0.0393042946	0.0431789289	-0.0037119503	-0.0566356655	0.0199823318	-0.0101492919	-0.1103980532	-0.0435070997	0.0890016734	0.0669464018	0.0220519732	-0.046625447	0.0051173752	0.0178912696	-0.0326538254	-0.0236936419	0.0051782368	-0.0060023349	-0.025253897	0.0231077137	0.0443234405	0.0106616894	0.076523534	0.0205620725	-0.0650901779	-0.0265193245	-0.03258696	-0.0654927914	-0.0632295162	0.0161628911	0.0005315622	0.0308011856	0.036291792	0.0146701015	-0.0341203372	0.0053865118	-0.0191489183	0.0062197371	0.0061558336	-0.0130326171	-0.0514021831	0.0072385807	0.0148625294	0.0688702913	-0.0035423529	-0.0038968196	-0.0105487778	0.0348439386	-0.0363828695	-0.0248898875	-0.0231202157	0.0213978525	0.0037119175	-0.0120408855	-0.0294845615	0.0183170388	-0.0065124971	0.0609427115	0.0123958325	0.0595205576	0.0058257361	0.0141041713	0.0368054255	0.0373970635	-0.045761287	-0.0078435569	-0.0024253362	0.0473723783	-0.037758624	-0.0165808383	-0.0594710119	-0.0290403068	-0.0270112399	0.0366900965	0.0202569114	-0.0627754607	-0.0714733223	0.0438900307	0.0092417282	0.0172191095	-0.0787265167	0.0141054956	-0.0117408783	0.0249323658	0.044747463	-0.0205398033	-0.0261496031	-0.0148582866	0.0260227798	0.016365442	-0.0051679357	-0.050504511	0.045389902	-0.0105147646	-0.0737588214	0.0378238957	-0.0374830072	0.0008823221	-0.0472408745	-0.0410580642	0.0113023761	0.1052578481	-0.0561555437	0.0855178139	0.0701216951	0.0245440637	-0.0436012745	0.0043009908	0.01440548	-0.0321966483	-0.0171613273	-0.0061810132	-0.0024677788	-0.0246699191	-0.0314585706	-0.0403760485	0.0052856852	0.0310586374	0.0735531073	0.0664911338	0.0330180096	0.0100905432	0.0660869745	0.0647087556	-0.00241873	-0.0155728409	-0.0299381349	0.0173755536	0.0207520778	0.0193092031	0.0277576408	-0.0171439784	0.0161190626	0.0072048217	0.0248580618	0.0337925634	-0.0529804558	-0.0113435015	-0.0566007934	-0.0175690928	0.0069175876	0.0235129444	-0.0365929276	0.0391174475	-0.0192440064	0.0259132578	-0.0204950956	0.0035488524	-0.0060760682	-0.0290318424	0.0325967993	0.0060567945	-0.0396419506	-0.0267161703	0.0669964721	0.0059806269	0.0105825681	0.0361161085	0.0364579248	-0.0519840354	-0.0127110459	-0.0028882427	-0.0307782522	-0.0203601609	0.0230073843	-0.0625047806	-0.0365264616	0.0294914426	0.0284740304	-0.0318747807	-0.1064587827	-0.0165546758	-0.0227939807	0.0372324224	0.0422993378	-0.0279340207	-0.0017326574	0.0012311625	0.0372413182	0.0344708096	0.0388650461	-0.0247333669	-0.001306248	-0.0111379005	-0.0087298498	-0.0264386085	-0.013750788	-0.0242318266	0.1214085245	0.0481731212	0.086835125	-0.0015358305	0.0670419097	-0.0019564909	-0.0257755083	-0.006125808	-0.0171034146	-0.0237006618	0.0375427805	-0.0556337412	0.0600728416	-0.0134331911	0.0053586299	0.0526939482	0.0339041308	-0.0029059246	-0.0047939616	-0.028849286	0.0093991152	0.05217869	-0.0228356206	-0.0083609673	0.0337021777	-0.0025813239	-0.0372552045	-0.0486980765	-0.0297745756	0.0077152822	0.0403941669	0.0478846987	0.0255160508	-0.0127634908	-0.0430841775	-0.0465391172	-0.0209739336	0.0176698424	0.0452953387	0.0446762873	0.0161987064	-0.0223798066	-0.0470030752	-0.0423169129	-0.0112434423	0.0268410355	0.0481884067	0.0394872168	0.0061632156	-0.00448497	0.00044977	2.0229305290000038e-07	2.01149559009e-05	-1.38911	0.0878799999999999	1.9296265921	0.0077228943999999	-0.024329	-0.0365425	0.00133535430625	0.000591900241	-0.0265857	0.0012767999999999	0.00070679944449	1.630218239999995e-06	0.0025037	-0.0002645199999999	6.268513690000001e-06	6.997083039999993e-08	0.00164785	-6.459999999999994e-05	2.7154096225e-06	4.1731599999999935e-09	0.0	0.0	0.0	0.0	0.0	0.0	0.0	0.0	0.0	0.0	0.0	0.0	0.0	0.0	0.0	0.0	0.0	0.0	0.0	0.0	0.0	0.0	0.0	0.0	0.0	0.0	0.0	0.0	0.0	0.0	0.0	0.0	0.0	0.0	0.0	0.0	0.0	0.0	0.0	0.0	0.0	0.0	0.0	0.0	0.0	0.0	0.0	0.0	0.0	0.0	0.0	0.0	0.0	0.0	0.0	0.0	0.0	0.0	0.0	0.0	0.0	0.0	0.0	0.0	0.0	0.0	0.0	0.0	0.0	0.0	0.0	0.0	0.0	0.0	0.0	0.0	0.0	0.0	0.0	0.0	0.0	0.0	0.0	0.0	0.0	0.0	0.0	0.0	0.0	0.0	0.0	0.0	0.0	0.0	0.0	0.0	0.0	0.0	0.0	0.0	0.0	0.0	0.0	0.0	0.0	0.0
53465.39756334529	-25.419742963378667	2858548736.606568	646.1633323242393	63906.67799511719	-228.5851394042911	4084063492.371596	52251.1659564792	54139.70842337101	-83.88717019765318	2931108028.16763	7037.057323770031	54265.28656673704	53128.084699675324	0.964379	22.092836	0.1441064299999999	0.095108	0.0151170842	0.0901543166	0.0819939615	-0.0081795801	-0.0084429947	-0.0307463302	0.0742122142	-0.0205221947	0.0969841501	-0.0316090589	-0.0012323907	0.0170418829	-0.0306305188	-0.0161350408	-0.0029544364	-0.0448337105	0.0281254706	0.0634346456	-0.006953931	0.0495559308	-0.0388484016	-0.0055956412	0.0026757806	0.0319715322	-0.0200061899	-0.0069557692	-0.0573950405	-0.0149857997	0.0554933707	-0.0204138976	0.037938988	-0.055203739	0.0122178727	0.0027156587	-0.010672421	-0.0514503038	-0.0120281283	-0.0203573581	-0.0538016084	-0.0229588531	-0.009712556	-0.0152021191	0.0837172541	0.022236107	-0.0244713335	0.0174905157	-0.0433894252	-0.0281700787	0.0056950483	-0.0275804739	0.0361137396	0.0070830014	0.0502171149	0.0130311514	-0.0095231007	0.0054997149	0.0048295793	0.0096806917	0.0252590062	0.0377396134	0.0467369868	-0.0336280706	-0.0477539407	0.0186833111	-0.0226591143	-0.0251511071	-0.0255439537	-0.0283761233	-0.0325600011	0.010191664	-0.0069665707	0.0580915543	0.0104358631	-0.0127994432	-0.0121967098	-0.013182717	-0.0341757161	-0.0396139454	0.0337734967	0.0360908488	0.0657742029	-0.0370236836	-0.0184977119	-0.0215451788	0.0220523282	0.0191451274	0.0119600426	0.0155851721	-0.0095249252	0.0272823279	0.0263360332	-0.0230822083	0.080717187	0.0200826204	-0.0482311858	-0.0158889555	-0.0306163934	0.0331517571	-0.0033891063	0.0069505275	-0.0352868088	0.0272836827	-0.0677983503	-0.0195197699	-0.0307842537	0.0224187811	-0.0221767099	0.053447346	0.0266755438	0.068849518	-0.0770409131	0.1148382748	0.0632557038	0.0090818107	-0.05329838	0.0385391027	0.0059854687	-0.0029280339	0.0240194671	0.0300392454	0.0084043424	0.053537555	-0.0206682595	0.0573465753	-0.0124238727	0.0494509644	-0.0467019357	0.0176089765	0.0014107097	-0.0104306361	-0.0502063438	0.0106485769	-0.0152072648	-0.0565139515	0.0185775898	0.0097109834	0.0187653001	0.0301302197	0.0788819488	0.0204288577	-0.0108492141	0.024919057	0.0360726009	0.0177513661	0.0240479256	-0.0548640683	-0.0177660485	-0.0337897467	0.02185898	0.0012112161	0.0081255735	-0.0086928098	-0.0072902058	0.0304033619	-0.0452639239	-0.0225700804	0.039986552	0.0314011607	-0.032905478	-0.0387442779	0.0221273161	0.0018782698	0.0405975505	0.0280846258	0.0027782473	-0.0057732022	-0.0668312051	-0.0053806952	-0.0065833661	-0.0126633281	0.0068568772	-0.0471808985	0.0516876099	-0.0074243707	0.0320478747	0.0223477319	-0.0621167768	0.0164775806	-0.0244025488	0.0180813221	0.0094218655	0.0377770759	0.0278984571	0.0233732832	0.0541506073	0.0110964899	-0.0214693529	0.0478818757	-0.0277306646	0.0648854405	-0.0244615597	-0.0108912077	-0.0203667305	0.0099841575	0.0125806957	-0.0157137669	-0.016793155	-0.0013805727	0.0755594617	-0.0376194669	-0.0360885012	-0.0182111543	-0.0200228855	0.0397445128	-0.0663685339	0.0400917573	0.1146279642	-0.0618583005	0.1078784078	0.0373683794	0.0659605496	-0.0076881671	0.0631239139	0.0032027011	-0.0143162691	-0.0096411148	0.0190998475	0.019065821	-0.0252378702	-0.0433331041	0.0083385793	-0.0667725247	-0.0147689989	-0.0133029471	0.0060913767	-0.0453890051	0.0197057197	-0.000274213	-0.0106556395	0.0561095823	0.037092813	-0.0351113113	0.0335681082	-0.0029496658	-0.037611983	-0.0486148711	-0.0290370768	0.0088061905	0.0411100147	0.047554009	0.0240846454	-0.0145349155	-0.044011438	-0.0458030203	-0.018782686	0.0200527028	0.0462741461	0.0433873161	0.0132081433	-0.0252794756	-0.0478653016	-0.0403419543	-0.0074419176	0.0301393805	0.0487618127	0.0367111306	0.0015676912	-0.0113742	-0.00688923	4.746148999289999e-05	0.00012937242564	-1.38935	-0.00024	1.9302934225	5.7600000000008635e-08	-0.0487407	-0.0244116999999999	0.0005959310968899	0.0023756558364899	-0.0249972	0.0015884999999999	0.00062486000784	2.5233322499999987e-06	0.00301671	0.0005130099999999	9.1005392241e-06	2.631792601e-07	0.00149805	-0.0001498	2.2441538025e-06	2.244004000000002e-08	0.0	0.0	0.0	0.0	0.0	0.0	0.0	0.0	0.0	0.0	0.0	0.0	0.0	0.0	0.0	0.0	0.0	0.0	0.0	0.0	0.0	0.0	0.0	0.0	0.0	0.0	0.0	0.0	0.0	0.0	0.0	0.0	0.0	0.0	0.0	0.0	0.0	0.0	0.0	0.0	0.0	0.0	0.0	0.0	0.0	0.0	0.0	0.0	0.0	0.0	0.0	0.0	0.0	0.0	0.0	0.0	0.0	0.0	0.0	0.0	0.0	0.0	0.0	0.0	0.0	0.0	0.0	0.0	0.0	0.0	0.0	0.0	0.0	0.0	0.0	0.0	0.0	0.0	0.0	0.0	0.0	0.0	0.0	0.0	0.0	0.0	0.0	0.0	0.0	0.0	0.0	0.0	0.0	0.0	0.0	0.0	0.0	0.0	0.0	0.0	0.0	0.0	0.0	0.0	0.0	0.0
53549.32874527489	83.93118192960537	2867530609.069524	7044.443300100515	64660.424080078126	753.7460849609342	4180970442.215547	568133.1605939359	54198.390016773454	58.68159340244165	2937465480.4102883	3443.5294042494834	54329.70020367507	54269.95368937703	0.922907	21.142756	0.0896332	0.0606825	0.0114558506	0.094019079	0.0813981144	-0.0070626616	-0.0135149724	-0.0190328783	0.0546115559	0.0380615055	0.0774965475	-0.0261980422	0.0146510363	0.0088514925	-0.037363608	-0.0415802618	0.0159347421	-0.039143004	-0.0599186139	0.0339532826	0.0295887265	0.0650890765	0.0080105641	-0.0397939745	0.0227691795	0.0098370936	0.048426863	0.0069987169	-0.1109936759	0.0043968245	-0.0018863111	0.0014104272	-0.0014595059	-0.0106849967	-0.041525042	-0.0011673538	0.022533637	-0.0231358367	0.0075507729	0.0268691042	0.0619048349	0.0028797478	0.0194057366	-0.0860059348	0.0020302804	0.0040000888	-0.0616000196	-0.0143757459	-0.0069606979	-0.0260841954	0.0114456407	0.0436216782	-0.0194369535	0.0005967426	0.0262321422	-0.0677414253	-0.0132547966	-0.0385571479	0.0126739222	-0.0063622003	-0.0028779936	-0.0063896459	0.0342854377	-0.0088427522	-0.0380385763	0.0050324168	-0.0121221321	0.0158065811	-0.0173673781	-0.0603368153	-0.0013488921	-0.0073942353	0.0425966511	0.0936532041	-0.0001408335	0.0028302766	0.0122744099	0.0388983563	0.0014313798	-0.0773715666	-0.0292333851	0.0171663798	0.047855789	0.0285642836	0.0336527956	0.0156423758	0.0098943586	0.0168563354	-0.0157072315	0.0388733302	-0.0042667708	-0.0383339289	-0.0151249097	-0.0322690226	0.019211015	-0.0213443067	0.0122907585	-0.0687801145	-0.0267025353	-0.0159839813	0.0072136563	0.0020988712	-0.0244804105	0.0171024122	0.0338561879	0.0251581411	0.0468028956	0.03575731	0.0427303782	0.0286549064	-0.0121414513	-0.0242789781	0.014275766	0.0648722863	0.0320692209	-0.0313362114	-0.0645309898	-0.009557704	0.0418784503	-0.0187128935	0.02793148	-0.039359104	-0.0078967527	0.1127930653	0.0077663479	0.0075690736	-0.0025691646	0.0035704053	-0.0103692461	-0.0389894603	0.003839717	0.0219897658	-0.0252325989	-0.0130156532	0.0226242743	0.0586660709	0.0050391648	-0.0052229362	0.0954380381	0.0101769582	-0.0055701796	0.0576896515	0.0066860948	-0.0016467067	0.0398299124	-0.0056908258	-0.0404068185	0.0148176369	-0.0274817217	-0.0149404234	-0.0470834513	-0.0229825068	0.0434852259	0.0051442851	-0.0078677632	-0.0017211812	-0.0017548389	-0.0468317468	0.0231876427	0.0242162581	-0.0222702278	-0.0045166384	-0.0281846984	0.0013759853	0.0482899715	-0.0089780063	-0.0374576206	-0.0495603551	-0.0804229561	-0.0332504167	0.016879944	0.0190033117	0.0378568053	0.0088758591	0.0551590949	-0.035752423	-0.0468321353	0.0370046511	0.006892664	0.0442261442	0.0127028577	0.0031570377	0.0231863737	-0.0016431097	-0.0300699511	0.0042126721	0.0150086753	-0.0007498141	-0.0490728349	-0.0024229185	-0.0196043858	-0.0143071019	-0.0886690159	0.0202033145	0.0203623194	-0.0114421242	0.0190134153	-0.0041003276	-0.008911701	-0.0117538104	-0.016813873	0.0461563637	-0.0073524737	0.0463123252	0.0090263085	0.0517488461	-0.0027282837	0.0531597447	0.0197147591	0.0225040597	0.1064598435	0.0427108976	0.0646651701	-0.0172897193	0.0481258928	-0.027074967	-0.0083599601	0.0045109003	-0.0245657907	-0.0222959871	0.0511082109	-0.0255287562	0.037637115	0.0043653264	0.0016862059	-0.0271784102	0.0200244935	-0.0271218326	0.0015257986	-0.0002368668	0.002015365	0.0376764135	0.0076325511	-0.0319630656	0.0334335625	-0.0033178403	-0.0379639583	-0.0485206286	-0.0282892778	0.0098926005	0.0417972809	0.0471801374	0.022625561	-0.0162857183	-0.0448631447	-0.0449733504	-0.0165464061	0.0223798066	0.047105256	0.0419407874	0.0101634351	-0.0280629691	-0.0484824465	-0.0381381307	-0.0035938487	0.0332308549	0.048969429	0.0336352026	-0.0030417259	-0.0112573	0.0001168999999999	1.3665609999999917e-08	0.00012672680329	-1.41328	-0.02393	1.9973603584000004	0.0005726449	-0.0444479	0.0042927999999999	1.8428131839999998e-05	0.00197561581441	-0.0260184	-0.0010211999999999	0.00067695713856	1.0428494399999998e-06	0.00292978	-8.693000000000025e-05	8.5836108484e-06	7.556824900000045e-09	0.00138031	-0.0001177399999999	1.9052556961e-06	1.3862707599999966e-08	0.0	0.0	0.0	0.0	0.0	0.0	0.0	0.0	0.0	0.0	0.0	0.0	0.0	0.0	0.0	0.0	0.0	0.0	0.0	0.0	0.0	0.0	0.0	0.0	0.0	0.0	0.0	0.0	0.0	0.0	0.0	0.0	0.0	0.0	0.0	0.0	0.0	0.0	0.0	0.0	0.0	0.0	0.0	0.0	0.0	0.0	0.0	0.0	0.0	0.0	0.0	0.0	0.0	0.0	0.0	0.0	0.0	0.0	0.0	0.0	0.0	0.0	0.0	0.0	0.0	0.0	0.0	0.0	0.0	0.0	0.0	0.0	0.0	0.0	0.0	0.0	0.0	0.0	0.0	0.0	0.0	0.0	0.0	0.0	0.0	0.0	0.0	0.0	0.0	0.0	0.0	0.0	0.0	0.0	0.0	0.0	0.0	0.0	0.0	0.0	0.0	0.0	0.0	0.0	0.0	0.0
53558.6538707499	9.325125475006644	2868529404.446793	86.95796512461789	64460.13802734375	-200.2860527343728	4155109394.504208	40114.502919915954	54208.13308827974	9.74307150628738	2938521692.916649	94.92744237662902	54344.60436860728	54070.03562043425	0.909405	20.83345	0.1237742000000002	0.0706775	0.0082900795	0.0829558709	0.0737591392	-0.0031367951	0.0096891274	-0.0080172611	0.0521155131	0.0353485911	0.0624969473	0.0035309557	0.0513252938	0.0411372735	-0.0627370363	-0.0132782782	0.0239863888	-0.0100179934	0.0286288699	0.0215865836	0.0386659717	0.0580441757	0.0327972777	-0.0245540546	-0.0188327971	-0.0171268343	0.016276087	-0.0571584578	-0.0490947683	-0.0478155859	0.0150496894	0.0255027683	0.0274330071	-0.0095875589	0.0391186399	0.0807248935	0.0101851526	0.0076390709	-0.0074441177	0.0071772067	0.0117454016	0.033389467	0.0478221366	0.0210277931	-0.0097238849	-0.0293855366	0.0041940492	0.0202383575	-0.0413322026	0.0316164638	0.0169960398	-0.033647062	-0.0777876491	-0.0088525744	0.0313716448	-0.0421186782	0.0123827046	-0.0011047259	-0.084018461	0.0352834014	0.0349174362	0.0269209375	-0.0267404765	0.0140196996	0.0073048387	-0.0029949767	0.0061782606	0.0156335973	-0.0168150735	-0.0312892702	0.0067759641	0.0393731384	-0.0356978509	0.034760725	-0.0357178855	-0.0181558457	-0.0017448842	0.0523833263	-0.009901253	0.0083007173	-0.0005734404	-0.0330055069	-0.0161716017	-0.0077639761	-0.0139741502	-0.00540703	-0.038804042	0.023778521	0.0581851404	0.0096935087	-0.0080408593	-0.1072811687	0.0041530388	-0.0220218465	0.0022628565	0.0480412004	0.0338402986	0.0434806501	0.0290706497	-0.0765722574	0.0089632814	0.0075360283	0.0390245871	-0.0341620136	-0.0256283445	-0.019495115	-0.0131125288	-0.034173905	0.0599671674	-0.0358587254	0.0502707545	-0.0286741051	0.0072763649	-0.0072265821	0.0184699784	-0.0400915723	-0.0588209431	-0.0341518653	0.0256223839	0.0164449676	-0.0163599465	-0.0181021763	0.0581963507	0.0535626944	-0.0476065847	0.00789341	0.0250411647	0.0273570534	-0.0015146062	0.0369186374	0.0760757072	0.0028744637	0.013063402	0.0066805278	0.0154021841	0.0142209525	-0.0361089778	-0.0432048708	-0.0085016367	-0.0091037473	-0.0025185883	-0.0061515789	-0.0252466971	0.0575280336	-0.0160099589	-0.0123657232	0.0296344203	0.0523055497	-0.0617579706	-0.0405787147	-0.0291137874	-0.0371113061	-0.0112335942	0.0001872586	0.0869198332	0.0369947995	-0.015964659	0.0363207878	-0.0049255979	0.0043913639	0.0097894001	0.0067537014	-0.0216422343	0.0018582585	0.0378431424	-0.0115716929	0.0310318145	0.0168999174	-0.0321769649	-0.033212377	-0.0192558509	-0.0047442571	0.0512642575	0.0193608254	-0.0233283607	0.0249790263	-0.0171951858	-0.0138934633	-0.0021243512	-0.0191221153	-0.0118815013	-0.0388463297	0.0268057214	0.0207064257	-0.0586274649	-0.0749536254	-0.0183132131	0.0638756389	-0.0398703039	0.0379682247	0.037232484	-0.0191372664	0.0470057025	0.0086091905	0.0571529621	-0.048456394	-0.0026834437	0.0138299421	0.0156563751	0.0585447546	-0.0005877361	-0.005362338	0.0229824511	0.0190064897	0.0949156412	-0.0054413826	0.010653637	-0.0315755679	-0.0079942895	-0.0039825999	0.1001404659	0.0317206068	0.0488266126	0.0019893123	0.0476489908	0.0162382434	-0.0287522124	0.0256759934	-0.0326884943	0.0325301549	-0.0373318401	-0.0324131561	0.0131995683	0.0098897309	-0.0152814811	-0.0137083335	0.0254020089	-0.0249517863	0.0152129749	0.0025999495	-0.0084837405	0.0319406328	0.0149063694	-0.0424071152	0.0332985423	-0.0036858265	-0.0383110855	-0.0484153707	-0.0275314438	0.0109739574	0.0424554877	0.0467634234	0.0211404744	-0.0180134151	-0.0456378354	-0.0440518025	-0.0142704553	0.0246446833	0.0477860158	0.0403419543	0.0070770633	-0.0307174953	-0.0488513503	-0.0357179449	0.0002766972	0.0360942395	0.0488096981	0.0302845558	-0.0076241876	-0.0273366	-0.0160792999999999	0.0002585438884899	0.0007472896995599	-1.38337	0.0299100000000001	1.9137125569	0.0008946081	-0.0747407999999999	-0.0302928999999999	0.0009176597904099	0.0055861871846399	-0.0251331	0.0008853	0.00063167271561	7.837560900000037e-07	0.00292978	0.0	8.5836108484e-06	0.0	0.00131577	-6.454000000000008e-05	1.7312506929e-06	4.165411600000011e-09	0.0	0.0	0.0	0.0	0.0	0.0	0.0	0.0	0.0	0.0	0.0	0.0	0.0	0.0	0.0	0.0	0.0	0.0	0.0	0.0	0.0	0.0	0.0	0.0	0.0	0.0	0.0	0.0	0.0	0.0	0.0	0.0	0.0	0.0	0.0	0.0	0.0	0.0	0.0	0.0	0.0	0.0	0.0	0.0	0.0	0.0	0.0	0.0	0.0	0.0	0.0	0.0	0.0	0.0	0.0	0.0	0.0	0.0	0.0	0.0	0.0	0.0	0.0	0.0	0.0	0.0	0.0	0.0	0.0	0.0	0.0	0.0	0.0	0.0	0.0	0.0	0.0	0.0	0.0	0.0	0.0	0.0	0.0	0.0	0.0	0.0	0.0	0.0	0.0	0.0	0.0	0.0	0.0	0.0	0.0	0.0	0.0	0.0	0.0	0.0	0.0	0.0	0.0	0.0	0.0	0.0
53545.81375651712	-12.840114232778433	2867154170.847618	164.8685335107993	64733.89761401367	273.7595866699194	4190477500.301605	74944.3112936851	54212.39841483317	4.265326553431805	2938984141.8886065	18.193010607410443	54349.62927420314	53700.70398044339	0.870221	19.935781	0.0503738	0.0320856	0.0128893174	0.0769424797	0.0680889633	-0.0064242045	0.0036200628	-0.0036587437	0.0513833599	-0.001555698	0.0708292771	0.0532013892	-0.0216301205	0.0153707122	-0.0396628349	-0.04059489	0.0361952408	-0.0230074659	-0.035785215	0.0410287109	0.0364929592	-0.0014169999	0.0609278542	0.038698987	-0.0043697364	-0.0402032812	-0.0188878191	-0.0331785532	-0.080167128	-0.0243853751	0.049876846	0.0093583708	0.0056377931	-0.0471405286	-0.0095365844	0.0632539197	0.0026754983	0.0420704619	0.057428338	0.0146999931	-0.013905342	-0.0060038296	0.0171887174	0.0006044807	0.0029486087	-0.0629627518	-0.0787877354	0.0075716811	-0.0001936467	0.0174145853	-0.0065855472	0.0375444519	0.060637691	0.0387042861	-0.0020848434	0.051653639	-0.0522261299	-0.0030431462	0.0004057724	-0.0196819727	-0.0499985822	0.0429348252	-0.0110346405	0.0180949012	0.0024080019	0.0211039714	0.0349573386	0.0121488895	-0.0656558698	-0.0164775324	0.0102277195	0.0325708663	-0.0380904414	-0.0297217895	0.0406992007	-0.04849995	0.0430583074	-0.0229177216	-0.0724776609	0.0287152762	-0.0314918863	-0.0089683848	0.0262264604	-0.0293165224	0.0242345739	-0.0233206853	0.0121451667	-0.0050955053	-0.0505369096	-0.0364867353	0.0333658409	-0.0014472064	-0.0772729079	0.029626013	0.0530445855	0.0417115935	0.0072318547	-0.0150860603	-0.0544090131	0.0079920701	-0.0024893901	-0.022390786	0.0443054899	0.0071669469	-0.0047547125	0.0405005002	-0.0689810311	0.0104307705	0.0035353547	0.0114579137	0.0569771745	0.0501926436	-0.0163877011	0.0471242901	0.0384873903	-0.0375012731	-0.0011419124	-0.0582443118	-0.0391095964	-0.0042465858	-0.0519643641	0.0055817431	0.033379452	0.0785692128	-0.0281766789	0.0482541424	0.0136641226	0.0156134347	-0.0477463485	-0.001199712	0.061529576	-0.0030728471	0.0427311912	-0.055267469	0.0078737569	-0.0055015329	-0.0009047748	-0.0260774966	0.0054145627	-0.061578934	0.0096709021	0.0764749169	-0.0290646143	0.0074120347	-0.0006488678	-0.0026250604	-0.0409229231	-0.0648116365	0.0010957914	0.0345822427	0.0283015283	0.0526640805	0.0117540859	-0.0026792084	0.005074025	-0.0540830689	-0.040869023	0.0235071518	-0.0333061395	0.0095554023	-0.0201006295	0.0240818201	-0.0132437504	0.0412908596	0.0491581712	0.0032560532	0.0586834156	0.0100934415	0.0019168029	0.0784941225	-0.0318874581	0.040017649	0.0114007836	-0.0674578051	-0.0389033292	-0.0156250649	-0.0126099837	-0.0169560725	-0.0351146248	0.0205344073	-0.0061478807	0.025640524	0.0020987151	-0.0375958338	0.0331631182	0.0193813655	-0.0539577089	-0.0357279755	-0.0223616524	0.0880570702	-0.0315442165	-0.0143873661	-0.0144451127	-0.0267618446	-0.0393959945	-0.0418517084	-0.0337881023	0.015886268	0.0072179091	-0.0466656713	0.0127021962	-0.0306626266	-0.026552658	-0.0102983042	0.0470832817	-0.0002261336	-0.0781335654	0.0253399321	0.0214347576	-0.0521464473	0.0935955881	0.0353204774	0.0479978749	-0.0027585546	0.0392783275	0.0071447411	-0.0015974921	-0.0058683908	0.0024663806	-0.0037712554	-0.0242895944	-0.0211118331	0.0274069266	0.0469967851	-0.0067541252	0.0398132901	0.014926363	-0.0365750928	6.09735e-05	-0.0121476362	0.0015647392	0.0111951114	0.0179212416	-0.0550105905	0.0331630496	-0.0040536034	-0.0386533201	-0.048299121	-0.0267638437	0.0120497088	0.0430841775	0.0463042454	0.0196310923	-0.0197155549	-0.0463341804	-0.0430402594	-0.0119602904	0.0268410355	0.0483142525	0.0385966226	0.0039616799	-0.0332308549	-0.0489701238	-0.0330951267	0.0041455125	0.0387098805	0.0482838183	0.026686557	-0.0121390845	-0.0272815	5.50999999999989e-05	3.036009999999879e-09	0.00074428024225	-1.39259	-0.00922	1.9393069081	8.50084000000001e-05	-0.0550906	0.0196501999999998	0.0003861303600399	0.00303497420836	-0.0255015	-0.0003684	0.00065032650225	1.35718560000001e-07	0.00292978	0.0	8.5836108484e-06	0.0	0.0012552	-6.0570000000000025e-05	1.5755270399999998e-06	3.668724900000003e-09	0.0	0.0	0.0	0.0	0.0	0.0	0.0	0.0	0.0	0.0	0.0	0.0	0.0	0.0	0.0	0.0	0.0	0.0	0.0	0.0	0.0	0.0	0.0	0.0	0.0	0.0	0.0	0.0	0.0	0.0	0.0	0.0	0.0	0.0	0.0	0.0	0.0	0.0	0.0	0.0	0.0	0.0	0.0	0.0	0.0	0.0	0.0	0.0	0.0	0.0	0.0	0.0	0.0	0.0	0.0	0.0	0.0	0.0	0.0	0.0	0.0	0.0	0.0	0.0	0.0	0.0	0.0	0.0	0.0	0.0	0.0	0.0	0.0	0.0	0.0	0.0	0.0	0.0	0.0	0.0	0.0	0.0	0.0	0.0	0.0	0.0	0.0	0.0	0.0	0.0	0.0	0.0	0.0	0.0	0.0	0.0	0.0	0.0	0.0	0.0	0.0	0.0	0.0	0.0	0.0	0.0
53522.85427536266	-22.959481154459358	2864695929.781707	527.1377748819742	64497.72439941406	-236.17321459961383	4159956452.702772	55777.78729431526	54200.71063716453	-11.68777766864514	2937717033.57364	136.60414683168003	54337.41572200583	53764.86387416295	0.86578	19.83404	0.0964773999999998	0.0574792	0.0127626341	0.0784177987	0.0713232334	-0.0134636513	0.005050495	-0.024866199	0.055403057	-0.0329824589	0.0890568221	0.0039824341	0.0252375505	0.0278326038	-0.0195091787	-0.0233255146	0.000640183	-0.0438173265	-0.0195867848	0.0442023668	-0.0097544895	0.0544770431	-0.0501230992	0.0463190308	0.0019399122	-0.0151321012	0.0338841975	-0.0142154035	-0.0721396877	-0.0017276125	0.0437388069	0.0107732762	0.0451165597	-0.0193361246	0.0238491171	-0.0302129957	0.0088955821	0.0216162135	0.02960863	-5.10865e-05	-0.0429300353	-0.048128966	0.085133753	0.0310641342	7.7936e-05	0.0124146417	-0.0010008808	-0.0016632297	-0.0463859726	0.0088427545	-0.0381037743	-0.0053220076	-0.0148805048	0.0174817726	-0.01779315	0.0038707406	-0.0078298361	-0.0090211538	-0.0149484657	0.0348815021	0.0015883615	0.00662333	0.0416850569	-0.0370386255	0.024002986	0.0188137073	-0.034160422	-0.0040940163	-0.0074445103	-0.0222487854	0.0071663355	0.0405336756	-0.039597593	0.0116522596	-0.0355745617	-0.0071655061	-0.0029754482	-0.0085886872	-0.0084088994	-0.0129018169	0.0137555652	0.0532407191	-0.0613542522	0.0332518069	-0.0432194045	0.0349100331	-0.0407825765	0.0234248037	0.0098094875	0.0240813037	0.0386489367	-0.0320654192	0.0128751101	0.0130139155	0.0119099634	-0.0301720485	0.0747047859	0.0412835359	0.0223668368	0.0037181833	0.010401929	0.0561298611	-0.0028961136	0.0247643431	0.0141080655	-0.0449496625	-0.0112134035	0.0322988968	-0.0190656481	-0.0407203871	0.0254021602	-0.0228967162	-0.0044350675	0.0341607989	0.0427400567	0.0111781335	-0.0560600196	0.0485430387	-0.0413886662	-0.0031493702	-0.0060439108	-0.0394466891	0.0153859682	0.07499603	-0.0076768003	0.0413055055	0.0233548625	0.0468919658	-0.0142617507	0.0250680316	-0.0311414713	0.0121441285	0.0211667787	-0.028569708	-1.92283e-05	-0.037818802	0.0418559415	-0.0910598343	-0.0252360758	4.93896e-05	0.0067519832	-0.006458013	0.0086167743	0.0473946561	0.0037398485	0.0441292663	0.0057988144	0.0095472462	-0.0099525341	0.0253798548	0.0025320636	0.0070017682	0.0031704264	-0.0166064434	0.0299166941	0.018262173	-0.0094402409	-0.0262244102	0.0248276292	-0.0310732519	-0.011439446	-0.0462514637	-4.53851e-05	-0.0111168172	0.043511498	-0.0147300892	0.0530628527	0.0311531915	-0.0096404266	-0.0303205787	-0.0251805757	-7.1001e-06	-0.0039821076	-0.0091087799	0.0219556253	-0.0183591025	0.03784438	-0.0042427573	0.0653476943	-0.047547059	0.0095008807	-0.0529954615	0.0097011339	0.0156463338	-0.0320167765	0.0203704586	-0.0254840086	0.0301979427	-0.0026905852	-0.0131250926	-0.0305690285	-0.0617420017	0.0289575444	0.0097921951	0.0444202107	0.0256194587	-0.0012370405	-0.0434347119	-0.0372956615	0.0359770727	-0.0145633773	0.0010577097	-0.0431556399	-0.04326496	0.0430231846	-0.0202922949	0.020891101	0.0037197569	0.0285251497	-0.0101435754	0.0954590045	0.0354833047	0.0515632063	-0.0048616888	0.0353595565	-0.0080381554	-0.0001599681	-0.0133147697	-0.0189440862	0.0075677433	0.0101762031	-0.0089911108	-0.0033246825	-0.0266478168	-0.0045311854	0.0496668775	0.0175195659	-0.008539796	-0.0120843266	-0.0086422378	0.0024210025	0.0107021625	0.0182295063	0.0022910904	0.0330270864	-0.0044211503	-0.0389906186	-0.0481719062	-0.0259867497	0.0131193052	0.0436829132	0.0458030203	0.0180991493	-0.0213897225	-0.046950984	-0.0419407874	-0.0096214501	0.0289627561	0.0486882801	0.0367111306	0.0008300562	-0.0355914973	-0.0488381591	-0.0302845558	0.0079884006	0.0410598248	0.0473957345	0.0228705931	-0.0165464061	-0.0207764	0.0065051	4.231632601e-05	0.00043165879696	-1.42142	-0.0288299999999999	2.0204348164	0.0008311688999999	-0.0483543	0.0067363	4.537773769000001e-05	0.00233813832849	-0.0263652	-0.0008636999999999	0.0006951237710399	7.459776899999974e-07	0.00312226	0.00019248	9.7485075076e-06	3.704855040000003e-08	0.00122326	-3.193999999999983e-05	1.4963650276000003e-06	1.020163599999989e-09	0.0	0.0	0.0	0.0	0.0	0.0	0.0	0.0	0.0	0.0	0.0	0.0	0.0	0.0	0.0	0.0	0.0	0.0	0.0	0.0	0.0	0.0	0.0	0.0	0.0	0.0	0.0	0.0	0.0	0.0	0.0	0.0	0.0	0.0	0.0	0.0	0.0	0.0	0.0	0.0	0.0	0.0	0.0	0.0	0.0	0.0	0.0	0.0	0.0	0.0	0.0	0.0	0.0	0.0	0.0	0.0	0.0	0.0	0.0	0.0	0.0	0.0	0.0	0.0	0.0	0.0	0.0	0.0	0.0	0.0	0.0	0.0	0.0	0.0	0.0	0.0	0.0	0.0	0.0	0.0	0.0	0.0	0.0	0.0	0.0	0.0	0.0	0.0	0.0	0.0	0.0	0.0	0.0	0.0	0.0	0.0	0.0	0.0	0.0	0.0	0.0	0.0	0.0	0.0	0.0	0.0
53518.685751923214	-4.16852343944629	2864249724.613109	17.376587665213123	64407.23065820312	-90.4937412109357	4148291361.058981	8189.117198351802	54194.35226894947	-6.358368215056544	2937027817.850989	40.42884635824134	54324.50728472883	53768.39917689732	0.797757	18.275705	0.1133206999999998	0.0624927	0.0096525756	0.0669271541	0.0606196276	-0.0105996663	0.0015511162	-0.0259023095	0.0455203406	-0.0200076524	0.0465910868	-0.03280043	0.0395693977	0.0177662037	-0.0411678063	-0.0088352182	0.0423905829	-0.0047865034	-0.0339065756	0.0308741771	-0.005380485	0.0857874074	-0.0406328506	-0.0023681326	-0.0221758791	-0.0035100168	0.0142091777	0.0064349695	-0.0492624565	0.0077021656	0.0375930307	0.0261365377	0.0279287102	-0.0145196103	-0.0016941409	0.014855758	0.0057731608	-0.0414382685	0.007209331	-0.0040722788	0.0006267665	-0.0274890451	0.0069904155	-0.0011241191	0.0021236044	-0.0232787544	0.0148618504	0.0145050111	-0.072260127	-0.0338913964	0.0201722252	-0.0018407633	0.0094992018	-0.0046292332	0.0021806486	-0.0036903749	-0.0055447102	0.0013929583	-0.0180324414	0.0217583362	-0.0104825436	-0.0220156935	-0.0314255507	0.0256653287	-0.0272813855	-0.000937799	0.0029232626	-0.0563212477	0.0275009046	0.0155610458	0.0269088324	-0.0158366491	-0.0449198171	0.0071460503	3.1908e-06	0.0038659464	-0.0219941025	0.0484977634	-0.0595242955	0.0342388539	0.031636298	-0.0568429368	0.0258060143	0.0345636691	-0.0544128387	0.03129951	-0.0219414407	0.0025454859	-0.0245835364	-0.0279167411	-0.0245284265	0.0015441122	0.0190555003	-0.0150093027	0.0102477878	-0.0406261787	-0.026249629	-0.003069049	0.0542498909	0.0156994646	-0.0531155396	0.0201218255	0.0318681287	0.0159070375	-0.0125756541	-0.0307995178	0.0040146838	0.019220966	0.0113677519	0.0340902774	0.0076821032	-0.0315864113	0.0007797571	-0.0209620318	0.0295020001	0.0071623279	-0.0868051857	0.036293355	0.0064101449	0.0239006733	0.0036878461	-0.0134482514	-0.0049555501	0.0460012727	-0.0002373392	0.0409215761	0.0341107805	0.0299936556	-0.0089439781	-0.0027374383	0.0149210053	0.0041568234	-0.0378784429	-0.0078834795	-0.0050214912	-0.0071036117	0.0219277705	-0.0054409342	0.0039745691	-0.0116660155	0.0102023358	-0.0248728298	-0.017928942	0.0529057824	0.0611667514	-0.012940704	0.0096950441	-0.0051597391	0.0090274459	-0.0044139193	-0.0039323208	-0.0013967372	0.0136209569	-0.0071701204	0.0150265437	-0.0018505658	0.0311665242	0.0233695778	-0.0079410055	0.038409552	0.0082198736	0.008028123	0.0461579778	-0.0038452053	-0.0315911473	-0.0405470823	-0.0025564072	0.0354024967	-0.0171355769	0.0044235291	0.003056706	-0.0299225581	0.0656849963	-0.0295889819	-0.0422622595	0.0455460809	-0.023113933	0.058309731	-0.020397593	-0.0640537826	0.0166737012	-0.0317624921	-0.0057849966	-0.0235791318	0.0207663232	-0.0088564689	0.0030951555	0.0071158071	-0.0136195039	-0.053065179	-0.0178997626	0.0328215758	0.0412071273	0.0468736007	-0.0418032332	-0.0112458734	-0.004240863	-0.0298159759	-0.0233499069	0.0107536156	-0.0042820604	0.0008289537	-0.0278919073	-0.0018132367	-0.0019813317	0.049564854	0.0159514229	-0.0044982282	-0.0180921968	0.0529595013	0.0816863539	0.0270552143	0.0360916631	0.0042013209	0.02762014	0.0134004281	-0.0170931908	0.0105849674	-0.0210290135	0.0047565327	0.0366468494	-0.0120107621	0.0084606594	-0.0242139005	-0.0185043225	0.002328854	0.0415512652	-0.0351859179	-0.014183068	-0.0036035202	-0.0051682465	-0.008855799	-0.0107567327	-0.0476473227	0.0328906545	-0.0047884463	-0.0393229378	-0.0480337549	-0.0252004375	0.0141822002	0.0442512785	0.0452602033	0.0165464061	-0.0230335427	-0.0474871876	-0.0407556328	-0.0072595419	0.0310039458	0.0489069049	0.0346923251	-0.0023049702	-0.0377885739	-0.0484561318	-0.0273021769	0.0117813266	0.0431279427	0.0461521087	0.0188678315	-0.0208070951	-0.0316768	-0.0109003999999999	0.0001188187201599	0.0010034196582399	-1.39242	0.0289999999999999	1.9388334564	0.0008409999999999	-0.067718	-0.0193636999999999	0.0003749528776899	0.004585727524	-0.0255423	0.0008228999999999	0.00065240908929	6.771644099999966e-07	0.00314425	2.1989999999999944e-05	9.8863080625e-06	4.835600999999975e-10	0.000987018	-0.000236242	9.74204532324e-07	5.5810282564000003e-08	0.0	0.0	0.0	0.0	0.0	0.0	0.0	0.0	0.0	0.0	0.0	0.0	0.0	0.0	0.0	0.0	0.0	0.0	0.0	0.0	0.0	0.0	0.0	0.0	0.0	0.0	0.0	0.0	0.0	0.0	0.0	0.0	0.0	0.0	0.0	0.0	0.0	0.0	0.0	0.0	0.0	0.0	0.0	0.0	0.0	0.0	0.0	0.0	0.0	0.0	0.0	0.0	0.0	0.0	0.0	0.0	0.0	0.0	0.0	0.0	0.0	0.0	0.0	0.0	0.0	0.0	0.0	0.0	0.0	0.0	0.0	0.0	0.0	0.0	0.0	0.0	0.0	0.0	0.0	0.0	0.0	0.0	0.0	0.0	0.0	0.0	0.0	0.0	0.0	0.0	0.0	0.0	0.0	0.0	0.0	0.0	0.0	0.0	0.0	0.0	0.0	0.0	0.0	0.0	0.0	0.0
53522.94206815319	4.256316229977529	2864705327.6308827	18.116227849570123	64655.42989886475	248.1992406616264	4180324615.407014	61602.863065007936	54165.5399578397	-28.812311109773876	2933905718.924329	830.1492714863989	54298.49546934467	53744.14838042817	0.8045409999999998	18.431116	0.0802725499999999	0.0483435	0.0083650158	0.0644054049	0.059719837	-0.0030910645	0.0060655349	-0.0063503652	0.0345233614	0.025975893	0.0763757432	-0.0016092314	0.0221719417	0.0288129851	-0.0208637508	-0.0265077461	0.0390865283	-0.0007957715	0.0331745419	0.0404629072	0.0073375264	0.0561077176	-0.0103482955	-0.0565725873	-0.0059031754	0.0278618354	-0.0339559406	-0.0009409336	-0.0612030062	-0.0063866751	0.0302386679	-0.0242028642	0.0087833852	-0.0329266267	0.0672617467	-0.0201572575	-0.0049351849	-0.0397626821	-0.0126266061	-0.0147912376	0.0005074605	0.0068406957	0.0247748927	-0.0288136447	0.022419734	0.0110067377	-0.0250473999	0.0141506413	0.0253537897	0.0016914369	-0.0106854575	0.018481722	-0.0479297622	0.0132369263	0.0250464677	-0.0534398853	-0.004623943	0.0279521036	0.0541304646	-0.0043179885	0.0452796518	-0.0266826693	0.0129614785	-0.0186762071	-0.038951072	0.0042594304	0.0151496552	0.0100476885	0.0236059698	-0.0080528359	-0.041270682	0.0125016956	0.0229706411	-0.0109191651	0.0427858332	-0.0431542385	-0.0391535638	-3.39037e-05	-0.0207562221	0.0103285754	0.0239627925	0.0083150694	-0.0320587895	0.026708254	-0.0245283481	0.0241608769	-0.0417929687	-0.0115528619	0.031235694	0.0876222962	-0.0085153047	-0.019323193	-0.012145459	-0.0463859606	-0.0294128441	-0.0093329393	-0.0101049434	-0.0053388886	0.0029602812	-0.047778563	0.0269517208	0.027798478	-0.0702805463	-0.0568116715	-0.0088686109	0.0125577032	0.0141613676	0.0195578431	-0.0016976191	-0.0039390823	0.0591094572	-0.000523963	-0.0680162776	-0.0331433587	0.0395223949	-0.0070528217	-0.0569371551	0.0087147345	0.0570889027	0.001305383	0.0118445396	0.044630343	0.0019411399	0.0605485624	-0.0086746847	0.0309273552	-0.0176627665	0.0154494973	-0.0288981847	0.0693932428	-0.0210142881	-0.0022695036	-0.0398189246	0.0135785397	-0.0108642482	-0.0040981677	-0.0047893113	-0.0183931005	0.0317511767	0.0233985845	0.0156165406	0.0229101695	-0.013389679	-0.0223740537	-0.0057451371	0.0116128044	-0.0218643385	0.0309131324	-0.0503976138	-0.0095048365	-0.0360829162	-0.0150121956	-0.0044717402	-0.0193747392	-0.0578529062	0.0488612579	0.0197770796	-0.0281084233	0.0154752133	0.0139231239	-0.0249136099	0.0174166404	-0.0016213498	-0.0334456913	-0.0006469173	0.0503154746	-0.0048875042	-0.0380202049	0.0020298098	0.0399269898	-0.0277980132	-0.039229114	0.0109016405	-0.0148691345	-0.0013240714	0.0205859567	0.0302932993	0.0108506034	0.0409477712	-0.0229759401	0.0014614851	-0.0516619682	-0.0159379765	0.0269277877	-0.0763450733	0.0010336429	0.0385493955	-0.0214071027	-0.0333267128	-0.0167580227	0.0214706035	0.0113947844	-0.0305250935	-0.0076939755	0.066853368	0.0146875287	0.0526006302	-0.0122623711	0.0676031788	0.0219167776	0.0181192095	0.0090625187	0.0076187912	-0.0252367875	0.0225769685	0.0049110621	-0.0205102871	-0.0732875355	0.0477606895	-0.013905944	0.0830195522	0.0285739301	0.0377916419	-0.0029569117	0.025320687	0.0155894863	0.004311506	-0.0186051221	0.0111730329	0.009348285	-0.0233160814	-0.0208786401	-0.0110551692	-0.0178249207	-0.0183671698	-0.0453585895	0.0214168467	-0.0275417507	-0.019907365	-0.0117621281	-0.0063254341	-0.0065834624	0.0130527732	-0.0151492944	0.032753756	-0.0051554705	-0.0396502352	-0.0478846987	-0.0244051859	0.015237851	0.0447888782	0.0446762873	0.014974647	-0.0246446833	-0.0479418706	-0.0394872168	-0.0048802286	0.0329589289	0.048969429	0.0325475373	-0.0054305477	-0.0398119877	-0.047825998	-0.0241649094	0.0155005685	0.0449000392	0.04456227	0.014710965	-0.0248833938	-0.0315835	9.329999999999757e-05	8.704889999999544e-09	0.00099751747225	-1.43363	-0.0412099999999999	2.0552949769	0.0016982640999999	-0.0535463	0.0141717	0.00020083708089	0.00286720624369	-0.0258303	-0.000288	0.00066720439809	8.294400000000003e-08	0.00326363	0.00011938	1.06512807769e-05	1.4251584400000022e-08	0.000898447	-8.857100000000007e-05	8.07207011809e-07	7.844822041000012e-09	0.0	0.0	0.0	0.0	0.0	0.0	0.0	0.0	0.0	0.0	0.0	0.0	0.0	0.0	0.0	0.0	0.0	0.0	0.0	0.0	0.0	0.0	0.0	0.0	0.0	0.0	0.0	0.0	0.0	0.0	0.0	0.0	0.0	0.0	0.0	0.0	0.0	0.0	0.0	0.0	0.0	0.0	0.0	0.0	0.0	0.0	0.0	0.0	0.0	0.0	0.0	0.0	0.0	0.0	0.0	0.0	0.0	0.0	0.0	0.0	0.0	0.0	0.0	0.0	0.0	0.0	0.0	0.0	0.0	0.0	0.0	0.0	0.0	0.0	0.0	0.0	0.0	0.0	0.0	0.0	0.0	0.0	0.0	0.0	0.0	0.0	0.0	0.0	0.0	0.0	0.0	0.0	0.0	0.0	0.0	0.0	0.0	0.0	0.0	0.0	0.0	0.0	0.0	0.0	0.0	0.0
53456.24254757238	-66.69952058081253	2857569867.304888	4448.826045710234	64380.65515527344	-274.7747435913116	4144868758.222236	75501.15971567102	54158.96160522697	-6.578352612727031	2933193122.1564493	43.27472309737255	54295.93639521141	53766.283990082185	0.90984	20.843401	0.05290685	0.0275485	0.0072828813	0.0584247906	0.0539927397	-0.0007158419	0.0034769719	0.0120645563	0.0237818357	0.053401582	0.0510082579	-0.0075234681	0.0076322185	0.0011093572	-0.0364790819	-0.0318196376	0.0033979727	-0.0328932115	-0.0400157254	0.021284002	0.0350561027	0.0228694707	0.0649901154	-0.0494867875	0.0356098844	-0.0272177457	0.0317539022	-0.0486704716	-0.0771958195	-0.0344851891	0.0253144809	0.0010594788	0.0165027839	0.0191086129	-0.0059220484	-0.0058344513	0.0275945965	-0.0051650515	-0.0011624083	0.0025397662	0.0103406123	0.0257647766	0.0083291478	-0.0481981711	0.0145675634	-0.0128947944	0.0204173746	0.01390967	0.0265977222	-0.0262268421	-0.0234659772	0.0336887174	-0.0199777984	-0.0285340164	0.0206719717	-0.0216654388	0.0233070186	-0.0206459384	-0.0207787475	0.0175669027	0.0284986211	0.0069124902	-0.0023824224	-0.0407348702	0.0158368831	0.0447821027	-0.0150745322	-0.0344232764	0.0363005585	0.025475498	0.0126253285	-0.0342076055	0.0166099815	-0.0361366854	-0.0363376426	0.0318702773	0.020522928	-0.0637431562	0.0172435603	0.0219551849	-0.0262017136	-0.0001654488	-0.0458849923	-0.0603705655	3.9315e-05	0.0149112599	0.093206616	-0.022808603	0.0338706323	0.0228166687	0.034703148	0.0169205208	-0.0019290632	0.0346968153	-0.0007614369	-0.0355590154	0.0170533356	0.0435603995	0.0467723436	-0.0026511018	0.0015491839	-0.0074609837	0.0507814333	0.0113904437	-0.0251916592	0.0109906444	-0.0650062576	0.0328555503	0.0078462751	-0.0280087349	-0.024972735	-0.0359872341	0.0056954402	-0.0433118044	0.0184967435	-0.0391959606	-0.0213861745	-0.065059057	0.0486636162	-0.0353317948	-0.0118102142	-0.0393949955	0.0478800125	0.0766003796	-0.0313551108	0.0269402522	-0.0024291973	0.0137644414	0.0198874003	-0.0069634331	-0.0030735211	0.0263574609	-0.0049684404	0.0036714335	0.0018514655	0.0141924974	-0.0321435709	-0.0045093352	0.048035302	-0.0096478191	0.0128195239	-0.0224161731	-0.0118014295	-0.0403923553	0.0100337692	0.0268069643	-0.0268162885	0.0268453522	0.0049101603	-0.0198036167	-0.0034286426	-0.0362523649	0.0212964491	0.0049150623	0.0265631966	0.0274941943	0.0005135283	0.0033890316	0.0129071895	-0.0260919365	-0.0471990732	-0.0257118173	0.0378949515	-0.010744646	-0.0411098895	-0.0222215707	-0.0289871873	0.0168997059	0.0460017829	-0.0285929664	0.0021129709	0.0195470858	-0.0739439522	-0.0082232386	-0.0185738639	-0.0121992016	-0.0022070288	-0.0688808397	-0.0066484115	-0.0188440797	0.0366315535	0.0821235136	-0.0208114243	0.0411125484	-0.0362415997	0.0278072278	-0.0058408957	0.0099841745	0.0253586182	-0.0191957038	-0.0323373331	-0.0175552875	0.076039363	0.0084293568	0.0056725632	-0.0033991232	-0.0388353764	0.0130546498	-0.0048849914	-0.0308284418	0.0162253188	-0.0296343505	-0.0501007264	0.0078637956	0.0159310729	-0.0388963086	0.0378163598	-0.0177828345	-0.0275886588	0.0529254819	0.0736980581	0.0235816487	0.0311273972	-0.0105738866	0.0237954138	-0.0172701522	0.0020061168	0.0070647742	-0.0382110754	-0.0093143114	0.0242077186	-0.0083481731	0.041220471	0.0665192235	-0.011430195	-0.0006458101	0.0163029139	-0.0394938791	0.0093725395	-0.0128718485	-0.0054066484	0.0026250796	0.013734375	-0.0303867258	0.0326163926	-0.005522202	-0.0399724692	-0.0477247713	-0.0236012772	0.0162857183	0.0452953387	0.0440518025	0.0133856785	-0.0262208584	-0.0483142525	-0.0381381307	-0.0024892147	0.0348222698	0.0488756528	0.0302845558	-0.0085338634	-0.0416524399	-0.046950984	-0.0208905514	0.019122865	0.046363951	0.0426381448	0.0104339452	-0.0287391785	-0.0317066	-0.0001231	1.5153610000000244e-08	0.00100530848356	-1.42028	0.0133499999999999	2.0171952784	0.0001782224999999	-0.0562684	-0.0027221	7.409828410000027e-06	0.00316613283856	-0.0254771	0.0003532	0.00064908262441	1.24750240000001e-07	0.00306273	-0.0002008999999999	9.3803150529e-06	4.0360809999999986e-08	0.00107858	0.0001801329999999	1.1633348164e-06	3.2447897688999996e-08	0.0	0.0	0.0	0.0	0.0	0.0	0.0	0.0	0.0	0.0	0.0	0.0	0.0	0.0	0.0	0.0	0.0	0.0	0.0	0.0	0.0	0.0	0.0	0.0	0.0	0.0	0.0	0.0	0.0	0.0	0.0	0.0	0.0	0.0	0.0	0.0	0.0	0.0	0.0	0.0	0.0	0.0	0.0	0.0	0.0	0.0	0.0	0.0	0.0	0.0	0.0	0.0	0.0	0.0	0.0	0.0	0.0	0.0	0.0	0.0	0.0	0.0	0.0	0.0	0.0	0.0	0.0	0.0	0.0	0.0	0.0	0.0	0.0	0.0	0.0	0.0	0.0	0.0	0.0	0.0	0.0	0.0	0.0	0.0	0.0	0.0	0.0	0.0	0.0	0.0	0.0	0.0	0.0	0.0	0.0	0.0	0.0	0.0	0.0	0.0	0.0	0.0	0.0	0.0	0.0	0.0
53508.53570204474	52.29315447236149	2863163392.976997	2734.574004670261	64902.09234399414	521.4371887207017	4212281590.628343	271896.74178094865	54172.62990547933	13.668300252356858	2934673830.8760333	186.8224317885785	54296.11579187976	53935.9115919237	0.969767	22.216267	0.1587091000000001	0.0964301	0.0093218752	0.0654517875	0.0636992728	-0.012372624	0.0096299759	-0.0101849472	0.0362078219	-0.0330425481	0.0552004585	0.0579428604	0.0499691711	0.0433698673	-0.0469533613	-0.0272597796	0.0197343875	-0.029033765	0.0285022381	0.0593679665	0.0006022255	0.0054950209	0.0215291102	0.0595524988	-0.0229735027	0.0023612154	-0.0227705034	-0.0569679368	-0.0086746698	-0.028940048	0.0036129247	0.0107374686	0.007871281	-0.0324715798	0.0221880995	0.0132061836	0.0101672663	-0.0015127263	-0.0037060225	-0.0299432199	-0.0208611003	-0.0116762498	0.0492525347	0.0334160965	-0.0361776122	0.0069818961	-0.0185894913	-0.0043663358	-0.0315674011	-0.0367526577	-0.0114230879	0.0272664031	-0.0244563378	0.0345268415	-0.0218806388	-0.0090985154	-0.0138002026	-0.0076166831	-0.0164011127	0.0244402911	0.0318787171	0.0069023109	-0.0778579198	0.0197844544	-0.0420985789	-0.032770579	0.0242673353	0.0061052269	0.0129604273	0.0377786318	-0.0023095347	0.0432390706	0.0302314775	0.0644957075	-0.0244010935	-0.0048787553	0.0168758686	0.0410322534	-0.0204085058	0.0312413246	0.0026110552	0.0250875338	-0.0030946574	-0.0142436083	-0.0298873397	-0.0259773748	0.0784962971	-0.0148774922	-0.0136924474	-0.0244268725	-0.0418473727	-0.0032969168	-0.0203630838	-0.0051773554	0.0224543701	-0.0470677326	0.0199231316	0.0198198767	0.0296653862	-0.0078540058	-0.0437231308	0.0256961125	0.0349617832	-0.0382867407	0.05530683	0.011012233	0.0139678955	-0.0430792386	0.059599586	-0.0244925372	0.0149790308	0.0054801596	0.0253506071	0.0542737062	0.0594108227	-0.0011590093	-0.0076348851	-0.0212394483	-0.0586319141	0.0217886068	-0.013034448	0.0185273788	0.0596941298	0.009380969	-0.0292574826	-0.001886914	0.0117079638	0.0093706202	-0.0278639299	0.0209160897	0.0128839694	0.0104293601	-0.0002593369	0.0060754037	-0.0298662827	-0.0202005898	0.0065849002	-0.0514667165	-0.0278741921	0.0033093794	-0.0281322428	0.0108798512	0.0128146751	0.0228262724	0.0473050814	0.0146804656	-0.0170466788	0.018068652	-0.0278830548	0.0322147533	-0.0201511162	0.0174221238	0.0039621984	0.0120608046	0.0227833926	0.0324037488	0.0187980684	0.072532309	0.0163568141	0.0342311072	0.0116144019	0.0434192945	-0.0145691411	-4.3865e-05	-0.0398635676	0.00559875	0.0312480011	-0.0430344111	-0.0481569497	-0.0535359898	0.0078199292	0.0180534898	0.0469819825	0.0025173135	-0.0194703507	-0.0078372743	0.0240066128	-0.0013782984	0.003177601	-0.0297603249	0.0023253258	0.0888097561	-0.0187028035	-0.0066403013	0.024174877	-0.0283369728	0.0161935928	-0.0093964948	-0.0315504774	-0.0298817742	-0.0422462535	-0.0124121332	0.0416617067	0.0175859871	-0.0235484435	-0.0207150992	0.0039591627	-0.0207196891	0.0172158711	0.0190288372	-0.0758264558	0.0086411417	0.0360241489	0.0279212448	0.0558662377	-0.0051408606	-0.0321425554	0.0372062659	0.0029672927	0.0473942034	0.0809089562	0.0262132809	0.0374633337	0.0030699565	0.0152190109	0.013289563	-0.017268429	-0.0044170292	-0.0187778114	0.0402688671	-0.046699741	-0.0261008309	0.0014688091	-0.01005657	0.0196024319	0.0342529218	0.0157967182	0.0155428965	-0.0274566949	-0.0093031662	0.0170257683	-0.0248921036	-0.0026619997	0.0114723822	0.0324785665	-0.0058886202	-0.0402895985	-0.047554009	-0.0227889965	0.0173252667	0.0457703078	0.0433873161	0.0117813266	-0.0277598318	-0.0486036939	-0.0367111306	-9.22328e-05	0.0365887872	0.0486258757	0.0279115985	-0.0116021956	-0.0433014723	-0.0458355703	-0.0174976787	0.022625561	0.04750963	0.0403941669	0.0060717052	-0.0323402795	-0.0316719	3.469999999999862e-05	1.2040899999999044e-09	0.00100310924961	-1.45577	-0.03549	2.1192662929	0.0012595401	-0.0654718	-0.0092033999999999	8.470257155999988e-05	0.0042865565952399	-0.0271067	-0.0016296	0.00073477318489	2.655596160000006e-06	0.00251584	-0.00054689	6.3294509056e-06	2.990886721e-07	0.00118171	0.00010313	1.3964385241e-06	1.063579690000002e-08	0.0	0.0	0.0	0.0	0.0	0.0	0.0	0.0	0.0	0.0	0.0	0.0	0.0	0.0	0.0	0.0	0.0	0.0	0.0	0.0	0.0	0.0	0.0	0.0	0.0	0.0	0.0	0.0	0.0	0.0	0.0	0.0	0.0	0.0	0.0	0.0	0.0	0.0	0.0	0.0	0.0	0.0	0.0	0.0	0.0	0.0	0.0	0.0	0.0	0.0	0.0	0.0	0.0	0.0	0.0	0.0	0.0	0.0	0.0	0.0	0.0	0.0	0.0	0.0	0.0	0.0	0.0	0.0	0.0	0.0	0.0	0.0	0.0	0.0	0.0	0.0	0.0	0.0	0.0	0.0	0.0	0.0	0.0	0.0	0.0	0.0	0.0	0.0	0.0	0.0	0.0	0.0	0.0	0.0	0.0	0.0	0.0	0.0	0.0	0.0	0.0	0.0	0.0	0.0	0.0	0.0
53508.606976839634	0.0712747948928154	2863171020.601891	0.0050800963870129	64271.68407519531	-630.4082687988266	4130849373.861715	397414.5853699336	54106.36802617263	-66.26187930669403	2927499060.9836364	4390.636649254886	54233.327980048765	53514.81230595576	0.914128	20.941631	0.1107843999999999	0.0662667	0.0087105652	0.0522464796	0.0507853914	-0.008924909	-0.0060835835	-0.0088529538	0.0355673569	-0.0189677566	0.0553636461	-0.0368248662	-0.0173367116	0.0188913826	-0.0133291288	-0.0391833216	0.0185129848	0.0075796861	-0.0010651714	0.0635864063	-0.0296427733	0.0270003357	-0.0154909826	-0.0057486774	-0.0023899762	-0.001369231	-0.0321225072	-0.0134858643	-0.0588375223	0.0029114685	0.013949599	0.0126695582	0.0151049502	-0.0271899647	-0.0433699411	-0.0118201904	0.0799128556	0.027572759	0.0308556735	0.0105725504	0.0218999267	0.0171666314	-0.0112902704	-0.0013331443	0.0061515101	-0.0426758076	0.0370071198	0.0084583545	0.020935131	0.028939567	-0.0074684942	0.02071899	0.0282816306	0.0008219207	-0.0224372741	0.0080991381	-0.0047890957	-0.0581247786	0.0212373064	-0.0155578057	0.0736665995	-0.0093132948	-0.0269523944	0.0038140291	0.0483229455	-0.0069947907	-0.0553448732	0.0023951579	-0.0017929884	0.0003225249	-0.0560501967	-0.0064733853	0.0261957035	-0.0570567493	0.0283066872	0.0358507108	-0.0157311916	-0.0225824928	0.0142602678	0.0212518296	0.029362603	0.0217352846	0.0425012657	0.0166550563	0.0281773409	0.0369753129	-0.0102217701	0.0533792273	0.0032163724	-0.0407409954	-0.0268610898	0.0140556624	0.0091460968	-0.0069652773	-0.0070274833	-0.0301612166	-0.0407635158	-0.0798726584	-0.0170254584	0.0194384979	0.0420874597	-0.0362891274	-0.0197558275	-0.024290975	0.0149143674	0.0129477329	0.0567731796	-0.0242171628	-0.0091638298	0.0265364876	-0.0482160167	0.0046478517	0.0171960129	0.0334116173	0.0647706424	0.0285216767	-0.0277155011	0.0134155397	0.0065408041	-0.0036963693	-0.0105938168	0.027369221	0.0129490075	0.0553185878	0.0025930609	0.0207128912	0.0117184183	0.0187749586	-0.0273066513	-0.0466856667	-0.0073095807	0.0813652891	0.0223233428	-0.0288708334	0.006715232	0.026716003	-0.0185232204	0.0088898429	0.0037773259	-0.0419683231	0.0098540016	-0.0309642241	-0.0146022225	-0.008385214	-0.039227678	-0.005788817	-0.0204525613	-0.0136023797	0.0240716726	0.0124898127	-0.0130480983	0.0262379245	0.0286817588	0.0712943045	-0.0151607648	0.0464641568	0.0079726589	0.0168702434	-0.0062349342	-0.047185671	0.0242655043	-0.0513943697	0.0022123335	0.0011335608	-0.0069243648	0.0613799279	-0.0265764201	-0.0175359007	0.06389431	0.0177835727	0.0346175141	-0.0185556844	-0.023448143	0.0037369264	-0.0072930175	-0.0125828967	0.0337992827	0.0494253554	-0.0200002362	0.0256652261	0.0380611845	-0.0206400489	0.0423817579	0.0153641657	0.0379884882	-0.0268413989	-0.0059875493	-0.0134268991	0.0008204535	-0.0445257805	-0.0138552788	0.0392962595	-0.0776753524	0.026473489	-0.0120769121	0.0126137115	-0.0184424726	0.0338619863	0.0326535017	0.0067690322	-0.0018314533	0.0398687209	0.0378785589	0.0231865286	-0.0474895547	0.0174852365	0.0136855979	0.0586335198	0.0081997664	-0.0573207366	0.0682070997	0.0237592338	0.0275064702	-0.0016673248	0.0135004034	0.0154522148	0.0057616306	-0.0254924268	0.0263747171	-0.0122193662	0.031721606	-0.0069306761	0.0305145471	-0.0165658355	-0.0100958865	0.0042158848	0.012006261	-0.0219304109	-0.0228883383	-0.0119027716	-0.0048334057	-0.0226836501	-0.0111484518	-0.0178501405	0.0323402795	-0.0062547041	-0.0406015827	-0.0473724506	-0.0219686319	0.0183559655	0.0462134553	0.0426834313	0.0101634351	-0.02925942	-0.0488096981	-0.0352091317	0.0023049702	0.0382535695	0.048220895	0.0254372825	-0.0146229661	-0.0447515066	-0.0444854679	-0.0140055395	0.0259867497	0.0483292125	0.0378471697	0.0016598739	-0.0356547843	-0.0316278	4.4100000000005246e-05	1.944810000000463e-09	0.0010003177328399	-1.46067	-0.0048999999999999	2.1335568489	2.4009999999999064e-05	-0.0798972	-0.0144254	0.00020809216516	0.00638356256784	-0.0260752	0.0010315	0.00067991605504	1.0639922500000025e-06	0.00311267	0.00059683	9.6887145289e-06	3.562060489000001e-07	0.000981742	-0.000199968	9.63817354564e-07	3.998720102400001e-08	0.0	0.0	0.0	0.0	0.0	0.0	0.0	0.0	0.0	0.0	0.0	0.0	0.0	0.0	0.0	0.0	0.0	0.0	0.0	0.0	0.0	0.0	0.0	0.0	0.0	0.0	0.0	0.0	0.0	0.0	0.0	0.0	0.0	0.0	0.0	0.0	0.0	0.0	0.0	0.0	0.0	0.0	0.0	0.0	0.0	0.0	0.0	0.0	0.0	0.0	0.0	0.0	0.0	0.0	0.0	0.0	0.0	0.0	0.0	0.0	0.0	0.0	0.0	0.0	0.0	0.0	0.0	0.0	0.0	0.0	0.0	0.0	0.0	0.0	0.0	0.0	0.0	0.0	0.0	0.0	0.0	0.0	0.0	0.0	0.0	0.0	0.0	0.0	0.0	0.0	0.0	0.0	0.0	0.0	0.0	0.0	0.0	0.0	0.0	0.0	0.0	0.0	0.0	0.0	0.0	0.0
53487.804696560925	-20.80228027870908	2860945251.257445	432.7348647939686	64214.14002893066	-57.54404626465112	4123455779.655115	3311.317260508308	54101.37271631709	-4.995309855541564	2926958529.78986	24.95312055287068	54236.141686117386	53463.38599964489	0.857356	19.64105	0.1008353999999998	0.0575889	0.0070465881	0.0411114744	0.0416063139	0.0012605891	0.0258046392	0.0111260226	0.0154550881	0.0542902854	0.0604834464	-0.0248065452	-0.0060357876	0.026433991	-0.0059926436	-0.0173414371	-0.0158216878	-0.0054274851	0.0189273587	0.0448773802	0.0194921741	0.0362893812	0.0029628308	-0.071967931	0.0109483399	0.0051752667	0.0085423451	-0.0396723624	-0.0651075663	0.0466509313	-0.0182745944	0.0339374376	-0.0056654574	-0.0306622765	-0.0059073962	0.0255721696	0.0019926024	0.0143358938	-0.0244419142	-0.0444308625	0.0325775894	0.0816028928	-0.0082510982	0.0088417349	0.0245686957	0.0181238196	0.0135773598	-0.026425408	0.0282858231	0.0393693298	0.0165895355	0.0010687867	0.0270524851	-0.0227435238	0.0513064445	-0.0161011256	0.0349658826	-0.0090927545	0.0549695791	-0.004940371	0.0288566686	0.002198649	-0.0270370527	-0.0385461563	-0.0154809891	-0.0534797942	-0.0546840372	-0.0324793324	0.0041286838	0.0507660723	0.0275062711	-0.0002664246	0.0039399757	-0.0465902461	0.0023115075	-0.0121889892	-0.0159313742	-0.0319221161	-0.0061102885	0.0345810784	-0.0135403086	-0.0325588961	0.0891622497	0.0113837488	-0.0053335314	0.0170244855	-0.0145577813	-0.0051663463	0.0135069068	-0.027009131	-0.0025082621	0.031160255	-0.0058311676	0.0292153367	-0.0124826184	-0.0206070829	0.0180649744	-0.0205170117	-0.0180812199	-0.0509688908	-0.0013261561	0.0193524784	-0.0059524451	0.0529842379	-0.0375053752	0.0938372745	0.0187769419	-0.0155996892	0.032612567	-0.0118052386	0.0513443506	-0.0490662313	0.0115388093	-0.0165120469	0.0426760129	-0.0231528578	-0.0364286254	-0.0053258213	0.0734617383	-0.0117299052	0.005944776	-0.0034339847	0.0376393239	0.0651963807	0.0519217499	-0.0093970507	0.0318535706	-0.0084909495	-0.0285966535	-0.007227414	0.0231909196	0.0012503947	0.0134675429	0.0278728957	-0.0394097837	0.0334931915	-0.0766607286	0.0164315338	-0.0055790637	0.0298630641	0.015783575	0.0030512137	0.0247110299	-0.008364279	-0.0545144006	-0.0255579514	-0.0121955487	-0.0227895975	0.0087838234	-0.045584129	0.0042854036	-0.0391090294	0.0169336432	0.0179697278	-0.0713479456	0.0178248046	0.0073513345	0.026938102	0.0597452481	-0.0063118966	0.0289587626	-0.0339538053	0.0311791902	0.022702188	-0.056255666	-0.0109376514	0.0052687739	-0.0124849093	0.0409749752	0.0195925382	-0.0184637319	-0.022103842	-0.0182490623	-0.0014714109	-0.0477310195	-0.0145427383	-0.0295340297	0.0535764499	-0.0663635893	0.0028157404	0.0060346313	-0.0119929687	-0.0212547872	0.0140512968	0.0277587281	-0.0131297609	-0.0205007048	-0.0287421768	0.0384918571	-0.0180602467	-0.0147925855	-0.0216613182	-0.0263226444	0.0066347731	0.0308654509	-0.0389158436	0.0151337407	-0.0131016178	-0.0246590573	-0.063946779	0.0492930251	0.025593027	0.0551088284	0.0149105568	0.0738212729	0.0224604823	0.0119193832	-0.0278560798	-0.006763513	0.0585127517	0.0617854228	0.0133394419	0.0205567963	0.0016619329	0.0070568877	0.0122616756	0.000782888	0.0100258546	-0.0116331956	0.0265389716	0.0057734019	-0.0014106976	0.0188296747	0.0006775043	-0.0268396977	-0.019923362	0.0258462176	-0.0348764186	-0.002881055	-0.0348393305	-0.0165794791	0.0019112079	0.008574202	0.0014732105	0.0322015336	-0.006620433	-0.0409083818	-0.0471801374	-0.0211404744	0.019377288	0.046624473	0.0419407874	0.0085338634	-0.0307174953	-0.0489319113	-0.0336352026	0.004696647	0.0398119877	0.0476620031	0.0228705931	-0.0175837917	-0.045995879	-0.0429075896	-0.0104339452	0.029185409	0.0488170731	0.0350162597	-0.0027655145	-0.0386533201	-0.031828	-0.0002002	4.0080040000001825e-08	0.001013021584	-1.41714	0.0435299999999998	2.0082857796	0.0018948608999999	-0.100684	-0.0207867999999999	0.0004320910542399	0.0101372678559999	-0.025623	0.0004521999999999	0.000656538129	2.0448483999999986e-07	0.00315081	3.813999999999988e-05	9.9276036561e-06	1.4546595999999904e-09	0.00121777	0.0002360279999999	1.4829637729e-06	5.5709216783999954e-08	0.0	0.0	0.0	0.0	0.0	0.0	0.0	0.0	0.0	0.0	0.0	0.0	0.0	0.0	0.0	0.0	0.0	0.0	0.0	0.0	0.0	0.0	0.0	0.0	0.0	0.0	0.0	0.0	0.0	0.0	0.0	0.0	0.0	0.0	0.0	0.0	0.0	0.0	0.0	0.0	0.0	0.0	0.0	0.0	0.0	0.0	0.0	0.0	0.0	0.0	0.0	0.0	0.0	0.0	0.0	0.0	0.0	0.0	0.0	0.0	0.0	0.0	0.0	0.0	0.0	0.0	0.0	0.0	0.0	0.0	0.0	0.0	0.0	0.0	0.0	0.0	0.0	0.0	0.0	0.0	0.0	0.0	0.0	0.0	0.0	0.0	0.0	0.0	0.0	0.0	0.0	0.0	0.0	0.0	0.0	0.0	0.0	0.0	0.0	0.0	0.0	0.0	0.0	0.0	0.0	0.0
53506.50775981032	18.70306324939884	2862946372.6506424	349.8045749110134	64605.1779697876	391.0379408569352	4173829020.507929	152910.67118963192	54087.05962697957	-14.313089337520069	2925410019.0924435	204.86452638383068	54222.110023563866	53504.79214976918	0.850944	19.494162	0.0278691	0.0133306	0.0049643816	0.0382275211	0.0349069421	-0.0030336711	0.0217552551	0.0121995058	0.0202530025	0.0104342402	0.0353327823	0.0351937323	-0.015650163	0.0231249205	-0.0254097014	-0.0168755703	0.0088869684	-0.0113845391	-0.0515770146	0.0401142063	-0.006457256	-0.0147998502	0.0981711516	0.0069374004	0.0234423961	-0.0375261474	0.0327860677	0.0293809732	-0.0391477868	0.0100367704	0.0264235906	-0.0082530851	0.0165853324	0.0412298823	-0.01029959	0.0451405261	-0.0084312466	-0.0280137347	0.039266097	-0.0457652072	0.0099026601	0.0205404313	-0.010487667	0.0091971338	0.0159692969	0.0161451738	-0.0067033818	0.0241942034	0.0652903373	0.0660010234	-0.0274039306	-0.0021524208	0.0086335441	0.0029941355	0.0229573195	-0.0357987331	-0.0268912639	0.0349879549	0.016614793	-0.0139145602	0.0115743364	-0.047737711	-0.0175159522	-0.030504026	0.0403645899	-0.0137166645	0.016867071	0.0200244767	0.0147083812	-0.0236648159	0.050589426	-0.0171108262	-0.0011689854	0.0205470348	-0.0053141343	0.0326974434	-0.0551696366	0.022150129	0.0349935896	0.0495900411	0.0191784924	0.0508621634	-0.0165846186	-0.0078574927	-0.0047139738	0.0185809803	0.0487155026	-0.0081991913	-0.0161541922	0.0116653644	0.0146217241	-0.0548169269	-0.0407476301	0.0460984855	-0.0638427522	0.0282625564	-0.0410690799	-0.0568929459	-0.0562537667	0.0601817349	-0.0296172845	0.0033204406	0.0293953423	-0.0239390118	-0.0034187933	-0.0725747634	0.0781155984	0.0181991258	0.0401170833	-0.0268672487	0.0128461266	-0.024056104	0.0023453503	-0.0684583332	0.0397615831	-0.0004579337	0.0153302243	-0.0975744738	-0.0086611987	-0.0220067186	-0.0202208105	-0.0430399301	-0.0321023622	0.0385287986	0.0074530217	0.0334904463	-0.0060997731	0.0130805558	0.0436236035	-0.007662111	0.045681297	-0.013371492	-0.0243834936	-0.03836567	-0.043731487	0.0117038476	-0.0173889883	0.0134470147	-0.0127178039	0.0203760087	0.0095661013	0.0109633551	-0.0228225159	-0.0324187016	-0.0900908005	0.0202656665	-0.0123011714	-0.0220874873	-0.0248836761	-0.0167098946	-0.0328680627	0.0100689961	-0.016371596	-0.0269140155	-0.0243496485	0.0142586572	0.0364260928	-0.0091332144	-0.0079309852	-0.0594579509	-0.0057102104	0.031350963	-0.0175219651	-0.0106160261	0.0031280439	-0.05342449	-0.0262867582	-0.0007611654	-0.012604113	-0.0165355363	0.030079639	-0.0557731893	0.0015053071	0.0484186157	-0.0218296199	-0.0251683266	0.0539433408	-0.0108532908	0.0106502859	-0.0174719634	0.0392092962	0.0521970147	-0.0140261579	-0.0094495983	-0.0616267201	-0.0120097595	-0.0584150093	-0.0199767504	0.0171147536	0.0082047974	0.0319699363	0.0218609924	-0.0754194474	-0.013540786	-0.0998525834	-0.0106427471	-0.0160116524	-0.0085737011	-0.003869865	0.082222656	-0.0089903809	0.0703120177	-0.0163764805	0.0114915259	0.0126637445	0.0014237697	0.0368664589	-0.058566624	-0.0303805447	-0.0078825111	0.0548904789	0.0123283245	0.0167971831	0.0047756897	0.0075786277	0.0065846159	0.0060905367	0.0130259658	-0.0046323549	0.0040268787	0.0036706831	0.0002230972	0.0576163131	0.0636432976	-0.0197481408	0.0373983892	0.0274476813	-0.0244903113	0.001697847	-0.041214093	0.0063138339	-0.0245357284	0.0013174508	-0.0080329588	0.0320623308	-0.0069857861	-0.0412099568	-0.046977113	-0.0203048178	0.0203887125	0.0470030752	0.0411600588	0.0068944842	-0.0321319892	-0.0489701238	-0.0319925587	0.0070770633	0.0412597087	0.046950984	0.0202208511	-0.0204725349	-0.0470288708	-0.0411100147	-0.0068031578	0.0322015336	0.0489698633	0.0319226731	-0.0071683153	-0.0413093142	-0.0220914	0.0097366	9.480137956000002e-05	0.00048802995396	-1.4094	0.00774	1.98640836	5.990760000000124e-05	-0.10317	-0.002486	6.180196000000011e-06	0.0106440489	-0.0256325	-9.499999999999093e-06	0.00065702505625	9.024999999998276e-11	0.00311569	-3.512000000000003e-05	9.7075241761e-06	1.233414400000002e-09	0.00110426	-0.00011351	1.2193901476e-06	1.2884520100000012e-08	0.0	0.0	0.0	0.0	0.0	0.0	0.0	0.0	0.0	0.0	0.0	0.0	0.0	0.0	0.0	0.0	0.0	0.0	0.0	0.0	0.0	0.0	0.0	0.0	0.0	0.0	0.0	0.0	0.0	0.0	0.0	0.0	0.0	0.0	0.0	0.0	0.0	0.0	0.0	0.0	0.0	0.0	0.0	0.0	0.0	0.0	0.0	0.0	0.0	0.0	0.0	0.0	0.0	0.0	0.0	0.0	0.0	0.0	0.0	0.0	0.0	0.0	0.0	0.0	0.0	0.0	0.0	0.0	0.0	0.0	0.0	0.0	0.0	0.0	0.0	0.0	0.0	0.0	0.0	0.0	0.0	0.0	0.0	0.0	0.0	0.0	0.0	0.0	0.0	0.0	0.0	0.0	0.0	0.0	0.0	0.0	0.0	0.0	0.0	0.0	0.0	0.0	0.0	0.0	0.0	0.0
53450.83009343235	-55.677666377974674	2856991237.6769733	3100.0025332970517	64206.70896630859	-398.4690034790037	4122501476.284252	158777.5467335503	54042.13848109586	-44.92114588370896	2920552731.6099424	2017.9093475054624	54171.55697141116	53542.93221483107	1.05226	24.106091	0.1504631	0.0980324	0.0089950888	0.0397773942	0.0477499274	-0.0112878191	0.0191097515	-0.020705317	0.030607647	-0.0426774359	0.0696747253	-0.01550018	0.032514162	0.0391151987	0.0094801219	-0.0190338004	-0.0169119238	-0.0246878532	0.0317869979	0.0913107381	-0.0541299295	0.0351162357	-0.0613661203	0.0393602914	-0.00718632	0.0137725906	0.0062677519	-0.0540047559	0.001479589	0.0108254348	-0.0017193311	0.0057983438	-0.0163384245	0.0126445245	-0.0212281408	-0.0492313056	0.0619169985	-0.0159603372	-0.0190607905	-0.0614876575	0.0408753883	-0.079360425	0.0676566026	0.0190800775	-0.0025066417	-0.041594843	0.0257986665	0.0058627086	0.0156869177	0.0463579972	0.0100472032	-0.0087903175	-0.0230677536	-0.0123914965	-0.0049560571	0.0373173658	0.0097419665	0.00673824	0.0181238125	0.0206913287	0.0123210668	-0.0178913174	0.0333073263	-0.043104238	-0.0001698588	-0.0348432838	0.0288456147	0.0272038848	0.0541790813	0.0175021279	0.0129371636	-0.0581626731	0.0039325803	0.0134049466	0.0173907388	0.0173946115	-0.004749297	-0.0362417868	0.0031721043	-0.0666320883	-0.0088586183	-0.0050105897	-0.0536070754	-0.0176125929	0.0085117902	-0.0248856322	-0.0681929292	-0.0385056368	0.0070192155	-0.0167928073	0.0054625384	0.0375125778	-0.0674160121	0.0115402356	0.0413768484	0.0203185841	0.0511465445	0.0160501096	-0.0230332433	-0.0245028965	-0.0167260347	-0.059380892	-0.0245634237	0.0263155208	-0.0173116361	-0.0219871288	-0.0079546786	0.0183931891	0.0330415879	-0.0299905834	0.0304605808	0.0206380082	0.0146021752	-0.0305151254	0.0913794606	0.0543573851	-0.0385278923	0.0585002157	-0.0344465647	0.0095946777	0.009680031	-0.0054539216	0.0556212437	-0.0002541031	0.0094820348	0.0002472575	0.0045668258	-0.0208283079	0.0075558032	-0.01967466	-0.0415672517	0.0628895352	-0.0237529523	0.0197343551	-0.0586472646	0.0433687687	0.0741160287	-0.0771413235	-0.023109843	-0.024372042	0.0052597498	-0.0242082295	-0.0291782864	0.0006228291	-0.0437695269	-0.030611599	0.0087894385	0.0302915216	0.0109355554	0.0050705196	0.0409620907	0.0049407669	0.0012505262	-0.0144576072	-0.0151873042	0.0176079193	-0.0008085891	-0.0305165735	0.0451633752	-0.0256176716	0.0168456888	0.0357971026	-0.0123415154	-0.0371009266	-0.0461169742	-0.0179416576	-0.0551409289	0.0151063184	-0.0183440464	0.0131629674	0.0105121103	-0.0058342483	-0.0464810834	-0.015936059	0.0510381953	0.0195771814	-0.017969089	-0.048840537	0.0329505036	0.0179577761	-0.0405377141	-0.057694128	-0.0369555028	-0.0061966864	0.024395429	-0.0089729411	-0.0139524162	-0.0485789905	-0.0170989535	0.0543173982	-0.0273673002	-0.053693203	0.0280857242	-0.0236825673	0.0013582694	-0.0293002312	0.0295934657	0.0558037337	-0.0371974637	0.008447282	0.0299503863	-0.0036364863	-0.0250320083	0.0277239499	0.0127796303	-0.0239714323	-0.0273526935	-0.0310302211	-0.0312970217	-0.0371041411	0.0637797199	0.0115085814	0.026374443	0.0067457637	-0.0013950118	0.0060919717	0.0087046112	-0.0099904024	-0.0119128071	0.0435262077	0.0043654229	-0.0024836921	-0.0068163529	-0.0729863703	-0.0081030258	0.0184046323	0.0301199187	0.016029718	-0.0191339125	-0.0176940819	0.0157893706	-0.0216009193	-0.0116615621	0.0235085671	0.0319226731	-0.0073507428	-0.0415062691	-0.0467634234	-0.0194619585	0.0213897225	0.0473489988	0.0403419543	0.0052471816	-0.0335008948	-0.04892427	-0.0302845558	0.009440512	0.042592707	0.0460901072	0.0174976787	-0.0232773535	-0.0478457346	-0.039101947	-0.0031337753	0.0350162597	0.0487865342	0.0285896166	-0.0115125682	-0.0435992294	-0.0205848	0.0015066	2.2698435600000007e-06	0.00042373399104	-1.45109	-0.04169	2.1056621881	0.0017380561	-0.080946	0.0222239999999999	0.0004939061759999	0.006552254916	-0.0271427	-0.0015101999999999	0.00073672616329	2.280704039999999e-06	0.00323935	0.00012366	1.04933884225e-05	1.5291795600000066e-08	0.00117125	6.699000000000006e-05	1.3718265625e-06	4.4876601000000085e-09	0.0	0.0	0.0	0.0	0.0	0.0	0.0	0.0	0.0	0.0	0.0	0.0	0.0	0.0	0.0	0.0	0.0	0.0	0.0	0.0	0.0	0.0	0.0	0.0	0.0	0.0	0.0	0.0	0.0	0.0	0.0	0.0	0.0	0.0	0.0	0.0	0.0	0.0	0.0	0.0	0.0	0.0	0.0	0.0	0.0	0.0	0.0	0.0	0.0	0.0	0.0	0.0	0.0	0.0	0.0	0.0	0.0	0.0	0.0	0.0	0.0	0.0	0.0	0.0	0.0	0.0	0.0	0.0	0.0	0.0	0.0	0.0	0.0	0.0	0.0	0.0	0.0	0.0	0.0	0.0	0.0	0.0	0.0	0.0	0.0	0.0	0.0	0.0	0.0	0.0	0.0	0.0	0.0	0.0	0.0	0.0	0.0	0.0	0.0	0.0	0.0	0.0	0.0	0.0	0.0	0.0
53477.19016350812	26.360070075774274	2859809867.78401	694.8532943997303	64781.03191888428	574.3229525756833	4196582096.475504	329846.8538552506	54125.71046527442	83.57198417855398	2929592533.3707166	6984.276539540476	54259.10138038178	53888.664887505074	1.100655	25.214758	0.1379780999999999	0.0942754	0.0032946133	0.0393937386	0.0487274093	-0.0016283565	-0.0046933934	0.017250399	0.0327182164	0.0044213591	0.041725965	0.0024000436	0.0041571471	0.0076104201	0.0087132052	-0.0354133413	0.0581159759	0.0206601435	-0.056451204	0.0501129479	0.0186019016	-0.0100398233	0.006866196	-0.0295729327	0.028931335	0.0172688884	-0.0353667854	0.0228432989	-0.0416666801	-0.0151519952	0.0385576048	-0.0276350672	-0.0183502733	-0.0166170044	-0.0045631977	-0.025706947	-0.0028095443	-0.0123049648	0.0205141081	0.0390616202	-0.0050831331	0.051230578	-0.0496745238	-0.0295528744	-0.0298202227	0.0259167674	-0.0446436906	-0.0455927245	0.0459950066	0.0187337469	0.0423664431	0.0073121966	0.0517254677	0.0275018429	0.0021867417	-0.0300097065	-0.0530171467	0.0207673813	0.005745427	-0.0411883554	0.0500587589	0.0354140542	-0.0119619152	0.0350268493	-0.0189859486	-0.011972901	0.006319781	0.0080164842	0.0078480157	-0.0190802367	-0.006359316	-0.0252020663	0.0653299732	-0.0623995866	0.0400709591	0.0040380224	-0.0174003468	0.0113396677	0.0849731927	-0.0070989914	-0.0369478177	-0.0450478831	-0.0410753818	-0.0142405913	0.0120632732	0.0002352954	0.0483835179	-0.0557985325	-0.0128039804	0.0224643748	0.0175995799	0.0415988331	-0.0034495648	-0.006666225	0.0257684141	0.0402801291	-0.0158148484	-0.0003894141	0.0433265129	0.0422642078	-0.0331453633	0.0127678211	-0.0309811931	-0.0009300728	-0.0151864451	0.0435848926	-0.0292195206	-0.0126570912	-0.0356377467	0.0282775155	-0.0735423551	-0.0285947866	-0.0334212804	-0.0667868916	0.0490335118	-0.0218347332	0.008269444	-0.0069665929	0.0273663827	-0.0338640502	0.0054633982	0.0378060582	-0.0208374789	0.0353730048	-0.0200730017	0.0412800196	-0.0275437994	-0.0126324329	-0.0225577805	-0.0012512162	-0.0258485916	-0.0009032685	-0.0121053381	-0.0232786924	0.0331890849	-0.0074208247	-0.0389252669	0.0557434525	0.0318962436	0.0088131677	-0.0395451125	0.054215896	0.0467641413	-0.0271725666	-0.0260339495	-0.0437524872	-0.0174411412	-0.0597957798	-0.0144655245	-0.0016561442	-0.0481954364	0.0382511524	-0.01567087	0.0142797474	-0.0211181836	0.0299813654	-0.0389477532	0.0145509732	-0.0286203671	0.0327335781	-0.0004711186	0.015157607	-0.0069213058	0.0008066656	0.0003840037	0.0151908539	-0.0530716076	-0.0581035339	0.0644892396	0.0412642025	0.0148991703	-0.0161866812	-0.0267066197	0.0747665211	0.0054505838	0.0168634523	-0.04585304	-0.0459795905	0.0214549876	-0.0034330323	0.0134840864	0.046613755	-0.0366362586	-0.0171986263	-0.0068006855	0.042361708	0.0328333369	-0.0071741463	0.0039388387	0.0378283549	0.0087898892	0.0085679935	0.0372034618	0.0239266643	-0.0393062838	0.0378221689	0.0229564866	-0.0157776388	0.0146660935	-0.0608252607	0.0129720413	-0.0385876654	0.0190004933	0.0160446528	-0.0703737891	-0.0130454026	0.0663740875	-0.0364642624	-0.0018134734	0.0408635799	0.058555263	0.0239236326	0.029235347	-0.03191784	-0.0137683403	-0.0031040539	0.0064515	-0.0376757401	0.0168161962	-0.0222080595	0.0034002786	-0.0281266497	0.0306693514	0.0249063326	0.0304737312	-0.0412751627	-0.031227493	-0.0221659755	-0.0141286595	-0.0020489595	-0.0053877283	-0.0033227578	0.0028007188	0.0283314786	0.0317825624	-0.0077152822	-0.0417972809	-0.0465391172	-0.0186121956	0.0223798066	0.0476620031	0.0394872168	0.0035938487	-0.0348222698	-0.0487944286	-0.0285146833	0.0117813266	0.0438072762	0.0450821203	0.014710965	-0.0259867497	-0.0484427166	-0.0368936684	0.0005533855	0.037611983	0.0482683442	0.0250420933	-0.0157627911	-0.0455027728	-0.0230006	-0.0024157999999999	5.836089639999996e-06	0.0005290276003599	-1.53748	-0.0863899999999999	2.3638447504	0.0074632320999999	-0.0454032	0.0355428	0.00126329063184	0.0020614505702399	-0.0272251	-8.239999999999983e-05	0.00074120607001	6.789759999999973e-09	0.00308831	-0.00015104	9.5376586561e-06	2.281308160000009e-08	0.0011321	-3.914999999999995e-05	1.28165041e-06	1.5327224999999959e-09	0.0	0.0	0.0	0.0	0.0	0.0	0.0	0.0	0.0	0.0	0.0	0.0	0.0	0.0	0.0	0.0	0.0	0.0	0.0	0.0	0.0	0.0	0.0	0.0	0.0	0.0	0.0	0.0	0.0	0.0	0.0	0.0	0.0	0.0	0.0	0.0	0.0	0.0	0.0	0.0	0.0	0.0	0.0	0.0	0.0	0.0	0.0	0.0	0.0	0.0	0.0	0.0	0.0	0.0	0.0	0.0	0.0	0.0	0.0	0.0	0.0	0.0	0.0	0.0	0.0	0.0	0.0	0.0	0.0	0.0	0.0	0.0	0.0	0.0	0.0	0.0	0.0	0.0	0.0	0.0	0.0	0.0	0.0	0.0	0.0	0.0	0.0	0.0	0.0	0.0	0.0	0.0	0.0	0.0	0.0	0.0	0.0	0.0	0.0	0.0	0.0	0.0	0.0	0.0	0.0	0.0
53365.01680012134	-112.17336338678432	2847825018.077233	12582.863453503567	64056.68241223144	-724.349506652834	4103258561.661481	524682.207788204	54032.51761779195	-93.1928474824672	2919512960.116997	8684.90682189039	54159.19079856981	53633.82117872362	0.938565	21.501459	0.1904257999999999	0.116043	0.0041244892	0.02740517	0.038631453	-0.0005716098	0.0081663861	0.0023354062	0.0326323532	0.0009202251	0.040771886	-0.003352122	0.0031966032	0.0315699761	-0.0093922363	-0.0168951692	-0.0440259565	-0.0165854877	-0.016360269	0.0786160726	-0.0039780219	-0.0057756731	0.0267985532	0.0005676987	0.037587821	-0.0401809571	0.0298632351	0.0132973583	0.0109931877	-0.0218530562	-0.0071195475	0.0018483902	-0.0025520134	-0.0190404816	0.0499634759	0.0101597843	-0.034624375	-0.0128079633	-0.0087278029	-0.0427589271	-0.0024261479	0.0244907059	0.0502084999	0.0091219565	0.0219904809	0.0394853083	0.0155815858	0.0239777163	-0.0397805645	-0.0060282944	0.0056431849	0.0376514077	0.0377971584	-0.0336265307	0.0053319191	0.0629740099	-0.0218902656	0.0337684615	0.0264565568	0.0791984557	-0.0739629963	-0.0030278122	-0.0440633285	0.0001005786	0.0223654886	-0.0044334137	-0.0077963495	0.0146488986	-0.0165473073	0.0316495777	0.0640253293	0.0295520754	-0.0183847649	-0.0202549583	0.0322306553	0.0071340486	0.0369111069	-0.0058262913	0.0172842082	-0.0376377517	-0.0410258597	0.0581873507	0.0098949388	-0.026064884	-0.0376478798	-0.0104198389	-0.024964196	0.0433520195	0.0054733069	0.0060473772	0.0046550123	-0.0147576758	-0.0066947601	-0.0781275047	0.0182667427	-0.0170477049	-0.0386911372	0.0456820702	0.0647916003	0.0394914229	-0.029266431	0.0182147111	-0.0140801455	-0.0803492459	0.0518452426	-0.0368743547	0.0019434776	0.003413043	-0.0367142302	-0.0388041272	-0.0014878446	-0.0179918935	-0.0009511919	-0.0173981059	0.0778587225	-0.0008890592	0.0055225202	-0.0272350556	0.0004008187	-0.0352366135	-0.0212000763	-0.0471613455	-0.0133466833	-0.0103729222	-0.0202574307	-0.0109173552	0.0034135185	-0.0003460013	-0.0152776899	0.0474728035	0.0069708216	-0.0347793126	-0.0108764928	0.0135239675	-0.0391606499	-0.0081758454	-0.0292910415	-0.0428093921	-0.0128623551	0.0559731549	0.0170754464	-0.0269472892	-0.020589406	0.0305305289	0.0278841354	-0.0024221076	-0.0402571929	-0.0211814782	0.0497290719	-0.0075903281	0.0633051422	0.0263054474	0.0259004144	-0.0861102344	-0.0067080595	-0.030049933	0.0271071691	0.0572063021	0.0017695106	-0.0210554369	0.0173146357	-0.0046344614	-0.0237482481	0.0258365153	-0.0132998701	-0.0568848107	0.0594921867	0.0037992065	0.0122596769	0.0336263008	0.0193144292	0.0328291185	0.002075704	0.0014548189	0.0588949099	-0.0670737932	0.0087637974	-0.0210427788	-0.0183077504	-0.0209460202	-0.0249362534	-0.0214700919	0.0253751438	0.0195599347	0.0082077341	-0.0082064462	0.0073312283	0.0004218775	-0.0788712773	-0.0265982444	0.0038321124	0.0457735695	0.0557179678	0.0074223656	-0.011329007	0.0639679157	0.0256790671	-0.0155124311	0.0516151329	0.033919975	-0.0769607674	-0.0120218896	-0.0087523232	-0.0372237556	-0.005541794	-0.0276059901	0.042437863	-0.0235969877	-0.0091566705	-0.0144646402	0.0475479917	0.0091623907	0.017476812	-0.0102497756	-0.0049045669	0.007962593	-0.0038004823	0.0008929603	-0.0242686233	0.0231975411	-0.0093568523	-0.0084492707	0.0216945599	0.0113304395	5.57556e-05	0.0177670141	-0.002317136	-0.0131123228	-0.0041418205	-0.0381586665	-0.0083136808	-0.0125923521	0.0092461788	0.0396428795	0.0316420006	-0.0080793838	-0.0420829549	-0.0463042454	-0.0177558304	0.023358459	0.0479418706	0.0385966226	0.0019363856	-0.0360942395	-0.0485808224	-0.026686557	0.0140938949	0.0449000392	0.0439302406	0.0118708295	-0.0285896166	-0.0488170731	-0.0344964857	0.0042374069	0.0399724692	0.0474188502	0.0213067153	-0.0198842699	-0.0470030752	-0.0265398	-0.0035391999999999	1.2525936639999995e-05	0.0007043609840399	-1.45833	0.07915	2.1267263889	0.0062647225	-0.0815043	-0.0361011	0.00130328942121	0.00664295091849	-0.0259664	0.0012586999999999	0.00067425392896	1.584325689999995e-06	0.00316135	7.303999999999991e-05	9.994133822499998e-06	5.334841599999987e-09	0.00123307	0.0001009699999999	1.5204616248999998e-06	1.0194940899999984e-08	0.0	0.0	0.0	0.0	0.0	0.0	0.0	0.0	0.0	0.0	0.0	0.0	0.0	0.0	0.0	0.0	0.0	0.0	0.0	0.0	0.0	0.0	0.0	0.0	0.0	0.0	0.0	0.0	0.0	0.0	0.0	0.0	0.0	0.0	0.0	0.0	0.0	0.0	0.0	0.0	0.0	0.0	0.0	0.0	0.0	0.0	0.0	0.0	0.0	0.0	0.0	0.0	0.0	0.0	0.0	0.0	0.0	0.0	0.0	0.0	0.0	0.0	0.0	0.0	0.0	0.0	0.0	0.0	0.0	0.0	0.0	0.0	0.0	0.0	0.0	0.0	0.0	0.0	0.0	0.0	0.0	0.0	0.0	0.0	0.0	0.0	0.0	0.0	0.0	0.0	0.0	0.0	0.0	0.0	0.0	0.0	0.0	0.0	0.0	0.0	0.0	0.0	0.0	0.0	0.0	0.0
53430.76602308686	65.74922296551813	2854846757.813853	4322.960320569417	64563.64472412109	506.9623118896488	4168464220.062529	257010.7856764976	54082.33320236944	49.81558457748906	2924898764.612112	2481.592466796966	54203.74865083849	53598.770977069806	0.8379839999999998	19.197262	0.108985	0.0681095	0.0034216421	0.0260119729	0.0358009703	-0.0024884393	0.0107506405	0.0078743174	0.008911223	-0.0220096048	0.047535836	-0.0229611444	-0.0146007194	0.0103265386	-0.0086187951	-0.0267700077	-0.0278458373	0.0139994998	-0.0104415705	0.0785446236	-0.0049248475	-0.0343328531	-0.0007407814	-0.0343205186	-0.018290931	0.0241734823	0.0223032355	0.0556270549	-0.0190127347	-0.0174789583	0.057480291	-0.000166491	-0.0108028394	-0.0347953887	0.0242071944	-0.0167545557	0.0378209411	-0.0271743827	0.031279013	0.0282460855	0.0117436966	-0.0230297755	-0.0158857486	-0.0472079631	0.0030654398	0.0308643727	0.0166276258	0.0389673762	0.0025453556	-0.0261512414	-0.0212703948	0.0118631017	-0.0113848695	0.0162511077	0.0541043932	0.0049892492	0.0163181321	-0.046987469	-0.0019737414	-0.0297252905	-0.0157698025	-0.0229210902	0.0257082289	0.0507658859	-0.0074546809	0.0018216739	0.0175143644	0.0791302222	0.0366723666	-0.0287712346	0.0020240087	-0.0140597078	0.0388124506	-0.0165788475	0.025279722	0.056529973	-0.0183493418	-0.0005466284	0.0214464013	-0.0113810697	0.0009469352	-0.060577617	-0.0570781987	0.0271566635	0.0592213442	0.0415641315	0.0140403365	-0.0459676148	0.0039477474	0.0005425791	-0.0265168603	0.0175249353	0.0404318797	0.0595077979	-0.0186126856	-0.0268043221	-0.038653208	0.0291324627	0.0265983899	0.0256226777	-0.0025889031	0.0249824414	0.0076099706	-0.0206415471	-0.0490342615	0.0099395654	-0.0379963068	0.0264753204	-0.0393931609	0.0590161662	-0.0184620169	0.0114973722	-0.0047303935	-0.0256331152	0.080495702	0.0002651697	0.0340329736	0.0012688379	0.0330336896	0.0218650123	0.0290625605	-0.0063550486	-0.0538448058	0.0185299692	-0.0254133385	0.0500367779	0.0049028886	-0.001945383	-0.0355640983	0.0319899082	-0.0119584122	0.0395742684	-0.0269580425	-0.0335023792	0.026014431	0.0060784742	0.0220704768	0.0219266375	0.0430771381	0.0243795736	-0.0021496953	-0.0252520499	-0.0232235004	-0.0205791256	0.0221418586	0.0403882666	-0.005183327	-0.0067222526	-0.0409868198	-0.0156849322	0.0231590654	-0.0240068108	0.0415483707	0.0416279634	0.0014815374	-0.0256551698	0.0112515123	-0.0379641309	-0.0384383886	0.0224097342	0.0118439581	0.0220099129	-0.0743721474	-0.0408883282	-0.0002196924	0.0023176016	-0.0362485476	-0.0268404764	0.0219292932	0.0102833801	0.0583865515	-0.0176802934	-0.0333854041	0.0178613753	-0.0072625507	0.0515845871	-0.0472573684	-0.0142801267	0.0517571577	0.0316387604	0.0490747247	-0.0018550468	-0.0207422805	-0.0235591354	-0.0208619588	0.0031749546	0.0177221147	0.0261694889	0.0807038705	-0.0316774369	-0.0180938292	0.0248088318	0.0458553283	-0.0093952194	-0.023681475	0.0196614978	-0.0104410391	-0.0279036666	0.0380729466	-0.0279311348	0.0465879072	-0.0307102116	-0.0317586226	-0.0240011649	-0.0529676678	0.0224571036	0.0067115027	-0.031764399	-0.0103768011	-0.0157042354	0.0434485483	0.013217047	0.0107974937	-0.0167517475	-0.0115797641	0.0075877699	-0.0029806474	-0.005937217	-0.0107712092	-0.0021749656	0.0165259037	0.00051343	0.0069428896	0.0026203194	0.0222283441	-0.0146043166	-0.0322088071	-0.0316977688	-0.0026931178	-0.0418196203	-0.0251089074	-0.0333274284	-0.0198354576	0.0464955954	0.03150099	-0.0084430267	-0.0423632548	-0.0460588611	-0.0168931667	0.02432518	0.0481884067	0.0376709804	0.0002766972	-0.0373149993	-0.0482838183	-0.0248039116	0.0163726724	0.0458679577	0.0426381448	0.0089875862	-0.031075284	-0.0489670838	-0.0319226731	0.007897389	0.0420829549	0.0462438827	0.0174115036	-0.0238433419	-0.0480868413	-0.022438	0.0041017999999999	1.6824763239999993e-05	0.000503463844	-1.52165	-0.06332	2.3154187225	0.0040094224	-0.0706766	0.0108276999999999	0.0001172390872899	0.00499518178756	-0.0259458	2.059999999999909e-05	0.00067318453764	4.2435999999996254e-10	0.00359114	0.00042979	1.28962864996e-05	1.8471944410000018e-07	0.00106875	-0.0001643199999999	1.1422265625e-06	2.700106239999997e-08	0.0	0.0	0.0	0.0	0.0	0.0	0.0	0.0	0.0	0.0	0.0	0.0	0.0	0.0	0.0	0.0	0.0	0.0	0.0	0.0	0.0	0.0	0.0	0.0	0.0	0.0	0.0	0.0	0.0	0.0	0.0	0.0	0.0	0.0	0.0	0.0	0.0	0.0	0.0	0.0	0.0	0.0	0.0	0.0	0.0	0.0	0.0	0.0	0.0	0.0	0.0	0.0	0.0	0.0	0.0	0.0	0.0	0.0	0.0	0.0	0.0	0.0	0.0	0.0	0.0	0.0	0.0	0.0	0.0	0.0	0.0	0.0	0.0	0.0	0.0	0.0	0.0	0.0	0.0	0.0	0.0	0.0	0.0	0.0	0.0	0.0	0.0	0.0	0.0	0.0	0.0	0.0	0.0	0.0	0.0	0.0	0.0	0.0	0.0	0.0	0.0	0.0	0.0	0.0	0.0	0.0
53628.05940486544	197.29338177858156	2875968755.5317764	38924.67849362913	64144.71489709472	-418.9298270263753	4114544449.2295647	175502.19997234872	54139.83437915558	57.50117678614333	2931121666.6023965	3306.385331791309	54261.50318706886	53314.33303856788	0.9077670000000002	20.795914	0.1045514999999999	0.0597686	-0.0011515497	0.0206048315	0.0303659209	-0.0007999092	0.0386387487	0.0120862813	-0.0170354811	0.0097973438	0.0561323082	-0.0018422965	-0.0391728253	0.0514065793	-0.001968223	-0.0330711624	-0.0532584631	-0.0073796945	0.0096456102	0.0712998529	0.0170284262	-0.0206492944	0.0221516648	0.0062461882	0.014184366	0.0191869051	0.0451776551	-0.0446824661	-0.0022954789	-0.0293187029	-0.008987105	-0.0042929235	0.0529866823	-0.0346289994	-0.0367431668	0.020226196	-0.0114823159	0.0587253764	0.0319025915	-0.0439059873	-0.0170464771	0.0583205748	0.0109401133	0.010925292	0.0512634086	-0.0497487073	-0.0216322328	-0.0799528207	0.0028901838	-0.0024973734	0.0084314257	-0.0167051793	-0.0324137149	0.0121090015	-0.0540744847	0.0052403287	-0.0193782934	0.0517245734	0.0235102995	-0.0035689715	-0.0834451828	0.0120571959	0.0903883833	0.0495769821	-0.005845965	0.0290323594	-0.0712407306	-0.0241001814	-0.0117161138	0.0075586621	0.0141269565	0.0781924673	0.0145404521	0.0233677356	0.0138838481	-0.0246894326	-0.0233032843	0.0480158602	0.0113762794	0.0239568761	0.0051006146	-0.0540342207	-0.0376007052	-0.0077447604	-0.014568014	-0.0623655128	-0.014701781	0.0006942849	0.0024661189	-0.003775823	0.0224158808	0.0333805887	0.0495833215	-0.0229873711	-0.0041220646	0.0015180956	0.0511085785	-0.0134835238	-0.0279200093	0.0215056608	-0.0785728617	-0.0364795685	-0.0115936708	-0.0050374964	0.0048485345	-0.056838032	-0.0255161535	0.0702325828	-0.0657573152	-0.0134657654	-0.0418466946	-0.0063726731	0.0181467159	-0.0002807004	0.0725359861	-0.0209907877	0.021956257	-0.0210808852	-0.0072172696	-0.006336959	0.0356971973	-0.0350667425	0.0461295458	0.0055825409	-0.0236055999	-0.0147194187	-0.0002917265	0.0613075361	-0.0265281392	-0.030937396	0.0188424715	-0.0120202686	0.0574806678	-0.024630388	-0.0490699916	-0.0089244813	-0.0648318207	-0.0144554391	-0.0008514364	-0.0387083341	0.0543952229	0.0386606509	0.0513366269	0.0019637606	-0.0031531324	-0.0372655727	0.0223863658	0.0444926423	0.0200421432	0.0553289745	0.0024669474	0.0132960902	-0.0258655333	-0.0696022221	-0.0245569926	-0.0582434493	-0.031305031	-0.0699860991	-0.0452874566	0.0451281112	0.0205560621	-0.0836056811	0.0121601243	0.005199289	0.0177083274	-0.0077287846	0.0779513118	-0.0402509054	-0.0178899415	-0.0018635476	-0.0106246327	-0.0198997069	0.0343537709	0.0350217298	-0.0206191074	0.0552002981	-0.0052663703	-0.0300957768	0.0155422599	-0.0180557804	-0.0739637092	-0.0054209005	0.012334425	0.0072131271	0.014851691	0.0371874654	0.0237393309	0.0264833599	0.0016043762	-0.0223042025	0.0276183816	-0.0448815626	0.0042437592	0.0020123988	-0.0641410075	-0.0312849196	0.0463206917	0.0294222293	-0.0101104262	0.0094896736	-0.0134854252	-0.0169602116	-0.0898012925	-0.0470023099	-0.0542304606	-0.0242900141	0.037046178	0.0136042219	-0.0082122678	0.0021080856	0.0427663952	0.0058970455	0.0080197633	-0.005965208	-0.0169569688	0.0213049038	0.0029944306	0.0091228227	0.0032870432	0.0276901058	-0.0153984145	0.0141830378	0.0150434589	-0.0112731059	-0.0041019258	0.0156775061	-0.0125551212	-0.0156965039	0.0010905331	-0.0323341342	-0.0135132599	-0.0239200734	0.0105463137	0.0482093546	0.0313595323	-0.0088061905	-0.0426381448	-0.0458030203	-0.0160245105	0.0252794756	0.04840144	0.0367111306	-0.0013833093	-0.0384828171	-0.047903926	-0.0228705931	0.0186121956	0.0467083402	0.0412099568	0.0060717052	-0.0334335625	-0.0488920593	-0.029185409	0.0115125682	0.0439302406	0.0447515066	0.0133856785	-0.0276076712	-0.0487444668	-0.0263681	-0.0039300999999999	1.544568600999999e-05	0.0006952766976099	-1.47931	0.04234	2.1883580761	0.0017926756	-0.107784	-0.0371074	0.00137695913476	0.011617390656	-0.0259642	-1.839999999999828e-05	0.00067413968164	3.385599999999367e-10	0.00322174	-0.0003694	1.03796086276e-05	1.3645636000000018e-07	0.00103307	-3.567999999999996e-05	1.0672336249000002e-06	1.273062399999997e-09	0.0	0.0	0.0	0.0	0.0	0.0	0.0	0.0	0.0	0.0	0.0	0.0	0.0	0.0	0.0	0.0	0.0	0.0	0.0	0.0	0.0	0.0	0.0	0.0	0.0	0.0	0.0	0.0	0.0	0.0	0.0	0.0	0.0	0.0	0.0	0.0	0.0	0.0	0.0	0.0	0.0	0.0	0.0	0.0	0.0	0.0	0.0	0.0	0.0	0.0	0.0	0.0	0.0	0.0	0.0	0.0	0.0	0.0	0.0	0.0	0.0	0.0	0.0	0.0	0.0	0.0	0.0	0.0	0.0	0.0	0.0	0.0	0.0	0.0	0.0	0.0	0.0	0.0	0.0	0.0	0.0	0.0	0.0	0.0	0.0	0.0	0.0	0.0	0.0	0.0	0.0	0.0	0.0	0.0	0.0	0.0	0.0	0.0	0.0	0.0	0.0	0.0	0.0	0.0	0.0	0.0
53776.9794273982	148.9200225327586	2891963516.334809	22177.173111157328	65231.72938037109	1087.0144832763765	4255178517.953969	1181600.4868526072	54259.99440318242	120.16002402683807	2944146992.633388	14438.431374130305	54384.30971805126	54525.73921659395	0.927763	21.253992	0.0983583	0.0555115	-0.0019398562	0.011037723	0.0251193087	0.0013838903	0.0551472039	0.0100765009	-0.0573071673	0.0062395827	0.0611612237	0.0110935261	-0.037047794	0.0152134089	0.002561816	-0.0232754388	0.010526358	0.0068023665	-0.0400205507	0.0490262952	0.0438670008	-0.0287294165	0.0482504712	-0.0104792546	-0.0611795501	0.0569591988	0.0225725857	0.0554528164	0.0065166623	-0.0577317129	-0.0183581761	0.0139618254	-0.0303458117	-0.0030871778	0.055709514	0.0411154604	0.0271942258	-0.0049134516	0.0221988482	0.0360787166	-0.0499644151	-0.0149926071	0.0224849636	0.0193166488	-0.0734918184	-0.0126841562	-0.0340996668	0.0123771369	-0.0314822412	0.0431852427	-0.0046795128	-0.075648624	-0.0010878239	-0.0318249615	0.0412546105	0.0130208956	-0.0418798959	0.0097458645	-0.0232563465	0.0300893898	-0.0088842306	0.0387122804	0.0083275997	0.022648123	0.0290597291	0.0082994639	0.0198373506	0.0360079674	-0.0431967748	-0.0024323697	-0.0059265526	-0.0045151368	-0.0126846527	0.0428017579	-0.0138555038	0.0203615589	-0.0303300218	0.0140747749	-0.001601775	-0.0348343707	-0.0203710664	0.0604233704	-0.0752594095	0.008487237	0.001656301	0.0140583175	0.0119493815	0.0750935189	0.0689371418	-0.0144837652	0.0213880046	0.0519296677	0.0111060195	0.0111964328	-0.0144123658	-0.0409267471	0.0040521019	-0.0230189059	0.0003776356	0.0187993026	0.0187883642	0.0130588519	-0.0263235724	-0.0027551606	0.0045721773	0.0157808291	0.0288770434	-0.0268137967	-0.0115280774	-0.0523006416	0.0049679548	-0.0437850859	-0.0148694107	-0.0195635997	0.0491460034	-0.0485096475	0.0283175297	-0.0447423451	0.0085665356	0.0668196686	0.0478297396	0.0095358926	-0.0530647057	0.0047244998	-0.0557625176	-0.0352326885	0.0066081952	-0.0333775489	-0.0057301231	0.0560954873	0.0409672077	0.0229421317	-0.0011328686	-0.0245289933	0.0420317225	-0.0465969194	0.0137666841	-0.0315299665	-0.0267026128	-0.0214148153	-0.0703469692	0.0254390693	-0.0237449467	0.0466194084	-0.0290475641	0.0035662456	0.0618763482	-0.0147394968	-0.0091742209	-0.0488425538	0.019441048	0.0124741062	0.0200848115	-0.0515008419	0.0359004915	0.0019783122	-0.0454339288	0.0078265337	-0.0275492623	-0.0097390208	0.0061995649	0.0101133013	-0.0321090121	0.034027635	0.023501993	0.0120718214	-0.0006030163	0.0200815331	-0.031710019	-0.026583969	0.0222885704	-0.0258968146	0.0038799763	0.003593486	0.0331084355	-0.0244145288	0.0229389942	-0.0506055209	0.0795141783	0.0003358103	0.0064101975	-0.0108073593	0.0462007416	0.1040817069	0.0408366214	0.0138672833	-0.0122391186	-0.0121378466	0.0242694302	-0.0386862799	-0.0192205856	-0.0020088663	-0.0291367836	0.0091698647	0.004424655	0.0326991077	0.0059970228	-0.0143231176	0.00217292	0.012322004	0.0014588755	0.0171681612	0.0362675709	-0.0155346336	0.0220200721	-0.0244901554	0.0229665697	-0.0004372237	0.0009746693	0.0538418111	0.0379071755	0.0116064599	0.0228687226	-0.0456050721	-0.0375742546	-0.0006881588	0.0241525898	0.0048686756	0.0180682696	0.0001613785	0.0029371897	0.0232187753	0.0348876535	0.0121642368	0.0256288806	-0.0186439535	-0.0369584976	-0.0346612272	0.0120361023	-0.0195830732	-0.002703475	0.0215033343	-0.0012293216	0.0411537219	0.0312176297	-0.0091688544	-0.0429075896	-0.0455367808	-0.01515017	0.0262208584	0.0485808224	0.0357179449	-0.0030417259	-0.0395960362	-0.0474417976	-0.0208905514	0.0208070951	0.0474188502	0.0396502352	0.0031337753	-0.0356547843	-0.0485923444	-0.026298709	0.0150624352	0.0455027728	0.0429519653	0.0092594399	-0.0311465121	-0.0489701238	-0.0052662	0.0211019	0.0004452901836099	2.7732862440000005e-05	-1.51227	-0.0329600000000001	2.2869605529	0.0010863616	-0.0704661	0.0373179	0.00139262566041	0.00496547124921	-0.0260589	-9.469999999999965e-05	0.00067906626921	8.968089999999932e-09	0.00322174	0.0	1.03796086276e-05	0.0	0.00107794	4.487000000000002e-05	1.1619546436000002e-06	2.013316900000002e-09	0.0	0.0	0.0	0.0	0.0	0.0	0.0	0.0	0.0	0.0	0.0	0.0	0.0	0.0	0.0	0.0	0.0	0.0	0.0	0.0	0.0	0.0	0.0	0.0	0.0	0.0	0.0	0.0	0.0	0.0	0.0	0.0	0.0	0.0	0.0	0.0	0.0	0.0	0.0	0.0	0.0	0.0	0.0	0.0	0.0	0.0	0.0	0.0	0.0	0.0	0.0	0.0	0.0	0.0	0.0	0.0	0.0	0.0	0.0	0.0	0.0	0.0	0.0	0.0	0.0	0.0	0.0	0.0	0.0	0.0	0.0	0.0	0.0	0.0	0.0	0.0	0.0	0.0	0.0	0.0	0.0	0.0	0.0	0.0	0.0	0.0	0.0	0.0	0.0	0.0	0.0	0.0	0.0	0.0	0.0	0.0	0.0	0.0	0.0	0.0	0.0	0.0	0.0	0.0	0.0	0.0
53727.28552869602	-49.69389870217856	2886621210.2820287	2469.483568222384	64763.71912255859	-468.01025781250064	4194339314.585661	219033.6014177233	54230.72063512452	-29.27376805790118	2940971060.6049204	856.9534963077954	54356.64042058159	54306.40041408787	0.813708	18.641127	0.0614882999999998	0.0371183	-0.005741961	0.0112119825	0.0263070854	-0.0017198097	0.0578606698	-0.0013385888	-0.0377099461	-0.018875021	0.044443548	-0.0233121195	0.0133521489	0.0349014068	-0.0116849109	-0.0051541793	0.0221062149	0.0237988217	-0.0097857649	0.0285247919	0.0017134452	0.0038444049	-0.0200976201	0.0267012194	-0.0196082987	0.005835188	0.0090403672	0.0328778019	-0.0371073096	-0.0148142064	0.0174814637	0.0297856679	0.0506111181	0.0130308435	-0.0384525769	0.0185717479	0.0061065396	0.0623485832	-0.0127433395	-0.0369606772	-0.0294042099	-0.0016274269	-0.0302070394	0.0101727572	0.0001495971	-0.003995605	0.0353581899	0.0346752372	-0.0140401016	0.0104148548	0.0595787254	-0.0378578032	-0.066375516	0.0325031546	-0.0013829933	0.0065096084	0.0131675002	-0.0080097934	-0.0258697172	0.0118035859	-0.0772421076	0.0084240873	-0.027621075	-0.0293904206	-0.0119746495	0.0374146673	0.0005447619	0.0071617103	0.0113659312	0.0045228098	-0.0543295741	0.0370298322	0.0126544523	-0.0380979609	-0.0679344458	-0.0179451529	0.0145740272	-0.0008496876	-0.0206690885	-0.0026169027	0.0440069153	-0.0091751116	-0.0065157791	0.0360059591	-0.0178231558	-0.0035960286	0.0249923253	-0.0271708913	-0.0320259201	-0.0151698313	-0.0526191241	-0.0607965116	0.0225547543	0.0355560087	0.0231154522	0.0406796749	-0.0445666437	0.0390084226	-0.0228858585	0.0287680361	0.0110408919	0.0102079599	0.007140717	0.0013003267	-0.0548710097	0.0238890369	0.0398903022	0.0059201196	0.0029224049	0.0033828308	0.0003344882	0.0092754609	0.0322420503	0.0326769125	0.0287284193	-0.002716019	-0.004949047	0.0198638764	-0.0269021377	0.0222032904	0.0094629067	-0.0072030529	-0.031951649	0.0334576396	-0.0186210838	0.0201676415	0.0295226409	0.0436106091	0.0169715039	-0.0471928362	0.0136163913	0.0049675658	0.0635137831	0.0178829239	-0.0322895902	-0.0323127616	0.0003483271	0.0292147073	-0.0201252644	0.0078861925	-0.0001773011	-0.0399883342	-0.0397218727	0.01735492	-0.0098618029	-0.0495528214	0.0403758766	0.0442777185	-0.0493862292	0.0086036816	0.0122461193	-0.0179971259	-0.0064056149	-0.0139427568	0.0350746508	-0.068366832	0.0120089973	0.027602084	0.0143803825	-0.0031051547	-0.0464977547	-0.0099980135	-0.0111930566	-0.0223322328	0.0054409217	0.040512001	0.0324613071	-0.004766969	0.0419894499	-0.0594650688	-0.0440977728	0.0152030702	0.0104557068	-0.0332603771	0.005527137	0.0303593557	0.0080769891	0.040813445	0.0154714301	-0.0225746299	0.0148319053	0.0297241917	-0.0085542342	-0.0671417516	-0.0084297685	-0.044811182	0.0177444127	0.0466994891	0.0205403068	0.0432559786	-0.006914164	0.0436086218	0.0111603041	-0.0331869161	-0.0182596445	0.0147792192	0.0003183495	-0.0132314412	0.0067124807	-0.002024062	0.0557083185	0.0553159533	0.0105534491	-0.0045191389	0.0191150145	0.0175193114	0.0040191587	0.0371222013	-0.0115108088	-0.0027649631	0.0373885354	0.0095757493	0.0080563645	-0.0313600256	-0.0417926977	0.0275003671	0.008203875	0.0218742233	0.0162109392	0.0158237722	0.0055431926	0.0379761298	0.0150138967	-0.0304540756	0.0206661771	0.0046752821	-0.0067306899	-0.0079251595	0.0010027674	0.01162318	0.0031656717	0.0077661131	-0.0082881158	0.0234088397	0.031075284	-0.0095309979	-0.043171555	-0.0452602033	-0.0142704553	0.0271488476	0.0487264292	0.0346923251	-0.004696647	-0.040653077	-0.0468982266	-0.0188678315	0.0229521086	0.0479975119	0.0379639583	0.0001844653	-0.0377298441	-0.0480693164	-0.0232773535	0.0185268512	0.0467907162	0.0408576104	0.005063741	-0.0344309608	-0.0487618127	-0.0114411	-0.0061748999999999	3.8129390009999983e-05	0.0001308987692099	-1.5079	0.0043699999999999	2.27376241	1.9096899999999868e-05	-0.0997544	-0.0292882999999999	0.0008578045168899	0.0099509403193599	-0.0259744	8.449999999999777e-05	0.00067466945536	7.1402499999996245e-09	0.00322174	0.0	1.03796086276e-05	0.0	0.0007293379999999	-0.0003486020000001	5.319339182438541e-07	1.215233544040698e-07	0.0	0.0	0.0	0.0	0.0	0.0	0.0	0.0	0.0	0.0	0.0	0.0	0.0	0.0	0.0	0.0	0.0	0.0	0.0	0.0	0.0	0.0	0.0	0.0	0.0	0.0	0.0	0.0	0.0	0.0	0.0	0.0	0.0	0.0	0.0	0.0	0.0	0.0	0.0	0.0	0.0	0.0	0.0	0.0	0.0	0.0	0.0	0.0	0.0	0.0	0.0	0.0	0.0	0.0	0.0	0.0	0.0	0.0	0.0	0.0	0.0	0.0	0.0	0.0	0.0	0.0	0.0	0.0	0.0	0.0	0.0	0.0	0.0	0.0	0.0	0.0	0.0	0.0	0.0	0.0	0.0	0.0	0.0	0.0	0.0	0.0	0.0	0.0	0.0	0.0	0.0	0.0	0.0	0.0	0.0	0.0	0.0	0.0	0.0	0.0	0.0	0.0	0.0	0.0	0.0	0.0
53684.43052802029	-42.85500067572866	2882018081.117837	1836.551082916704	65111.249604003904	347.53048144531203	4239474824.994899	120777.43553361038	54261.68604176741	30.96540664289205	2944330572.0953364	958.856408559663	54394.57451236917	54693.56325968953	0.794703	18.205744	0.0804210999999999	0.0407607	-0.0045977248	0.0071696462	0.02521068	0.0049506285	0.0451984453	0.0148866708	-0.0375288616	0.0409211031	0.041947116	0.0014224935	0.007635306	0.0056500104	-0.0172662096	-0.0181135494	0.0181611767	0.0201625586	-0.0540447871	0.0026168438	0.0428028187	0.0189581855	0.0089756946	-0.0178889966	-0.0118329716	-0.0068849116	0.0197046761	0.0200328731	-0.0087825026	-0.0007784094	0.010127629	-0.0039263016	-0.0133724539	0.0081809241	0.0190979234	-0.0258409451	0.0458104402	0.0011762535	-0.0163124948	-0.0322371144	-0.0362050777	0.0093610652	-0.005875756	-0.0212182573	-0.0303002554	-0.0101346285	0.0381205734	-0.0169431626	0.0434307446	0.0184849174	0.0197921902	0.0034942277	0.0087715227	-0.0809156984	0.0660855017	0.0468351039	-0.0413157817	0.0047444165	0.0431278408	0.0049258708	0.0823180832	0.0197527505	-0.0285368479	0.0262575781	0.0137704242	0.0479594945	-0.0357816475	-0.0190972606	-0.0612443076	-0.0118791343	0.0014757929	0.0385754205	0.030723772	-0.100321063	-0.0031082804	0.0209806611	0.0249054297	-0.0147427838	-0.0013434783	0.0259696338	-0.0182814153	-0.0518119075	-0.0164993179	-0.0311210379	0.0390997222	0.0205398814	0.0268898898	0.0001461081	0.0068724274	0.0102552264	-0.0195677328	0.0521744454	-0.0293847755	0.0359633823	-0.0180829359	-0.0066246344	-0.0416192255	0.0548013663	0.032692451	-0.0136136011	0.0176909751	0.0537384978	0.0089230936	-0.0073093598	0.0608467029	0.0135225245	-0.0014819655	-0.0205890144	-0.0016634482	-0.0374524489	-0.0004829858	-0.0122834682	0.0178502344	0.0321219376	0.0005361826	-0.0439880718	-0.0192951915	-0.0087970228	0.0182132463	0.014135576	0.0008298843	-0.0188835056	-0.0203784893	0.0086214594	-0.0019295374	0.0093998125	-0.0039702752	-0.016175912	0.0055706338	0.0180140706	-0.0218797299	0.0469795042	2.90744e-05	0.0203168639	-0.0292818178	-0.0329966193	-0.0135259556	-0.0005608089	0.0163937172	-0.0223718371	-0.0317364451	-0.0293205688	0.0158924937	-0.0360708558	-0.0386454897	-0.0217614747	-0.0070341647	0.0012179595	0.0195439622	-0.0960260062	0.0447893537	0.043079535	0.0386955728	0.0059559277	-0.0405015349	0.0785720729	-0.0151912474	0.0319654041	-0.0452045782	0.0014941366	-0.0271089547	-0.0394365496	0.0168278743	0.05782408	0.0287036603	0.016605728	0.0244356907	-0.0296264295	0.0955976775	0.0167911871	0.0150930528	0.0183972013	-0.0306071667	-0.0045180213	-0.0366889959	0.0291828052	-0.0450287882	-0.0342924098	-0.017443941	0.0189432313	0.0501460489	0.0234582823	0.0049256828	0.0025348972	-0.0060389782	-0.0107569599	0.0067311159	-0.0605510476	0.0414848075	-0.0080242004	-0.008906367	0.0384534713	0.0608283473	-0.0081464391	0.0305631954	0.0156879254	-0.0060283749	-0.0521044349	0.0077389288	-0.0006925805	-0.0585370792	0.0131216183	0.0254064623	-0.0105424685	0.0333538544	-0.0270104881	0.0016979316	0.041234822	-0.0011836862	-0.0299427784	0.034509782	0.0069344121	0.009804705	-0.0415932364	-0.0404608599	0.0021678154	0.0258379663	0.0115726234	-0.0047362565	-0.0107236138	0.0186413478	0.0456170088	0.0111984434	0.0270382736	0.0289177881	-0.0401157731	-0.0177827295	0.0118015373	-0.022198698	-0.0094528546	0.0006781008	0.0068298095	-0.0030650937	0.0349710119	0.0309324975	-0.0098926005	-0.0434300072	-0.0449733504	-0.0133856785	0.0280629691	0.0488381591	0.0336352026	-0.0063461704	-0.0416524399	-0.0462741461	-0.0168065656	0.0250420933	0.0484427166	0.0361565084	-0.0027655145	-0.0396502352	-0.0473253789	-0.0201368126	0.021886162	0.0477860158	0.0384828171	0.0008300562	-0.0374341914	-0.0481213794	-0.0277127	-0.0162716	0.00026476496656	0.00076799374129	-1.52244	-0.0145399999999999	2.3178235536000003	0.0002114115999999	-0.0753679	0.0243864999999999	0.0005947013822499	0.00568032035041	-0.0260593	-8.489999999999887e-05	0.00067908711649	7.208009999999807e-09	0.00363703	0.00041529	1.32279872209e-05	1.724657841e-07	0.0007336079999999	4.270000000000012e-06	5.381806976638532e-07	1.82329000000001e-11	0.0	0.0	0.0	0.0	0.0	0.0	0.0	0.0	0.0	0.0	0.0	0.0	0.0	0.0	0.0	0.0	0.0	0.0	0.0	0.0	0.0	0.0	0.0	0.0	0.0	0.0	0.0	0.0	0.0	0.0	0.0	0.0	0.0	0.0	0.0	0.0	0.0	0.0	0.0	0.0	0.0	0.0	0.0	0.0	0.0	0.0	0.0	0.0	0.0	0.0	0.0	0.0	0.0	0.0	0.0	0.0	0.0	0.0	0.0	0.0	0.0	0.0	0.0	0.0	0.0	0.0	0.0	0.0	0.0	0.0	0.0	0.0	0.0	0.0	0.0	0.0	0.0	0.0	0.0	0.0	0.0	0.0	0.0	0.0	0.0	0.0	0.0	0.0	0.0	0.0	0.0	0.0	0.0	0.0	0.0	0.0	0.0	0.0	0.0	0.0	0.0	0.0	0.0	0.0	0.0	0.0
53668.48288279962	-15.947645220672712	2880306054.941356	254.3273880844452	64699.55931958008	-411.69028442382114	4186032976.147862	169488.89028896674	54214.68876367565	-46.99727809175965	2939232477.742219	2208.744148034192	54340.60350447491	53893.3352126877	0.848013	19.427027	0.11435	0.0626753	-0.0060154739	0.0053605569	0.0211087382	0.0011178589	0.0508834576	0.0046650449	-0.0259224028	-0.0258451956	0.0227041841	0.0206274574	0.0011336766	0.0426074884	-0.0296001641	0.000169171	0.0059992062	0.001941855	-0.0102075634	0.0284292104	0.0096061464	0.0015642483	0.0386445622	0.0665479464	-0.0158267264	0.0173019614	-0.0118474468	-0.0258983959	0.0067488702	0.0109403061	0.0109889316	-0.0368903754	-0.0172585744	0.0332331378	-0.0209546959	-0.0031099127	-0.0194682443	0.0380219701	-0.0013105561	-0.0168000583	4.41925e-05	0.001437081	2.60321e-05	0.0209428478	-0.0152325009	0.0115351693	-0.0157408955	0.0442001378	0.0021632269	-0.0255091962	0.0235016721	0.0042758485	0.0273843188	0.0032229722	0.003401042	-0.0178436858	-0.0071201225	0.0427632556	0.0482020571	-0.0053465996	0.0050545436	-0.0025496104	-0.0071827581	0.0125346934	-0.0464893546	-0.0168327007	0.0189522704	-0.0539061522	-0.0574979935	-0.0352399437	0.0007768968	-0.0320684276	0.0019259213	-0.0206160181	-0.0281985784	0.0012125798	0.018449011	0.0170442018	0.0330691543	-0.0448476048	0.0688642884	0.0614958822	0.0266396118	0.0042290278	0.0040013937	-0.0553379697	-0.0148951603	-0.0062878588	0.0005840033	0.0366937889	0.0173004231	-0.0090513447	0.0177167579	-0.0007639745	0.0334946854	-0.0003349703	-0.0137814938	0.0145779438	0.0328892553	-0.0182650145	-0.0090394983	-0.0085341826	0.0254534607	0.0258442878	-0.040270521	-0.0249634287	0.061676552	-0.0462897654	-0.0391834215	-3.8519e-05	-0.038304587	0.0471371868	-0.0029006249	-0.077664863	0.0287138206	-0.0101887938	-0.0017829331	-0.0373107172	-0.0685992784	0.0204990496	0.0115913748	0.0129835712	0.0257699058	-0.0120507217	0.0106524844	0.0186490483	-0.0392914563	-0.0172509025	0.0231452936	-0.0244274235	-0.0043238858	-0.0203516002	0.0363704374	0.0049782709	-0.0196552169	0.0012054392	0.0002136879	1.53259e-05	-0.026486331	0.0112942875	-0.0162696111	0.0075312903	-0.0366878405	-0.0064466159	0.027990217	-0.00954929	-0.0077108518	-0.0325613151	-0.0057949731	-0.0128676363	-0.0230473193	0.0121768521	-0.0248052683	-0.0214378606	-0.0589259737	0.0108260815	0.0192775924	0.0123244546	0.0157949146	0.045116295	0.0012722165	0.0245716971	0.0399309006	0.0400245914	0.0654752368	-0.0053714693	-0.0247117013	0.0245679893	0.0292881347	-0.0284278386	-0.0037331341	0.0210886269	0.0129893546	0.0163016809	0.0696885418	-0.0018193051	0.0573917749	0.0405707651	-0.0045899318	0.034425309	-0.0536558989	0.0083987585	-0.007239035	-0.0058425328	-0.0334874596	0.0141045131	0.0117996796	0.0157268221	-0.0068819033	0.0114050257	-0.0136623974	0.0193187757	0.0391209642	0.0228482669	0.0026641968	-0.0147174234	-0.0240470001	0.01199463	-0.0401818588	0.0196309625	0.023367896	0.0196153416	0.0687262009	-0.0125010521	-0.0833170832	-0.0290823837	0.007794481	-0.0571318279	-0.0395238037	-0.0109259981	0.0312108717	0.0031185705	0.0027654481	-0.0206128791	-0.0335466684	0.0457716215	-0.0054524127	0.0240791588	0.0050157608	0.0268006896	-0.0285425984	0.0252140501	-0.0034698066	-0.0138603356	0.0138140614	0.0293139907	-0.002199131	0.0179421766	-0.0186396848	-0.0116740295	-0.0151058925	0.0113843755	-0.0036010728	0.0375812196	0.030789272	-0.0102536416	-0.0436829132	-0.0446762873	-0.0124961534	0.0289627561	0.0489159345	0.0325475373	-0.0079884006	-0.042592707	-0.0455706274	-0.014710965	0.0270720383	0.0487532262	0.0342336544	-0.0057054516	-0.0414080854	-0.046363951	-0.0168931667	0.0251213099	0.0484824465	0.0358438856	-0.0034098553	-0.0401316745	-0.0470544995	-0.0276187	9.400000000000032e-05	8.836000000000063e-09	0.0007627925896899	-1.48265	0.0397899999999999	2.1982510225	0.0015832440999999	-0.111214	-0.0358460999999999	0.0012849428852099	0.0123685537959999	-0.0257272	0.0003321	0.0006618888198399	1.1029041000000125e-07	0.00328059	-0.0003564399999999	1.07622707481e-05	1.2704947359999998e-07	0.00064975	-8.385799999989995e-05	4.221750625000001e-07	7.032164163983221e-09	0.0	0.0	0.0	0.0	0.0	0.0	0.0	0.0	0.0	0.0	0.0	0.0	0.0	0.0	0.0	0.0	0.0	0.0	0.0	0.0	0.0	0.0	0.0	0.0	0.0	0.0	0.0	0.0	0.0	0.0	0.0	0.0	0.0	0.0	0.0	0.0	0.0	0.0	0.0	0.0	0.0	0.0	0.0	0.0	0.0	0.0	0.0	0.0	0.0	0.0	0.0	0.0	0.0	0.0	0.0	0.0	0.0	0.0	0.0	0.0	0.0	0.0	0.0	0.0	0.0	0.0	0.0	0.0	0.0	0.0	0.0	0.0	0.0	0.0	0.0	0.0	0.0	0.0	0.0	0.0	0.0	0.0	0.0	0.0	0.0	0.0	0.0	0.0	0.0	0.0	0.0	0.0	0.0	0.0	0.0	0.0	0.0	0.0	0.0	0.0	0.0	0.0	0.0	0.0	0.0	0.0
53615.411621526415	-53.07126127320225	2874612363.34571	2816.5587731284973	64945.58102648926	246.0217069091741	4217928494.8682814	60526.680270503566	54210.07358030102	-4.615183374633489	2938732077.5816503	21.29991758149336	54336.595028544245	54273.35831917106	0.969477	22.209625	0.0657593500000001	0.0437111	-0.0038336027	0.002557092	0.0130805958	-0.0003599077	0.034566175	0.0075305602	-0.03177445	0.01340712	0.0470557226	-0.0147522985	-0.0270311955	-0.0036500213	0.0190772861	-0.0013595372	0.0120123301	0.0182356503	-0.0549097883	0.0083410046	0.0191196599	-0.0193541871	-0.0007220753	-0.0399637355	0.0207390487	0.014888534	0.051076824	0.0320836982	-0.0621540764	0.0721481676	-0.0158911739	0.0104908638	-0.0044434776	-0.0076555086	0.0344480562	-0.0779069529	-0.010668422	-0.0098862299	-0.0128474168	-0.0289528236	0.0033269444	0.021147559	0.0140498829	-0.0251308673	-0.0204406315	0.0193861618	0.0309653814	0.0461348292	0.0063355077	0.0050547776	-0.0468505572	0.0149550326	-0.0031287264	0.0331012533	-0.0069379178	-0.0325716584	0.0362821217	-0.020305517	-0.0020455893	-0.027500808	0.0060856621	0.0034807021	0.0123260027	0.0043216374	-0.0317493683	-0.0058899696	0.0048607847	0.0048367464	0.0544804974	0.0499392966	0.0058974536	-0.0206672431	0.0683222771	-0.0596614994	-0.0201242964	0.0195809374	0.0372752731	-0.0327086376	0.0145057235	-0.0012150128	-0.0285441702	-0.0073744869	0.0028680042	-0.0057564142	-0.0211736446	-0.0050118853	-0.0011288107	-0.0013128496	-0.0099847335	0.0054596171	0.0220796723	-0.0218224768	-0.0087436754	-0.0091478122	-0.0297879801	-0.0551999831	-0.0572848183	-0.0050717648	-0.0323867597	-0.0259747744	-0.025548844	0.0229150299	-0.0209804338	-0.0253681791	0.0460753226	0.0059082204	-0.0046790783	-0.0524814133	-0.018978613	0.049635871	0.027085195	0.0148970361	-0.0323915632	0.0021587316	0.0089464134	-0.0209846194	0.0212576261	0.001595301	0.0389446539	-0.0149786619	0.034847199	-0.0347471093	-0.0331275506	0.0629368774	0.0761156869	-0.0064883003	0.0161566951	-0.0060102475	-0.0045095849	0.0319770071	-0.0761297754	-0.0036695508	-0.0120014597	0.0165720427	-0.0309218361	0.0018907893	-0.0233139435	-0.0081212297	0.0211145331	0.0230277659	-0.024950859	-0.039430914	-0.0289679364	-0.0133679366	-0.004727975	0.0529360241	-0.0159427622	-0.001635102	-0.018831528	0.0305981637	-0.0237770325	-0.0368741538	-0.0048955857	0.0314038388	-0.0079013136	-0.0058999822	-0.0094681823	-0.0222190361	0.0149115429	0.0303841962	-0.0048933039	0.0156887586	-0.0007676605	-0.0266447235	-0.0728753682	-0.0038450194	-0.0229927019	-0.0402050574	0.0752035558	-0.0172029732	0.0050112258	0.0421904064	-0.0356683756	-0.0062021309	-0.0017206682	-0.0271120489	-0.0225286069	-0.0081772187	-0.0081951212	-0.0192385756	-0.0110817256	0.0060294678	-0.0041679885	-0.0131984716	-0.0261241723	0.0033334274	-0.026837432	0.0042638116	-0.0161604803	-0.0534404232	-0.011643481	0.0418074786	-0.0239363688	-0.0271091294	0.0022533258	-0.0226853664	0.0233497032	-0.0309518879	0.0164099513	-0.0059666632	-0.0439674495	-0.0419769885	0.0513124598	-0.0158662762	-0.0224813382	0.0287802206	-0.0367594693	-0.0191165897	0.0149837713	-0.0299038094	0.026099139	-0.0020813651	0.0022465408	-0.0263953348	-0.0205506791	-0.0187645209	0.0573970171	-0.0009501227	0.0314819511	-0.021486784	0.0459304697	0.0468166177	0.0386138902	0.014348134	0.0165448433	-0.0136238122	0.0023862606	-0.0078774051	0.0032963642	-0.0246620701	0.0129436799	-0.0459274059	-0.0264588322	0.0460002377	0.0306456097	-0.0106141007	-0.0439302406	-0.0443690814	-0.0116021956	0.0298477488	0.0489597013	0.0314303169	-0.0096214501	-0.0434725442	-0.0447888782	-0.0125853106	0.0290370768	0.0489281774	0.0322015336	-0.0086246698	-0.0429961886	-0.0451894509	-0.0135630238	0.0282139416	0.0488756528	0.0329589289	-0.0076241876	-0.0425013783	-0.0455706274	-0.0277818	-0.0001630999999999	2.6601609999999792e-08	0.00077182841124	-1.52312	-0.04047	2.3198945344	0.0016378209	-0.102497	0.0087169999999999	7.598608899999981e-05	0.010505635009	-0.0257484	-2.1200000000002467e-05	0.00066298010256	4.4944000000010454e-10	0.00319977	-8.082000000000011e-05	1.0238528052899998e-05	6.531872400000018e-09	0.000875915	0.0002261649999999	7.67227087225e-07	5.1150607224999985e-08	0.0	0.0	0.0	0.0	0.0	0.0	0.0	0.0	0.0	0.0	0.0	0.0	0.0	0.0	0.0	0.0	0.0	0.0	0.0	0.0	0.0	0.0	0.0	0.0	0.0	0.0	0.0	0.0	0.0	0.0	0.0	0.0	0.0	0.0	0.0	0.0	0.0	0.0	0.0	0.0	0.0	0.0	0.0	0.0	0.0	0.0	0.0	0.0	0.0	0.0	0.0	0.0	0.0	0.0	0.0	0.0	0.0	0.0	0.0	0.0	0.0	0.0	0.0	0.0	0.0	0.0	0.0	0.0	0.0	0.0	0.0	0.0	0.0	0.0	0.0	0.0	0.0	0.0	0.0	0.0	0.0	0.0	0.0	0.0	0.0	0.0	0.0	0.0	0.0	0.0	0.0	0.0	0.0	0.0	0.0	0.0	0.0	0.0	0.0	0.0	0.0	0.0	0.0	0.0	0.0	0.0
53565.4155872445	-49.99603428191767	2869253747.034216	2499.6034439186874	64781.80822265625	-163.77280383300968	4196682676.597013	26821.53127532547	54278.4792872416	68.4057069405826	2946153313.735516	4679.340742040871	54402.777523080695	53980.95314846287	1.243077	28.477484	0.1624576999999999	0.0961272	-0.0053191849	0.005421739	0.0351566966	0.008580929	0.0552173582	0.0079782085	-0.0242014915	-0.0282607628	0.0501939618	0.0049361832	0.0905502345	-0.0040721662	-0.0382816725	0.0037477208	-0.0556256256	-0.0241535563	0.0133140462	0.0472299698	0.0351355903	-0.038152309	-0.0133144109	0.053738988	0.0225903139	0.0656621382	0.0279167628	-0.0178133201	0.0439284952	-0.1568696275	0.0264133062	-0.0083967507	-0.0725617637	-0.0230315045	-0.0280092066	0.0743955479	-0.0235165406	0.0363475746	0.0231283794	-0.0050277528	0.0190240298	0.0090324381	-0.015323269	-0.0298764252	-0.0599964858	0.0032720214	-0.0149679155	-0.0236602801	-0.0073979298	0.0020204624	0.0013703839	-0.0615288294	0.0524674861	-0.0268370166	-0.0373748492	-0.0132046446	0.042908393	0.0628032065	0.0010288635	0.025888948	-0.0547196279	-0.0384901672	-0.039587968	-0.0287141145	0.0102409781	-0.0190677496	0.0089868917	0.038205405	0.0027950714	-0.0199167468	0.0401714095	-0.0224748721	-0.0118064198	0.0510076038	-0.0069838966	0.0593361663	0.037769712	-0.0155257252	0.0425915942	0.0253392464	-0.0407675485	-0.0757477837	0.0116597037	0.0038979356	0.019100609	-0.0166740745	-0.020378603	0.0669058738	0.0139544249	-0.0476799003	-0.0448064113	-0.0003076401	0.0172620273	-0.0075678378	0.0035758113	0.0602340457	-0.0316051969	0.00748629	-0.0277736088	-0.0125020797	0.0057459268	0.0168876415	0.0021931328	-0.0207706362	0.0544380143	0.0767601881	-0.0405709287	-0.0828332148	-0.0133227674	-0.0125713259	0.0116599289	-0.0509013798	-0.0011483652	0.0222778057	0.0474799598	-0.0368497836	0.0358188003	0.0153466065	-0.0558553139	-0.0117582196	0.0676444689	-0.0116983759	0.0235380019	-0.0391063163	-0.1574938625	-0.0017791834	-0.0279597676	-0.0621950933	-0.0443150325	-0.0215745934	0.0753959919	-0.0285154972	0.0396628818	-0.0234567549	-0.0036453549	0.0186685236	-0.0017359376	0.0137883742	0.0202340896	-0.000367831	-0.0661545408	0.0133900337	0.009371715	0.0076111154	-0.0044662165	-0.0117259066	0.0559562396	-0.029655025	0.0725177271	0.0104719513	-0.0029450434	-0.0388566894	-0.049779114	-0.0585020819	-0.0075988616	-0.0323432314	0.0555540575	0.0277407107	0.014629501	-0.0254043787	0.0083704453	0.0175585786	-0.033782719	-0.003477667	-0.001149256	-0.0343552671	-0.0235747749	0.0144146506	-0.0463038667	-0.0101870633	0.0563862529	0.0331239133	-0.0381514071	0.043667943	-0.0563471939	0.0126648907	-0.061034706	-0.0169713085	-0.0246054357	0.0144034803	-0.0179103905	-0.0234398264	0.0670103522	-0.0035163783	0.0526343287	-0.0537829199	0.0074920436	0.0128077635	0.0234220177	0.0421581228	0.029416265	0.0351477646	-0.0254587846	-0.0227449268	0.023266912	0.0004736284	0.0099350497	-0.0206803871	0.034904178	-0.066137755	-0.0574946616	-0.03936413	0.0725850477	-0.0080966166	0.0547182238	-0.0076875682	0.0313121319	0.0201127199	0.0040216339	0.0207865062	0.0322009401	0.0034039245	0.0018303772	-0.0472645831	-0.044172471	0.0158158957	-0.0153218791	0.0221400976	-0.083881359	0.052343123	-0.0209020705	0.0392550011	-0.0602942563	-0.0211007596	0.0642486762	0.0144873856	-0.0457792528	0.0415381582	0.0193019588	0.0238875864	-0.0084540099	0.0492881905	0.0091694638	0.0396634284	0.0305015125	-0.0109739574	-0.044171958	-0.0440518025	-0.0107041222	0.0307174953	0.048969429	0.0302845558	-0.0112434423	-0.0442907033	-0.0439302406	-0.0104339452	0.0309324975	0.0489670838	0.0300666323	-0.0115125682	-0.0444080345	-0.0438072762	-0.0101634351	0.0311465121	0.0489631754	0.0298477488	-0.0117813266	-0.0445239479	-0.0436829132	-0.0278366	-5.480000000000068e-05	3.003040000000075e-09	0.0007748762995599	-1.59728	-0.07416	2.5513033984	0.0054997056	-0.0593764	0.0431206	0.00185938614436	0.00352555687696	-0.0262656	-0.0005171999999999	0.00068988174336	2.674958399999989e-07	0.00356555	0.00036578	1.2713146802499998e-05	1.337950084e-07	0.000895381	1.9465999999999996e-05	8.01707135161e-07	3.7892515599999966e-10	0.0	0.0	0.0	0.0	0.0	0.0	0.0	0.0	0.0	0.0	0.0	0.0	0.0	0.0	0.0	0.0	0.0	0.0	0.0	0.0	0.0	0.0	0.0	0.0	0.0	0.0	0.0	0.0	0.0	0.0	0.0	0.0	0.0	0.0	0.0	0.0	0.0	0.0	0.0	0.0	0.0	0.0	0.0	0.0	0.0	0.0	0.0	0.0	0.0	0.0	0.0	0.0	0.0	0.0	0.0	0.0	0.0	0.0	0.0	0.0	0.0	0.0	0.0	0.0	0.0	0.0	0.0	0.0	0.0	0.0	0.0	0.0	0.0	0.0	0.0	0.0	0.0	0.0	0.0	0.0	0.0	0.0	0.0	0.0	0.0	0.0	0.0	0.0	0.0	0.0	0.0	0.0	0.0	0.0	0.0	0.0	0.0	0.0	0.0	0.0	0.0	0.0	0.0	0.0	0.0	0.0
53517.39482127977	-48.020765964727616	2864111548.456743	2305.993963839142	64627.8496607666	-153.95856188964535	4176758951.7746496	23703.23877912776	54234.63200782761	-43.84727941398887	2941395309.0244794	1922.5839120084124	54371.71773905804	53979.844612418834	1.260638	28.879782	0.1465322499999999	0.0706777	-0.0063605376	-0.0007207508	0.0192740629	0.0075603145	-0.0004311939	0.0298653046	-0.000801284	0.0366160801	0.0047172955	0.0108334508	-0.0233689183	0.0337933676	-0.0191772445	-0.0439804241	0.0469802438	0.0643588795	-0.0068021161	0.0285165052	0.0101333841	-0.0419398234	-0.0306197556	-0.0077813423	-0.0536703134	0.0050699679	-0.1129694713	0.005535705	0.0144678217	-0.0882460223	-0.0655735222	-0.0012283946	-0.0341277495	0.0074308684	0.1093242283	0.0456688563	-0.0179971215	-0.0101651722	0.0264068766	0.026701981	0.0401675054	0.0275331452	0.0106419864	0.0517596218	-0.0099695752	0.065264808	-0.0260121447	-0.0491894256	0.0240230219	0.0008839775	0.0155628204	0.0118446584	0.0355889138	0.0249730154	-0.0559728056	0.0567821251	-0.0274838384	0.0385934329	0.0250446995	-0.0443454963	-0.0284425817	-0.0475930361	-0.0357704462	-0.0144336315	-0.0254398309	-0.0421563343	-0.0012798206	-0.0218623362	-0.0056333517	-0.0139948009	-0.0179583749	0.0138185484	0.0185494246	-0.0269468456	0.0318577769	0.0247031783	0.0742247959	-0.0583902508	0.0049985036	0.0174291243	0.0138533604	0.0311248683	-0.0012973719	0.0314038346	-0.0146314962	0.0196871475	-0.0095749728	-0.0067953727	0.0122456402	-0.041185406	0.0172110383	0.0369308005	0.0078581565	0.1043644071	0.0021691338	-0.0230490507	0.0011407943	0.1109568757	0.0350049054	0.0307469482	-0.0025239227	-0.052138577	0.048227621	-0.0288421606	-0.0303081456	-0.0972564883	0.0236116908	-0.0090370462	-0.0430498779	-0.0365168769	-0.0261811318	0.0096524727	-0.0528824809	0.0990638288	0.0282501513	-0.0088272274	0.0352877074	0.0337539792	0.0096787225	0.0354136948	-0.0527341042	0.11313647	-0.0026758077	-0.0040030584	-0.0844903562	-0.0780636268	-0.0111759446	-0.0418618287	0.0107669739	0.1027288825	0.0431868961	-0.0168841824	-0.002823825	-0.0286856804	0.0263482774	0.0283513432	-0.0195791527	-0.0012048983	-0.0487403242	0.0593790022	-0.0130260683	0.0296491738	0.0577172139	-0.0103559242	0.0030436912	-0.030242209	-0.0187410849	-0.0288933487	0.0256692122	0.0440994009	0.0216247733	0.074984538	-0.0585219828	-0.0038119676	-0.0434105569	-0.0379791913	0.0568870706	0.0139255507	0.0210958638	0.0072614177	0.0115875311	0.0115354442	0.0234108547	-0.0069052358	0.0111512808	0.0163621592	0.005299132	-0.0208083908	0.0201459402	0.0246205523	0.0356791206	0.0717082439	-0.0539534764	-0.0149215935	-0.0069895941	-0.0295001132	0.0306215727	0.0375853625	0.0145790386	-0.0261481113	0.0182781431	-0.0011331303	-0.0101145957	-0.0003200099	0.0227205114	-0.0015998968	-0.0455429594	0.0026218836	0.0877907702	-0.0114734651	-0.0474695862	-0.0035067277	0.1204279931	-0.0602043024	-0.0392982813	0.0245832343	-0.0279621235	0.0629193251	-0.0123696978	0.0991080714	-0.0014792844	-0.0008826466	-0.0066830677	-0.045647736	-0.0268529287	-0.0152134259	-0.0043129589	0.056882689	0.0862102663	0.061147096	0.0195712044	0.0238798049	-0.0187583193	-0.0472472063	-0.0517586035	0.0680923435	-0.0277790577	-0.0607818304	0.058018279	-0.1011010249	-0.026232133	0.0785409811	-0.1320975876	0.0323291894	0.0764964093	-0.0765260737	-0.0602610904	0.2357716506	-0.1729288784	-0.0350718615	-0.1250878569	0.1702517034	-0.0287352504	0.0401588808	0.0303569825	-0.0113331913	-0.0444080345	-0.0437245227	-0.0098022517	0.0315715513	0.0489451109	0.0291112946	-0.0128525131	-0.0450460234	-0.0429961886	-0.0082612638	0.032753756	0.0488698372	0.0278357645	-0.0143586597	-0.0456378354	-0.0422237789	-0.0067118073	0.0339023846	0.0487444668	0.0265316999	-0.0158500872	-0.0461828639	-0.0414080854	-0.0549655	-0.0271289	0.00073597721521	0.00302120619025	-1.64283	-0.0455499999999999	2.6988904089	0.0020748024999999	-0.0549404	0.004436	1.9678096000000023e-05	0.00301844755216	-0.0255697	0.0006958999999999	0.00065380955809	4.842768099999991e-07	0.00342153	-0.0001440199999999	1.17068675409e-05	2.074176039999997e-08	0.000346954	-0.000548427	1.20377078116e-07	3.00772174329e-07	0.0	0.0	0.0	0.0	0.0	0.0	0.0	0.0	0.0	0.0	0.0	0.0	0.0	0.0	0.0	0.0	0.0	0.0	0.0	0.0	0.0	0.0	0.0	0.0	0.0	0.0	0.0	0.0	0.0	0.0	0.0	0.0	0.0	0.0	0.0	0.0	0.0	0.0	0.0	0.0	0.0	0.0	0.0	0.0	0.0	0.0	0.0	0.0	0.0	0.0	0.0	0.0	0.0	0.0	0.0	0.0	0.0	0.0	0.0	0.0	0.0	0.0	0.0	0.0	0.0	0.0	0.0	0.0	0.0	0.0	0.0	0.0	0.0	0.0	0.0	0.0	0.0	0.0	0.0	0.0	0.0	0.0	0.0	0.0	0.0	0.0	0.0	0.0	0.0	0.0	0.0	0.0	0.0	0.0	0.0	0.0	0.0	0.0	0.0	0.0	0.0	0.0	0.0	0.0	0.0	0.0
53462.33309308709	-55.061728192682494	2858221059.7561946	3031.7939115648464	64370.83706811524	-257.0125926513647	4143604664.849839	66055.47278137632	54133.99021737488	-100.6417904527334	2930488896.854839	10128.7699855319	54260.26492811905	53510.40993049919	1.186531	27.182083	0.2803457000000001	0.171289	-0.004161405	-0.0015873361	0.0134065789	-0.0015809443	-0.0032012797	0.0070845869	0.003247443	-0.0041528512	0.024482853	-0.0316711246	-0.0429912431	0.0104955658	0.0075406289	0.011981865	-0.0199086946	0.0191927687	0.0092392161	0.0319917306	-0.0194792703	-0.0155930164	0.0214688347	-0.0505213889	-0.0153550608	0.020067888	-0.0016093253	0.0445981706	-0.0496999437	0.0454135601	0.0364970173	0.0027798822	-0.031543229	0.0801050343	-0.0001406544	-0.0101698634	0.0152848034	0.0033097929	-0.0221216893	-0.0228744912	0.0065603239	0.0375119362	0.0295055447	-0.023095476	-0.0174477408	-0.0046011334	-0.0220209683	0.0476352147	-0.0237783241	0.0064748492	0.0289659448	0.0047822148	-0.0055186806	-0.037977616	-0.0282709484	0.0528203857	0.0484217689	-0.0808838191	-0.0487126758	-0.0390730383	0.0339950589	-0.020411418	-0.0158551051	0.0396865692	0.0070844605	0.0090291299	0.015622658	0.0377132801	0.0330534541	0.0065484161	0.0342864468	-0.0096849902	0.0263221922	0.0047790687	-0.0175858495	-0.0235305918	-0.0053230819	-0.0191299653	-0.0232352197	-0.023874181	0.0040461345	0.0388840363	-0.0089320991	-0.0188392874	-0.008462631	0.0012180633	-0.0297202019	0.0034538277	0.048178191	-0.0448949522	-0.0133832134	-0.024375651	0.0453117039	-0.036155249	-0.027259751	-0.0401208407	0.0104842872	0.0165869131	-0.0627707408	-0.0069880923	0.005029726	0.0238849252	-0.0410307158	0.0348148675	0.0067468828	-0.0092447816	0.0042713388	0.0247402786	-0.0136508258	-0.0241454228	-0.0167413701	0.0631570528	-0.0433041248	-0.0165278689	0.0328018617	0.0155873051	0.0170511256	-0.0212540646	0.050590976	0.0157937368	0.0173824215	0.0117659076	-0.0448282862	0.0451907168	0.0347858709	0.0499709159	0.0029478639	-0.0473972592	0.0727202786	-0.0027333602	-0.0086815948	0.0114768375	0.0015290209	0.0247617271	-0.0181054368	0.0072607804	-0.0348893888	-0.0262232101	0.0253769874	0.0086253608	-0.023019051	0.0157562569	-0.0534339059	0.0271896759	0.0029445006	-0.0100295862	-0.0010260826	0.0255493832	0.0359528464	-0.0219584119	0.0333778898	0.0024411518	-0.0022675407	0.1184261471	0.0512767767	0.0023513601	0.0200037287	0.0025091086	-0.018308451	0.0065008463	0.0102347326	0.0197255662	-0.0365691963	-0.0180997612	-0.0260647538	-0.0398501444	-0.0058414755	-0.0084143439	0.0085390225	-0.017521184	-0.0230708948	0.0064627952	-0.0086193103	-0.034006068	0.0261463388	-0.0107854805	0.0305032013	-0.0141263963	0.0118593029	0.009416882	-0.0199078515	-0.0283457488	-0.0088877639	0.0386111957	0.0296617386	-0.0326799926	7.0507e-05	0.0586186397	-0.0116754123	-0.0600736527	0.0176686978	-0.0171217701	-0.0319453161	-0.0595791485	0.0189150369	-0.0029802977	0.0286747802	-0.0279235589	-0.0221021823	-0.0120997138	0.0148662897	0.0159156875	-0.0223482162	-0.0029514388	-0.0454115237	-0.0538585491	-0.0365887771	-0.034091629	0.0475237642	0.017738646	0.0154312461	-0.0081238164	-0.0161172404	-0.0029518223	-0.0031574637	0.0242945554	0.0412479328	-0.004165269	0.0130142874	-0.0253895	0.0256575621	0.0378174645	-0.0224914101	0.0254835988	-0.0122706537	-0.0108124718	0.0521182656	0.0278056318	-0.0197902172	-0.0165261418	0.0021325819	-0.0328965296	0.0138550529	0.0202262857	0.0302120217	-0.0116917818	-0.0446384398	-0.0433873161	-0.0088969041	0.0324094805	0.0488867639	0.0279115985	-0.0144468132	-0.045737433	-0.0419883256	-0.0060717052	0.0344964857	0.0486367079	0.0255160508	-0.0171526089	-0.04668055	-0.0404462362	-0.0032258135	0.0364659247	0.048220895	0.0230335427	-0.0197999475	-0.0474645768	-0.0387663036	-0.0575315	-0.0025659999999999	6.584355999999994e-06	0.00330987349225	-1.49392	0.1489100000000001	2.2317969664	0.0221741881	-0.122672	-0.0677316	0.00458756963856	0.015048419584	-0.025204	0.0003657	0.000635241616	1.3373649000000006e-07	0.00275134	-0.0006701899999999	7.5698717956e-06	4.491546360999997e-07	0.000533826	0.000186872	2.8497019827600004e-07	3.4921144384000016e-08	0.0	0.0	0.0	0.0	0.0	0.0	0.0	0.0	0.0	0.0	0.0	0.0	0.0	0.0	0.0	0.0	0.0	0.0	0.0	0.0	0.0	0.0	0.0	0.0	0.0	0.0	0.0	0.0	0.0	0.0	0.0	0.0	0.0	0.0	0.0	0.0	0.0	0.0	0.0	0.0	0.0	0.0	0.0	0.0	0.0	0.0	0.0	0.0	0.0	0.0	0.0	0.0	0.0	0.0	0.0	0.0	0.0	0.0	0.0	0.0	0.0	0.0	0.0	0.0	0.0	0.0	0.0	0.0	0.0	0.0	0.0	0.0	0.0	0.0	0.0	0.0	0.0	0.0	0.0	0.0	0.0	0.0	0.0	0.0	0.0	0.0	0.0	0.0	0.0	0.0	0.0	0.0	0.0	0.0	0.0	0.0	0.0	0.0	0.0	0.0	0.0	0.0	0.0	0.0	0.0	0.0
53500.32989704776	37.99680396067561	2862285299.0929427	1443.7571112260134	64102.87527368164	-267.9617944335987	4109178618.3531847	71803.52327607421	54182.3507483831	48.36053100822028	2935727132.6208105	2338.740959397035	54308.09334302153	53526.17942021358	0.894248	20.486212	0.1306239	0.0719785	-0.0030338142	-0.0040541146	0.0219415204	0.0019777628	0.0110545561	0.0072434034	0.00488987	-0.0375628261	0.0254350592	-0.0348692961	-0.0188394925	-0.0243466151	-0.0089906965	-0.0106205774	-0.006410323	-0.020099921	-0.0241065279	0.0284710843	-0.0051429367	-0.0176884891	-0.0168201766	-0.0346972666	0.0176266236	0.0257942379	0.0316122525	0.0954207627	0.0024997398	-0.0439927804	0.0422821909	-0.0377330673	0.041512928	0.0182392847	-0.0485410644	-0.0271895014	0.047435534	-0.0256796102	-0.0088732612	0.0347335273	-0.0108131111	-0.0282301251	-0.0474364018	-0.0165371108	-0.0158101816	0.047973021	0.0358540473	0.0221190104	-0.0105566942	-0.0031240547	-0.0125242592	-0.0470031514	0.0106334162	0.0261661472	0.003807334	-0.0824481352	0.0096250101	0.0007184751	0.0013852692	-0.0756144781	0.0079084615	-0.0228915314	0.0190388299	0.0298637946	-0.0776825396	0.0427541257	0.0268501255	0.0050228115	0.086366251	-0.0164790615	-0.0060396898	0.01648514	-0.051632862	0.030784549	-0.0041528947	-0.0626007697	0.0066416098	0.0660705687	0.0035632963	0.0074335025	0.0106956036	0.0227306167	0.0053784238	-0.0249731827	0.0093545766	0.0115339675	0.0364116162	0.0081500397	-0.0008870339	-0.0471598753	0.0456932836	0.0089379873	0.1059378481	-0.0743730222	0.0097937317	0.0831370094	-0.0224632978	0.0212013526	-0.0348353043	-0.04838876	0.0189153953	-0.087159534	0.0758786137	0.0332348414	-0.0183712046	0.0274428365	-0.0204980648	-0.0136573775	0.0188785349	0.0354017246	0.0032491255	-0.0061621351	0.0256638006	0.0286237005	0.0298486704	0.0021226826	0.0182310975	0.0165060766	0.0328768165	-0.0105515769	0.0433773898	-0.020029558	-0.0931655358	-0.0059568575	-0.0497005883	0.039082205	-0.0356597548	0.0462805526	0.0195698517	-0.0453417405	-0.0237547936	0.0461620332	-0.0270940253	0.002241546	0.0332092426	-0.0125301547	0.0370315558	0.0476097055	0.0123270691	0.0240651451	-0.0223524568	-0.0335146796	0.0100375803	0.0075755762	-0.0080015452	0.0338803371	0.0401939559	-0.0298033912	-0.0349806256	-0.0150289346	-0.0912958186	-0.0197603019	-0.0298417321	0.0426060213	-0.0270630166	-0.0141724479	0.0155761382	-0.0382989586	-0.0201175447	0.0727203833	-0.0429570052	0.0182104536	-0.0072802971	-0.0951232262	-0.0171807557	-0.006996119	0.0218021553	0.0379319514	-0.0411804632	0.0064301362	-0.0442126393	0.0084716546	0.0683017253	0.022881619	0.0110739522	0.0079556327	0.0297998442	-0.0108453681	-0.0149820327	0.0121824424	0.0220397093	0.0217486984	0.0140621049	0.0190612096	0.0638010814	0.0484176698	0.0226578799	0.0968363177	-0.0178039085	0.0258995517	0.0993143974	0.0409616788	0.0215403505	-0.0261278022	0.0134295215	-0.0696000607	-0.0533498886	0.0827496624	-0.0252820179	-0.0490115208	0.0094815634	-0.0126803299	0.0183048242	0.0298503388	0.0051093044	0.0337666639	-0.0077290746	0.0272674619	-0.0146142495	-0.0338107965	0.017620033	-0.0068851976	-0.0109621436	-0.0214424533	-0.0202082552	0.0045312646	0.0453778111	-0.0155013782	-0.0150907027	-0.0229352713	0.0382984718	0.0398976605	-0.044906239	0.0097764545	0.0233858647	0.0033500511	0.0266778831	-0.0199476334	0.0571533942	-0.0163411316	0.0017369695	-0.0127815447	-0.0366050996	0.01489249	0.0300666323	-0.0120497088	-0.0448631447	-0.0430402594	-0.0079884006	0.0332308549	0.0487944286	0.026686557	-0.0160245105	-0.046363951	-0.0409083818	-0.0038697424	0.0361565084	0.0482683442	0.0231148951	-0.0198842699	-0.0475319038	-0.0384828171	0.0002766972	0.0388225891	0.0473957345	0.019377288	-0.0236012772	-0.0483586182	-0.0357809787	-0.0549746	0.0025569	6.537737610000004e-06	0.00302220664516	-1.54792	-0.054	2.3960563264	0.002916	-0.0893616	0.0333104	0.00110958274816	0.0079854955545599	-0.0254033	-0.0001992999999999	0.00064532765089	3.972048999999979e-08	0.00329507	0.00054373	1.08574863049e-05	2.956423129000001e-07	0.000461724	-7.210200000000005e-05	2.13189052176e-07	5.198698404000007e-09	0.0	0.0	0.0	0.0	0.0	0.0	0.0	0.0	0.0	0.0	0.0	0.0	0.0	0.0	0.0	0.0	0.0	0.0	0.0	0.0	0.0	0.0	0.0	0.0	0.0	0.0	0.0	0.0	0.0	0.0	0.0	0.0	0.0	0.0	0.0	0.0	0.0	0.0	0.0	0.0	0.0	0.0	0.0	0.0	0.0	0.0	0.0	0.0	0.0	0.0	0.0	0.0	0.0	0.0	0.0	0.0	0.0	0.0	0.0	0.0	0.0	0.0	0.0	0.0	0.0	0.0	0.0	0.0	0.0	0.0	0.0	0.0	0.0	0.0	0.0	0.0	0.0	0.0	0.0	0.0	0.0	0.0	0.0	0.0	0.0	0.0	0.0	0.0	0.0	0.0	0.0	0.0	0.0	0.0	0.0	0.0	0.0	0.0	0.0	0.0	0.0	0.0	0.0	0.0	0.0	0.0
53693.06459576145	192.73469871368437	2882945185.684612	37146.66408825468	64612.04483154297	509.16955786132894	4174716337.3133183	259253.6386527012	54215.57287007375	33.2221216906546	2939328341.630277	1103.7093696286631	54337.06300175428	54250.40923422281	0.900725	20.634594	0.0949999499999999	0.0467603	-0.0104170642	0.0012885254	0.0281800231	0.0038715695	0.0321337653	0.0002114263	-0.0129673862	-0.024179569	0.0046500102	0.0082040097	0.0342270142	0.0306708986	-0.0361967599	0.0103696404	0.0074278376	0.0093665217	0.0267184435	0.0044233791	-0.0070279481	0.0198898991	-0.0030064523	0.0348359426	-0.0147105288	0.0248084859	0.0387479735	-0.0312885002	-0.0230491658	-0.0357226525	-0.0389017259	-0.1143079422	0.0057487184	0.0531939349	-0.0566897675	0.007335262	-0.0289303544	-0.0150079562	0.0045314092	-0.0065931343	0.0669048694	-0.0247424203	0.0030609641	0.018254052	0.0508948032	-0.0320875631	0.0207926038	-0.0960444192	-0.0215714208	-0.0372060347	0.0570664436	0.027804611	-0.0144920171	-0.0257334149	-0.017006222	0.0311889991	-0.0019892181	0.0367205515	0.0072098791	-0.0011543612	-0.0434794517	-0.052258631	0.0148594861	0.0090501989	-0.0006578025	-0.018083916	-0.0023282147	0.0233324952	-0.0510500465	-0.0003100574	0.0103507696	-0.0401974058	0.0025545001	0.0037611659	-0.0280078956	0.0213064704	-0.0307405086	0.03337856	-0.0364117666	0.0219491473	-0.0008168649	0.0156679344	0.0392275544	0.0076687884	0.0106144929	0.0323020964	-0.007085033	-0.0127019489	-0.0228286008	0.0914700412	0.0710418694	-0.0165896163	-0.0383311449	-0.0369332128	0.0095627857	0.0107562955	0.0272508157	0.0323175363	-0.0140464134	0.0090885048	0.041383478	0.0215641441	0.0317815977	0.0194624211	-0.0059184673	-0.005641352	-0.0087537782	-0.0293873028	-0.0208434	0.0256552639	-0.0020010772	0.0796579668	0.0645428933	0.0107536933	0.0065782583	0.0084149693	-0.0180428041	0.0023520089	-0.0331655629	0.0239752952	0.035563073	-0.029830974	0.0310489537	0.0255028699	-0.0220430732	-0.0304619581	-0.1211077603	0.0148201101	0.0468628088	-0.0518269254	0.0079178296	-0.0314086707	-0.0197416913	-0.0047860975	-0.0171269715	0.0686523982	0.0243184647	-0.0023751557	-0.0036940384	-0.0328493807	0.0621416696	-0.0107216784	0.0810142484	0.0160007567	0.0438341744	-0.073079877	-0.0168418247	0.0288627989	0.0235615007	-0.0048040485	0.0319607905	0.0197006494	-0.028609814	-0.0286239151	-0.0150205342	-0.0319890705	0.0494785316	-0.0282237484	-0.0052799415	0.0003030669	0.0257937081	0.0044197533	-0.0288084135	0.0454987541	0.0193621927	-0.0052505915	-0.0262399182	0.0138323532	0.0062874602	-0.0242255538	0.0126020254	-0.0271036706	0.0449143581	-0.0249018268	-0.0231155024	-0.0265160565	0.0110951866	0.0142300123	-0.0232738955	0.0120337153	0.0175001446	-0.0239263264	-0.0106467134	0.006351879	-0.0692132573	0.0872944626	-0.0071076654	-0.0146321832	-0.0514617083	0.0409404179	0.0066802482	-0.0378192223	0.000826892	-0.029846014	0.0334628046	0.0163426811	-0.0524187485	-0.0244501253	-0.0155947667	0.0059670522	0.0005001389	-0.0082990641	0.0160971312	-0.0238673126	-0.0208032178	-0.0024914823	-0.0664454511	0.0475943041	-0.0578280598	-0.0064147063	0.0231044987	-0.0021672698	-0.0042238886	-0.0078030392	-0.0210491806	0.0438240517	0.0121513874	0.008265401	-0.0336220378	0.0148379221	-0.0029667376	0.0296905164	-0.0309737918	-0.0087430659	0.0095912899	0.0242187281	0.05627152	0.0210255688	0.0246478109	0.0447284074	0.0419495834	-0.0345982045	0.0233119675	0.0052898998	0.0299208162	-0.0124069519	-0.0450821203	-0.0426834313	-0.0070770633	0.0340352549	0.0486681691	0.0254372825	-0.0175837917	-0.0469246886	-0.0397582112	-0.0016598739	0.0377298441	0.0477657704	0.0206399614	-0.0225437227	-0.0481884067	-0.0363425447	0.0037777911	0.0409590082	0.0462741461	0.0155880314	-0.0272255606	-0.0488576859	-0.0324785665	-0.0552337	-0.0002590999999999	6.713280999999908e-08	0.0030507616156899	-1.51851	0.0294099999999999	2.3058726201	0.0008649480999999	-0.106681	-0.0173194	0.0002999616163599	0.011380835761	-0.0260968	-0.0006934999999999	0.00068104297024	4.809422499999995e-07	0.00325021	-4.48600000000003e-05	1.05638650441e-05	2.0124196000000267e-09	0.000683593	0.000221869	4.672993896490001e-07	4.9225853161000015e-08	0.0	0.0	0.0	0.0	0.0	0.0	0.0	0.0	0.0	0.0	0.0	0.0	0.0	0.0	0.0	0.0	0.0	0.0	0.0	0.0	0.0	0.0	0.0	0.0	0.0	0.0	0.0	0.0	0.0	0.0	0.0	0.0	0.0	0.0	0.0	0.0	0.0	0.0	0.0	0.0	0.0	0.0	0.0	0.0	0.0	0.0	0.0	0.0	0.0	0.0	0.0	0.0	0.0	0.0	0.0	0.0	0.0	0.0	0.0	0.0	0.0	0.0	0.0	0.0	0.0	0.0	0.0	0.0	0.0	0.0	0.0	0.0	0.0	0.0	0.0	0.0	0.0	0.0	0.0	0.0	0.0	0.0	0.0	0.0	0.0	0.0	0.0	0.0	0.0	0.0	0.0	0.0	0.0	0.0	0.0	0.0	0.0	0.0	0.0	0.0	0.0	0.0	0.0	0.0	0.0	0.0
53584.94621189176	-108.11838386968884	2871346460.531333	11689.584930593392	64842.92256591797	230.8777343750044	4204604606.889634	53304.528230135074	54275.66944776052	60.09657768676698	2945848294.002565	3611.5986496616183	54414.761668574574	53634.725085924816	0.975698	22.352137	0.1479560499999999	0.100142	-0.0078675542	-0.0085943989	0.0061225186	0.0066257809	0.0151406499	0.0169406421	-0.011197631	0.0193101154	-0.000400403	0.0075079205	-0.0235082465	-0.0011216028	-0.0204854789	0.0030318135	0.0828836875	0.033142731	-0.0130072236	-0.0270740432	0.0230358456	0.0127693062	0.0391913343	-0.0058028902	-0.0266685011	0.0137921988	-0.0281061023	-0.0223830276	-0.0542204164	0.0148717631	-0.0712189092	0.0082617111	-0.0096731348	0.0851718727	0.0243478205	-0.0543463977	0.0241899923	-0.0025522873	-0.0148329718	-0.0225565477	0.0563802045	-0.0581953903	-0.0081975462	0.0271303494	-0.0103486641	-0.0061175775	0.0014231341	0.0431926143	0.0279350539	0.0357112816	-0.0592347021	0.0344445499	0.0386072932	0.0172676966	-0.0324310763	0.0068017033	-0.0070196389	-0.0135495741	0.0269770512	-0.007831266	-0.0231362778	0.0246750584	-0.0421393489	0.0151093328	-0.00017388	-0.0336855704	0.0340532755	0.0250605625	0.0261458464	0.0147184452	-0.0208818878	0.021497458	0.0252695611	0.0122208121	-0.0159452424	-0.007970395	-0.0102225749	-0.0101748026	0.0199173232	0.0813630043	0.1025694586	0.002715853	0.0237160656	0.0370534148	0.0037568807	0.0458309365	0.0370316037	0.006379801	-0.0374460955	5.77048e-05	0.0329609824	-0.065637765	-0.0549601809	-0.0067570148	0.00315647	-0.0246043826	0.0127101669	-0.0606562998	-0.0319442093	0.0362416953	-0.0023502724	0.0028443914	-0.0147621056	-0.0175937324	0.054786466	0.0039352673	-0.029079839	0.006067175	0.012561832	0.0056236621	-0.0357055911	0.0360130048	-0.0141715855	0.0756075826	-0.029070487	-0.0221214554	-0.0142336667	-0.0377193592	0.0051288838	0.0222741976	-0.0083540292	0.0379811436	0.0219224136	0.0602712886	0.0224652934	-0.0591899181	-0.0037870772	-0.0321476826	0.0866849236	0.0127600445	-0.0516052155	0.0274642516	-0.0057038438	0.0150160223	-0.0220749401	0.0509778838	0.0609588305	0.0053539006	-0.0361645669	-0.0014195806	-0.0090777219	-0.0039597894	-0.0432762337	-0.019112207	-0.036559621	0.0451922525	-0.0368277401	-0.0224952065	0.0304577616	0.0442940528	-0.0067854351	0.0174900211	0.0137275738	0.0079343149	-0.0238382766	-0.0319311336	-0.0126459254	0.0431251438	-9.2427e-06	0.000912881	0.0196002833	0.0489370446	-0.0220806585	-0.0240264842	-0.0224580161	0.0197487743	0.0043016465	-0.0273119629	-0.0002841819	-0.0284909058	-0.0093358966	-0.0053822968	-0.0107484046	0.026745388	-0.0513432614	0.0425463296	0.0833155457	0.0802786996	-0.0121752215	-0.0130160552	0.0606303166	0.0262681575	0.0074138655	-0.0326015316	-0.0337678933	0.0093644127	-0.0585729146	0.0012830934	-0.0509704267	0.0085768535	-0.0269027223	-0.0235472097	-0.0740816743	0.0102382877	-0.0299237901	0.0210677832	0.0062368106	-0.0136093781	0.0269645102	-0.0202261673	-0.0433854941	-0.0195467923	-0.021942151	0.0219737176	-0.0191843689	-0.0186683095	-0.0325946359	0.0540296148	0.041933334	-0.0075249999	0.0046447921	-0.0077770783	-0.0200361547	-0.0026645746	-0.0113660654	0.0494695619	0.0323276864	-0.0020401919	0.0298877717	-0.0293352201	0.0008836746	0.036863592	-0.0163340749	0.0123095113	0.0008692107	-0.0212960341	0.0431234349	-0.0298287791	0.0466879014	-0.0064999475	0.0229480807	0.01832203	-0.0644798223	-0.0391422253	0.0297745756	-0.0127634908	-0.0452953387	-0.0423169129	-0.0061632156	0.0348222698	0.0485080733	0.0241649094	-0.019122865	-0.0474188502	-0.0385397882	0.0005533855	0.0392127206	0.0471303837	0.0180991493	-0.0251213099	-0.0486473676	-0.0340352549	0.0072595419	0.0428630618	0.0448631447	0.0116917818	-0.0306456097	-0.0489577037	-0.0288883326	-0.0550665	0.0001671999999999	2.7955839999999766e-08	0.0030323194222499	-1.5278	-0.00929	2.3341728400000004	8.630410000000038e-05	-0.139641	-0.0329599999999999	0.0010863615999999	0.0194996088809999	-0.0244632	0.0016335999999999	0.00059844815424	2.6686489599999965e-06	0.00285905	-0.0003911599999999	8.174166902500001e-06	1.5300614559999982e-07	0.000597576	-8.601699999999997e-05	3.570970757760001e-07	7.398924288999995e-09	0.0	0.0	0.0	0.0	0.0	0.0	0.0	0.0	0.0	0.0	0.0	0.0	0.0	0.0	0.0	0.0	0.0	0.0	0.0	0.0	0.0	0.0	0.0	0.0	0.0	0.0	0.0	0.0	0.0	0.0	0.0	0.0	0.0	0.0	0.0	0.0	0.0	0.0	0.0	0.0	0.0	0.0	0.0	0.0	0.0	0.0	0.0	0.0	0.0	0.0	0.0	0.0	0.0	0.0	0.0	0.0	0.0	0.0	0.0	0.0	0.0	0.0	0.0	0.0	0.0	0.0	0.0	0.0	0.0	0.0	0.0	0.0	0.0	0.0	0.0	0.0	0.0	0.0	0.0	0.0	0.0	0.0	0.0	0.0	0.0	0.0	0.0	0.0	0.0	0.0	0.0	0.0	0.0	0.0	0.0	0.0	0.0	0.0	0.0	0.0	0.0	0.0	0.0	0.0	0.0	0.0
53487.30720000823	-97.63901188352612	2860892031.5080523	9533.376641591352	64666.76482861328	-176.15773730468936	4181790473.399176	31031.548412307948	54227.45606224311	-48.21338551741064	2940616990.9825068	2324.5305430504623	54358.01328533837	53991.107636845576	1.035479	23.721657	0.14391835	0.094471	-0.0063238906	0.0033810444	0.0273917918	0.0065958697	0.0094452782	0.0068055481	0.0275545807	-0.0399393075	0.0118004666	0.0393992024	0.0160172462	2.45014e-05	-0.0245817754	0.0253739372	-0.0051930053	-0.0234346183	0.00666216	-0.016017565	-0.0204984244	0.031832835	0.0159785271	0.0638448399	0.0200928966	0.0060103103	-0.0013700157	-0.033442661	-0.0408357726	0.0110988686	0.0420091395	0.0199713529	0.006921451	0.1062163892	-0.0336654392	0.0057718971	-0.0123268083	0.0060225539	0.0510264596	-0.0184686907	0.0312307227	0.0524422606	-0.0054913475	-0.0567559676	0.0061152764	0.0318458501	0.0183652756	-0.0079409637	-0.0261212405	0.0171476628	-0.0199799886	0.0451491907	0.0224359123	-0.0616117856	-0.0263199471	-0.0031987289	0.0098299643	-0.0130199741	-0.0401060649	-0.0282178381	0.0279976262	0.0049915065	0.0468610035	0.0652372257	0.0296811637	-0.0345032772	0.0377910841	9.99773e-05	-0.0431452776	0.0142442304	-0.0116497765	0.0033457971	-0.0664436278	0.0064284614	-0.0330053798	-0.011748442	-0.0245464225	-0.008859407	-0.0215139746	-0.0743687777	0.0191352278	-0.0060332231	-0.0395931108	0.0626291017	-0.0462897137	-0.0502259992	-0.0162118814	-0.0228213589	0.0087966624	0.0302395991	-0.0026365718	-0.004933923	-0.0160000249	0.0181275644	-0.0752583553	0.0511275798	0.0476704972	0.0163172367	0.0200527749	0.0335552378	0.1088441669	-0.0271073284	0.013434094	0.0387806348	0.0068480733	-0.0361008684	-0.0836058088	-0.0103119634	-0.0273197175	-0.0068907439	-0.0772637437	0.0831585188	0.0257888294	-0.0150752326	-0.0163839982	0.0226839839	-0.0317698126	-0.0156926196	-0.0628309236	-0.0174316382	0.0075508422	-0.0044362527	0.0332996613	0.0362663511	0.0041860561	0.0504100299	0.0149301858	-0.0161947953	0.1013399801	-0.0390619796	0.0033078777	-0.0146118297	0.006895527	-0.0493718366	-0.0210787375	0.0300586683	-0.044654036	0.0153883454	0.0594515946	0.0271490288	-0.0057937024	-0.0183083955	0.0157184113	0.0273312541	-0.0180354757	0.0304365936	-0.0464333269	0.0048034866	0.0571435389	-0.0309255407	-0.0092475407	0.0024856376	-0.0177004818	0.036785625	0.0418917461	0.0054192507	-0.0226613051	-0.0362192231	-0.040006046	0.0074565107	0.0645043056	0.0397538389	0.00168775	0.0355047063	0.0240438385	0.0208277438	0.0240378448	0.073011164	-0.0046882442	-0.0231736717	-0.0262271959	-0.0278016126	-0.0080923215	-0.0164434202	0.0504912488	0.024032707	-0.0283432174	0.0363491558	0.0725247095	-0.0332001342	-0.0588302227	-0.0062930386	-0.0211614599	-0.0017560568	-0.0239889862	-0.0106982874	0.0019004381	-0.0227240033	0.0344611614	0.0369089215	0.0686648951	-0.0427238958	-0.0056125569	-0.0067117008	0.0519867342	0.0732110803	-0.0871023978	0.0352755413	-0.0328521124	0.0137621456	0.0098673792	-0.0591637274	-0.0350611214	0.003044997	-0.0615353177	-0.0795945415	-0.0411744576	0.0518878958	-0.0285797862	-0.0441799985	0.0197094013	-0.0096458748	-0.0079160977	0.0035998416	0.0075201582	0.0255995906	0.034517945	-0.0157497603	-0.0353816922	0.023829734	-0.0150556853	0.0073907021	-0.0384543828	0.0130549298	-0.0082792764	0.0559717844	0.0756808225	0.0318362409	0.0135378973	0.042417776	0.053098666	-0.0456232043	0.0363144087	-0.0064357562	0.0296279125	-0.0131193052	-0.0455027728	-0.0419407874	-0.0052471816	0.0355914973	0.0483142525	0.0228705931	-0.0206399614	-0.0478457346	-0.0372552045	0.0027655145	0.0406015827	0.046363951	0.0155005685	-0.0276076712	-0.0489069049	-0.0315715513	0.0107041222	0.0445239479	0.043171555	0.0077152822	-0.0338357689	-0.0486578547	-0.0250420933	-0.0551367	-7.019999999999943e-05	4.9280399999999205e-09	0.0030400556868899	-1.50578	0.0220200000000001	2.2673734084	0.0004848804	-0.103216	0.0364249999999999	0.0013267806249999	0.010653542656	-0.0259545	-0.0014912999999999	0.00067363607025	2.2239756899999927e-06	0.002699	-0.00016005	7.284601e-06	2.561600250000004e-08	0.000654289	5.67129999999999e-05	4.2809409552100006e-07	3.2163643689999883e-09	0.0	0.0	0.0	0.0	0.0	0.0	0.0	0.0	0.0	0.0	0.0	0.0	0.0	0.0	0.0	0.0	0.0	0.0	0.0	0.0	0.0	0.0	0.0	0.0	0.0	0.0	0.0	0.0	0.0	0.0	0.0	0.0	0.0	0.0	0.0	0.0	0.0	0.0	0.0	0.0	0.0	0.0	0.0	0.0	0.0	0.0	0.0	0.0	0.0	0.0	0.0	0.0	0.0	0.0	0.0	0.0	0.0	0.0	0.0	0.0	0.0	0.0	0.0	0.0	0.0	0.0	0.0	0.0	0.0	0.0	0.0	0.0	0.0	0.0	0.0	0.0	0.0	0.0	0.0	0.0	0.0	0.0	0.0	0.0	0.0	0.0	0.0	0.0	0.0	0.0	0.0	0.0	0.0	0.0	0.0	0.0	0.0	0.0	0.0	0.0	0.0	0.0	0.0	0.0	0.0	0.0
53348.89340335011	-138.41379665812565	2846104427.3620124	19158.379105316955	63860.62053955078	-806.144289062504	4078178855.696495	649868.61478809	54168.671510441854	-58.784551801254565	2934244973.206155	3455.6235304743814	54311.04646802153	53228.92734850599	1.426588	32.681522	0.2392039999999997	0.173001	-0.0048167236	-0.023355537	-0.0229000254	0.0005654723	-0.0286547941	-0.0095125971	0.0230951369	0.0045725974	-0.0549650874	-0.0516926648	-0.0552765771	-0.0426198107	-0.0188545711	0.0229679121	0.0918850845	0.0126508326	-0.0537845704	-0.0002222193	-0.0279780885	0.00505662	-0.0949010064	0.0013438501	-0.0205598192	-0.0221912115	-0.0645599717	-0.0702911597	0.0973233735	-0.063142381	-0.0583887207	0.0459971501	-0.0053486895	-0.0859672912	0.0292600617	-0.1213552874	-0.0387957911	0.011521169	0.0786574807	0.0422594498	0.0140785384	-0.0262772073	-0.0790763193	0.0387105019	-0.0283357431	-0.0028290128	0.0451580231	0.0601213973	0.0412182465	-0.0379639005	0.0125756025	0.0098591348	0.0251772217	0.0387025808	0.0551244872	0.0530410325	0.0306615585	0.0497440558	0.0407669624	0.0199025771	0.040765627	-0.0486786798	-0.0165544937	-0.0157139422	-0.0581886299	-0.0164116316	0.0174358153	-0.1117546526	-0.0193951199	0.032461723	0.0171040638	-0.0245294062	0.0872217688	0.0439117343	0.0926089357	-0.0428948213	-0.1203574173	-0.0195145817	-0.0042834921	-0.081557762	-0.0508102267	-0.0492225148	0.0063829337	0.0164543341	0.0055857401	0.0593191643	0.076592561	0.0785926524	-0.0779661145	0.0003978108	0.0297811726	0.0505004866	-0.0441860804	0.0228749577	-0.0080633464	0.0038525517	0.0678824409	-0.0858341336	0.0571744522	-0.057124166	0.001639304	-0.0410045651	-0.0040381253	0.0628953338	0.0138460418	0.0036242597	0.0213864618	-0.0033932908	-0.0323141026	0.0247209745	0.0490784502	-0.0417483085	-0.0397529784	0.0079184509	-0.0003132926	0.0328880192	-0.010969768	0.0933130248	-0.0011458647	0.0081634613	-0.0465200537	0.0556664722	0.0692879555	-0.0914576441	-0.0499409074	-0.0802490943	0.0350379364	-0.0023744243	-0.085663531	0.0219995089	-0.1245331871	-0.0182045853	0.0146762732	-0.0819373588	0.0380097991	0.0121070306	0.013981522	0.0767300759	-0.0608356249	0.0021878789	-0.0224798354	-0.0601840233	-0.0482152137	-0.0676792538	0.0349329688	-0.0045687765	-0.0046506824	-0.045429008	-0.0336511965	0.0060618959	0.0736867889	-0.0164703558	-0.0098390419	-0.0082793269	-0.0591258257	0.056255651	0.0414600607	0.0015173846	0.0201629522	0.0448489921	-0.0086433812	0.0268768264	0.1127929284	0.0553250315	-0.0453068538	-0.0163071692	-0.051081511	-0.1174530017	-0.0632082329	0.065633451	-0.0187203202	-0.1207941156	-0.0080027103	-0.0178393025	0.0577837618	-0.0054529038	-0.0782659394	0.004208241	0.0091429368	-0.0162336422	0.0661487961	0.0359219325	0.0846061009	-0.0027185604	0.0371008832	0.0667222521	-0.0067781277	-0.0656945082	0.0026279642	0.0155969073	-0.011447721	-0.0584459794	-0.0507781979	0.1082387811	0.0287407116	-0.031021291	-0.0055072103	0.0579762466	-0.0549386431	-0.0250337461	-0.0031703242	0.0067150398	0.0173592608	-0.0620595841	0.0176546288	0.0450166627	0.0113844994	-0.0442570021	0.0461548526	0.0202243709	-0.0272469178	-0.026391758	-0.0265483351	0.0153621113	0.0209215985	0.0142869326	0.0136528294	-0.0195432135	0.046155286	-0.0784700189	0.0403923324	-0.0058274837	-0.0315672731	-0.0082846279	-0.0103468626	-0.027918243	0.0435837489	-0.0265402962	0.029377646	-0.0861076558	0.002042075	-0.0287612826	-0.2037366879	-0.0747785784	0.0294808289	-0.013474375	-0.0457043959	-0.0415551402	-0.0043292863	0.0363425447	0.0480868413	0.021555509	-0.0221333376	-0.0482047363	-0.0359066654	0.0049719936	0.0418931005	0.0454686032	0.0128525131	-0.0299937775	-0.0489659547	-0.0289627561	0.0140938949	0.0459322442	0.0412099568	0.0036858265	-0.036772107	-0.0479605879	-0.0209739336	-0.0554707	-0.000334	1.1155600000000065e-07	0.00307699855849	-1.47537	0.0304099999999998	2.1767166369	0.0009247680999999	-0.0959852	0.0072307999999999	5.228446863999994e-05	0.00921315861904	-0.0227319	0.0032225999999999	0.00051673927761	1.0385150759999992e-05	0.00327339	0.00057439	1.07150820921e-05	3.299238721000002e-07	0.0008818829999999	0.0002275939999999	7.777176256888237e-07	5.1799028835954506e-08	0.0	0.0	0.0	0.0	0.0	0.0	0.0	0.0	0.0	0.0	0.0	0.0	0.0	0.0	0.0	0.0	0.0	0.0	0.0	0.0	0.0	0.0	0.0	0.0	0.0	0.0	0.0	0.0	0.0	0.0	0.0	0.0	0.0	0.0	0.0	0.0	0.0	0.0	0.0	0.0	0.0	0.0	0.0	0.0	0.0	0.0	0.0	0.0	0.0	0.0	0.0	0.0	0.0	0.0	0.0	0.0	0.0	0.0	0.0	0.0	0.0	0.0	0.0	0.0	0.0	0.0	0.0	0.0	0.0	0.0	0.0	0.0	0.0	0.0	0.0	0.0	0.0	0.0	0.0	0.0	0.0	0.0	0.0	0.0	0.0	0.0	0.0	0.0	0.0	0.0	0.0	0.0	0.0	0.0	0.0	0.0	0.0	0.0	0.0	0.0	0.0	0.0	0.0	0.0	0.0	0.0
53509.84031115006	160.9469077999529	2863303010.12478	25903.907130366537	65147.58669140625	1286.9661518554713	4244208051.714293	1656281.87602168	54360.90632177829	192.2348113364351	2955108136.125155	36954.2226895548	54498.24680363939	52837.068693879366	2.283525	52.312981	1.24921585	0.953709	-0.023858554	-0.1678329937	-0.2523152859	-0.0171920585	-0.077736244	0.0249665225	-0.1126936671	0.0535320145	-0.3122297168	0.0254941748	0.0229429587	-0.0995148191	0.1571388206	0.044213585	0.017662199	-0.0057711031	-0.1085873067	-0.1862077912	-0.0175970365	-0.1208479933	0.0159092704	-0.0396867259	0.0095357136	-0.0969838679	0.0062465851	-0.0312351966	0.2333886244	0.0747122423	0.0131165726	-0.0235249948	-0.0215585133	-0.0456126987	0.024972416	-0.040513225	-0.063728265	0.0611159554	0.0640519643	0.0587975113	0.0038341939	0.046199491	-0.0257107706	-0.062922697	-0.0422658292	0.0757643409	0.0797440667	-0.002405477	0.0455776974	-0.0649735864	0.0092379804	0.007387011	-0.1000099575	0.0221733364	0.0325561689	0.0810429373	-0.0112981249	-0.0075152234	0.0345102973	0.0178839148	-0.0162464484	0.0040725197	0.040844966	-0.0063923833	0.009239108	-0.0008225387	0.0341852106	-0.0214873186	-0.0588901391	-0.0335218037	0.0188952928	-0.0248351441	0.0465177459	-0.0086242612	-0.0287235194	0.0535850235	-0.0063505003	-0.0263984811	0.0203842991	0.028588137	-0.077572251	-0.0398590803	-0.0267598713	-0.0726058397	0.0166450948	0.0199472191	-0.0333124621	-0.0181152938	-0.0515299632	-0.1297718199	0.0556823496	0.0632365239	-0.02101332	0.0201797995	0.014996424	-0.0172421899	-0.0001915801	-0.1092144292	-0.0750042051	-0.0190153465	0.0132676729	-0.0212786567	0.0169610948	-0.0167670595	0.0044627473	0.0153555781	0.0294288335	0.019036894	0.0191826784	0.0142935277	0.0761360578	-0.0071754695	-0.1070543874	0.0075965555	-0.1828143395	0.0169376949	0.1271007924	-0.0165254931	0.0357748503	-0.0129808368	-0.0740182578	-0.0438224419	0.0218748978	-0.2402280725	0.0765977456	0.0035731983	-0.0161407534	-0.0124672449	-0.0486858628	0.0286784375	-0.0467858502	-0.0494649379	0.0682173372	-0.0694511821	0.0559964294	-7.65838e-05	-0.0428479749	0.0420305616	0.0524523153	0.0676685346	-0.0516309642	-0.0856862591	0.0294058513	-0.0712780181	0.0359564634	-0.0003631736	0.0107506512	0.079983909	-0.0624964332	0.0086212235	0.0899716551	0.0286437023	0.0313529884	-0.0105565657	-0.0272385893	-0.0011182021	-0.0114503923	-0.0265952114	0.0004892319	-0.0029186554	-0.0050116855	0.0181981871	0.0239417174	0.0448856897	0.0581706099	-0.019130462	-0.0324289484	-0.0277071144	0.0226903624	-0.0261347665	0.0344470249	-0.0092944817	-0.04947367	0.0075659954	-0.0463276361	-0.0154403975	-0.0442590407	-0.1102990672	-0.031007754	0.0051875554	0.0102516834	-0.0307504793	-0.0262998216	-0.0351658604	0.1220638024	0.0397623298	-0.0890765779	-0.0210401582	0.0115663505	-0.0091029158	-0.0262360471	-0.0039509393	-0.0926316594	0.0079110629	-0.0306091777	-0.0735402655	-0.0264709619	0.0241612144	0.0289261814	-0.0054543762	0.0099579796	0.0216454401	-0.006615468	0.0142226439	0.0354278866	0.047780071	-0.0317867667	-0.0439943737	0.0901810918	0.0036511258	-0.2974563935	-0.0314188516	-0.0974692047	0.0624160874	-0.0922945	-0.0869791812	-0.0587017852	-0.0223045748	-0.0176544895	-0.0549618775	0.0269060426	-0.0252128689	0.0680377911	0.064699981	0.011925343	-0.0145110274	-0.0477522469	0.0010672848	0.0395287587	-0.0046062568	-0.0177314811	0.0383920841	-0.0538356058	-0.0427075796	0.0293333271	-0.0138286801	-0.0459001824	-0.0411600588	-0.0034098553	0.0370750283	0.047825998	0.0202208511	-0.0236012772	-0.0484953459	-0.0344964857	0.0071683153	0.0430841775	0.04444683	0.0101634351	-0.0322709638	-0.048824275	-0.0262208584	0.0174115036	0.0470799613	0.0389906186	-0.0003689281	-0.039432597	-0.0468715983	-0.016719905	-0.0210086	0.0344620999999999	0.0011876363364099	0.0004413612739599	-1.19224	0.2831300000000001	1.4214362176	0.0801625969	-0.0892313	0.0067539	4.5615165210000095e-05	0.00796222489969	-0.0055191	0.0172128	3.046046481e-05	0.00029628048384	0.00329759	2.419999999999983e-05	1.08740998081e-05	5.856399999999918e-10	0.00214228	0.001260397	4.589363598399999e-06	1.5886005976092518e-06	0.0	0.0	0.0	0.0	0.0	0.0	0.0	0.0	0.0	0.0	0.0	0.0	0.0	0.0	0.0	0.0	0.0	0.0	0.0	0.0	0.0	0.0	0.0	0.0	0.0	0.0	0.0	0.0	0.0	0.0	0.0	0.0	0.0	0.0	0.0	0.0	0.0	0.0	0.0	0.0	0.0	0.0	0.0	0.0	0.0	0.0	0.0	0.0	0.0	0.0	0.0	0.0	0.0	0.0	0.0	0.0	0.0	0.0	0.0	0.0	0.0	0.0	0.0	0.0	0.0	0.0	0.0	0.0	0.0	0.0	0.0	0.0	0.0	0.0	0.0	0.0	1.0	0.0	0.0	0.0	0.0	0.0	0.0	0.0	0.0	0.0	0.0	0.0	0.0	0.0	0.0	0.0	0.0	0.0	0.0	0.0	0.0	0.0	0.0	0.0	0.0	0.0	0.0	0.0	0.0	0.0
53545.679370378784	35.83905922872509	2867139779.2354083	1284.438166400065	64846.42329003906	-301.16340136718645	4205058613.510921	90699.39432305304	54329.47813406673	-31.428187711557257	2951692194.320035	987.7309828328786	54454.94494454686	53040.71802423651	1.41125	32.330139	0.1606671	0.111708	-0.0231740245	-0.166463492	-0.2435174196	-0.0238890825	-0.0669490674	-0.0212544502	-0.0845607803	-0.0959239975	-0.2458326422	0.0299651651	-0.00825684	-0.0579754601	0.1228499249	0.0673002167	-0.1099345335	-0.0542786482	0.0879978622	-0.1297362713	-0.1089019848	-0.0605642576	-0.0280497136	0.0288484652	-0.0219634731	0.028637592	0.0153878195	0.0804509363	0.1360588322	0.1005517123	-0.062886356	0.0362550621	0.0167186363	0.0085170148	0.0142569177	-0.010503926	-0.0898118607	0.0274808918	-0.0625887759	-0.0366381158	0.009647082	0.0005195596	-0.0153152121	-0.004904458	0.0431013795	-0.0013996284	-0.0805723319	-0.0373689236	0.0230893515	-0.010041297	0.0215860928	-0.0361850301	-0.0131823765	-0.0287831363	-0.0166015737	0.0361010791	-0.0082471465	-0.0309553549	-0.0382379281	0.0642785773	-0.0174064325	-0.0094188681	-0.0205408379	-0.0402987449	0.0172883806	-0.0001445955	0.0022387823	0.005644221	0.0629858764	-0.0375256571	-0.0130608252	-0.0046478349	-0.0476930258	0.0175402996	0.0190328962	0.0153437795	0.0535922853	-0.0163427384	-0.0555559643	0.0381020251	-0.045808151	-0.001729317	0.0284903887	0.0021954228	0.0692266475	0.0385626869	-0.0084429284	-0.0369094571	0.055310174	-0.0573900232	0.0181128397	0.0188257823	-0.0024138987	-0.0170800041	-0.0494896199	-0.0178908472	0.0303155907	0.0005743105	0.0319567181	-0.0068889852	0.076994879	-0.0361786512	-0.0042435082	0.0553827709	0.012412388	0.0137151909	-0.0077493212	-0.0551112397	0.1099635411	-0.0416459396	-0.0109691005	-0.0225499714	0.0058539249	-0.0263664608	-0.1228334201	0.114753979	0.0677037723	0.0254042259	-0.0290543011	0.0302156818	0.0317235383	-0.0030773979	-0.0799778597	-0.1342063767	0.0990844718	-0.0651860004	0.0444822926	0.0060525098	0.016020893	0.0145066298	-0.0218893454	-0.0875558552	0.0301697467	0.0636183779	-0.0327952059	0.0030437851	0.0105104103	0.0194173439	0.0078573386	0.019464525	0.0346380037	0.0890998277	0.0138885477	-0.0156136055	0.0002351808	-0.0356392026	0.0408927325	0.026214483	0.0323237363	0.0014251722	0.032606842	0.0074461002	0.0343706332	-0.0244186599	0.0684159447	-0.0005326821	0.0248523715	0.0275518865	0.0252843281	-0.0362069184	-0.0069258499	-0.0106007906	0.0009028214	-0.0769511591	0.0066745982	0.0058214177	-0.0040172366	0.0319502269	-0.032127683	0.0374747133	0.0165033288	0.0466363788	0.0007677156	-0.0346356677	-0.0727133486	-0.0226395251	-0.0371494043	-7.35338e-05	-0.0058515961	0.0635952996	0.0445831676	-0.0144097122	-0.0514329649	0.0469090136	0.0331477711	-0.0275669481	-0.049331956	-0.0117250355	0.0087728668	-0.0415795628	0.0342719309	-0.0286941431	-0.0024198749	0.0157245943	0.0642994148	0.0366458995	-0.0429392927	0.0481653031	-0.0474021241	-0.0074477459	0.0032707439	-0.0005222174	0.0347330439	0.1057902227	0.0518774638	-0.039375133	0.0165124213	-0.0155880531	-0.0012990849	-0.007167428	-0.2870048896	-0.0515193002	-0.0845516531	0.0682814389	-0.064195106	-0.047049968	-0.026882519	-0.0367752664	0.0098303191	0.0333351884	-0.0210605939	-0.0170729342	0.0130473671	-0.0640842915	0.008007557	0.0533696672	-0.0161347381	0.0604585422	-0.0378097306	0.0163622551	0.0128173551	-0.05024739	0.0086827538	0.0354893311	0.029185409	-0.0141822002	-0.0460901072	-0.0407556328	-0.0024892147	0.0377885739	0.0475319038	0.0188678315	-0.0250420933	-0.0487171511	-0.0330270864	0.0093499925	0.044171958	0.0433014723	0.0074419176	-0.0344309608	-0.0484824465	-0.023358459	0.0206399614	0.0479605879	0.0365274207	-0.0044211503	-0.0417972809	-0.0453997805	-0.0123177063	-0.027519	-0.0065103999999999	4.238530816e-05	0.0007572953609999	-1.14898	0.04326	1.3201550403999998	0.0018714276	-0.0905905	-0.0013592	1.8474246400000128e-06	0.00820663869025	-0.00754547	-0.00202637	5.69341175209e-05	4.1061753769000015e-06	0.00325538	-4.220999999999999e-05	1.05974989444e-05	1.781684099999999e-09	0.00202011	-0.00012217	4.0808444121e-06	1.49255089e-08	0.0	0.0	0.0	0.0	0.0	0.0	0.0	0.0	0.0	0.0	0.0	0.0	0.0	0.0	0.0	0.0	0.0	0.0	0.0	0.0	0.0	0.0	0.0	0.0	0.0	0.0	0.0	0.0	0.0	0.0	0.0	0.0	0.0	0.0	0.0	0.0	0.0	0.0	0.0	0.0	0.0	0.0	0.0	0.0	0.0	0.0	0.0	0.0	0.0	0.0	0.0	0.0	0.0	0.0	0.0	0.0	0.0	0.0	0.0	0.0	0.0	0.0	0.0	0.0	0.0	0.0	0.0	0.0	0.0	0.0	0.0	0.0	0.0	0.0	0.0	0.0	0.0	0.0	0.0	0.0	0.0	0.0	0.0	0.0	0.0	0.0	0.0	0.0	0.0	0.0	0.0	0.0	0.0	0.0	0.0	0.0	0.0	0.0	0.0	0.0	0.0	0.0	0.0	0.0	0.0	0.0
53548.01260662421	2.3332362454239046	2867389654.119185	5.443991376959839	64491.24557666016	-355.1777133789001	4159120756.029089	126151.20808106408	54303.575671315884	-25.90246275084792	2948878330.6903305	670.9375765590638	54433.88605903604	53058.97635054155	1.206119	27.630823	0.1460813000000001	0.0737074999999999	-0.022692386	-0.1633467404	-0.2168882952	0.0016970331	-0.0654731923	9.30264e-05	-0.0762416713	0.0035436317	-0.2215209663	-0.0395256172	-0.0562784689	-0.0765741741	0.1448572606	0.0504661192	-0.0298763842	0.009868132	0.0348301894	-0.145658388	-0.062158211	-0.0665700998	-0.0427008161	-0.0585042061	0.0140738748	0.0122359848	-0.0531708722	0.0511439191	0.1559015994	0.1228792335	-0.0742935807	0.00931193	-0.0241168429	-0.0245564997	-0.0359385186	0.0463468624	0.0169821496	0.0245338071	0.0022537349	0.0336333823	0.0061748011	-0.0031503205	-0.0309811996	-0.0689349375	0.012338333	0.002435238	-0.0015681149	0.0589719494	0.0281555519	-0.0045864458	-0.0187413744	-0.0014745399	-0.0147254235	-0.0090100548	0.012101559	-0.0170235311	0.0174444058	0.0102084318	-0.017596433	0.0694470983	-0.0314553105	0.0066670378	0.0101772628	0.0421967106	0.026156025	0.0144297732	0.0029031979	0.0255612808	-0.015053438	-0.0081452143	-0.0236536352	0.0553841193	-0.0431331619	-0.0067983637	0.0081768038	-0.0255575427	-6.71931e-05	0.0288146308	0.0091027531	0.0020541447	-0.0557559351	-0.0681795225	0.0145073878	0.0037081785	-0.0626375128	0.0072195597	0.017978074	0.0220317238	0.0194624162	0.008745192	-0.0311549894	-0.0276596535	-0.0531491029	0.0153497669	-0.017705333	0.0311498582	0.0339609369	0.0023808142	-0.087040855	-0.057169164	0.0352165741	0.0567461594	0.0072810291	-0.0395102937	-0.0408474377	-0.0071062111	0.0285532608	0.0426342491	0.0056811361	0.01708821	0.0637940241	-0.0455318124	0.010820819	0.0144944652	-0.1401704339	0.0671638336	0.0722643903	0.0408502416	0.0530642895	-0.0181146546	0.0061208258	0.0550961297	-0.0547227136	-0.1620250327	0.128005314	-0.0655247962	0.0119555709	-0.0149617939	-0.0227698986	-0.0393247018	0.0497241308	0.0161857557	0.0244770508	-0.0038670421	0.0309630435	-0.002539883	0.0099231916	0.0401995423	0.0632261654	0.0149606656	0.0049891943	-0.0105621392	-0.0577784781	-0.0356843835	0.0006767254	0.0228489878	-0.0026398276	0.0156742525	0.0002135957	0.0021644847	0.0017795104	-0.0447077493	0.0249512805	-0.0519144114	0.0381746539	0.0036249087	-0.0005988188	0.0089526212	-0.0428293219	0.0004161367	0.0224460888	-0.0050163946	-0.0291421228	-0.0063729337	0.0305637638	0.0248214841	0.0615819246	0.0118395234	-0.006355291	0.0226916521	-0.0226730598	-0.0026972305	0.029485809	0.0280688986	-0.0238902266	-0.0027294192	-0.0720534362	-0.0030076437	-0.0208639819	-0.0733591371	0.000144979	0.0075170641	0.0198040884	0.0148725921	-0.0105888778	-0.0460455889	0.0042378328	-0.0180286049	-0.0052922933	0.0469668278	0.0064477415	-0.0465177377	-0.0492403819	-0.0595057867	0.0433923817	-0.0622860285	-0.0045505988	-0.048238482	0.0356232026	0.0603356805	0.0350388093	0.0299806546	-0.0159722527	-0.0288437851	0.0629487698	0.0679123161	-0.0010580922	0.0116067699	-0.0018524603	0.0442646082	-0.2724501817	-0.0604426163	-0.0914127308	0.0524954141	-0.0490458681	-0.0581904227	-0.0008429119	-0.0240854228	0.0324600646	-0.01354846	-0.0032768799	-0.0218125896	0.02076514	-0.0183083292	-0.0068232692	-0.0556926527	-0.0422702256	0.0184537144	0.0095516413	1.21676e-05	-0.0052611045	-0.0266058778	0.0302455736	-0.0065495807	0.0290370768	-0.0145349155	-0.0462741461	-0.0403419543	-0.0015676912	0.0384828171	0.0472047632	0.0174976787	-0.02645413	-0.0488698372	-0.03150099	0.0115125682	0.0451538342	0.0420357148	0.004696647	-0.0364659247	-0.0479418706	-0.0203887125	0.0237627379	0.0485691282	0.0338357689	-0.0084430267	-0.0438484199	-0.0435571555	-0.0078063495	-0.036443	-0.008924	7.963777600000008e-05	0.001328092249	-1.20534	-0.0563600000000001	1.4528445156000005	0.0031764496	-0.0700897	0.0205008	0.00042028280064	0.00491256604609	-0.0080173099999999	-0.0004718399999999	6.427725963609841e-05	2.2263298559990614e-07	0.00354586	0.00029048	1.25731231396e-05	8.437863040000006e-08	0.0015765	-0.0004436099999999	2.48535225e-06	1.967898320999999e-07	0.0	0.0	0.0	0.0	0.0	0.0	0.0	0.0	0.0	0.0	0.0	0.0	0.0	0.0	0.0	0.0	0.0	0.0	0.0	0.0	0.0	0.0	0.0	0.0	0.0	0.0	0.0	0.0	0.0	0.0	0.0	0.0	0.0	0.0	0.0	0.0	0.0	0.0	0.0	0.0	0.0	0.0	0.0	0.0	0.0	0.0	0.0	0.0	0.0	0.0	0.0	0.0	0.0	0.0	0.0	0.0	0.0	0.0	0.0	0.0	0.0	0.0	0.0	0.0	0.0	0.0	0.0	0.0	0.0	0.0	0.0	0.0	0.0	0.0	0.0	0.0	0.0	0.0	0.0	0.0	0.0	0.0	0.0	0.0	0.0	0.0	0.0	0.0	0.0	0.0	0.0	0.0	0.0	0.0	0.0	0.0	0.0	0.0	0.0	0.0	0.0	0.0	0.0	0.0	0.0	0.0
53646.5924688023	98.5798621780923	2877956883.513756	9717.989227051672	65145.96798535156	654.7224086913993	4243997144.7484503	428661.4324426677	54398.66026013963	95.08458882374543	2959214238.0980945	9041.079031780737	54529.50822691187	53306.63282232904	1.075029	24.627701	0.0823798999999999	0.0459965	-0.0224436125	-0.1649752876	-0.233405011	-0.0095459994	-0.061982196	0.0027663153	-0.1167921568	0.0110557583	-0.2356934448	0.0353263469	-0.026477894	-0.0680646577	0.0952133278	0.0412307369	-0.0779798847	-0.0298613342	-0.004466743	-0.170119313	-0.0419238914	-0.0918969466	0.0340740743	0.0016610438	-0.0065252934	-0.0224942327	0.0818314231	0.0400763495	0.1132216327	0.121931502	-0.011082361	0.0510305003	-0.0055857566	0.0124603922	-0.0118041119	-0.0209395658	-0.0387342429	0.0247412125	-0.0306436246	-0.0788848961	-0.0243009426	-0.0609212223	-0.0122045554	0.0122874566	0.012216215	0.0779795111	0.0048069086	-0.0128984747	0.0893971513	0.0082803149	-0.1056624396	-0.0768623368	-0.0197948408	0.0070789177	-0.0537369271	-0.0305186428	-0.0291658352	-0.0115183742	-0.0139030516	0.0074784484	-0.0279563305	0.1050055336	-0.0150226469	-0.0202784158	-0.0066355008	0.0242494941	0.0125377865	0.027489402	0.0269221126	0.0290352114	-0.0408464883	-0.0044264019	0.030869008	0.0055282832	-0.038475156	-0.0744748602	0.0614427145	0.0026804501	0.0511528527	0.0181648635	-0.0233349489	0.0405871761	0.0296002641	0.0448323229	0.0023917175	0.0472964353	-0.0239575235	-0.0327551639	-0.0189178953	0.0755637061	-0.034884336	0.0242565222	-0.0138734655	-0.0407364248	-0.0123429939	0.0402121898	0.0057196402	-0.02320649	0.0287844936	0.0212492775	0.030048643	-0.0240839456	-0.0439076176	-0.0307372119	-0.0574121721	-0.0305723073	-0.0040298865	-0.0057181274	-0.0245577488	-0.0268859834	-0.0171643695	0.0662376093	0.0309334933	0.0227714003	-0.1658680312	0.0444079076	0.1007451779	-0.0330800704	-0.0038905299	0.0159279097	0.0106232524	-0.0784043802	-0.0442499212	-0.1122127874	0.1189972814	-0.0119635337	0.0594099338	-0.0126814873	0.0150026667	-0.0075139834	-0.0201692953	-0.0356003027	0.0244561243	0.0299088869	-0.0709115594	-0.0248201639	0.0643990629	0.0031745878	-0.0231794344	0.0618072763	-0.001827171	0.0113952577	0.0361601904	-0.0874773231	-0.0635914072	0.0990660185	0.0760126056	0.0289915835	0.0202856615	0.0393526301	-0.0454685791	0.0131975146	0.0041914502	-0.0283967846	0.0231012356	-0.030731351	-0.0923872289	0.0383576594	0.0149215318	0.0019045832	-0.044316979	0.001517905	-0.0249749232	-0.0197780218	-0.0335624384	0.0356133483	-0.0105404005	-0.0254720247	0.0054075795	-0.0217932306	-0.0745873448	0.074930144	0.0125763976	0.0486869339	-0.0031663692	-0.0563558688	0.0188076472	0.0363790319	0.0081084468	0.0074781513	0.0397953705	-0.0425528631	-0.0287521719	-0.0164509999	-0.0243242655	0.0189301238	0.0746371578	-0.0462007172	-0.0199437239	0.0284530907	0.0365799953	-0.0045900084	-0.0169581381	0.0186181383	0.0091991742	0.05150916	0.0085938929	0.0242404612	0.032124909	0.0437513745	0.0515005812	-0.0168578993	-0.0054848541	-0.011127621	-0.0371023253	-0.0359794495	-0.0362232145	0.0347959374	-0.0275393918	0.0124205357	-0.2818112051	-0.0512537119	-0.0856970016	0.0619253904	-0.0563782893	-0.0641819812	-0.0137271632	0.0043676377	-0.0103204143	-0.0089835678	0.0139078654	-0.004085434	0.0466729343	0.044528738	-0.0043831547	0.0363676036	-0.0306197153	0.0360196123	-0.0222828172	-0.0141678903	0.0186117983	-0.0367843831	0.0113828247	-0.0038319158	0.0288883326	-0.0148868057	-0.0464522756	-0.0399191169	-0.0006456115	0.0391574033	0.0468448038	0.016111637	-0.0278357645	-0.0489531875	-0.0299208162	0.0136516244	0.0460274517	0.040653077	0.0019363856	-0.0383684655	-0.0472047632	-0.0173252667	0.0267638437	0.0489021298	0.0309324975	-0.0124069519	-0.0455706274	-0.0413587732	-0.0032258135	-0.031355	0.005088	2.5887744000000024e-05	0.000983136025	-1.16826	0.03708	1.3648314276000002	0.0013749264	-0.0850901	-0.0150003999999999	0.0002250120001599	0.00724032511801	-0.00778369	0.0002336199999999	6.05858300161e-05	5.4578304399953564e-08	0.00327525	-0.00027061	1.07272625625e-05	7.322977210000008e-08	0.0015765	0.0	2.48535225e-06	0.0	0.0	0.0	0.0	0.0	0.0	0.0	0.0	0.0	0.0	0.0	0.0	0.0	0.0	0.0	0.0	0.0	0.0	0.0	0.0	0.0	0.0	0.0	0.0	0.0	0.0	0.0	0.0	0.0	0.0	0.0	0.0	0.0	0.0	0.0	0.0	0.0	0.0	0.0	0.0	0.0	0.0	0.0	0.0	0.0	0.0	0.0	0.0	0.0	0.0	0.0	0.0	0.0	0.0	0.0	0.0	0.0	0.0	0.0	0.0	0.0	0.0	0.0	0.0	0.0	0.0	0.0	0.0	0.0	0.0	0.0	0.0	0.0	0.0	0.0	0.0	0.0	0.0	0.0	0.0	0.0	0.0	0.0	0.0	0.0	0.0	0.0	0.0	0.0	0.0	0.0	0.0	0.0	0.0	0.0	0.0	0.0	0.0	0.0	0.0	0.0	0.0	0.0	0.0	0.0	0.0	0.0
53466.70036044933	-179.89210835297126	2858688047.4340725	32361.170647677154	64831.31099609375	-314.6569892578118	4203098885.4722266	99009.02088879068	54233.95503468025	-164.70522545938002	2941321878.703719	27127.811293625204	54361.9341679799	52967.62914721997	1.729455	39.619865	0.3343124999999998	0.195905	-0.0216046751	-0.1323998509	-0.1622330788	0.0074736752	-0.0207723859	-0.0254665398	-0.0916147034	-0.0296168958	-0.1376856596	-0.0339942429	0.0466794329	-0.0547107166	0.0812736466	0.0737019609	-0.1024409633	0.0446955469	0.2067648419	-0.0924384489	-0.0740522188	-0.0438440775	0.0141129209	-0.0091130508	-0.0200608431	0.0195559817	0.0187334971	0.0457641946	0.1707708511	0.1547761013	0.0029336976	-0.1083775717	-0.0376332825	0.019235891	0.0245960669	0.055125541	0.0076620074	-0.0359624069	-0.0679707751	0.0120249341	-0.0621592681	-0.1253170728	0.0482227642	-0.136006079	0.0696075921	-0.0514341506	-0.1042916887	-0.0884378739	-0.1029414503	0.0620685411	0.0385878214	0.0170960611	0.0077900554	0.0299265085	-0.0346937191	0.0552387885	-0.1132494811	0.0149595886	-0.0487881264	0.0696351653	0.0095608022	0.0397762437	-0.0566972122	0.0199816014	0.0075143483	0.0272924372	-0.0488177854	-0.0164431232	-0.1072533191	-0.0215969478	-0.0332793015	0.0216612179	-0.0517542121	0.0797032443	-0.0475711566	-0.0409509884	0.0382422359	0.0041483181	0.0184337529	0.063380825	0.0517779975	-0.034369109	0.0228826372	0.060575106	0.0458941113	-0.0176258628	-0.0129202786	-0.0052292368	0.0324151038	0.0342194169	-0.0210573461	-0.0541327705	-0.0736137161	0.0562718028	0.0576000069	0.0189961853	-0.0912659931	0.0130367252	-0.0428727123	-0.0341987267	-0.0646981392	0.0790742021	-0.026809768	-0.0215180975	-0.0026145238	-0.0289030349	-0.0163391019	0.0202304741	0.00100386	-0.0135484739	0.0103986679	-0.0036274435	0.0325475137	-0.0281566778	-0.0879949781	0.0750670307	0.05018495	-0.0154325503	0.00855592	0.0280410665	0.0266943741	-0.0117524183	-0.0486920355	-0.1738538198	0.1472344953	0.013367588	-0.0860031745	-0.0224697088	0.0167987224	0.0429875525	0.0564845733	-0.0036192315	-0.0396945252	0.0612599033	0.0125012607	-0.0667066455	0.1427117004	-0.0552094127	0.1512765	-0.0506037181	0.0676628649	0.1026060851	0.0315883032	0.1249713829	-0.0172805941	-0.054460769	-0.016742864	-0.011739115	0.0027863346	0.0479086809	0.02369008	0.0969139936	0.0248229563	-0.0600140234	0.0771135289	0.0259075274	-0.0175209912	0.0767933411	-0.023628218	0.0079476197	-0.0129909587	-0.0490098987	0.004956377	0.094467127	0.061989127	0.0418360573	0.0270613761	0.0344138732	-0.0774013559	-0.0357453882	-0.0468699802	0.041913742	0.0115934523	0.0413416672	-0.0696088512	0.0349224197	0.0098973943	0.0696540052	0.0077194199	0.0356713466	-0.0097554595	-0.0044191596	0.0048706317	-0.0052097002	-0.0813624697	-0.0462942571	-0.0302402333	-0.025378059	0.0041273314	0.0719567528	-0.0659525951	0.0752212354	-0.0055987036	-0.0351229013	-0.0252538181	-0.0487021641	0.0723096648	-0.0817149267	0.0184878882	0.0136178405	-0.0037403278	-0.0013530119	-0.0197266458	-0.0133017082	-0.0011930232	-0.0227355186	0.018391232	-0.0503290665	-0.0245703559	0.0050781087	-0.2163834608	-0.0499300864	-0.0787230551	0.0413512498	0.0165190524	-0.0351911738	-0.035802263	0.0574873949	-0.0474297262	0.1002890008	-0.0458860526	0.0211851312	-0.03512075	-0.1170194432	-0.0550638394	-0.0179950641	-0.0444358597	0.0356579564	0.0384544386	0.1458947713	-0.0433074288	0.0705691996	0.319978256	0.0022311367	0.0287391785	-0.015237851	-0.046624473	-0.0394872168	0.0002766972	0.0398119877	0.0464522756	0.014710965	-0.029185409	-0.0489670838	-0.0282892778	0.0157627911	0.0467907162	0.0391574033	-0.0008300562	-0.0401316745	-0.0462741461	-0.0141822002	0.0296279125	0.0489577037	0.0278357645	-0.0162857183	-0.046950984	-0.0388225891	0.0013833093	-0.0259824	0.0053726	2.8864830760000014e-05	0.00067508510976	-1.3134	-0.1451399999999998	1.7250195599999998	0.0210656195999999	-0.122115	-0.0370249	0.0013708432200099	0.014912073225	-0.0101649	-0.0023812099999999	0.0001033251920099	5.670161064099995e-06	0.00295803	-0.00031722	8.7499414809e-06	1.006285284e-07	0.00181357	0.00023707	3.2890361449e-06	5.6202184900000023e-08	0.0	0.0	0.0	0.0	0.0	0.0	0.0	0.0	0.0	0.0	0.0	0.0	0.0	0.0	0.0	0.0	0.0	0.0	0.0	0.0	0.0	0.0	0.0	0.0	0.0	0.0	0.0	0.0	0.0	0.0	0.0	0.0	0.0	0.0	0.0	0.0	0.0	0.0	0.0	0.0	0.0	0.0	0.0	0.0	0.0	0.0	0.0	0.0	0.0	0.0	0.0	0.0	0.0	0.0	0.0	0.0	0.0	0.0	0.0	0.0	0.0	0.0	0.0	0.0	0.0	0.0	0.0	0.0	0.0	0.0	0.0	0.0	0.0	0.0	0.0	0.0	0.0	1.0	0.0	0.0	0.0	0.0	0.0	0.0	0.0	0.0	0.0	0.0	0.0	0.0	0.0	0.0	0.0	0.0	0.0	0.0	0.0	0.0	0.0	0.0	0.0	0.0	0.0	0.0	0.0	0.0
53663.59400638302	196.893645933691	2879781321.681908	38767.10780906168	64771.94880102539	-59.36219506835914	4195405351.482655	3523.8702033339223	54315.1537226487	81.19868796844821	2950135923.914959	6593.2269277974165	54449.870302093244	53551.91090198864	2.201866	50.442265	1.1182322000000002	0.8658439999999998	-0.0077997454	0.0001474447	0.0313565686	0.0168330826	0.0166098485	0.0222233337	-0.0065472781	0.059836297	0.0701643378	0.0320068085	-0.0232580192	0.0198155232	0.0059453854	0.0063822135	-0.0510896188	-0.024410996	0.0975549741	-0.0227624107	0.0702024866	0.0103579869	0.0292079071	-0.0268733501	0.0249216744	-0.0178262447	-0.0326772042	0.0265361895	0.0047984212	0.0377624477	0.007882797	-0.0142088433	0.0022788337	-0.0183715799	0.0472889848	0.0472329326	0.0244344475	-0.0314926981	0.0200467103	0.0302594526	0.0340841023	0.062089577	0.0730416087	-0.005794739	0.0291264931	-0.0091206858	0.0286830504	-0.0427040231	0.0112975701	0.0422515513	0.0489676109	0.0083177752	0.0515858025	0.0304282014	0.044005494	-0.0661291899	0.059810031	-0.0286525089	-0.028488301	-0.0107148827	-0.0048177895	0.0297373608	-0.0063218227	-0.0459778933	0.0126736281	0.0082768735	-0.0210142306	0.0445341945	-0.0053345364	-0.0579160161	-0.0103820658	-0.034016084	-0.0732647625	0.0143231219	-0.0367543589	0.0441919564	-0.0296488108	0.0088757945	0.0462999775	-0.034382152	-0.0327533302	0.0655171083	-0.0465964021	-0.0021615069	-0.0321850297	-0.0590227352	0.0242399612	-0.0091850434	-0.0060285324	0.0301010362	-0.0358604468	-0.0053830513	0.0659934542	-0.0132074643	-0.000833394	-0.0549186763	0.0783375355	0.0710905741	0.0443228831	-0.0056966241	-0.0493466853	0.0450850479	-0.01192079	-0.0189720634	-0.0016315255	0.0601862488	-0.0175948106	0.0043648677	0.0460689313	-0.016439972	-0.091926278	-0.0129220814	-0.0503741354	-0.0041823524	-0.0257355165	-0.069206642	-0.0117954809	-0.0249252919	0.0269892796	-0.0273493548	-0.0214464979	0.0251342958	-0.0277795236	-0.0029217276	0.0346386942	0.0109137146	-0.0015638373	0.0062063441	-0.0091623601	0.0586023022	0.0478711092	0.0188929121	-0.0325338502	-0.0197676527	0.0250267322	0.0441479108	-0.0661706699	-0.0657908594	0.022200984	-0.0088476719	0.0361885259	-0.0206798301	0.0385856318	0.0123239715	-0.0374920312	-0.0565092135	-0.0243147489	-0.0693125598	-0.0233479254	-0.0109200023	-0.0377124723	-0.0810879412	-0.0062323616	0.0275471272	0.015879431	-0.0114873022	-0.0132223479	0.0124054109	0.0440000133	-0.0314256057	-0.0267415095	-0.0294960362	-0.0513036198	-0.0180250038	0.0570226467	-0.0089202687	-0.0270669993	0.0910621784	-0.0122769267	-0.0385899178	0.026261279	-0.0265235338	-0.0070527293	0.0316769503	0.0503453874	-0.0562385477	0.0153078564	-0.03482874	0.043986379	-0.026840846	-0.0526056747	0.0444967067	0.0014612419	-0.0174687397	-0.008363494	0.0037104555	0.0668535226	0.0450311383	0.0078895133	-0.0665025596	-0.0110789335	-0.0705754475	0.0886176802	0.0085601544	0.0106704856	0.0129763989	0.0538966632	-0.0464312705	0.024179181	-0.0455054782	-0.0011201544	-0.0059489748	0.0033086168	0.0629976006	-0.0155086878	-0.0389032471	0.0344819806	0.0162855453	0.0398611332	0.0426142751	0.0253340237	-0.0003765482	0.0216153063	-0.0030965181	0.0058174647	0.0264292381	0.0288999836	-0.0027999152	0.0096190311	0.0446873135	-0.0450556648	-0.0117819084	0.03320382	0.0154739827	-0.0316052407	-0.040805532	-0.0145053622	-0.009892126	0.0065248829	0.0524800006	-0.0038149663	0.0351900916	0.1173035585	0.0399556841	0.0285896166	-0.0155880314	-0.0467907162	-0.0390463521	0.0011989077	0.0404462362	0.0460274517	0.0132969345	-0.0305015125	-0.0489115064	-0.0266091756	0.0178417553	0.0474417976	0.0375528523	-0.0035938487	-0.0417491486	-0.0451538342	-0.0109739574	0.0323402795	0.0487355344	0.0245649379	-0.0200527028	-0.047979135	-0.0359693177	0.0059801733	-0.0201837	0.0057987	3.3624921690000006e-05	0.0004073817456899	-1.57231	-0.2589100000000002	2.4721587361000004	0.0670343881000001	-0.155471	-0.033356	0.0011126227359999	0.024171231841	-0.0259092	-0.0157443	0.00067128664464	0.00024788298249	0.00295803	0.0	8.7499414809e-06	0.0	0.00115452	-0.00065905	1.3329164304000002e-06	4.343469025e-07	0.0	0.0	0.0	0.0	0.0	0.0	0.0	0.0	0.0	0.0	0.0	0.0	0.0	0.0	0.0	0.0	0.0	0.0	0.0	0.0	0.0	0.0	0.0	0.0	0.0	0.0	0.0	0.0	0.0	0.0	0.0	0.0	0.0	0.0	0.0	0.0	0.0	0.0	0.0	0.0	0.0	0.0	0.0	0.0	0.0	0.0	0.0	0.0	0.0	0.0	0.0	0.0	0.0	0.0	0.0	0.0	0.0	0.0	0.0	0.0	0.0	0.0	0.0	0.0	0.0	0.0	0.0	0.0	0.0	0.0	0.0	0.0	0.0	0.0	0.0	0.0	0.0	0.0	1.0	0.0	0.0	0.0	0.0	0.0	0.0	0.0	0.0	0.0	0.0	0.0	0.0	0.0	0.0	0.0	0.0	0.0	0.0	0.0	0.0	0.0	0.0	0.0	0.0	0.0	0.0	0.0
53621.55655789545	-42.037448487571965	2875271327.6915803	1767.1470753452666	64631.098429473874	-140.85037155151804	4177178884.20034	19838.82716620068	54273.79421353663	-41.35950911206601	2945644738.3333225	1710.608993991071	54404.00546912167	53635.59528332995	1.326793	30.395325	0.1597294	0.136539	-0.0052418742	-0.0023407453	0.0033324014	-0.0048622695	0.0014358251	-0.0089947619	0.0116095052	-0.0631907353	-0.0218805204	-0.0017191294	-0.0403010925	-0.0293432668	-0.0445426303	-0.0165837582	0.0058640763	-0.0083954127	-0.0640204181	-0.0080596015	-0.0154957542	0.0494674394	-0.0218401993	0.0727418616	-0.0208780978	-0.0705356869	0.0194247387	0.015924682	-0.0208525043	-0.0018802977	0.0354927945	0.048245007	-0.0046054747	0.0154028673	-0.0049983265	-0.004780804	0.0518183772	0.0142220065	-0.0148975557	5.55689e-05	0.0566103709	-0.0257940465	-0.0339848224	0.0094212978	-0.0256427661	0.0013567109	0.087873958	0.0392811653	0.0170979554	-0.020489844	0.0171924375	-0.0109789425	-0.0526359845	0.0426057197	0.0262652234	-0.0272654665	-0.0032813997	-0.005749171	0.0522269597	0.0085096462	-0.0088679188	0.0747251176	0.0151171457	0.0288431243	0.0520198939	-0.0217455567	0.0027199475	-0.0313698925	0.0572515922	-0.0194836205	-0.0016217309	-0.1032889727	-0.0176212149	0.0109098378	0.0395950835	-0.0865458957	-0.0258402639	-0.0386627138	-0.0268651164	-0.038911505	-0.0028670903	0.0513361837	0.0142102077	-0.0271840468	0.0296701938	-0.0408994984	-0.0051664723	0.0204149014	-0.0031169496	-0.0078617076	-0.0034871596	-0.0280181733	-0.0007108636	-0.0148110394	0.0385444054	-0.0409928646	-0.00135384	0.0025212559	0.01578064	-0.0372282858	0.0184624517	-0.0151885111	0.0290711856	0.0194866414	0.0237177942	0.0204053717	0.0101410976	-0.0046908062	0.018453427	-0.020590642	-0.0309132393	-0.0387161487	0.0707752624	-0.0193412659	-0.0089165341	0.0179599959	-0.0505448034	0.0187350121	-0.068940569	0.021544187	-0.0545859001	-0.046964092	-0.0172057472	0.0158769589	-0.0083387978	0.0376429778	0.0466193505	-0.0085836066	0.0125144664	-0.013084992	0.0005603701	0.0545552473	0.0135889131	0.0152684624	-0.0004313809	0.0492796784	0.0242745695	0.0394945175	-0.0203396787	0.0119244732	-0.0232991194	-0.0901905717	-0.0259086758	-0.0299870823	0.0146841993	-0.0175680064	0.0203972382	0.0351027402	-0.0586273912	0.0147540319	-0.0182345995	-0.0208724292	0.041519565	-0.007025521	-0.04785822	-0.0071480781	-0.0794001799	0.0193149491	-0.0277051895	-0.0181230968	0.0407395458	-0.0008115108	0.0322177743	-0.0375025425	-0.0107012238	-0.027932563	-0.0936126233	0.0262486454	-0.0282976392	0.0623382506	-0.0811424521	-0.0168824965	0.0018836044	-0.041047614	0.0456585235	-0.0293294973	0.0293663179	-0.0050137365	-0.0036399344	0.0495369372	-0.0363404917	0.0191357847	0.0187156578	-0.0038248016	0.0082616055	-0.0182997109	-0.0080332105	0.0129339628	-0.0362029281	-0.0261802876	-0.0484047151	0.0053606133	0.0092150337	0.0176855507	0.0441997499	-0.0182613784	-0.0204325864	0.0159255669	-0.0177855667	-0.0186375192	-0.0240716656	0.0278132176	0.0154384032	0.0266022921	0.0184993881	-0.015289805	0.0509651275	0.034467666	-0.0710521944	-0.0355848449	0.0035735345	-0.0050202909	-0.0052975138	0.005444988	0.0275336714	0.0238640111	-0.0037293793	0.0350830189	-0.0081866866	-0.0092254889	0.034716804	0.0083912918	0.0245552448	-0.0078666127	-0.0182810113	0.0843411843	0.0167589595	-0.0364630036	0.0191389153	-0.04542998	-0.0024907341	0.0224626264	-0.0624397549	-0.0308131008	0.028439649	-0.0159373271	-0.046950984	-0.0385966226	0.002120693	0.0410598248	0.0455706274	0.0118708295	-0.0317825624	-0.0487865342	-0.0248833938	0.0198842699	0.047979135	0.0358438856	-0.0063461704	-0.0432150141	-0.0438484199	-0.0077152822	0.0348870569	0.0482368825	0.0211404744	-0.0236820496	-0.0486473676	-0.0328222635	0.0105240416	-0.0201513	3.23999999999984e-05	1.0497599999998963e-09	0.00040607489169	-1.53852	0.0337899999999999	2.3670437904000003	0.0011417640999999	-0.156087	-0.000616	3.794560000000067e-07	0.024363151569	-0.0234041	0.0025050999999999	0.00054775189681	6.275526009999999e-06	0.00295803	0.0	8.7499414809e-06	0.0	0.0011538	-7.200000000000609e-07	1.33125444e-06	5.184000000000876e-13	0.0	0.0	0.0	0.0	0.0	0.0	0.0	0.0	0.0	0.0	0.0	0.0	0.0	0.0	0.0	0.0	0.0	0.0	0.0	0.0	0.0	0.0	0.0	0.0	0.0	0.0	0.0	0.0	0.0	0.0	0.0	0.0	0.0	0.0	0.0	0.0	0.0	0.0	0.0	0.0	0.0	0.0	0.0	0.0	0.0	0.0	0.0	0.0	0.0	0.0	0.0	0.0	0.0	0.0	0.0	0.0	0.0	0.0	0.0	0.0	0.0	0.0	0.0	0.0	0.0	0.0	0.0	0.0	0.0	0.0	0.0	0.0	0.0	0.0	0.0	0.0	0.0	0.0	0.0	0.0	0.0	0.0	0.0	0.0	0.0	0.0	0.0	0.0	0.0	0.0	0.0	0.0	0.0	0.0	0.0	0.0	0.0	0.0	0.0	0.0	0.0	0.0	0.0	0.0	0.0	0.0
53513.26282597985	-108.29373191559716	2863669298.2823973	11727.532372207228	63932.14605419922	-698.9523752746536	4087319299.095461	488534.4229020802	54198.88119937741	-74.91301415922499	2937518723.264226	5611.959690420244	54331.519137279975	52942.84682046469	1.063706	24.368301	0.0496793	0.0269341	-0.0039852757	-0.0037955358	0.0076468181	0.0069522501	-0.0004476157	0.0092195317	0.0335175906	0.0166548911	0.0074062569	-0.0584913647	-0.0116039567	-0.0003206468	0.0039561378	0.0116838236	-0.0092243611	4.51038e-05	0.0504249991	-0.0080878207	-0.0077907083	0.0417293786	-0.0015831574	-0.0581161692	0.0074985393	0.0089563826	0.0190089738	-0.0397266269	-0.0177773815	0.0428230186	-0.0231018268	0.0255837225	0.0133590193	0.0451168848	-0.0078121995	0.0026870884	0.0114309823	0.0300406557	-0.0257952424	-0.0163135758	0.0258543999	0.0068074595	0.0143025393	0.0256813784	-0.0293056869	-0.004197955	0.0104773471	-0.0282804901	0.0373036942	-0.0002232082	-0.0322420117	0.0206201252	0.002275362	-0.0201685272	0.0042421983	0.0458317969	0.0477252574	0.0314711251	0.0131113798	0.0053159931	-0.0323866747	-0.0051003232	0.0507672069	-0.0141858857	-0.0119058506	-0.0021191353	0.0179488388	0.0066659927	0.0265662389	-0.0257354075	-0.0246202925	-0.003576446	-0.0005210431	-0.029226775	-0.0249126565	0.0192428022	0.0099448831	0.0491102352	-0.025679214	-0.0173999825	0.0456876597	-0.0155281259	0.0023169295	-0.0207395536	-0.0419423813	-0.0444422422	0.0120720284	-0.0085113291	0.0047658701	0.0463008742	-0.0128962729	-0.093353477	-0.033407373	-0.0379133435	0.0228654413	0.001132595	0.0387369104	-0.0191762074	0.0107519567	-0.04975168	-0.0184502729	0.0141278094	0.0316567215	0.024617019	-0.0333768648	0.009327915	-0.0247348857	0.0566564831	-0.07557376	0.0183123134	-0.0046989096	0.0320218652	0.0462856694	-0.0386454084	-0.0086784705	0.0080575417	-0.039560179	-0.0003139266	0.058395031	-0.0067647306	0.0176494255	-0.0109301853	0.0388330446	0.0211115237	0.046561396	-0.0166031437	0.0260991896	0.0044999805	0.0484348296	-0.0110145985	0.0045683745	0.010366062	0.0247664555	0.0284773561	-0.0135383831	0.0335476314	-0.0096322216	-0.0193522396	-0.0257365478	-0.0162142809	-0.0249465754	-0.0063182165	0.0263461515	-0.0350049609	-0.0147383743	0.0218541274	-0.0187055387	0.0085616082	0.02292319	0.0026840299	0.0658174512	-0.0229146556	-0.0317668532	-0.0213458768	-0.0162491531	-0.0176361273	-0.003015697	-0.0389481014	0.0154376688	0.0039410012	0.0025176207	0.0132199587	-0.0086980739	-0.0470026946	0.0304991671	0.0106960974	-0.0039888169	0.0170493169	0.0302676208	-0.0281156596	0.0068517265	0.0076835813	0.045012068	-0.0242133588	0.0282792273	0.0450558646	0.0076500216	0.000850241	-0.0217043154	-0.0350716332	-0.0410257698	0.0234980245	-0.0047648831	-0.0140171363	-0.0776142573	-0.0361523644	0.0077588676	0.0244781068	-0.0707888636	0.029106186	-0.0036574858	-0.0366067778	-0.0031964524	0.0430278447	0.0253734452	-0.0540080899	-0.0099582138	-0.0186133406	-0.0082018947	-0.0379109447	0.0324844305	-0.0013242601	-0.0455486408	-0.0727263417	-0.0378892333	-0.0018843303	-0.0053724707	-0.0078293242	-0.0604315648	-0.0359469784	0.0032468251	-0.0118678003	-0.002054902	0.0142839549	0.0366425732	0.012079196	0.0187120374	0.0187063332	0.0135885435	0.0178459518	0.0091614275	-0.0093965838	0.0133926581	-0.030794855	-0.0456504851	-0.0396428605	0.0284338209	-0.0168722159	-7.21e-06	-0.0084575529	-0.0007441986	-0.0066686911	0.0198353576	0.0066618572	0.0282892778	-0.0162857183	-0.047105256	-0.0381381307	0.0030417259	0.0416524399	0.0450821203	0.0104339452	-0.0330270864	-0.0485923444	-0.0231148951	0.021886162	0.04840144	0.0340352549	-0.0090782364	-0.0445239479	-0.0423632548	-0.0044211503	0.0372552045	0.0474645768	0.0175837917	-0.0271488476	-0.0489506689	-0.0294071302	0.014974647	-0.0376151	-0.0174637999999999	0.0003049843104399	0.0014148957480099	-1.53033	0.0081900000000001	2.3419099089	6.707610000000232e-05	-0.153974	0.002113	4.464769000000016e-06	0.023707992676	-0.023638	-0.0002338999999999	0.000558755044	5.4709209999999396e-08	0.00295803	0.0	8.7499414809e-06	0.0	0.00094945	-0.0002043499999999	9.014553025e-07	4.175892249999998e-08	0.0	0.0	0.0	0.0	0.0	0.0	0.0	0.0	0.0	0.0	0.0	0.0	0.0	0.0	0.0	0.0	0.0	0.0	0.0	0.0	0.0	0.0	0.0	0.0	0.0	0.0	0.0	0.0	0.0	0.0	0.0	0.0	0.0	0.0	0.0	0.0	0.0	0.0	0.0	0.0	0.0	0.0	0.0	0.0	0.0	0.0	0.0	0.0	0.0	0.0	0.0	0.0	0.0	0.0	0.0	0.0	0.0	0.0	0.0	0.0	0.0	0.0	0.0	0.0	0.0	0.0	0.0	0.0	0.0	0.0	0.0	0.0	0.0	0.0	0.0	0.0	0.0	0.0	0.0	0.0	0.0	0.0	0.0	0.0	0.0	0.0	0.0	0.0	0.0	0.0	0.0	0.0	0.0	0.0	0.0	0.0	0.0	0.0	0.0	0.0	0.0	0.0	0.0	0.0	0.0	0.0
53610.94901610133	97.68619012147974	2874133854.4070163	9542.591740449883	64827.368969726565	895.2229155273453	4202587767.537067	801424.0684852805	54322.3888305428	123.5076311653902	2950921928.256681	15254.134956086064	54452.93418098834	53551.89744001116	0.921239	21.104536	0.1137272500000001	0.0518178	-0.0040452877	-0.0046822956	0.0064956381	0.0100171233	0.0097511284	0.0164827132	0.0004901236	0.0430161719	-0.0070455794	0.0289244689	0.0103845436	-0.0192414947	-0.0524291088	0.0046259211	0.0113308958	-0.00271023	-0.0174987998	-0.0251541568	0.0465996805	0.0160208072	0.0494707821	-0.0086039712	0.0079237257	-0.0136895993	0.0384311476	-0.0456958198	0.0138492543	-0.0335487873	0.0314958287	0.0151429812	-0.0097326461	-0.0018583552	0.0119035248	0.0522578445	-0.0615318475	0.002736781	0.00751251	-0.0184013351	-0.0170375831	-0.0154421594	-0.0034179324	-0.0049653014	-0.0257502815	-0.0114834985	0.0603820755	-0.0227482809	-0.0238023931	-0.0282102221	-0.0262394879	-0.0588253874	-0.0167412237	0.0124299766	0.0017696874	0.0194901639	-0.0137482096	0.0067276783	-0.0032982581	0.0074027638	0.0374153337	0.0028328895	0.0371589593	-0.0284791376	0.0170101863	0.0363052323	-0.0186891833	-0.055806101	0.0206010062	0.0525203452	0.0347003169	-0.0798859753	0.0123886701	-0.0622355779	-0.0213116569	0.0271273793	-0.0039320114	0.0060800582	-0.0117366808	0.0036183679	0.0130009358	-0.0283659881	0.0112554604	0.0025867361	-0.0134276443	-0.0131454355	0.0471726073	0.0346781211	0.0257354457	0.0363784154	-0.0208935839	-0.0237774156	0.0417155877	-0.0444700277	0.0040458787	0.0352388565	-0.0017481549	-0.0700574156	-0.0287561466	-0.034596742	-0.0187323093	-0.0443684669	-0.042638328	0.0167657447	0.0169508534	0.0595066169	0.0138749982	0.0232864824	-0.0338553659	-0.0235896267	0.0138150478	-0.008712972	0.0513953547	0.0151420434	-0.0267504866	-0.047531986	-0.012134237	-0.0489227274	0.0080929691	-0.0036453394	0.0027412872	-0.0449045038	0.0459627403	-0.0127460825	-0.0353904811	0.0211724658	0.0158152243	-0.0074802796	-0.0060404875	0.0128188237	0.0483254597	-0.0654144369	0.006791485	-0.0044682918	-0.0175461225	-0.0157468847	0.0079487807	-0.0012396362	0.0030544144	-0.0226019903	-0.0184597535	-0.060843154	0.0273860771	0.0073090947	0.0191069463	0.021560158	0.0662426045	0.0084236539	-0.0104123403	0.0085735081	0.0200479444	0.0145799195	-0.002297013	-0.0125497586	0.0016063023	0.0364408266	-0.0228819451	-0.0330987594	0.0047634625	-0.0184922629	-0.0277125752	-0.0303000247	0.0614288473	0.0130033457	-0.0620699524	-0.0333162113	-0.0510963758	0.033997157	0.0781541586	-0.0083015958	0.0126711877	-0.0046157547	0.008844632	-0.0149643366	-0.0117554827	0.0166883162	-0.0088567464	0.0065387312	-0.0140643125	-0.0093461424	-0.0148278526	0.0294879293	0.0337627492	0.039697626	-0.0242489734	0.0022775232	0.0483549151	0.0374900225	-0.016613028	0.0209563355	0.0318385191	0.0159880732	-0.0842383307	0.0280113206	0.0186423052	-0.0294881742	0.0438910027	0.0371950895	0.0032201795	-0.0587597706	0.0018175484	0.0242986911	-0.005424684	-0.0408333313	0.0219091035	-0.0009027879	0.0035274269	0.0308427137	-0.0333375794	0.014459935	0.0024803669	-0.0089392203	-0.0012348594	-0.0084283954	0.0307335828	-0.0050934704	-0.0095642182	0.038273846	-0.0382132978	0.0192293512	-0.01883104	-0.0081919708	0.0142668347	0.0452739949	-0.017335036	0.0168968038	-0.0018561997	-0.0301475126	0.0227697568	-0.0190796475	-0.006439705	0.0228731078	0.0039718375	-0.0363076704	0.0281385053	-0.016633185	-0.0472535125	-0.0376709804	0.0039616799	0.0422237789	0.04456227	0.0089875862	-0.0342336544	-0.0483292125	-0.0213067153	0.0238433419	0.0487077002	0.0321319892	-0.0117813266	-0.0456711967	-0.0407044271	-0.0011067004	0.039432597	0.0464229987	0.0139171345	-0.0304293015	-0.0488867639	-0.0257518113	0.0192925486	-0.0200054	0.0176097	0.0003101015340899	0.00040021602916	-1.55448	-0.0241500000000001	2.4164080704	0.0005832225	-0.127127	0.026847	0.000720761409	0.0161612741289999	-0.0228628	0.0007752	0.0005227076238399	6.009350400000003e-07	0.00305229	9.426000000000008e-05	9.3164742441e-06	8.884947600000016e-09	0.000982401	3.295099999999992e-05	9.65111724801e-07	1.085768400999995e-09	0.0	0.0	0.0	0.0	0.0	0.0	0.0	0.0	0.0	0.0	0.0	0.0	0.0	0.0	0.0	0.0	0.0	0.0	0.0	0.0	0.0	0.0	0.0	0.0	0.0	0.0	0.0	0.0	0.0	0.0	0.0	0.0	0.0	0.0	0.0	0.0	0.0	0.0	0.0	0.0	0.0	0.0	0.0	0.0	0.0	0.0	0.0	0.0	0.0	0.0	0.0	0.0	0.0	0.0	0.0	0.0	0.0	0.0	0.0	0.0	0.0	0.0	0.0	0.0	0.0	0.0	0.0	0.0	0.0	0.0	0.0	0.0	0.0	0.0	0.0	0.0	0.0	0.0	0.0	0.0	0.0	0.0	0.0	0.0	0.0	0.0	0.0	0.0	0.0	0.0	0.0	0.0	0.0	0.0	0.0	0.0	0.0	0.0	0.0	0.0	0.0	0.0	0.0	0.0	0.0	0.0
53563.34332301072	-47.60569309061248	2869031747.938717	2266.3020146375884	64622.34510290528	-205.02386682128417	4176047486.598986	42034.78596635167	54243.06957205029	-79.31925849250547	2942310596.598288	6291.544767800901	54383.3478941187	53242.43121131798	1.142705	26.178074	0.0703945500000002	0.0535799	-0.0039157717	-0.0006775941	-0.0019080878	-0.0056146178	-0.0225247557	-0.0074280993	0.0165858088	-0.0303968796	-0.0134924478	-0.0022876666	-0.0187624469	0.0164669785	-0.0340383831	0.002138418	0.0055159219	0.0365633582	0.0323182028	0.0036787252	-0.0401739995	0.0182487063	-0.0242116356	0.039708236	-0.0577386735	-0.0025393975	-0.0326452799	-0.0186474529	-0.0220322265	0.0101006478	-0.0228191839	-0.0327020345	-0.0106423375	0.043364911	0.0309251655	0.01456609	0.0165822423	-0.0288742558	-0.0124581335	0.0148823807	-0.0217684758	0.0158270954	-0.0296566248	0.0633907714	0.0064111021	0.0322364374	0.0182507867	0.0131189746	-0.0097373643	0.0128258103	-0.0707556825	-0.0156550791	-0.0705677649	-0.0074477336	-0.0228007915	-0.0438368147	-0.0268417422	-0.012147579	-0.0442951782	-0.0648675911	-0.0252542685	0.005868149	0.0302248747	-0.0279270366	0.0326848633	0.0470319222	0.0111663986	-0.0825638606	0.0130270663	-0.010600012	0.0354914728	0.0060653978	0.0457417938	0.0130201582	-0.0656814007	-0.0485231252	-0.0253109223	-0.0525405458	-0.0072755577	0.023789665	0.0224155405	0.0218585305	0.0097270843	-0.025083914	-0.0191860198	-1.59099e-05	-0.0036890516	0.0937691534	-0.0172555636	-0.0656682204	-0.0023214047	0.0665731635	0.006441717	-0.0176962837	0.0081436411	0.0142717541	-0.003961647	0.0902871838	0.0382155045	0.0736639088	-0.0092204645	0.0199527141	0.0100354704	-0.0031860976	-0.0133475887	-0.0250051154	0.0033024213	-0.0368863818	-0.0339705513	0.0282905724	0.0438420395	0.0044802208	-0.0324338695	-0.0170313697	0.0034112999	0.0426937149	-0.0221469889	0.0248730457	-0.0359892538	0.0494538351	-0.0273109691	0.0362777677	0.0174374123	0.0267745242	0.011950144	-0.0162570337	-0.0327278271	-0.0158460574	0.043315152	0.030151527	0.0173120506	0.0129681846	-0.0274831136	0.0090578021	0.0195482936	-0.0210444086	-0.0122454257	0.0240747385	-0.0611034131	0.0123402101	0.0059366141	-0.0104594691	0.0140692814	0.0157729892	-0.0262001138	0.0798479205	0.0148483917	0.0625695889	-0.0281461432	-0.0033373203	-0.0584119686	0.0215937227	-0.0219541997	0.0174513275	0.027503496	-0.0497128725	-0.0221596136	-0.0448239266	-0.0167545173	-0.0251566221	-0.0477113537	-0.0144377269	0.0804411657	0.0001224214	0.005360426	-0.0629025644	-0.0083313591	-0.0271709997	0.0021074344	-0.0650000336	-0.0611848567	-0.0139639225	-0.034399751	-0.0272532544	-0.013039932	-0.0020532611	0.0568614033	-0.0027209008	-0.0288424609	-0.0148744525	-1.54666e-05	-0.0053409598	0.0831978214	0.0181625431	0.1006663014	0.0091436492	0.001910819	-0.0178841729	-0.0005769716	-0.0057324279	0.0142389789	0.0082610911	0.0946981845	-0.0369588866	-0.0376492039	0.0645809017	-0.0193928267	-0.0202236508	-0.0133542799	0.0220054659	-0.0027877324	-0.0280841619	0.0254106521	-0.037125731	-0.0033444912	0.0347845005	-0.0150079199	-0.0390039107	0.0198328086	0.0092384894	-0.0017431924	-0.0065357631	-0.0098678632	0.0150792799	0.0443575175	0.0510044711	-0.018579011	0.0141421991	0.0370478151	-0.0073938041	-0.000158868	-0.0175176169	0.0111660175	-0.0584912383	-0.0319231933	0.0281803887	0.0076310327	-0.0277755124	0.0103741204	0.0024201168	-0.0009699975	0.0279899031	0.001423019	-0.0091698207	0.0279873335	-0.0169797078	-0.0473957345	-0.0371952777	0.0048802286	0.04277355	0.044011438	0.0075330659	-0.0354008796	-0.0479975119	-0.0194619585	0.0257518113	0.0488971813	0.0301393805	-0.0144468132	-0.0466525943	-0.0388787369	0.0022128355	0.0414080854	0.0451180572	0.0101634351	-0.0335008948	-0.0484561318	-0.021886162	0.0234394817	-0.020016	-1.05999999999995e-05	1.1235999999998938e-10	0.0004006402559999	-1.55442	6.000000000017103e-05	2.4162215364	3.600000000020523e-09	-0.17196	-0.044833	0.002009997889	0.0295702416	-0.022472	0.0003908	0.000504990784	1.5272464000000016e-07	0.00295803	-9.426000000000008e-05	8.7499414809e-06	8.884947600000016e-09	0.00100716	2.4759000000000066e-05	1.0143712656e-06	6.130080810000031e-10	0.0	0.0	0.0	0.0	0.0	0.0	0.0	0.0	0.0	0.0	0.0	0.0	0.0	0.0	0.0	0.0	0.0	0.0	0.0	0.0	0.0	0.0	0.0	0.0	0.0	0.0	0.0	0.0	0.0	0.0	0.0	0.0	0.0	0.0	0.0	0.0	0.0	0.0	0.0	0.0	0.0	0.0	0.0	0.0	0.0	0.0	0.0	0.0	0.0	0.0	0.0	0.0	0.0	0.0	0.0	0.0	0.0	0.0	0.0	0.0	0.0	0.0	0.0	0.0	0.0	0.0	0.0	0.0	0.0	0.0	0.0	0.0	0.0	0.0	0.0	0.0	0.0	0.0	0.0	0.0	0.0	0.0	0.0	0.0	0.0	0.0	0.0	0.0	0.0	0.0	0.0	0.0	0.0	0.0	0.0	0.0	0.0	0.0	0.0	0.0	0.0	0.0	0.0	0.0	0.0	0.0
53548.11864555696	-15.224677453756158	2867401010.4786453	231.7908035709111	64470.77648022461	-151.56862268067198	4156481019.963083	22973.04738131591	54259.83838551741	16.76881346711889	2944130061.6224685	281.1931050950278	54402.114113790434	53278.14640003551	1.200555	27.503349	0.1795882999999998	0.116035	-0.0007315961	0.0091942448	0.009700254	0.0052663949	-0.0029501906	0.0161973257	0.0218662025	0.0582111062	0.0095853105	-0.0191696346	-0.0063464581	-0.0107695784	0.0175739003	-0.0098926823	0.0175480064	-0.0196944568	0.0142028711	-0.007639538	0.0137419056	0.0302863321	0.0071982121	-0.0427275126	0.0129160351	0.0167464031	0.0148546971	-0.0298004778	-0.0220804461	-0.0001110367	-0.0136769525	0.1043962377	0.0063726174	-0.0302675246	-0.0174497215	-0.0020140179	0.0154213102	-0.009863703	-0.0122494595	0.043065605	0.0251364388	0.0021670676	-0.0039277719	0.0285058023	-0.0303154271	-0.0198270534	-0.0484945294	-0.015562061	0.0037952876	-0.0164117875	0.0260209808	-0.0321157125	0.0144904583	-0.0197427751	-0.0024156729	-0.0290963715	0.0327564761	-0.0348424625	-0.0025195277	-0.0281141446	0.0215826675	-0.0207346148	0.0038771223	-0.0535450104	0.0367370391	-0.0663262396	-0.0202795666	0.0159629653	0.0091316121	0.0523073135	0.0042342683	-0.0236819674	0.0068151023	0.0658985106	0.0125464158	0.0115114153	-0.0115573377	-0.016234754	0.0316182925	0.0243018801	-0.0188635294	0.0169526776	-0.0331228755	-0.0148389199	0.0470227311	-0.0406632647	-0.0378890207	-0.0289317528	-0.011773035	-0.0211176	0.0020181441	0.0183708146	0.0176664188	0.0157419036	-0.0285784142	-0.0170014757	-0.0427010901	-0.0126753941	0.0132018041	-0.0176016603	-0.014315242	0.0268350322	-0.000746882	0.0553039902	0.0066158961	0.0137917862	-0.0080614031	0.0919861571	0.0022438493	0.0333753893	0.0422093152	-0.0386378991	0.0208352791	-0.0395437602	-0.0094816269	-0.01442821	-0.0299687913	-0.0074019042	0.0439255846	-0.0144306867	0.0179355394	-0.0036092553	0.0300426672	0.0320201881	-0.00118177	-0.0229614892	0.1002042607	-0.0026636697	-0.0255431203	-0.0174066137	-0.001677077	0.0165348819	-0.0099150862	0.0048409813	0.0484871529	0.0324810482	-0.0007568724	-0.0002135543	-0.0267436315	-0.0176349052	-0.0268762399	0.0539703376	0.0073933446	-0.0049179791	0.0161262083	-0.023232008	0.0318518125	-0.0097964021	0.0151696582	-0.0241890913	-0.0262462726	-0.0302319565	-0.0079557614	0.0482319305	-0.000681886	-0.0040007892	0.0049405951	-0.0164116259	0.0549455448	-0.0604535902	0.0428941714	-0.0006092837	0.0006160338	0.0148283573	-0.0598155008	0.0091107548	-0.0214915715	-0.0102115059	-0.0595049288	-0.0028959413	0.012895156	-0.0098708131	-0.0308858636	0.0340228816	-0.015730642	-0.0165763241	0.0195635109	-0.0520020801	0.0204498253	0.0453424917	-0.0378356724	-0.0173685529	-0.0206397505	-0.0276897203	0.0015101879	0.0042092185	-0.0240637367	-0.0137477997	0.0373113709	-0.0328051766	0.0144130279	0.041508745	-0.0001139043	0.0215645111	0.0080444365	-0.0208558364	0.0076625209	-0.0340719619	-0.0301502503	-0.0510029152	0.0151967022	0.0307126047	-0.0808022124	-0.0169737569	0.0105237988	0.0459357781	0.0147922166	-0.0594734097	-0.0190526491	-0.0306211561	0.0097005993	-0.0116892079	0.0042256809	0.0257240852	0.0438469213	-0.0227493738	0.031962545	0.0110751643	-0.008172502	0.0146084771	0.010937981	-0.0156084182	0.0225853123	0.0149259507	-0.0374759257	-0.0424320969	0.0549865241	0.0197131405	-0.0335989246	-0.0405740793	0.0332533864	-0.064120405	-0.0355677777	0.0153585961	0.0278357645	-0.0173252667	-0.0475319038	-0.0367111306	0.0057970462	0.0433014723	0.0434300072	0.0060717052	-0.0365274207	-0.0475977133	-0.0175837917	0.0276076712	0.048969429	0.0280629691	-0.0170661886	-0.0474645768	-0.0368936684	0.005522202	0.043171555	0.0435571555	0.0063461704	-0.0363425447	-0.0476620031	-0.0178417553	0.0273786964	-0.0466598	-0.0266438	0.00070989207844	0.00217713693604	-1.53021	0.0242099999999998	2.3415426441	0.0005861240999999	-0.148652	0.0233079999999999	0.0005432628639999	0.022097417104	-0.0244773	-0.0020053	0.00059913821529	4.021228090000007e-06	0.00295803	0.0	8.7499414809e-06	0.0	0.00111039	0.0001032299999999	1.2329659521e-06	1.0656432899999989e-08	0.0	0.0	0.0	0.0	0.0	0.0	0.0	0.0	0.0	0.0	0.0	0.0	0.0	0.0	0.0	0.0	0.0	0.0	0.0	0.0	0.0	0.0	0.0	0.0	0.0	0.0	0.0	0.0	0.0	0.0	0.0	0.0	0.0	0.0	0.0	0.0	0.0	0.0	0.0	0.0	0.0	0.0	0.0	0.0	0.0	0.0	0.0	0.0	0.0	0.0	0.0	0.0	0.0	0.0	0.0	0.0	0.0	0.0	0.0	0.0	0.0	0.0	0.0	0.0	0.0	0.0	0.0	0.0	0.0	0.0	0.0	0.0	0.0	0.0	0.0	0.0	0.0	0.0	0.0	0.0	0.0	0.0	0.0	0.0	0.0	0.0	0.0	0.0	0.0	0.0	0.0	0.0	0.0	0.0	0.0	0.0	0.0	0.0	0.0	0.0	0.0	0.0	0.0	0.0	0.0	0.0
53595.604682705336	47.486037148373725	2872488841.3048263	2254.923724056729	64935.53915136719	464.7626711425837	4216624244.8787417	216004.34048758945	54223.8224242928	-36.01596122461342	2940222918.3012385	1297.1494629328574	54357.753374762135	53688.52127955053	0.8682069999999998	19.889641	0.1368840999999999	0.0759287	-0.0025752962	0.0079527205	0.0054685367	-0.0011685504	-0.0113983926	0.0107854726	0.0207825323	-0.0063391735	-0.0085089161	0.0571636056	-0.005287808	0.0146594422	-0.0173645161	-0.0090862994	-0.0036380014	0.0053731622	0.0309314848	0.0146747853	-0.0125177984	-0.0502853075	0.0465487942	0.0066784281	-0.0244039715	-0.0291846227	-0.0563686288	0.0206363927	0.0065759684	-0.0028917119	0.0030984406	0.0651359407	-0.0280375536	0.0116290525	-0.0144900137	-0.0109540376	0.0037678053	-0.0206170469	-0.0505365442	0.0325416157	0.0151915286	0.0155199753	0.0449575097	-0.0014786557	-0.0328674982	0.0324089735	-0.0708909932	0.0073831774	0.0152355488	-0.018494031	0.004388375	0.0446161344	-0.0398220907	0.0337501787	0.0362739105	-0.0415804481	0.0693123581	-0.0562875822	0.0247298792	-0.0509412593	0.0295540365	0.0500848992	-0.0560786905	-0.0087474645	0.0062103437	-0.0495188546	-0.0007378356	0.0154269852	0.0008999205	-0.0581367552	-0.0848422128	0.0311261028	-0.0298820923	0.0437253597	0.0357759898	-0.0123389526	-0.0219880858	0.0126314641	0.009281173	-0.0360540842	0.0330850241	0.0036437034	-0.0323860371	-0.0287408845	0.0077453765	-0.0539589724	-0.052486251	-0.0086303305	-0.0253195395	0.0083547048	-0.0374561426	0.0002514963	0.0272890853	-0.026236684	-0.0253597068	-0.0550058686	-0.0656533665	0.0257237124	0.0083700163	0.036726864	-0.0630110981	-0.0388364315	0.0319678605	-0.0155307584	0.0030513497	-0.0422142329	0.0308666234	-0.0132463303	-0.002532992	0.002933843	0.0398085543	-0.021815421	-0.0170321467	0.0586849649	0.0152710078	0.0084972095	0.0490908178	-0.0447923654	-0.0089142928	0.0140758217	-0.0504737766	0.0433036856	-0.0219441135	-0.0081334147	-0.0075112922	0.0021420684	0.0566476682	-0.0378836486	0.0066813553	-0.0225711398	-0.0108449508	0.0049905751	-0.0217045024	0.0435525942	0.0418558241	0.0188045089	-0.0075547348	-0.04132775	0.0051394203	0.0388379252	-0.0401322112	0.0654810416	-0.0009369848	-0.0131663112	0.0206578929	0.0075390345	-0.0420172519	0.0200926485	-0.0594359505	-0.0001808271	-0.0221817018	-0.0665714668	0.0070068283	0.0881437972	-0.0289300155	-0.0081738232	-0.022315053	0.060996882	0.0292103793	-0.018303399	0.016869436	0.001983319	-0.0136984357	-0.0358824462	0.0612465077	0.082832755	-0.0062102925	-0.0004299117	-0.0558092013	0.0141380686	0.0070748475	-0.0277823819	0.0037660467	0.0181964158	0.0464459133	0.0342734964	0.0149039072	-0.0148393265	0.0138198479	0.0176100078	-0.0493338019	-0.0166209738	0.0041792113	-0.0375078518	-0.0093969926	-0.0195163205	0.0272688551	-0.0100756308	-0.0243962837	-0.0862828608	0.0055974261	0.0693507244	0.0399931962	-0.0257610396	-0.0765514199	-0.0019785033	0.0029529083	0.0303171531	-0.0186730342	0.0518380245	-0.0251668286	0.0090712412	0.0105281355	-0.0302682568	0.0298494391	0.0410120502	-0.0132603833	0.0452532782	0.0351355217	-0.0164266794	0.003752039	-0.0029906777	-0.0003818904	0.0183061995	0.0437895791	0.0151251839	-0.0003566544	0.0056711187	0.0312297334	-0.0025390958	-0.0349792568	-0.0266627643	0.0196384827	0.0195386837	-0.0113499855	0.0280550014	0.0267281967	0.0126741278	-0.0212449853	-0.0207178299	0.033829143	-0.029442455	-0.0030343502	0.0273387606	0.0276838006	-0.0176698424	-0.0476620031	-0.036218649	0.0067118073	0.0438072762	0.0428183818	0.004604831	-0.037611983	-0.0471303837	-0.0156754391	0.0294071302	0.04892427	0.0259085287	-0.0196310923	-0.0481041957	-0.0347573591	0.0088061905	0.0447139763	0.0417491486	0.0024892147	-0.0389347468	-0.046510335	-0.0136516244	0.031075284	-0.0463381	0.0003217	1.0349089000000075e-07	0.00214721951161	-1.56845	-0.0382399999999998	2.4600354024999995	0.0014622975999999	-0.15346	-0.004808	2.3116864000000065e-05	0.0235499716	-0.0232905	0.0011868	0.0005424473902499	1.408494240000004e-06	0.00256678	-0.00039125	6.588359568399999e-06	1.530765625000001e-07	0.000818152	-0.0002922379999999	6.693726951040001e-07	8.540304864399993e-08	0.0	0.0	0.0	0.0	0.0	0.0	0.0	0.0	0.0	0.0	0.0	0.0	0.0	0.0	0.0	0.0	0.0	0.0	0.0	0.0	0.0	0.0	0.0	0.0	0.0	0.0	0.0	0.0	0.0	0.0	0.0	0.0	0.0	0.0	0.0	0.0	0.0	0.0	0.0	0.0	0.0	0.0	0.0	0.0	0.0	0.0	0.0	0.0	0.0	0.0	0.0	0.0	0.0	0.0	0.0	0.0	0.0	0.0	0.0	0.0	0.0	0.0	0.0	0.0	0.0	0.0	0.0	0.0	0.0	0.0	0.0	0.0	0.0	0.0	0.0	0.0	0.0	0.0	0.0	0.0	0.0	0.0	0.0	0.0	0.0	0.0	0.0	0.0	0.0	0.0	0.0	0.0	0.0	0.0	0.0	0.0	0.0	0.0	0.0	0.0	0.0	0.0	0.0	0.0	0.0	0.0
53612.646683029416	17.04200032407971	2874315884.359345	290.4297750459329	64553.97778222656	-381.5613691406325	4167216047.5082	145589.078420474	54216.22625460892	-7.596169683878543	2939399189.290945	57.701793866275445	54352.57622762548	52812.441487101765	1.090392	24.979654	0.1766512999999998	0.114403	-0.00203828	-0.0038238596	-0.0103180191	-0.0056140129	-0.0235732284	-0.0061907477	0.0123707631	-0.0150014369	0.0107015544	-0.0465842583	-0.0228163849	-0.0373072486	-0.009219021	-0.0174587107	0.013210628	0.0244569964	0.0240161306	0.0072290543	-0.0355034457	0.0271985794	-0.0339391201	-0.0099773439	0.0210833821	0.022353985	-0.0084738785	-0.0164844041	0.0193623641	-0.0322324337	-0.003669877	-0.0093028082	0.0246545357	0.0193660826	0.0104562082	-0.009867099	0.0179929597	-0.0009067862	-0.0189578953	-0.0157575497	-0.0016243017	-0.0352778925	-0.0321475541	0.0233611262	0.0333816341	0.0270513391	0.0300587599	-0.0336726319	0.0173670266	-0.0081583276	0.0142387127	0.0331086001	0.015388895	-0.047387461	0.0332991976	-0.0529123193	-0.0203630859	-0.0224038904	0.0206109395	0.0129926815	-0.024375896	0.0066219948	-0.0251175556	-0.0483458675	0.0715293284	-0.0284304635	0.0009145127	0.0024826412	0.0011553813	-0.013134479	-0.0001362063	0.0280352039	0.0317820908	0.0656712385	0.0985157339	0.0164698378	0.0259846038	-0.0131279722	0.0474377862	0.0162310758	0.0109251424	0.0067386398	0.0656525647	-0.0248727905	-0.0142587486	0.0278183912	0.0029801564	-0.050142546	0.0179987942	-0.0124736639	-0.0267931531	0.0025970343	0.0388887425	-0.0096718438	0.0480520596	0.0028353024	-0.0462696887	0.0605564658	-0.0201411051	-0.0138244758	0.0110905283	-0.0109978004	-0.0435022668	0.0083886985	-0.0103921826	-0.016105447	-0.0077856314	0.0037210285	0.022953033	-0.033853862	-0.0232875998	-0.0402798405	-0.0080665639	-0.0072096965	0.0073455899	0.0376763925	-0.0274394417	0.0326463264	0.0113117505	-0.0199995275	0.019114313	0.0132399432	0.0187443832	-0.0170420226	-0.0314647047	-0.0092763922	-0.0095371092	0.0216042247	0.0229312609	0.0104305021	-0.009527943	0.0175273756	-0.0020868071	0.0199942469	-0.0147744851	-0.0033662531	0.0336698087	0.0246397044	-0.0243235363	0.010371537	0.0339429801	-0.0194807298	0.0471289267	-0.0239233884	-0.0002363495	-0.0070929018	-0.0345311882	-0.0094693561	0.0170891473	-0.0536883466	-0.0394086302	-0.0164164651	0.0444242589	-0.0197135209	-0.0041159887	-0.027073483	-0.0041055182	0.0186211367	0.0173225563	-0.087638979	0.0129729816	-0.0012780595	0.0069075702	-0.0007394278	0.0096216393	0.0057985627	0.0024529984	-0.0630329343	-0.070223906	0.0549161439	0.054971117	0.0218291544	-0.0228905976	0.0431777137	0.0101167193	-0.0070390623	0.0303038808	0.0277105693	-0.0642607125	0.0059293765	0.0116640385	-0.0080148871	-0.0528118657	0.0062127732	0.0256728432	-0.0095730642	0.0478864351	0.045692149	-0.0061714314	0.0044135815	-0.0278662607	0.0432489505	0.02143002	-0.0569566482	0.0265207955	0.0119040792	0.0411941218	0.0122159951	-0.0100254823	0.0099357034	0.0171139391	0.0125245828	-0.0115186045	0.0225371053	0.0068692782	-0.029020032	0.0361640513	0.0014188589	-0.0032270339	0.0707166766	-0.0128173922	-0.0100756705	-0.0175410137	0.0223280781	0.0623300368	-0.0116709	0.0276983701	0.0180214664	0.0240358559	0.0012686694	0.0212112324	0.0026107927	0.0133912664	-0.0348449372	-0.0380943749	-0.0179078162	0.0283656801	-0.0335474687	0.0049902045	-0.0240287895	-0.0101726854	0.0137016254	-0.0153522406	-0.0288670742	0.0275314438	-0.0180134151	-0.0477860158	-0.0357179449	0.0076241876	0.0442907033	0.0421769872	0.0031337753	-0.0386533201	-0.0465961863	-0.0137401766	0.0311465121	0.0487618127	0.0236820496	-0.0221333376	-0.0485691282	-0.0324785665	0.0120497088	0.0460274517	0.0397042937	-0.0013833093	-0.0412597087	-0.0450097667	-0.0093499925	0.0344964857	-0.0466105	-0.0002723999999999	7.420175999999949e-08	0.0021725387102499	-1.54984	0.0186099999999997	2.4020040256	0.0003463320999999	-0.185592	-0.0321319999999999	0.0010324654239999	0.034444390464	-0.0213995	0.001891	0.0004579386002499	3.5758810000000013e-06	0.00295803	0.00039125	8.7499414809e-06	1.530765625000001e-07	0.00104864	0.0002304879999999	1.0996458496e-06	5.312471814399997e-08	0.0	0.0	0.0	0.0	0.0	0.0	0.0	0.0	0.0	0.0	0.0	0.0	0.0	0.0	0.0	0.0	0.0	0.0	0.0	0.0	0.0	0.0	0.0	0.0	0.0	0.0	0.0	0.0	0.0	0.0	0.0	0.0	0.0	0.0	0.0	0.0	0.0	0.0	0.0	0.0	0.0	0.0	0.0	0.0	0.0	0.0	0.0	0.0	0.0	0.0	0.0	0.0	0.0	0.0	0.0	0.0	0.0	0.0	0.0	0.0	0.0	0.0	0.0	0.0	0.0	0.0	0.0	0.0	0.0	0.0	0.0	0.0	0.0	0.0	0.0	0.0	0.0	0.0	0.0	0.0	0.0	0.0	0.0	0.0	0.0	0.0	0.0	0.0	0.0	0.0	0.0	0.0	0.0	0.0	0.0	0.0	0.0	0.0	0.0	0.0	0.0	0.0	0.0	0.0	0.0	0.0
53651.97520793087	39.3285249014516	2878534443.7124286	1546.7328709240987	65024.1167250061	470.1389427795366	4228135755.8672175	221030.6255178604	54394.52476350943	178.29850890050875	2958764324.24804	31790.3582761448	54533.19291522954	53888.03298117898	1.096226	25.113308	0.169833	0.10533	-0.0025835831	0.0055095665	0.0112508001	0.0080984872	-0.0202697225	0.0174714027	0.0180932921	0.0480693889	0.0051756641	0.0212392369	-0.0015413194	-0.0152423809	-0.0229838343	-0.0061639833	0.0092036141	0.0311214767	0.0015541615	-0.0413742052	0.06258998	-0.0109008447	0.005033433	-0.0105405903	0.0470127901	-0.0527952838	-0.0339344024	0.0155918596	-0.0157619527	-0.0227815198	0.0273206895	-0.0004664046	0.0207046328	-0.0141139066	0.0102066831	-0.046769458	-0.0263037484	-0.005957975	-0.046127637	0.0061691221	0.0257481775	0.008327792	0.0051201272	0.0468650092	0.0501974025	0.0606443976	0.0187322981	0.0454873961	-0.0269661596	-0.0612972917	0.0291323377	-0.0069369735	-0.0275067217	0.0217565413	-0.016743352	-0.0162720229	-0.0228131402	0.0062823364	-0.0369476261	-0.0858337271	0.018322934	-0.0588289019	-0.0043425825	-0.0018120164	-0.0687019779	0.065923662	-0.0353984809	-0.0146059971	-0.0023683669	-0.017795964	0.0136584444	0.0132300759	0.0515121272	-0.0031158624	-0.0314183714	0.0283769422	0.0679007018	0.0599786383	0.0484149351	-0.0365594078	0.0100264798	0.0083530942	-0.0228052514	-0.0166718155	0.0576446435	0.0451545288	-0.1019659065	-0.0109155845	-0.0401967331	0.0249472261	-0.0428257521	0.0109628417	0.0034072191	-0.0389242401	-0.0142761791	0.0296957919	-0.0401616207	-0.0209804327	0.0044738147	0.013843336	-0.0567626782	-0.0296008365	-0.0036809313	-0.0304193492	-0.0515937876	-0.0428846373	-0.0369386149	0.0070799677	0.0036573206	0.0843596252	-0.0164025182	0.0216571237	0.0640277121	-0.0536705343	-0.0436871113	-0.0595178643	0.0087761686	-0.0026699636	0.0085310576	-0.0545607422	-0.0530712659	0.0098072275	-0.0160241015	0.009725916	-0.0262014172	0.0280104805	0.0014819159	0.0229974619	-0.0097007411	0.0077905689	-0.0474328529	-0.0190503199	-0.0049699976	0.0453635751	0.0058224603	0.0235385884	-0.0098916168	0.0072076597	-0.0394562172	0.0681357117	0.0484827736	-0.0223842785	-0.0066807616	0.0051344938	0.0698571217	0.0057468816	0.010200896	0.0088523109	-0.0466825705	-0.0172745831	-0.0477969257	0.0482046196	-0.0536932108	0.0582000147	0.0043932914	-0.0054907222	0.0577859817	-0.0381303911	-0.0123687238	0.0572266072	-0.0736947256	-0.0385467072	0.0067437981	0.0005236114	-0.0020268635	-0.0170235609	-0.0032713544	-0.0368934194	0.0195361932	-0.0435556368	0.0323367654	0.0698320252	0.0286947582	0.0419005107	0.0417887581	0.0134430875	-0.0061724153	-0.0323241788	0.0038934206	0.054733636	0.0385437298	-0.0996614125	0.0058050814	-0.0666991742	-0.0228632439	-0.0158736696	0.0344074612	-0.0229917803	-0.0129157855	-0.0043689374	0.0434069924	0.0439471069	0.0046328979	0.0060795238	-0.0495060981	-0.0176321736	0.0195923314	0.0126773716	0.0089457898	0.0212631927	0.0232811153	-0.0745828811	-0.0313830898	0.0294192154	-0.060440773	0.0589332816	0.0043280254	-0.0150513613	-0.0877836167	-0.0401987253	0.0103032218	0.00023969	-0.0030589137	-0.0204475446	0.0427373463	-0.0044805751	0.0005945488	-0.0020384111	0.0242856176	-0.0136277911	-0.0201884512	-0.0294663553	0.0021050108	0.0387216211	-0.0006264989	-0.0245240341	-0.0159160004	-0.0206906219	0.0244725749	0.0224616848	-0.0040038288	0.0489726709	0.0368477888	-0.0247039759	0.0273786964	-0.0183559655	-0.047903926	-0.0352091317	0.0085338634	0.0447515066	0.0415062691	0.0016598739	-0.0396502352	-0.045995879	-0.0117813266	0.0328222635	0.0484824465	0.0213897225	-0.0245649379	-0.0488576859	-0.0300666323	0.015237851	0.047105256	0.0374341914	-0.0052471816	-0.0433014723	-0.043171555	-0.0049719936	0.037611983	-0.046608	2.5000000000025e-06	6.250000000012501e-12	0.0021723056639999	-1.61966	-0.06982	2.6232985156	0.0048748323999999	-0.134348	0.051244	0.002625947536	0.0180493851039999	-0.0222886	-0.0008891	0.0004967816899599	7.904988100000005e-07	0.00303299	7.496000000000022e-05	9.1990283401e-06	5.6190016000000325e-09	0.00103737	-1.1270000000000072e-05	1.0761365169e-06	1.2701290000000166e-10	0.0	0.0	0.0	0.0	0.0	0.0	0.0	0.0	0.0	0.0	0.0	0.0	0.0	0.0	0.0	0.0	0.0	0.0	0.0	0.0	0.0	0.0	0.0	0.0	0.0	0.0	0.0	0.0	0.0	0.0	0.0	0.0	0.0	0.0	0.0	0.0	0.0	0.0	0.0	0.0	0.0	0.0	0.0	0.0	0.0	0.0	0.0	0.0	0.0	0.0	0.0	0.0	0.0	0.0	0.0	0.0	0.0	0.0	0.0	0.0	0.0	0.0	0.0	0.0	0.0	0.0	0.0	0.0	0.0	0.0	0.0	0.0	0.0	0.0	0.0	0.0	0.0	0.0	0.0	0.0	0.0	0.0	0.0	0.0	0.0	0.0	0.0	0.0	0.0	0.0	0.0	0.0	0.0	0.0	0.0	0.0	0.0	0.0	0.0	0.0	0.0	0.0	0.0	0.0	0.0	0.0
53660.8254580002	8.850250069335743	2879484188.833963	78.32692628977733	64858.60805688477	-165.5086681213288	4206639039.0765977	27393.11922329616	54355.93417930972	-38.590584199708246	2954567580.5054507	1489.2331888747717	54486.93507671265	53437.293621588375	1.101846	25.24205	0.1579054000000002	0.0999412	-0.0007982214	0.0078283346	-0.0048789599	-0.0096835166	-0.0315318589	-0.0151430976	0.0266447797	-0.0424229075	-0.0133993102	-5.75452e-05	-0.0312119717	0.0011580208	-0.0200301606	-0.0193344935	-0.0208324835	0.0254940467	-0.0118775365	-0.0114627363	-0.0227875933	0.0267207589	-0.0416818153	0.0595620037	-0.0133716706	-0.0136350178	-0.0050227122	0.0646550654	-0.024967538	-0.0230668803	-0.0283368046	-0.0185420326	0.0350858061	0.029797075	-0.0062398467	-0.0174644502	0.0058217172	0.0279941314	-0.0249210115	0.0348334772	0.0604356318	-0.0182829151	-0.0490766223	0.0367246794	-0.0137465645	-0.0538488186	0.0009640443	0.0068234397	0.017820915	0.0360520361	-0.0213245746	-0.0013037538	-0.0194963798	-0.0276506599	-0.0105517885	0.0563213131	0.0172634574	-0.0138784999	-0.0542903533	0.034497636	0.0954920289	-0.0126971978	0.003609202	-0.0208121917	-0.0394383938	0.0201643475	0.0002192693	-0.0092884771	-0.0136843956	0.030153667	0.0454858097	-0.0304490195	0.0230049926	-0.0388544047	0.0361608525	-0.0209215726	-0.0103249535	0.0543653698	-0.0378307655	0.0395761671	-0.0075231791	0.0145664337	-0.0181519951	0.0284634426	-0.0354387024	-0.0498665072	-0.0129150513	0.037720669	-0.0623247866	0.0041206055	0.0102001576	0.0381877999	-0.0055611876	-0.0136771948	-0.0605565321	-0.0117349378	0.0097126302	-0.017588967	-0.0462270606	-0.0036561979	-0.0016036505	0.0532809879	-0.0110747191	-0.0703542138	-0.0151419439	0.0480214156	0.019469172	0.0339520919	0.0371992044	-0.0326360829	-0.0283703074	-0.0159548254	0.0499611956	0.0237826739	-0.011638389	0.0278806416	-0.0296580558	0.0416680062	-0.0561609869	0.0102798773	-0.0182623117	-0.0023319198	-0.0639872232	0.0287584133	-0.0229803066	-0.0263926475	-0.0177315439	0.0255072564	0.0369911024	-0.0042893281	-0.0190322568	0.0069958257	0.0247120805	0.0234972524	0.0312447312	0.0631764999	0.0197947697	0.0451891192	-0.0365393216	-0.0648162071	-0.0041731933	0.0034674149	-0.0178920179	-0.0052860589	-0.0350984645	0.008736021	-0.0025981848	0.0328101267	0.0194997909	-0.0097253777	0.049910128	0.0167208624	-0.0116570936	0.0338461325	0.0495218535	0.0986763182	0.0060944656	-0.0076307601	0.0335967946	0.0265341595	-0.0261428125	-0.0009106102	0.0084329019	0.0303997548	-0.0389056087	-0.0394820895	-0.0136579958	-0.0145631761	0.0393051248	0.042286083	0.006485698	-0.0048349405	0.0717241556	-0.0181485811	-0.0309777689	-0.0062595022	0.0300353421	-0.002471883	0.0292800368	-0.0439748888	-0.0473218703	0.0053688049	0.0387513785	-0.0383772147	0.0269000026	0.0353639478	-0.0075431214	-0.0540504386	0.0135590665	-0.0325133598	0.0427197291	-0.0221702191	-0.0381008151	-0.0246609501	0.0033563448	-0.0142755237	0.0211475114	-0.057929027	0.0786394303	0.0031239387	0.0159905758	0.0331857414	-0.0107557144	0.0319960467	0.0363784138	-1.62279e-05	0.0102868863	0.076585198	-0.0457747462	0.0325876747	-0.0034835849	-0.0052637295	-0.0083725437	0.029920127	0.056962389	0.0151318508	0.0015225434	0.0170859174	0.017809809	-0.0069637003	0.0186863682	-0.0082604055	0.0201165919	-0.0226047044	-0.0278557254	0.049512682	0.0325850859	-0.0194100842	-0.0144827902	-0.0190836233	0.0082573816	0.0033723745	-0.0264609557	-0.0139697701	0.0272255606	-0.018697474	-0.0480157186	-0.0346923251	0.009440512	0.0451894509	0.040806694	0.0001844653	-0.0406015827	-0.0453303135	-0.0098022517	0.0344309608	0.0480868413	0.0190379212	-0.026918132	-0.048968821	-0.0275314438	0.0183559655	0.0479418706	0.0349517203	-0.0090782364	-0.0450460234	-0.0410094892	-0.0005533855	0.0403941669	-0.0466129	-4.900000000002125e-06	2.4010000000020825e-11	0.00217276244641	-1.54883	0.0708300000000001	2.3988743689	0.0050168889	-0.192917	-0.058569	0.003430327761	0.037216968889	-0.0218014	0.0004872	0.0004753010419599	2.3736384000000014e-07	0.00295803	-7.496000000000022e-05	8.7499414809e-06	5.6190016000000325e-09	0.00104524	7.870000000000099e-06	1.0925266576e-06	6.193690000000157e-11	0.0	0.0	0.0	0.0	0.0	0.0	0.0	0.0	0.0	0.0	0.0	0.0	0.0	0.0	0.0	0.0	0.0	0.0	0.0	0.0	0.0	0.0	0.0	0.0	0.0	0.0	0.0	0.0	0.0	0.0	0.0	0.0	0.0	0.0	0.0	0.0	0.0	0.0	0.0	0.0	0.0	0.0	0.0	0.0	0.0	0.0	0.0	0.0	0.0	0.0	0.0	0.0	0.0	0.0	0.0	0.0	0.0	0.0	0.0	0.0	0.0	0.0	0.0	0.0	0.0	0.0	0.0	0.0	0.0	0.0	0.0	0.0	0.0	0.0	0.0	0.0	0.0	0.0	0.0	0.0	0.0	0.0	0.0	0.0	0.0	0.0	0.0	0.0	0.0	0.0	0.0	0.0	0.0	0.0	0.0	0.0	0.0	0.0	0.0	0.0	0.0	0.0	0.0	0.0	0.0	0.0
53589.70005081347	-71.12540718672972	2871855951.5361576	5058.823547478103	64765.0714128418	-93.5366440429716	4194514475.110498	8749.103778821574	54316.38898165498	-39.54519765474106	2950270112.00645	1563.8226575525375	54450.688365990725	53518.91369660613	1.099288	25.183439	0.2365236000000001	0.143434	0.0017350857	0.0168838692	0.0218005883	0.0025639316	-0.0164632151	0.0050102851	0.0333628409	0.036915012	0.0208150332	-0.0045306464	0.0008348496	-0.007269707	0.0117215607	-0.0082304261	0.0069414861	0.0032791322	0.0258412179	-0.0086284278	0.002600227	0.0258614695	-0.0105862771	-0.03337175	0.0467857343	0.0383296987	-0.0317833704	0.0240608141	-0.0153241657	-0.0179944671	0.0025257421	0.0341975469	0.0001432429	-0.0061187171	0.0237020584	0.0287916318	0.0340668178	-0.0166010889	-0.0429295719	0.0377503099	0.0106912662	0.0218882628	-0.0393721321	-0.0067722756	0.0678587706	-0.0063957507	-0.0396869333	0.0209162757	-0.005368486	0.0472483692	0.0533100854	0.0021490104	0.0075103516	0.0195593052	-0.0017158151	-0.0491764063	-0.0109595339	-0.032434729	0.0037108647	-0.0230389587	-0.013339732	0.0215117845	0.0161250151	-0.0053198684	0.0218369837	-0.0494483494	-0.0249167747	-0.0007196672	0.0015359725	0.0420337914	-0.0039399847	-0.0240813386	0.0429368148	-0.0199736217	-0.010441529	0.0372618671	-0.0531622081	-0.037866103	-0.0339701946	-0.0177964073	0.0151278985	-0.0365551254	0.0088256997	-0.0298046544	-0.0126331261	-0.001730931	0.0247036782	0.006971298	-0.03162376	-0.0481051342	0.0550206924	-0.0661599388	-0.0190168474	-0.0061047372	-0.0010268034	0.0336945646	0.05152695	-0.0246564808	-0.0103515981	-0.0160618341	-0.0075457255	0.0077371352	0.0758308002	0.0381530855	0.0007652513	-0.0055907892	0.0394445772	0.0422422612	-0.0119767671	0.0172330681	0.0420476608	0.0018321408	0.0164443242	0.0372484735	-0.0090000215	-0.0015597812	-0.0255573893	0.0100986292	0.0338633873	-0.0458160003	0.0318421785	0.0394061272	-0.0214942138	0.0159292485	-0.0231173679	0.0010007745	0.0313714267	-0.0053555323	-0.0027315435	0.019068135	0.0282049268	0.0314829842	-0.013742984	0.0390964819	0.0417960806	0.0048088537	-0.0131204992	0.046605361	0.0077253884	0.0195669707	0.0590823732	0.04330029	-0.0338396125	0.0245244076	-0.0293576913	-0.0559036885	-0.0143983903	-0.0168103682	-0.0157036196	0.002067567	-0.0537327321	-0.0103573528	0.0178956427	0.0160397155	-0.0060409654	-0.0319976886	-0.0326069002	-0.0124739974	0.0231081418	-0.018276305	0.0434660946	-0.0169434712	0.0051825261	0.019229089	-0.0426599289	0.0079664618	-0.0295718286	-0.024010727	0.0267476213	-0.0246333382	0.0212077457	-0.0506076563	-0.0363881388	-0.0485803879	0.0085494899	0.0208329534	-0.0142984705	-0.0047801817	-0.0326907575	-0.0166482584	0.0007880057	0.0250007248	0.0128636589	-0.0215611993	0.0091746452	0.0131043207	-0.0716642464	0.0464640615	-0.0387364619	0.0406681136	0.0270050578	-0.0541463254	-0.0077171374	0.0207338206	-0.0202092148	-0.0517960158	-0.0500114145	-0.0056398687	-0.0284890809	-0.0061350734	-0.0016894797	0.0517034138	-0.0198108261	-0.040092225	0.0143682766	0.0381689143	-0.0283068687	0.0011330906	0.00558421	-0.0358215947	0.0219001565	0.0018628058	0.0129744344	-0.0031818106	0.0368476698	-0.0197398214	0.0223766971	-0.0179864742	0.0216916842	-0.0043144154	-0.0050796743	-0.0333471198	0.0036644358	0.0084848783	-0.0033131857	-0.0554541316	0.0136649902	0.0180643402	-0.0229314036	-0.0102252171	0.0096715099	-0.0267874543	0.0049452735	0.0212897291	0.0270720383	-0.0190379212	-0.0481213794	-0.0341676424	0.0103438118	0.0456043123	0.0400787482	-0.0012911108	-0.0415062691	-0.044600434	-0.0078063495	0.0359693177	0.0475759455	0.016633185	-0.029185409	-0.0489021298	-0.0248833938	0.0213897225	0.0485330118	0.0322709638	-0.0128525131	-0.0464813877	-0.0385397882	0.0038697424	0.0428183818	-0.0399709	0.006642	4.4116164000000025e-05	0.0015976728468099	-1.61751	-0.06868	2.6163386001	0.0047169424	-0.125754	0.067163	0.004510868569	0.015814068516	-0.0235141	-0.0017127	0.00055291289881	2.9333412900000034e-06	0.00296803	1.0000000000000026e-05	8.8092020809e-06	1.0000000000000052e-10	0.000887168	-0.000158072	7.870670602240001e-07	2.4986757184e-08	0.0	0.0	0.0	0.0	0.0	0.0	0.0	0.0	0.0	0.0	0.0	0.0	0.0	0.0	0.0	0.0	0.0	0.0	0.0	0.0	0.0	0.0	0.0	0.0	0.0	0.0	0.0	0.0	0.0	0.0	0.0	0.0	0.0	0.0	0.0	0.0	0.0	0.0	0.0	0.0	0.0	0.0	0.0	0.0	0.0	0.0	0.0	0.0	0.0	0.0	0.0	0.0	0.0	0.0	0.0	0.0	0.0	0.0	0.0	0.0	0.0	0.0	0.0	0.0	0.0	0.0	0.0	0.0	0.0	0.0	0.0	0.0	0.0	0.0	0.0	0.0	0.0	0.0	0.0	0.0	0.0	0.0	0.0	0.0	0.0	0.0	0.0	0.0	0.0	0.0	0.0	0.0	0.0	0.0	0.0	0.0	0.0	0.0	0.0	0.0	0.0	0.0	0.0	0.0	0.0	0.0
53688.84990453299	99.1498537195148	2882492604.071472	9830.693492601182	65189.93992114258	424.8685083007804	4249728266.9221783	180513.2493457303	54301.27944420938	-15.109537445598107	2948628949.278116	228.29812181993137	54433.04070528069	53369.38729390727	1.14177	26.156673	0.2503108999999999	0.171446	-0.0003274783	0.0074797523	-0.0019297531	-0.0043183785	-0.0218113114	-0.0050610718	0.0145022627	-0.033345185	-0.0166863176	0.0271588871	0.006392032	-0.0233229333	-0.0329358199	-0.018918161	-0.0342904725	0.0220425018	-0.030596154	-0.0016963255	-0.0143675257	-0.0243129461	0.021761532	0.0553947192	0.0052972355	-0.0180774812	-0.0224609858	-0.0057066418	0.0083574053	-0.110140482	-0.0117739261	0.0003329012	0.0072237253	-0.0025664493	-0.0242347227	-0.045746829	-0.0658371739	0.0296583528	0.039855813	-0.0083135942	-0.0128020545	0.0078974844	0.0265634507	-0.0002508223	-0.0367248683	-0.004784038	-0.0197304261	0.0350219181	-0.0004892861	-0.0217104201	-0.0622255131	0.0085277777	0.000631617	-0.0298244308	-0.0070860014	-0.0164223	0.0383071418	-0.0520800547	0.0014447343	0.0258550629	-0.0128849385	-0.0334342002	0.0370714245	0.019434805	0.0359483604	-0.0500154535	-0.0268491424	-0.0154706722	0.0096713826	0.0231141397	0.0055717366	-0.001849509	-0.0384713832	0.0321502931	-0.0040463499	-0.0266069883	0.0119077694	-0.0352168103	-0.0441550342	-0.0002178709	-0.0226045882	0.0305118787	0.0354836354	-0.0270696256	-0.0014421422	0.0084955997	0.0080694391	-0.0386997478	0.0314290884	-0.0175088945	0.0564391095	-0.0170320457	-0.0068944559	-0.0643551615	-0.032669349	-0.0266408624	0.0114299543	0.028230195	0.011571545	0.0311160645	-0.0510847088	0.0346847975	-0.0366267013	0.0251110526	0.0713103833	0.0317830462	-0.0664325547	-0.0528987136	-0.0387132632	-0.0117802678	0.0319600516	0.0003150866	0.039267251	-0.001256868	-0.0017214198	0.0137431401	0.0233779849	-0.0213143886	-0.0549976557	-0.0094397419	-0.02688959	0.0093905122	0.0087721176	-0.0050353527	-0.106784888	-0.0263803216	-0.0084524424	0.0048397834	-0.005980498	-0.0248837945	-0.0520183246	-0.0595826511	0.0287995794	-0.0380302059	-0.0112805427	-0.0058418538	-0.0137344694	-0.0309125314	-0.0055455826	-0.0066589306	-0.0365597363	0.0116412725	-0.0297470693	-0.0142897902	0.0166776396	0.0652336699	-0.0042310671	0.0160368299	0.0327365947	0.0025227352	-0.0031579323	-0.0423854141	0.0419908283	0.0161847842	0.0119304329	-0.0073414071	0.0224461649	-0.0357252568	0.0110609508	-0.0193402744	0.0775759159	-0.0208029745	0.0161532628	-0.0005925026	-0.0177292906	-0.0107915525	0.0166726774	0.0293859725	-0.0387815134	0.0068760008	-0.0308671077	0.0137188031	-0.0104758942	-0.0408734869	-0.0041783592	-0.0387887011	0.0018881639	-0.0007569864	-0.0272898105	0.0119706583	-0.0004118003	0.0093805499	-0.0544641563	0.0435114439	0.0049736652	0.021127743	-0.0405206898	0.0162518328	-0.0589177404	-0.040769829	0.0348395932	-0.0189891402	0.0127578311	-0.0150472261	-0.0098885548	0.0437264697	0.0447113988	-0.0410279977	-0.027954241	-0.0470650515	-0.0664545991	-0.0644309778	0.0283131123	-0.0450714419	0.0261483876	-0.032832391	-0.0281279274	0.0017608033	-0.0348330062	0.0423702373	-0.0042013652	-0.0033884378	-0.0035986536	0.0100744514	0.0584366698	0.0027525928	-0.0209383818	0.0407882368	-0.0124738112	-0.0082624743	0.0054615872	-0.0072954232	0.0263233624	0.0181357535	-0.016434331	0.0752126506	0.0114816884	-0.0150939245	0.0118302	-0.0190232347	0.0006416852	0.024857714	0.0008212599	-0.0052426443	0.026918132	-0.019377288	-0.048220895	-0.0336352026	0.0112434423	0.045995879	0.0393229378	-0.0027655145	-0.0423632548	-0.0438072762	-0.0057970462	0.0374341914	0.046950984	0.0141822002	-0.0313595323	-0.0486578547	-0.0221333376	0.02432518	0.0488756528	0.0294071302	-0.0165464061	-0.0475977133	-0.0357809787	0.0082612638	0.0448631447	-0.0431487	-0.0031778	1.009841284000001e-05	0.0018618103116899	-1.57417	0.0433399999999999	2.4780111889	0.0018783555999999	-0.183512	-0.057758	0.003335986564	0.033676654144	-0.0208091	0.0027049999999999	0.00043301864281	7.317024999999995e-06	0.00297376	5.730000000000232e-06	8.8432485376e-06	3.2832900000002654e-11	0.00109714	0.0002099719999999	1.2037161795999995e-06	4.408824078399995e-08	0.0	0.0	0.0	0.0	0.0	0.0	0.0	0.0	0.0	0.0	0.0	0.0	0.0	0.0	0.0	0.0	0.0	0.0	0.0	0.0	0.0	0.0	0.0	0.0	0.0	0.0	0.0	0.0	0.0	0.0	0.0	0.0	0.0	0.0	0.0	0.0	0.0	0.0	0.0	0.0	0.0	0.0	0.0	0.0	0.0	0.0	0.0	0.0	0.0	0.0	0.0	0.0	0.0	0.0	0.0	0.0	0.0	0.0	0.0	0.0	0.0	0.0	0.0	0.0	0.0	0.0	0.0	0.0	0.0	0.0	0.0	0.0	0.0	0.0	0.0	0.0	0.0	0.0	0.0	0.0	0.0	0.0	0.0	0.0	0.0	0.0	0.0	0.0	0.0	0.0	0.0	0.0	0.0	0.0	0.0	0.0	0.0	0.0	0.0	0.0	0.0	0.0	0.0	0.0	0.0	0.0
53623.68752061308	-65.16238391990919	2875499863.308355	4246.136278125639	64553.770286193845	-636.169634948732	4167189258.162684	404711.8044308029	54274.299476018496	-26.979968190884392	2945699583.6125417	727.9186835811337	54408.35253441663	52919.15961692116	0.935265	21.425873	0.1307985999999998	0.0687028	0.0016535677	0.0106839793	0.0124734127	-0.0005293294	-0.0127805231	-0.0047873532	0.0254356053	-0.0073466291	0.0115492892	-0.0325529346	0.022695994	-0.0074390122	-0.0121449488	0.0083633856	0.0282202251	0.0155516995	0.0658605852	0.0127580702	-0.0169837334	0.0356368977	-0.0374872813	-0.0149723846	0.011538287	0.031347488	-0.0273523253	-0.0071649014	-0.0092238788	-0.0149174665	-0.0727688909	-0.0393264073	0.0383406699	-0.0245544445	-0.0135279399	-0.0128110933	0.0527719343	-0.010218879	-0.0174841419	0.000411569	8.79995e-05	-0.0503635502	-0.0074363048	0.0530465657	-0.0804195089	-0.0239703884	-0.0207836834	0.0226136402	-0.078267057	0.0149192666	-0.0129479174	0.0326174819	0.059818033	-0.0547539788	0.0539403027	0.0096906229	-0.0203709898	-0.0037770263	-0.0080332878	-0.0242669507	-0.0201219161	0.0160659172	0.0442715749	0.0160578885	-0.0103248275	-0.0096212223	-0.0410744471	0.088042909	0.0618097979	0.0171635337	0.0328381461	0.0362166517	-0.0009041065	-0.0648082246	0.03272526	-0.0110561388	0.0199446032	-0.0109715184	0.0151456053	-0.0210023655	0.0616187479	-0.0406135418	0.0562654082	-0.0009206115	0.0330456112	-0.0581723221	-0.0100726727	-0.0183724848	0.0454572916	0.0142661438	0.0050906144	0.0260979996	0.0053639204	-0.0044509474	0.0650745551	0.0094465141	0.0289025592	-1.75817e-05	-0.0255467804	0.0037579459	0.0421092457	-0.031656703	-0.0177679455	-0.0479059783	-0.0323119959	-0.0232797506	-0.001337849	0.0183130995	0.0912503359	0.0149408323	0.0003202113	0.0171637364	0.0167292748	0.0333333246	0.0127151026	0.0186617232	-0.0358131312	0.0350410946	0.0153294904	-0.0135133219	0.0201253271	0.0348442476	0.009586331	0.0130974647	-0.0043659204	-0.0683469458	-0.0390613935	0.0462099977	-0.0165440027	-0.0151874973	-0.0103419447	0.0509298751	-0.0163368158	0.0187421159	-6.56534e-05	-2.8382e-06	0.0489228255	-0.00469726	-0.0563998509	-0.0495473382	-0.0681832285	0.0091844358	-0.0218052211	0.0748388765	0.0272330004	0.0226211559	-0.0428936394	-0.0553806426	0.0248080626	-0.0722412306	0.0198861728	0.0114515755	0.0165781652	-0.0030653301	-0.0026217936	-0.0239891705	-0.0281263272	-0.0392459864	-0.0049160832	0.0198071209	0.0208672162	-0.0323120707	-0.0848037289	-0.0534475926	-0.0406044291	-0.0176318229	0.0332100773	-0.0108666433	0.0586699045	0.0448650818	-0.0012011839	0.0143034225	-0.0250475269	0.0204833434	0.0157164844	0.0673172561	-0.0028802926	0.0464359574	-0.0419207916	0.0591832814	-0.0566965717	0.0056412093	-0.0182205344	0.0358132186	0.0057767067	0.0019785326	0.0210439626	0.0021117217	-0.0071823844	0.0376830028	-0.0348135327	-0.0224924889	0.001321431	-0.0165085589	0.0200388963	0.0033727421	-0.0015786267	0.0324236219	0.0407948132	0.0468467761	0.03022834	0.0003729864	-0.0258236154	0.094362528	0.0258559355	0.0269133982	-0.0153086467	0.0254495629	-0.006361859	-0.0499657536	0.0120587796	0.0017300082	0.0061074778	0.0056928833	0.0395119268	0.00641964	-0.0048888871	0.0131386291	0.0134523342	0.0220078615	-0.0182405985	-0.0214068382	-0.0116793163	-0.0440833203	-0.0193331747	-0.042067939	-0.0005517793	-0.019869537	0.0073347611	-0.0031709808	-0.0023951269	0.0077520282	0.0098940875	-0.0200832974	0.0267638437	-0.0197155549	-0.0483142525	-0.0330951267	0.0121390845	0.046363951	0.0385397882	-0.0042374069	-0.043171555	-0.0429519653	-0.0037777911	0.0388225891	0.0462134553	0.0116917818	-0.0334335625	-0.0482368825	-0.0192925486	0.0271488476	0.0489680393	0.0263764663	-0.0201368126	-0.0483873377	-0.032753756	0.0125853106	0.046510335	-0.0375592	0.0055894999999999	3.124251024999997e-05	0.00141069350464	-1.60258	-0.0284099999999998	2.5682626563999995	0.0008071280999999	-0.165455	0.018057	0.000326055249	0.0273753570249999	-0.0217589	-0.0009498	0.00047344972921	9.021200400000012e-07	0.00339666	0.0004228999999999	1.15372991556e-05	1.7884440999999996e-07	0.000894998	-0.0002021419999999	8.01021420004e-07	4.0861388163999954e-08	0.0	0.0	0.0	0.0	0.0	0.0	0.0	0.0	0.0	0.0	0.0	0.0	0.0	0.0	0.0	0.0	0.0	0.0	0.0	0.0	0.0	0.0	0.0	0.0	0.0	0.0	0.0	0.0	0.0	0.0	0.0	0.0	0.0	0.0	0.0	0.0	0.0	0.0	0.0	0.0	0.0	0.0	0.0	0.0	0.0	0.0	0.0	0.0	0.0	0.0	0.0	0.0	0.0	0.0	0.0	0.0	0.0	0.0	0.0	0.0	0.0	0.0	0.0	0.0	0.0	0.0	0.0	0.0	0.0	0.0	0.0	0.0	0.0	0.0	0.0	0.0	0.0	0.0	0.0	0.0	0.0	0.0	0.0	0.0	0.0	0.0	0.0	0.0	0.0	0.0	0.0	0.0	0.0	0.0	0.0	0.0	0.0	0.0	0.0	0.0	0.0	0.0	0.0	0.0	0.0	0.0
53709.72161606885	86.03409545576869	2884734196.075613	7401.865580892319	65263.00483776855	709.2345515747074	4259259800.454601	503013.6491473764	54316.64657315341	42.34709713491611	2950298094.9528584	1793.2766357540204	54459.11942681077	53845.84508896865	1.096892	25.128565	0.1169739499999998	0.0769345	0.0025553109	0.0227510947	0.0240847987	0.0010711196	-0.0109005558	0.0137235474	0.0183742682	0.0239775994	0.0101089066	0.0496622846	0.0227168299	0.0133395002	-0.0253396797	-0.0214392248	0.0279820445	-0.0014282183	-0.02302419	-0.0044781972	0.014797385	-0.0168380591	0.0513657496	0.0015211236	0.0137324461	-0.0397705292	0.0203066727	0.0024636007	-0.0276586676	-0.0154403438	-0.0142978059	-0.0337338312	0.0472472501	-0.0248833192	0.0097289943	0.0366847142	-0.0025923584	-0.031888266	0.0233670792	0.0723230544	-0.0166471031	-0.0129712792	-0.0034232237	-0.0409411702	-0.0041577629	-0.0528647873	0.0308694587	-0.0193139108	0.0127216232	0.050511327	-0.0291684732	-0.0456581579	-0.0166652366	-0.006135566	-0.0170691338	-0.0412817092	-0.0116859879	0.0733808134	-0.0174723944	0.0209650189	0.0466582238	0.0507692928	0.0323703381	0.0374907739	-0.0146318978	-0.0073636153	-0.0332067974	0.0081005172	0.0714377213	0.0090758714	-0.0103905732	0.0269151356	-0.0275548801	-0.0222207425	0.0133140265	0.0051342922	0.0071827601	0.0067091681	0.0040056854	0.038378909	0.0744327326	0.0208420635	0.0322304223	0.0206827685	-0.0269317381	-0.0083937514	0.0220756938	0.0073115695	-0.0355855724	0.017487817	-0.0144500566	0.0617311026	-0.003371512	0.059119994	-0.040161444	0.0231024167	-0.0338722928	0.0066475706	0.0510969703	0.0229363464	0.0254256197	0.0071271506	-0.0216178899	-0.0306777378	-0.0111859944	0.0024410033	0.0036670613	-0.0165192803	-0.0199092045	-0.0008413664	-0.0354490486	0.0070705718	-0.0643156005	0.0114279783	-0.0063076492	-0.0178179196	0.0171334046	-0.0496765177	-0.0034845254	-0.0191756874	-0.0315065543	-0.0286016688	-0.0035889138	0.0318797571	-0.0106276673	-0.0142035798	-0.0249837242	0.0579161956	-0.0139987421	0.0172015877	0.0347052884	-0.0098195218	-0.0308375464	-0.0291108246	0.0691046179	-0.0134114603	0.0119434673	0.0008142309	0.0425859905	-0.0643140282	0.0022388878	-0.0235152252	0.0053876783	0.003649969	-0.0582431644	0.0105884766	0.033658373	0.0168396886	-0.0002857337	0.0014096796	-0.0425285442	-0.0059035048	-0.0480029673	-0.0555953913	0.0059682067	0.0569871672	-0.0595686006	0.0012217741	-0.0179837345	0.0393334786	0.0296952757	-0.0291252424	-0.0080104627	-0.0649064164	-0.0310833673	0.0042201503	0.0211695778	0.0198272365	0.0150599237	0.0055242453	0.0059042318	0.0020702964	0.002840782	0.0091717123	-0.002301729	0.0302101333	0.058710437	0.062509068	-0.022986349	-0.0317169507	0.0070784031	0.0323277318	0.0009053702	-0.0236259401	-0.0018205029	0.014218883	0.0085626801	-0.07038996	0.0808490961	-0.0028019326	0.0178069034	0.0351728612	0.0256981575	0.0249490958	0.0006877139	0.0473562193	-0.000128814	0.0026004253	0.033364086	0.0117530117	0.0138646764	-0.0063080462	0.021525528	0.0040018751	-0.0277478985	-0.0134810348	0.016368338	0.0103726561	0.0548682504	-0.0223552466	0.0231465963	0.0063125068	0.0131541502	0.0062138351	0.0339099985	-0.0195483196	0.006417348	0.0027876222	-0.0008901317	-0.0163419194	-0.0010061373	-0.0265352813	0.0238946232	0.0647151591	0.0153353696	0.0096488296	0.0079815714	0.0272091257	-0.0149613528	0.0020017153	0.0356895947	-0.0370969495	-0.0145066435	-0.0005870847	0.0266091756	-0.0200527028	-0.04840144	-0.0325475373	0.0130304206	0.0467083402	0.0377298441	-0.0057054516	-0.0439302406	-0.0420357148	-0.0017520508	0.0401316745	0.0453651274	0.0091688544	-0.0354008796	-0.0476407421	-0.0163726724	0.0298477488	0.0488096981	0.0231961654	-0.0236012772	-0.0488448413	-0.0294808289	0.0168065656	0.0477453555	-0.0464483	-0.0088890999999999	7.901609880999994e-05	0.00215744457289	-1.62895	-0.02637	2.6534781025	0.0006953769	-0.148915	0.01654	0.0002735715999999	0.022175677225	-0.0230048	-0.0012458999999999	0.0005292208230399	1.5522668099999943e-06	0.0033655	-3.116000000000013e-05	1.132659025e-05	9.70945600000008e-10	0.000921435	2.6436999999999923e-05	8.490424592249999e-07	6.989149689999961e-10	0.0	0.0	0.0	0.0	0.0	0.0	0.0	0.0	0.0	0.0	0.0	0.0	0.0	0.0	0.0	0.0	0.0	0.0	0.0	0.0	0.0	0.0	0.0	0.0	0.0	0.0	0.0	0.0	0.0	0.0	0.0	0.0	0.0	0.0	0.0	0.0	0.0	0.0	0.0	0.0	0.0	0.0	0.0	0.0	0.0	0.0	0.0	0.0	0.0	0.0	0.0	0.0	0.0	0.0	0.0	0.0	0.0	0.0	0.0	0.0	0.0	0.0	0.0	0.0	0.0	0.0	0.0	0.0	0.0	0.0	0.0	0.0	0.0	0.0	0.0	0.0	0.0	0.0	0.0	0.0	0.0	0.0	0.0	0.0	0.0	0.0	0.0	0.0	0.0	0.0	0.0	0.0	0.0	0.0	0.0	0.0	0.0	0.0	0.0	0.0	0.0	0.0	0.0	0.0	0.0	0.0
53754.34610954423	44.62449347538495	2889529725.6646733	1991.345417934674	64872.85948535156	-390.145352416992	4208487897.806168	152213.39601257886	54356.98139620104	40.33482304762583	2954681426.5069456	1626.897950283288	54483.14343668232	53252.017038162034	1.132078	25.934633	0.1227897499999997	0.0780786	0.0030063155	0.0134802392	0.0132916182	-0.0065946143	-0.0075890082	-0.0221629788	0.0005501106	-0.0343878888	0.0311812195	-0.0258959591	0.0064253728	-0.0012099334	-0.0041697454	-4.96146e-05	0.0005268861	0.0073931886	0.0364573564	0.0052528043	-0.0205437653	0.0219230293	-0.0518112842	0.0061798315	-0.0365195265	0.0055680631	-0.0008569845	-0.0023683774	-0.0102563254	-0.0220103357	-0.0265584996	0.0085636362	0.0045142821	0.0059912676	0.0319703609	0.0268136248	-0.006831507	0.0128602256	-0.0563834107	-0.0031764002	0.0132601802	0.032172059	0.0426506554	0.0590124313	0.0068006643	-0.018219843	-0.0117853373	0.0443012102	-0.0011884353	-0.017218385	-0.0010784932	0.0181501294	0.0180988815	0.109692278	-0.0679544925	-0.0215965316	-0.0263364416	0.0092593338	0.0104713007	-0.0218980216	0.0015558225	-0.0097417536	-0.1006995065	-0.0344078264	-0.0265950182	0.0474254097	-0.0314438244	-0.0132949609	-0.0189032378	-0.0188320225	-0.0166258793	0.0268928402	0.0072825789	0.0299407309	0.0437505377	0.0378963481	-0.010070446	0.054122931	0.0117587803	-0.0321826739	0.0035417229	0.0030490756	-0.0166676154	-0.0212873533	-0.0347456962	-0.0262996258	-0.0273071367	-0.016985529	0.0042145038	0.0189625169	-0.0134973517	0.0346160478	0.0386011155	0.0715917692	0.0212230746	-0.0199268644	0.0079560295	0.0623747112	-0.0410150693	0.0469860576	0.0919723431	-0.0166921669	-0.0411885944	0.0256805965	0.0431728814	-0.007203212	0.0149384343	0.0053389597	0.011747932	-0.028812899	0.0184754195	0.0280209205	-0.0349570915	-0.0296057655	0.0068707693	0.0245950754	-0.0229052614	0.0508054602	-0.0035338344	0.0374096765	-0.0003768632	0.0063732108	0.0039118212	0.0145899114	-0.0179366862	-0.0305632164	0.0060354246	0.0050647893	0.0075649905	0.0277748361	0.024323746	-0.0081012027	0.0128239345	0.0582951245	0.0029427522	0.01781212	-0.0326950539	-0.0433725593	-0.0546774039	0.0063454733	0.0106421099	0.0079918346	-0.0395166059	0.0031545117	0.0231183004	-0.0061148799	-0.0132898969	-0.0327369705	-0.0362541408	0.1046850668	-0.0598055176	0.0458600463	-0.0271603203	0.0234459338	-0.021790622	-0.0080697444	0.0480941402	0.0759479842	0.009815925	0.0014453743	-0.0666059888	-0.0394056269	0.006366365	0.0102796912	0.012591297	0.0229221978	0.0133169667	-0.0241320109	-0.0296847335	0.0132883408	0.0611922979	-0.0169918289	0.0403118439	0.0190684106	0.032396492	0.0197748808	0.0003865135	-0.0255596348	0.0075342558	-0.0142667483	-0.0413207525	-0.0175961783	-0.0232507588	-0.0062395557	0.0193578434	0.0070520415	0.0363426367	0.0128745557	0.0673256291	0.003434123	-0.0557172338	-0.0097899084	-0.0176016113	-0.0728800619	0.0479839282	0.0862592961	-0.014727678	0.0145136315	-0.0403689963	0.0276865018	-0.0205448223	0.0391366668	-0.0044233479	0.0130413037	0.0152318998	-0.0284050487	-0.0322470249	-0.0232298826	0.0092609778	0.0063789452	0.0195568423	0.0062932091	0.0085996633	0.0021625273	0.0301995845	-9.19299e-05	0.0024153687	0.0095974506	0.0095285546	0.0164709539	0.0112082632	-0.0032747838	-0.013373389	-0.0592570943	-0.0089775517	-0.0060120463	0.0076636419	-0.0123278696	-0.0087990119	0.0002705516	-0.0056739507	0.0006335035	-0.0135108395	-0.0161799726	0.02645413	-0.0203887125	-0.0484824465	-0.0319925587	0.0139171345	0.0470288708	0.0368936684	-0.0071683153	-0.0446384398	-0.0410598248	0.0002766972	0.0413587732	0.0444080345	0.006620433	-0.0372552045	-0.0468715983	-0.0133856785	0.0324094805	0.04840144	0.0198842699	-0.026918132	-0.0489670838	-0.0259867497	0.0208905514	0.0485572616	-0.0465806	-0.0001323	1.750329000000049e-08	0.00216975229636	-1.60359	0.0253599999999998	2.5715008881	0.0006431295999999	-0.172792	-0.023877	0.000570111129	0.029857075264	-0.0218046	0.0012001999999999	0.00047544058116	1.4404800399999964e-06	0.00362599	0.0002604899999999	1.31478034801e-05	6.785504009999996e-08	0.000913716	-7.718999999999998e-06	8.348769286559999e-07	5.958296099999997e-11	0.0	0.0	0.0	0.0	0.0	0.0	0.0	0.0	0.0	0.0	0.0	0.0	0.0	0.0	0.0	0.0	0.0	0.0	0.0	0.0	0.0	0.0	0.0	0.0	0.0	0.0	0.0	0.0	0.0	0.0	0.0	0.0	0.0	0.0	0.0	0.0	0.0	0.0	0.0	0.0	0.0	0.0	0.0	0.0	0.0	0.0	0.0	0.0	0.0	0.0	0.0	0.0	0.0	0.0	0.0	0.0	0.0	0.0	0.0	0.0	0.0	0.0	0.0	0.0	0.0	0.0	0.0	0.0	0.0	0.0	0.0	0.0	0.0	0.0	0.0	0.0	0.0	0.0	0.0	0.0	0.0	0.0	0.0	0.0	0.0	0.0	0.0	0.0	0.0	0.0	0.0	0.0	0.0	0.0	0.0	0.0	0.0	0.0	0.0	0.0	0.0	0.0	0.0	0.0	0.0	0.0
53821.83206668207	67.48595713784016	2896789607.014127	4554.354410810399	65039.12884649658	166.26936114501586	4230088281.111183	27645.50045557171	54466.33206713914	109.35067093810358	2966581328.8478694	11957.56923461341	54601.22504422871	53787.03739394151	1.041326	23.855595	0.0961489999999998	0.0691754	0.0018830243	0.0235557697	0.0223999699	0.0058450501	0.0192795727	0.0158779352	-0.0070320661	0.0637769772	0.0282531809	0.005243953	0.0211076508	0.014997066	0.0063292046	-0.013575027	0.0290743071	-0.0018809013	-0.0117622838	-0.050846389	0.0593978684	0.0004744403	0.011779653	-0.0214434878	0.0168972136	-0.00066266	0.0023476471	0.0172357859	-0.0392996002	0.0137979623	0.0098229327	-0.0395011864	0.0209734909	-0.0142161001	-0.0529337422	-0.013993379	0.0069464498	0.0252169233	-0.0185483824	0.0267482191	-0.0572029369	-0.0207609826	-0.042036459	-0.0430595607	0.0169463148	-0.0624626714	0.0347797754	0.0371606949	-0.0149715315	-0.0009623289	0.031266448	0.0447233262	0.0218854099	0.0228267982	-0.0481044056	-0.0253659754	0.0479648723	0.027556108	0.0210375836	-0.0107041084	-0.0279090492	-0.0400776505	-0.0197587948	0.0026137865	0.0226653575	0.0350841883	-0.0345523748	0.0759101491	0.0180067754	-0.0051607273	-0.0569343079	0.0643842383	0.033992617	0.0266892245	-0.0039381804	-0.024737753	-0.0083269895	-0.0212131063	-0.009093113	-0.0296071137	-0.0197952503	0.038081158	0.0020316352	-0.0235256835	-0.0616681811	-0.0189887966	0.0468673985	0.0277490492	0.0537154215	-0.0373591149	0.0578408992	-0.0300764331	0.0374075589	-0.0133754882	-0.0360121673	-0.0414294643	0.01983031	-0.0234673138	-0.0039357087	0.0218366936	-0.0150601915	0.0194512021	0.0035957973	-0.0225849228	0.0414552433	-0.0173170436	0.0088346089	-0.0300654071	-0.0251701939	0.0362867223	-0.0587897872	0.0043943307	-0.0388352507	-0.0380323853	-0.0528405843	-0.057640164	0.0010077316	-0.0107481146	0.0194678324	-0.0168846805	0.0039495236	-0.0043039375	-0.0158709809	0.0335813889	0.0125774704	0.0205221744	-0.0337565817	0.030641105	-0.0128822007	-0.0514924825	-0.0136287563	0.0059419426	0.0214304597	0.0229237069	0.0185757143	-0.0547189074	0.0159447394	0.0342663557	0.0412194126	-0.0701037453	0.0252031072	-0.0414649303	-0.0448263406	0.0052266898	0.0140622372	-0.0229327571	-0.0437984444	-0.006761523	0.0238427372	0.0401826013	-0.0300454627	-0.0329901968	-0.0399470287	0.0152074161	-0.020357441	-0.0112528785	0.047532648	0.0045519121	-0.0330989122	-0.0274896842	-0.0163409428	-0.0323952985	-0.0748751957	-0.0326588164	0.0059037782	0.0468602221	0.047604012	-0.0530301297	-0.0313810029	-0.0212271861	-0.0324509053	0.0016134093	-0.0150286	-0.0280202802	0.0488241576	-0.0351449052	0.0134794104	-0.0147838302	-0.0052392118	-0.0537373194	-0.0291843007	0.0491762184	0.0037333773	0.0619591068	0.0105611775	0.0013924514	-0.0497718665	0.0651296803	-0.0038705069	-0.0591218928	0.0117327162	-0.0304010033	-0.019775875	0.0127161749	-0.021916529	0.0107695245	0.0015110697	-0.0234366212	0.0218765342	-0.0032129229	-0.0481059954	-0.0162702465	0.0199296805	0.0166050416	-0.0846050952	-0.0065490373	0.0173395545	-0.0198160657	0.0152694193	0.0210820793	0.0299726812	0.0109922652	0.0136109444	0.0017364782	0.0133320011	-0.0126341405	0.0101851991	0.0123756966	0.0044173071	-0.0058586919	0.0082325497	-0.0070298784	0.0308539513	0.0517643246	0.0102699209	-0.0404666332	0.0161409124	0.0157679222	-0.0227826336	-0.0016128429	0.013718976	-0.0387304297	-0.0184895807	0.0100933443	0.026298709	-0.020723565	-0.0485572616	-0.0314303169	0.0147989116	0.0473253789	0.0360318425	-0.0086246698	-0.0452953387	-0.0400256797	0.0023049702	0.0425013783	0.0433444711	0.0040536034	-0.0389906186	-0.0459322442	-0.0103438118	0.0348222698	0.0477453555	0.0164595684	-0.0300666323	-0.0487532262	-0.0222977292	0.0248039116	0.0489388583	-0.0463973	0.0001832999999999	3.3598889999999034e-08	0.00215270944729	-1.62388	-0.0202899999999999	2.6369862544	0.0004116840999999	-0.164702	0.00809	6.544810000000022e-05	0.0271267488039999	-0.0230048	-0.0012001999999999	0.0005292208230399	1.4404800399999964e-06	0.0036217	-4.29000000000011e-06	1.311671089e-05	1.8404100000000938e-11	0.000766492	-0.0001472239999999	5.87509986064e-07	2.1674906175999984e-08	0.0	0.0	0.0	0.0	0.0	0.0	0.0	0.0	0.0	0.0	0.0	0.0	0.0	0.0	0.0	0.0	0.0	0.0	0.0	0.0	0.0	0.0	0.0	0.0	0.0	0.0	0.0	0.0	0.0	0.0	0.0	0.0	0.0	0.0	0.0	0.0	0.0	0.0	0.0	0.0	0.0	0.0	0.0	0.0	0.0	0.0	0.0	0.0	0.0	0.0	0.0	0.0	0.0	0.0	0.0	0.0	0.0	0.0	0.0	0.0	0.0	0.0	0.0	0.0	0.0	0.0	0.0	0.0	0.0	0.0	0.0	0.0	0.0	0.0	0.0	0.0	0.0	0.0	0.0	0.0	0.0	0.0	0.0	0.0	0.0	0.0	0.0	0.0	0.0	0.0	0.0	0.0	0.0	0.0	0.0	0.0	0.0	0.0	0.0	0.0	0.0	0.0	0.0	0.0	0.0	0.0
53792.32681642704	-29.50525025503157	2893614424.325296	870.5597926120405	65535.20603845215	496.07719195557	4294863230.502375	246092.58037852345	54415.929984057664	-50.40208308147703	2961093436.0298657	2540.3699789521133	54553.6549918976	53753.48973087459	1.03002	23.596586	0.1054532500000001	0.0663805	0.0051881857	0.0166115318	0.0160724818	-0.0046097613	0.0210116458	-0.0151636518	-0.0139816077	-0.0425350025	0.0379003613	0.0505307326	0.0078703787	0.007584998	-0.0088559562	-0.0107739537	-0.0118019463	-0.0043475604	-0.0092716046	0.0020165285	-0.0073077714	0.0059563078	-0.0091019003	0.0903294721	-0.0291801041	0.0159538819	0.0095554644	-0.0328404401	-0.0536497787	0.0456107294	-0.0287076367	0.0322467083	-0.014815218	0.0068079658	0.0243422833	0.0021304318	-0.057247683	0.0084875352	0.0309320418	-0.0243777259	-0.0205585892	0.0584119193	-0.0284947628	0.0111430063	-0.0233769	-0.0104188906	0.0087067589	0.0179115063	0.0005404928	0.0056706271	0.0274985778	-0.0455350142	0.029963752	0.0095914473	-0.0132950423	0.0055538961	0.0463312832	-0.028412586	-0.0192562102	-0.0112140586	0.0410886936	-0.0024452598	-0.0257829865	-0.013411222	0.0202062799	0.0045572295	-0.0164541183	0.002221028	0.049934417	0.0453823178	0.0283413966	0.0062100737	0.0049982641	0.0324099527	-0.0747840823	0.0104279699	-0.0276665746	-0.0539682787	-0.040520289	-0.0268607226	0.0087682184	0.0034146025	0.0340076026	-0.0151573743	0.007268033	0.0533109461	-0.0312219502	-0.0525594909	0.0317764383	-0.0157987763	-0.0330536213	-0.0035239497	-0.0180075801	0.0460667803	0.0135954746	0.0535327195	0.0059804924	-0.0207286759	-0.0127749273	-0.0010477039	-0.0389513021	0.0190741853	-0.0101148221	-0.0058610295	-0.0297458098	0.0008341163	-0.0239261363	-0.0402783619	-0.0177950392	0.0080591698	-0.0702206353	0.0151357474	-0.0072092342	-0.0423747505	0.000998416	0.0085772454	-0.0067922194	0.0090859628	-0.088416321	0.0289192957	0.0060112418	-0.0003363009	0.0350724625	0.056112797	0.0467474383	-0.0230792456	0.0347319924	-0.022970099	0.0044064216	0.0164256803	-0.0058545351	-0.0592882858	0.0140068966	-0.0265119953	-0.0271665865	-0.0263476631	-0.0549257035	0.0313836091	-0.0110989173	-0.0042556925	-0.0254516418	-0.0073320342	-0.0197070489	0.0116494315	-0.0144651799	-0.0236975298	0.0461967291	-0.0259971691	0.0135240026	0.004311512	-0.0063020185	-0.0230926893	-0.0140413724	0.0654488403	0.0144417727	0.0243920044	0.0080829596	0.0275256947	0.006098209	-0.0285830805	0.0019355835	-0.0102213392	-0.0035008234	-0.0209886292	-0.0612637728	-0.0363236999	0.012162396	0.0127534825	-0.021589056	-0.0794336491	-0.026297598	-0.0221761884	-0.0407175885	-0.0538950181	0.0051150549	-0.0046271617	-0.0114332044	0.017550468	-0.0304868331	0.021358607	0.0381792001	-0.0406615051	-0.0579811062	0.0100625793	-0.0013685371	-0.0422716905	0.0041191948	0.0038856826	0.036581418	0.056332146	-0.0009811572	-0.0152517351	0.0048572125	0.0024161198	-0.0424882057	-0.0297898617	0.0116117992	-0.016514626	0.0015931218	-1.19284e-05	0.0251622033	-0.0439835565	0.0336014401	0.0193415854	-0.0671778212	-0.0449895848	0.0258847781	-0.0161424402	-0.0174477598	-0.0058195027	0.0263973562	0.0082709793	0.0145379122	0.0014974901	0.0108345399	0.0002707387	0.0111400218	0.0158436329	0.00834534	0.0197799365	-0.0120644124	0.0103652686	-0.003253256	-0.0222446011	0.0201158299	0.0627925495	-0.0082852343	0.0172470858	-0.0215912213	-0.0156717679	0.0039412584	-0.0165810495	-0.0073100807	0.0250367072	0.0261429148	-0.0210572413	-0.0486258757	-0.0308609395	0.0156754391	0.0475977133	0.0351449656	-0.0100731925	-0.0459001824	-0.0389347468	0.0043292863	0.0435571555	0.0421769872	0.0014755028	-0.0406015827	-0.044826091	-0.0072595419	0.0370750283	0.0468448038	0.0129414898	-0.0330270864	-0.0482047363	-0.018441441	0.0285146833	0.0488867639	-0.0466255	-0.0002281999999999	5.2075239999999026e-08	0.00217393725025	-1.61651	0.00737	2.6131045800999995	5.431690000000145e-05	-0.173829	-0.009127	8.330212900000044e-05	0.030216521241	-0.0218935	0.0011112999999999	0.00047932534225	1.234987689999998e-06	0.00411317	0.00049147	1.69181674489e-05	2.415427609000004e-07	0.000938283	0.000171791	8.803749880890001e-07	2.9512147681000008e-08	0.0	0.0	0.0	0.0	0.0	0.0	0.0	0.0	0.0	0.0	0.0	0.0	0.0	0.0	0.0	0.0	0.0	0.0	0.0	0.0	0.0	0.0	0.0	0.0	0.0	0.0	0.0	0.0	0.0	0.0	0.0	0.0	0.0	0.0	0.0	0.0	0.0	0.0	0.0	0.0	0.0	0.0	0.0	0.0	0.0	0.0	0.0	0.0	0.0	0.0	0.0	0.0	0.0	0.0	0.0	0.0	0.0	0.0	0.0	0.0	0.0	0.0	0.0	0.0	0.0	0.0	0.0	0.0	0.0	0.0	0.0	0.0	0.0	0.0	0.0	0.0	0.0	0.0	0.0	0.0	0.0	0.0	0.0	0.0	0.0	0.0	0.0	0.0	0.0	0.0	0.0	0.0	0.0	0.0	0.0	0.0	0.0	0.0	0.0	0.0	0.0	0.0	0.0	0.0	0.0	0.0
53608.08929305536	-184.2375233716812	2873827237.652197	33943.465018130766	64539.268662109374	-995.937376342772	4165317199.439933	991891.2575965244	54287.11646593931	-128.8135181183534	2947091014.186459	16592.922450027356	54427.39366154258	52920.7384534167	0.976198	22.363583	0.0502290499999999	0.0419205	0.0061753494	0.0155677806	0.0143999621	0.0037348784	0.002762479	0.0003011053	0.0144039272	0.0212673495	0.0185011046	-0.0543388742	-0.0134693212	0.0010462817	0.0048900766	-0.0046430399	0.0208448362	0.0165846791	0.0168344016	0.0115963825	-0.0041182168	0.0477413255	-0.0552319822	-0.043830781	0.0439082901	0.0205572061	-0.0341750307	0.0264228731	-0.0078136141	-0.0396702362	0.0287362331	4.14782e-05	0.0242586043	-0.0367453582	-0.0480185563	0.056270106	-0.0015200307	0.0329621866	0.0302722262	0.000311851	-0.0299923814	-0.0351220106	-0.0109776044	0.0246955731	0.0131970538	-0.0387381098	0.0202540894	-0.0131072017	0.0210901987	-0.0157919495	0.0235575639	-0.0126238829	0.0410870168	-0.0157418718	-0.0472726204	0.0269943065	-0.0053640233	-0.0491260643	0.0080265436	0.0536660082	-0.0160145722	-0.0676388751	0.0379226526	0.0350630562	0.0059468282	-0.0275142153	0.0460501265	0.0014772827	-0.0026677105	0.0007964084	0.0624696429	0.0176525038	-0.0330705249	0.0163963128	0.0659477434	-0.0270151531	0.0642350478	0.0151360052	-0.0174927609	-0.0032980997	-0.042920959	-0.0274421084	0.0032044442	0.0488814037	-0.0325373894	-0.0323387842	0.0581125812	-0.0184452796	-0.010582578	-0.0264689836	0.006953451	-0.0568613377	-0.0407622254	-0.0104473806	0.0676708585	-0.0066982728	-0.025154689	-0.0374866646	0.062462593	0.0496856668	0.0042954272	-0.028508853	-0.0069870188	0.0705927985	0.041476163	-0.0152958895	0.0094938005	0.0333339097	-0.0303635993	0.013324445	-0.0002835358	0.0443582482	-0.0246071607	-0.0272095524	0.010276019	0.0066217919	-0.0500735978	0.0534488955	0.0440297537	-0.0456731691	0.0161974741	0.0351883279	-0.0244712448	0.0026236498	-0.0440165729	0.0266106402	0.0002234365	0.0334292597	-0.036176402	-0.043090143	0.054736315	-0.0056301062	0.035290873	-0.0294709851	-0.0020930892	-0.0269124477	0.0242777818	0.0018996849	-0.0283729057	-0.0360666913	0.022913476	-0.0133907672	0.0014734978	-0.0282197768	0.006644717	-0.0369202906	0.0244229612	-0.0125883903	0.0624526296	0.0279800612	0.0153831953	0.0153171905	0.0530569692	0.0047397194	0.0241700421	0.0064857321	0.0437475679	-0.0472586855	-0.0029144488	0.0028437475	0.0538349492	0.0551953585	-0.0024597251	0.0024105559	0.0011993158	-0.0572879612	0.0447470491	0.0051219573	-0.032783015	0.0775802684	0.0043163457	0.0585134427	0.0276914221	-0.0027427979	-0.0080453691	-0.0122918269	-0.0497175583	0.0262569024	0.026703686	-0.0355949568	-0.020685644	0.0529142968	-0.0129760086	-0.0131407217	0.0098712249	-0.0173567169	-0.0179372233	0.0186282561	-0.0635514597	0.0466185279	-0.0484038088	0.0275252116	-0.0098923567	0.0670294965	-0.0247484789	0.0547585622	-0.0122715782	0.0212366425	-0.049212411	-0.0439850485	-0.0139126794	0.0300444743	-0.03991959	-0.026834183	-0.0513365777	-0.00978395	-0.0340215626	-0.0371049602	0.0162825809	-0.0283356475	0.0225734262	0.0095523202	0.0105114563	-0.0020144323	0.0142597035	0.0111024856	0.0060218142	0.0145886289	0.0285767668	-0.0147330214	0.0145636644	-0.0110993849	0.0048047219	-0.0054568656	0.0041512137	-0.0403688065	-0.0126573636	-0.0287435714	0.0209759724	-0.0083817737	-0.0176506627	0.0052050159	-0.0237331589	-0.0042617915	0.0259867497	-0.0213897225	-0.0486882801	-0.0302845558	0.0165464061	0.0478457346	0.0342336544	-0.0115125682	-0.0464522756	-0.0377885739	0.0063461704	0.0445239479	0.0409083818	-0.0011067004	-0.0420829549	-0.0435571555	-0.0041455125	0.0391574033	0.0457043959	0.0093499925	-0.0357809787	-0.0473253789	-0.0144468132	0.0319925587	0.04840144	-0.0467007	-7.519999999999749e-05	5.655039999999622e-09	0.00218095538049	-1.61646	4.999999999988347e-05	2.6129429316	2.499999999988347e-09	-0.169294	0.004535	2.0566225000000103e-05	0.028660458436	-0.0210775	0.000816	0.0004442610062499	6.658560000000013e-07	0.00411317	0.0	1.69181674489e-05	0.0	0.00103366	9.5377e-05	1.0684529956e-06	9.096772129e-09	0.0	0.0	0.0	0.0	0.0	0.0	0.0	0.0	0.0	0.0	0.0	0.0	0.0	0.0	0.0	0.0	0.0	0.0	0.0	0.0	0.0	0.0	0.0	0.0	0.0	0.0	0.0	0.0	0.0	0.0	0.0	0.0	0.0	0.0	0.0	0.0	0.0	0.0	0.0	0.0	0.0	0.0	0.0	0.0	0.0	0.0	0.0	0.0	0.0	0.0	0.0	0.0	0.0	0.0	0.0	0.0	0.0	0.0	0.0	0.0	0.0	0.0	0.0	0.0	0.0	0.0	0.0	0.0	0.0	0.0	0.0	0.0	0.0	0.0	0.0	0.0	0.0	0.0	0.0	0.0	0.0	0.0	0.0	0.0	0.0	0.0	0.0	0.0	0.0	0.0	0.0	0.0	0.0	0.0	0.0	0.0	0.0	0.0	0.0	0.0	0.0	0.0	0.0	0.0	0.0	0.0
53552.55951677761	-55.52977627774817	2867876630.7980084	3083.5560534567635	64838.604568481445	299.3359063720709	4204044642.387903	89601.98484358919	54244.312653001085	-42.80381293822575	2942445455.1965337	1832.1664020506216	54378.94651485193	53155.348525961344	0.9496190000000002	21.754688	0.0710126000000001	0.0382275	0.0112814145	0.0177829198	0.0244844457	0.0073842173	0.0099626734	0.0092894508	0.0023342631	0.0393054369	0.0469512393	0.0188030696	-0.0270130324	-0.0004568867	0.0220449146	0.0001073505	-0.0435165099	-0.0311261196	-0.012970133	0.0418641028	0.0139236741	-0.0438155913	0.0404518954	-0.0280908554	0.0830654703	-0.0372921576	-0.0093499185	0.0241954353	0.0083868482	0.0003547621	0.0078878964	-0.0390595608	0.0033429294	-0.0399234159	-0.0004292727	-0.0089321905	0.0175286433	-0.0404872955	-0.0004786053	0.0140400679	-0.0294061332	0.0254486566	0.0256922453	0.0110486526	0.0536189205	-0.0314752003	0.0033758997	-0.0258431552	-0.0048330101	0.0350857187	-0.0010396513	0.0054003592	0.0374553617	-0.0247900882	0.0252994134	0.034447121	0.0220970027	-0.0145854303	-0.0168056001	0.0078953977	-0.010524563	-0.0045356841	0.0068612413	-0.0345545173	-0.0123439125	0.0398142284	0.039850204	-0.0054140113	-0.0715651017	0.0547185823	0.0158839671	-0.0857085868	-0.0304374096	0.0178870681	0.0552126499	0.0429778509	0.0156148775	-0.0081826849	-0.008510475	-0.0051649997	0.006423542	0.0949891991	0.0373826162	-0.0012949114	0.0002334831	0.0179492066	-0.0001863591	-0.0413339967	0.0173564674	-0.0222544907	0.0183031725	-0.0408340976	0.0292189438	-0.0234230827	-0.0461907818	-0.0567578384	-0.0547156663	-0.0069841803	0.0308417347	-0.0097436405	0.0323751822	0.0287932432	0.0114842748	-0.0348941893	-0.0485614646	-0.0082865396	0.026753312	0.015554092	0.0193467335	0.0247032772	0.0353936359	-0.0337681425	-0.0078633081	-0.0256780966	0.0415337645	-0.0204869375	0.0431112704	-0.0382709209	0.0259988239	-0.0845452616	-0.0227690016	-0.0121770123	-0.0279619759	-0.0120821347	0.0025824545	0.0128512078	-0.0363804374	0.0120246117	-0.0379582422	0.0046309358	-0.0090097063	0.0164542903	-0.0409235941	0.0002428013	0.0156650228	-0.0202031197	-0.0369630777	-0.0280290663	-0.0046674863	-0.025687444	0.0600582969	0.0010226406	0.0076015241	0.0169466245	-0.0313245474	-0.0144301815	-0.0082787939	-0.0295793144	0.0315360923	-0.0132152704	0.0548609187	-0.0179509435	0.0142408237	-0.0046464074	0.0162197197	-0.0041201069	-0.0012040648	-0.0221396257	0.0191716442	-0.0039703333	-0.0555946583	0.0320484268	0.0063592355	0.0890153014	-0.0299481496	-0.0096452042	-0.044567625	0.0567492221	-0.0233906482	0.0409790862	0.0587379879	0.012740394	0.0070140968	-0.0217918076	0.0388359979	-0.0714454976	0.0625956553	0.019506531	-0.0139189663	0.0171229272	0.0144777006	0.0012227926	-0.054208323	0.0099701265	-0.0103826512	-0.0087162932	-0.0352917867	0.036081912	-0.0132012589	-0.0752002307	0.0164731146	0.0467196614	9.48452e-05	0.0151542066	0.0198430095	0.0090348442	-0.0258955852	-0.0220997842	0.0432815465	0.0301374636	0.0442983527	0.0254312457	-0.001037857	-0.004266985	0.013916107	0.0400981678	0.0117774691	-0.0477673854	-0.0095355188	0.0251116442	0.0319179136	0.0084263931	0.0155818108	-0.017228407	0.0060892456	-0.0309663138	0.0294560255	-0.007952375	0.0068897974	-0.000711297	-0.0028311913	0.0085486035	-0.0064091335	0.0383554943	0.020424249	0.007077469	-0.0412527025	-0.016214321	0.0121060923	-0.0056940005	-0.0301163932	0.0027795654	0.0013701636	0.0319259912	0.0258302158	-0.0217209896	-0.0487444668	-0.0297012967	0.0174115036	0.0480693164	0.0332985423	-0.0129414898	-0.046950984	-0.0365887872	0.0083521601	0.0453997805	0.0395416966	-0.0036858265	-0.0434300072	-0.0421300458	-0.0010144892	0.0410598248	0.044329971	0.0057054516	-0.0383110855	-0.0461211897	-0.0103438118	0.0352091317	0.0474871876	-0.0464117	0.0002889999999999	8.352099999999862e-08	0.00215404589689	-1.63769	-0.02123	2.6820285361	0.0004507129	-0.155199	0.0140949999999999	0.0001986690249999	0.024086729601	-0.0214447	-0.0003672	0.00045987515809	1.3483584000000114e-07	0.00411317	0.0	1.69181674489e-05	0.0	0.000692888	-0.000340772	4.80093780544e-07	1.1612555598400003e-07	0.0	0.0	0.0	0.0	0.0	0.0	0.0	0.0	0.0	0.0	0.0	0.0	0.0	0.0	0.0	0.0	0.0	0.0	0.0	0.0	0.0	0.0	0.0	0.0	0.0	0.0	0.0	0.0	0.0	0.0	0.0	0.0	0.0	0.0	0.0	0.0	0.0	0.0	0.0	0.0	0.0	0.0	0.0	0.0	0.0	0.0	0.0	0.0	0.0	0.0	0.0	0.0	0.0	0.0	0.0	0.0	0.0	0.0	0.0	0.0	0.0	0.0	0.0	0.0	0.0	0.0	0.0	0.0	0.0	0.0	0.0	0.0	0.0	0.0	0.0	0.0	0.0	0.0	0.0	0.0	0.0	0.0	0.0	0.0	0.0	0.0	0.0	0.0	0.0	0.0	0.0	0.0	0.0	0.0	0.0	0.0	0.0	0.0	0.0	0.0	0.0	0.0	0.0	0.0	0.0	0.0
53560.00359656722	7.444079789609532	2868673985.2642937	55.41432391407309	64907.50551782227	68.90094934082299	4212984272.546128	4747.340820066656	54320.20078276112	75.88812976003828	2950684213.079482	5759.008238476408	54441.5429836168	53913.805208756086	1.064068	24.376595	0.1673102999999999	0.101211	0.0085346552	0.0260781748	0.0496788199	0.0071634359	0.0165933357	-0.015453517	-0.0015083208	-0.024771313	0.0482635232	-0.0458308858	0.0471042216	-0.0033933793	-0.0390582602	0.0153974551	-0.0489690555	-0.0158278467	-0.0150171452	0.0509794833	0.0044682742	-0.0242591264	-0.0710275731	-0.0404799262	-0.0003146926	-0.000747705	0.0507404756	0.0090064503	-0.0099407226	-0.0445283019	0.0539497677	-0.0100679766	-0.0201357247	-0.0818598345	0.0593570136	0.0067135388	0.0077165966	-0.0759274484	-0.0546399132	0.0846380878	-0.0832312511	0.0137370467	0.0119112424	-0.0140808699	0.0046687017	-0.0276538237	-0.0797885538	0.0628184899	0.0237027201	-0.0609173727	0.0021894031	0.0566401758	-0.0164240957	-0.0029367926	0.0136823252	0.0236112828	0.0594450399	0.0265894777	-0.0108415933	0.0474605169	0.0042263037	-0.0412996278	0.0237356051	0.0158910755	0.0154751115	0.0047346202	-0.0328973625	0.0068516558	-0.010611937	-0.0191512298	0.0294184736	-0.0320504552	-0.026290053	-0.0459681298	-0.0434253376	0.0719461663	-0.0326173352	0.027846947	0.000933121	0.0047095916	-0.0052609208	-0.0049532617	-0.0076746106	0.0576703841	0.0603458554	0.0580210729	0.0022940788	-0.0257272224	0.0303892072	-0.0098506895	-0.0072588145	-0.0570407588	0.0064835624	0.0300741105	0.0582326897	-0.0154620672	-0.0046291143	-0.0228179541	0.0078839231	-0.022162569	-0.0019150298	-0.0460187965	-0.0053609257	0.0291815888	0.0301582966	-0.043608134	-0.0617624065	0.0310363742	0.0604943443	0.0302418999	-0.0271668984	0.0270202643	0.0191374155	-0.0469377303	0.0527810217	-0.0060620614	0.0231908325	0.0694082456	0.0417112479	0.0081211835	0.0183327027	-0.0476709929	-0.0079291501	0.0074297425	-0.0471285434	0.0425118777	-0.0083711726	-0.0026860239	-0.0824192824	0.0639619375	0.0067071402	0.0073789428	-0.0718766431	0.0512545025	0.092090564	-0.0846735138	-0.0242875265	-0.0109577166	0.0117192775	-0.0071371198	0.0069447716	0.0615862684	-0.0691844905	-0.0474767735	0.0715943685	0.0046905894	-0.0480415205	0.0140595364	-0.0088149256	0.0092546607	0.0499845175	-0.0477896555	-0.0101002834	-0.0200367093	0.0170296271	0.0319586211	0.0455145831	-0.0198311768	-0.0117899525	-0.0037317198	0.0307597013	-0.031538651	-0.0152869301	0.0063479617	0.015349076	-0.0299888926	-0.0173804781	0.0507475879	0.0522491189	-0.0282960681	0.0439179532	-0.0361431165	0.0128385521	0.0081708617	-0.0311421211	-0.0102007762	-0.0343494933	0.0240170276	0.0429352672	0.0534902846	0.0659968334	-0.0195906618	-0.0202006657	-0.0023818814	-0.030000864	-0.0311846009	-0.0206157918	0.058023393	0.0027651991	0.025271188	-0.0617144411	0.0104920998	-0.0174700176	0.0332657786	0.0211242947	-0.0184809976	0.0033960729	0.0314086136	-0.0398924888	-0.0039650157	-0.0266625516	-0.0435094529	-0.0754515111	0.0661290082	-0.0244856344	0.0013900911	-0.0098505968	-0.0246308825	-0.0438463986	0.00885515	0.0489381269	0.0120838074	0.0271002193	-0.0470252783	-0.0241309873	-0.0229804513	-0.0352244348	0.0082781408	-0.0683708995	0.0170765223	0.0351526305	-0.010459799	-0.0483060614	-0.0096626083	0.0572804004	-0.0183220968	-0.0622276662	0.0084227957	0.0333431149	0.002724137	-0.0242471888	0.0016177166	-0.0072220918	0.0582379533	0.0256733154	-0.0220510239	-0.0487944286	-0.0291112946	0.0182704248	0.0482683442	0.0323402795	-0.0143586597	-0.0473957345	-0.0353370889	0.0103438118	0.0461828639	0.0380802083	-0.0062547041	-0.0446384398	-0.0405499443	0.002120693	0.04277355	0.0427285664	0.0020285429	-0.0406015827	-0.044600434	-0.0061632156	0.0381381307	0.0461521087	-0.0438783	0.0025333999999999	6.418115559999991e-06	0.00192530521089	-1.70937	-0.0716799999999999	2.9219457969	0.0051380223999999	-0.100899	0.0543	0.00294849	0.010180608201	-0.0220493	-0.0006046	0.00048617163049	3.655411600000003e-07	0.00411317	0.0	1.69181674489e-05	0.0	0.0008642259999999	0.0001713379999998	7.468865790758271e-07	2.9356710243965725e-08	0.0	0.0	0.0	0.0	0.0	0.0	0.0	0.0	0.0	0.0	0.0	0.0	0.0	0.0	0.0	0.0	0.0	0.0	0.0	0.0	0.0	0.0	0.0	0.0	0.0	0.0	0.0	0.0	0.0	0.0	0.0	0.0	0.0	0.0	0.0	0.0	0.0	0.0	0.0	0.0	0.0	0.0	0.0	0.0	0.0	0.0	0.0	0.0	0.0	0.0	0.0	0.0	0.0	0.0	0.0	0.0	0.0	0.0	0.0	0.0	0.0	0.0	0.0	0.0	0.0	0.0	0.0	0.0	0.0	0.0	0.0	0.0	0.0	0.0	0.0	0.0	0.0	0.0	0.0	0.0	0.0	0.0	0.0	0.0	0.0	0.0	0.0	0.0	0.0	0.0	0.0	0.0	0.0	0.0	0.0	0.0	0.0	0.0	0.0	0.0	0.0	0.0	0.0	0.0	0.0	0.0
53595.60845296867	35.60485640144907	2872489245.443927	1267.7057993678088	64374.44986315918	-533.0556546630905	4144069795.184395	284148.33096829604	54277.457758477394	-42.74302428372903	2946042420.723298	1826.9661249194492	54393.44101413832	53593.82078144024	0.951684	21.802011	0.1240320500000001	0.0591506	0.0093859697	0.0304998695	0.047653735	0.0042539142	0.021957007	-0.0053508244	0.0159613151	-0.0148677027	0.0414925541	0.0023764211	-0.0226635507	0.0443036135	-0.0036518986	0.0025838859	-0.0051689439	-0.0068185679	0.0162005135	0.0769258213	-0.0023061922	-0.0351327805	0.006346185	-0.0101935594	-0.0239585036	0.0233889701	-0.0356281353	-0.0605017182	0.0020601595	0.0014971445	0.0814218999	-0.0416450282	0.0037018027	-0.0568348495	-0.0495758495	0.0446204474	0.0358927809	0.0274148629	0.0270774293	0.0379865449	-0.005149521	0.0447038918	-0.0487374094	-0.0729884827	0.0035563845	-0.0430881122	-0.0446939732	0.0099512135	0.006012676	0.002739078	-0.0398465952	-0.0440717088	-0.0060223296	0.0101344262	-0.0166605424	0.0057538378	0.0075360965	0.0467320072	0.0411468314	-0.0048744196	0.0024060917	0.0019793578	0.0298487683	-0.0135338154	-0.0089764491	-0.0174499963	0.0046499554	-0.0124829125	-0.0038588617	0.0496151466	0.0076183317	-0.0478334778	-0.023662858	0.0080079653	0.0005604199	0.0115758816	-0.056447454	-0.015009788	-0.0640784252	-0.017156039	-0.0241144279	-0.0826328611	-0.0143059044	0.0239246664	-0.0176274367	-0.0056972693	-0.0306475337	-0.0069389642	-0.0384530809	0.0743572383	0.0058932146	0.0046271688	0.0476528533	0.0047378739	-0.0109553696	0.0121060467	-0.0177020844	0.0188196676	0.0266275683	-0.0194491868	-0.0770653767	0.0145340384	0.0529532463	-0.0041333062	0.0294716436	0.0230972142	0.0259290241	-0.0126100925	-0.0127982282	0.0012460889	0.078058279	-0.0206466741	-0.0219895768	0.0416347783	0.0793463158	-0.0016773322	0.0359723481	-0.005787706	0.0078411333	0.0241600266	0.0113321651	0.0368532173	0.060033819	-0.0153894405	-0.0045273099	0.0852606783	-0.0363081874	0.0189846302	-0.0623393043	-0.0402881417	0.044786918	0.0295755397	0.0249164159	-0.0269941638	0.0339750022	-0.0032153074	-0.0443647395	0.0501188444	0.0725839252	-0.0448014872	-0.002625646	0.0432807376	-0.030500036	-0.0062622503	-0.0099738708	0.0267398983	0.0393062482	0.0047760662	0.0048135154	0.0220479099	0.0117246506	-0.0042467443	-0.0340506958	-0.0389337145	-0.0509959322	0.0037696436	-0.0214289543	-0.0279110181	0.0179368633	-0.0024332917	0.0183887527	0.010859743	0.0135231285	0.024261274	-0.0515593785	0.0007040513	-0.021257289	0.0331697415	-0.0137140475	0.0084751452	0.0003806179	-0.0575251819	0.0094212611	-0.059730027	-0.0275624109	0.0205249517	-0.0742530724	0.0115994944	0.0112922541	-0.0262967986	-0.0252307087	-0.0365987827	0.0191791681	-0.0360405443	-0.0537929856	0.0515286492	0.0489153118	0.0177609004	0.0175608849	-0.0070963933	0.0219806321	0.0252432961	0.0483435571	0.0122604918	-0.0357539715	-0.0440405513	0.0088295744	-0.0110852736	-0.0162852504	-0.0003556847	-0.0504839656	0.0131915791	0.0313841146	-0.0406629867	0.0609596955	0.0384083724	-0.0331889612	0.0002863187	0.0193447493	-0.005155169	0.0557230575	0.0163447029	0.0323270227	-0.0189022356	-0.0247910151	0.0344225306	-0.0235733921	-0.0215627856	0.0200660096	0.0019517038	-0.0388401783	-0.0216269689	-0.0437027247	-0.0241075942	0.0351469657	-0.0100058213	-0.0388865272	-0.0148982079	0.0249193557	0.0085987419	-0.019549982	-0.0038846067	0.0110126379	0.0428359839	0.0255160508	-0.0223798066	-0.0488381591	-0.0285146833	0.019122865	0.0484427166	0.0313595323	-0.0157627911	-0.0477860158	-0.0340352549	0.0123177063	0.0468715983	0.0365274207	-0.0088061905	-0.0457043959	-0.0388225891	0.0052471816	0.0442907033	0.0409083818	-0.0016598739	-0.0426381448	-0.04277355	-0.0019363856	0.0407556328	0.0444080345	-0.0462595	-0.0023812	5.67011344e-06	0.00213994134025	-1.68136	0.02801	2.8269714496	0.0007845601	-0.141831	-0.040932	0.001675428624	0.020116032561	-0.0222928	-0.0002435	0.00049696893184	5.9292250000000324e-08	0.00351431	-0.00059886	1.23503747761e-05	3.586332996000001e-07	0.000652409	-0.0002118169999999	4.2563750328100004e-07	4.4866441488957655e-08	0.0	0.0	0.0	0.0	0.0	0.0	0.0	0.0	0.0	0.0	0.0	0.0	0.0	0.0	0.0	0.0	0.0	0.0	0.0	0.0	0.0	0.0	0.0	0.0	0.0	0.0	0.0	0.0	0.0	0.0	0.0	0.0	0.0	0.0	0.0	0.0	0.0	0.0	0.0	0.0	0.0	0.0	0.0	0.0	0.0	0.0	0.0	0.0	0.0	0.0	0.0	0.0	0.0	0.0	0.0	0.0	0.0	0.0	0.0	0.0	0.0	0.0	0.0	0.0	0.0	0.0	0.0	0.0	0.0	0.0	0.0	0.0	0.0	0.0	0.0	0.0	0.0	0.0	0.0	0.0	0.0	0.0	0.0	0.0	0.0	0.0	0.0	0.0	0.0	0.0	0.0	0.0	0.0	0.0	0.0	0.0	0.0	0.0	0.0	0.0	0.0	0.0	0.0	0.0	0.0	0.0
53730.50349515111	134.8950421824411	2886967005.842446	18196.672405402565	64880.62505395508	506.1751907959042	4209495507.391904	256213.32377727	54364.571154950434	87.11339647303976	2955506596.8616686	7588.743845069015	54495.42773251665	53656.37906446581	0.996875	22.837286	0.1346222000000001	0.0633179	0.0082437554	0.0247354744	0.0470485432	0.0165035756	0.0273537554	0.0085535357	-0.0143887736	0.0254678967	0.0703411768	0.0137205925	-0.003914988	-0.0081321814	-0.0120051076	-0.018109867	-0.0379448351	-0.0471973563	-0.0684316105	0.047103372	0.0337507089	-0.0136175979	0.0096526968	-0.0120979125	0.0237897101	0.006677127	0.0423426188	-0.1062956194	-0.0630871405	-0.0223847524	-0.0715252417	0.0247353342	0.0132599805	0.0038274516	-0.1309346659	-0.0141005553	-0.0073243986	0.0600802913	0.0218563083	0.0029489998	-0.0272740927	0.0205973103	0.0306200983	0.0751582628	0.0263784025	-0.0074536351	0.0503238913	-0.0125316463	-0.0502912422	-0.0841451301	-0.0305918478	-0.0039917507	-0.0357491781	0.0110458144	-0.0385305654	-0.0268631171	-0.0557578635	0.1076971913	-0.03103995	0.0232295531	-0.0435531015	0.0047569964	-0.003248053	0.0400172791	0.0274365541	0.0225632219	-0.0719066982	0.0491315644	0.0233309727	-0.0289874953	0.0114573431	-0.0074128896	-0.0662593166	-0.0797256548	-0.0137706376	-0.0206776597	0.0475984183	-0.0349828844	-0.0214950481	-0.0120900777	0.0213035658	0.0284012744	-0.0064212055	0.0534781684	0.0006771342	0.0607276879	0.0036988481	0.000320613	-0.0007337565	0.0236793893	0.0056047058	-0.0009118021	-0.0027116367	0.0853132629	-0.0302611259	-0.025640321	0.0217739154	0.0004015061	0.004006734	0.0122856751	-0.0334385285	0.001104125	0.0022058541	-0.0468981798	-0.015474171	0.0282619612	0.0233630858	-0.0209233022	0.0068784545	0.0420218258	0.0006705413	-0.0386459614	-0.0133080732	0.0025830245	0.0459301884	-0.038056284	0.0150963272	-0.0080572731	0.0108690344	-0.0196272954	0.022193148	-0.0381788383	0.1056533511	0.0648039488	-0.0040572785	-0.0622714675	0.0095173209	0.0141411642	-0.0009673374	-0.1415268404	-0.0106676944	-0.0081905661	0.0551829557	-0.0165615297	-0.0058744196	-0.011857829	-0.0378969878	-0.0367470833	-0.0671841484	-0.0256374231	0.0424655799	-0.0497825467	0.0341471945	0.0194875967	0.0800106762	0.0449229857	0.0167996298	0.0307525308	-0.0163016547	0.0194397716	-0.0442647422	0.0408792979	-0.0632371132	-0.0981332351	0.0230450124	-0.0168652414	0.0066611494	0.0234292514	-0.0558897978	0.0003722203	0.0208459314	-0.064915147	-0.0610388354	-0.0236685126	0.0151834222	-0.0253293135	0.011507968	0.0687326752	0.0574733676	0.0270736204	-0.0440772665	0.0395805186	-0.0267218455	-0.0347708364	0.023286719	-0.0095548907	0.0009146192	0.0492386677	0.030410236	-0.0191373845	0.0626783937	-0.0066331607	-0.0050839961	-0.0066069156	-0.0499020639	-0.0010773877	-0.0275034556	-0.0181729112	0.0779034604	-0.0253506363	-0.0294313384	-0.0259443398	0.0088772505	0.0061221794	-0.0364736201	-0.0001067759	0.024187598	0.0068073402	0.0411409049	-0.0093027634	0.0049590092	-0.0076284215	0.0395250415	0.0063492181	0.0083480314	0.0495924581	0.0375162378	-0.0265320177	0.0156947911	0.0141117984	0.0511140249	0.0148589717	0.0284004271	-0.0566621937	-0.0307950379	-0.0301933163	0.013143998	-0.0032317027	-0.0319603567	-0.0267668741	0.0317410605	0.0115027107	-0.0371788612	0.0420542595	0.0490445084	0.027462639	-0.0552243686	-0.0189504791	0.0661355254	0.0110151526	-0.0246114842	0.0254409701	0.0030656324	0.0278131434	0.025358424	-0.022707319	-0.0488756528	-0.0279115985	0.0199685217	0.0485923444	0.0303569825	-0.0171526089	-0.0481213794	-0.0326851323	0.0142704553	0.0474645768	0.0348870569	-0.0113331913	-0.046624473	-0.0369542528	0.0083521601	0.0456043123	0.0388787369	-0.0053388741	-0.0444080345	-0.040653077	0.0023049702	0.0430402594	0.0422704209	-0.0463625	-0.0001029999999999	1.0608999999999781e-08	0.00214948140625	-1.71319	-0.03183	2.9350199761	0.0010131489	-0.1075	0.034331	0.001178617561	0.0115562499999999	-0.0213448	0.000948	0.00045560048704	8.987040000000018e-07	0.00383515	0.0003208399999999	1.4708375522499998e-05	1.0293830559999985e-07	0.0007507329999999	9.832399999990004e-05	5.636000372888498e-07	9.667608975980345e-09	0.0	0.0	0.0	0.0	0.0	0.0	0.0	0.0	0.0	0.0	0.0	0.0	0.0	0.0	0.0	0.0	0.0	0.0	0.0	0.0	0.0	0.0	0.0	0.0	0.0	0.0	0.0	0.0	0.0	0.0	0.0	0.0	0.0	0.0	0.0	0.0	0.0	0.0	0.0	0.0	0.0	0.0	0.0	0.0	0.0	0.0	0.0	0.0	0.0	0.0	0.0	0.0	0.0	0.0	0.0	0.0	0.0	0.0	0.0	0.0	0.0	0.0	0.0	0.0	0.0	0.0	0.0	0.0	0.0	0.0	0.0	0.0	0.0	0.0	0.0	0.0	0.0	0.0	0.0	0.0	0.0	0.0	0.0	0.0	0.0	0.0	0.0	0.0	0.0	0.0	0.0	0.0	0.0	0.0	0.0	0.0	0.0	0.0	0.0	0.0	0.0	0.0	0.0	0.0	0.0	0.0
53924.413645474975	193.9101503238635	2907842387.008288	37601.146398623336	65188.78522216797	308.1601682128894	4249577718.741945	94962.68927299629	54467.55947397848	102.98831902804524	2966715035.051383	10606.593856222422	54594.27846990961	54286.8034128957	1.027667	23.542698	0.1479120999999998	0.067406	0.0058660989	0.0312644028	0.0490548138	0.006139745	0.0461645289	-0.0066450478	-0.0214235378	0.01733042	0.0433340063	0.0178110271	0.0379220447	0.0892375118	-0.0348107893	0.0047330233	0.0121526836	0.0054528034	0.004630408	0.0268006518	0.0230598261	-0.0079777529	-0.0060911903	0.01785548	-0.0681014567	0.0290828094	0.0386988842	-0.0545458462	-0.0615825874	0.0196066158	-0.0696008888	-0.0508259071	0.0031501382	-0.0217634064	0.0352583515	-0.0336994232	-0.0482305378	-0.026930944	0.0031643943	-0.0402360903	-0.0308669015	0.0162725533	-0.022581198	0.0612032612	0.0126480522	-0.0346792348	0.0029319871	-0.0873697743	-0.0257107429	0.0298119676	0.0367812539	0.0286977169	-0.008035246	-0.0004222666	-0.0111592371	-0.029766495	-0.0480360615	0.0182344618	0.006567204	0.01951467	-0.0790970315	-0.0103825769	0.0230756152	-0.0547210247	-0.0744744173	0.0214915722	-0.0025713932	0.0700505693	-0.0980033686	-0.0434405252	-0.033161075	0.0082303056	-0.080017712	0.0363270856	-0.0135437838	0.0459084308	-0.0039371786	0.0684143273	-0.039369477	-0.032861415	0.0670336703	-0.039633722	0.0455849144	0.0410016994	0.0423210732	0.0175561296	-0.0195585617	0.0563162216	-0.0043771689	0.0223996398	-0.0690862082	-0.0523420548	-0.0270211536	0.0090853259	0.0538392407	-0.0003451238	-0.0129701677	-0.0510906648	-0.0404840428	0.018158479	0.0008035103	-0.0113974361	-0.0184734632	0.0148718605	0.0452764349	0.01250689	0.0261957875	-0.0044578419	0.0151980623	-0.02169273	-0.0316055729	-0.0292069563	0.0062938947	0.0103186848	0.0264204972	-0.0245299399	0.006359468	0.007488786	-0.0153524173	0.0752984914	0.022496798	-0.0177075349	0.0537805146	0.0677702446	0.0348260736	-0.0601063298	-0.0528092547	0.0049741064	-0.0172678912	0.0354208505	-0.038290959	-0.0466020197	-0.0271796315	0.0014607716	-0.0454226342	-0.0329822027	-0.018931182	0.015009136	-0.0577169635	-0.0400254159	0.0233053498	0.00980049	0.0659388702	0.0420495652	-0.0124612547	-0.0632484308	-0.0299204481	0.0110157868	0.0036365968	0.0135262566	-0.0188960254	0.0189881509	0.0127734727	-0.0766210239	-0.0013706123	-0.0581165259	0.0143726954	-0.0357094706	0.0596495198	0.0291872711	-0.053175847	-0.0003552098	-0.0824351188	0.0538318758	0.0746567805	0.0459667432	0.0179555474	0.0706653608	-0.0496063364	-0.0181533865	0.0468918713	-0.0172666604	0.064285771	-0.0161568408	0.0101932718	0.0645175811	-0.0273776697	0.0722083488	-0.0169716573	0.0400043882	0.0259018129	-0.0246142216	0.0595294482	-0.0176317845	-0.0248581843	-0.0596422674	0.0160234248	-0.0088398245	-0.018420717	0.0385074352	-0.0521031862	0.0168980803	-0.0849484924	0.0060722489	-0.0092857768	0.0089080858	0.0179351014	-0.0055937148	-0.0176175242	-0.0120500462	-0.035536148	0.0305729231	0.0037975606	0.0311725336	0.0001601068	-0.0026222956	0.034046723	0.0364958429	0.0069528678	0.0341447406	0.0594926535	0.020539171	0.0340314984	-0.0225557303	-0.0461088743	0.0437032359	-0.0271150542	0.0055422723	-0.0095582881	0.0057769449	-0.0292710691	0.0003911191	-0.0449297032	-0.0097694992	0.0516225657	-0.0082968406	-0.0070985021	0.0240022541	0.0126479158	0.0279234588	0.0124135155	-0.0126620942	-0.0299524004	0.0218390184	0.0252004375	-0.0230335427	-0.0489069049	-0.0273021769	0.0208070951	0.0487171511	0.0293333271	-0.0185268512	-0.04840144	-0.0312886365	0.0161987064	0.0479605879	0.0331630496	-0.0138286801	-0.0473957345	-0.0349517203	0.0114229	0.0467083402	0.0366500239	-0.0089875862	-0.0459001824	-0.0382535695	0.0065290352	0.0449733504	0.0397582112	-0.0624314	-0.0160688999999999	0.0002582095472099	0.00389767970596	-1.67927	0.0339199999999999	2.8199477329	0.0011505663999999	-0.146764	-0.039264	0.001541661696	0.021539671696	-0.0223305	-0.0009856999999999	0.00049865123025	9.716044899999982e-07	0.00366685	-0.0001682999999999	1.34457889225e-05	2.83248899999999e-08	0.0007699169999999	1.9184e-05	5.92772186888846e-07	3.6802585599999985e-10	0.0	0.0	0.0	0.0	0.0	0.0	0.0	0.0	0.0	0.0	0.0	0.0	0.0	0.0	0.0	0.0	0.0	0.0	0.0	0.0	0.0	0.0	0.0	0.0	0.0	0.0	0.0	0.0	0.0	0.0	0.0	0.0	0.0	0.0	0.0	0.0	0.0	0.0	0.0	0.0	0.0	0.0	0.0	0.0	0.0	0.0	0.0	0.0	0.0	0.0	0.0	0.0	0.0	0.0	0.0	0.0	0.0	0.0	0.0	0.0	0.0	0.0	0.0	0.0	0.0	0.0	0.0	0.0	0.0	0.0	0.0	0.0	0.0	0.0	0.0	0.0	0.0	0.0	0.0	0.0	0.0	0.0	0.0	0.0	0.0	0.0	0.0	0.0	0.0	0.0	0.0	0.0	0.0	0.0	0.0	0.0	0.0	0.0	0.0	0.0	0.0	0.0	0.0	0.0	0.0	0.0
53963.67720179771	39.26355632273771	2912078457.139822	1541.6268551087967	65654.39375195313	465.6085297851605	4310499418.936502	216791.30300869868	54546.09988893254	78.54041495406273	2975277013.0934067	6168.59678115636	54684.994339468365	54121.23988401735	1.188176	27.219776	0.1329496999999999	0.0777477	0.0051836696	0.0271282074	0.0353982749	0.0046566105	0.0344383115	0.0026006753	-0.0156416989	0.0097736468	0.0561744612	-0.009911234	0.0027228266	-0.0011539071	0.0007453129	0.0081615274	0.0859329561	0.0098977264	-0.0373028189	-0.0234203033	0.0474974717	0.016959556	0.0058490156	-0.0007012374	-0.0325683785	0.051371604	-0.0324839864	0.0090405768	-0.0776115275	-0.0088545346	0.0320444452	0.0052186378	-0.0393695598	0.0165382652	0.0124286233	0.009217308	0.0843546499	-0.0601142787	-0.0170556905	-0.0079158461	-0.0371070108	-0.0137657969	0.0317347961	0.0310260211	0.0019866611	-0.0254678128	-0.0615194442	-0.0106749602	0.0375264386	0.0188378863	-0.0030187305	0.005695787	-0.0348532634	-0.0024912249	0.0154228999	-0.0511937592	-0.0775110148	-0.0139770175	0.0684155187	0.0159464951	0.1018099294	0.0265260417	0.0011160341	0.0098922433	0.000321376	-0.0467209907	0.060038592	-0.0061331115	0.0132873737	-0.0045218382	0.0481604881	0.0487078852	0.0071190445	0.0077870103	0.0379186206	-0.0080683921	-0.0507610058	0.0079394624	0.0260171556	0.0175521085	-0.0713869843	-0.0173715863	0.0500298612	-0.0064033301	-0.0308491968	0.0105913062	0.0245608335	0.0105217643	-0.0317586737	0.0161808093	-0.0094684041	0.0643057092	0.0124598996	0.0321769181	-0.0279013849	-0.0620607598	-0.009665999	-0.0373426054	0.0423844106	-0.01837628	0.0011955402	-0.0231460776	-0.002728997	-0.0487902187	0.0131234093	-0.0176986658	0.027282366	-0.0496332533	-0.0080310631	0.0097627502	-0.0510573599	-0.013588724	-0.0018806317	-0.0373095479	-0.0260146188	-0.0451747234	-0.0204446034	-0.0026308356	-0.0004024179	0.0309508803	0.0270781626	0.0556721497	-0.0072667621	0.0780258702	-0.0143694596	0.0357792556	-0.0002140544	-0.0441771606	0.0118275007	0.0162402389	0.0196448699	0.0797799068	-0.0641338996	0.0145819335	-0.0021644608	-0.0316432899	0.0112391462	-0.0396877129	-0.0253246519	-0.0222146538	0.0022399208	0.0735946024	0.0028937053	-0.0203498386	-0.029229694	-0.0034787564	-0.0058846369	0.0286492576	-0.0388043664	-0.0218143318	-0.0625749073	0.0426487446	0.0534746547	-0.0023338798	-0.0484962128	0.0941160076	-0.0492890867	0.0047756752	0.0077672545	-0.0094730968	0.0275021138	0.0748834427	0.0104050804	-0.0095775806	6.18568e-05	-0.027311088	0.0364390667	-0.0473410106	-0.0110436666	0.0358185857	0.0069039969	-0.0572816794	0.0031150847	0.0393722143	-0.0224782945	-0.0446612395	-0.0502881828	0.0044250884	-0.0382047632	-0.0263295912	0.0040841738	0.0202696505	0.0002607236	-0.0008006127	0.0219159412	0.0308036672	0.0318636651	-0.0501979789	0.0447660386	-0.0681357183	-0.0293248726	0.011233672	-0.0159502387	0.0452092371	0.0026270611	0.002459033	-0.0031861122	0.0403303121	0.0373248785	0.0221497611	-0.0294228481	-0.0155347021	0.0548490214	0.0047183219	-0.0470297089	-0.0111978504	0.0497242733	-0.0321889148	-0.0024850587	-0.0159739411	0.049808029	0.0177597045	0.0215468284	-0.038312789	-0.0330870812	0.0008876765	0.0342548762	-0.0249828851	0.0328235657	-0.032481439	0.0142501833	0.018051287	-0.0172779503	0.0332818631	0.0378325368	-0.0281816038	-0.0237064048	-0.0213820111	0.0556129884	0.0504502754	0.0118558413	0.0266014397	-0.0029682014	-0.020457148	0.0250420933	-0.023358459	-0.0489319113	-0.026686557	0.0216382877	0.0488170731	0.0282892778	-0.0198842699	-0.0486258757	-0.0298477488	0.0180991493	0.0483586182	0.0313595323	-0.0162857183	-0.0480157186	-0.0328222635	0.0144468132	0.0475977133	0.0342336544	-0.0125853106	-0.047105256	-0.0355914973	0.0107041222	0.0465391172	0.0368936684	-0.0581077	0.0043237	1.869438169e-05	0.00337650479929	-1.70949	-0.0302199999999999	2.9223560601	0.0009132483999999	-0.155529	-0.0087649999999999	7.682522499999991e-05	0.024189269841	-0.0210149	0.0013156	0.0004416260220099	1.7308033600000003e-06	0.00403	0.0003631499999999	1.62409e-05	1.318779224999997e-07	0.000655847	-0.0001140699999999	4.30135287409e-07	1.3011964899977188e-08	0.0	0.0	0.0	0.0	0.0	0.0	0.0	0.0	0.0	0.0	0.0	0.0	0.0	0.0	0.0	0.0	0.0	0.0	0.0	0.0	0.0	0.0	0.0	0.0	0.0	0.0	0.0	0.0	0.0	0.0	0.0	0.0	0.0	0.0	0.0	0.0	0.0	0.0	0.0	0.0	0.0	0.0	0.0	0.0	0.0	0.0	0.0	0.0	0.0	0.0	0.0	0.0	0.0	0.0	0.0	0.0	0.0	0.0	0.0	0.0	0.0	0.0	0.0	0.0	0.0	0.0	0.0	0.0	0.0	0.0	0.0	0.0	0.0	0.0	0.0	0.0	0.0	0.0	0.0	0.0	0.0	0.0	0.0	0.0	0.0	0.0	0.0	0.0	0.0	0.0	0.0	0.0	0.0	0.0	0.0	0.0	0.0	0.0	0.0	0.0	0.0	0.0	0.0	0.0	0.0	0.0
53893.80730765037	-69.86989414734126	2904542466.1141486	4881.802108160672	65467.04589135742	-187.34786059571343	4285934097.7410975	35099.22086979087	54596.44676128808	50.34687235554157	2980771998.958164	2534.8075559851954	54732.13470615783	54557.08714710583	1.185062	27.148441	0.1366548499999999	0.0830647	0.0050050703	0.0369923294	0.0545283693	0.0018092297	0.036334179	-0.0235580286	0.0190294154	-0.04511694	0.0223392032	0.0252721395	0.0578415415	0.0508005987	-0.0495596937	0.0219907686	0.0414726387	-0.0077993199	-0.0291285867	-0.0322216776	0.0250120066	0.0686192669	-0.0421710029	0.0915187118	-0.0054351487	-0.0230647309	0.0098020685	-0.0611614238	-0.0412512089	-0.0772143246	0.0126384132	-0.0306472166	-0.0201124371	0.0321172492	-0.0392265458	-0.0058830294	0.0112206339	-0.0199446355	0.0451445815	-0.0426016645	-0.0129161597	0.0657180137	-0.0277669016	-0.0243371332	0.0066872644	-0.0258845061	-0.0041671226	-0.00116562	-0.033921162	-0.065325189	0.0069464021	-0.0180660998	-0.051156025	0.074807643	0.0144166889	0.0603590129	0.0105228837	0.0143000818	-0.0618447166	0.0332632946	0.0431864376	-0.0297336939	0.0106047339	-0.0011833494	-0.0345411206	-0.0336053635	0.0805083593	0.0263785586	-0.0010575228	0.0407645247	-0.0141034177	0.0438029047	-0.0210537059	-0.0391019004	-0.0354417045	0.0032021874	0.0519466913	0.0048417283	-0.0123830777	-0.010584025	0.0211185663	-0.0265833102	-0.0036810656	-0.0268450351	0.0237466889	0.0480246155	-0.0364980861	-0.0025864532	-0.0061766251	-0.0020230168	0.0406865049	0.0004124513	-0.008676208	0.0023519084	-0.0439456255	-0.0447073715	-0.0112824169	0.0036307973	-0.009693211	-0.0436759686	0.0024510319	0.0022582016	-0.034284921	0.0250378591	0.0256295195	0.0140685519	0.0335299605	-0.0023074721	-0.0345176693	-0.106057774	0.0349212312	0.0002155119	0.017659394	0.0175612998	-0.0356626917	-0.0201962385	-0.0701354522	0.0407439693	-0.0875934486	0.0097057394	-0.0165087875	-0.0279907863	0.0630362671	0.035367838	-0.0742387564	0.0153752658	-0.0410131858	-0.0176317703	0.0211593552	-0.0457014205	-0.0011341097	0.0085706499	-0.0204204293	-0.0357162527	-0.0499679526	-0.0169313383	-0.0720402017	0.0321096789	0.0268654704	-0.0199899935	0.0082319233	-0.0015382732	-0.0066539151	0.0129716939	0.0649302822	-0.0023622864	0.0382066267	0.0150132453	-0.0753399769	0.0483990456	0.0647193389	0.0075632316	-0.0231935485	0.0008040235	0.0606203737	0.0434159794	0.0246141957	-0.0043712405	0.023672282	0.022160425	0.0158064628	0.0838159691	-0.0110952591	-0.0034385787	-0.0187519932	0.0319797386	0.0517898596	0.0229443077	0.0401942602	-0.0223432221	-0.0042176889	0.0419390494	-0.0066439236	-0.0083230772	0.0030137476	0.0481751997	-0.0150594557	-0.0164478877	-0.0254416484	0.0108308249	0.0395719111	-0.0423683469	-0.0084965861	0.002916264	-0.0089509513	0.0222673207	-0.0468847434	-0.0187519792	0.0028137772	-0.0512009681	0.0058259014	0.0038077254	-0.0184582337	-0.0181728983	0.0366349084	-0.0057983923	0.0337236454	0.0087188986	-0.0233905915	0.0001781789	-0.0047849113	0.0385802593	0.0342951515	-0.0552787757	0.0432122358	-0.0729804347	-0.0058918678	-0.0027412812	0.0111788029	-0.0366525791	0.0613272262	0.0112614232	0.0325726662	-0.0155600422	-0.0377803689	0.018868555	-0.0170432594	0.0031406799	-0.0379199074	0.00905507	0.005080937	0.0028995996	-0.0361170589	-0.0217842372	0.0370894172	0.0449372975	0.0302782995	0.0395210042	-0.0071110064	0.0621696841	0.0449925493	-0.030127667	-0.0377738043	-0.0131909795	0.0248833938	-0.0236820496	-0.0489506689	-0.0260648785	0.0224618045	0.0488920593	0.0272255606	-0.0212236325	-0.0487944286	-0.0283645137	0.0199685217	0.0486578547	0.0294808289	-0.018697474	-0.0484824465	-0.0305736153	0.0174115036	0.0482683442	0.0316420006	-0.016111637	-0.0480157186	-0.0326851323	0.0147989116	0.0477247713	0.0337021777	-0.0623636	-0.0042559	1.811268481e-05	0.00388921860496	-1.65533	0.0541599999999999	2.7401174089	0.0029333055999999	-0.151995	0.003534	1.2489156000000066e-05	0.0231024800249999	-0.0222406	-0.0012256999999999	0.00049464428836	1.5023404899999993e-06	0.0037622	-0.0002677999999999	1.415414884e-05	7.171683999999994e-08	0.000656446	5.989999999999988e-07	4.30921350916e-07	3.588009999999986e-13	0.0	0.0	0.0	0.0	0.0	0.0	0.0	0.0	0.0	0.0	0.0	0.0	0.0	0.0	0.0	0.0	0.0	0.0	0.0	0.0	0.0	0.0	0.0	0.0	0.0	0.0	0.0	0.0	0.0	0.0	0.0	0.0	0.0	0.0	0.0	0.0	0.0	0.0	0.0	0.0	0.0	0.0	0.0	0.0	0.0	0.0	0.0	0.0	0.0	0.0	0.0	0.0	0.0	0.0	0.0	0.0	0.0	0.0	0.0	0.0	0.0	0.0	0.0	0.0	0.0	0.0	0.0	0.0	0.0	0.0	0.0	0.0	0.0	0.0	0.0	0.0	0.0	0.0	0.0	0.0	0.0	0.0	0.0	0.0	0.0	0.0	0.0	0.0	0.0	0.0	0.0	0.0	0.0	0.0	0.0	0.0	0.0	0.0	0.0	0.0	0.0	0.0	0.0	0.0	0.0	0.0
53760.81394298425	-132.99336466612294	2890225115.8121696	17687.23504521636	65075.173795594696	-391.8720957627229	4234778244.526855	153563.73943746867	54461.73184387089	-134.71491741719365	2966080235.433701	18148.108974721305	54608.599384514746	53680.73806501116	1.034579	23.701035	0.10060835	0.0607479	0.0086717543	0.0334025409	0.0487287564	0.0070406129	0.0083058754	-0.0010318039	0.0411433884	0.0062569566	0.0323735194	-0.0063241003	0.0251011879	-0.0050878489	-0.0105167708	0.0139124296	0.1027327255	0.0015055159	-0.0123673821	-0.0100563959	0.0378329484	0.073569767	0.0069096318	-0.0070114969	0.0068215894	0.0352695405	-0.0503017258	-0.068801962	-0.0572088231	0.0115381829	-0.0272910911	-0.0050774325	-0.0401243209	0.0085593184	0.0181690479	-0.030584409	-0.0037906173	-0.064480334	0.0131002188	-0.0211289679	-0.0021051826	0.0002374918	0.0428591591	0.0430101029	-0.0143493351	0.0540456178	-0.0246518431	0.0059853689	-0.0461459684	0.013021848	-0.0448551436	-0.0101641693	0.0277552669	-0.0193626094	-0.0088382445	0.0259796262	0.0182507555	0.0261984967	0.0158534817	-0.0305162095	-0.0125126426	0.0044265496	0.0264765506	0.0236069521	0.0100066567	0.0057337208	0.0022522966	-0.0512424901	-0.0065903347	-0.0007249624	0.0096444081	0.0263377727	0.0641393126	-0.003755236	0.0297393941	0.049525557	-0.0180674483	0.0188518613	-0.0464694234	-0.0470174817	-0.0127883949	-0.014862492	0.0613146506	0.0705712792	-0.038389189	-0.0076806283	0.0357684779	-0.0609364884	-0.0432853754	0.0236353102	0.0297258376	-0.0342531168	0.0219516329	0.0237121553	0.0065569761	0.0336569734	0.0877224799	0.0185172082	0.0194820212	-0.0165067055	0.0025651786	0.0400709833	0.0562887754	0.0258224506	-0.0206103585	0.0485032149	0.0505468377	0.0002247564	0.0387657175	0.0015735693	-0.0407474689	-0.0694359441	-0.080791679	0.0300483992	-0.0147100898	-0.0337037781	-0.0764809462	-0.006066106	0.0063461528	-0.0136421898	0.0105160013	0.0614559315	0.0701100597	0.058138208	0.0147702049	-0.017276082	-0.0102677251	-0.0430095014	0.0061761347	0.0137795218	-0.0253831654	-0.0038431492	-0.0655827603	-0.0143576653	-0.0184626247	-0.0054267715	-0.0021486724	-0.0404233621	-0.0377436011	0.0449400906	-0.0162604204	0.0179372868	0.0085976331	0.0477012404	0.0072896028	0.0585341588	0.0020117294	-0.0151694711	0.0343222495	-0.0074464201	0.0243572693	-0.0004975688	-0.0352463419	0.0027804897	-0.0263165436	-0.0120500993	-0.0221769499	-0.0245626088	-0.0301102829	0.005438914	0.0039802051	0.0033686042	0.0419267739	0.0084983839	0.0052067515	-0.0241113258	0.0123854273	-0.0652961649	0.0057396577	-0.0111373692	0.0548502355	-0.0132535576	0.0281630078	-0.0517641234	0.0374561495	-0.0307887118	-0.0493414678	0.091580444	0.0002952701	-0.040230439	-0.0090467259	0.0330457349	-0.0392663014	-0.0508757468	-0.0359682287	0.0373919425	0.0033578927	0.0447097768	0.0189044566	0.0414531778	0.0230765884	-0.0904838643	0.0455869223	0.0286178786	0.004687979	-0.0350428513	-0.0341454161	-0.0310664309	-0.0061952632	-0.0340482324	0.0215124103	0.05273768	0.0270484652	0.0420676799	0.0136847613	0.0246589926	0.0627265428	0.0024762614	0.0944292363	0.0286503284	0.0605965011	0.0103790125	0.0277374034	-0.022585788	-0.016197301	0.005615659	0.0185004888	-0.0427988142	0.0142925919	-0.0072726091	-0.0095104182	-0.0110531846	-0.0357736625	-0.0089199457	0.0165922215	-0.0509189833	0.0099569595	0.0079460186	0.0083347446	0.0591782179	0.0244548859	-0.0134298439	-0.0447603079	-0.0309341453	0.0247243413	-0.024004296	-0.0489631754	-0.0254372825	0.0232773535	0.0489420714	0.0261429148	-0.0225437227	-0.0489069049	-0.0268410355	0.0218036145	0.0488576859	0.0275314438	-0.0210572413	-0.0487944286	-0.0282139416	0.0203048178	0.0487171511	0.0288883326	-0.0195465601	-0.0486258757	-0.0295544231	0.018782686	0.0485206286	0.0302120217	-0.0623064	5.720000000000031e-05	3.271840000000035e-09	0.00388208748096	-1.69235	-0.03702	2.8640485225	0.0013704804	-0.147118	0.0048769999999999	2.3785128999999925e-05	0.021643705924	-0.0212708	0.0009697999999999	0.0004524469326399	9.405120399999996e-07	0.00359602	-0.0001661799999999	1.29313598404e-05	2.7615792399999905e-08	0.000619343	-3.710300000000003e-05	3.8358575164899993e-07	1.376632609000002e-09	0.0	0.0	0.0	0.0	0.0	0.0	0.0	0.0	0.0	0.0	0.0	0.0	0.0	0.0	0.0	0.0	0.0	0.0	0.0	0.0	0.0	0.0	0.0	0.0	0.0	0.0	0.0	0.0	0.0	0.0	0.0	0.0	0.0	0.0	0.0	0.0	0.0	0.0	0.0	0.0	0.0	0.0	0.0	0.0	0.0	0.0	0.0	0.0	0.0	0.0	0.0	0.0	0.0	0.0	0.0	0.0	0.0	0.0	0.0	0.0	0.0	0.0	0.0	0.0	0.0	0.0	0.0	0.0	0.0	0.0	0.0	0.0	0.0	0.0	0.0	0.0	0.0	0.0	0.0	0.0	0.0	0.0	0.0	0.0	0.0	0.0	0.0	0.0	0.0	0.0	0.0	0.0	0.0	0.0	0.0	0.0	0.0	0.0	0.0	0.0	0.0	0.0	0.0	0.0	0.0	0.0
53722.65573506132	-38.15820792292652	2886123739.227917	1456.0488318892924	65124.815456420896	49.64166082620068	4241241588.232878	2464.294489583547	54563.346099794486	101.61425592359592	2977158737.605958	10325.457006906048	54708.715523905805	54304.11772742333	1.004863	23.020275	0.05464445	0.0277023	0.0071363399	0.037786094	0.0585881861	0.009959683	0.0058260909	0.0045907246	0.051847737	0.0359212627	0.0170881108	0.0308331073	0.0687439846	0.0111083287	-0.0357273366	0.0186630595	0.0335712977	-0.0146896935	-0.0619324326	-0.0269133984	0.0678602942	0.025240991	0.0237567568	0.0279796893	0.0203841024	-0.0719220292	-0.0057508157	-0.0355088826	-0.0627412695	-0.0585679059	0.0179449616	0.0203174169	-0.0073285363	0.0308074283	-0.0566830985	0.0424389373	0.0225332785	-0.0160107958	0.0013215224	-0.0080536329	-0.0378134695	-0.0320737466	-0.0269358512	-0.0361631464	0.0203263761	0.0113986679	-0.0047532412	0.0719736813	0.0010007686	0.0016367365	-0.0290690331	-0.0060014549	0.0059084284	-0.0201900414	0.0070261404	0.0157497077	-0.0246337485	-0.0186475679	-0.0291825495	0.0229288843	-0.0104681002	-0.0220032727	-0.0287610092	-0.0172060043	-0.0267134422	0.0378143072	-0.00126827	-0.026320257	-0.0380778367	0.0022955117	-0.0156948107	-0.0198418113	-0.0217664138	-0.031954074	0.0093413013	0.0008054792	0.0143461567	0.0386505873	-0.0281738669	0.0027727869	0.0683844141	0.0246670835	0.0080089213	-0.013365182	0.0275480752	-0.0547020285	0.0264521066	0.018930703	-0.0147080679	0.0314865228	0.0056425305	0.0108984211	-0.0027808939	-0.0161831322	-0.0175895855	-0.0440813798	0.0163504584	0.0062891938	0.0381491732	0.0289592448	0.0143234325	0.0043062949	-0.0124799517	0.0208595654	0.0108288109	0.0136949782	0.0490251279	-0.0088080128	0.0510970984	-0.0019350831	0.0189435445	0.0115319515	0.0004556601	0.0358128751	-0.0314163292	-0.0666595169	-0.0284247778	-0.0219990266	-0.0295649759	-0.0260484902	-0.0650063428	-0.0238603884	0.0333933389	0.0576993097	-0.0559961815	0.0234265595	0.0074110559	-0.0060824361	0.0245625175	-0.0659001598	0.0481911639	0.0190947393	-0.0151260606	0.0012454841	-0.0032535359	-0.0408157293	0.0288781267	0.0257211788	0.0221564236	0.0155459942	0.0139612895	-0.0078315846	-0.0691169556	-0.0130193979	-0.0045637279	0.0451399791	0.0049443327	-0.0086303379	0.0077096405	-0.0145244959	0.0137962545	0.0195061928	0.0237360841	-0.0142368168	0.0409334378	-0.0028947313	0.035389174	0.0104292691	0.0119872769	0.0163618278	-0.0459390212	-0.0086189491	0.0238143566	0.0357281723	0.0128370525	0.0203818947	-0.0038369328	0.0310893347	0.0267436995	0.0166535118	0.0109286651	0.0116876925	0.0472875732	-0.02053358	0.0122359742	0.0396165056	0.0454271458	0.0138907159	-0.0070880331	0.0353492205	-0.034182359	0.0500977882	0.0176185695	0.0015381412	-0.0285841404	0.0194852502	-0.0003812559	-0.0310839621	-0.0146676243	-0.0525881554	-0.0074358122	-0.006468925	0.0069542697	0.0241120915	0.0113635527	0.0469274485	-0.0011577589	-0.0037001444	-0.0266468966	0.0106894467	-0.0065292657	0.0362179528	0.0183449487	0.0364237968	0.043572213	0.0300315831	-0.0188348551	0.0201691725	0.0215753343	0.0251857236	0.0625462706	0.0120424633	0.0259383651	-0.0280206893	-0.0275764705	-0.0087842622	-0.0309009228	-0.0299803217	-0.0621879039	-0.0041107816	-4.82117e-05	-0.0239824016	-0.0281355557	0.0582364958	0.03276843	0.0180379893	-0.0140361171	0.0172772344	0.0285110798	0.0832570491	0.0199350793	-0.0050511176	-0.0303128395	-0.0536602389	0.0245649379	-0.02432518	-0.048969429	-0.0248039116	0.0240846454	0.0489670838	0.0250420933	-0.0238433419	-0.0489631754	-0.0252794756	0.0236012772	0.0489577037	0.0255160508	-0.023358459	-0.0489506689	-0.0257518113	0.0231148951	0.0489420714	0.0259867497	-0.0228705931	-0.0489319113	-0.0262208584	0.022625561	0.048920189	0.02645413	-0.0550335	0.0072728999999999	5.289507440999999e-05	0.00302868612225	-1.69763	-0.0052799999999999	2.8819476169	2.787839999999949e-05	-0.126019	0.021099	0.000445167801	0.0158807883609999	-0.0211716	9.920000000000068e-05	0.0004482366465599	9.840640000000134e-09	0.00391175	0.00031573	1.5301788062500003e-05	9.968543290000013e-08	0.000614422	-4.920999999999962e-06	3.77514394084e-07	2.4216240999999625e-11	0.0	0.0	0.0	0.0	0.0	0.0	0.0	0.0	0.0	0.0	0.0	0.0	0.0	0.0	0.0	0.0	0.0	0.0	0.0	0.0	0.0	0.0	0.0	0.0	0.0	0.0	0.0	0.0	0.0	0.0	0.0	0.0	0.0	0.0	0.0	0.0	0.0	0.0	0.0	0.0	0.0	0.0	0.0	0.0	0.0	0.0	0.0	0.0	0.0	0.0	0.0	0.0	0.0	0.0	0.0	0.0	0.0	0.0	0.0	0.0	0.0	0.0	0.0	0.0	0.0	0.0	0.0	0.0	0.0	0.0	0.0	0.0	0.0	0.0	0.0	0.0	0.0	0.0	0.0	0.0	0.0	0.0	0.0	0.0	0.0	0.0	0.0	0.0	0.0	0.0	0.0	0.0	0.0	0.0	0.0	0.0	0.0	0.0	0.0	0.0	0.0	0.0	0.0	0.0	0.0	0.0
53640.537132932695	-82.11860212862666	2877307223.909531	6743.464815559687	64996.94861962891	-127.86683679198904	4224603329.86268	16349.927951189164	54440.39838838854	-122.9477114059482	2963756976.686457	15116.139739960328	54584.47849518316	53407.98514832336	1.124092	25.751675	0.0869108499999999	0.0500273	0.0122580981	0.0393879006	0.0511848881	-0.0065446485	-0.0332964484	-0.016039741	0.0820050662	-0.0488886308	0.0195093951	0.0333744127	0.0198288997	0.0121064154	-0.0178968788	0.0104274835	0.0483320665	-0.0026935707	-0.0169704308	0.0229845606	-0.0072834835	0.0440687777	-0.0471888006	0.0686879595	0.0028964703	-0.0252455812	-0.0366531733	-0.0476416235	-0.0316726604	0.0128615133	0.040022591	0.0546841568	0.0515767176	-0.0022684475	0.0279960247	-0.0400612859	-0.0105702092	0.0187975442	0.0403213515	-0.0194537837	-0.0293589762	0.0012656046	-0.017024524	0.0144238316	-0.0395669773	-0.0065120117	0.0221476085	-0.0109983806	0.052596069	-0.0152793261	0.0259930302	-0.0038933132	0.0681116976	-0.0242789289	-0.0417517059	0.0135973219	0.0329665607	-0.0547927262	0.0149388012	0.0119149966	0.0112947967	-0.0501874089	0.044223619	-0.0043759794	-0.0652349928	0.0051367995	0.0429723022	0.015163312	-0.0489152129	0.0195771299	0.0385114665	0.0427920281	0.0253431232	-0.0648887059	0.0121474429	0.0195924277	0.0322601881	-0.1134851733	-0.0356414497	0.0056908285	-0.0239354747	0.0166008471	-0.0953958577	0.0219605545	-0.0021994565	-0.0052120111	-0.0215098646	0.025385681	0.0526006179	0.0214659807	-0.0272716356	0.0447564705	0.0151538252	-0.0560648254	0.0271375171	0.0091316798	0.0096309764	-0.0160097613	0.0716303949	-0.0055974044	-0.0458869438	0.0617068076	-0.0043227155	0.0198256805	-0.0162476124	-0.0395549192	-0.0211160802	0.0068568936	0.0222871084	0.0081189639	-0.0094035952	-0.0188430465	0.0141539896	0.0241939219	0.0212206317	0.0128703157	-0.0502075671	0.0465891726	-0.0660984874	-0.0096328256	-0.0391948124	0.0234978418	0.0481243885	0.0281455005	0.0045205566	0.0403402995	0.0606508238	0.0382801233	0.0068994169	0.0237109545	-0.0445979382	-0.0025133727	0.0254318593	-0.0378415828	-0.0190367766	-0.0321286418	-0.0087697184	0.0117047253	-0.0251807202	-0.0051400461	-0.0366386155	-0.0193926498	0.0084015418	-0.0594110505	0.0009720116	-0.0381550851	0.0102927448	-0.0356513492	0.0764843223	0.0180906536	0.0128194611	-0.0102523333	0.0281680368	0.0406751604	-0.0011514647	0.0170270071	0.0370052196	-0.0629544129	0.0421043336	0.0484635238	-0.0125836743	0.0475399059	-0.0115248805	0.0411007784	0.0044052163	-0.0126116951	0.0577663924	-0.0199809792	0.0584360592	0.0310481125	0.0127198153	0.0281384073	-0.102606607	-0.0701111592	-0.0251133684	-0.010215548	0.0067018992	-0.0454221266	0.0839157385	-0.0041558643	-0.0047700003	-0.0356298808	0.0199743356	0.0534869177	0.0106821744	-0.0118898579	0.0578085464	-0.0178857715	-0.0311880989	-0.0009612127	0.0108507037	0.019381721	0.0489621393	0.0755248815	0.0038345568	-0.0027720293	0.0213813662	-0.0598007449	-0.0227650179	0.0246054046	0.0016861706	-0.0377484424	-0.0285759681	0.0140880142	0.0171470859	0.0215657368	0.0147906868	0.0396062307	0.0028076479	-0.0012256243	0.0590348423	0.0096964345	0.0225029675	0.0033847066	0.0007213136	0.0095354039	-0.0209559422	-0.0596176858	-0.0123314529	0.0030940456	-0.0040037535	-0.0267728176	-0.0436508146	-0.0396337366	0.0156309496	0.0383579245	-0.0030883522	0.0147133344	-0.007611266	0.064432463	0.0103037603	-0.0399865358	-0.053274555	-0.0195563225	0.0244051859	-0.0246446833	-0.048969429	-0.0241649094	0.0248833938	0.0489670838	0.0239238614	-0.0251213099	-0.0489631754	-0.0236820496	0.025358424	0.0489577037	0.0234394817	-0.0255947285	-0.0489506689	-0.0231961654	0.0258302158	0.0489420714	0.0229521086	-0.0260648785	-0.0489319113	-0.022707319	0.026298709	0.048920189	0.0224618045	-0.062445	-0.0074115	5.493033225000002e-05	0.003899378025	-1.6956	0.0020299999999999	2.87505936	4.120899999999903e-06	-0.167266	-0.041247	0.001701315009	0.027977914756	-0.0209273	0.0002442999999999	0.0004379518852899	5.968248999999969e-08	0.00359602	-0.00031573	1.29313598404e-05	9.968543290000013e-08	0.000778839	0.000164417	6.06590187921e-07	2.7032949889000013e-08	0.0	0.0	0.0	0.0	0.0	0.0	0.0	0.0	0.0	0.0	0.0	0.0	0.0	0.0	0.0	0.0	0.0	0.0	0.0	0.0	0.0	0.0	0.0	0.0	0.0	0.0	0.0	0.0	0.0	0.0	0.0	0.0	0.0	0.0	0.0	0.0	0.0	0.0	0.0	0.0	0.0	0.0	0.0	0.0	0.0	0.0	0.0	0.0	0.0	0.0	0.0	0.0	0.0	0.0	0.0	0.0	0.0	0.0	0.0	0.0	0.0	0.0	0.0	0.0	0.0	0.0	0.0	0.0	0.0	0.0	0.0	0.0	0.0	0.0	0.0	0.0	0.0	0.0	0.0	0.0	0.0	0.0	0.0	0.0	0.0	0.0	0.0	0.0	0.0	0.0	0.0	0.0	0.0	0.0	0.0	0.0	0.0	0.0	0.0	0.0	0.0	0.0	0.0	0.0	0.0	0.0
53611.296293210406	-29.24083972228982	2874171090.238396	855.0267076646422	64765.086657226566	-231.8619624023413	4194516449.718066	53759.969609064734	54432.88803342602	-7.510354962520068	2962939299.659493	56.40543166304982	54576.61781933872	53068.399958781454	0.913158	20.919418	0.0855700499999999	0.0461697	0.0114573457	0.0356668183	0.0528530445	0.0021603759	-0.0345588966	-0.0057985068	0.0590849259	0.0253385058	0.0352063166	-0.0322977213	0.0028872942	-0.0254714635	0.0026628101	0.0132896792	0.0034602766	-0.0066917854	-0.0437574295	0.0083215083	0.0206016777	0.0238901138	-0.0360148277	-0.0373548505	0.0399790144	0.0040273504	-0.0130830344	0.0125796126	-0.0592128454	0.0060195106	0.0609796805	-0.039137405	-0.0129715714	-0.0172265864	-0.0128124973	-0.0066943936	0.0497659215	-0.020214193	-0.0193027524	-0.0009732034	-0.0010350813	0.0220122613	0.0387206176	-0.0349712234	0.022325106	-0.013023243	-0.0137828245	0.004788696	0.0091877307	0.0001427608	-0.0426413563	-0.0128111029	-0.0196517796	-0.0549186417	0.0253642964	-0.0347752643	0.0165703179	0.0008560395	0.0396094863	-0.043768552	0.051818124	0.0583576551	0.0561039804	0.0268744813	-0.0134209255	0.0046618706	-0.0155775123	0.0178404108	-0.0128507753	-0.0264672444	0.0285593507	0.0571737319	0.0077108768	-0.0587417434	0.0022187362	-0.0402213862	0.0042589494	-0.0830473853	-0.0039571688	-0.0082458809	0.0403096887	-0.0224334276	0.0315554581	-0.0266001237	0.0243115734	-0.0340809029	-0.0304039814	-0.019570903	0.0124777968	0.0209777419	-0.0348020115	0.035187924	-0.0175583386	-0.0078936227	0.0576811478	-0.0215673488	-0.0078847863	-0.0060052682	0.032562191	-0.0291586845	-0.0032345406	-0.0208182123	-0.000404841	-0.0295303762	-0.0267271379	-0.0685483538	-0.0169522729	-0.0091338487	0.0183611386	-0.0364638571	-0.0076153768	-0.0230131216	0.0225206677	0.0178598539	0.0064130867	-0.0195882833	-0.0248964085	0.0356721503	0.0366887639	-0.0444139025	0.0040545052	0.0114965623	-0.0133099786	0.0519323636	0.0012595998	0.0665219544	-0.0337869194	-0.0025827425	-0.0233908565	-0.0046048908	0.0011210715	0.0467693125	-0.025491912	0.0195509577	0.0005095652	0.0050856883	-0.0222562546	-0.0354459131	0.0455288547	-0.0120426317	0.0173191428	0.0210744706	-0.0017685553	-0.0081698786	-0.0167456172	0.0504827233	0.0104232152	0.0312883626	0.0085165652	-0.0573471324	-0.0273686259	-0.0233495644	-0.0055507503	0.028115844	-0.0498287702	0.034362836	-0.0698910806	-0.033125706	-0.0129355183	0.0316125198	0.0052157754	-0.0155076442	-0.0181112821	-0.0023753447	0.039188293	-0.0116941374	0.0499698671	-0.0210567675	0.0519506639	0.0290452669	-0.0477825061	0.0036775271	-0.0796443424	-0.0194229798	-0.0027722659	0.0374388532	0.0052639998	0.0192279498	-0.0393303565	0.0499507873	-0.0334362092	-0.0127358364	-0.0142029471	0.0061294224	-0.0054542631	-0.0149420409	0.0425593356	-0.0349012307	-0.0213284407	0.0021783977	-0.0491992511	0.0254529086	0.0356868625	0.0238823705	0.0100339939	-0.0286421925	-0.0032681147	0.0336088254	0.009236728	0.069737591	0.0108146007	-0.0294469618	-0.0170793338	0.0100590941	0.0153510451	-0.0257247022	0.0317683751	0.0153600114	-0.001842386	-0.0066180567	0.0553301673	0.0062362876	0.0199359304	-0.0189054141	-0.0102136553	-0.0154911939	-0.0144661398	-0.0512945824	-0.0292564368	-0.0260459203	0.0451447927	-0.0299642161	-0.0327613355	-0.0055489781	0.0055466616	-0.0257944187	-0.0170182641	-0.0316384641	0.0383337744	0.0371773821	-0.0239718785	0.0031642266	-0.0534129948	-0.0369943284	0.0242450877	-0.0249627879	-0.0489631754	-0.0235204212	0.0256733154	0.0489420714	0.0227889965	-0.0263764663	-0.0489069049	-0.0220510239	0.0270720383	0.0488576859	0.0213067153	-0.0277598318	-0.0487944286	-0.0205562846	0.028439649	0.0487171511	0.0197999475	-0.0291112946	-0.0486258757	-0.0190379212	0.0297745756	0.0485206286	0.0182704248	-0.0561427	0.0063023	3.971898529000005e-05	0.0031520027632899	-1.70055	-0.00495	2.8918703025	2.45025000000001e-05	-0.151354	0.015912	0.000253191744	0.0229080333159999	-0.0200688	0.0008584999999999	0.00040275673344	7.370222499999969e-07	0.00383333	0.0002373099999999	1.46944188889e-05	5.6316036099999854e-08	0.0008511439999999	7.230499999989998e-05	7.244461087358298e-07	5.228013024985535e-09	0.0	0.0	0.0	0.0	0.0	0.0	0.0	0.0	0.0	0.0	0.0	0.0	0.0	0.0	0.0	0.0	0.0	0.0	0.0	0.0	0.0	0.0	0.0	0.0	0.0	0.0	0.0	0.0	0.0	0.0	0.0	0.0	0.0	0.0	0.0	0.0	0.0	0.0	0.0	0.0	0.0	0.0	0.0	0.0	0.0	0.0	0.0	0.0	0.0	0.0	0.0	0.0	0.0	0.0	0.0	0.0	0.0	0.0	0.0	0.0	0.0	0.0	0.0	0.0	0.0	0.0	0.0	0.0	0.0	0.0	0.0	0.0	0.0	0.0	0.0	0.0	0.0	0.0	0.0	0.0	0.0	0.0	0.0	0.0	0.0	0.0	0.0	0.0	0.0	0.0	0.0	0.0	0.0	0.0	0.0	0.0	0.0	0.0	0.0	0.0	0.0	0.0	0.0	0.0	0.0	0.0
53696.7369730198	85.44067980939144	2883339561.549671	7300.109766290951	64995.68938769531	230.602730468745	4224439638.981769	53177.61929964065	54433.68835189495	0.8003184689296177	2963026427.591224	0.6405096517098474	54576.42958900749	52948.18641769607	1.038622	23.793659	0.2552445	0.152892	0.008642731	0.0179714965	0.0060142142	-0.0033333553	-0.0385449934	0.001337639	0.0310510588	0.0371559817	-0.0130794258	0.0075429335	0.0077567355	-0.0013398697	-0.0092084931	0.0141300587	0.0241892883	0.0048629923	-0.0271953371	0.0131757164	0.0264944655	-0.0067131196	0.0304234118	-0.0265723496	0.0034398286	-0.0329684802	-0.0279146299	-0.0508621586	0.0479325609	0.0028081353	0.04723867	-0.0043661606	-0.0447421495	-0.0383286086	-0.0426379689	-0.0544518411	-0.0354915809	-0.010694281	0.0429777462	-0.0055704147	-0.0414817527	-0.0106181439	0.0320155808	-0.0345172667	0.0159054649	-0.0133328091	0.0269937416	0.0234247969	-0.0647662356	0.0149258495	0.0423236863	0.0423159436	-0.0069362966	-0.0286402997	0.0467465818	-0.0580969034	0.0457302039	0.0116025001	0.0286425057	-0.093940581	0.0061809968	0.0709433514	0.0053146527	-0.050545293	0.030488662	0.0136295805	0.0455964465	-0.0157530232	-0.0371412706	-0.0147566059	-0.0094446559	0.0153971893	0.0215362074	0.0151660495	-0.0092146637	0.0434947306	-0.065237251	0.0253970287	0.0238561709	-0.0036472078	0.0061871032	0.0596863137	0.0035473756	0.0047669433	-0.0228587879	0.023689356	0.0714053783	0.0264774536	0.0212392649	-0.0091285231	-0.0237260339	-0.0012885786	-0.0382590984	0.0195311028	0.0163846924	0.0334453712	-0.0075911229	-0.0072958973	-0.0177255149	-0.0008338356	0.0191583407	-0.0219338336	0.0155881925	0.0716258379	-0.0264641641	0.0587288768	-0.083614462	-0.0198500948	0.0122294584	0.0075166689	0.0140353031	-0.0314211391	0.0025911719	0.0302972821	0.0106877588	-0.0284575767	0.0073099138	-0.030930808	0.02495334	-0.0106993547	-0.0418367142	0.0081663562	0.0514014058	-0.0569017257	-0.0027990191	0.0434829968	-0.003782686	-0.0366266422	-0.0506620717	-0.0406491876	-0.0555561903	-0.0324287203	-0.0130039435	-0.0424943055	-0.0123054399	-0.0379664288	0.005250555	-0.0339337592	0.042949043	-0.0131124506	0.0197721744	-0.0356819957	-0.0179875276	0.0595650011	0.0169079715	-0.0120270122	-0.0522159602	0.0043646674	-0.0166710218	-0.0689998165	-0.039808184	-0.0619655802	-0.0390949398	0.0506818487	-0.0469581503	-0.0294091986	-0.0784365248	0.0010192658	-0.0019210192	-0.0477244193	-0.0519033444	0.0316166132	0.0206419102	0.020171212	0.0381002702	0.0138991524	0.0008494282	-0.0180156306	-0.0097476551	-0.0379561926	0.0398798169	-0.0669907186	0.0069766064	0.0201602945	0.0233824067	-0.0348261792	0.0367788207	0.0054673204	0.0071677362	-0.0196056842	0.0431346355	0.0579872328	0.0086457258	0.0295367519	0.0099841947	-0.0341984295	-0.0007963927	-0.014111335	0.0125197179	0.0584008284	-0.0099026303	0.0096123502	-0.0238945183	-0.0064348472	0.0136958455	-0.0042615786	-0.0374508929	0.0107502421	-0.0503202808	-0.0847905797	0.0362269666	-0.069826072	0.0043562896	0.0037304384	0.0539307606	0.0101080958	0.0188983914	0.0184436037	0.0131104085	-0.0295535872	0.0108335716	0.0040516117	0.0048944368	0.0173037036	0.0189512952	-0.0113496346	-0.0365907774	-0.0066861194	-0.0191437236	-0.0169174923	-0.0097901219	-0.0312880274	0.0132157294	0.0311895396	-0.0189385935	-0.0228718329	0.0050595912	-0.0112434223	-0.0099394063	-0.0077141745	-0.0015296638	-0.0098349565	-0.053866139	-0.0449665356	0.0240846454	-0.0252794756	-0.0489506689	-0.0228705931	0.02645413	0.0488920593	0.0216382877	-0.0276076712	-0.0487944286	-0.0203887125	0.0287391785	0.0486578547	0.019122865	-0.0298477488	-0.0484824465	-0.0178417553	0.0309324975	0.0482683442	0.0165464061	-0.0319925587	-0.0480157186	-0.015237851	0.0330270864	0.0477247713	0.0139171345	-0.0629164	-0.0067737	4.588301169000001e-05	0.0039584733889599	-1.64079	0.05976	2.6921918241	0.0035712576	-0.191886	-0.040532	0.001642843024	0.036820236996	-0.0177438	0.002325	0.00031484243844	5.405625000000003e-06	0.00359602	-0.0002373099999999	1.29313598404e-05	5.6316036099999854e-08	0.00125241	0.0004012660000001	1.5685308081e-06	1.6101440275608026e-07	0.0	0.0	0.0	0.0	0.0	0.0	0.0	0.0	0.0	0.0	0.0	0.0	0.0	0.0	0.0	0.0	0.0	0.0	0.0	0.0	0.0	0.0	0.0	0.0	0.0	0.0	0.0	0.0	0.0	0.0	0.0	0.0	0.0	0.0	0.0	0.0	0.0	0.0	0.0	0.0	0.0	0.0	0.0	0.0	0.0	0.0	0.0	0.0	0.0	0.0	0.0	0.0	0.0	0.0	0.0	0.0	0.0	0.0	0.0	0.0	0.0	0.0	0.0	0.0	0.0	0.0	0.0	0.0	0.0	0.0	0.0	0.0	0.0	0.0	0.0	0.0	0.0	0.0	0.0	0.0	0.0	0.0	0.0	0.0	0.0	0.0	0.0	0.0	0.0	0.0	0.0	0.0	0.0	0.0	0.0	0.0	0.0	0.0	0.0	0.0	0.0	0.0	0.0	0.0	0.0	0.0
53803.304418023385	106.56744500358764	2894795566.298495	11356.620334592675	65697.1672548828	701.4778671874956	4316117785.316046	492071.1981539177	54505.24935777321	71.56100587826222	2970822207.5530367	5120.977562308681	54644.28601109063	53061.75694912997	0.932588	21.364527	0.1882721	0.126086	0.0083919411	-0.0015861466	-0.0123768011	-0.0049253377	-0.0428585818	-0.0072402686	0.0006803715	-0.0464717087	-0.0127692268	0.0566056353	-0.0223969228	-0.0312766648	0.0245621111	-0.0200738373	-0.0132246821	-0.0058774841	1.66985e-05	0.0204375841	0.0088015262	-0.0114272183	0.0443424114	0.0562934025	0.0429439781	-0.0352394843	-0.019262395	0.0701189246	0.0197678047	0.0492762852	0.0129690536	0.0188035095	-0.043793842	0.020491594	0.0405398912	-0.0350577941	-0.0024847156	-0.0395337849	-0.0046288031	-0.116377096	6.47005e-05	0.06842248	0.0954358875	-0.0069564238	-0.0076460458	0.0357815629	-0.0172518958	-0.0370844605	-0.0605187213	-0.0032858249	0.024150432	-0.014278543	-0.0153212645	-0.0197819311	0.0698181307	-0.0322366447	0.0354819714	-0.0353647647	-0.0778154347	-0.0030256264	-0.0240868012	0.007606944	-0.010782191	0.0580404564	0.0063743432	-0.0274303064	-0.0096169198	-0.0966572183	0.0346942011	-0.0483563424	-0.0283064205	0.0244857673	0.0248661379	0.0104559872	-0.0770397045	-0.0526033084	0.0090229203	-0.0021214163	-0.0332434592	0.0758073755	-0.1278318756	0.0351402463	-0.051018505	-0.0138982279	-0.0264662416	-0.0101335971	0.0539614432	0.025649519	0.0082255857	-0.0485946698	0.0054801709	-0.0023086394	-0.0343640372	0.0028867992	-0.0588556594	0.0558508282	-0.020390989	0.038915202	-0.0450956699	-0.0087303056	-0.0298839462	-0.0279900719	-0.0229068534	0.0209211831	-0.0274683958	0.0127075624	-0.0447482099	0.0129193574	-0.0068753438	0.0496689487	0.0687253915	0.1312470265	0.0567782904	-0.0535415476	0.0192632192	-0.0069377366	0.008267177	-0.0419469571	-0.0594439663	-0.0490501493	-0.0360337543	0.0033227609	-0.0700326514	-0.0223202717	0.0404406374	0.0149725142	0.0228253688	-0.0485342665	0.0183410227	0.0422475685	-0.0311877465	-0.000597109	-0.0412112087	0.0122694722	-0.1119326506	0.0016477335	-0.0668568276	-0.0894194003	0.0253009176	0.0483498699	-0.0154415347	0.0221731535	0.0438936106	0.0626189976	0.0198403466	-0.0073706733	0.0124344204	0.0003655955	-0.0303706489	-0.0624658054	-0.0078683524	-0.0616226926	0.0206965147	0.031832922	0.068712775	-0.0314361376	0.0077568138	0.02144871	-0.0369692988	0.0403078337	0.0385329695	-0.0205302583	0.0890655908	-0.0463470267	0.0416557528	-0.0011462069	-0.0081704899	-0.0336542642	-0.002510267	-0.0604343205	-0.0679063105	0.0186586429	0.0269284479	-0.0175868598	-0.0845709735	-0.0898395562	-0.0199660149	-0.0787525876	0.0372112001	-0.049878994	0.0155012019	0.0566999581	0.0136413469	0.0183555047	0.0466360337	-0.0301636095	-0.0355445005	-0.0287505405	0.0081169513	0.026658423	0.0632161683	0.0029951114	0.0023577503	-0.0579674017	-0.0101228167	-0.0044984299	0.0449068762	0.013868948	-0.0150439129	-0.0300734504	0.0327110026	-0.0262098014	-0.0188023136	-0.0236053513	-0.0141391203	0.0064202148	-0.1391508062	-0.0301206849	-0.1028412548	-0.0016285369	-0.0131291053	0.0003269777	0.0017980204	0.005832059	0.029990301	-0.0376032165	-0.0301708513	-0.0235899959	0.0255216414	0.0016533117	-0.0094102013	-0.0430162362	0.038539759	-0.0072354906	-0.0364200546	0.0731870031	-0.0387669798	-0.0046761025	-0.029015699	0.0004997927	-0.0131045247	0.0409517185	0.0515569042	-0.01533915	0.0239238614	-0.0255947285	-0.0489319113	-0.0222155728	0.0272255606	0.0488170731	0.0204725349	-0.0288138067	-0.0486258757	-0.018697474	0.0303569825	0.0483586182	0.0168931667	-0.0318526742	-0.0480157186	-0.0150624352	0.0332985423	0.0475977133	0.0132081433	-0.0346923251	-0.047105256	-0.0113331913	0.0360318425	0.0465391172	0.009440512	-0.0472988	0.0156175999999999	0.0002439094297599	0.00223717648144	-1.64059	0.0001999999999999	2.6915355481	3.999999999999119e-08	-0.174893	0.016993	0.000288762049	0.0305875614489999	-0.0153749	0.0023689	0.00023638755001	5.611687210000001e-06	0.00341286	-0.0001831599999999	1.16476133796e-05	3.354758559999997e-08	0.00180958	0.00055717	3.2745797764e-06	3.1043840890000005e-07	0.0	0.0	0.0	0.0	0.0	0.0	0.0	0.0	0.0	0.0	0.0	0.0	0.0	0.0	0.0	0.0	0.0	0.0	0.0	0.0	0.0	0.0	0.0	0.0	0.0	0.0	0.0	0.0	0.0	0.0	0.0	0.0	0.0	0.0	0.0	0.0	0.0	0.0	0.0	0.0	0.0	0.0	0.0	0.0	0.0	0.0	0.0	0.0	0.0	0.0	0.0	0.0	0.0	0.0	0.0	0.0	0.0	0.0	0.0	0.0	0.0	0.0	0.0	0.0	0.0	0.0	0.0	0.0	0.0	0.0	0.0	0.0	0.0	0.0	0.0	0.0	0.0	0.0	0.0	0.0	0.0	0.0	0.0	0.0	0.0	0.0	0.0	0.0	0.0	0.0	0.0	0.0	0.0	0.0	0.0	0.0	0.0	0.0	0.0	0.0	0.0	0.0	0.0	0.0	0.0	0.0
53729.28159933825	-74.02281868513819	2886835701.180988	5479.377686092844	64646.483727783205	-1050.6835270996016	4179167858.3665385	1103935.8741184594	54375.97988130138	-129.2694764718326	2956747188.051692	16710.597547301684	54507.77462126844	52975.87732948204	0.951956	21.808241	0.1837384999999999	0.0951597	0.0064097046	0.011119763	0.001286877	-0.0042795596	-0.0262934827	-0.0177702882	0.0297274718	0.0086110837	0.0008983633	-0.0685948813	0.0058722515	0.0106113324	0.0244788611	0.001084441	-0.0265732369	-0.0109381236	0.0407499559	0.028517465	-0.0400624916	0.0275302766	-0.0187060307	-0.0575545265	-0.007551152	0.0029816937	0.0259095572	0.0305755612	0.0364462279	-0.009560012	0.0394138959	0.0191832313	0.0020685932	-0.0521302545	-0.0035046869	-0.0127243152	0.0497585333	-0.0126245897	0.0063934876	0.051754986	0.0555089158	0.0145889867	0.0031936115	0.0020919676	-0.0316769737	0.0029161715	-0.032085529	-0.0329589999	-0.0267293198	0.0082792118	-0.0040772608	0.0621732552	0.0758193933	-0.0152978608	0.023877753	-0.0153200846	0.0327788676	0.036640869	-0.0710103479	-0.0236336715	-0.0501775684	-0.0269537313	0.0015971038	0.0628530838	0.0501698116	-0.0238833262	-0.0093365433	0.0253100546	-0.0102502918	0.0302446419	-0.013385456	0.037042685	-0.0294396346	-0.0288174198	-0.0194364074	-0.0176814659	0.0329477119	-0.0399450539	0.0436941878	0.0238031831	0.0193850527	-0.0002800102	0.010771036	-0.0028840222	0.064218557	-0.0271707294	0.0129734779	0.0211384409	0.017568266	0.0045696061	-0.0268239645	0.0302588736	-0.0206552133	-0.0343536253	0.0229514151	-0.0086106323	-0.035840827	-0.0468521573	-0.0496380772	0.0577965407	0.070650217	-0.0169968915	-0.0241573583	0.0170519752	0.0306521579	-0.0362289295	-0.0172263722	-0.0352662651	-0.0433150333	-0.0646505904	0.0227447139	-0.0110795731	-0.0132183816	-0.0358379816	0.0302358503	0.0393620111	-0.024278482	0.0143513778	0.0592653646	0.0094986965	0.0128895362	-0.0222856033	-0.0297432923	-0.036195004	-0.0125803983	0.023831962	0.0250471339	0.0123524044	-0.0529064926	0.0055646998	-0.0079365492	0.051422526	-0.0162054426	-0.0092629218	0.0458054693	0.0577823192	-0.0077054791	-0.000326732	0.005204247	-0.0092638526	-0.0295753484	0.0268995858	0.0354457718	0.028630393	0.0143484288	0.0055864405	-0.0711764006	-0.0698026098	0.0303027326	-0.0147733045	0.0009970761	-0.0490623568	-0.0382477551	-0.0100457167	0.0551422654	-0.0559947133	0.0292620979	-0.0017941889	-0.0761035539	-0.0059569069	0.0597357087	-0.0050906141	-0.0172478374	0.0099256338	-0.0111031474	0.0307316252	0.0439441105	0.0258312142	0.0308495892	0.0025076994	-0.0244908048	0.030427155	-0.0538346445	0.0450666232	-0.0328571265	0.0168356472	0.0164589033	0.0033163886	-0.0033989204	0.0683583874	-0.0103401898	0.0213697433	0.0189609693	0.0294018584	0.0200476608	-0.0108615819	0.0192946147	-0.0374191304	-0.0269554043	0.0060634403	-0.0165952393	0.0278029265	-0.0865684037	-0.0338794485	-0.0015640084	0.053425169	-0.0500215253	0.0106706754	-0.0200600818	0.0225339265	-0.0156317926	-0.0178788604	0.0089493496	-0.0281274457	-0.0014632489	-0.064564694	0.020579277	-0.0522238417	0.0059176682	0.012043331	0.0007471459	-0.0031993132	0.0064547691	0.0246412765	0.0146196351	-0.0040048862	-0.0281380772	-0.0024390264	-0.0201823344	-0.0048011888	0.0128193901	-0.0110912063	0.0099478004	-0.040117325	-0.0327222034	-0.0349649235	0.0258461585	-0.0005220537	-0.041545813	-0.0147330761	0.0028428235	-0.0330719697	0.0172634356	-0.0395953119	0.0237627379	-0.0259085287	-0.0489069049	-0.021555509	0.0279873335	0.0487171511	0.0192925486	-0.0299937775	-0.04840144	-0.0169797078	0.0319226731	0.0479605879	0.0146229661	-0.0337690332	-0.0473957345	-0.0122284171	0.035528084	0.0467083402	0.0098022517	-0.0371952777	-0.0459001824	-0.0073507428	0.0387663036	0.0449733504	0.0048802286	-0.0706853	-0.0233865	0.00054692838225	0.00499641163609	-1.60945	0.0311399999999999	2.5903293025000003	0.0009696995999999	-0.193081	-0.018188	0.000330803344	0.037280272561	-0.0170213	-0.0016463999999999	0.0002897246536899	2.710632959999997e-06	0.00330209	-0.00011077	1.09037983681e-05	1.2269992900000013e-08	0.00134627	-0.00046331	1.8124429129000005e-06	2.146561561e-07	0.0	0.0	0.0	0.0	0.0	0.0	0.0	0.0	0.0	0.0	0.0	0.0	0.0	0.0	0.0	0.0	0.0	0.0	0.0	0.0	0.0	0.0	0.0	0.0	0.0	0.0	0.0	0.0	0.0	0.0	0.0	0.0	0.0	0.0	0.0	0.0	0.0	0.0	0.0	0.0	0.0	0.0	0.0	0.0	0.0	0.0	0.0	0.0	0.0	0.0	0.0	0.0	0.0	0.0	0.0	0.0	0.0	0.0	0.0	0.0	0.0	0.0	0.0	0.0	0.0	0.0	0.0	0.0	0.0	0.0	0.0	0.0	0.0	0.0	0.0	0.0	0.0	0.0	0.0	0.0	0.0	0.0	0.0	0.0	0.0	0.0	0.0	0.0	0.0	0.0	0.0	0.0	0.0	0.0	0.0	0.0	0.0	0.0	0.0	0.0	0.0	0.0	0.0	0.0	0.0	0.0
53819.39010530126	90.10850596301316	2896526751.306599	8119.542846886377	65303.95555236816	657.4718245849581	4264606610.785677	432269.2001230739	54507.51263297872	131.53275167734682	2971068933.434335	17300.864763814585	54638.8554650333	53139.5544569932	0.8546669999999998	19.579464	0.0617156999999998	0.0369646	0.0078885648	0.0087539316	0.0043220976	0.0024915809	-0.0090565068	0.0030942378	0.0032625181	0.0185639782	0.0072645303	0.036189714	-0.0380073417	0.0145239381	0.0161599709	-0.0185389142	-0.0179785701	-0.0045955497	0.0158218347	0.0182433632	0.02330826	-0.0487482667	0.0651946263	0.0076723439	-0.0044410928	-0.0165747562	-0.0381855511	0.0475877345	-0.0109041138	0.0250736586	0.0017764051	-0.0021529324	-0.006335594	0.007434935	0.0031636198	-0.0215514679	-0.0162458015	-0.0239932791	-0.0050820925	-0.0253555204	-0.0226837885	-0.0320031845	-0.0073808872	-0.0378544288	0.0274171231	-0.0205759179	-0.0208513001	-0.0174779217	-0.0088914625	0.0053359839	0.0316201114	0.0201070959	0.0499870546	0.0477505684	0.0166506825	0.0250302929	-0.0300685894	0.0125811133	0.0035800559	-0.0273254837	-0.0821264679	-0.0276263536	-0.0181554962	-0.0087940964	-0.0404016753	-0.0503926787	0.0198367869	-0.021571186	-0.0206490643	-0.0597199718	-0.0031628885	-0.0168046706	0.0077169238	-0.0440173028	-0.0024260018	0.0132401784	-0.0260850087	0.0751525489	0.1129256261	0.0061319489	0.0017231213	-0.0444797059	-0.0692060242	-0.040891886	-0.0172267909	-0.0153151822	-0.0513980483	0.0081289016	0.0102052717	0.0221184374	-0.0123364864	0.016639752	0.0401160384	-0.011588546	-0.0076317716	0.0245780486	0.0120789804	0.0396808787	-0.0099903063	-0.0128062734	0.0079707451	0.001526617	-0.0197696084	0.0019720766	0.0128629266	-0.0455330365	-0.0507727381	-0.0059389544	0.0231302853	-0.0201000536	0.0143274407	-0.0090646779	-0.0309780805	0.0410536876	0.0200005234	-0.0263759885	0.0496687814	-0.0616478216	-0.0111050188	-0.0005027198	-0.0267261112	0.0307503971	-0.0495727039	0.0062300752	0.0230107823	0.0091729063	-0.0009193786	-0.0059101523	0.0063690722	-0.0021013164	-0.0209911321	-0.0138650632	-0.0259290545	0.0076466318	-0.0303255978	-0.0278855812	0.0336440114	0.0060534923	0.0392235282	-0.013449292	0.0295580568	0.016774122	0.0057412534	0.0096665906	0.0090119909	-0.0396776841	-0.0251403071	-0.0702535214	-0.0239048481	0.0222581018	0.0200359846	0.0294582621	-0.0106255801	-0.0236468016	-0.0147412231	-0.0870963703	0.0382932528	0.0049163073	0.027920007	0.030805524	0.01308059	0.027894841	0.0199851253	-0.0070981661	0.0621879343	0.0076629286	-0.0316869121	-0.0123955615	0.0518180429	0.0107998508	0.0183277668	-0.029659465	0.0284830563	0.1193143099	0.0019286398	0.0400628245	-0.0101503276	-0.0782911311	0.0074781097	-0.0219309237	-0.0291832449	-0.0432670877	0.0184605517	-0.0140788242	-0.0175887535	0.000580267	0.0341233428	0.0251045633	0.01779125	0.0032941669	0.0269081972	0.0092262985	0.0228563559	-0.0296956649	0.0320885578	0.0023008001	0.0099633104	0.0036725819	-0.0248505556	0.0421089397	-0.0207788821	-0.0608863299	-0.0298952002	0.015433736	0.0355882701	-0.0101594705	-0.0037705655	0.0236009432	0.0620737797	0.0227072518	0.0035857829	0.0015769159	0.0051712136	0.0107235703	0.0043681374	-0.0099451712	-0.0060114506	-0.0273088594	0.0205284344	-0.0066259943	-0.0445685445	-0.0042217117	0.0155723798	0.0336501795	-0.0100292982	-0.0057021242	-0.0218654542	-0.0120160548	-0.0179833262	-0.011389412	0.0004524494	-0.015599912	0.0264456515	-0.0463202176	0.0236012772	-0.0262208584	-0.0488756528	-0.0208905514	0.0287391785	0.0485923444	0.0180991493	-0.0311465121	-0.0481213794	-0.015237851	0.0334335625	0.0474645768	0.0123177063	-0.0355914973	-0.046624473	-0.0093499925	0.037611983	0.0456043123	0.0063461704	-0.0394872168	-0.0444080345	-0.0033178403	0.0412099568	0.0430402594	0.0002766972	-0.0706726	1.2700000000004374e-05	1.6129000000011112e-10	0.00499461639076	-1.64075	-0.0312999999999998	2.6920605625	0.0009796899999999	-0.192805	0.0002759999999999	7.617599999999917e-08	0.037173768025	-0.0166747	0.0003465999999999	0.00027804562009	1.201315599999993e-07	0.00352862	0.0002265299999999	1.24511591044e-05	5.131584089999999e-08	0.00131686	-2.9410000000000117e-05	1.7341202596e-06	8.649481000000065e-10	0.0	0.0	0.0	0.0	0.0	0.0	0.0	0.0	0.0	0.0	0.0	0.0	0.0	0.0	0.0	0.0	0.0	0.0	0.0	0.0	0.0	0.0	0.0	0.0	0.0	0.0	0.0	0.0	0.0	0.0	0.0	0.0	0.0	0.0	0.0	0.0	0.0	0.0	0.0	0.0	0.0	0.0	0.0	0.0	0.0	0.0	0.0	0.0	0.0	0.0	0.0	0.0	0.0	0.0	0.0	0.0	0.0	0.0	0.0	0.0	0.0	0.0	0.0	0.0	0.0	0.0	0.0	0.0	0.0	0.0	0.0	0.0	0.0	0.0	0.0	0.0	0.0	0.0	0.0	0.0	0.0	0.0	0.0	0.0	0.0	0.0	0.0	0.0	0.0	0.0	0.0	0.0	0.0	0.0	0.0	0.0	0.0	0.0	0.0	0.0	0.0	0.0	0.0	0.0	0.0	0.0
53824.62438730659	5.234282005330897	2897090190.4346395	27.39770811133084	65150.38868971253	-153.5668626556362	4244573146.420622	23582.78130589504	54481.318404708654	-26.19422827006929	2968214055.115246	686.1375946644971	54610.27546310062	53294.016428127536	0.8841609999999999	20.255121	0.08407285	0.0406599	0.0064690271	0.0133674747	0.0073277295	-0.0089140549	-0.0086987686	-0.0299771439	0.0036515474	-0.0456123387	0.0143065405	-0.0423226554	0.008579598	0.0081561178	0.0066586355	-0.008544963	-0.0108613722	-0.025319017	-0.0192781646	0.02149901	-0.0426068568	0.019234781	-0.0586257422	-0.0111364878	-0.0266681008	-0.0018145453	0.0557470859	0.0152231442	0.0249489927	-0.0565249881	-0.0090546313	0.0018200957	-0.0080726336	0.0226916856	-0.0018308202	0.0119829888	-0.0142605075	0.0149675192	-0.0407996183	-0.0044377573	0.0495105949	-0.0563819173	0.0156467258	0.0335976345	0.0287997963	0.0324411157	0.0153141533	-0.059747722	0.0303785759	0.0050791097	0.003365888	0.009976776	0.0178292231	-0.0175257878	0.0091662702	0.0964769827	0.013033078	0.0039641363	0.0434424744	0.0461256188	0.0294996701	-0.0786652757	-0.0307417646	-0.0106642491	0.0116443216	0.0588217725	0.0098880864	-0.0011144607	-0.021858996	0.0110463174	-0.0765328661	-0.0034870098	0.0356806379	0.054078505	0.0014914924	-0.0507356027	0.0008979887	0.0362621386	0.0072174785	-0.0142306759	-0.007659216	-0.0085494151	-0.0727973029	-0.0230446988	0.0363564026	-0.0354759947	0.007982451	-0.0084563939	0.0082743851	0.0016027774	0.0170974875	-0.0470259937	0.0135595649	-0.0386232404	0.0070296149	-0.0005053934	0.0017932998	-0.0158643598	-0.0209798168	0.0313983868	0.0283337718	0.0149635493	0.0019517327	0.0041817505	-0.0632426021	0.0245124766	-0.0206066212	0.0237774038	0.0126045346	0.0204775547	-0.0503683518	-0.0129980347	-0.0129243138	-0.0562740829	0.0238272802	0.0441608789	-0.0185817544	0.0555868102	0.0157250247	0.0318876962	0.0127367164	-0.0529273647	-0.0156154814	-0.0173815268	-0.0524303049	-0.0232616738	-0.0063503786	-0.0120810824	0.018110562	0.0002149793	0.0114986345	-0.0123889273	0.0148429755	0.0375774191	0.0029479151	0.0499881027	0.0578260741	-0.0167811571	-0.0331526976	0.0295576292	0.0281385924	-0.0065611916	0.0574513934	-0.0264835553	-0.0195187625	-0.0162909738	-0.0021186746	-0.0001907783	0.0412659939	0.006223572	0.1007706846	0.0188879182	0.0251114114	-0.0030146702	-0.0237868079	0.0545831481	0.0800009309	0.0079022581	-0.0320792003	-0.0300709694	-0.0456966946	0.0016136145	0.0112006854	0.012486844	-0.0006192136	0.0735340055	-0.0103073002	-0.0369453389	-0.0505589265	-0.0079945972	-0.0407402955	0.012314607	0.0370697743	0.0089825434	0.0154081744	0.0243748067	0.0076769494	-0.0678556191	0.0441086646	0.0230263401	-0.0264436993	0.0113618693	0.0153667648	-0.0060969318	-0.0241522007	0.0037322474	-0.004969072	0.0491638404	-0.0391377135	0.0095691794	0.0193605082	-0.0058645092	-0.0157184548	-0.0072308481	-0.0092866621	0.0129119356	-0.0264612656	-0.0201991946	0.0227011461	-0.0336016694	0.0765625422	-0.0067644527	-0.0288365726	0.0348335787	-0.0355278682	-0.0074568554	0.035818834	-0.0230168486	-0.006658336	-0.0256066772	0.0106224701	-0.0020925591	0.0031273015	0.0133010669	-0.0061894319	-0.0099882487	-0.0073980558	0.0012406697	-0.022427702	-0.0154817549	0.0362095316	0.0169301509	0.0006281879	-0.0425128378	-0.0265963461	0.0003832155	0.0142471221	0.0147551974	-0.0481286045	-0.0035945584	-0.00454799	-0.0341913328	0.0083454172	-0.0485812229	0.0234394817	-0.0265316999	-0.0488381591	-0.0202208511	0.0294808289	0.0484427166	0.0168931667	-0.0322709638	-0.0477860158	-0.013474375	0.0348870569	0.0468715983	0.0099829142	-0.0373149993	-0.0457043959	-0.0064376142	0.0395416966	0.0442907033	0.0028575952	-0.0415551402	-0.0426381448	0.0007378352	0.0433444711	0.0407556328	-0.0043292863	-0.0734954	-0.0028228	7.968199840000002e-06	0.00540157382116	-1.62234	0.01841	2.6319870756	0.0003389281	-0.195285	-0.0024799999999999	6.150399999999912e-06	0.038136231225	-0.0171373	-0.0004626	0.00029368705129	2.139987600000005e-07	0.00388633	0.0003577099999999	1.51035608689e-05	1.2795644409999984e-07	0.000929969	-0.000386891	8.64842340961e-07	1.49684645881e-07	0.0	0.0	0.0	0.0	0.0	0.0	0.0	0.0	0.0	0.0	0.0	0.0	0.0	0.0	0.0	0.0	0.0	0.0	0.0	0.0	0.0	0.0	0.0	0.0	0.0	0.0	0.0	0.0	0.0	0.0	0.0	0.0	0.0	0.0	0.0	0.0	0.0	0.0	0.0	0.0	0.0	0.0	0.0	0.0	0.0	0.0	0.0	0.0	0.0	0.0	0.0	0.0	0.0	0.0	0.0	0.0	0.0	0.0	0.0	0.0	0.0	0.0	0.0	0.0	0.0	0.0	0.0	0.0	0.0	0.0	0.0	0.0	0.0	0.0	0.0	0.0	0.0	0.0	0.0	0.0	0.0	0.0	0.0	0.0	0.0	0.0	0.0	0.0	0.0	0.0	0.0	0.0	0.0	0.0	0.0	0.0	0.0	0.0	0.0	0.0	0.0	0.0	0.0	0.0	0.0	0.0
53880.29333182192	55.66894451533153	2903086009.523174	3099.0313834510607	65229.28021777344	78.89152806091442	4254858997.72881	6223.873199786048	54557.26264053433	75.94423582567833	2976494906.8282437	5767.526955146244	54695.750590955045	53088.395967736185	0.882641	20.22032	0.0849579500000001	0.0444543	0.0060747856	0.0071282161	0.0037753254	0.0026537197	0.0125787808	0.0011840445	0.0027355188	0.031697496	0.0099321758	0.0069594574	0.0007732423	0.0166678953	0.0127592751	-0.0120232851	-0.0020636419	-0.0009274	0.0290575964	-0.0060234358	0.0170352029	0.0169673596	0.0064047511	-0.0421502859	-0.0436604203	0.0023740376	0.0235600786	-0.0277932023	0.0151341974	0.0082489833	0.022464917	0.0204613217	0.059122006	0.0095610574	0.0130710469	0.0281453441	-0.0470535233	0.0622722212	-0.0234710718	-0.0480691184	0.0002557251	-0.0076891443	0.0308764757	0.0075548618	-0.0228188012	0.0284814393	0.0506336475	-0.0564166181	-0.0464239451	0.0163578808	0.0113123391	-0.0215736782	0.0246547045	-0.0087222318	0.0178105728	0.0314089777	0.0350407562	-0.0634587403	0.0359661194	0.0474604363	0.0603299903	0.0403673053	-0.0326173317	-0.0197926224	0.0225279723	0.0296051699	-0.0011039408	0.0320249698	-0.0117266932	-0.0030936179	-0.0446942765	-0.0460895476	-0.0632837148	-0.0302757301	0.0420356471	-0.0279477457	0.0106319815	0.0048908339	0.0107603956	0.0204560877	-0.0473963462	-0.0097852339	0.010217115	-0.0407335705	-0.0358546851	0.0222430151	0.0122825031	-0.0016399236	0.0245666591	-0.0009952594	0.0094769542	0.0517182307	0.0206431874	0.0230452912	-0.0265478501	0.0587448883	-0.0184560682	0.0200625538	-0.02001478	0.0608403466	-0.0494893274	-0.0051076562	-0.0255588872	-0.0650140477	-0.0124209555	0.02221446	0.0217838016	0.0375953909	-0.0312496506	-0.0124704284	0.032682704	-0.0597146859	0.0348273568	0.0318557898	-0.0067851605	-0.0193780684	-0.0152265701	-0.0082933825	0.0436121821	0.048139743	0.00654383	-0.0159076329	0.0285135518	-0.0142157086	0.0058216144	0.0172378086	0.0294614799	0.0533298825	0.0178984977	0.0129886968	0.0193533019	-0.0461719638	0.0674017083	0.0252835804	-0.0425159838	-1.54732e-05	0.0104921029	-0.0302157572	-0.0100718506	0.0280618066	-0.0235764968	-0.0473947764	0.0545218201	0.0491777539	-0.0136626138	-0.0184804903	0.0277133799	-0.0083576625	0.0363905891	0.0031093099	0.0441271405	-0.0322531805	0.0662984045	0.0361426063	-0.0103529085	0.0627780384	-0.0279981851	0.0499530239	0.0148788111	-0.0343123746	-0.028419744	-0.010821723	-0.0225698132	0.0038839942	0.0053043949	0.0465518818	-0.0269206102	0.0610337058	0.0116856691	0.0711424998	-0.0193532175	0.0072266173	0.007586567	0.0148472061	-0.0074994334	-0.0257934715	-0.0136392514	-0.037771756	-0.0393308341	-0.0410415001	0.0112776356	-0.000645018	-0.0115184296	0.0404959074	0.0271571084	0.0240887634	0.017508915	-0.0095031992	0.0461959811	0.0215243421	0.0423793369	0.0158660372	0.0110495243	-0.035602805	-0.0748972323	0.0301393031	0.0526034459	0.0033041585	0.0504833067	0.0173193518	-0.0022558904	0.0273998608	-0.0145816146	-0.0454042084	0.0476622336	0.0333713092	0.0364620013	0.0303303212	-0.0202211386	0.0144121806	0.005744811	0.0017953734	-0.0020572014	0.0152942758	-0.0084776018	0.0039106033	-0.0128199414	-0.0012906519	-0.0073374815	0.005767409	-0.0434334963	0.0085983912	-0.0142065994	0.022097327	-0.0156460521	-0.0379096913	-0.0012862094	0.0228783951	-0.0505606656	-0.020579252	-0.0214334026	-0.0053816843	0.010880387	-0.0363379022	0.0232773535	-0.0268410355	-0.0487944286	-0.0195465601	0.0302120217	0.0482683442	0.0156754391	-0.0333661115	-0.0473957345	-0.0116917818	0.0362806612	0.0461828639	0.0076241876	-0.0389347468	-0.0446384398	-0.0035018582	0.0413093142	0.04277355	-0.0006456115	-0.0433873161	-0.0406015827	0.0047884463	0.0451538342	0.0381381307	-0.0088969041	-0.0824364	-0.008941	7.994148100000008e-05	0.00679576004496	-1.63107	-0.0087300000000001	2.6603893449	7.621290000000221e-05	-0.204127	-0.008842	7.81809640000003e-05	0.041667832129	-0.0164794	0.0006578999999999	0.00027157062436	4.328324099999993e-07	0.00348556	-0.0004007699999999	1.21491285136e-05	1.6061659289999997e-07	0.00081974	-0.0001102289999999	6.719736676e-07	1.2150432440999998e-08	0.0	0.0	0.0	0.0	0.0	0.0	0.0	0.0	0.0	0.0	0.0	0.0	0.0	0.0	0.0	0.0	0.0	0.0	0.0	0.0	0.0	0.0	0.0	0.0	0.0	0.0	0.0	0.0	0.0	0.0	0.0	0.0	0.0	0.0	0.0	0.0	0.0	0.0	0.0	0.0	0.0	0.0	0.0	0.0	0.0	0.0	0.0	0.0	0.0	0.0	0.0	0.0	0.0	0.0	0.0	0.0	0.0	0.0	0.0	0.0	0.0	0.0	0.0	0.0	0.0	0.0	0.0	0.0	0.0	0.0	0.0	0.0	0.0	0.0	0.0	0.0	0.0	0.0	0.0	0.0	0.0	0.0	0.0	0.0	0.0	0.0	0.0	0.0	0.0	0.0	0.0	0.0	0.0	0.0	0.0	0.0	0.0	0.0	0.0	0.0	0.0	0.0	0.0	0.0	0.0	0.0
53889.71931737685	9.42598555492441	2904101848.105659	88.84920368164363	65640.3625793457	411.082361572262	4308657199.547968	168988.70799582795	54510.37235553675	-46.890284997585695	2971380694.339265	2198.6988271548103	54641.45893419957	53221.49712833553	0.96701	22.153097	0.15639575	0.125528	0.0047253439	-0.0050922351	-0.0111875042	-0.0031346119	0.0015055982	-0.0121110845	-0.0184318942	-0.047226661	0.0038725299	0.0159083207	-0.0116058476	-0.0316024503	-0.0046318636	-0.0057695882	-0.0449530979	0.0151386596	-0.0561741166	0.0226710448	-0.0245926086	0.0003106338	0.0222892947	0.051572532	0.0297296997	-0.0035025151	0.0205204283	0.0211888366	-0.0286186398	0.0297563215	-0.0213344865	0.0396123618	-0.042085749	0.035430315	-0.0087021626	0.0113351163	-0.0399476307	0.0217363393	0.0049952216	-0.0106415943	0.0494365346	0.0309358309	-0.0270108678	0.0228377621	-0.0328514086	0.0445668081	0.0461228473	-0.0084794296	-0.01832115	-0.0033460276	-0.0155397232	0.0061351347	-0.0454009724	0.008539047	0.010624213	-0.011069282	-0.078442418	0.0029939472	-0.0017113677	0.001870334	0.0652012278	0.0092991865	0.0694549779	0.0764233876	-0.063544359	0.0327298616	0.0444606457	-0.018575317	0.0126518286	0.0168565107	-0.0016750357	-0.0255983126	-0.082571165	0.053974909	-0.0442033511	0.0072818117	-0.0202166549	0.0079341209	-0.0376777177	-0.0006856926	-0.0237312695	0.0403833496	-0.0202572943	-0.0091917192	0.0092721814	0.0370558988	-0.002647522	0.0072307688	-0.0107306612	-0.0378840212	0.0275355876	0.0050758405	-0.0144154457	-0.0560463164	-0.0036511045	0.0666040096	0.0436196882	-0.0430992781	0.0289565715	0.0001430815	0.058498675	-0.0045725191	-0.0404965082	-0.0653720167	0.0009845394	-0.0231358953	0.0192237588	-0.0214330999	0.0051608023	0.0621735687	0.0314340589	-0.039296606	-0.0173013375	0.0125688108	0.0244966667	0.025879791	-0.0004171368	-0.0220801979	-0.0515794646	-0.027230601	0.0063712166	-0.0216156227	-0.0218806446	0.0301544813	0.031216907	-0.0162150037	0.0309352838	-0.0512130652	0.0292563015	-0.0150019212	0.0099539476	-0.0376138074	0.0233989542	-0.0043517411	-0.0136671475	0.0476150339	-0.0237317574	0.0345931977	-0.0206834424	0.0328627337	-0.0351439747	-0.0417648251	0.0350507251	0.0155643617	0.0067432207	0.0200385921	-0.0037085758	0.0299686622	-0.0456267771	-0.010463879	-0.0266620026	0.0621191042	0.0309682131	-0.0079013962	0.0061143372	0.0665636232	-0.0378294796	-0.0575609679	-0.0482807236	0.0909871166	-0.0053212108	0.0326535629	0.0168946003	-0.0147524608	-0.0103816633	0.0025432737	0.0043098991	0.0937280412	-0.0541528253	-0.0359182918	-0.0064350872	-0.0250883663	0.0223847737	-0.0274127378	-0.0079759323	-0.0293963942	0.0073110426	-0.0294754749	0.0188287088	0.0099998079	0.036472151	-0.0217372726	-0.0061142565	0.016523597	0.0501828104	0.0194761962	-0.0215061657	-0.0087102297	-0.0452522475	0.045212339	0.0598170018	-0.0217433537	-0.0336156679	0.0478919407	0.0380062404	0.0372676467	-0.0036595645	0.023293663	0.0589362514	0.0489039002	-0.0043741059	-0.0167057152	0.0195359625	0.0016962007	0.0037715186	0.0688934144	0.0239383717	-0.0261493921	0.0335312278	-0.0523850548	-0.0123519617	0.0024631547	-0.0048757909	-0.0081980448	-0.0046564313	-0.0097529511	-0.0104948085	0.006361995	-0.0061495209	-0.0158862477	0.017810333	0.0329464196	0.0039866815	-0.0003050938	-0.0116559604	0.098438428	-0.0318495462	-0.0263031679	0.0008860346	-0.0127530294	-0.0493092799	0.0648935953	0.0550316505	-0.0282332724	0.0231148951	-0.0271488476	-0.0487444668	-0.0188678315	0.0309324975	0.0480693164	0.0144468132	-0.0344309608	-0.046950984	-0.0098926005	0.037611983	0.0453997805	0.0052471816	-0.0404462362	-0.0434300072	-0.0005533855	0.0429075896	0.0410598248	-0.0041455125	-0.0449733504	-0.0383110855	0.0088061905	0.046624473	0.0352091317	-0.0133856785	-0.0702625	0.0121739	0.00014820384121	0.00493681890625	-1.64238	-0.0113099999999999	2.6974120644	0.0001279160999999	-0.199846	0.004281	1.832696100000006e-05	0.0399384237159999	-0.0140623	0.0024171	0.00019774828129	5.842372410000009e-06	0.00339134	-9.42199999999999e-05	1.15011869956e-05	8.87740839999998e-09	0.000881037	6.129699999999998e-05	7.76226195369e-07	3.7573222089999975e-09	0.0	0.0	0.0	0.0	0.0	0.0	0.0	0.0	0.0	0.0	0.0	0.0	0.0	0.0	0.0	0.0	0.0	0.0	0.0	0.0	0.0	0.0	0.0	0.0	0.0	0.0	0.0	0.0	0.0	0.0	0.0	0.0	0.0	0.0	0.0	0.0	0.0	0.0	0.0	0.0	0.0	0.0	0.0	0.0	0.0	0.0	0.0	0.0	0.0	0.0	0.0	0.0	0.0	0.0	0.0	0.0	0.0	0.0	0.0	0.0	0.0	0.0	0.0	0.0	0.0	0.0	0.0	0.0	0.0	0.0	0.0	0.0	0.0	0.0	0.0	0.0	0.0	0.0	0.0	0.0	0.0	0.0	0.0	0.0	0.0	0.0	0.0	0.0	0.0	0.0	0.0	0.0	0.0	0.0	0.0	0.0	0.0	0.0	0.0	0.0	0.0	0.0	0.0	0.0	0.0	0.0
53818.55654488672	-71.16277249012637	2896437028.575169	5064.140188481487	64924.32168212891	-716.0408972167934	4215167545.884554	512714.5664870305	54481.194014824105	-29.17834071264224	2968200501.2809057	851.3755667430356	54613.13267684051	53100.847068251576	1.01302	23.20714	0.1620074499999998	0.14322	0.0042766014	0.0113491731	0.0104283007	-0.0011813457	0.0069692458	-0.0051962259	0.015924818	0.0151160693	-0.0061071547	-0.0567119078	0.0424087422	0.0308605518	-0.0136447264	0.0166875335	-0.00505406	0.0040472217	0.0365689312	0.0076457065	-0.0301002621	0.0528168278	-0.0268822138	-0.0455747952	-0.024161151	0.0036230342	0.0131516645	-0.0021453906	0.0129921761	-0.0155249352	-0.0111983642	-0.0355910034	-0.0164782915	-0.0106803248	0.0309907181	-0.0182646418	-0.0153589239	0.0142953038	0.0027516211	-0.0002037171	0.0189038088	0.0085129079	-0.0429376091	-0.0149121056	-0.007972447	-0.0131710193	-0.0490857188	-0.0174582389	0.0510092166	0.0342644559	0.0353546585	0.0146478813	-0.0109533273	0.0167774397	-0.0019319093	0.0075125717	-0.0051127418	-0.0245111049	0.0708682016	-0.020730083	0.0380365405	-0.059835856	-0.0325800451	0.0358722456	-0.0152980375	0.0210619875	-0.0138165107	0.0190891344	0.0563969736	0.0146596236	-0.0162590209	0.0133592892	0.0007386455	0.0438339306	0.0123979413	0.0336240712	-0.0080839077	0.0045225464	0.0507534272	0.0339611462	0.0132096743	-0.0575351185	-0.0200233898	-0.0039712891	-0.0304219594	0.0148495796	-0.023095898	-0.0084203121	0.0190755863	-0.0104055562	-0.0211749901	0.0042141911	-0.0457659257	0.0284264864	-0.0038946432	0.0255623889	-0.014217038	0.0154277045	-0.0444880515	0.0231815374	-0.0190084671	-0.0551835141	0.0249381892	-0.0066295648	-0.0122369699	0.0310202137	-0.010014335	-0.0265366392	0.0145048308	0.0446318007	-0.0099070605	0.0582877016	-0.0008109307	0.0005202687	0.0089301772	0.0308108404	-0.0494571734	0.0213188043	0.0485929	0.0253751396	0.0078765244	-0.010956494	0.0033578292	-0.0136565587	-0.0126427259	-0.0137071691	-0.0349133335	-0.0088695173	-0.0135416741	0.0287785303	-0.01899566	-0.0121210281	0.0143842293	-0.0016937911	-0.0046322752	0.0082610195	0.0028819595	0.0466542851	0.0151677674	-0.0057488723	-0.0141718401	0.0530246583	-0.0003995476	-0.0260912165	-0.0347641566	-0.051662036	-0.0186573381	0.0138249525	-0.0098841338	0.0172936223	-0.0019933365	0.01431705	0.026302697	0.0384472193	-0.0672862351	0.0298712128	0.0560737751	0.002500389	-0.0376516153	0.0078039376	-0.0071381677	-0.0008374398	-0.0178970469	-0.0458189643	-0.0421493895	0.021003945	0.0035555893	-0.0079795119	-0.035188637	-0.0105822152	0.0344669721	-0.0083351295	-0.0166319499	0.0575510095	-0.0364793918	0.0333488739	-0.0113294093	-0.0001303978	-0.0063541998	-0.0450087305	-0.0012954875	-0.0292272897	-0.0040989956	0.0017281203	-0.0189864842	-0.0325554273	-0.0040068575	-0.0171085969	0.0096547899	0.0285927141	-0.0039724187	0.0008618276	0.0128930698	-0.0550982565	-0.059630104	-0.0229347692	-0.0157522787	0.0453690762	0.0020076008	-0.0260106856	0.0113811344	-0.0190981305	0.0219534711	0.0305786829	-0.025203399	0.0168505874	-0.0563089767	0.0075390258	-0.0116256486	0.008800011	0.0150026623	-0.0022479356	0.0059133186	0.013863612	-0.013949057	0.0089774107	-0.0229528922	0.0082119603	-0.0212427554	0.0116885149	-0.0021951909	0.0093018142	-0.0048142022	-0.0295405676	-0.0146067648	-0.0363201296	0.0145526463	0.0094827794	-0.0560536653	-0.0028064906	-0.0061214815	-0.0425837794	0.0032499092	-0.0330696852	0.0229521086	-0.0274551188	-0.0486882801	-0.0181848193	0.0316420006	0.0478457346	0.0132081433	-0.0354645447	-0.0464522756	-0.0080793838	0.0388787369	0.0445239479	0.0028575952	-0.0418452649	-0.0420829549	0.0023970967	0.044329971	0.0391574033	-0.0076241876	-0.0463042454	-0.0357809787	0.0127634908	0.0477453555	0.0319925587	-0.0177558304	-0.0777256	-0.0074631	5.569786161000001e-05	0.00604126889536	-1.64168	0.0006999999999999	2.6951132224000003	4.899999999998921e-07	-0.208969	-0.0091229999999999	8.322912899999986e-05	0.0436680429609999	-0.0168456	-0.0027832999999999	0.0002837742393599	7.746758889999995e-06	0.00345044	5.909999999999986e-05	1.19055361936e-05	3.492809999999984e-09	0.000933064	5.202700000000006e-05	8.706084280960001e-07	2.706808729000006e-09	0.0	0.0	0.0	0.0	0.0	0.0	0.0	0.0	0.0	0.0	0.0	0.0	0.0	0.0	0.0	0.0	0.0	0.0	0.0	0.0	0.0	0.0	0.0	0.0	0.0	0.0	0.0	0.0	0.0	0.0	0.0	0.0	0.0	0.0	0.0	0.0	0.0	0.0	0.0	0.0	0.0	0.0	0.0	0.0	0.0	0.0	0.0	0.0	0.0	0.0	0.0	0.0	0.0	0.0	0.0	0.0	0.0	0.0	0.0	0.0	0.0	0.0	0.0	0.0	0.0	0.0	0.0	0.0	0.0	0.0	0.0	0.0	0.0	0.0	0.0	0.0	0.0	0.0	0.0	0.0	0.0	0.0	0.0	0.0	0.0	0.0	0.0	0.0	0.0	0.0	0.0	0.0	0.0	0.0	0.0	0.0	0.0	0.0	0.0	0.0	0.0	0.0	0.0	0.0	0.0	0.0
53880.05549676562	61.4989518789007	2903060380.334543	3782.121082203344	65644.0795390625	719.7578569335892	4309145178.530764	518051.3726176331	54566.38000936896	85.18599454485229	2977489827.32686	7256.653666595605	54707.91655640461	53036.77712846236	0.8768169999999998	20.086889	0.0847480499999999	0.0711488	0.0058063319	0.0022211892	-0.0022634449	0.0002262954	0.0108766369	0.0057118769	-0.0057092083	0.0116183021	-0.0012756766	0.0610439306	-0.0271994125	0.010574451	-0.006413844	-0.0019782239	0.0133704451	0.0035049005	0.005287339	0.0011410606	0.0130602647	-0.0090887574	0.0547263709	0.0264467372	-0.024588298	-0.0050622079	-0.016048009	0.0232150868	-0.0134960173	0.0207095387	0.0222511442	0.0201750396	-0.0086452235	-0.0182297403	-0.0129650154	0.033732147	-0.0246450447	-0.0128861668	0.0222683118	-0.0098518303	-0.0050008604	-0.0423770139	0.0520008676	-0.0130152063	0.002834543	0.0235325163	-0.0041717969	0.0637929306	0.0086223742	0.0184923639	-0.0193935965	-0.0289894711	0.0503900482	0.0166621702	-0.0514717195	0.0102572919	-0.0189187837	0.0219811631	0.0148977143	-0.0251673273	-0.0433604962	0.0542120847	0.0140583274	0.0333319469	0.0145415056	-0.0101209559	-0.0209395322	-0.0502714613	0.0346401052	0.0182191632	0.0392452516	0.001088004	0.0795136417	0.0133745912	0.0585359629	-0.0069034444	0.0444333007	0.0070409945	-0.038157132	0.0083291836	-0.0013879108	-0.0536298306	-0.0426277638	0.0082307066	0.0177951769	0.0404640043	-0.032072348	-0.0563218627	0.025198013	-0.0048663086	0.0234289752	0.0374855033	0.0196177884	0.0415926312	0.0019959035	0.0008512531	-0.0125598351	0.0347002479	-0.0009134575	-0.0357430816	-0.0269146315	0.0447252053	0.071687648	0.0490065062	0.0031532152	0.0143024831	-0.0261980772	-0.0272699177	-0.0058173493	-0.0581329725	-0.0161756948	0.0457640909	-0.0207518923	-0.0045321353	0.0002951233	-0.0158919147	0.0087970727	-0.0536224079	-0.0289066296	0.0223421008	-0.0097139465	0.0172182194	-0.0237690006	0.0092785465	0.0138815159	0.0281007195	0.0230168137	-0.0038294406	-0.0191579841	-0.013596897	0.0334929196	-0.0270029984	-0.0093978659	-0.0267028305	-0.0051033727	-0.0111761929	0.0397668324	-0.0489725228	0.0051646881	0.0458131582	-0.002815651	-0.0065852104	-0.0621913597	-0.008910071	-0.0104200846	0.0193808004	0.0212321226	-0.0352297418	0.0404558793	0.0405852089	-0.0140290681	0.0270197722	-0.0194044813	-0.013564386	-0.0247963907	-0.0443751108	-0.0631930549	0.002976797	-0.0284045685	0.0191347214	0.0243630305	-0.0187605581	0.0441090719	-0.0052497133	-0.0399803292	-0.0491582661	-0.0122493338	-0.0834215151	-0.0125320085	0.0356022618	0.0200606853	0.0512900378	0.010611494	-0.0265265165	-0.0184890735	0.045735525	-0.0271432427	-0.0109733227	0.0316912442	-0.0040980439	0.028827124	-0.0411370783	-0.0453707872	0.0032606932	-0.0125744471	0.0170672016	-0.0099116363	0.013120835	0.0528712151	-0.0052738694	-0.0051822697	0.00146385	0.0766884353	-0.013806808	-0.0150537477	-0.0688029494	-0.0375634532	-0.0405927591	-0.0344448756	-0.028490977	-0.0053001063	-0.001401212	0.0252160485	0.0048604143	-0.0011900764	-0.0872012871	-0.03059555	0.0025239357	0.0124182292	-0.032665145	0.0059202531	-0.0011205993	0.0024722967	0.0050196274	-0.0137425644	-0.0006115331	-0.0037633535	-0.0071404811	0.0119204007	0.0016758333	-0.0421956788	0.0052264974	0.010942176	0.0446208002	-0.0150569767	0.0284540455	-0.0225418599	-0.0190626915	-0.0216049068	-0.011533019	-0.0276939704	0.0130566709	0.0168331445	-0.0377843949	0.0227889965	-0.0277598318	-0.0486258757	-0.0174976787	0.0323402795	0.0475977133	0.0119602904	-0.0364659247	-0.0459001824	-0.0062547041	0.0400787482	0.0435571555	0.0004611576	-0.0431279427	-0.0406015827	0.0053388741	0.0455706274	0.0370750283	-0.0110638251	-0.0473724506	-0.0330270864	0.016633185	0.0485080733	0.0285146833	-0.0219686319	-0.0651501	0.0125755	0.00015814320025	0.00424453553001	-1.64162	5.999999999994898e-05	2.6949162244000004	3.599999999993878e-09	-0.209986	-0.001017	1.0342890000000363e-06	0.044094120196	-0.0155029	0.0013426999999999	0.00024033990841	1.8028432899999969e-06	0.00348487	3.4430000000000224e-05	1.2144318916900002e-05	1.1854249000000152e-09	0.000888283	-4.478100000000003e-05	7.89046688089e-07	2.0053379610000027e-09	0.0	0.0	0.0	0.0	0.0	0.0	0.0	0.0	0.0	0.0	0.0	0.0	0.0	0.0	0.0	0.0	0.0	0.0	0.0	0.0	0.0	0.0	0.0	0.0	0.0	0.0	0.0	0.0	0.0	0.0	0.0	0.0	0.0	0.0	0.0	0.0	0.0	0.0	0.0	0.0	0.0	0.0	0.0	0.0	0.0	0.0	0.0	0.0	0.0	0.0	0.0	0.0	0.0	0.0	0.0	0.0	0.0	0.0	0.0	0.0	0.0	0.0	0.0	0.0	0.0	0.0	0.0	0.0	0.0	0.0	0.0	0.0	0.0	0.0	0.0	0.0	0.0	0.0	0.0	0.0	0.0	0.0	0.0	0.0	0.0	0.0	0.0	0.0	0.0	0.0	0.0	0.0	0.0	0.0	0.0	0.0	0.0	0.0	0.0	0.0	0.0	0.0	0.0	0.0	0.0	0.0
53868.28877626752	-11.766720498104403	2901792535.6833487	138.45571128051037	65224.89975390625	-419.17978515625146	4254287547.9071193	175711.69228364114	54469.39277079304	-96.9872385759154	2966914748.818921	9406.524446581532	54606.52143048288	53067.06114898285	0.906329	20.762978	0.1189923999999999	0.0695405	0.0042958932	0.0118424836	0.0070384431	-0.0114829212	0.0014602249	-0.016616579	0.0098473498	-0.0409257087	0.0270699496	-0.0278497221	-0.0047115731	0.0215768569	0.018648271	0.0135791381	0.0120063997	-0.0136162864	0.0018909979	0.0469151901	-0.047463447	-0.0004742149	-0.0354630884	0.0077900033	0.0053398116	0.011380629	0.0310289171	0.0470941178	0.0118729715	0.020042918	-0.0055120458	-0.0333201879	-0.0089095932	-0.0323797145	0.0371304157	0.0088721497	0.0655917824	-0.0193387509	-0.0065253006	0.0202893357	0.0185399436	-0.0257284536	-0.017017654	-0.0136136252	-0.0104051011	0.032018664	0.0161856082	0.0111115061	-0.022485002	0.0760124336	0.0290947577	0.0120120924	-0.0380268288	-0.0097631142	0.0007648714	-0.0062794435	-0.0203295489	0.0002136495	-0.0032155937	-0.0189016265	-0.0366381541	0.0150758839	0.0139171824	0.0054311888	-0.0084609377	0.0313362754	-0.0538670901	0.0402448627	0.0364643812	-0.0572483707	-0.0101981761	-0.0143149114	0.0048156505	0.0767374361	0.0375551673	-0.0113076036	-0.0085680231	-0.01238908	0.0359509998	0.0658866306	-0.0029060608	0.0293264297	-0.025091208	-0.0577149938	0.0116024882	0.0446585242	0.0200631741	0.0501681004	-0.0513514595	0.0055453208	-0.0836810664	0.0214802869	-0.0244971438	0.033964567	0.0326484587	0.0187757897	-0.0013331193	-0.0116331925	0.0416425141	0.0353278623	0.0178613284	-0.00026354	-0.016924445	-0.0021885127	0.0037440203	0.0379731808	0.0032076394	-0.0124024478	-0.0171849295	0.0199010294	-0.1043634967	0.0051729792	0.0304029066	-0.0021564599	0.0488599772	0.0458572267	-0.0009444916	0.0344311519	-0.004529413	-0.0013972749	0.0197272857	-0.0242500198	-0.0484252791	-0.007493496	0.022188792	-0.0082322654	-0.0293126287	-0.0013800673	-0.0302942046	0.0427281111	0.0121824154	0.0653573436	-0.0199184141	0.0004102186	0.0224587882	0.01084548	0.0397182075	0.0203854153	0.0102237691	0.0303049667	-0.017632757	-0.0187889222	-0.007727121	0.0483984796	-0.0573193216	-0.0276451006	-0.0262975791	0.0302933663	-0.018433224	-0.0186458437	-0.0133591247	0.0145279844	0.0010267047	-0.005627848	0.0019771117	-0.0355527121	-0.0149995298	-0.0109968287	-0.0158982704	0.0117412747	-0.0145910204	-0.0628432184	-0.0466784397	-0.0489914599	0.019266399	-0.0090853875	-0.03336762	-0.0154201103	-0.0848812559	0.0195313653	0.003833739	-0.0036498581	-0.0155357725	0.0242287477	-0.0314676956	-0.0142285871	0.0658632521	-0.0538248814	-0.023183596	-0.0125424853	0.0621211569	0.0129449959	0.0596327087	-0.0451840616	0.019772636	-0.0313309949	0.0568101244	-0.0403712736	0.0208664861	0.0265833193	-0.0382780686	0.0009814332	0.0043911542	0.0299140529	-0.016666327	0.0465674087	-0.0059178184	-0.0018248079	0.0140706254	-0.0306660615	0.0024708979	0.0073140801	0.0186346021	0.0301743266	-0.0758041487	-0.0191849447	0.0280172484	0.0431253283	-0.0263435029	0.0682463101	0.0170892197	0.0010575327	0.0041092329	0.0077937584	-0.0140261919	-0.0021082621	-0.0046000121	-0.0115156158	0.0149661744	0.0016535079	0.0276676458	0.0087364583	0.0059369724	-0.0392548317	-0.0214739633	-0.0205140821	-0.0011292509	-0.001510841	-0.0453104032	0.0004242448	-0.0108445101	-0.0203958257	-0.012026294	-0.0171667793	0.022625561	-0.0280629691	-0.0485572616	-0.0168065656	0.0330270864	0.0473253789	0.0107041222	-0.0374341914	-0.0452953387	-0.0044211503	0.0412099568	0.0425013783	-0.0019363856	-0.0442907033	-0.0389906186	0.0082612638	0.046624473	0.0348222698	-0.0144468132	-0.0481719062	-0.0300666323	0.0203887125	0.0489069049	0.0248039116	-0.0259867497	-0.0701039	-0.0049537999999999	2.4540134439999944e-05	0.00491455679521	-1.66392	-0.0222999999999999	2.7686297664	0.0004972899999999	-0.223045	-0.0130589999999999	0.0001705374809999	0.049749072025	-0.0167525	-0.0012496	0.00028064625625	1.56150016e-06	0.00333379	-0.00015108	1.11141557641e-05	2.282516640000001e-08	0.000715371	-0.000172912	5.11755667641e-07	2.9898559744e-08	0.0	0.0	0.0	0.0	0.0	0.0	0.0	0.0	0.0	0.0	0.0	0.0	0.0	0.0	0.0	0.0	0.0	0.0	0.0	0.0	0.0	0.0	0.0	0.0	0.0	0.0	0.0	0.0	0.0	0.0	0.0	0.0	0.0	0.0	0.0	0.0	0.0	0.0	0.0	0.0	0.0	0.0	0.0	0.0	0.0	0.0	0.0	0.0	0.0	0.0	0.0	0.0	0.0	0.0	0.0	0.0	0.0	0.0	0.0	0.0	0.0	0.0	0.0	0.0	0.0	0.0	0.0	0.0	0.0	0.0	0.0	0.0	0.0	0.0	0.0	0.0	0.0	0.0	0.0	0.0	0.0	0.0	0.0	0.0	0.0	0.0	0.0	0.0	0.0	0.0	0.0	0.0	0.0	0.0	0.0	0.0	0.0	0.0	0.0	0.0	0.0	0.0	0.0	0.0	0.0	0.0
53910.13574949635	41.84697322883585	2906302736.5291247	1751.1691684149043	65491.86539892578	266.96564501953253	4289184433.431012	71270.65562069505	54618.91795930549	149.5251885124453	2983226199.0453434	22357.781999682305	54761.61991369826	53206.404484894985	0.950038	21.764299	0.10927805	0.0668013	0.0018290906	0.0023387617	-0.0032961908	0.0044264777	0.02165148	0.0148543028	0.0005206592	0.0704280518	-0.0161005341	-0.0035874828	0.012109586	0.0082700449	0.0068633848	-0.0027063331	0.0096655569	-0.0090217898	-0.0233421244	-0.0129618915	0.0251951434	0.022672915	0.0396010241	-0.0329287997	0.0070077908	0.0171648327	0.0453108727	0.0193509669	0.036999942	-0.0385555	0.0300294944	0.0657114765	0.0003333968	-0.0134533535	-0.0153468154	0.0302357899	-0.0365590222	-0.0218482319	0.0038199471	0.0235779111	0.0211318797	-0.0163843466	0.0158604242	-0.0090887624	-0.0356392758	0.0308904615	0.0028726722	-0.0140864933	0.0400082549	-0.0153766572	-0.0028383802	-0.0069723601	0.0121526704	0.0112933664	-0.0224681884	0.0263624295	-0.065571767	-0.0322748515	0.0350322168	0.0115054395	0.022127386	-0.0072183184	0.0017899033	-0.0089711785	0.0188845436	0.0255548506	0.0313607167	-0.0290847972	0.004431404	-0.0357460693	0.0095165217	0.000840147	-0.033683052	-0.0256472856	-0.0406633569	-0.021369161	-0.0154384216	0.0582188891	-0.0052820034	0.0556797978	0.0596247056	-0.0566499048	-0.0018850866	0.0184764448	-0.0243629945	0.0010276574	-0.0215612273	0.0242504741	0.0142356067	-0.0213894085	0.0240881965	-0.0274027009	-0.015177042	0.0228967621	0.0513170444	-0.0075483361	0.0126696648	-0.0110185398	0.0242682644	-0.0431882568	0.041070535	0.0072105544	0.003074338	-0.0369197799	0.0041926981	0.0572462612	0.047816923	0.0286234278	-0.0100050031	0.042204777	0.0056365804	0.0048790875	0.0288433685	0.0152699331	-0.0143930395	-0.0282023007	-0.0194236318	-0.0406572242	0.0335154966	0.000820773	0.0330298184	-0.0373567935	-0.0173280048	-0.0316451214	-0.0458147629	0.011626447	0.0641187983	-0.0046955474	-0.0147987827	-0.009826514	0.0262418018	-0.0383331963	-0.0179540184	-0.0114821615	0.0287627238	0.0225358609	0.0212196838	-0.0126916375	0.0052501229	0.0270735585	-0.0393313566	0.0030881404	0.0216548367	-0.0396181648	-0.0066578159	-0.0040932259	0.0151719986	-0.0077391088	0.006833297	0.0187800407	-0.0012123629	0.0715356554	0.045544606	0.0057608978	-0.0131470386	0.0221120078	0.0006706664	-0.0016435422	-0.0079727738	-0.0259093665	-0.0232515441	0.0202069348	0.0277949976	-0.0181498373	0.039185956	-0.018480574	0.0081797188	0.0366620325	0.0305637751	-0.0174753646	-0.0295096546	-0.0183481044	0.0519158212	0.0212993129	-0.048109174	0.0728470072	0.0128704876	0.0255609453	-0.0114378078	-0.0331845874	-0.0076254796	-0.0257715793	0.0164764206	0.0006481117	-0.0013118958	-0.0055764693	-0.0425423088	0.020715928	-0.0018456288	0.0319618543	-0.0485719657	-0.000926099	0.0048382173	0.0401672248	0.0481368809	-0.0127118544	-0.0043983052	0.0006224328	0.0642223818	-0.0310132419	0.0023526087	0.0564306082	0.0164409485	-0.0122227558	-0.0059368955	0.0503529299	-0.0072747097	0.0189721565	-0.001401706	-0.0606841876	0.0040334367	-0.0001429145	0.0006817619	0.0058616609	-0.0169444246	-0.0142910222	0.0021000101	0.010947074	-0.0239487414	0.0089862121	-0.011450169	0.0144010908	0.0301128505	0.0605377302	-0.0215687611	-0.0281842399	0.0084653904	-0.0008070211	-0.0394891324	0.0008966872	0.0099942544	-0.0151070575	0.0125101104	-0.0290610835	0.0224618045	-0.0283645137	-0.0484824465	-0.016111637	0.0337021777	0.0470288708	0.009440512	-0.0383684655	-0.0446384398	-0.0025813239	0.0422704209	0.0413587732	-0.0043292863	-0.0453303135	-0.0372552045	0.0111536535	0.0474871876	0.0324094805	-0.0177558304	-0.0486980765	-0.026918132	0.024004296	0.0489388583	0.0208905514	-0.0297745756	-0.0735115999999999	-0.0034076999999999	1.1612419289999335e-05	0.0054039553345599	-1.62236	0.04156	2.6320519696	0.0017272336	-0.221003	0.0020419999999999	4.169763999999952e-06	0.048842326009	-0.0158038	0.0009487	0.00024976009444	9.000316900000005e-07	0.00340021	6.641999999999976e-05	1.15614280441e-05	4.411616399999968e-09	0.000945618	0.0002302469999999	8.941934019239999e-07	5.301368100899997e-08	0.0	0.0	0.0	0.0	0.0	0.0	0.0	0.0	0.0	0.0	0.0	0.0	0.0	0.0	0.0	0.0	0.0	0.0	0.0	0.0	0.0	0.0	0.0	0.0	0.0	0.0	0.0	0.0	0.0	0.0	0.0	0.0	0.0	0.0	0.0	0.0	0.0	0.0	0.0	0.0	0.0	0.0	0.0	0.0	0.0	0.0	0.0	0.0	0.0	0.0	0.0	0.0	0.0	0.0	0.0	0.0	0.0	0.0	0.0	0.0	0.0	0.0	0.0	0.0	0.0	0.0	0.0	0.0	0.0	0.0	0.0	0.0	0.0	0.0	0.0	0.0	0.0	0.0	0.0	0.0	0.0	0.0	0.0	0.0	0.0	0.0	0.0	0.0	0.0	0.0	0.0	0.0	0.0	0.0	0.0	0.0	0.0	0.0	0.0	0.0	0.0	0.0	0.0	0.0	0.0	0.0
53915.24695977002	5.1112102736660745	2906853854.7329903	26.124470461629627	65919.8852006836	428.019801757815	4345431264.8713045	183200.9506967993	54524.92128755138	-93.99667175411014	2972967041.4136734	8835.374300849926	54666.41116161691	53396.59970386059	1.037269	23.76265	0.11484925	0.0776411	0.0015628473	-0.0046887422	-0.0209436538	-0.0115651404	0.0051490191	-0.0168040329	0.0015186437	-0.0674071672	-0.0235391793	0.0422802049	-0.0025034149	0.0228010346	-0.0178870873	-0.0174939793	-0.0244905413	0.0107111953	-0.0306456087	0.0309765181	-0.0496327177	0.0015845053	-0.000768379	0.0541234678	-0.0303103292	-0.025412827	-0.0138122555	-0.0152623794	-0.0114094125	0.0750989641	0.0195070408	0.0331281932	-0.0503620251	0.0489567657	0.0518609806	0.022796791	-0.0301617056	0.0519912138	-0.0426998915	0.0100884313	-0.0044917216	-0.0207313228	0.0302763272	-0.0540573131	-0.0107618007	0.0349397824	-0.0012185461	0.0410115747	-0.0233850298	0.0025087116	0.0573306438	-0.0616473835	-0.0336935991	-0.0448166542	0.0528255843	0.0327219766	-0.0427344679	0.0246623581	0.0027143454	-0.0313823751	-0.0107245688	-0.0420312023	-0.077685292	0.0024633736	0.0028839276	-0.0191756834	-0.0426363657	-0.0065769772	0.0482671987	0.0107018115	-0.0141023494	-0.0219138578	0.0015159311	0.0181358028	0.0081921508	0.0104475097	0.0069854274	0.0150906628	0.0323352927	-0.0295352944	-0.0295953781	0.0141103658	0.0378920683	-0.0463895554	0.0431820234	0.0521286199	-0.0286342686	-0.0070323367	-0.0051541712	0.0226956622	-0.0027120599	0.0614464334	-0.0004731449	-0.0435448109	-0.003832188	0.0039691152	0.0167174391	-0.0055388284	0.004835771	0.0023878438	0.0425000764	0.0177246519	0.0329917964	0.0105434971	-0.0172056283	-0.0075243453	-0.0103905822	-0.007584793	-0.0100427424	-0.0180810207	0.0277339004	0.0411206438	-0.0277682928	0.051648417	0.0320690696	0.0493436356	-0.0031788364	-0.0007096112	-0.0523032283	0.0258146952	-0.0336365908	0.005177998	0.0128396465	0.0095072335	0.0671962637	0.0286869235	0.0344202213	-0.0628482162	0.0388243448	0.0412174553	0.0167865958	-0.0301766346	0.0555287355	0.0409981465	0.0166170765	-0.0084775909	0.0307618338	-0.0214508693	0.0488440547	0.0461395243	-0.021267219	-0.0090108248	-0.0380403603	0.0276693567	0.001252446	-0.0341459219	0.0508470058	0.0105011742	-0.0381663459	-0.0965147654	0.0166353679	0.0520887635	-0.0195158639	-0.0058080121	-0.0224671394	-0.0249494594	0.0616321023	0.053230902	-0.0069975019	-0.0049689592	0.0107506598	-0.0301327241	0.0116677373	-0.025711803	-0.0430292106	0.0093951725	-0.0344622452	-0.0084473634	-0.01792098	0.0041272164	0.0105708502	0.0070592219	0.0026540477	0.0313344038	0.0353719599	-0.026749734	-0.0210435654	-0.0267962639	-0.0457221776	0.0471476233	0.0394355695	-0.043238043	-0.0130456042	0.0206298294	0.0139956272	0.0400893737	0.0364732643	-0.0408738689	-0.0158794708	-0.020958647	0.0189097452	-0.0165400809	0.002800793	0.0038414558	0.0169358731	-0.0017856832	-0.0499129782	-0.0115274706	0.0018373002	0.0091523783	0.0134030582	0.0085234846	-0.0011469442	-0.0107505171	0.0132246777	-0.0229715705	-0.0426351123	0.0160695041	0.0452170176	0.0154718648	-0.0116003845	0.0056092112	0.000768334	0.0190882093	-0.008102854	0.0309369825	-0.0277046371	0.0045251349	0.0073458002	0.0092411025	-0.0132777366	0.024587015	-0.000874335	-0.0297173789	-0.0061397876	0.0713232364	0.0120299715	-0.0002794074	-0.0281025792	-0.0299438069	0.0002764522	0.0055470723	0.0020453252	0.0220039401	0.0222977292	-0.0286644484	-0.04840144	-0.0154130506	0.0343653138	0.0467083402	0.0081703383	-0.0392678988	-0.0439302406	-0.0007378352	0.0432583199	0.0401316745	-0.0067118073	-0.0462438827	-0.0354008796	0.0140055395	0.0481552347	0.0298477488	-0.0209739336	-0.0489479767	-0.0236012772	0.0274551188	0.0486036939	0.0168065656	-0.0332985423	-0.0759916	-0.0024800000000001	6.150400000000532e-06	0.00577472327056	-1.6286	-0.00624	2.65233796	3.893760000000029e-05	-0.238341	-0.0173379999999999	0.0003006062439999	0.056806432281	-0.0144599	0.0013439	0.0002090887080099	1.8060672100000009e-06	0.00324581	-0.0001543999999999	1.05352825561e-05	2.3839359999999955e-08	0.000668093	-0.0002775249999999	4.4634825664900003e-07	7.702012562499996e-08	0.0	0.0	0.0	0.0	0.0	0.0	0.0	0.0	0.0	0.0	0.0	0.0	0.0	0.0	0.0	0.0	0.0	0.0	0.0	0.0	0.0	0.0	0.0	0.0	0.0	0.0	0.0	0.0	0.0	0.0	0.0	0.0	0.0	0.0	0.0	0.0	0.0	0.0	0.0	0.0	0.0	0.0	0.0	0.0	0.0	0.0	0.0	0.0	0.0	0.0	0.0	0.0	0.0	0.0	0.0	0.0	0.0	0.0	0.0	0.0	0.0	0.0	0.0	0.0	0.0	0.0	0.0	0.0	0.0	0.0	0.0	0.0	0.0	0.0	0.0	0.0	0.0	0.0	0.0	0.0	0.0	0.0	0.0	0.0	0.0	0.0	0.0	0.0	0.0	0.0	0.0	0.0	0.0	0.0	0.0	0.0	0.0	0.0	0.0	0.0	0.0	0.0	0.0	0.0	0.0	0.0
53815.2718829358	-99.97507683422008	2896083487.8343005	9995.01598800821	64993.16592773437	-926.7192729492236	4224111617.310012	858808.6108555375	54591.48071997401	66.55943242263311	2980229767.199294	4430.158044423063	54728.84394512667	52556.82769648564	1.028521	23.562258	0.0385557499999999	0.0181924	0.0015424013	-0.0091987899	-0.021665608	-0.0030409159	-0.001295235	0.0051068821	0.0105179409	0.0115724678	-0.0093557943	-0.0518484207	-0.0362873447	-0.0158572561	0.0417097772	-0.0223264532	0.0229631592	-0.0182322293	0.0032023034	-0.0047826438	-0.0015186533	0.0211207731	0.0204087914	-0.0337487123	0.0342771476	0.0751991332	-0.0024175314	0.0132400568	0.0252995226	-0.045932042	-0.0300433075	-0.0099109053	0.0561131913	0.0145309149	-0.0366236291	-0.0123500659	-0.0091269298	0.0065721015	0.0061329118	-0.0202582187	0.0337609563	-0.0143432543	0.0411023438	-0.0438063951	0.0154409183	-0.0177710878	0.0091035001	-0.0235357292	0.0433604724	0.0017226344	-0.0263790808	-0.0049546644	0.0051309991	-0.0055775585	-0.0699537177	-0.0019591321	0.0199606397	0.0319135222	-0.02089225	-0.0064614818	0.0147669872	0.0252494222	-0.0748677884	0.0385391412	0.0505000019	-0.0051821288	0.0549228109	-0.057817554	0.0193133657	-0.0007763135	-0.0019566896	0.0335019168	0.0226787447	0.0034114675	-0.0095165282	0.0172958863	0.0204773073	-0.0346746959	0.0077052033	0.0116515479	0.0037687793	-0.0002453625	-0.018989005	0.0288977294	0.0357130855	0.0109180166	0.0688643079	0.0407997933	-0.0157184771	0.0105341765	-0.0403324716	0.00640086	-0.053268478	-0.0176359322	-0.0409040662	-0.0258928732	0.0247512845	-0.010230435	0.0234890285	0.0370163981	-0.0231758912	-0.0004938941	-0.0093698419	-0.0181050598	-0.0072299915	0.031854936	0.0226880763	0.0361317465	-0.012022748	-0.0210671245	0.0488889375	0.0318435298	-0.0349143132	-0.0494809433	-0.0044007652	0.0016616419	-0.0195005991	-0.0207357713	0.0317526649	-0.0273808475	0.0747697076	0.0291637124	-0.0091751253	-0.0205624383	-0.0421629117	-0.0373563164	-0.0110712738	0.0515013506	0.025232182	-0.030827333	-0.0142211389	-0.0086007275	0.005459153	-0.0073666775	-0.0196787425	0.0366186169	0.0126923656	-0.0406926784	0.0460492574	-0.0068238042	0.0159002615	-0.0031306116	0.010303522	-0.0425980694	-0.0240103095	0.0095304839	0.0098911485	0.0233148677	0.053655109	0.0458603203	-0.0166208487	-0.0047675689	-0.0455934735	0.0032514582	0.0235255182	0.0056776181	-0.0098751597	0.0769431678	-0.0552569672	-0.0226274614	0.0120120423	0.0522216952	0.061136753	-0.0103139398	-0.0030806831	-0.0055170165	0.013451899	-0.0223810812	0.0061979555	-0.0256617393	0.019169259	0.0175560046	-0.0363811705	0.0019567351	-0.0159574454	0.0041775741	-0.0017497585	0.0224783319	0.0348296384	0.0102870135	0.0426515598	0.0600328135	0.0487725791	0.0046095551	-0.0078717214	-0.0204149726	0.0145503756	-0.0604263099	-0.0275479056	-0.0362239971	0.0051520537	-0.0362190935	-0.0012601731	0.0128484149	-0.042648241	0.0303505811	0.0165184602	0.0018453342	0.0271537914	-0.0209476459	0.0120677855	0.0387607596	-0.0119390344	-0.0309055434	0.0115464359	-0.0136973819	-0.0376944607	-0.0783973997	0.0046618869	0.0078813699	-0.0138859387	0.0031890585	-0.0015206499	0.0128475024	-0.0002164746	-0.0044176525	0.0226343976	-0.0144623894	0.0168908255	0.005239302	0.0015814953	0.0216915037	0.0102308705	-0.0013567836	-0.0307023681	-0.0439977164	0.0113958658	-0.0372909979	-0.0121561904	-0.0275320525	-0.0229334594	0.0091865179	0.033119122	-0.0006015762	0.0221333376	-0.0289627561	-0.0483142525	-0.014710965	0.0350162597	0.046363951	0.0068944842	-0.0401316745	-0.043171555	0.0011067004	0.044171958	0.0388225891	-0.0090782364	-0.0470288708	-0.0334335625	0.0168065656	0.0486258757	0.0271488476	-0.0240846454	-0.048920189	-0.0201368126	0.0307174953	0.047903926	0.0125853106	-0.0365274207	-0.0702075	0.0057841	3.345581281e-05	0.00492909305625	-1.62013	0.0084699999999999	2.6248212169	7.174089999999962e-05	-0.237194	0.001147	1.315609000000021e-06	0.0562609936359999	-0.0143411	0.0001187999999999	0.00020566714921	1.4113439999999709e-08	0.00304061	-0.0002052	9.2453091721e-06	4.210704e-08	0.000807186	0.0001390929999999	6.51549238596e-07	1.9346862648999993e-08	0.0	0.0	0.0	0.0	0.0	0.0	0.0	0.0	0.0	0.0	0.0	0.0	0.0	0.0	0.0	0.0	0.0	0.0	0.0	0.0	0.0	0.0	0.0	0.0	0.0	0.0	0.0	0.0	0.0	0.0	0.0	0.0	0.0	0.0	0.0	0.0	0.0	0.0	0.0	0.0	0.0	0.0	0.0	0.0	0.0	0.0	0.0	0.0	0.0	0.0	0.0	0.0	0.0	0.0	0.0	0.0	0.0	0.0	0.0	0.0	0.0	0.0	0.0	0.0	0.0	0.0	0.0	0.0	0.0	0.0	0.0	0.0	0.0	0.0	0.0	0.0	0.0	0.0	0.0	0.0	0.0	0.0	0.0	0.0	0.0	0.0	0.0	0.0	0.0	0.0	0.0	0.0	0.0	0.0	0.0	0.0	0.0	0.0	0.0	0.0	0.0	0.0	0.0	0.0	0.0	0.0
53843.35208999254	28.080207056744257	2899106564.2869043	788.49802834963	65718.6391796875	725.4732519531244	4318939535.629956	526311.4392994415	54583.49887232531	-7.981847648698022	2979358349.1451387	63.70989188702614	54731.2161130025	53400.30257932985	0.934625	21.411209	0.0947504999999999	0.0574742	0.0013067133	1.49561e-05	-0.0077670406	-0.0022181456	-0.0018599373	0.0078741462	0.0009091187	0.0285399645	-0.0097108101	0.0259609874	0.0093713715	0.0088317527	-0.0047183881	-0.0005468623	-0.0370851462	0.0007508369	-0.0522469703	0.0130272295	0.0066629437	-0.0405527439	0.0274158783	-0.0412548693	0.0054077456	-0.0126581631	0.0266324126	0.0246014879	0.0039021737	-0.0027080392	0.0312689417	-0.0136952453	0.0046863809	0.0364309102	0.046621964	-0.001933893	-0.0350221173	0.0649139038	0.0811029012	-0.0245110636	0.0086807652	-0.0196649289	-0.027262316	-0.0201412019	-0.0192122291	0.0167010925	0.0019649665	-0.0199699899	0.007317774	0.0091924563	-0.0284362816	-0.0190485531	-0.0159905251	0.0120167217	0.029432033	0.0062000545	-0.0143874975	0.0342106591	-0.0355068445	0.0185343442	-0.0064251012	0.0096896866	-0.0408837534	-0.0134889016	0.0239072257	0.0064020797	0.0243000143	-0.0246758945	-0.0151302896	0.0072358663	-0.0567290601	0.0197947069	0.021692736	0.0307008345	-0.0461032923	-0.0519103296	-0.013651276	0.0010092974	-0.026735082	-0.0122706281	-0.0286618311	0.0089614733	-0.0448627647	-0.0604778374	0.0313903422	-0.0438650428	-0.0200743602	-0.0641753977	-0.0797492609	-0.0191542331	0.072444382	-0.0666006162	0.0177390912	0.008573895	0.0368186952	2.5984e-06	-0.016785672	-0.028919018	0.0016889917	0.0094371632	0.0068021742	-0.0296165665	0.0813154887	0.0314024962	-0.01845654	-0.0640498478	-0.0245366366	0.0250582051	0.0091463069	0.0062307059	-0.0106179044	0.0515871688	-0.0073851483	0.0255075648	0.0131234929	-0.0118773647	0.0419797824	-0.0272585717	0.0400909744	-0.0067424769	-0.0058758985	-0.0249790383	-0.0247503348	-0.002002305	-0.0066627524	0.0247173461	-0.0086176923	0.000679276	0.0343437909	0.0486062289	-0.0068000299	-0.0330513233	0.0687904507	-0.0773551817	-0.0329426737	0.0052683709	0.0239781275	0.0245672542	0.0178526832	-0.0029917251	-0.0216382658	-0.0020940865	0.0252217441	-0.0036945078	-0.0204650991	0.0321405441	0.0167845322	-0.0052024911	-0.034535494	-0.0081241157	0.0121140855	-0.0019985548	-0.0174310033	-0.0335061481	0.0361639272	-0.0033228474	0.0036679663	0.044671525	-0.0176694595	-0.0242922221	-0.0146510427	0.0170216112	0.0313049939	0.0108012683	0.011421503	0.0501968315	0.0103590412	-0.0248791683	-0.0302695807	-0.0411072193	-0.0650105174	-0.0044804205	0.0150271428	-0.030374447	0.001159622	-0.0029928158	-0.0016082444	-0.0794217236	0.0077793989	0.0317913304	-0.0339232495	0.012733378	-0.0355424022	-0.0902392638	-0.0135112918	0.0468481438	-0.0547471757	0.0614458312	-0.036926585	0.0162290383	-0.0108918166	0.0117236614	0.0022410314	0.0174151987	-0.0396708641	-0.0324757252	-0.0734797721	0.0316379354	-0.0435874648	0.0301221055	0.0120910091	-0.0081063863	-0.0423056839	0.0182643275	-0.0299741447	-0.0194725069	-0.0393624631	0.004130268	0.0028760736	-0.0325844364	-0.0022801776	0.0032834761	-0.0081661	-0.0038125322	-0.0118262058	-0.0078077271	-0.0232346498	0.0050108271	-0.0178207247	0.0075394271	-0.002090363	0.0148637051	0.0220901321	0.043868015	-0.0022554111	0.0246164515	-0.0053127888	-0.0011731968	-0.0116159049	-0.0108906733	-0.0048138973	0.0190674859	0.0142086931	0.0131665584	0.0219686319	-0.02925942	-0.048220895	-0.0140055395	0.0356547843	0.045995879	0.0056138368	-0.0409590082	-0.0423632548	0.0029496658	0.0450097667	0.0374341914	-0.0114229	-0.047683095	-0.0313595323	0.0195465601	0.0488971813	0.02432518	-0.0270720383	-0.0486148711	-0.0165464061	0.0337690332	0.0468448038	0.0082612638	-0.039432597	-0.0699988	0.0002087	4.355569000000255e-08	0.00489983200144	-1.67035	-0.0502199999999999	2.7900691225	0.0025220483999999	-0.225667	0.0115269999999999	0.0001328717289999	0.050925594889	-0.0146855	-0.0003443999999999	0.00021566391025	1.1861135999999997e-07	0.003105	6.439000000000011e-05	9.641025e-06	4.146072100000013e-09	0.00056008	-0.000247106	3.136896064000001e-07	6.106137523599999e-08	0.0	0.0	0.0	0.0	0.0	0.0	0.0	0.0	0.0	0.0	0.0	0.0	0.0	0.0	0.0	0.0	0.0	0.0	0.0	0.0	0.0	0.0	0.0	0.0	0.0	0.0	0.0	0.0	0.0	0.0	0.0	0.0	0.0	0.0	0.0	0.0	0.0	0.0	0.0	0.0	0.0	0.0	0.0	0.0	0.0	0.0	0.0	0.0	0.0	0.0	0.0	0.0	0.0	0.0	0.0	0.0	0.0	0.0	0.0	0.0	0.0	0.0	0.0	0.0	0.0	0.0	0.0	0.0	0.0	0.0	0.0	0.0	0.0	0.0	0.0	0.0	0.0	0.0	0.0	0.0	0.0	0.0	0.0	0.0	0.0	0.0	0.0	0.0	0.0	0.0	0.0	0.0	0.0	0.0	0.0	0.0	0.0	0.0	0.0	0.0	0.0	0.0	0.0	0.0	0.0	0.0
53783.07404192708	-60.27804806546192	2892619053.3994107	3633.443078582137	65249.04437597656	-469.5948037109338	4257437791.9781594	220519.27967231043	54478.96445841392	-104.53441391139496	2967957568.461127	10927.443691798842	54615.76911869648	52723.89048390574	0.8607599999999999	19.719048	0.0857764999999999	0.0501827	0.0032124302	-0.0035655837	-0.0169469669	-0.0088926965	-0.0100540356	-0.0097599929	0.0081961999	-0.0270002087	-0.0096715476	-0.0210338284	-0.017610445	0.0081451335	0.0051055534	-0.0044654884	0.0128740498	-0.0207867907	0.0050144109	0.0352706774	-0.0560621894	-0.0213164422	0.0196683503	-0.000419523	0.0198378185	0.0317989894	-0.0122485632	0.027035168	-0.0014226691	0.009729551	0.0471129547	-0.0003139659	0.0178122524	0.0261172157	0.0227991718	0.0518158369	0.0039572644	0.0457002345	0.0259136484	0.0178342314	0.0254672888	-0.0160276834	-0.001147275	-0.0716361112	-0.011116786	-0.0499648705	-0.0142267108	0.0231486995	0.0081629858	-0.001619091	-0.00972316	-0.0157670665	0.0311100759	0.046195058	-0.0364432435	0.0039200688	0.0011269645	-0.052811529	0.0373659271	0.032044562	-0.0423561687	0.0290328057	0.0051651926	-0.0633554125	0.0154480844	-0.0078806072	-0.0380243217	-0.017573619	-0.0091104981	-0.0053760596	-0.0143994988	-0.0153395991	0.0587586531	0.003066098	0.0081317539	-0.0363396511	0.0054756306	0.0262616173	0.0608238675	-0.02261687	-0.0066457208	0.0300205501	-0.0261775767	0.0222252386	-0.0137472928	-0.0584997734	-0.0003485288	-0.0027610503	-0.0141278974	0.0292931566	0.0399326063	0.0064069851	-0.0280869732	-0.0145912226	-0.0139055262	0.0187133022	0.0577817674	0.0420901475	-0.0536851008	-0.0023890451	0.044742812	-0.0221617904	-0.0473731811	-0.04431131	0.0015121492	-0.0324030467	0.0171571683	-0.0664087781	-0.0116482375	-0.0269720815	0.0479990793	-0.0075888966	-0.0430505208	0.0077253774	0.0390677713	0.054057462	0.0223005314	-0.0203852463	-0.0007870392	-0.017593203	0.0293750827	0.0214647388	-0.0265988136	0.0004031375	0.0004205784	0.0471041127	0.0051631172	0.014349633	0.0272517865	0.0244954425	0.0492705217	0.0015831521	0.0499006274	-0.0262550553	0.0159934379	0.0225393156	0.0220912063	0.0032966106	0.0627755055	-0.0297557244	-0.0143164263	0.0046526985	-0.0506464728	-0.0103990689	-0.0005495026	-0.0118431465	0.020832303	-0.0228131779	0.0232908923	0.0762772062	-0.0001827313	-0.0044397895	0.0494905875	-0.008776953	-0.0171265718	-0.03400212	-0.016912231	0.008730038	0.0623441821	-0.0367205581	-0.0148451648	-0.0447360232	0.0183888557	0.0055826007	0.0134975804	0.011397626	-0.0265089499	-0.0511733382	0.0129929077	-0.0013312256	-0.023254122	0.0165170048	0.0108262274	0.0602576818	0.0380892221	-0.0178112641	0.0251760815	-0.0134581941	0.0460932022	-0.0028009733	-0.0629011274	0.0156046188	0.0031036729	-0.0033900751	-0.0105715882	0.036840844	-0.0072609649	-0.0185567232	-0.0202745641	0.0292395339	0.018642822	-0.0636218501	-0.0181521716	-0.067623996	0.0381363827	0.0248921063	0.0158445517	0.0342952205	0.0229451908	0.0652931882	-0.0037787057	-0.0161276363	0.0557758301	-0.0286851222	0.0331793349	-0.0077158201	-0.0064710493	-0.0077241889	0.0459046525	-0.0207368137	-0.0118879402	-5.39704e-05	0.0024003112	0.0233427664	-0.002185461	0.0025256079	0.0162646996	-0.0145082953	0.0039680859	0.0065468803	0.0129530222	0.0250168225	0.0042871782	-0.0246883368	-0.0236636355	-0.0003529235	0.0123432951	-0.0103753206	-0.0327011625	-0.0174674279	-0.0119543899	-0.0121748936	0.0038368265	0.0057581717	0.0218036145	-0.0295544231	-0.0481213794	-0.0132969345	0.0362806612	0.0456043123	0.0043292863	-0.0417491486	-0.0415062691	0.0047884463	0.0457703078	0.0359693177	-0.0137401766	-0.0482047363	-0.029185409	0.0222155728	0.0489680393	0.0213897225	-0.0299208162	-0.0480337549	-0.0128525131	0.0365887872	0.0454342724	0.0038697424	-0.0419883256	-0.0795841	-0.0095853	9.187797609000007e-05	0.00633362897281	-1.62569	0.0446599999999999	2.6428679761	0.0019945155999999	-0.23751	-0.0118429999999999	0.0001402566489999	0.0564110001	-0.0145975	8.800000000000127e-05	0.00021308700625	7.744000000000223e-09	0.00340101	0.0002960099999999	1.15668690201e-05	8.762192009999988e-08	0.000569834	9.753999999999948e-06	3.24710787556e-07	9.514051599999896e-11	0.0	0.0	0.0	0.0	0.0	0.0	0.0	0.0	0.0	0.0	0.0	0.0	0.0	0.0	0.0	0.0	0.0	0.0	0.0	0.0	0.0	0.0	0.0	0.0	0.0	0.0	0.0	0.0	0.0	0.0	0.0	0.0	0.0	0.0	0.0	0.0	0.0	0.0	0.0	0.0	0.0	0.0	0.0	0.0	0.0	0.0	0.0	0.0	0.0	0.0	0.0	0.0	0.0	0.0	0.0	0.0	0.0	0.0	0.0	0.0	0.0	0.0	0.0	0.0	0.0	0.0	0.0	0.0	0.0	0.0	0.0	0.0	0.0	0.0	0.0	0.0	0.0	0.0	0.0	0.0	0.0	0.0	0.0	0.0	0.0	0.0	0.0	0.0	0.0	0.0	0.0	0.0	0.0	0.0	0.0	0.0	0.0	0.0	0.0	0.0	0.0	0.0	0.0	0.0	0.0	0.0
53776.75801669392	-6.316025233158143	2891939702.786054	39.89217474589038	65454.16866992188	205.124293945315	4284248196.270583	42075.975966564	54482.778896427706	3.814438013789186	2968373196.277028	14.549937361039987	54616.67909654496	53106.92664929675	0.871202	19.958256	0.1687909499999998	0.100914	0.0035861608	0.0079781016	0.0093347194	0.0018332507	-0.0035269227	0.0040778534	0.0031365045	0.0452480675	0.0249427343	0.0034096876	0.0033122007	0.0089448758	0.0135765501	0.0017728121	-0.0609869228	-0.0125770087	0.0021501457	0.0572683327	-0.0197575136	-0.037933853	0.0124273512	-0.0464520433	0.0235997661	-0.0183965823	0.0875132922	0.0019262181	0.0307885619	-0.0044373441	-0.0727190004	0.0107976886	-0.0160425656	-0.0374897911	0.0351622489	0.0108204548	-0.0192398023	0.0143020024	-0.053881016	-0.0291366007	-0.0164018298	-0.0161833883	0.0150544843	0.0058026969	-0.029072519	0.0119623394	-0.0036727031	-0.0262230951	0.0371922065	0.0447606531	-0.0121739348	-0.0041748001	-0.0206623899	0.0326374327	0.0212420701	-0.0286086596	0.0440220955	-0.0115355091	-0.0214388896	0.0637952687	0.0083538727	0.0105595635	-0.030134451	-0.0326201134	0.0101525335	0.0006210336	0.0484299435	0.015654902	0.0075886513	0.0241434735	0.0266728479	0.0037129877	-0.0200305217	0.0001959221	0.0213523924	-0.0170891873	-0.0320522677	-0.000203191	0.0296938978	-0.0087898443	-0.0183695439	-0.0133027385	-0.0445027762	-0.0091935385	-0.008808777	-0.0070552564	-0.0199321603	0.0344555234	-0.0228955034	-0.0533663979	0.0305716803	0.0001619438	0.0096200281	-0.0269876853	-0.0005334187	0.026901524	0.0489231515	0.0126679833	-0.0723592166	0.0199890125	-0.0376392643	-0.0066269729	0.0024858368	0.0199266206	0.0126862299	-0.0069327456	0.0052680337	0.0610053997	-0.0620675021	-0.0452680394	0.0249291516	0.0061577475	0.0149892445	0.0218361931	0.0589914395	0.012948695	0.0409183113	-0.0138808925	0.0483048329	-0.0162920681	0.0123953892	-0.0853518496	-0.0030953314	-0.0190325588	0.0097386123	-0.0836439963	0.0077667821	-0.0107328544	-0.0349128127	0.0370445377	0.0086922013	-0.0187658307	0.0130933958	0.0546812029	-0.0218338697	-0.0121528801	0.0167699081	-0.0202544817	-0.010985723	0.0085447001	-0.0294592937	0.0078917411	0.0214332305	-0.0198602193	-0.0548688089	-0.001691705	0.0007583236	0.004689418	-0.0328138426	0.0249799565	0.0051241185	-0.0673164554	0.0187837621	-0.0207160702	0.0339598558	0.0272237458	0.002179959	0.0329018147	0.0328277177	-0.024572622	-0.0141056571	0.0424245455	-0.0093785572	0.0030533769	-0.0213281966	-0.0205837639	0.0157263362	0.0121173269	-0.0034199337	0.0270966967	-0.0081712796	-0.0340170855	-0.00654498	0.029362206	0.0085200522	0.0117847358	0.000316816	-0.0429267766	0.0253653588	-0.0119987307	-0.0175501324	-0.0258997977	0.0343946199	-0.0070432101	0.0648649383	0.0203375704	-0.0215743628	0.0260385536	-0.0280002331	0.0124332357	0.0251039763	-0.0538538505	-0.0240641859	-0.0442365332	-0.0335700841	-0.0203588031	0.0234753746	-0.0014011644	-0.0238067935	-0.0151977911	-0.0118738662	0.0358024563	-0.0480811265	-0.0734711904	0.0138606055	-0.024043302	0.0053053127	0.0131950533	-0.0077002675	-0.0337793167	0.0145975282	-0.0095981473	-0.0021571021	-0.0056629368	-0.0144002673	-0.0265207034	-0.0041218725	-0.0023972734	-0.0374161616	0.0069955832	0.0203015059	0.0078346779	0.0076808351	0.016731724	-0.0064628012	-0.0227107614	-0.0006544673	0.0283543764	-0.0327328242	0.005059245	0.0020198381	-0.0281960828	-0.0075493822	0.0308152161	0.0216382877	-0.0298477488	-0.0480157186	-0.0125853106	0.0368936684	0.0451894509	0.0030417259	-0.0425013783	-0.0406015827	0.006620433	0.0464522756	0.0344309608	-0.0160245105	-0.0485923444	-0.026918132	0.0248039116	0.0488381591	0.0183559655	-0.0326163926	-0.0471801374	-0.0090782364	0.0391574033	0.0436829132	-0.0005533855	-0.044171958	-0.0886601999999999	-0.0090760999999998	8.237559120999805e-05	0.0078606310640399	-1.68706	-0.0613699999999999	2.8461714436	0.0037662768999999	-0.210205	0.0273049999999999	0.0007455630249999	0.044186142025	-0.0158531	-0.0012555999999999	0.0002513207796099	1.5765313599999978e-06	0.00350162	0.00010061	1.22613426244e-05	1.0122372100000022e-08	0.000505247	-6.458699999999996e-05	2.55274531009e-07	4.171480568999994e-09	0.0	0.0	0.0	0.0	0.0	0.0	0.0	0.0	0.0	0.0	0.0	0.0	0.0	0.0	0.0	0.0	0.0	0.0	0.0	0.0	0.0	0.0	0.0	0.0	0.0	0.0	0.0	0.0	0.0	0.0	0.0	0.0	0.0	0.0	0.0	0.0	0.0	0.0	0.0	0.0	0.0	0.0	0.0	0.0	0.0	0.0	0.0	0.0	0.0	0.0	0.0	0.0	0.0	0.0	0.0	0.0	0.0	0.0	0.0	0.0	0.0	0.0	0.0	0.0	0.0	0.0	0.0	0.0	0.0	0.0	0.0	0.0	0.0	0.0	0.0	0.0	0.0	0.0	0.0	0.0	0.0	0.0	0.0	0.0	0.0	0.0	0.0	0.0	0.0	0.0	0.0	0.0	0.0	0.0	0.0	0.0	0.0	0.0	0.0	0.0	0.0	0.0	0.0	0.0	0.0	0.0
53898.18607994104	121.42806324712	2905014462.70795	14744.774543946576	65339.925576171874	-114.24309375000304	4269305874.2996793	13051.48446957198	54574.06606058087	91.2871641531674	2978328686.384645	8333.34633912733	54706.1166169868	52834.17874676593	0.957989	21.946449	0.2428029	0.135224	7.81804e-05	-0.0088208061	-0.0175743072	-0.0043521944	0.003862136	-0.001823421	-0.003720791	-0.0421993452	-0.0160254912	-0.0230432077	-0.0175236535	0.008659829	0.0030950976	-0.0115385584	-0.0119598981	0.0010311141	-0.0073304073	0.013627592	-0.0226145699	-0.0288831922	0.0167813725	-0.0033846074	-0.032029885	0.0182626549	0.0325663427	0.0338666815	0.021782352	0.070459993	0.0749110461	-0.0651365259	0.0228018342	0.0724195389	0.0119547443	0.048530511	-0.0056553153	-0.0307132737	0.0269070119	0.0176644745	-0.0234113415	-0.0558907647	0.0183275625	-0.0606429304	0.0394543266	-0.0197521453	-0.032015464	-0.0159219222	0.036854318	-0.0134056136	-0.0129735406	0.0286628576	0.0585376296	-0.0553318444	0.0528159563	-0.0238266695	0.008079019	-0.0003475014	-0.0113152195	0.0011744223	-0.0276887965	0.020289545	0.0683920569	0.0026894872	-0.029373233	0.0107594021	0.0351379161	-0.0421064161	-0.0811885984	-0.025107741	0.0188664569	0.0135899177	0.0286019897	-0.0084583805	0.0063024603	-0.0089907174	0.0119058796	-0.0375640832	-0.0088746139	-0.0093756798	-0.0176719677	-0.0486254699	0.0143301172	0.0163961513	-0.0457313372	0.02726707	0.0169432177	0.0011112296	0.0329619106	-0.0535573316	-0.055494659	0.0256248992	0.0206768249	0.0026119576	0.0656936987	0.0044990739	-0.0058291293	0.0272141187	0.0014072923	-0.0697888369	0.0321560402	-0.0500389825	0.0635017628	-0.0284903273	0.0158691376	0.0507956652	0.0715625414	-0.0010587347	0.0364775476	-0.031900487	-0.0214468021	0.0015120008	-0.0330141635	-0.0238408694	0.0170541542	0.0196800801	0.0320144761	-0.0158864815	0.0024601203	0.0392530583	0.0317610063	-0.0221147772	-0.036832236	-0.0264698096	0.0585081637	0.0844916523	-0.0491245094	0.0199270382	0.0711900914	0.0230167086	0.0467273493	-0.0141865309	-0.0278535822	-0.0305371193	0.0183264645	-0.0212239635	0.0509350438	-0.0243029014	0.0620502584	-0.0274311448	0.0377844893	0.0308129192	0.00467934	-0.0436404208	-0.0008993788	0.0126863186	-0.0300972378	-0.047357303	0.0357711962	-0.0557129438	0.0100521458	-0.0359708721	0.0211059131	-0.026432661	0.0030514117	-0.0187371655	-0.0263077278	-0.0598845057	0.0062145567	0.0416209171	-0.021213359	0.0221708726	0.0333132751	0.0679368419	0.0653479951	-0.0157924932	0.0037026012	-0.0304336264	0.0106421651	0.0070698561	-0.0084276006	0.0099164392	-0.0344679985	-0.0128326331	-0.0083720236	0.014057732	-0.0393976713	0.0217453793	-0.0108380065	-0.0413505948	0.0180515705	-0.0068020525	-0.0048256592	0.0290917279	0.0723621181	-0.041143047	0.0448699631	0.0245713075	0.0078138607	0.0248168441	-0.0423002714	0.017740096	0.0412867529	-0.0053200464	0.0472739123	-0.0681520447	-0.041151634	0.0612111705	0.0394483333	-0.0253993386	-0.0177601262	0.0878529965	0.0311555964	0.0367008327	0.0092298872	-0.0142782827	0.0111277742	-0.0033623186	0.0059031675	-0.0042614547	-0.0171856538	-0.0013480887	0.0007841967	0.0226290793	-0.0057519345	0.0182815242	-0.0049814743	0.0119680627	0.0014185174	-0.0029620644	-0.0047240926	0.0162579065	0.0132684287	-0.0137815335	-0.0184897718	-0.0074138803	0.0205562545	-0.0324209419	0.003431461	-0.0204885214	-0.0108596284	0.0104583432	0.0050519573	0.0393867039	0.0214726538	-0.0301393805	-0.047903926	-0.0118708295	0.0374935883	0.0447515066	0.0017520508	-0.0432150141	-0.0396502352	0.0084430267	0.0470544995	0.0328222635	-0.0182704248	-0.0488448413	-0.0245649379	0.0273021769	0.0485080733	0.015237851	-0.0351449656	-0.0460588611	-0.0052471816	0.0414572508	0.0416038638	-0.0049719936	-0.0459641431	-0.0888381	-0.0001779000000001	3.1648410000037625e-08	0.00789220801161	-1.62991	0.05715	2.6566066081	0.0032661225	-0.247744	-0.0375389999999999	0.0014091765209999	0.061377089536	-0.0140196	0.0018334999999999	0.00019654918416	3.361722249999994e-06	0.00263113	-0.0008704899999999	6.922845076900001e-06	7.577528400999996e-07	0.000759977	0.00025473	5.77565040529e-07	6.48873729e-08	0.0	0.0	0.0	0.0	0.0	0.0	0.0	0.0	0.0	0.0	0.0	0.0	0.0	0.0	0.0	0.0	0.0	0.0	0.0	0.0	0.0	0.0	0.0	0.0	0.0	0.0	0.0	0.0	0.0	0.0	0.0	0.0	0.0	0.0	0.0	0.0	0.0	0.0	0.0	0.0	0.0	0.0	0.0	0.0	0.0	0.0	0.0	0.0	0.0	0.0	0.0	0.0	0.0	0.0	0.0	0.0	0.0	0.0	0.0	0.0	0.0	0.0	0.0	0.0	0.0	0.0	0.0	0.0	0.0	0.0	0.0	0.0	0.0	0.0	0.0	0.0	0.0	0.0	0.0	0.0	0.0	0.0	0.0	0.0	0.0	0.0	0.0	0.0	0.0	0.0	0.0	0.0	0.0	0.0	0.0	0.0	0.0	0.0	0.0	0.0	0.0	0.0	0.0	0.0	0.0	0.0
53895.86714885813	-2.318931082911149	2904764495.727365	5.377441367291475	65260.29185253906	-79.63372363281087	4258905692.678577	6341.5299396269	54554.4673616568	-19.59869892407005	2976189909.1140776	384.1089995163445	54697.5865042965	53079.91846622616	0.938345	21.496416	0.1926222	0.0968594	0.0006597148	-0.0043556859	0.0014033595	0.0047752997	0.0231083034	0.0067084247	-0.0118224072	0.0344195428	0.0249419939	0.0106394457	-0.0196096541	-0.0052265389	0.0229643926	-0.0007932097	-0.0484565853	-0.0328885934	0.000247853	0.043641565	0.0069045409	-0.0078101667	-0.0024943595	-0.0230853721	0.0384770446	0.0195217665	-0.0172058546	-0.015748824	0.0251067347	-0.0294544684	-0.0648709918	0.0222156868	0.0406292751	-0.0021921846	-0.0318261179	0.0008593947	-0.0337453003	-0.0082284687	0.0522353014	-0.0410472931	-0.0178631771	-0.0054926172	-0.0408357291	0.0661825927	0.0481692149	0.0228025534	0.0380634653	-0.0390157331	0.0172935545	0.023608072	0.0417171659	0.0017491565	-0.0092206607	0.0196402396	-0.0243754199	-0.0309095221	0.0069559452	-0.0247290008	-0.0098017949	0.083266616	-0.0537377515	-0.0228672165	-0.1247107652	-0.0595966548	0.0179942713	-0.0475113971	-0.0136330896	0.0503850404	-0.0448952762	-0.0200871624	-0.0267580605	-0.0296374311	-0.0201138117	-0.0089465119	-0.0069738843	-0.0046422471	0.0266530844	-0.0341201271	0.015725032	0.021362371	-0.0422050913	-0.0165197257	0.0055440607	-0.0555865136	0.0715825234	-0.0156854173	-0.0016959758	0.0525595307	0.0233491072	0.0073825056	0.0680904901	0.0162381572	0.0108774733	0.0433171704	0.0182245409	-0.0158833735	-0.0385539137	0.0345385732	0.048153038	-0.0165416566	0.0285042826	-0.0187794237	0.0500043749	-0.0355223409	0.0060625345	0.0046891953	-0.0305793339	0.0186272441	-0.0262354923	-0.005122519	0.0470736606	0.0109591257	0.0237809754	-0.0098025975	0.0441489737	-0.0106217477	0.0075159625	0.0022282906	0.0219422207	-0.0383760861	0.0169008637	0.0188105746	0.0162645824	-0.021751788	-0.0196130522	-0.068386605	0.0153550477	0.036534035	0.0031683987	-0.0401865925	-0.0015420272	-0.030083022	-0.0029112729	-0.0500590544	-0.0461259786	-0.0226683875	0.0055492944	0.0391124543	-0.0723788165	0.0258633138	0.04969562	-0.0314051622	0.04252845	-0.0031534897	-0.0320570223	-0.0527150265	-0.0023725379	0.008470316	0.0016003511	0.0330865728	-0.0281145581	-0.0249792249	0.0300912215	-0.0395406447	0.0387818455	-0.03231595	0.0770143841	0.1110170138	0.0688475102	-0.0561299978	0.0098518349	0.0033618461	-0.0480691147	0.0317195477	0.0271035935	0.036609561	-0.0240375179	0.0106851785	0.0017821204	0.0235378104	-0.0121319275	0.0278580228	-0.0262102145	0.0082942234	-0.0332157818	-0.0307470155	-0.0232121098	-0.0578023987	-0.0400584847	0.0612551403	-0.0084098403	0.0053328146	0.0562443581	0.032912298	-0.0187749464	0.0452813777	-0.0535753949	0.0083700991	0.0363580352	-0.0017873667	-0.0336789749	0.0447090397	0.057000221	0.0051933729	0.0239860629	0.0019729833	-0.0425339431	0.026224081	0.0331580913	0.0017625451	-0.021591182	-0.0096309096	-0.0198518786	-0.0414932219	0.0293355782	0.0032264846	-0.022943223	-0.0271424031	-0.0343070087	0.0063661399	0.0043735966	-0.0130035989	0.0036955648	-0.0147828104	-0.0222544328	-0.0257755743	0.0178884414	-0.0069301986	0.003369284	0.0104288635	-0.0108514942	0.0151442036	0.0136629193	0.0008182525	-0.0028893653	0.005182366	-0.0215170745	0.0049745629	-0.0108034245	-0.0311755651	0.0001867115	-0.0170803807	0.0009022965	0.0331759806	0.0213067153	-0.0304293015	-0.0477860158	-0.0111536535	0.0380802083	0.0442907033	0.0004611576	-0.0438894081	-0.0386533201	0.0102536416	0.0475759455	0.0311465121	-0.0204725349	-0.0489615251	-0.0221333376	0.0297012967	0.047979135	0.0120497088	-0.0374935883	-0.0446762873	-0.0013833093	0.0434725442	0.0392127206	-0.0093499925	-0.0473489988	-0.0695988	0.0192393	0.00037015066449	0.00484399296144	-1.67584	-0.04593	2.8084397056	0.0021095649	-0.200858	0.0468859999999999	0.0021982969959999	0.040343936164	-0.0150599	-0.0010402999999999	0.0002268005880099	1.0822240899999984e-06	0.00297893	0.0003477999999999	8.8740239449e-06	1.2096483999999976e-07	0.000536739	-0.0002232379999999	2.8808875412100005e-07	4.9835204643999985e-08	0.0	0.0	0.0	0.0	0.0	0.0	0.0	0.0	0.0	0.0	0.0	0.0	0.0	0.0	0.0	0.0	0.0	0.0	0.0	0.0	0.0	0.0	0.0	0.0	0.0	0.0	0.0	0.0	0.0	0.0	0.0	0.0	0.0	0.0	0.0	0.0	0.0	0.0	0.0	0.0	0.0	0.0	0.0	0.0	0.0	0.0	0.0	0.0	0.0	0.0	0.0	0.0	0.0	0.0	0.0	0.0	0.0	0.0	0.0	0.0	0.0	0.0	0.0	0.0	0.0	0.0	0.0	0.0	0.0	0.0	0.0	0.0	0.0	0.0	0.0	0.0	0.0	0.0	0.0	0.0	0.0	0.0	0.0	0.0	0.0	0.0	0.0	0.0	0.0	0.0	0.0	0.0	0.0	0.0	0.0	0.0	0.0	0.0	0.0	0.0	0.0	0.0	0.0	0.0	0.0	0.0
54063.171020481255	167.303871623124	2922826460.789804	27990.585460086757	66008.01736352539	747.7255109863254	4357058356.263469	559093.4397797614	54682.90865457265	128.44129291584977	2990220498.924337	16497.16572589512	54821.45893234122	53691.41375387613	0.8872409999999998	20.325687	0.085037	0.0567844	-0.0041080562	-0.0086141444	-0.0110176766	0.0015595625	0.0242053612	0.0011539659	-0.0390203737	0.0008599757	-0.0004226316	-0.0075322316	-0.0021319	0.0165538423	-0.0202560679	0.0042622752	-0.0097173854	0.0351082483	-0.0088364664	0.0047093248	0.0177443774	0.0060823888	0.0267553599	-0.0066021384	-0.0545756398	0.000662675	0.0075777826	0.0180551672	-0.0045688769	0.0132187278	0.0055128732	-0.0186061283	-0.0052753063	0.0158167352	0.0140200881	-0.0058525362	-0.0079809446	-0.0050103655	0.0953922013	-0.0206530688	0.0184945074	0.0191176786	-0.0175836818	0.0032741739	0.0504260519	0.0243056408	0.0884208846	-0.0039150275	0.0096048635	0.0077529766	-0.0219225519	0.085178793	0.0178627772	0.0300532809	0.0184389844	0.0128185313	0.0112920335	-0.0625550233	-0.0638612722	-0.008461813	0.0113470874	0.0432215097	-0.0594351747	0.0267912227	-0.0037144231	0.0183752359	0.0477332525	0.0002606479	0.023873539	-0.0257065286	-0.0202385973	-0.0593611475	0.0297926734	-0.0440781362	-0.0144208661	0.0155340298	-0.0125761618	0.0145566134	0.0020595012	-0.0139355215	0.0047685849	0.0358098975	-0.0220618394	-0.025604757	0.0125673804	0.0038294076	-0.0739800125	-0.0424038841	0.0425673165	-0.018579308	0.0139370605	-0.0521154625	-0.0062442905	-0.0211806345	-0.0388803111	-0.0347023793	0.0253516252	0.0224822929	0.0199710482	-0.0266083261	0.0148298317	-0.0195314099	-0.0231038068	0.016196087	-0.0419902812	-0.0412010468	-0.0033253188	0.024594882	0.0338914232	-0.0271231815	-0.0575515824	-0.0621903796	0.0066680436	0.0239676157	0.0048879402	-0.0180296188	-0.005887027	-0.025564161	0.0066237297	0.0567081297	-0.0038126649	-0.0006912703	-0.0203347506	0.0044450853	0.0138751146	0.008519493	-0.019591142	-0.0076479113	0.0167942284	0.015564265	-0.0044220778	-0.0056027817	-0.0015463017	-0.0921788391	-0.0294777132	0.0144278842	-0.0236918669	0.0243064143	-0.0004829268	0.0202621107	0.0519313676	-0.080096326	0.0261588184	-0.0156985528	-0.0159025895	0.0264381912	-0.0766709734	-0.0181261663	-0.0128639438	0.0198533255	0.0101782202	-0.0066887162	0.0345853632	0.0659303914	0.0646439947	-0.0105192808	-0.0200375309	0.0635014038	-0.0216502823	0.0194994994	-0.0301520177	0.040461295	0.0012509669	-0.0222890176	0.0076912297	0.0044548408	-0.0742525001	0.0010281422	0.0573020428	-0.0119975225	0.0065948303	-0.0101331491	0.0135907497	-0.0068725102	0.0223997255	-0.0086319806	0.0243207946	-0.0318965498	0.0070728439	0.0222694349	-0.0128874783	-0.0599611139	-0.0486052148	0.0040858798	-0.0320517986	-0.0447736338	-0.0458504025	0.0257057516	-0.0271340196	-0.0482105998	0.0181177095	-0.0244349805	0.024924584	0.0017842621	0.0378055293	0.0035932288	0.0175143108	0.0227117824	-0.0221097219	0.0377495744	0.0427398663	-0.0006602304	-0.0357645866	0.0382118422	-0.0013304598	-0.0110350621	0.0706740605	0.0493848987	0.0168781583	0.0205894002	-0.0033572174	-0.0049626375	0.0002951386	-0.0127896063	-0.0240103373	0.0092006072	-0.0090930055	0.0199363276	-0.0052392389	0.0047329001	0.0098734526	0.0103432605	0.0239700311	0.0035591005	-0.004385617	-0.0103953707	-0.0118648258	-0.0056651674	-0.0030781633	-0.0247677487	-0.0005908046	0.0007871444	-0.0126735944	0.030151674	0.0211404744	-0.0307174953	-0.0476620031	-0.0104339452	0.0386533201	0.0438072762	-0.0008300562	-0.0445239479	-0.037611983	0.0120497088	0.0480157186	0.0294071302	-0.022625561	-0.0489420714	-0.0196310923	0.0319925587	0.0472535125	0.0088061905	-0.0396502352	-0.0430402594	0.0024892147	0.0451894509	0.0365274207	-0.0136516244	-0.0483142525	-0.0697547	-0.0001559	2.4304810000000153e-08	0.00486571817209	-1.67577	7.00000000000145e-05	2.8082050929	4.900000000002029e-09	-0.213435	-0.012577	0.000158180929	0.045554499225	-0.0141009	0.0009589999999999	0.0001988353808099	9.196809999999996e-07	0.00328909	0.00031016	1.08181130281e-05	9.619922560000019e-08	0.000712261	0.0001755219999999	5.073157321209999e-07	3.0807972483999964e-08	0.0	0.0	0.0	0.0	0.0	0.0	0.0	0.0	0.0	0.0	0.0	0.0	0.0	0.0	0.0	0.0	0.0	0.0	0.0	0.0	0.0	0.0	0.0	0.0	0.0	0.0	0.0	0.0	0.0	0.0	0.0	0.0	0.0	0.0	0.0	0.0	0.0	0.0	0.0	0.0	0.0	0.0	0.0	0.0	0.0	0.0	0.0	0.0	0.0	0.0	0.0	0.0	0.0	0.0	0.0	0.0	0.0	0.0	0.0	0.0	0.0	0.0	0.0	0.0	0.0	0.0	0.0	0.0	0.0	0.0	0.0	0.0	0.0	0.0	0.0	0.0	0.0	0.0	0.0	0.0	0.0	0.0	0.0	0.0	0.0	0.0	0.0	0.0	0.0	0.0	0.0	0.0	0.0	0.0	0.0	0.0	0.0	0.0	0.0	0.0	0.0	0.0	0.0	0.0	0.0	0.0
54078.4824270965	15.31140661524114	2924482261.6177845	234.43917253725013	65918.20020117187	-89.81716235351632	4345209117.761775	8067.12265323791	54620.82603776293	-62.08261680972646	2983434637.0475607	3854.2513099433295	54764.71121811073	53341.74145285867	0.820528	18.797375	0.0932252499999998	0.0526457	-0.0046124772	-0.0119614406	-0.009087935	-0.0009143386	0.0288717828	7.58141e-05	-0.0387014105	-0.0332590985	0.0098591995	-0.0027365067	-0.0091396891	-0.0001099991	-0.0004781379	-0.0147032031	-0.0017353659	0.0178038125	0.0117571319	0.0303441871	0.0030960126	-0.0028241899	0.0024536751	0.0260881229	0.0100462517	0.0066480033	-0.0004202044	-0.02102943	0.005727724	0.0190569697	-0.0080814689	-0.0455728396	0.0360280805	-0.0094847742	-0.0136744805	-0.0073105021	0.0063140028	-0.0213039856	-0.0325929431	-0.0553743496	0.0141151656	0.0125228017	0.010035783	0.0033813662	0.0020455964	-0.0087230346	-0.0258725803	0.0175082435	0.0231749931	-0.0567531546	0.0346042953	-0.0076372983	-0.0531345402	0.0188744526	0.0266297464	0.0228070312	-0.0552516469	-0.0291298708	0.0055653918	-0.0098842441	-0.0096206105	0.0413064592	0.0266706644	-0.0401001122	-0.0201378055	-0.0197220514	-0.0549917038	-0.0634869502	0.0373313988	-0.0288909763	-0.0040468089	-0.0113488466	0.04337646	-0.0088427573	0.0190602294	0.0606811617	0.0408507068	0.0380696	-0.0083426488	0.0933607857	-0.0787072058	-0.023940397	-0.0105162128	0.0307336967	0.000141574	-0.0027769396	-0.0075884385	0.03483576	-0.002759517	-0.0096107682	0.0344829424	0.033120163	0.0314539773	0.0223238358	0.0410836805	-0.0160362459	-0.012418676	-0.027747145	-0.0164887201	-0.0778109202	0.0409671325	0.0086637879	-0.0302770425	-0.007708895	-0.0092750061	-0.0156384778	0.0173844148	-0.0254052076	0.0024584789	-0.0300326614	0.0111561915	0.0104462042	-0.0320736772	-0.0233277838	0.0305190032	-0.002872984	0.0002753797	-0.0010986616	-0.0274013737	-0.0099802757	0.0074727799	0.0035701318	0.0193251614	-0.0048413531	0.022688249	-0.0016416663	-0.0401956741	0.0435657476	-0.0012969385	-0.0067601471	-0.0047268985	0.00733054	-0.0256650233	0.0341394978	-0.050017674	0.0136496839	-0.011025575	-0.0116091544	-0.0036065145	0.0094632477	-2.32762e-05	0.0287243318	-0.0189189639	-0.0388731954	0.0469876131	-0.0286365411	0.0145282915	0.0320589523	-0.053730889	-0.0131717878	0.0085820832	0.0502191441	0.0316525501	0.000937033	-0.0069415517	-0.0213889405	-0.0409867139	-0.0043166523	0.0478569787	0.0108676735	-0.0037583145	-0.0681327593	0.0621530681	-0.0425724322	0.0097732268	-0.0013008408	-0.0314245451	-0.0397099569	0.0222676128	0.0023342709	0.0699766077	0.0356465407	0.0282087164	0.0153379704	-0.100070497	-0.0371210887	-0.0269969615	-0.0261134938	0.0153544854	-0.0278550858	-0.0103848686	-0.0152493203	0.0309695988	0.0113104238	0.0288064427	0.0393485588	-0.011575521	0.0035705338	0.0322010607	0.0010048506	-0.0360038774	0.0154273378	-0.0283942861	0.0172878686	0.0628312571	-0.0429889724	0.0162576705	0.0068967453	0.0186964513	0.0236489716	0.0231678782	0.0125977352	0.0373775883	0.0091440267	-0.0072746023	-0.0328472249	-0.00794275	-0.0282061161	0.0269676774	-0.0480082634	-0.008763256	0.0010356732	-0.0064121644	-0.0149095672	-0.0250723193	0.0160291183	-0.0012740873	0.0068786761	0.0226382545	0.0162299862	-0.0071320703	0.0282474067	0.0093603077	-0.0255799771	0.0065178274	0.0279858149	-0.0205298527	-0.0142434953	0.0216313523	-0.0109824682	-0.0093136183	0.0396502846	0.0119537568	0.0209025524	0.0209739336	-0.0310039458	-0.0475319038	-0.0097118681	0.0392127206	0.0433014723	-0.002120693	-0.0451180572	-0.0365274207	0.0138286801	0.0483730638	0.0276076712	-0.0247243413	-0.0487865342	-0.0170661886	0.0341676424	0.0463341804	0.005522202	-0.0416038638	-0.0411600588	0.0063461704	0.0465961863	0.0335681082	-0.0178417553	-0.0488513503	-0.0695676	0.0001871	3.5006410000003554e-08	0.0048396509697599	-1.71687	-0.0410999999999999	2.9476425969	0.0016892099999999	-0.227671	-0.0142359999999999	0.0002026636959999	0.051834084241	-0.0135762	0.0005246999999999	0.00018431320644	2.753100899999994e-07	0.00330719	1.810000000000006e-05	1.09375056961e-05	3.276100000000022e-10	0.000501018	-0.0002112429999999	2.51019036324e-07	4.462360504899998e-08	0.0	0.0	0.0	0.0	0.0	0.0	0.0	0.0	0.0	0.0	0.0	0.0	0.0	0.0	0.0	0.0	0.0	0.0	0.0	0.0	0.0	0.0	0.0	0.0	0.0	0.0	0.0	0.0	0.0	0.0	0.0	0.0	0.0	0.0	0.0	0.0	0.0	0.0	0.0	0.0	0.0	0.0	0.0	0.0	0.0	0.0	0.0	0.0	0.0	0.0	0.0	0.0	0.0	0.0	0.0	0.0	0.0	0.0	0.0	0.0	0.0	0.0	0.0	0.0	0.0	0.0	0.0	0.0	0.0	0.0	0.0	0.0	0.0	0.0	0.0	0.0	0.0	0.0	0.0	0.0	0.0	0.0	0.0	0.0	0.0	0.0	0.0	0.0	0.0	0.0	0.0	0.0	0.0	0.0	0.0	0.0	0.0	0.0	0.0	0.0	0.0	0.0	0.0	0.0	0.0	0.0
54141.38399094634	62.90156384984584	2931289460.455101	3956.6067347562334	66034.394578125	116.1943769531208	4360541267.299503	13501.133235523932	54738.30839352636	117.48235576342996	2996282405.784798	13802.103915725122	54883.75234523668	53561.70170803318	0.768387	17.602875	0.0915030999999999	0.0485278	-0.0066485044	-0.0159657318	-0.0162998566	0.003687881	0.0349162526	0.0075830146	-0.0423155115	0.026441557	-0.0016945513	-0.0183220615	-0.0153385805	0.0203892098	-0.0006064206	-0.0129396829	0.0090707904	0.0126327645	0.0007402468	-0.0121065093	0.0257025328	0.016674187	0.0356062596	-0.0299687753	-0.0495554288	0.0439802632	0.0341574236	0.0266656245	-0.00855112	0.0047026107	-0.0250731516	-0.0120948859	-0.0242987017	0.0391074831	0.0540089998	-0.0434272572	0.0054167773	0.0197724839	0.0366922412	-0.0052204703	0.0550349088	0.0048238984	-0.0244818077	0.0280826323	0.0044138115	0.0009132677	0.002307307	0.0103974845	-0.0085368703	-0.0676854389	-0.0217236021	0.0238688748	-0.0239260045	0.0053880744	0.0015987171	0.0082454503	-0.0459827151	-0.0159122138	0.0278989471	-0.0234881905	-0.0111752266	-0.0361712287	0.0410577223	-0.0183798861	0.0537397376	0.0438693517	0.0684489001	-0.0220379528	0.0272378802	0.0459644447	0.0535184636	-0.0175547593	0.0034335719	-0.0374532647	-0.0131226161	0.0139432461	0.0184128945	0.0384454095	0.0077686585	-0.0061022372	0.0072815454	-0.0348335636	-0.0375827088	-0.0683844528	0.0189700742	-0.0202749819	-0.0067327518	0.0047598908	0.0155855296	0.0057661509	-0.0207987478	0.0228937003	0.0342396709	0.0057511404	-0.0433281516	0.0166084509	0.008797054	-0.0277554882	-0.018220657	0.0511757497	-0.0092919711	0.0817110808	0.0043501013	-0.0056677409	-0.0277088685	-0.0262583892	0.0484648638	-0.0357319898	-0.0047844774	-0.018955756	0.0387464543	-0.017727505	0.0045224525	0.0193760183	-0.0132876763	-0.0272163507	-0.0154216851	-0.035452723	0.0290925473	0.0563637359	0.044048155	-0.0063774638	-0.0255252511	0.0156195837	0.0069698387	-0.0258651603	-0.0163463685	-0.0327234709	0.0379065059	0.0514339646	-0.0424661661	0.0095949391	0.0210717189	-0.0343551377	-0.0100252044	0.04977482	-0.0067353697	0.0281156181	-0.0264477515	0.0014870644	0.0065806493	-0.0048697044	-0.0044457768	-0.0139877251	0.0660541208	0.0261359328	-0.0052547469	0.0248308176	-0.0122283965	0.0109226098	0.0026668087	0.0423628138	0.0345830646	-0.0014475574	-0.0198163103	-0.0148159183	0.0054999275	-0.0601816937	-0.0376335373	-0.0574441523	-0.0383591366	0.0515136941	0.0333958518	-0.0037984787	-0.0400343499	-0.0492925168	0.0044144902	0.0220780842	0.0470230098	-0.0086120049	0.0153422978	0.0119968234	0.017301872	0.0140434669	0.0138566173	0.0566948144	-0.0053702704	-0.0791003089	-0.0176714356	0.015866355	-0.0174469541	-0.004373849	0.0019418714	0.0159504746	0.0043274096	-0.0027423938	0.0227353336	-0.0015264213	0.0359179419	-0.0199874108	0.0392715864	-0.0139935861	-0.0228028247	0.0059270218	-0.0500000788	0.0158668645	-0.0163191513	-0.0790857929	0.0044957624	0.0490973297	0.0178213121	0.0306885243	0.0348353163	-0.0291398261	0.0306595082	0.0013424386	0.0063007463	-0.0083418506	0.0076649828	0.0560173006	-0.0125371995	0.0005877097	-0.004528494	-0.004759819	-0.024933492	0.0291593948	0.0055014219	0.0285366192	0.0137948433	0.0035294866	0.0041493757	0.0277873407	0.0173872655	0.0018255908	-0.0029306039	-0.0360467976	0.0087341706	-0.0217717554	0.0041125755	-0.0280744898	0.0071843138	0.0111106903	-0.0016753466	0.0311124795	0.0208070951	-0.0312886365	-0.0473957345	-0.0089875862	0.0397582112	0.04277355	-0.0034098553	-0.0456711967	-0.0354008796	0.0155880314	0.0486473676	0.0257518113	-0.0267638437	-0.0484953459	-0.0144468132	0.036218649	0.0452249073	0.0022128355	-0.0433444711	-0.0390463521	0.0101634351	0.047683095	0.0303569825	-0.021886162	-0.0489555324	-0.0794553	-0.0098877	9.776661129000028e-05	0.00631314469809	-1.67343	0.0434399999999999	2.8003679649	0.0018870335999999	-0.235797	-0.0081259999999999	6.60318759999999e-05	0.055600225209	-0.0138829	-0.0003067	0.00019273491241	9.406489000000001e-08	0.00319706	-0.00011013	1.02211926436e-05	1.2128616900000084e-08	0.00031686	-0.0001841579999999	1.0040025960000002e-07	3.3914168963999994e-08	0.0	0.0	0.0	0.0	0.0	0.0	0.0	0.0	0.0	0.0	0.0	0.0	0.0	0.0	0.0	0.0	0.0	0.0	0.0	0.0	0.0	0.0	0.0	0.0	0.0	0.0	0.0	0.0	0.0	0.0	0.0	0.0	0.0	0.0	0.0	0.0	0.0	0.0	0.0	0.0	0.0	0.0	0.0	0.0	0.0	0.0	0.0	0.0	0.0	0.0	0.0	0.0	0.0	0.0	0.0	0.0	0.0	0.0	0.0	0.0	0.0	0.0	0.0	0.0	0.0	0.0	0.0	0.0	0.0	0.0	0.0	0.0	0.0	0.0	0.0	0.0	0.0	0.0	0.0	0.0	0.0	0.0	0.0	0.0	0.0	0.0	0.0	0.0	0.0	0.0	0.0	0.0	0.0	0.0	0.0	0.0	0.0	0.0	0.0	0.0	0.0	0.0	0.0	0.0	0.0	0.0
54101.668190199496	-39.71580074684607	2926990500.962444	1577.344828963179	66157.75326611329	123.35868798829324	4376848317.219923	15217.365902193083	54692.6626798235	-45.64571370285557	2991287351.0089583	2083.531179443057	54832.47107293649	53511.53674474939	0.7501529999999998	17.185154	0.0479862	0.02163	-0.0053146129	-0.0199315526	-0.0207960778	-0.0001931642	0.0414094365	0.005257208	-0.0535477971	-0.0377744912	0.0019631646	0.0255272714	-0.0303741323	0.0048143793	0.0068296618	-0.0033489478	0.013138892	-0.0010148774	-0.0215697186	0.0087113617	0.0049970379	-0.036825285	0.0178501064	0.0499095446	-0.0091924396	0.0105518165	0.004857249	-0.0050527569	0.0173576096	0.0094280943	-0.0070094657	-0.0195836971	0.0043157656	-0.0041892969	-0.0147925334	-0.0065927162	0.0077246649	-0.0067995463	0.0137212494	-0.0273386074	0.0296407646	0.0065501448	-0.0825723438	0.0146608087	0.0497880693	-0.018529129	0.0491494523	-0.0595442201	-0.0038382345	0.0215033848	-0.0026023084	0.0188669961	-0.0129883258	0.0494425426	-0.0386989589	0.0360828678	0.0112624744	-0.0265756234	0.0075459016	-0.1026033882	-0.0148939253	0.0488035842	0.0053122299	0.0276260339	0.034738354	0.0126574401	0.0031781137	-0.0017948935	-0.0178891497	-0.0210017465	0.0587468233	-0.0087637853	0.0272504397	0.0162355049	-0.0289816598	-0.0455873946	-0.0562472981	-0.0199034196	0.0108540214	-0.0226173675	0.0089168565	0.0175263315	-0.0104323478	-0.0054433431	-0.0339340167	0.0516271355	0.0042871105	0.0178114959	0.0268003432	-0.0386544916	0.0035145458	-0.0013833071	-0.0288512562	0.0023513377	0.0181796303	0.0238499059	-0.020152205	0.0225760658	-0.0134580298	-0.0375474895	0.0166427882	0.0307312091	-0.0268349	-0.0529434988	0.0036573325	-0.0547998901	-0.0552902128	0.0481941513	0.0113303353	-0.0050453841	0.0226865361	-0.0188261331	0.0448338108	-0.0059359115	0.0100291216	-0.0058679521	0.037393596	-0.0152310475	-0.0513473541	0.0105876713	0.0112982912	-0.0013696928	0.0042139881	-0.0163765267	0.0108335979	-0.0065859684	-0.0164179188	0.0062932882	-0.0049130961	-0.0119308905	-0.0044386519	0.0072078938	-0.00719858	-0.0123329091	-0.0317945804	0.0267893172	-0.0042125471	0.0794805668	-0.0097318346	-0.0287270743	0.0509806605	-0.0321057306	0.0545446497	0.0129189013	-0.0312469465	-0.0115480087	-0.0082331333	0.0184272632	-0.0038126812	0.0561742025	0.013823961	0.0268104388	-0.0284060291	0.0871915964	-0.0311556814	-0.0569524133	-0.0595930394	-0.0045511545	-0.0450096235	-0.0095184526	-0.0091349741	-0.0026998394	-0.0025878282	0.0264023426	0.0172569918	-0.0628482091	-0.0219975887	-0.0285619811	-0.0054514343	-0.0228059043	-0.0479011841	-0.0480974889	-0.0171815681	0.0086409725	0.0264024536	-0.0043254855	0.0154974047	-0.0014911407	0.0029234745	-0.0230372147	0.0412024203	-0.017788679	0.0005866667	0.0376378743	0.038555178	-0.0152518324	-0.0219945787	0.0019425917	-0.0113587813	0.039510324	-0.0079355452	0.0287419712	0.0083551897	-0.0261334488	0.0400820438	-0.0125756861	0.0251756542	-0.0230982876	0.0440148649	0.053514185	-0.0041748227	-0.0363874618	-0.0692178116	-0.0115701005	0.0257957552	-0.002272483	-0.0005421218	0.0101492003	-0.0357722028	-0.0287713449	-0.0140193804	-0.0012266045	-0.0052151382	-0.0083245052	-0.0315227895	0.0132498765	0.0209391093	0.0155624166	0.0342977505	0.0144432636	-0.0192723115	0.0358613415	0.0197615873	0.0002703411	0.0086710603	0.0491129789	-0.0057855127	-0.0079109844	0.0139886688	-0.0128199794	0.0138720264	0.020695857	0.0058361289	0.0216143101	0.0206399614	-0.0315715513	-0.0472535125	-0.0082612638	0.0402895985	0.0422237789	-0.004696647	-0.0461828639	-0.0342336544	0.0173252667	0.0488381591	0.0238433419	-0.0287391785	-0.0480693164	-0.0117813266	0.0381381307	0.0439302406	-0.0011067004	-0.0448631447	-0.0367111306	0.0139171345	0.0484427166	0.026918132	-0.0257518113	-0.0486258757	-0.0694811	0.0099742	9.948466564000004e-05	0.00482762325721	-1.6757	-0.0022699999999999	2.80797049	5.152899999999974e-06	-0.22942	0.0063769999999999	4.066612899999992e-05	0.0526335364	-0.013619	0.0002639	0.0001854771609999	6.96432100000005e-08	0.00344189	0.00024483	1.18466067721e-05	5.994172890000006e-08	0.00039543	7.856999999999997e-05	1.563648849e-07	6.173244899999996e-09	0.0	0.0	0.0	0.0	0.0	0.0	0.0	0.0	0.0	0.0	0.0	0.0	0.0	0.0	0.0	0.0	0.0	0.0	0.0	0.0	0.0	0.0	0.0	0.0	0.0	0.0	0.0	0.0	0.0	0.0	0.0	0.0	0.0	0.0	0.0	0.0	0.0	0.0	0.0	0.0	0.0	0.0	0.0	0.0	0.0	0.0	0.0	0.0	0.0	0.0	0.0	0.0	0.0	0.0	0.0	0.0	0.0	0.0	0.0	0.0	0.0	0.0	0.0	0.0	0.0	0.0	0.0	0.0	0.0	0.0	0.0	0.0	0.0	0.0	0.0	0.0	0.0	0.0	0.0	0.0	0.0	0.0	0.0	0.0	0.0	0.0	0.0	0.0	0.0	0.0	0.0	0.0	0.0	0.0	0.0	0.0	0.0	0.0	0.0	0.0	0.0	0.0	0.0	0.0	0.0	0.0
54003.41726215671	-98.25092804278393	2916369075.9906054	9653.244861268306	65698.58800645446	-459.1652596588247	4316304466.041842	210832.73567755587	54641.2664334502	-51.396246373304166	2985667997.451291	2641.574141265381	54784.61464899501	53268.65725319602	0.860106	19.704048	0.083290855	0.0451963	-0.0076321563	-0.0200749617	-0.0287124509	-0.0013066146	0.0188826996	0.0030657395	-0.0413450928	0.0074199061	-0.0027792088	-0.0472231309	0.00142716	0.000971546	0.0067701062	-0.0019237736	0.0136758999	0.0084332004	0.0144326182	0.0027220301	-0.0277470498	0.0009090687	-0.0167466313	-0.0251839976	0.0074750066	0.0537486415	-0.0124039677	0.0420350363	0.0129629042	-0.0089689798	-0.0191385045	-0.0224108471	-0.041298484	0.0214629136	0.0167283689	0.0426927891	0.0075597197	0.0390650229	-0.0277068944	0.0398540083	0.0528105879	0.0463032803	-0.0575278423	-0.0389801882	-0.0342752403	0.0182617952	0.0136054862	0.0076712113	-0.0027212557	-0.0047157596	-0.0236847014	-0.0453880172	-0.0150841845	-0.0085444635	0.0024499892	0.0141646329	-0.017546094	0.0495618038	0.0110040889	-0.0826039188	0.002797367	0.0541035351	-0.0239394345	0.0222010906	-0.0047409925	-0.0203164603	-0.0276892216	-0.0145409114	-0.0108300004	0.0177517817	-0.0139784336	0.0754632004	0.0237363175	-0.0221916134	0.0239941337	0.0180671094	0.0391079348	0.0374086004	0.0196811275	0.0275169498	-0.0170683145	-0.0235311422	0.0366728042	0.0262638191	-0.0686326693	0.0333843873	0.0335664112	-0.022923648	0.0333982363	0.0207046276	-0.0052655464	0.0230529885	-0.0212379007	-0.0313901243	0.0104921411	-0.0240760919	0.0743818071	-0.0427380331	-0.0304748076	0.0291711118	-0.0195428777	0.0006638804	-0.0092083148	-0.023937074	0.0213877911	-0.02016586	0.0453838359	-0.0275401383	0.028918441	-0.0274922078	-0.0162940533	-0.0012067966	0.0435420483	0.0026165537	0.0045701746	0.0275443983	0.0005297436	0.0151643236	0.0253360275	-0.0041175898	0.0464489404	0.0305566988	-0.0391684089	-0.0114979434	-0.009125739	-0.0201843055	-0.0271830332	-0.0391718112	0.013816462	0.0155808566	0.0427501327	0.0038289382	0.0382172281	0.0268920068	0.0356745808	0.0484045577	-0.0307538261	0.0667385149	0.0393173752	0.0041331572	-0.0417780424	-0.01156468	0.0056328474	0.0036838284	-0.0025829675	0.0268669783	0.0353500728	0.0036535235	-0.0189921323	-0.0275950556	-0.0073342304	0.0391443033	-0.065450607	0.0096170421	-0.0459345798	-0.0309814481	-0.0448714483	0.0306556577	-0.0199689708	0.0234347068	0.0165505107	-0.0269322752	0.0152155776	0.0073063201	-0.0055814232	0.0339854337	0.0558295253	-0.0412815614	0.027293291	0.0057995855	0.0422568441	0.0367495069	0.0200100152	0.0451555292	-0.0313503819	0.0033811127	-0.0225829543	0.0400646528	-0.013400735	-0.0597184813	0.0212738492	0.01506453	-0.04170408	0.0506616518	0.0192413566	0.0028413961	0.0431917871	-0.0114328758	-0.044119939	-0.0119285253	-0.0205490087	-0.0810972787	-0.043733333	0.0008581029	-0.0353572673	0.005024735	0.0104674108	-0.0019976986	0.0029016774	0.0551944273	-0.034369228	0.0134927705	0.036631967	0.028424142	0.0134596395	-0.0035055559	-0.0031878715	0.0451222752	-0.0441673655	0.0484895625	-0.0268018124	0.004651061	-0.0103190865	-0.0029821547	-0.0246231331	0.0165198268	0.0092357447	0.0271906866	0.0124288737	-0.0006945108	0.0143322123	0.032990321	0.0069614927	-0.0068839922	0.0039324245	-0.0267049508	-0.0013022169	-0.0200093635	0.0246253686	-0.0391104305	-0.0117838681	0.0242450569	0.005920717	0.0599308465	0.0204725349	-0.0318526742	-0.047105256	-0.0075330659	0.040806694	0.0416524399	-0.0059801733	-0.0466525943	-0.0330270864	0.0190379212	0.0489451109	0.021886162	-0.0306456097	-0.04750963	-0.0090782364	0.0399191169	0.0424554877	-0.0044211503	-0.0461521087	-0.0341676424	0.0175837917	0.0488698372	0.0232773535	-0.0294071302	-0.0478653016	-0.0784805999999999	-0.0089994999999998	8.099100024999814e-05	0.0061592045763599	-1.6891	-0.0134	2.8530588100000003	0.00017956	-0.235609	-0.006189	3.8303721e-05	0.055511600881	-0.012903	0.0007159999999999	0.0001664874089999	5.126559999999995e-07	0.00336298	-7.891000000000018e-05	1.1309634480399998e-05	6.2267881000000285e-09	9.62929e-05	-0.0002991371	9.27232259041e-09	8.948300459641003e-08	0.0	0.0	0.0	0.0	0.0	0.0	0.0	0.0	0.0	0.0	0.0	0.0	0.0	0.0	0.0	0.0	0.0	0.0	0.0	0.0	0.0	0.0	0.0	0.0	0.0	0.0	0.0	0.0	0.0	0.0	0.0	0.0	0.0	0.0	0.0	0.0	0.0	0.0	0.0	0.0	0.0	0.0	0.0	0.0	0.0	0.0	0.0	0.0	0.0	0.0	0.0	0.0	0.0	0.0	0.0	0.0	0.0	0.0	0.0	0.0	0.0	0.0	0.0	0.0	0.0	0.0	0.0	0.0	0.0	0.0	0.0	0.0	0.0	0.0	0.0	0.0	0.0	0.0	0.0	0.0	0.0	0.0	0.0	0.0	0.0	0.0	0.0	0.0	0.0	0.0	0.0	0.0	0.0	0.0	0.0	0.0	0.0	0.0	0.0	0.0	0.0	0.0	0.0	0.0	0.0	0.0
53979.24444584832	-24.172816308389883	2913758830.944647	584.3250482791599	66083.39384863281	384.80584217834985	4367014942.553521	148075.5361745891	54653.68026550411	12.413832053913213	2987024766.5639534	154.1032262627631	54797.22893375357	53203.12108138444	0.905763	20.750015	0.100170905	0.0578523	-0.0047287421	-0.0165330738	-0.0146380305	0.005191992	0.0210069186	0.0227774793	-0.0395000648	0.0247732331	0.0127720281	0.0433105197	-0.0460253483	-0.011997935	0.0281055092	-0.0092281504	0.0073456313	-0.008184445	0.0074027876	0.019130805	0.0222948381	-0.0575753077	0.0333318983	0.0061997336	0.0276601031	-0.0089219113	-0.0277076064	0.0307450479	0.0520984802	-0.0007701158	0.017950213	0.0460722707	0.0368554462	-0.0528918558	0.0059380341	0.0299624323	-0.0158839392	0.0073663091	-0.0303163814	0.003751656	-0.019082033	-0.035958443	-0.0574374527	0.0523282247	-0.0312276186	0.0234766354	0.0454523163	-0.0162876438	0.0371837218	0.0211586901	0.0058905389	0.0008470688	0.0011206141	-0.0461187215	-0.0344235871	-0.0003293912	0.0318318163	0.051270502	0.0108856153	0.014532839	0.0269299779	-0.0192417197	-0.0125893772	-0.0261345614	0.0270935292	-0.0645893198	0.0232479638	0.0040878514	-0.0082855675	0.0697484546	0.0060271849	-0.0444732039	-0.0138206069	0.0071691613	-0.0138165301	0.0028692206	-0.0024830014	-0.0167076669	0.0043911745	-0.0182491051	0.0318664373	0.0646554943	0.0504201224	0.0265822304	0.040166864	0.0347105992	0.0185651622	0.0137227638	0.0118418318	0.0208516365	0.0050626137	-0.0007090175	0.004738773	0.0384033011	0.0032149989	-0.0064170128	-0.0231108266	0.0110876862	-0.0735372821	-0.007871766	-0.0220902852	-0.0408812394	-0.0307946525	0.0091819507	-0.0256195184	0.0834946334	-0.0432295576	-0.0002412925	-0.0060803745	0.0272446884	-0.0062736614	0.0194493354	-0.0465025939	0.0179382109	0.0194091418	-0.0253335032	0.0556317547	-0.0310830304	-0.00943995	-0.0309884229	-0.0123982366	0.0228808996	-0.0288400444	-0.0529118632	-0.0100139152	0.0096422254	0.0557944003	0.0398164986	-0.040207097	0.0111456014	0.0276302334	-0.0150000191	0.0091673743	0.0272393244	0.0046583781	-0.0214829977	0.0350437776	0.0488558729	-0.0621844259	0.0028314193	-0.0236934053	-0.0370589651	0.0316016628	-0.0341454121	-0.0285073419	-0.0095059073	-0.0099948419	0.0190340533	0.0437965616	-0.0187563739	-0.0007671305	-0.0110677998	-0.0539444084	-0.0192036162	-0.0147124309	0.0294506657	0.0080408497	0.0097799671	0.0353980098	-0.0405906085	0.0570980323	0.0474091626	0.0067189464	0.0335625808	-0.0655474166	-0.0019016988	-0.0161923398	0.0348773161	-0.0095272274	-0.0141736841	-0.0019414023	0.0021813415	-0.0043964762	-0.0131465686	0.0315912408	-0.0401750185	0.0463344859	0.0489297451	-0.0103938175	0.0477430505	0.0396649811	0.0115044297	0.0117196555	0.0130420435	-0.0179015156	0.0108069017	-0.006072075	0.0093517859	0.0418924572	0.0135436428	-0.0239341883	0.0044331367	-0.0361619383	-0.0670844728	-0.0075877523	-0.0170777578	0.0392424084	0.0174141607	0.0053808863	-0.0809549235	0.0393940271	-0.0407186421	0.0141333087	0.0120197015	-0.0096809253	0.0190562873	-0.0320792743	0.0126804486	0.0214510792	0.0098077797	-0.0154959178	-0.0018543825	-0.0104108362	-0.0190538039	-0.0219920024	-0.0078356431	0.0313230917	-0.0058449364	0.0440823612	0.0134541622	-0.0377255271	0.0135479977	0.0223913455	0.041925052	0.0127484725	0.0025350214	-0.0286686606	-0.0041526518	0.031998554	-0.0175284225	-0.00516188	0.013999564	0.0414858527	0.0234811388	0.0203048178	-0.0321319892	-0.046950984	-0.0068031578	0.0413093142	0.0410598248	-0.0072595419	-0.0470799613	-0.0317825624	0.020723565	0.0489680393	0.0198842699	-0.0324785665	-0.046817843	-0.0063461704	0.0415551402	0.040806694	-0.0077152822	-0.0472047632	-0.0314303169	0.0211404744	0.0489615251	0.0194619585	-0.0328222635	-0.04668055	-0.0751194	0.0033611999999998	1.1297665439999312e-05	0.00564292425636	-1.73025	-0.04115	2.9937650625	0.0016933225	-0.215496	0.020113	0.000404532769	0.0464385260159999	-0.0134401	-0.0005371	0.00018063628801	2.884764100000005e-07	0.00344908	8.610000000000041e-05	1.1896152846400002e-05	7.413210000000071e-09	0.000184027	8.773409999999999e-05	3.3865936729e-08	7.697272302809999e-09	0.0	0.0	0.0	0.0	0.0	0.0	0.0	0.0	0.0	0.0	0.0	0.0	0.0	0.0	0.0	0.0	0.0	0.0	0.0	0.0	0.0	0.0	0.0	0.0	0.0	0.0	0.0	0.0	0.0	0.0	0.0	0.0	0.0	0.0	0.0	0.0	0.0	0.0	0.0	0.0	0.0	0.0	0.0	0.0	0.0	0.0	0.0	0.0	0.0	0.0	0.0	0.0	0.0	0.0	0.0	0.0	0.0	0.0	0.0	0.0	0.0	0.0	0.0	0.0	0.0	0.0	0.0	0.0	0.0	0.0	0.0	0.0	0.0	0.0	0.0	0.0	0.0	0.0	0.0	0.0	0.0	0.0	0.0	0.0	0.0	0.0	0.0	0.0	0.0	0.0	0.0	0.0	0.0	0.0	0.0	0.0	0.0	0.0	0.0	0.0	0.0	0.0	0.0	0.0	0.0	0.0
54007.727782104346	28.483336256023904	2916834660.1858854	811.3004442737258	65941.83426367187	-141.55958496093808	4348325506.0575695	20039.11609431305	54649.84187432	-3.838391184108332	2986605216.88818	14.73324688224056	54779.159206633565	53399.84160124543	0.973328	22.297852	0.0387684499999998	0.0212858	-0.0058745532	-0.0141669045	-0.0168761478	-0.007060715	0.0069279536	-0.0102253243	-0.0448779068	-0.0428305987	0.0024094362	-0.0546215554	0.013346546	-0.0129025505	0.0050870923	-0.0086705475	-0.0417955955	0.0105423618	-0.0114582654	0.022904647	-0.0265430836	-0.0137240494	-0.0358131056	-0.0260360441	-0.0144982127	0.02380461	0.0614739636	0.0436409825	0.0475166114	-0.0201165413	0.0244598958	0.0360986346	-0.0281469582	-0.0305000435	-0.0311937381	-0.0239736895	0.0485157929	0.0116028533	-0.0226177227	-0.0082841177	0.0301819607	0.0303963697	-0.0559253255	0.0250261207	-0.0436329704	0.0292547591	-0.0292659793	0.0312933366	0.0126319632	-0.0462259448	-0.0700698735	0.0291983252	-0.0351818113	-0.0079686522	0.020482259	-0.0233367127	-0.0170894622	-0.0099501463	0.0111072423	-0.0184839006	-0.0103420301	0.0348246399	0.0509486686	-0.0209257887	-0.0235499739	-0.0171108232	-0.0236710058	-0.0006483472	-0.0079262742	-0.0084794497	-0.0229915826	-0.0610257477	0.0054839374	-0.0119816777	0.0115709859	-0.0076959481	-0.0446612792	-0.0167668646	0.0457256285	-0.0068530198	-0.028058444	-0.0478321613	0.004313249	0.0699320514	0.0130358443	-0.0174099312	-0.0020106011	0.0427185609	0.0233285415	0.0616824133	0.0139071953	-0.032068192	0.0492022381	-0.0175611403	-0.021485752	-0.0457104974	-0.0293637883	0.0025006561	0.0829182331	0.0155541658	0.0075618099	0.0026762654	-0.0069829174	0.0355469248	0.0333536583	-0.0046482159	0.0641751343	-0.0501656636	0.0285161107	0.034176798	-0.0123826906	0.030931395	0.0089688964	-0.0169948404	0.0261447597	0.0253879867	0.0172114108	0.0329456444	0.0280058779	0.0271775347	0.0460124993	-0.0510551582	-0.0413955591	-0.0465363154	-0.0249518834	0.0110537547	0.0333881439	-0.0246523104	-0.0357059482	-0.0255410047	-0.0160243401	0.0514576283	0.006893839	0.0251824881	-0.0087753833	0.0334602914	-0.0292726906	0.0558494627	-0.0294343354	0.0091308053	-0.0471290831	0.0266508436	-0.0089007047	-0.0329855559	0.0369324855	0.0840935359	-0.0230380712	0.028183214	-0.025532992	-0.0117895951	-0.0108062259	7.42741e-05	0.0183085937	-0.0093976534	-0.0139161214	-0.0163932683	-0.0430348927	-0.0427740238	0.0306460515	0.0162579726	-0.0013374458	-0.0196327966	-0.0026674437	0.010791682	0.0025472569	0.0201761038	-0.0648450465	0.0056000411	0.0106816659	0.0199111922	-0.017768495	-0.0407874364	-0.0231123798	0.0437537954	-0.015334166	-0.0175592465	-0.0527907203	0.0474203296	0.0347453681	0.0001255432	-0.0270259401	-0.0048708662	0.0534546451	0.0138804929	-0.0657997452	0.0105660243	0.0127492471	0.0385227842	0.0017065442	-0.0576346065	-9.07948e-05	0.0261321848	0.0214436698	0.0506875428	0.0171474085	0.0585377222	-0.0090281553	-0.0070229136	-0.0357042591	0.0036121735	-0.0370032806	0.0327592518	0.0607776691	0.035807426	-0.0444045838	0.0220368516	-0.0315919725	-0.0090852548	-0.0209287127	0.0289857063	-0.0215648404	-0.0002809144	-0.0149463512	-0.0089024449	-0.0258470678	-0.0068266127	0.0105910381	0.0387816996	-0.017864161	-0.004127948	0.0580919513	0.0316997249	0.0001663038	-0.0193453647	0.0162747958	-0.0079809051	-0.001929799	0.0061556852	0.0133384868	-0.0308879372	-0.0121090745	0.0006609818	0.0095222585	0.0689864444	0.0201368126	-0.0324094805	-0.0467907162	-0.0060717052	0.0417972809	0.0404462362	-0.0085338634	-0.0474645768	-0.0305015125	0.0223798066	0.0489069049	0.0178417553	-0.0342336544	-0.045995879	-0.0035938487	0.0430402594	0.0389906186	-0.0109739574	-0.0480157186	-0.0285146833	0.0245649379	0.0487171511	0.0155005685	-0.0359693177	-0.0450821203	-0.0689622	0.0061572	3.791111184000002e-05	0.00475578502884	-1.73033	-7.999999999985796e-05	2.9940419089	6.399999999977274e-09	-0.214097	0.0013989999999999	1.957200999999954e-06	0.045837525409	-0.0132902	0.0001498999999999	0.00017662941604	2.2470009999999906e-08	0.00354208	9.299999999999975e-05	1.25463307264e-05	8.648999999999957e-09	-0.000195718	-0.000379745	3.8305535524e-08	1.4420626502500001e-07	0.0	0.0	0.0	0.0	0.0	0.0	0.0	0.0	0.0	0.0	0.0	0.0	0.0	0.0	0.0	0.0	0.0	0.0	0.0	0.0	0.0	0.0	0.0	0.0	0.0	0.0	0.0	0.0	0.0	0.0	0.0	0.0	0.0	0.0	0.0	0.0	0.0	0.0	0.0	0.0	0.0	0.0	0.0	0.0	0.0	0.0	0.0	0.0	0.0	0.0	0.0	0.0	0.0	0.0	0.0	0.0	0.0	0.0	0.0	0.0	0.0	0.0	0.0	0.0	0.0	0.0	0.0	0.0	0.0	0.0	0.0	0.0	0.0	0.0	0.0	0.0	0.0	0.0	0.0	0.0	0.0	0.0	0.0	0.0	0.0	0.0	0.0	0.0	0.0	0.0	0.0	0.0	0.0	0.0	0.0	0.0	0.0	0.0	0.0	0.0	0.0	0.0	0.0	0.0	0.0	0.0
54004.28809061495	-3.439691489395045	2916463132.174136	11.831477542216703	65543.48582958984	-398.3484340820287	4295948534.693645	158681.47493560435	54669.32180851064	19.47993419064005	2988734747.002497	379.4678360716673	54802.20304694933	53176.13640453784	0.993612	22.762527	0.0538699999999999	0.0252321	-0.0075576331	-0.0144069536	-0.0169619767	0.0014196921	0.0372019062	0.0097268885	-0.0394062267	0.0008939493	-0.001470778	0.007070798	-0.0104401309	0.0319047689	0.0084022141	-0.0028818807	-0.0110307265	0.003990308	0.0496361162	0.0156777179	0.0013737603	-0.0543892741	0.0284556844	-0.0001129502	-0.0020722697	0.0096878147	0.0050305428	-0.0102521365	0.016332532	-0.0252895388	0.0146033534	-0.0034745676	0.0558651928	-0.032385416	-0.0318421189	-0.0328309063	0.0059553066	0.0123829321	0.0175430435	0.0091455517	0.0174565514	0.0594428175	0.0039848431	-0.0103451311	-0.0134318514	0.0449688298	0.0350702575	-0.0185210679	-0.0624391162	-0.0014364405	-0.0135182693	0.0020391395	-0.0056830411	0.0117453566	0.0197982809	0.0382141518	0.0101084584	0.0080237523	0.0261179235	0.0548011209	-0.0013606113	0.0262343869	0.0220334495	0.0199486729	-0.0279579538	-0.0104756085	-0.0265862233	0.0654330772	0.0448461448	0.0453923721	0.0298764702	-0.0318389331	-0.0698279666	0.0218597902	-0.0775517653	0.0110433963	-0.0041955427	-0.0107537052	-0.0044986717	0.0408106612	0.0116738904	0.0260161966	0.035354923	0.0328298897	-0.016190845	0.0120924908	-0.024837376	-0.0552075712	-0.0066403583	-0.0249815682	-0.0235007673	0.0024994506	-0.06226756	0.0351027174	-0.0543191208	-0.0157648201	-0.0786276719	-0.0020603914	-0.0100811488	-0.0645787341	0.0334909436	0.0204025045	-0.0021389966	0.0047852879	0.0055438071	-0.0454113524	-0.0224637711	0.0735212477	-0.0175486023	0.0113910173	-0.0151368009	0.0504332219	0.00458752	-0.0094643474	0.0185604837	-0.0044540188	0.0565653653	-0.0262798382	-0.0030005974	0.0076939539	0.0175069855	-0.0016584809	0.0115839852	-0.02039629	-0.0263774493	0.0139542439	0.000260838	0.0618799375	-0.0219634665	-0.0323520983	-0.0330293333	0.0094347459	0.0130346809	-0.0179799013	0.0049469391	0.0157906174	-0.0587974441	0.0098587229	0.0136557676	0.0397753686	-0.0151656265	-0.0388986778	0.0299774906	0.0557502221	0.0229742555	0.014682177	-0.0017355872	0.0024855665	-0.0054640956	0.0112560753	0.0527189559	-0.0084253772	0.0240645869	-0.0369156382	-0.0156092304	0.0214599817	-0.0274863455	0.0070197803	0.0188132322	0.0277677205	0.0283066312	-0.0059142957	-0.0722962579	-0.0269426313	-0.0603613525	-0.0323981984	0.0049688456	0.0871826531	-0.0149702315	-0.0582663356	-0.0248417231	-0.0014227583	0.0009216014	0.003358703	-0.0392495985	-0.037026931	0.0142848314	0.0476722576	-0.0116455609	-0.009170555	0.0114655879	-0.0138590373	-0.0636264428	-0.0321820433	-0.0180684867	-0.0429000115	-0.048392374	-0.0600118471	0.0284288248	-0.0149651329	0.0057073436	0.0670642125	-0.0092276295	-0.0214329041	0.0479006439	-0.0419503278	-0.0087754615	-0.0221626503	0.0023380509	0.0291480039	0.0108354185	-4.2264e-06	-0.0784159374	-0.0103577883	-0.0511065692	-0.0097006194	-0.0510532749	0.005844645	-0.0142684701	0.0104376286	-0.021496459	0.0016458092	-0.0113230193	0.001467131	-0.0222660891	0.0229921848	0.0076108464	0.0172331908	0.0302240003	0.0211738316	-0.0520277712	0.018725624	-0.0094119147	-0.0058037254	0.0360791523	-0.010205511	0.0019150934	0.0203954793	0.0178838792	-0.0305488216	0.0160836713	-0.0146988518	0.0190924451	0.0579564641	0.0199685217	-0.0326851323	-0.046624473	-0.0053388741	0.0422704209	0.0398119877	-0.0098022517	-0.0478060917	-0.029185409	0.024004296	0.0487618127	0.0157627911	-0.0359066654	-0.0450460234	-0.0008300562	0.0443690814	0.0370147062	-0.0141822002	-0.0485808224	-0.0254372825	0.0278357645	0.0481383925	0.0114229	-0.0388225891	-0.0430841775	-0.0757327	-0.0067704999999999	4.5839670249999984e-05	0.00573544184929	-1.73037	-4.000000000004e-05	2.9941803369	1.6000000000032e-09	-0.225038	-0.0109409999999999	0.0001197054809999	0.0506421014439999	-0.0136753	-0.0003850999999999	0.00018701383009	1.4830200999999948e-07	0.00335572	-0.00018636	1.12608567184e-05	3.47300496e-08	-0.000346628	-0.0001509099999999	1.20150970384e-07	2.2773828099999992e-08	0.0	0.0	0.0	0.0	0.0	0.0	0.0	0.0	0.0	0.0	0.0	0.0	0.0	0.0	0.0	0.0	0.0	0.0	0.0	0.0	0.0	0.0	0.0	0.0	0.0	0.0	0.0	0.0	0.0	0.0	0.0	0.0	0.0	0.0	0.0	0.0	0.0	0.0	0.0	0.0	0.0	0.0	0.0	0.0	0.0	0.0	0.0	0.0	0.0	0.0	0.0	0.0	0.0	0.0	0.0	0.0	0.0	0.0	0.0	0.0	0.0	0.0	0.0	0.0	0.0	0.0	0.0	0.0	0.0	0.0	0.0	0.0	0.0	0.0	0.0	0.0	0.0	0.0	0.0	0.0	0.0	0.0	0.0	0.0	0.0	0.0	0.0	0.0	0.0	0.0	0.0	0.0	0.0	0.0	0.0	0.0	0.0	0.0	0.0	0.0	0.0	0.0	0.0	0.0	0.0	0.0
54068.76836025002	64.48026963506709	2923431711.9943733	4157.7051722109545	65874.83095019532	331.3451206054742	4339493352.716811	109789.58894905624	54557.82206917916	-111.4997393314843	2976555948.9322124	12432.191870988949	54701.97900808754	53599.502370383525	1.057758	24.232042	0.0500150999999999	0.0283042	-0.0080436111	-0.0181224712	-0.0228491139	0.0007645469	0.0214379491	0.0025560357	-0.0651328514	0.0263193262	0.0310104822	-0.0317277946	-0.0477184111	-0.00368053	0.0409676134	-0.0438215626	-0.0970042554	0.0023016085	-0.0076873892	0.02521463	-0.0517147039	-0.0627837142	0.0335249504	-0.0271455547	-0.0120599591	-0.0139205062	0.0422280189	0.0377103022	0.0069200274	0.0321909126	-0.0709272013	0.0127987697	-0.0554107746	-0.017968731	0.0508646527	-0.067452503	0.0518765897	0.0175233135	0.0164547932	0.0142081365	0.003709079	0.0181809252	0.0365332414	0.0876646452	-0.0144392145	-0.0504518361	0.0040095326	-0.0316117547	-0.0096961624	0.0183093937	-0.0096036815	-0.0419397636	-0.0493911698	-0.009645639	-0.019609581	-0.0014557772	0.0115773953	0.0292923259	0.0036973748	-0.0067619124	-0.0130222949	-0.0336647431	0.034746857	-0.0441779292	-0.0064178396	-0.0377712264	-0.026887827	0.0308692942	-0.0425579	0.0125307289	-0.033722216	0.036915138	0.0087725903	-0.0140232961	0.0570256146	0.0311893	-0.0294536213	-0.0158456267	-0.0095845192	-0.0100898494	0.0092404682	0.0749852634	0.0481018009	0.0461597972	-0.0718761193	-0.0074799862	0.0075773137	-0.010812139	0.0011240323	0.0410888581	-0.0175452431	-0.0185346102	0.0328102784	-0.0098628502	-0.0412637824	0.0201979688	0.0121441351	-0.0053077513	-0.0162706561	-0.0590067066	-0.0297193433	-0.0201173904	0.007370369	0.0338376228	0.0312375726	-0.0026247535	-0.0308567248	0.0079439154	-0.0223403374	0.0108984984	-0.0079761546	-0.0399078851	-0.0368373226	-0.0366559626	0.0275068721	0.04478923	0.0656194819	-0.0327169428	0.0281234715	0.0112409946	-0.003612619	-0.0380186306	-0.0416444507	0.005981458	0.0432309232	-0.0744127705	0.0091548073	-0.0583745037	-0.0227321929	0.0501202899	-0.0619385593	0.0567420655	0.0087984362	-0.0129898193	0.0121014386	0.0181455797	-0.0280026479	-0.0487139189	-0.0818828177	-0.0601111576	-9.73405e-05	0.0002634473	0.0169615874	0.0254150746	-0.0192382393	-0.0027180405	0.039092617	0.0453853809	-0.0102318637	-0.0004283261	0.0036281379	-0.0021158602	-0.0482377524	-0.0241645224	-0.0111824212	-0.0115419828	0.0201616199	-0.044795511	0.0498251124	-0.0227996418	0.0212771135	-0.0171995701	-0.0287121371	0.0267258992	0.0127441089	0.0490444573	0.0332682378	-0.0269190806	0.0030639675	0.0309627674	0.0389362283	-0.0342646225	-0.0079675859	-0.0240570665	0.0388718802	-0.0621344081	0.0448786314	0.0675446896	0.0010846658	-0.0543017146	-0.0202169748	0.0083811025	-0.0251010832	0.0037269214	-0.0333900571	-0.0070800079	0.0331129936	0.0059878232	0.020816072	-0.007026565	0.046653674	-0.0057105944	-0.0300493305	0.0057985722	0.0360176999	-0.0484742613	0.0195305806	0.0220536484	-0.0351290389	-0.039997887	-0.0324425388	-0.027680058	-0.0159453132	-0.0273622472	-0.0048165495	-0.0010229473	0.0537636148	-0.0438284855	0.0287006874	-0.0361104257	-0.0290570838	0.0014514325	-0.0096900235	-0.0157249112	-0.0147540992	-0.0137315017	0.0423608944	0.0313517741	0.0172952897	-0.0299286578	0.0537744515	0.0468310991	0.0325119929	0.0040229404	0.0128383288	0.0016308969	-0.0014791657	-0.007237873	0.0320212638	-0.0318470928	0.0026517227	0.0340161117	0.0212150284	0.1004873117	0.0197999475	-0.0329589289	-0.0464522756	-0.004604831	0.0427285664	0.0391574033	-0.0110638251	-0.0481041957	-0.0278357645	0.0255947285	0.0485330118	0.0136516244	-0.0374935883	-0.0439709173	0.0019363856	0.0455367808	0.0348870569	-0.0173252667	-0.0488971813	-0.0222155728	0.0309324975	0.0472292216	0.0072595419	-0.0413587732	-0.0407044271	-0.0690326	0.0067001	4.489134001000001e-05	0.00476549986276	-1.73031	5.999999999994898e-05	2.9939726961	3.599999999993878e-09	-0.225018	1.999999999999225e-05	3.999999999996898e-10	0.050633100324	-0.0132902	0.0003850999999999	0.00017662941604	1.4830200999999948e-07	0.00309685	-0.00025887	9.5904799225e-06	6.70136769e-08	-0.000125898	0.0002207299999999	1.5850306404e-08	4.87217329e-08	0.0	0.0	0.0	0.0	0.0	0.0	0.0	0.0	0.0	0.0	0.0	0.0	0.0	0.0	0.0	0.0	0.0	0.0	0.0	0.0	0.0	0.0	0.0	0.0	0.0	0.0	0.0	0.0	0.0	0.0	0.0	0.0	0.0	0.0	0.0	0.0	0.0	0.0	0.0	0.0	0.0	0.0	0.0	0.0	0.0	0.0	0.0	0.0	0.0	0.0	0.0	0.0	0.0	0.0	0.0	0.0	0.0	0.0	0.0	0.0	0.0	0.0	0.0	0.0	0.0	0.0	0.0	0.0	0.0	0.0	0.0	0.0	0.0	0.0	0.0	0.0	0.0	0.0	0.0	0.0	0.0	0.0	0.0	0.0	0.0	0.0	0.0	0.0	0.0	0.0	0.0	0.0	0.0	0.0	0.0	0.0	0.0	0.0	0.0	0.0	0.0	0.0	0.0	0.0	0.0	0.0
54185.66290321866	116.89454296864278	2936086064.261247	13664.334175847873	66329.28724877929	454.45629858397297	4399574346.931075	206530.5273226452	54821.967189766685	264.14512058752734	3005448086.555855	69772.64473019936	54955.67365529853	53576.08796608665	1.165961	26.710842	0.1129002	0.0627461	-0.0111906835	-0.0206638311	-0.0336447306	-0.0071186591	0.0542470382	-0.0037424098	-0.0785248861	-0.0489329396	-0.0200944627	-0.0183827486	0.0162823407	0.0219849517	-0.0084455785	0.0132843687	0.0239360666	0.0061447886	0.0378754181	-0.0467409883	0.0160431925	0.0015526845	0.0064434352	0.0103671337	-0.1094699678	0.0138044568	0.0176977023	-0.0231761546	0.0193190543	0.0713150201	0.0439430292	-0.0202122231	0.0257059239	-0.000453441	-0.0430491664	-0.0019111091	0.0607934504	-0.0408861098	0.0441003114	0.091896096	0.0047933118	0.0169532852	-0.0380035048	-0.0462387395	-0.0413999598	-0.0019398186	-0.081642446	0.0907508139	-0.0151295847	-0.0850059511	0.0516456901	0.0049482197	-0.0169558212	0.0334969161	0.0069799193	-0.0020697262	-0.0263919212	0.0565639753	0.0298764569	0.0047638164	0.0397335521	-0.0121220204	-0.0603348851	-0.0097779557	0.0401546316	-0.0067604541	0.0554317448	0.0247375536	-0.0193259316	0.0469635257	0.0076277011	0.0311309813	0.0249540915	0.0208252661	-0.0019232882	0.0263992486	0.0022833689	-0.0353770807	0.0359158827	-0.0530103137	-0.0228527915	0.0921968487	-0.0219623959	-0.003290873	-0.0130423739	-0.0013388109	0.0723177353	-0.0158500843	-0.0300834914	-0.0058514589	0.0312311649	-0.0088697662	0.0312718462	-0.0038308239	0.0384201704	-0.0278900925	0.0241929405	0.0223453437	-0.0646910573	-0.0280065561	-0.0072202348	0.0095018314	0.0294914395	0.0354275236	-0.0137003278	-0.0326940499	0.0074322764	0.0067709101	-0.035222157	0.0655588152	0.0031093075	0.0184574567	-0.0225791277	0.0178278496	-0.0446754239	-0.0147651109	0.0013588444	-0.005515245	-0.0094231427	0.116500577	0.0136577282	-0.0050554436	0.0198648716	-0.0253058147	0.0645689463	0.0564045934	-0.0125443223	0.028534769	0.0039717451	-0.0380974306	0.0031754428	0.0589993634	-0.0398521133	-0.0531065392	0.0880542381	-0.0019793863	-0.0117088908	0.0461829801	0.0416450454	0.0020731505	-0.0455937722	0.0597410985	-0.0853608169	-0.0130910457	0.1044439752	-0.0198121745	-0.002437434	-0.0081412442	-0.0528484917	-0.0058352455	-0.0173428839	0.0299458872	-0.0341556953	-0.0186966842	-0.028881399	0.0432495514	0.0183836303	0.0555845876	-0.0186239943	-0.0511364322	-0.0030015335	0.0622247363	-0.0143796945	0.0293801733	-0.0284205373	0.0012767329	0.037928983	-0.0219871038	-0.0121680584	-0.0272233461	0.0276585736	0.0046374683	-0.0450806593	0.002958735	0.073681511	-0.0700832598	0.0370921385	-0.0224763167	0.0332139306	-0.0027484219	0.0131358326	0.067875978	-0.0093520782	-0.0083382849	0.0276631698	0.0505238119	0.0112047494	0.0526592912	-0.0198247585	-0.002303236	-0.0338271412	-0.0255275925	-0.0050864021	-0.0447975853	0.0069619187	-0.0520142749	-0.0104029947	-0.0169746526	-0.041424113	0.01155814	0.0136144875	-0.0078101058	-0.0058541499	-0.0277940656	-0.0416802556	0.0534755242	-0.0315394754	0.0210780803	0.0214160446	-0.0045766732	-0.0347223253	0.0057319724	-0.009775565	0.021042636	-0.0169230513	0.0485896559	0.013057656	0.0623080425	0.0099667453	0.004765058	-0.0326150405	0.0472424695	-0.0036899917	-0.0165169654	0.0174943196	-0.0086990185	0.0531074473	-0.0222608615	0.0377478553	-0.0322677696	0.0208554506	0.0183688616	-0.0011844244	0.07111457	0.0196310923	-0.0332308549	-0.0462741461	-0.0038697424	0.043171555	0.0384828171	-0.0123177063	-0.0483586182	-0.02645413	0.0271488476	0.048220895	0.0115125682	-0.0389906186	-0.04277355	0.004696647	0.0465391172	0.0326163926	-0.0203887125	-0.0489631754	-0.0188678315	0.0338357689	0.045995879	0.0030417259	-0.0435571555	-0.0379639583	-0.0834367	-0.0144041	0.00020747809681	0.00696168290689	-1.68166	0.04865	2.8279803556	0.0023668225	-0.256208	-0.0311899999999999	0.0009728160999999	0.065642539264	-0.0132358	5.439999999999959e-05	0.00017518640164	2.959359999999955e-09	0.00303563	-6.121999999999985e-05	9.2150494969e-06	3.747888399999982e-09	-0.0003834	-0.000257502	1.4699556e-07	6.6307280004e-08	0.0	0.0	0.0	0.0	0.0	0.0	0.0	0.0	0.0	0.0	0.0	0.0	0.0	0.0	0.0	0.0	0.0	0.0	0.0	0.0	0.0	0.0	0.0	0.0	0.0	0.0	0.0	0.0	0.0	0.0	0.0	0.0	0.0	0.0	0.0	0.0	0.0	0.0	0.0	0.0	0.0	0.0	0.0	0.0	0.0	0.0	0.0	0.0	0.0	0.0	0.0	0.0	0.0	0.0	0.0	0.0	0.0	0.0	0.0	0.0	0.0	0.0	0.0	0.0	0.0	0.0	0.0	0.0	0.0	0.0	0.0	0.0	0.0	0.0	0.0	0.0	0.0	0.0	0.0	0.0	0.0	0.0	0.0	0.0	0.0	0.0	0.0	0.0	0.0	0.0	0.0	0.0	0.0	0.0	0.0	0.0	0.0	0.0	0.0	0.0	0.0	0.0	0.0	0.0	0.0	0.0
54053.12218316893	-132.5407200497284	2921740017.748589	17567.042471300476	65478.911646484376	-850.3756022949165	4287487870.4081073	723138.6649784419	54716.72020067698	-105.24698908970458	2993919469.519172	11076.928712448396	54866.97707912108	53536.54881544237	1.172324	26.856621	0.1781997	0.0971794	-0.0089467765	-0.0154757809	-0.0200078218	-0.0017247682	0.0315469459	0.0093608572	-0.0317259879	0.007572466	0.0134391105	-0.0031466026	-0.0187654749	-0.0093972296	0.0238294278	-0.0068226034	0.0281645302	-0.0327104973	0.0175947315	-0.033473508	0.0081294657	-0.011063934	0.0009866355	0.0155543753	0.0657513534	-0.0195470509	-0.0437479922	0.0298611423	-0.0043391569	0.019738342	-0.0426467098	-0.0110510677	0.0457972862	-0.0231371196	-0.0573075466	-0.0179001939	0.0636015549	-0.0262178099	0.0046922907	-0.044178578	0.0138912817	0.0163931578	-0.0156480777	0.0089100101	-0.0010011409	0.0825041267	0.0255234951	0.0551037316	0.0092957973	-0.0274254118	0.002699393	0.0650954742	-0.014224409	0.0018114943	-0.0534447113	-0.0165501936	-0.0475573719	0.0297745981	0.001944028	-0.0051258331	-0.0702576981	-0.0413164668	0.0106609552	-0.0373979646	-0.0078021041	-0.0506644294	-0.031483052	-0.0020165994	-0.0142319739	0.0110676504	0.0090122215	0.0002163745	-0.0601331208	0.0316323982	-0.0028240885	-0.0676466052	0.0038012947	-0.0542596345	-0.0200036893	-0.0324797444	0.1069587348	-0.0266913075	0.0423936004	0.0230836165	0.0301103354	-0.0098502844	0.009609411	-0.0446333761	-0.028060025	0.0300624483	-0.0362331017	-0.0342709836	0.0088208179	-0.0066853354	-0.0728561705	0.0095732294	-0.0021838657	0.0145310695	0.0113494151	-0.1047698416	0.0034096133	0.0860953346	0.0036763482	-0.0070399048	-0.0055007219	0.0265104704	0.0250049854	0.0171716637	-0.0373590419	-0.0171559149	0.0146834337	0.0026357109	0.0499487506	0.0132797873	-0.0330931674	-0.0057942244	0.0083027418	0.0013383091	-0.0196543918	-0.0687230749	-0.0163931818	0.0312414235	-0.0342435521	-0.0002788428	0.0280689988	-0.0277708053	-0.0151511832	0.053230407	-0.0131371881	-0.0619088521	-0.0100257373	0.0677515081	-0.0287275868	-0.0044115951	-0.0408062275	0.0095547762	-0.0146571482	0.0221449696	-0.0228856534	0.0856534362	-0.011674103	-0.0326745394	-0.0250022521	-0.0265393966	0.0288571316	0.0148098258	-0.0639443182	0.0151788794	0.0012747452	0.0174534835	-0.0369297551	0.0572060908	-0.024723914	-0.0435836631	-0.0050502632	-0.0660977454	0.0431916945	-0.0223862629	0.0528443767	-0.0096711464	0.0375877004	-0.013301838	0.0003867063	0.0229378759	-0.0087404749	-0.0122542601	0.0141093171	0.0396952648	-0.0567028452	0.018039488	-0.0731349623	-0.0003623993	-0.037100577	-0.0274308001	0.0350032325	0.073075101	0.0176470377	0.0839001868	-0.0227108504	0.0397168158	0.0103316959	0.0218822706	-0.0258075676	-0.0508548878	-0.0491152259	-0.0178142791	0.0112067677	-0.01123687	0.0163974132	-0.0198445465	0.0595318241	0.0072567642	0.0039784489	0.0120691472	0.0821824091	-0.0589336029	0.0266614966	-0.0723069708	0.0264090509	0.0052441014	0.0080947866	0.0409723057	0.0112079592	-0.0656073045	0.0233017794	-0.0028350413	-0.0168097803	0.0273017266	-0.0297782296	0.0136649172	-0.0210589683	-0.0038884843	-0.0097979817	-0.0107180249	-0.0050111807	-0.0247603658	0.082739311	0.0084151061	0.0522521573	-0.0211942947	0.0213095929	0.0451469947	0.0240768022	-0.0032089058	0.0242033504	0.0027583568	0.0202140525	0.0172540739	0.0230244819	-0.0079266723	0.039511879	-0.0062261203	0.007161493	0.0447657036	0.0194619585	-0.0335008948	-0.0460901072	-0.0031337753	0.0435992294	0.0377885739	-0.0135630238	-0.0485691282	-0.0250420933	0.0286644484	0.047825998	0.0093499925	-0.0403941669	-0.0414572508	0.0074419176	0.0473724506	0.0302120217	-0.023358459	-0.0487784667	-0.0154130506	0.0365274207	0.04444683	-0.0011989077	-0.0453997805	-0.0348870569	-0.0723222	0.0111145	0.0001235321102499	0.00523050061284	-1.73533	-0.0536700000000001	3.0113702089000003	0.0028804689	-0.211891	0.0443169999999999	0.0019639964889999	0.044897795881	-0.0142674	-0.0010315999999999	0.00020355870276	1.0641985599999976e-06	0.00328979	0.0002541599999999	1.08227182441e-05	6.45973055999999e-08	-0.000479604	-9.620400000000002e-05	2.3001999681600002e-07	9.255209616000004e-09	0.0	0.0	0.0	0.0	0.0	0.0	0.0	0.0	0.0	0.0	0.0	0.0	0.0	0.0	0.0	0.0	0.0	0.0	0.0	0.0	0.0	0.0	0.0	0.0	0.0	0.0	0.0	0.0	0.0	0.0	0.0	0.0	0.0	0.0	0.0	0.0	0.0	0.0	0.0	0.0	0.0	0.0	0.0	0.0	0.0	0.0	0.0	0.0	0.0	0.0	0.0	0.0	0.0	0.0	0.0	0.0	0.0	0.0	0.0	0.0	0.0	0.0	0.0	0.0	0.0	0.0	0.0	0.0	0.0	0.0	0.0	0.0	0.0	0.0	0.0	0.0	0.0	0.0	0.0	0.0	0.0	0.0	0.0	0.0	0.0	0.0	0.0	0.0	0.0	0.0	0.0	0.0	0.0	0.0	0.0	0.0	0.0	0.0	0.0	0.0	0.0	0.0	0.0	0.0	0.0	0.0
54114.22386902376	61.10168585482461	2928349224.9468207	3733.416014301674	66244.94257763671	766.0309311523379	4388392417.114386	586803.3874821179	54746.63825064978	29.91804997280269	2997194399.74751	895.0897141751192	54891.15367618637	53877.24746664469	1.1241	25.751852	0.2325775	0.133308	-0.0120238487	-0.028018862	-0.0429407293	-0.0016312088	0.040163135	-0.0019155116	-0.0566360283	0.005425539	-0.0514317584	-0.0028403832	0.0087447766	0.0356360126	-0.0347620907	-0.0044913582	0.0043331965	0.0072434089	0.0243863781	-0.0368093168	-0.0072591958	-0.0015112247	0.0488801051	0.0086165128	-0.0523992308	0.0035378845	0.0511449261	0.0062429263	0.0066245253	0.0259281637	-0.008538768	-0.0197950923	0.0005374903	0.0371356875	0.0333569227	-0.0029202717	-0.0045376239	0.0195624231	-0.0070716637	-0.0146963216	-0.0443144517	0.0107573751	-0.0057856269	0.0425105882	0.0239216359	-0.0236885118	0.0221620668	-0.0072523409	-0.0033028718	0.0461155835	0.046160873	-0.0544472666	0.0264217986	0.0172302741	-0.0282211547	-0.0258959362	-0.0043177361	0.0474599315	0.0423162585	0.0539054848	-0.00729789	0.0383986361	-0.000374001	0.0893129593	0.0003137603	0.0359079358	-0.0045345593	0.0185748675	0.0403178503	-0.0255266996	0.0169812017	-0.0139920566	0.0178437802	0.0134314088	0.0284789245	-0.0214318492	-0.0062496507	0.0120433576	-0.0219045328	-0.0625814016	-0.0103060297	-0.0202251234	0.0092864978	0.0234400119	-0.0102347183	-0.0658480492	-0.0256454134	0.0615062946	-0.059688562	0.0025941265	0.0288230363	-0.053545961	-0.0115606132	-0.0388325787	-0.0037426315	0.0349405147	-0.0011546598	-0.0280003787	0.0245328273	0.0104078176	-0.0200211927	0.0148236705	0.0409282193	0.0148969274	0.0399931943	0.0573557281	-0.0145076712	0.0227582985	0.0128419831	-0.0076063525	-0.0487224619	-0.0496901836	0.0055354363	0.066211098	-0.0370493614	0.005171885	0.0039297344	-0.0493826484	-0.0081205307	0.0598746849	0.0131959214	-0.0421911749	-0.0074229639	-0.00356878	0.0268615362	-0.0056249433	-0.0188521173	-0.0091031415	0.0386601314	0.0314757241	-0.006962558	-0.0051886199	0.0229064022	0.0093577671	-0.0099855686	-0.0431393462	-0.014025861	0.0011667012	-0.0436740137	-0.0104982958	0.0271733536	-0.0168268685	-0.0090132895	0.0249339675	-0.0452419122	-0.057239104	0.0484635805	-0.015704129	0.0259881748	0.0274560097	-0.0267471232	-0.0160720202	0.0042281048	-0.0519139525	-0.0278263615	0.0329458722	-0.03656392	0.0294771687	-0.0759234418	0.0424623223	0.0129215831	-0.0057356539	-0.0331330573	-0.0361125276	0.0050055805	-0.0369686054	-0.0129492918	-0.0204477242	-0.0193348273	0.019449343	-0.0136971283	-0.0033755368	0.026621417	-0.0328614894	0.0589124316	-0.0022923694	-0.0342681132	0.0220875308	0.0122586188	-0.0091932098	-0.0704944234	-0.0057814287	0.0736291306	-0.0563559727	-0.0142819387	0.0086534182	-0.0322018202	0.008850291	-0.0466810268	0.021907612	0.0365059023	0.0028326853	-0.0151354479	0.0399012663	-0.0141297217	-0.0016494243	-0.0158678982	-0.0190555674	0.0050334285	-0.0693364847	-0.044584519	0.0159020824	-0.0120179689	0.0170590463	0.0231984969	0.0029679826	0.0460253156	0.0612825141	0.0221595311	0.0523308395	-0.0461728537	0.0014717414	-0.0091426037	0.0168621618	-0.0055638704	0.0443720019	-0.0015743633	0.0818109897	-0.0015989495	-0.0015712814	-0.0203018279	0.0299175624	0.0129762911	-0.000649702	0.008639359	9.72427e-05	0.0586141313	-0.0079633386	0.0418305615	-0.0257137087	0.0344227116	0.0460542375	-0.0169450436	0.0525436106	0.0192925486	-0.0337690332	-0.0459001824	-0.0023970967	0.044011438	0.0370750283	-0.0147989116	-0.0487355344	-0.0236012772	0.0301393805	0.0473489988	0.0071683153	-0.0417008682	-0.0400256797	0.0101634351	0.0480337549	0.0276838006	-0.0262208584	-0.0483440011	-0.0118708295	0.0389906186	0.042592707	-0.0054305477	-0.0468715983	-0.03150099	-0.0796997	-0.0073774999999999	5.442750624999993e-05	0.00635204218009	-1.65548	0.0798499999999999	2.7406140304	0.0063760224999999	-0.237233	-0.025342	0.000642216964	0.056279496289	-0.0125296	0.0017377999999999	0.00015699087616	3.019948839999998e-06	0.00281361	-0.00047618	7.9164012321e-06	2.267473924000001e-07	-0.000293424	0.00018618	8.609764377599999e-08	3.4662992400000015e-08	0.0	0.0	0.0	0.0	0.0	0.0	0.0	0.0	0.0	0.0	0.0	0.0	0.0	0.0	0.0	0.0	0.0	0.0	0.0	0.0	0.0	0.0	0.0	0.0	0.0	0.0	0.0	0.0	0.0	0.0	0.0	0.0	0.0	0.0	0.0	0.0	0.0	0.0	0.0	0.0	0.0	0.0	0.0	0.0	0.0	0.0	0.0	0.0	0.0	0.0	0.0	0.0	0.0	0.0	0.0	0.0	0.0	0.0	0.0	0.0	0.0	0.0	0.0	0.0	0.0	0.0	0.0	0.0	0.0	0.0	0.0	0.0	0.0	0.0	0.0	0.0	0.0	0.0	0.0	0.0	0.0	0.0	0.0	0.0	0.0	0.0	0.0	0.0	0.0	0.0	0.0	0.0	0.0	0.0	0.0	0.0	0.0	0.0	0.0	0.0	0.0	0.0	0.0	0.0	0.0	0.0
53975.698883414734	-138.52498560902313	2913376069.9530587	19189.171637980067	65776.4291484375	-468.5134291992144	4326538631.519419	219504.8333400073	54703.90717178433	-42.7310788654504	2992517459.859197	1825.9451010053417	54844.230275481685	53110.48811479048	1.01996	23.366135	0.1241114999999998	0.0826768999999999	-0.0083162825	-0.0221651856	-0.0366862066	-0.0072583563	0.0100780906	0.0051451524	-0.0275533846	-0.0200780528	-0.0038612958	-0.0247501919	-0.0289523161	-0.0340162157	0.0359162876	-0.010391018	0.0432481707	-0.0092602762	0.0583828274	-0.0237743514	-0.0267530149	0.0163892308	-0.0075023846	0.0148111156	0.0473969682	0.0373345837	-0.0293135625	0.0757295887	-0.0068326423	-0.0048131891	-0.0305219157	-0.0036075128	0.0252447883	0.0445831211	-0.0103867412	-0.021281983	0.0354410697	-0.0268411935	-0.0439489638	0.0053943152	0.0153452536	-0.0627129714	0.0689868454	0.0161744017	0.0076062879	0.0687315847	-0.018686326	0.0639048507	-0.0354400683	-0.0231150413	0.0430993025	0.0190845177	-0.0553393907	0.0549302637	-0.0501791787	-0.015401426	-0.0048197531	0.0192881778	0.0514672273	0.0381138101	0.0269692247	0.0483689309	0.0299975909	0.0025745039	-0.0219110585	-0.0637301508	-0.0181379074	-0.0061926699	-0.0162147446	-0.0105866306	0.0131646397	0.0192928968	-0.0343448117	0.0284657023	-0.0071707167	-0.0088972859	-0.0377155736	0.0051485742	-0.024841231	-0.037279388	0.0292742204	0.0358701469	0.0290335948	-0.0209031314	-0.0349201953	-0.0372061181	0.0197796498	-0.059301322	0.0188986465	-0.0125448993	-0.1025236203	0.0156230949	0.0117462228	-0.0406474002	0.019951998	-0.009932158	0.0516114743	0.0024557529	0.0103320881	0.0402816151	-0.0614862448	-0.0297036014	0.0466062851	0.0017411566	0.012596492	0.0036815904	-0.0732845237	-0.0262768705	-0.0328224774	-0.0038669298	0.0278697709	-0.0005709536	-0.0526665531	0.0091088295	-0.0228539715	0.0296312441	-0.0157591965	0.0070648267	-0.015867828	-0.0441355493	0.0372523514	0.0358917342	-0.0719685965	0.006460883	-0.0070178451	-0.0217430359	-0.0046735204	0.0190801464	0.0527652853	-0.0179451961	-0.0177517532	0.0368321954	-0.0315195827	0.040482652	0.0102923977	0.0076771661	0.0662036177	-0.0598056674	-0.02164543	0.0852144132	0.0019833272	-0.0003336726	-0.0504251916	0.0254813103	0.0521392167	-0.0193878499	-0.0170379939	0.0421022889	-0.0436919145	0.0495664611	-0.0281916826	0.0148337341	-0.0142743564	-0.0161687656	-0.0378180997	0.0431486888	-0.04483549	0.0083163156	0.0552652041	0.0176843193	0.0609873219	-0.0086564739	-0.0081180391	0.0054855902	0.034049675	-0.0126725871	0.0329219268	0.0249285397	-0.036409641	-0.0171117898	-0.0106286156	-0.0383345032	0.0199206368	-0.0288821013	0.0501687403	0.0003935778	0.0216367358	0.0236950366	-0.0178018163	-0.0010623561	-0.036095145	0.0377288406	-0.0653681738	-0.0008298994	0.0252917302	-0.0612984206	0.0869581558	0.0039701908	-0.0236820509	-0.0205092383	-0.0055908332	-0.0390966002	0.0319648262	0.0072496682	-0.0660219002	-0.0118988616	-0.0174186593	0.0230461175	-0.0061879827	-0.0408130573	-0.0335167398	-0.0702060792	-0.0198300921	-0.0325399827	0.01529899	-0.0165280841	-0.0038113957	-0.0159017697	0.0487580742	0.0391257958	-0.0424783337	0.0036595692	-0.0137059925	0.0020530813	0.0173696615	-0.008997773	0.0759875871	-0.002237497	0.0755661691	-0.0073617623	-0.0011312544	0.0352993643	0.0128860711	-0.0339521045	0.0024828766	-0.0196911643	0.0290882825	-0.0130187753	0.0471502971	-0.0050076021	0.033303646	0.0338928395	0.0301914577	0.0261953175	0.019122865	-0.0340352549	-0.0457043959	-0.0016598739	0.0444080345	0.0363425447	-0.0160245105	-0.0488576859	-0.0221333376	0.0315715513	0.0467907162	0.0049719936	-0.0429075896	-0.0384828171	0.0128525131	0.0485206286	0.0250420933	-0.0289627561	-0.0476620031	-0.0082612638	0.0412099568	0.0404462362	-0.0096214501	-0.0479605879	-0.0278357645	-0.0733606	0.0063391	4.018418881e-05	0.0053817776323599	-1.73185	-0.0763699999999998	2.9993044224999994	0.0058323768999999	-0.220343	0.0168899999999999	0.0002852720999999	0.048551037649	-0.0129021	-0.0003724999999999	0.00016646418441	1.3875624999999966e-07	0.00278425	-2.9359999999999976e-05	7.752048062499999e-06	8.620095999999985e-10	-0.000381812	-8.838800000000001e-05	1.45780403344e-07	7.812438544000001e-09	0.0	0.0	0.0	0.0	0.0	0.0	0.0	0.0	0.0	0.0	0.0	0.0	0.0	0.0	0.0	0.0	0.0	0.0	0.0	0.0	0.0	0.0	0.0	0.0	0.0	0.0	0.0	0.0	0.0	0.0	0.0	0.0	0.0	0.0	0.0	0.0	0.0	0.0	0.0	0.0	0.0	0.0	0.0	0.0	0.0	0.0	0.0	0.0	0.0	0.0	0.0	0.0	0.0	0.0	0.0	0.0	0.0	0.0	0.0	0.0	0.0	0.0	0.0	0.0	0.0	0.0	0.0	0.0	0.0	0.0	0.0	0.0	0.0	0.0	0.0	0.0	0.0	0.0	0.0	0.0	0.0	0.0	0.0	0.0	0.0	0.0	0.0	0.0	0.0	0.0	0.0	0.0	0.0	0.0	0.0	0.0	0.0	0.0	0.0	0.0	0.0	0.0	0.0	0.0	0.0	0.0
53997.154894504994	21.45601109026029	2915692736.7011647	460.3604119053726	65922.64337890624	146.21423046874406	4345794910.062451	21378.60119156701	54747.59679679944	43.68962501510396	2997299355.024924	1908.7833339603972	54898.00427234479	53566.47432908888	1.022984	23.435415	0.091012735	0.0489531	-0.0122666755	-0.0186756212	-0.0381703286	-0.0021701719	0.0183821561	0.0060749441	-0.0338283898	0.0353594362	-0.06376082	-0.0186814918	0.0401509766	0.0253075789	-0.0548894194	-0.0060078975	0.0021223989	0.0041059695	0.0007491206	-0.0524088293	0.0103085964	0.0069319319	0.0103223348	-0.0223288982	-0.0325750459	-0.0664980445	0.0078610614	-0.0446999276	0.0261793755	-0.0302578719	-0.0325267847	-0.0271194799	-0.0540556359	0.0350724848	-0.0245048846	0.0147463445	-0.0107847121	0.0268634458	-0.025118484	-0.0161946131	-0.0549870511	0.032628909	0.0345610295	-0.0189644671	-0.0429565571	0.0718764297	-0.0045909236	0.0013481573	-0.0336771333	0.0293811355	0.0139217171	-0.0378556426	0.0003065287	-0.0440445843	0.0326956993	-0.0029535727	0.0089035416	0.0035992248	-0.0339587003	0.0147685404	0.029411612	-0.0409792495	-0.0061120756	-0.0085831961	0.0098096649	-0.0313541168	-0.0564406895	-0.0476655942	0.0588154193	0.0281515114	0.0488897752	-0.0033610912	0.0477037134	-0.0717714029	0.0405311947	0.0350878013	0.0268087879	-0.017042635	0.0266124434	-0.0775300747	0.0613881173	-0.0013840866	-0.0072021202	0.0090579139	-0.0712766986	0.0108984238	0.0403065386	0.0184127068	0.0120620896	-0.0003816009	0.0257523047	-0.0261699547	-0.0096084331	0.0120122082	0.017420279	-0.0264627615	-0.0454483975	-0.0029890973	-0.0246629261	0.0451434196	-0.013494621	-0.0492964478	0.0431624033	-0.0023209731	0.0459427374	0.0184389833	-0.0219005525	0.0119253815	-0.0465615133	-0.0043529722	0.0410740976	0.0046645924	0.0100200114	-0.0342867718	-0.0532537156	-0.0097804817	-0.0056489103	-0.0109880959	0.025419981	0.0295598437	-0.0634772318	-0.0323174752	0.0401961023	-0.0263023785	-0.0194972185	-0.0313907012	-0.0431639332	-0.0547649044	0.0215029165	-0.0310583321	0.0157693126	-0.0107654343	0.0263269701	0.0257064229	-0.0086329544	-0.0478401074	-0.0279757928	-0.032585014	0.0147771927	0.0563502124	-0.0539398885	0.0015380593	0.0169086872	0.0405923678	-0.0237284356	0.0078715033	0.0223132307	-0.0133444232	-0.0054932676	-0.070654529	0.0056894914	-0.0080386253	-0.0156204265	-0.0035202163	0.026872568	0.0319219781	0.0406646183	-0.004115045	0.0291174611	-0.0049091028	0.0363034012	-0.0487845748	0.0481742533	-0.0244618981	-0.056417228	-0.0532417478	-0.00775343	-0.0371770154	0.0773078909	0.0242718046	0.0426905655	0.0192746787	-0.0361666114	0.0020239727	0.0957159149	0.0357525005	0.0049683401	0.034612938	0.00618891	-0.0604867208	-0.0019894368	0.0305080477	0.0028599395	0.0266055626	-0.0177105456	0.0092281552	-0.0257943037	0.0269470883	-0.015503473	-0.004570877	-0.0438086421	0.0428312214	-0.0258178231	-0.0301014998	-0.0449474399	0.0100714479	-0.0336569657	0.0388733037	-0.0024010065	-0.039538642	-0.0499537591	-0.0050464583	-0.0236208963	-0.0586617496	0.0211242114	0.0021872135	-0.0106239344	-0.0236040175	-0.0235488617	0.0105750354	-0.0451854226	-0.0020497177	-0.0148728045	0.0178227412	0.0145333116	0.0264808635	-0.0194446985	0.0890451266	-0.0383964956	-0.0072826133	0.0063881084	0.0135754996	0.0260609216	0.0224015715	0.0080777156	-0.0069755729	0.0639955322	0.0067264558	0.0236176933	-0.0168805649	0.0514274365	0.0262148778	-0.0173227332	0.0216436606	0.01895291	-0.0342995449	-0.0455027728	-0.0009222743	0.0447888782	0.0355914973	-0.0172389684	-0.0489354716	-0.0206399614	0.0329589289	0.0461521087	0.0027655145	-0.044011438	-0.036832953	0.0155005685	0.0488313037	0.0222977292	-0.0315715513	-0.0467359647	-0.004604831	0.043171555	0.0380221508	-0.0137401766	-0.0486578547	-0.0239238614	-0.0771831999999999	-0.0038225999999998	1.4612270759999225e-05	0.0059572463622399	-1.68857	0.0432799999999999	2.8512686449	0.0018731583999999	-0.225994	-0.0056509999999999	3.193380099999988e-05	0.051073288036	-0.0130661	-0.000164	0.00017072296921	2.6896000000000312e-08	0.00295074	0.00016649	8.706866547599999e-06	2.771892010000001e-08	5.28807e-05	0.0004346927	2.7963684324899995e-09	1.8895774343329e-07	0.0	0.0	0.0	0.0	0.0	0.0	0.0	0.0	0.0	0.0	0.0	0.0	0.0	0.0	0.0	0.0	0.0	0.0	0.0	0.0	0.0	0.0	0.0	0.0	0.0	0.0	0.0	0.0	0.0	0.0	0.0	0.0	0.0	0.0	0.0	0.0	0.0	0.0	0.0	0.0	0.0	0.0	0.0	0.0	0.0	0.0	0.0	0.0	0.0	0.0	0.0	0.0	0.0	0.0	0.0	0.0	0.0	0.0	0.0	0.0	0.0	0.0	0.0	0.0	0.0	0.0	0.0	0.0	0.0	0.0	0.0	0.0	0.0	0.0	0.0	0.0	0.0	0.0	0.0	0.0	0.0	0.0	0.0	0.0	0.0	0.0	0.0	0.0	0.0	0.0	0.0	0.0	0.0	0.0	0.0	0.0	0.0	0.0	0.0	0.0	0.0	0.0	0.0	0.0	0.0	0.0
54050.697930586764	53.54303608176997	2921477946.7835364	2866.8567128537206	65875.01232141114	-47.63105749510578	4339517248.346069	2268.717638102072	54755.20775658849	7.610959789053595	2998132776.4671683	57.92670891059075	54892.93558961703	53085.646173650566	1.180061	27.033857	0.082040465	0.0553781	-0.0070340639	-0.0185698466	-0.0372508218	-0.0127500979	0.0033411199	-0.001058448	-0.0178675971	-0.0375514501	-0.0083955843	0.0163087374	-0.0190331449	-0.0406835605	0.0443317389	-0.0047801199	0.0641461936	-0.008208045	0.1312681629	-0.0157888581	-0.0283093363	-0.0031361683	-0.0257768078	0.0506165866	0.0289142642	0.1091664261	-0.0522045513	-0.0166902904	0.0468251803	0.0115591072	0.0044982026	-0.0171481042	0.0218414713	0.0408000487	0.0138826663	-0.0001810217	0.0178662654	0.0186713107	-0.0394927851	-0.0234711457	0.0055836636	-0.0024104208	-0.0220384157	0.0205252097	0.0070117759	-0.0054109333	-0.0535616283	0.0839435843	0.0451839085	0.0192125235	0.0490886895	-0.0333705328	0.0009727387	-0.0194567499	0.0141203855	-0.0427260933	0.0259353369	0.0206388987	-0.0400206817	0.0507520955	0.0174492954	0.0158348174	-0.0059666854	0.0363939638	-0.008752185	0.0601865514	-0.0058848108	0.0197444683	-0.0369588629	0.008126947	0.0574372937	0.0079534053	0.0137644261	0.0550025164	-0.0430513443	0.0266565526	0.0026650302	0.0108854558	-0.0189507757	-0.0226827284	0.03951458	0.0058058765	-0.0004057997	-0.0319027541	-0.0382738413	0.0338816879	-0.020845929	0.0016495008	-0.027425329	-0.0480307423	0.0164146872	-0.0244178632	0.0165698973	0.0169114888	0.0357304365	0.0091196282	-0.021011124	0.028112318	0.0065148792	0.0341558968	-0.0607621799	0.0020526814	-0.0439892232	0.053330659	-0.0187619325	-1.76682e-05	0.0715886459	-0.0272361554	0.0045681628	0.0148295789	-0.0117805117	0.0157959133	0.0514181541	-0.0100547927	-0.0135817343	0.0315981045	0.002410884	0.0263756228	-0.0521171579	-0.0207400257	0.0912474883	0.0810059742	0.021790539	-0.0473304767	0.003726141	0.0072975837	-0.0132435679	0.0090195207	0.0456225537	0.0151677602	-0.0033418835	0.0171503918	0.0166387484	0.0402130387	-0.0159564842	0.0022956487	0.0063710458	0.0204274503	-0.0316109954	0.0167488579	0.0001566971	0.0479196745	-0.0939814469	-0.0323514927	-0.0235304272	-0.0380125567	0.0213168857	-0.0056698714	-0.0018344686	-0.0341309388	-0.0274143283	-0.044961965	-0.0062420637	-0.0226832222	0.0345382169	0.0459244228	-0.0031543083	0.0148324874	-0.0299999952	0.0310621344	-0.024385657	-0.0194361161	-0.0387892367	0.0513331097	0.0025148718	-0.0682557287	0.0148844766	0.0050211834	-0.0360224708	-0.0686798646	0.02230489	0.0049001975	0.0108482147	-0.0264100621	0.0288988983	0.0313912576	0.0278474315	-0.0061955235	-0.026014643	-0.0312512646	0.017767337	-0.0312758272	-0.0049788185	-0.0218718559	0.0461491105	0.0064655671	-0.0209171641	0.0437117383	-0.0123383992	0.0132949505	-0.0211699318	0.01588652	0.0210122664	-0.0062177208	-0.0481328142	0.0273332614	0.0642521949	-0.0127406171	-0.070341768	0.0060635438	0.0223491023	0.0500196778	0.0479856201	0.0155155775	-0.0351257447	0.0135506964	-0.0091559277	0.0005858889	-0.0561456752	0.0221711311	-0.0423614952	0.0022722581	-0.0126791641	0.0148601986	0.0397779073	-0.0066088385	0.0673953332	-0.0157633598	0.0705122373	0.0467998529	-0.0679089941	0.0154865575	-0.0054713255	-0.0883668595	-0.0090535039	-0.0160070095	0.0232651917	-0.0007682377	0.0274514863	-0.002298891	0.0293678417	0.0382765036	0.0385554386	0.0159939603	0.018782686	-0.0345618882	-0.0452953387	-0.0001844653	0.0451538342	0.0348222698	-0.018441441	-0.048968821	-0.019122865	0.0342995449	0.0454342724	0.0005533855	-0.0450097667	-0.0350806749	0.0180991493	0.0489646519	0.0194619585	-0.0340352549	-0.0455706274	-0.0009222743	0.0448631447	0.0353370889	-0.0177558304	-0.0489577037	-0.0197999475	-0.069315	0.0078681999999998	6.190857123999834e-05	0.004804569225	-1.7415	-0.0529300000000001	3.03282225	0.0028015849	-0.220856	0.005138	2.639904400000004e-05	0.0487773727359999	-0.0131402	-7.409999999999882e-05	0.0001726648560399	5.4908099999998254e-09	0.00275937	-0.0001913699999999	7.614122796900001e-06	3.66224768999999e-08	0.000109496	5.66153e-05	1.1989374016e-08	3.20529219409e-09	0.0	0.0	0.0	0.0	0.0	0.0	0.0	0.0	0.0	0.0	0.0	0.0	0.0	0.0	0.0	0.0	0.0	0.0	0.0	0.0	0.0	0.0	0.0	0.0	0.0	0.0	0.0	0.0	0.0	0.0	0.0	0.0	0.0	0.0	0.0	0.0	0.0	0.0	0.0	0.0	0.0	0.0	0.0	0.0	0.0	0.0	0.0	0.0	0.0	0.0	0.0	0.0	0.0	0.0	0.0	0.0	0.0	0.0	0.0	0.0	0.0	0.0	0.0	0.0	0.0	0.0	0.0	0.0	0.0	0.0	0.0	0.0	0.0	0.0	0.0	0.0	0.0	0.0	0.0	0.0	0.0	0.0	0.0	0.0	0.0	0.0	0.0	0.0	0.0	0.0	0.0	0.0	0.0	0.0	0.0	0.0	0.0	0.0	0.0	0.0	0.0	0.0	0.0	0.0	0.0	0.0
54229.92379475936	179.225864172593	2940884634.785407	32121.91038841275	66488.68422460937	613.6719031982357	4420745129.919819	376593.2047749448	55010.3630394705	255.15528288201315	3026140041.7343426	65104.21838260014	55176.438964379166	54676.79015827922	2.122678	48.628162	0.8316899999999998	0.488905	0.0018142527	-0.0560559212	0.1024876654	0.0511497278	0.0058304966	0.066555372	-0.0390118966	0.0648589662	0.066420674	0.0245068495	0.1230114523	-0.1023327866	-0.0013137798	0.1139706013	0.0337993245	0.0163143602	-0.1143553803	-0.0542045158	0.1577125855	-0.0771432777	-0.1679731296	0.0075453734	0.0532596854	-0.0279187992	0.0359501003	-0.0533298069	-0.062594481	0.0461007419	-0.033940936	-0.0160856175	0.0051932843	-0.0546366784	0.0509305501	0.0912877968	0.0518850877	0.0335383343	-0.0637319535	0.0445059715	0.0342113667	-0.0992679038	0.0478765988	0.0212923355	0.0034101301	-0.0156269226	0.0621206056	0.0282236444	0.0409225462	-0.0080364092	0.0019617207	-0.0504708634	0.048127611	0.0119622763	-0.0375929636	-0.0252397958	0.0530801601	-0.0009420736	-0.007200706	-0.0299249035	-0.0115323765	-0.066406911	0.0004957355	0.0134519596	-0.0785486443	0.0320027704	-0.0388167873	0.0628491897	-0.0526531706	-0.0291364409	0.028466324	-0.0086479325	0.041847225	-0.0002175246	-0.0231013062	-0.0368573959	-0.0549942084	-0.0715787226	-0.0094994161	-0.0197043086	-0.0160876508	-0.0265829683	0.0208072501	0.0412190594	-0.0295033181	-0.0068485551	0.0387869608	0.0047528148	-0.0142487214	-0.0439356712	0.0533773134	0.048650221	-0.0480732759	0.0069033504	0.0183241456	-0.0660876477	0.0098935779	0.0476019115	-0.0328807517	0.0278438551	-0.0565776288	0.0166368842	-0.0323428959	0.0357456879	0.0310471168	-0.0121882311	-0.0053910564	0.0512274014	0.0417047673	0.0501205487	-0.0570435096	-0.0173896022	0.0009816384	-0.0226362308	-0.0605123791	-0.1535046529	0.0672872015	0.1739098823	-0.0098450721	-0.0568120465	-0.0175000897	-0.0393608789	0.0522514166	0.0650582478	0.0569091781	-0.0278984979	-0.009667314	0.019479034	-0.0489720735	0.0522765603	0.0909510232	0.0443234906	0.0361816772	0.0608651464	0.0505890704	0.0285762046	0.0920826925	-0.0492581938	-0.0229711076	-0.0079648743	0.0150418949	-0.0654130991	-0.0281959575	-0.0392270826	-0.0110786508	-0.0109074562	0.0552608335	-0.0314546494	0.0366700511	0.0250456986	-0.0253302542	-0.0314895986	-0.0315762278	0.0413461721	-0.0208870326	-0.0067796245	0.0737575086	-0.0377656862	0.0037734575	0.0645279778	-0.0331226596	-0.0188338047	-0.0830114901	0.0521982546	0.0166611998	-0.0325669113	-0.0235262709	-0.0394984234	-0.0042964555	-0.0108289447	-0.0535750298	-0.0439558266	-0.0556845237	-0.0281960131	-0.0130573005	-0.0126373583	-0.0378379261	0.0492386225	0.009330103	-0.0289330781	-0.0048274706	0.038832728	0.0007502513	0.0059805398	0.0499287516	0.0301099993	-0.0506021106	-0.0313704073	-0.0151669788	-0.0222068043	-0.0497476263	-0.0322480197	0.0319681371	-0.0538929151	-0.0264193535	0.0073384415	0.0474067537	-0.0387583672	-0.0444783661	-0.0348735655	-0.0198374718	-0.014510328	-0.0496664904	0.0681725304	-0.059153965	0.0319877235	0.0268269175	-0.0126954607	-0.0097553294	-0.0366535559	0.0370394949	-0.0324870983	-0.0072670811	-0.1349682726	-0.122689713	-0.0824120695	-0.0154372716	-0.1053913528	-0.042981724	-0.0128467825	0.0616030997	-0.1369767	-0.1081770315	0.0673510542	0.0419856016	-0.0324623555	-0.0634788618	0.1408990924	0.1423799898	-0.0193223495	0.019003237	0.0514997138	-0.0025431775	-0.0355592949	0.0186121956	-0.0348222698	-0.0450821203	0.0005533855	0.0455027728	0.0340352549	-0.0196310923	-0.0489577037	-0.0175837917	0.0355914973	0.0446384398	-0.0016598739	-0.0459001824	-0.0332308549	0.0206399614	0.048920189	0.0165464061	-0.0363425447	-0.044171958	0.0027655145	0.0462741461	0.0324094805	-0.0216382877	-0.0488576859	-0.0155005685	-0.0729106999999999	-0.0035956999999998	1.2929058489999254e-05	0.0053159701744899	-2.07055	-0.3290499999999998	4.2871773025	0.1082739024999999	0.0499764	0.2708324	0.0733501888897599	0.0024976405569599	-0.0163196	-0.0031794	0.00026632934416	1.0108584360000003e-05	0.00368987	0.0009304999999999	1.36151406169e-05	8.658302499999999e-07	-0.000344842	-0.000454338	1.18916004964e-07	2.06423018244e-07	0.0	0.0	0.0	0.0	0.0	0.0	0.0	0.0	0.0	0.0	0.0	0.0	0.0	0.0	0.0	0.0	0.0	0.0	0.0	0.0	0.0	0.0	0.0	0.0	0.0	0.0	0.0	0.0	0.0	0.0	0.0	0.0	0.0	0.0	0.0	0.0	0.0	0.0	0.0	0.0	0.0	0.0	0.0	0.0	0.0	0.0	0.0	0.0	0.0	0.0	0.0	0.0	0.0	0.0	0.0	0.0	0.0	0.0	0.0	0.0	0.0	0.0	0.0	0.0	0.0	0.0	0.0	0.0	0.0	0.0	0.0	0.0	0.0	0.0	0.0	0.0	0.0	0.0	0.0	1.0	0.0	0.0	0.0	0.0	0.0	0.0	0.0	0.0	0.0	0.0	0.0	0.0	0.0	0.0	0.0	0.0	0.0	0.0	0.0	0.0	0.0	0.0	0.0	0.0	0.0	0.0
54241.11637215013	11.192577390771476	2942098705.297133	125.2737886484088	66706.12382250976	217.43959790038932	4449706955.424005	47279.978735083	54857.328772893496	-153.03426657700766	3009326520.0973287	23419.486746762643	55021.13884284312	55019.45886579241	2.264756	51.883011	0.7741869499999998	0.437992	-0.0184356139	-0.0097180255	-0.0366465764	-0.0182150131	-0.0452190195	-0.0131304261	-0.0198318492	-0.0588969097	-0.0953999975	0.0020083156	-0.0025878959	0.0546615565	-0.0719239307	-0.0250058706	0.0330349426	0.0963488156	-0.0351387752	-0.0504572279	0.013501155	-0.0504210338	-0.0867725542	0.0105313425	-0.1263271024	-0.0936937014	-0.0659195256	0.0251553519	-0.0373683064	0.0529781816	-0.0468746886	0.018524128	0.0452714115	0.0116769476	-0.035546514	0.0534239219	0.0439742043	0.0266395419	-0.0267087817	0.0518412168	-0.0586981571	0.028999628	0.0424698381	0.0108279615	-0.0119726837	-0.0128188268	-0.0748886605	-0.0124761786	0.0127347718	-0.0063271058	0.0139021822	-0.0010688182	-0.0922909146	-0.02539527	0.0406169419	0.0309820612	0.0199619465	-0.0212517226	0.0071072202	0.0041141107	0.0627892754	0.0041933347	0.0047076278	-0.005545497	-0.0257165042	0.0062277416	-0.0383123272	0.0175827655	0.0067259192	-0.0004780916	-0.0075042147	0.0018547007	0.0043809744	-0.0178071501	-0.0327494188	0.0053507206	0.0316241287	0.0010828738	-0.0397533718	0.0463006253	0.0079224985	0.0731264907	0.022568128	0.0742268728	0.0333513725	-0.0349292218	0.036148858	-0.0561663289	-0.0463262316	0.0569639995	-0.0320137865	-0.002470782	-0.037112767	0.0081500266	-0.0549167527	0.0070967995	-0.0100330378	0.0548815141	0.0339012	0.0043388712	0.0556004961	-0.046083906	-0.0990905423	-0.0156932834	-0.0188429333	0.0098424503	-0.0202794261	0.0137596392	-0.0119195087	0.0139860671	0.0075482725	-0.048941869	-0.006735758	-0.0083253963	-0.051643779	-0.0069678421	0.0440269845	0.0898201572	-0.0082965904	0.1029171477	-0.1348918227	0.0424400952	-0.0286862674	0.0356505732	0.0533837723	-0.0302351612	0.0212784457	0.0400974626	0.0229400419	-0.0397798679	0.0529419121	0.0356664531	0.0275985122	0.023871696	0.0587682834	-0.052617489	-0.0292505057	-0.0441885379	-0.0027074499	-0.020664479	-0.0132006654	0.0863651313	0.0027540372	-0.004312468	0.0031581772	-0.0092631914	0.0033983719	0.0831533647	-0.0447190633	-0.0492974981	0.0386380034	-0.0027602528	0.010304861	0.0344368088	-0.0062116164	0.0562853101	-7.79264e-05	0.0050587311	0.0207075322	0.0147235098	-0.0081719442	-0.0311758118	-0.0194783613	-0.0154055105	-0.0063931122	0.0106911123	0.0036526653	0.008893394	0.0235455445	-0.0289266192	-0.0001727131	0.0376421083	0.0201416513	-0.0327260424	-0.037066331	-0.0491558116	0.0411225075	0.0614222867	0.04064738	0.0347242909	0.002948961	0.058595152	-0.0408872514	-0.0595498528	-0.0517315545	-0.0064383186	0.0173476352	-0.0719412798	0.0244077806	0.0099130698	0.0353406739	0.0069591114	0.0084098882	-0.0227124617	0.0776289321	0.0914182218	0.0500208033	0.0457109782	0.0227235612	-0.0126983422	0.0423897203	-0.026702209	-0.0182281413	-0.0123108714	-0.003418251	0.0220160087	0.0446006295	-0.0290211712	0.0034238389	-0.0727925441	-0.0457286621	0.018313344	-0.0428306974	-0.000767275	0.011537178	0.0825265966	-0.0525125461	0.011951083	0.0548418404	-0.0772324762	0.0451308762	-0.0628378006	-0.021534931	-0.0242747346	0.0191178405	0.0348439243	0.0369379624	0.0224943552	0.0459422669	-0.0029563236	0.0237169186	0.0546020571	0.0238081094	-0.0296621548	0.018441441	-0.0350806749	-0.0448631447	0.0012911108	0.0458355703	0.0332308549	-0.0208070951	-0.0489021298	-0.0160245105	0.036832953	0.0437659771	-0.0038697424	-0.04668055	-0.0312886365	0.0231148951	0.0486980765	0.0135630238	-0.0384828171	-0.0425471181	0.0064376142	0.0473957345	0.02925942	-0.025358424	-0.0483586182	-0.0110638251	-0.101556	-0.0286453	0.00082055321209	0.0103136211359999	-1.82998	0.2405699999999999	3.3488268004	0.0578739248999999	-0.170854	-0.2208304	0.04876606556416	0.029191089316	-0.011989	0.0043306	0.000143736121	1.8754096360000003e-05	0.00261535	-0.00107452	6.840055622499999e-06	1.1545932304000004e-06	-0.000622547	-0.000277705	3.87564767209e-07	7.7120067025e-08	0.0	0.0	0.0	0.0	0.0	0.0	0.0	0.0	0.0	0.0	0.0	0.0	0.0	0.0	0.0	0.0	0.0	0.0	0.0	0.0	0.0	0.0	0.0	0.0	0.0	0.0	0.0	0.0	0.0	0.0	0.0	0.0	0.0	0.0	0.0	0.0	0.0	0.0	0.0	0.0	0.0	0.0	0.0	0.0	0.0	0.0	0.0	0.0	0.0	0.0	0.0	0.0	0.0	0.0	0.0	0.0	0.0	0.0	0.0	0.0	0.0	0.0	0.0	0.0	0.0	0.0	0.0	0.0	0.0	0.0	0.0	0.0	0.0	0.0	0.0	0.0	0.0	0.0	0.0	0.0	1.0	0.0	0.0	0.0	0.0	0.0	0.0	0.0	0.0	0.0	0.0	0.0	0.0	0.0	0.0	0.0	0.0	0.0	0.0	0.0	0.0	0.0	0.0	0.0	0.0	0.0
53973.661053838834	-267.45531831129483	2913156087.554679	71532.34729299604	65628.00027441407	-1078.1235480956966	4307034420.018493	1162350.384958454	54653.809575979205	-203.51919691429063	2987038901.167396	41420.06351263782	54804.46390714201	53410.19103052709	1.341285	30.727318	0.2625556999999999	0.164651	-0.0104012743	-0.0299724127	-0.0620735208	-0.0061604846	-0.0263117233	0.0101045953	-0.0089558638	0.0501563807	-0.0580818325	-0.0162929305	-0.0273688411	-0.0328141307	0.0343261638	-0.050914265	-0.004071684	-0.0258192588	0.0517428662	-0.0434161396	-0.0713521798	-0.019657079	0.0309399078	-0.0666539999	0.0003136117	0.0461381017	0.0283091056	-0.0102903194	-0.0405815067	0.0165809207	0.0338957584	0.0328910063	-0.0062277943	0.0389597583	0.052940368	-0.0205213001	0.0496684449	0.0321017734	0.0130011941	0.022354285	0.0300466902	-0.0213965027	-0.0313717869	0.0307605438	-0.0095056049	-0.0256370124	0.032032963	0.0138717642	0.0027067432	0.0568651476	-0.040360842	0.0163955787	-0.0672210099	-0.0484287749	0.0122499823	-0.026194647	0.0462342115	-0.0211236319	0.0104404179	0.0364175601	-0.0433035209	-0.0087931578	0.058599562	0.02785327	0.0072629001	-0.0034233672	0.0031446547	-0.0132656942	-0.0376632574	-0.0164368769	0.0439812513	0.0300406343	-0.0452685885	0.0150535063	-0.059202578	0.0513807321	0.0368546942	-0.0142224154	0.0071229791	0.021386181	0.0019525474	-0.0636395209	0.0015314611	0.0620654702	-0.0572985587	-0.048204406	0.041866596	-0.0154124652	0.0033063166	0.0346415572	-0.0262317309	0.0086614471	-0.0025643709	-0.0186603142	-0.0650748672	0.0552182677	0.0156857935	-0.0166764599	0.01207995	0.0400530714	-0.0509692426	0.0209015722	0.0146087381	-0.0145643297	0.0397136026	0.0092276515	0.0211513858	-0.0264916258	-0.0215885953	0.0470903527	-0.0028680269	-0.0627048013	0.0437267205	-0.0171016406	-0.0414896049	0.0678716163	0.0257384443	-0.0333171941	0.0677334299	0.0041860196	0.0483812505	-0.0068700828	0.0127774047	0.044049947	0.0093206685	0.0317340527	0.0353496795	-0.0226430961	0.03840953	0.0510665823	-0.0191463581	0.0491749581	0.0313408519	-0.0129133375	0.0201327209	0.029880475	0.0227433943	0.0276091858	-0.0371303798	-0.0336292673	-0.0071524546	-0.0322043351	-0.0208252144	0.0153977743	-0.0580358667	0.0303722051	-0.017637564	0.0802712243	0.0087865948	-0.0166377221	0.0056177878	-0.064078513	0.0353798725	-0.0257593511	0.0053145524	-0.0218048391	0.0018078061	-0.0474418663	-0.004626881	0.0097701464	0.0317541662	0.0010904124	-0.0007272681	0.0238347677	0.0470889732	-0.0446915938	0.0449980933	0.0529562372	-0.0062910889	-0.0580570763	0.0264887484	0.0313109825	-0.0265688575	0.0144660875	-0.0407454315	0.0231635544	-0.0504522296	0.0506593515	0.0141887965	-0.061846693	-0.0386745702	0.0380141174	-0.0099618163	-0.0041870486	-0.0280299252	-0.0112821033	0.0387044428	-0.0263137419	0.0151032335	0.0195525174	0.0811053153	-0.0163311604	0.0003407351	0.0286899965	-0.0490404403	0.0107032067	0.0057264801	-0.0284481696	0.0129240588	-0.0267968372	-0.0508350816	-0.0076039032	0.0229620661	-0.0226582997	-0.0082457656	0.052905965	0.0578653525	-0.0067794691	-0.0390298495	-0.0218853878	-0.0690628254	0.0092522627	-0.0266909611	0.0490704504	0.0548267484	0.0272875543	0.0468587073	0.0470346204	-0.0020404441	-0.0122486965	-0.0116904591	0.0302830956	-0.0182270483	0.011248148	-0.0042395296	-0.0337101652	0.1031386218	-0.0233651068	0.0228792734	-0.0230905206	0.0397686822	0.0303735173	0.0098409406	0.0075244189	0.0182704248	-0.0353370889	-0.0446384398	0.0020285429	0.0461521087	0.0324094805	-0.0219686319	-0.0488021499	-0.0144468132	0.0380221508	0.0428183818	-0.0060717052	-0.0473489988	-0.02925942	0.0255160508	0.048299121	0.0105240416	-0.0404462362	-0.0407044271	0.0100731925	0.048220895	0.0259085287	-0.0288883326	-0.0474645768	-0.0065290352	-0.130114	-0.028558	0.000815559364	0.016929652996	-1.67526	0.1547199999999999	2.8064960676	0.0239382783999999	-0.21657	-0.045716	0.002089952656	0.0469025649	-0.0119678	2.1199999999999e-05	0.00014322823684	4.4943999999995745e-10	0.00224453	-0.00037082	5.037914920899999e-06	1.3750747240000001e-07	-0.000343333	0.000279214	1.17877548889e-07	7.796045779600001e-08	0.0	0.0	0.0	0.0	0.0	0.0	0.0	0.0	0.0	0.0	0.0	0.0	0.0	0.0	0.0	0.0	0.0	0.0	0.0	0.0	0.0	0.0	0.0	0.0	0.0	0.0	0.0	0.0	0.0	0.0	0.0	0.0	0.0	0.0	0.0	0.0	0.0	0.0	0.0	0.0	0.0	0.0	0.0	0.0	0.0	0.0	0.0	0.0	0.0	0.0	0.0	0.0	0.0	0.0	0.0	0.0	0.0	0.0	0.0	0.0	0.0	0.0	0.0	0.0	0.0	0.0	0.0	0.0	0.0	0.0	0.0	0.0	0.0	0.0	0.0	0.0	0.0	0.0	0.0	0.0	0.0	0.0	0.0	0.0	0.0	0.0	0.0	0.0	0.0	0.0	0.0	0.0	0.0	0.0	0.0	0.0	0.0	0.0	0.0	0.0	0.0	0.0	0.0	0.0	0.0	0.0
54059.32170860312	85.66065476428776	2922410263.594249	7337.747774646495	66073.46815026856	445.46787585449056	4365703193.404553	198441.62841831183	54762.18274185505	108.37316587584792	2998896658.6523275	11744.743081954048	54907.93353614117	53602.53689884335	1.054374	24.154509	0.1126800000000001	0.0860824	-0.0104502467	-0.0173660537	-0.0556414974	-0.0152153955	-0.0536135489	0.0202121653	-0.0043110541	-0.0060586809	-0.0515462875	0.0661412411	-0.032024626	-0.022621956	0.0054296325	-0.0113910331	-0.0038996643	0.0112696385	0.0660490558	-0.037828565	-0.019394931	-0.073115718	0.0275267547	0.016468301	-0.0095287691	0.0006182289	-0.0374083872	-0.0377792031	0.0006666546	-0.0358081124	-0.0298155487	-0.0077568558	-0.0061062712	0.0282197828	0.0106404569	-0.0674379518	0.0103251651	-0.0317835169	0.003184982	0.0344855168	0.0133798007	0.020653478	0.0074544968	-0.0826595197	-0.0294640921	0.0213108229	-0.0357551686	-0.0486405412	0.0440877019	-0.0176883325	0.002546283	0.031285931	0.001294861	-0.0021959385	0.0811805656	0.0508754202	0.0182852563	-0.0447211552	-0.0727363839	-0.004539228	0.0456984307	-0.0412966449	0.0052634128	-0.0542556027	-0.0161948956	-0.0049382015	-0.0047105427	0.0152189823	0.0467030403	-0.0748841119	-0.0297153277	-0.0209154919	-0.0499905403	-0.0433260836	0.0027528464	-0.0727682583	0.00169674	0.0129475312	-0.077155861	-0.0199537894	-0.0034223019	-0.0260294539	0.0591668711	0.0267447488	0.0610259568	-0.0333804659	-0.01036408	-0.0159548952	0.0229407325	-0.0263220625	-0.0580506462	-0.0526387095	-0.0258322519	-0.0732229998	-0.0362333494	-0.0404040328	-0.0332156548	0.0254170205	0.0477690065	0.0326150407	0.0042432906	-0.0020078413	-0.0644333977	0.0357303465	-0.0415340234	0.017839712	-0.0006196121	-0.0029313535	-0.0202845616	0.0203121677	-0.0298458538	-0.0404746816	0.0262850313	0.0280710827	-0.0350233407	0.0206086872	0.0737247119	-0.0243565048	-0.0201593372	0.0028895708	-0.0170811669	0.0389799569	0.0380978489	0.0018448607	-0.0294197897	-0.0319604298	-0.0168730369	-0.0122364483	0.028355201	0.0071523872	-0.0654479829	0.0146253342	-0.034784097	-0.0064297476	0.0330366052	0.0160586699	-0.0189137694	-0.0008884986	0.0869150909	0.0035251625	-0.0374940471	0.0391148292	0.0491390111	-0.0480125597	0.006250755	0.0014467998	-0.0287237772	-0.0281945381	-0.0490241687	-0.0477840877	0.0718311337	-0.0072195026	0.0103730482	0.0489426024	0.0643379045	0.0265422757	0.0363497219	-0.0231701608	0.0483415444	-0.0180045221	-0.019424627	-0.0074502902	-0.0093384464	-0.064513919	0.0328112378	0.0163026746	-0.0388117271	0.0308583341	0.0135627337	0.0537454667	-0.070493146	0.0002828751	0.0470898546	-0.0558610871	-0.0195296997	0.0231699678	-0.0585396211	0.0564000677	-0.0150754175	0.0751146549	-0.0107090854	0.0094843547	-0.0111358574	-0.0006639244	-0.0004372391	-0.0836715515	0.004474794	-0.018203327	-0.0713207238	-0.0574432947	0.0322368105	0.0290062324	0.0175033274	0.0120100528	0.0156535314	0.0752156959	0.0414145811	-0.0114805943	-0.0208929886	-0.0243925016	0.0601764088	-0.0025291213	0.0056203075	-0.0186281771	-0.0134759755	0.0254884252	0.0313552106	0.053411901	-0.0163759848	0.0508123572	-0.0664499624	0.0179523186	-0.0323291371	0.0335347466	0.0695434482	-0.0038155878	0.057647322	-0.0082041554	0.0540433728	-0.0019352293	-0.0509258637	0.0016849088	-0.0096401701	0.0247167834	0.0122502564	0.0505538732	0.0617440596	0.0063314252	0.046734031	0.0014748405	0.0518536413	0.0474895319	0.0790642767	-0.001721682	0.0180991493	-0.0355914973	-0.0444080345	0.0027655145	0.0464522756	0.0315715513	-0.0231148951	-0.0486578547	-0.0128525131	0.0391574033	0.0417972809	-0.0082612638	-0.047903926	-0.0271488476	0.0278357645	0.0477247713	0.0074419176	-0.0422237789	-0.0386533201	0.0136516244	0.0487444668	0.0223798066	-0.0322015336	-0.0461828639	-0.0019363856	-0.1138	0.016314	0.000266146596	0.0129504399999999	-1.75903	-0.0837700000000001	3.0941865409000004	0.0070174129	-0.216461	0.000109	1.1881000000005612e-08	0.046855364521	-0.012078	-0.0001101999999999	0.000145878084	1.2144039999999898e-08	0.00238407	0.00013954	5.683789764899999e-06	1.9471411600000015e-08	-0.000343333	0.0	1.17877548889e-07	0.0	0.0	0.0	0.0	0.0	0.0	0.0	0.0	0.0	0.0	0.0	0.0	0.0	0.0	0.0	0.0	0.0	0.0	0.0	0.0	0.0	0.0	0.0	0.0	0.0	0.0	0.0	0.0	0.0	0.0	0.0	0.0	0.0	0.0	0.0	0.0	0.0	0.0	0.0	0.0	0.0	0.0	0.0	0.0	0.0	0.0	0.0	0.0	0.0	0.0	0.0	0.0	0.0	0.0	0.0	0.0	0.0	0.0	0.0	0.0	0.0	0.0	0.0	0.0	0.0	0.0	0.0	0.0	0.0	0.0	0.0	0.0	0.0	0.0	0.0	0.0	0.0	0.0	0.0	0.0	0.0	0.0	0.0	0.0	0.0	0.0	0.0	0.0	0.0	0.0	0.0	0.0	0.0	0.0	0.0	0.0	0.0	0.0	0.0	0.0	0.0	0.0	0.0	0.0	0.0	0.0	0.0
53893.47268936049	-165.8490192426325	2904506398.518845	27505.897183743084	65835.09619091798	-238.3719593505812	4334259890.467423	56821.19100463512	54754.94501027563	-7.237731579421961	2998104003.078308	52.38475841576192	54907.821892096814	54358.79856020444	1.745791	39.994106	0.6385338999999998	0.453957	-0.0062730528	0.0136828602	0.0403185596	0.0004781871	-0.0128224792	-0.0179766923	0.0374843906	-0.0124759675	0.0031250223	-0.0277820386	0.0625053485	-0.0319312391	-0.0557180043	0.0256975769	0.0126965838	0.0045465983	-0.0228579004	-0.0239381897	-0.0080164472	0.0927674355	-0.0708309549	0.006137652	-0.0050125127	-0.0124688227	0.0417130629	-0.0988362207	-0.0352123359	-0.0780564194	-0.0902821764	0.0264089478	-0.056955925	-0.0128671497	0.0275316937	-0.0204354663	-0.020733239	-0.0756242988	0.1067483487	0.116400923	-0.0192720915	-0.0277093064	0.08376373	-0.0303208353	0.0633186062	-0.0448169211	-0.0075763961	0.0062107153	0.048685441	-0.0154072064	0.0049131595	-0.0340549917	-0.0280318026	-0.0688628453	-0.0112839714	0.0215922979	0.0635288888	0.0428522555	0.0093236215	0.0273486407	0.0091006013	-0.0020410746	0.0322285422	-0.0445990962	0.0335572329	-0.088830531	0.011396916	0.0365579063	0.0235658124	0.0046774945	-0.0778727008	0.0217891338	0.0491054401	-0.0623721257	-0.0205791607	-0.0032932805	-0.0004834677	0.0323577569	-0.0226815028	0.0717728204	-0.0115609222	0.0971278845	-0.0689629415	-0.0681414404	0.0181585397	-0.0131670134	-0.0249016653	-0.0187156652	-0.0406045042	-0.0048117296	-0.031938131	-0.0717734232	0.0363736185	-0.0123912514	0.0156280829	0.0266030862	-0.0590092517	0.0486667367	-0.0049316339	-0.0128695953	-0.0388246292	0.0371009264	-0.0496804226	-0.0209204192	0.032995323	-0.0799350618	0.0843242378	-0.0079731571	0.083582849	-0.0570264941	0.0106318535	0.0067896445	0.0358440436	-0.0071148399	-0.0266040244	0.0141239236	-0.093636347	0.0685766969	-0.0005414685	0.0068223765	-0.0037100447	-0.0445750054	0.0983813943	0.0466121094	-0.0575588132	-0.0993218288	0.0028814195	-0.059827649	-0.0186692362	0.0159546399	-0.0217533575	-0.0199939164	-0.0715034464	-0.1138476372	0.1109543214	-0.0179681233	0.0054522542	-0.076335342	0.037851472	-0.0203694916	0.0740871924	0.0008728232	-0.0264632651	-0.0537647896	0.0094914961	-0.0164474707	0.0309799351	0.0415330472	0.0338996565	-0.0366159208	0.0418121536	-0.0443605175	-0.0582439483	-0.0367706293	0.0001416705	0.0154928769	-0.0092030164	-0.020686071	0.0604262449	-0.0563576875	0.0746334754	0.0290527326	-0.0210411397	-0.0442543129	0.0029145932	0.079571412	0.0050507529	-0.0388354935	0.0664413086	-0.0190212555	-0.0126679932	0.0070062666	0.0359847571	-0.0238774976	-0.0315536838	-0.0440934902	0.0940054945	-0.092581151	0.0220582661	0.0106848617	0.011550232	0.0039122462	-0.0099739507	-0.066687172	-0.0285395027	-0.0445288392	0.0066255502	0.0450545319	-0.0301281351	-0.0118785451	0.017910308	0.0619525099	0.0293789961	-0.0151553603	-0.0110328652	-0.0054840839	0.0720030468	-0.0344691597	-0.0311353521	0.1081446163	-0.0426105858	0.0805862153	0.0201063924	0.0628958212	0.0232777656	-0.036249651	0.0187531598	-0.0402977283	-0.0229416255	-0.0257001727	0.0472497338	-0.0116458638	-0.0039463023	-0.0159422611	-0.0053899252	-0.0459991468	-0.0037205256	-0.0044900564	-0.1196144036	0.0482245042	0.1152456921	0.0488270078	0.0038884103	-0.0327355732	0.0013620964	-0.0111848661	0.0162713179	0.0451836014	-0.0236732425	0.2190798884	0.0559974465	0.0194613265	0.0098336689	-0.0527722454	0.017927617	-0.0358438856	-0.044171958	0.0035018582	0.0467359647	0.0307174953	-0.0242450877	-0.0484693751	-0.0112434423	0.0402370998	0.0407044271	-0.0104339452	-0.0483440011	-0.0249627879	0.0300666323	0.046977113	0.0043292863	-0.0438072762	-0.0364042993	0.0171526089	0.0489631754	0.018697474	-0.0352731729	-0.0445239479	0.0026734239	-0.0915332	0.0222668	0.00049581038224	0.0083783267022399	-1.91166	-0.1526299999999998	3.6544439556	0.0232959168999999	-0.222443	-0.005982	3.578432400000018e-05	0.049480888249	-0.0200596	-0.0079816	0.00040238755216	6.370593856e-05	0.00271426	0.00033019	7.3672073476e-06	1.0902543610000013e-07	0.000497979	0.0008413119999999	2.47983084441e-07	7.078058813439997e-07	0.0	0.0	0.0	0.0	0.0	0.0	0.0	0.0	0.0	0.0	0.0	0.0	0.0	0.0	0.0	0.0	0.0	0.0	0.0	0.0	0.0	0.0	0.0	0.0	0.0	0.0	0.0	0.0	0.0	0.0	0.0	0.0	0.0	0.0	0.0	0.0	0.0	0.0	0.0	0.0	0.0	0.0	0.0	0.0	0.0	0.0	0.0	0.0	0.0	0.0	0.0	0.0	0.0	0.0	0.0	0.0	0.0	0.0	0.0	0.0	0.0	0.0	0.0	0.0	0.0	0.0	0.0	0.0	0.0	0.0	0.0	0.0	0.0	0.0	0.0	0.0	0.0	0.0	0.0	0.0	0.0	1.0	0.0	0.0	0.0	0.0	0.0	0.0	0.0	0.0	0.0	0.0	0.0	0.0	0.0	0.0	0.0	0.0	0.0	0.0	0.0	0.0	0.0	0.0	0.0	0.0
53761.06922069386	-132.4034686666273	2890252563.752237	17530.678514954558	66100.63877050781	265.5425795898336	4369294445.86916	70512.86157522313	54884.73764280102	129.79263252538658	3012334426.119099	16846.12745787004	55051.77256407588	53794.61668717025	1.694963	38.829689	0.38652985	0.249477	-0.0089382025	-0.0020635488	-0.0160745341	-0.0054571657	-0.0491686241	0.0086529879	0.0744904996	-0.0128313914	-0.0871189746	0.0351091172	0.0731411186	-0.0230366781	-0.0504711973	0.0056237185	0.0853860598	0.0103600633	0.0610745679	-0.0990438975	0.024895853	0.0772061333	-0.042367142	0.0269996175	-0.0315999233	-0.0671635186	-0.1592156774	-0.0733797988	0.0141253655	0.0006855137	0.1115588829	0.0281433579	0.031351804	-0.0497420471	-0.0412371541	-0.0305135933	0.0570286302	-0.0282945455	-0.0405018642	0.0432813789	-0.0645771707	-0.0750756601	0.005864701	-0.0038131035	-0.0274968711	-0.0999517188	-0.0425005643	0.0197324821	-0.051925827	0.0495221228	-0.0501728424	-0.0765870683	0.0609411412	-0.0653147456	0.0118156784	-0.0303100776	-0.0094244895	0.0517161948	-0.0297706445	0.0091878584	0.0222430614	-0.048937566	0.0403596375	-0.0082304998	0.0367396875	-0.0411848495	-0.0108606622	0.0505317489	0.0105896341	0.0594219462	-0.0203400512	-0.0035224665	0.0333812447	-0.011407433	-0.0092458584	0.0129358973	0.0853486125	0.012908204	0.0462351141	-0.0077676298	0.0483598905	0.0617367297	0.0081117617	-0.003497629	0.0396109696	-0.0076541279	-0.0378249111	-0.0054113747	0.0239981215	0.0156382977	0.0503014347	0.0017446834	-0.0144327828	-0.0293218785	-0.0461014483	0.0353127954	0.002716356	-0.0690263652	0.0371074097	-0.0233468597	-0.0556142252	-0.0155177778	-0.0672914622	0.0070038858	0.0271148266	-0.0204456185	-0.0353019666	0.0070277992	-0.0278464981	-0.0061442271	-0.0366653706	0.0759978085	0.0208977989	0.0014987801	-0.1037955898	-0.0145026997	-0.0790316697	0.0418946527	-0.0243381091	0.0084802104	-0.1167911058	0.111153963	0.0741583876	-0.0288708891	-0.0198908	0.1115557247	0.0455969846	0.0358943363	-0.0522018111	-0.03551541	-0.0273987272	0.055047516	-0.0383132312	0.0414755513	0.0422076151	-0.0487344193	0.0667764784	-0.0298847218	0.0004743737	-0.1256741177	-0.0121444811	0.0335394991	-0.0455094297	0.0602626535	-0.0325127536	0.0440816063	0.0530841634	-0.0549419844	0.0495859801	-0.0602834596	-0.0221048102	-0.0107348568	-0.0417811082	-0.0562126686	0.0183775672	0.027947056	0.0215880775	-0.0523591376	0.0033836237	-0.0345537504	0.048767052	-0.0013357482	-0.0275531785	0.0019148099	-0.0576536797	0.0385955586	-0.0007322088	-0.0148242299	0.0329291649	-0.0140264111	0.018520161	0.0896514268	-0.0131811353	0.0429990282	0.0365718143	0.0006294369	0.0640878005	-0.0021784235	0.0028329176	0.0527521838	-0.0135443759	-0.0350823594	-0.0209931707	0.0319738556	-0.0213477521	0.0265928027	-0.0401828227	-0.0280498476	-0.0098238612	0.0110122182	0.0641334626	0.0022670807	-0.0468385146	0.068631322	0.0018976858	0.0038696258	0.075994576	0.0128504207	-0.0098697928	-0.0110878336	-0.0218798731	-0.0423169354	-0.0230157171	-0.0185917306	-0.0567627122	-0.0460267143	-0.0408512565	0.0084046731	-0.0237412426	-0.0114352961	-0.0102175225	0.0018954101	-0.0220293316	0.0322572556	0.0621937385	0.0736569106	-0.0724351841	0.0187642332	-0.0092436497	0.0600454753	-0.0791919779	-0.0855557666	0.0036110345	-0.0338007194	-0.0025692228	-0.0619173542	0.0586899247	0.0338739905	-0.0228115072	0.0505878306	0.0555226236	0.0138904014	-0.0980690381	-0.0661134782	0.0177558304	-0.0360942395	-0.0439302406	0.0042374069	0.0470030752	0.0298477488	-0.025358424	-0.0482368825	-0.0096214501	0.0412597087	0.0395416966	-0.0125853106	-0.0486681691	-0.022707319	0.0322015336	0.0460588611	0.0011989077	-0.0451894509	-0.03396888	0.0205562846	0.0488756528	0.0148868057	-0.0380802083	-0.0425013783	0.0072595419	-0.098643	-0.0071097999999999	5.054925603999999e-05	0.009730441449	-1.80927	0.1023899999999999	3.2734579329	0.0104837120999999	-0.198901	0.023542	0.000554225764	0.039561607801	-0.0157476	0.004312	0.00024798690576	1.8593344e-05	0.0029473	0.0002330399999999	8.68657729e-06	5.430764159999996e-08	0.0010227	0.000524721	1.0459152900000002e-06	2.753321278410001e-07	0.0	0.0	0.0	0.0	0.0	0.0	0.0	0.0	0.0	0.0	0.0	0.0	0.0	0.0	0.0	0.0	0.0	0.0	0.0	0.0	0.0	0.0	0.0	0.0	0.0	0.0	0.0	0.0	0.0	0.0	0.0	0.0	0.0	0.0	0.0	0.0	0.0	0.0	0.0	0.0	0.0	0.0	0.0	0.0	0.0	0.0	0.0	0.0	0.0	0.0	0.0	0.0	0.0	0.0	0.0	0.0	0.0	0.0	0.0	0.0	0.0	0.0	0.0	0.0	0.0	0.0	0.0	0.0	0.0	0.0	0.0	0.0	0.0	0.0	0.0	0.0	0.0	0.0	0.0	0.0	0.0	0.0	1.0	0.0	0.0	0.0	0.0	0.0	0.0	0.0	0.0	0.0	0.0	0.0	0.0	0.0	0.0	0.0	0.0	0.0	0.0	0.0	0.0	0.0	0.0	0.0
53651.68203020295	-109.38719049091014	2878502984.6700025	11965.557443494665	65135.9863515625	-964.652418945312	4242696717.990936	930554.289377042	54768.22513071204	-116.51251208897884	2999558483.9683576	13575.16547328444	54939.68596500357	53786.51999448305	1.665315	38.150482	0.2543372	0.134981	-5.72432e-05	0.0061315618	0.007996237	-0.0001259276	-0.1006827022	0.0287763818	0.1132596546	0.0219517537	-0.0077564782	0.0593470529	-0.0326958371	-0.1047125183	0.029376323	0.0366160437	0.0263596879	-0.0295959608	-0.0321107519	-0.0541764742	0.0301989285	-0.0091815858	-0.0235205955	0.0322093331	0.1280457762	-0.0769569726	-0.1337005524	0.0394809491	-0.0105893663	-0.0047294594	0.0024365479	0.0363742846	0.0236467412	0.0259225647	-0.1093208371	0.0717771627	-0.0111702225	-0.0080316326	0.0104964736	0.0092028393	0.0187863317	0.051164633	0.0592863895	0.0229177235	-0.0251474942	0.0044488509	-0.0053915951	-0.0031628747	0.0083108106	0.0216083242	-0.0172282483	0.0318156109	0.032122974	-0.0551892027	0.0015397239	0.0119682164	-0.0141744543	-0.0133632794	-0.0533461034	-0.0301954945	0.0112068796	0.0133697748	-0.0446261786	0.0625056345	-0.0239147657	0.0989787664	0.0327009433	0.0587625422	0.0245980754	-0.0390051437	-0.0272830847	0.002007675	0.0033697081	0.0728836758	0.0426144818	-0.0232659659	-0.021140714	0.0723673854	0.0177144237	-0.0065401457	0.0305126404	-0.0140601501	0.0014003926	-0.0263872224	0.0332284065	0.0301749297	-0.04798626	0.0170024317	0.0001150162	0.0176776395	-0.0195341805	0.0411977921	-0.0016126587	0.0371084314	-0.0392269474	-0.0466658949	-0.0089902273	-0.0168420689	0.0579477896	0.0418149272	-0.0443079898	0.0080136983	0.0346976214	0.0158777544	-0.0073833845	0.0478433527	0.0033742733	-0.0219476459	0.010954679	0.0364752245	-0.0664769132	-0.0343717412	-0.021973713	-0.0260133079	-0.0590637278	-0.0256401937	0.0019756966	0.0264217038	-0.0385271483	-0.1489237889	-0.0941388666	0.0834321913	-0.0406639154	-0.0030966781	-0.0090236525	0.0177134719	0.0323368475	0.0190931176	0.0265102256	-0.1147026168	0.0684573697	-0.0204155709	-0.007852876	-0.0104992978	0.0145697434	0.0317556666	-0.0567167122	-0.0553615782	-0.0150761477	-0.0007657545	-0.0237141265	0.0065709373	0.0014606232	0.0073436715	-0.0284597271	0.0192193422	-0.0303385846	-0.0071628773	0.0466805989	-0.0378484846	0.0046952365	0.0198427834	0.0036240886	0.037897063	0.0500835316	0.0102185666	8.92711e-05	0.0236442232	-0.0931480601	0.0434002134	-0.0854330674	0.0188029372	-0.0705625988	-0.0282589676	0.0159663399	0.0091475232	-0.0260248697	-0.0220286245	-0.0745053394	0.0141922893	0.0031950701	-0.0201934992	0.0605038067	0.0409571524	0.0292990547	0.0423590285	0.0118661671	-0.0037272749	-0.0171863918	0.0157791771	0.021422979	-0.048411937	0.0138332572	0.0005622676	-0.0216217239	-0.0028689281	4.29795e-05	-0.0487589716	0.0470390257	-0.07053976	-0.0123404099	-0.0007238894	0.0386315395	0.0491501484	-0.0664421516	0.015865684	-0.0162307338	-0.0160524682	-0.0070273294	-0.0482863374	-0.0024449461	-3.0435e-06	0.02892841	0.0366419271	-0.0367822521	0.0124412742	0.0393775358	0.0184239827	-0.0006023021	0.0628691818	-0.0037028419	-0.0123584556	-0.0293182303	-0.0185237833	0.0776368753	-0.0636629847	0.0372558704	-0.10431803	0.0351745449	-0.012372805	0.0068981793	-0.1053709959	0.0107269213	0.0493875925	-0.0125070727	0.0411834967	-0.0257966459	0.0123568415	0.012530122	0.0269513761	-0.0012835252	0.005425653	0.0236781249	-0.0476087442	0.0175837917	-0.0363425447	-0.0436829132	0.0049719936	0.0472535125	0.0289627561	-0.02645413	-0.0479605879	-0.0079884006	0.0422237789	0.0383110855	-0.014710965	-0.0488756528	-0.0203887125	0.0342336544	0.0449733504	-0.0019363856	-0.046363951	-0.0313595323	0.0238433419	0.0484824465	0.0109739574	-0.0406015827	-0.0401316745	0.0117813266	-0.0707594	0.0278835999999999	0.0007774951489599	0.00500689268836	-1.89871	-0.0894399999999999	3.6050996641	0.0079995135999999	-0.103146	0.0957549999999999	0.0091690200249999	0.010639097316	-0.0156901	5.7500000000002e-05	0.0002461792380099	3.306250000000229e-09	0.00325461	0.0003073099999999	1.05924862521e-05	9.443943609999993e-08	0.000562338	-0.000460362	3.16224026244e-07	2.119331710440001e-07	0.0	0.0	0.0	0.0	0.0	0.0	0.0	0.0	0.0	0.0	0.0	0.0	0.0	0.0	0.0	0.0	0.0	0.0	0.0	0.0	0.0	0.0	0.0	0.0	0.0	0.0	0.0	0.0	0.0	0.0	0.0	0.0	0.0	0.0	0.0	0.0	0.0	0.0	0.0	0.0	0.0	0.0	0.0	0.0	0.0	0.0	0.0	0.0	0.0	0.0	0.0	0.0	0.0	0.0	0.0	0.0	0.0	0.0	0.0	0.0	0.0	0.0	0.0	0.0	0.0	0.0	0.0	0.0	0.0	0.0	0.0	0.0	0.0	0.0	0.0	0.0	0.0	0.0	0.0	0.0	0.0	0.0	0.0	1.0	0.0	0.0	0.0	0.0	0.0	0.0	0.0	0.0	0.0	0.0	0.0	0.0	0.0	0.0	0.0	0.0	0.0	0.0	0.0	0.0	0.0	0.0
53608.07311746454	-43.60891273841116	2873825503.3674245	1901.7372702263597	65031.676661621095	-104.3096899414013	4229118969.4216337	10880.511415671275	54729.93975157157	-38.28537914047047	2995366305.210654	1465.7702559295712	54892.54099889986	53118.51279931006	1.416311	32.446095	0.2584185999999998	0.146085	-0.0011648889	0.0002988488	-0.0133864818	-0.0138616588	-0.106131927	-0.0216521306	0.1074827974	-0.0383326874	-0.0840683992	-0.0299925346	-0.0010596469	-0.0285211834	-0.0149328306	0.0277597605	-0.0266718688	0.030587686	-0.0329814214	-0.0288856009	-0.0361079988	0.061463704	-0.043765477	0.0173892584	5.96656e-05	-0.0693224162	0.0242708523	0.0387346433	0.0283677459	-0.0292073425	0.0356537182	0.0002294378	0.009777923	-0.0089540526	0.0223141075	0.0043536151	-0.0711349469	0.0320133072	0.0215352701	0.0373740056	-0.011388836	0.0869973052	-0.0163845767	-0.0114239414	0.0323532942	-0.0210383089	-0.0500098638	0.037543428	-0.0323210933	-0.0433542122	-0.0044015538	-0.044223996	0.0367006333	0.0277782945	0.0471625606	-0.0244567986	-0.0034501195	-0.0015138654	0.0548372678	0.0029871118	-0.0654116031	0.0606218417	0.0081963686	-0.0022422496	-0.0277594847	0.0013193266	-0.0153489798	-0.00577292	0.0196885106	-0.0572972969	-0.08161481	-0.0327680053	-0.0135225798	-0.0182994073	0.0308140988	-0.0003861619	-0.0283420636	0.0270687112	-0.0783797745	0.0554119625	-0.00831553	-0.0163988941	0.0339454237	-0.0049992937	0.0169113856	-0.0244701616	-0.0067451898	0.0241725607	-0.0724588189	0.0609587145	-0.0545662836	0.0210308431	-0.0050004637	-0.0032285437	-0.008428125	-0.01392542	0.0068997049	-0.0373556133	-0.0164427646	0.0035068281	0.0686478889	0.0174891222	-0.0269310467	-0.0216505792	0.031611672	0.0525592266	-0.0181258144	-0.0091637341	0.0158521728	-0.0509402855	-0.0263463097	-0.0235275446	8.5277e-06	-0.0085518349	-0.0314915028	0.0404677416	-0.0624303041	0.0417242056	-0.0114830331	-0.0037166366	-0.0567970602	-0.0507334948	-0.0398571884	-0.0282645769	-0.0342729432	0.0246035516	0.0056286385	0.0100516024	-0.0096451911	0.0284453987	-0.0058310031	-0.0724409782	0.0344084669	-0.0215910616	0.0363144533	-0.0058092149	-0.0857127426	0.0201701231	0.0162010096	-0.0064227115	0.026032925	0.048251259	-0.0398831545	0.017547322	0.0443253092	0.0175202245	0.0414642141	-0.052799862	-0.0191092018	-0.0067363442	-0.0137224541	-0.0267912994	0.035700114	-0.0316789306	-0.0525469567	-0.0597498324	-0.0446053989	0.025590048	0.0120940535	0.0265222383	-0.0069532914	-0.0305644487	0.0020053448	-0.0545768845	0.0524492717	0.0665418478	-0.0388063863	0.0147437206	-0.0014569851	0.0337390584	0.003212704	-0.030171866	0.0558605573	-0.0728660946	-0.048706952	0.004396191	0.0066021398	0.0059219235	-0.0316215721	0.0053617931	-0.0151579835	0.0090399508	0.0392410067	-0.0670499927	-0.017111394	0.0122864583	0.061829861	-0.054789633	0.0172620708	-0.0102475859	-0.0101293212	-0.0139590878	-0.068043604	0.0041441885	0.0468081598	0.0342747661	-0.017057265	-0.0142320177	0.0531636107	-0.0420649681	-0.0122063139	0.008611868	0.0176017592	0.0187077856	0.0249783442	-0.0512375499	0.0339878793	0.0075138343	0.0040866028	-0.0006216136	-0.0274735394	-0.0089125433	-0.0277638102	0.0352366489	0.0933489448	0.0164446027	-0.0625462837	0.0092844268	-0.0367358913	-0.0178666615	0.0394088843	-0.1069884588	0.0131462364	-0.0434776253	-0.0283058156	0.0274676208	0.0266122904	-0.0250675427	-0.0083882293	-0.0187260691	-0.027002251	-0.0001824877	-0.0893544593	-0.0485045877	0.0174115036	-0.0365887872	-0.0434300072	0.0057054516	0.0474871876	0.0280629691	-0.0275314438	-0.0476407421	-0.0063461704	0.0431279427	0.0370147062	-0.0168065656	-0.0489659547	-0.0180134151	0.0361565084	0.0437245227	-0.005063741	-0.0473253789	-0.0285896166	0.0269951331	0.0477860158	0.0069857861	-0.0428183818	-0.0374341914	0.0161987064	-0.0899163999999999	-0.0191569999999998	0.0003669906489999	0.0080849589889599	-1.78088	0.1178299999999998	3.1715335744	0.0138839088999999	-0.148566	-0.04542	0.0020629764	0.022071856356	-0.0147163	0.0009737999999999	0.00021656948569	9.482864399999972e-07	0.00276425	-0.0004903599999999	7.641078062500002e-06	2.404529295999996e-07	0.000506266	-5.6072e-05	2.56305262756e-07	3.144069184e-09	0.0	0.0	0.0	0.0	0.0	0.0	0.0	0.0	0.0	0.0	0.0	0.0	0.0	0.0	0.0	0.0	0.0	0.0	0.0	0.0	0.0	0.0	0.0	0.0	0.0	0.0	0.0	0.0	0.0	0.0	0.0	0.0	0.0	0.0	0.0	0.0	0.0	0.0	0.0	0.0	0.0	0.0	0.0	0.0	0.0	0.0	0.0	0.0	0.0	0.0	0.0	0.0	0.0	0.0	0.0	0.0	0.0	0.0	0.0	0.0	0.0	0.0	0.0	0.0	0.0	0.0	0.0	0.0	0.0	0.0	0.0	0.0	0.0	0.0	0.0	0.0	0.0	0.0	0.0	0.0	0.0	0.0	0.0	0.0	0.0	0.0	0.0	0.0	0.0	0.0	0.0	0.0	0.0	0.0	0.0	0.0	0.0	0.0	0.0	0.0	0.0	0.0	0.0	0.0	0.0	0.0
53631.661579178806	23.588461714265577	2876355123.743564	556.4155260453729	65279.31641992187	247.63975830077837	4261389152.2522817	61325.44989126791	54664.170584879714	-65.76916669185448	2988171545.7328286	4325.583287340941	54820.75311273489	53404.8461863332	1.318556	30.206621	0.3269196000000001	0.203395	0.0025054428	0.0162686439	0.0154548078	-0.0039948752	-0.0991991985	0.011930383	0.0912558867	0.0252685859	-0.0074272663	0.0151353022	0.0036917361	-0.0452745887	0.0619180901	0.0104667278	-0.0235101888	-0.0222322734	0.0469098754	-0.0133253913	-0.0092765436	0.0402373836	-0.0057232331	-0.0458153746	0.0845919965	0.0131558035	-0.0720299563	-0.0328206376	0.0323824631	-0.0182984324	-0.0166388626	0.0476222624	-0.0120491537	-0.026339113	-0.0057791775	-0.0173391172	-0.0197783248	0.0023867234	-0.0157085094	-0.0305077607	-0.016953956	-0.0299557739	0.0058880417	-0.0341271747	0.0665646956	-0.0072655041	0.0220211885	-0.0119613053	0.0158733144	-0.0219418864	-0.0412025113	0.0464543431	0.0391013318	-0.0138609348	0.0454567262	-0.0648391006	0.0573028224	-0.03817569	-0.0122979111	-0.0162194706	-0.057951861	-0.0431459827	0.0663316512	0.0337522759	-0.0070808146	-0.027102759	-0.0324186378	0.0145067505	-0.0109625045	0.0186772587	-0.0321021343	-0.0015132499	-0.0125683098	0.0303800477	-0.0280381659	-0.040689672	0.0140386531	0.0346549541	0.014757813	-0.0227118634	-0.0109915967	-0.0206546953	0.0207735451	-0.0322682655	0.0357530851	0.0276485526	-0.0364227468	-0.0246588249	0.0115975123	-0.07246113	0.0166499443	8.45648e-05	-0.0041311932	0.0428477926	0.0239127455	-0.044420479	0.0344533319	-0.0591082437	0.0272563465	0.0760934493	-0.0456622601	-0.0043342103	0.0242455673	0.0431159248	-0.0042421283	0.0079188546	-0.0296929139	-0.0068776751	-0.0455348635	0.0165390295	0.0189177489	-0.0244687056	-0.0136585032	-0.0050101292	-0.0147729294	0.0116696247	-0.0402466218	0.0024476935	0.0443195026	-0.0897886058	-0.000445344	0.0621729882	0.0362712342	-0.0366338188	-0.0196986105	-0.0202578767	0.0429429354	-0.0135907849	-0.0258738385	-0.0106249536	-0.0178910733	-0.0152412015	0.0021079867	0.0202715018	-0.032977756	-0.0174446468	0.0198009186	-0.0071833537	0.0360810872	-0.0028315185	0.0682853045	-0.0188907436	0.0150300443	-0.0363736096	0.0145771874	0.0368888954	-0.0409126368	-0.0330336411	0.0150789787	-0.0110556464	-0.0173477749	-0.089710281	0.0427541319	0.0096045053	0.0035570823	-0.0541386723	0.0281631046	-0.0840436086	-0.0093970366	0.0286250532	0.0455590702	-0.0249577896	-0.0158424571	0.0115029497	-0.0087420655	0.0338110599	-0.0066393491	0.0063113214	-0.0299340231	-0.0207865416	-0.0400485053	0.0161592078	0.0284675603	0.0323131202	0.0158665368	0.0178372094	-0.0309792785	-0.0229509687	-0.030546558	0.0450616525	0.0201549529	-0.0321575039	-0.0343727619	0.0021446165	0.0495771415	-0.0162796032	-0.0536080968	0.0150715461	0.01266739	-0.0229609427	-0.0536961563	-0.0337931273	-0.0137449544	0.0552884675	-0.0877767822	0.0260927622	-0.0195801531	-0.0015547148	-0.0400470082	-0.0280229207	0.0019837865	-0.0360866545	-0.0061003047	-0.0420478777	0.0091959292	0.0198598514	0.0137395754	0.0016747061	0.0117908736	-0.0152759555	-0.0011449253	-0.0139832205	-0.0185750703	0.0173883442	0.1012124527	-0.0780477224	0.022622963	-0.074250316	0.0103624894	0.0117411721	0.0068721829	-0.1244619131	0.0146283658	-0.0003562709	-0.0126257232	-0.0585392512	0.0072068774	0.0510668206	-0.0485252212	-0.0098846099	0.0048403966	-0.106155134	-0.0349838001	0.0146957554	0.0172389684	-0.036832953	-0.043171555	0.0064376142	0.0477040178	0.0271488476	-0.0285896166	-0.0472776357	-0.004696647	0.0439709173	0.0356547843	-0.0188678315	-0.0489388583	-0.0155880314	0.0379639583	0.0423169129	-0.0081703383	-0.0480693164	-0.0256733154	0.0299937775	0.0467907162	0.0029496658	-0.0447139763	-0.0344309608	0.0204725349	-0.0672799	0.0226364999999998	0.0005124111322499	0.00452658494401	-1.88643	-0.10555	3.5586181449	0.0111408025	-0.0939849	0.0545811	0.00297909647721	0.00883316142801	-0.0175205	-0.0028042	0.00030696792025	7.863537640000009e-06	0.00279305	2.8799999999999836e-05	7.8011283025e-06	8.294399999999904e-10	0.000556306	5.004e-05	3.09476365636e-07	2.5040016e-09	0.0	0.0	0.0	0.0	0.0	0.0	0.0	0.0	0.0	0.0	0.0	0.0	0.0	0.0	0.0	0.0	0.0	0.0	0.0	0.0	0.0	0.0	0.0	0.0	0.0	0.0	0.0	0.0	0.0	0.0	0.0	0.0	0.0	0.0	0.0	0.0	0.0	0.0	0.0	0.0	0.0	0.0	0.0	0.0	0.0	0.0	0.0	0.0	0.0	0.0	0.0	0.0	0.0	0.0	0.0	0.0	0.0	0.0	0.0	0.0	0.0	0.0	0.0	0.0	0.0	0.0	0.0	0.0	0.0	0.0	0.0	0.0	0.0	0.0	0.0	0.0	0.0	0.0	0.0	0.0	0.0	0.0	0.0	0.0	0.0	0.0	0.0	0.0	0.0	0.0	0.0	0.0	0.0	0.0	0.0	0.0	0.0	0.0	0.0	0.0	0.0	0.0	0.0	0.0	0.0	0.0
53770.63958931574	138.97801013693245	2891281681.844089	19314.887301621293	65749.45532312011	470.1389031982399	4322990875.286968	221030.58830044395	54707.05373549323	42.8831506135175	2992861728.418144	1838.9646065416264	54867.28671726332	53634.18663060572	1.153192	26.418327	0.2217087000000001	0.138677	-0.0033951255	0.0020671634	-0.00200803	-0.0026108095	-0.0816847311	0.0053363801	0.0541068906	0.0090835446	-0.0577796764	0.0386084192	0.024643978	-0.0229076294	-0.0350497279	0.0298605666	-0.0381818799	0.0260388481	-0.0234517335	-0.0203125196	-0.0101265795	-0.0148710378	0.0265715113	0.0061009127	0.0174626264	-0.0654125783	0.0168758328	-0.028688065	0.0913066174	-0.0838178654	-0.0390209164	-0.0285447081	-0.0215725657	-0.0329460274	0.0364480035	0.0114424065	-0.0821524161	-0.0142138077	-0.0741482542	-0.0269943873	0.0060092767	-0.0454952086	0.0467110499	0.0361677932	0.0294414334	-0.035119214	-0.0270239574	-0.0309161516	0.0107494632	-0.0291488489	-0.0294306701	0.0027379782	-0.0088795296	-0.0319530922	0.0050347835	0.0314751813	-0.0225481328	0.0285418449	0.0438547854	-0.0376943771	-0.010827604	-0.0405632434	0.0283550341	0.0153686587	0.0477106379	0.0818913218	0.0137364999	-0.0159372129	-0.0084003125	0.0309013948	-0.0084890362	-0.0543830089	0.0219172742	-0.0295015961	0.0237170954	-0.0160087343	0.0029304432	0.0163308426	-0.0054912977	-0.0235405779	0.0507734437	-0.0104917642	0.0537552383	-0.0090343825	0.009200186	-0.045842259	-0.0621374484	0.0634784752	-0.0182004578	-0.0351469334	0.0199971704	0.0403448982	-0.0118416712	-0.0049039002	0.0095554794	-0.0224363434	-0.0040510374	-0.015696462	0.0165427213	0.0053585962	-0.0095897207	-0.0122897111	0.0171775152	-0.046286446	-0.0172277645	-0.0021932127	0.0165188177	-0.0112440689	0.0237560016	0.0238819535	-0.0306633822	0.056084216	-0.0213633106	-0.0221136673	-0.0214336556	0.0094212525	0.0154358006	-0.0276107857	-0.005921264	-0.0219855798	-0.0574981108	-0.0433515725	0.029362788	-0.0833748804	-0.0759892805	-0.0590421196	-0.0313417429	-0.0074385461	-0.0353850016	0.0428707236	0.0079943011	-0.0826847481	-0.0164950808	0.0733639715	-0.0195615223	0.0121884201	0.0396157586	-0.0546481104	-0.0295328534	-0.023814473	0.037071549	0.0331535676	0.0167257371	-0.0179292655	0.0220946073	0.015138619	0.0076021358	0.0247835154	0.0240087653	-0.0089795955	0.0320887238	0.0309635698	0.0002343422	-0.0170425468	-0.0500538668	-0.0074049396	0.013713459	-0.0531587907	-0.0810164115	-0.0328720594	-0.0505886463	-0.002559222	0.0229374301	0.0240784694	-0.026243354	0.0036098039	-0.0408693176	0.0054814054	0.0337209607	0.0236349103	-0.0070212233	0.007069581	0.0231227034	-0.0127584744	0.0417570503	0.0313661774	0.0285299314	0.0284981029	-0.0495063753	0.027238088	-0.0636023853	-0.0472331972	0.057192814	-0.0007968917	0.0425255529	0.0145377746	-0.030193769	-0.0304168698	-0.0032141455	-0.0192835583	-0.0135182164	0.0016654641	0.0165088636	0.0203041071	-0.0242258435	-0.016333763	-0.0151314554	0.0133122725	0.046057737	0.0088458689	0.0073124039	0.0004502551	0.0066528232	0.0385011262	-0.0485391737	-0.0015657302	-0.0305791712	-0.0174156597	0.0010740347	0.0039862912	-0.0216774111	-0.0110630009	-0.0260556816	0.0228979281	0.0882234681	-0.0250367221	-0.0628197355	0.0236295521	-0.0576930452	0.0189401012	-0.0017186654	-0.1293043358	0.03001462	0.0331357839	-0.0265424517	0.0255911678	-0.0011897819	0.0150984601	-0.0334614804	-0.0027926876	-0.0157706462	-0.018530027	-0.0409960158	-0.0584209378	0.0170661886	-0.0370750283	-0.0429075896	0.0071683153	0.047903926	0.0262208584	-0.0296279125	-0.0468715983	-0.0030417259	0.0447515066	0.0342336544	-0.0208905514	-0.0487944286	-0.0131193052	0.0396502352	0.0407556328	-0.0112434423	-0.0485923444	-0.022625561	0.0328222635	0.0455027728	-0.0011067004	-0.0462741461	-0.0311465121	0.0245649379	-0.0717562	-0.0044763	2.0037261690000024e-05	0.00514895223844	-1.82351	0.06292	3.3251887201	0.0039589264	-0.105532	-0.0115471	0.00013333551841	0.011137003024	-0.015304	0.0022165	0.000234212416	4.912872250000007e-06	0.00316454	0.0003714899999999	1.00143134116e-05	1.3800482009999997e-07	0.000823622	0.000267316	6.78353198884e-07	7.1457843856e-08	0.0	0.0	0.0	0.0	0.0	0.0	0.0	0.0	0.0	0.0	0.0	0.0	0.0	0.0	0.0	0.0	0.0	0.0	0.0	0.0	0.0	0.0	0.0	0.0	0.0	0.0	0.0	0.0	0.0	0.0	0.0	0.0	0.0	0.0	0.0	0.0	0.0	0.0	0.0	0.0	0.0	0.0	0.0	0.0	0.0	0.0	0.0	0.0	0.0	0.0	0.0	0.0	0.0	0.0	0.0	0.0	0.0	0.0	0.0	0.0	0.0	0.0	0.0	0.0	0.0	0.0	0.0	0.0	0.0	0.0	0.0	0.0	0.0	0.0	0.0	0.0	0.0	0.0	0.0	0.0	0.0	0.0	0.0	0.0	0.0	0.0	0.0	0.0	0.0	0.0	0.0	0.0	0.0	0.0	0.0	0.0	0.0	0.0	0.0	0.0	0.0	0.0	0.0	0.0	0.0	0.0
53785.55968649188	14.92009717613837	2892886430.7891803	222.60929974541216	65466.49929492187	-282.95602819824126	4285862529.932006	80064.1138937239	54702.02063436896	-5.033101124274253	2992311061.482928	25.332106927170752	54856.833198293294	53286.75532258269	1.050304	24.06127	0.0794478500000001	0.0498496	0.0005197273	0.0028613911	-0.0085810139	-0.0145396893	-0.0945492918	-0.0043577231	0.0664491318	-0.0443030146	-0.0209436705	0.0044633846	-0.0168601355	-0.0450569312	0.0208330077	0.019002317	0.0145716719	0.0368083924	0.0709180547	-0.0152712508	-0.0221076636	0.0305666021	-0.0287798629	0.0199692302	0.058879671	0.0049864004	-0.104867733	-0.024937664	0.0220362364	0.0209556381	-0.0614498072	-0.0042717826	0.0373083811	0.0181781341	0.0299153856	-0.0191991408	-0.024143088	-0.0226987255	-0.0300249964	-0.0434570393	-0.0205949748	0.0534772498	0.0230132826	-0.0304774845	-0.0173913539	-0.0119113231	-0.0561591488	0.0471718209	0.0709047276	-0.034758673	-0.0157937682	-0.0170744652	0.0316838521	-0.0182572635	0.0261635599	-0.0366141131	-0.0667228621	-0.0416488827	-0.0453884756	-0.0044891614	0.0148092145	-0.0512750621	0.0167791938	-0.0291762741	-0.003423347	-0.0220768503	-0.0563845498	-0.0243788431	0.0329233738	-0.0040544899	-0.0466695941	-0.0024306713	-0.029223038	-0.0249354077	-0.023134488	-0.0006630885	-0.0147116178	-0.0195698621	-0.0783022779	-0.0432968694	0.0026262697	-0.0197599427	-0.0236999887	-0.0141407977	-0.0315125786	0.0352080979	0.0269716448	0.0088435969	0.0346949765	-0.0109870416	-0.0124211375	-0.0106304911	0.0221705771	0.0333849481	0.0685424115	0.0551804956	-0.0046897913	-0.035204695	0.0282417875	0.0639497716	-0.0039637121	-0.0019084966	-0.0308853425	-0.0384894494	-0.0378304556	0.0650294436	-0.0391023216	-0.0208423558	0.0027080438	0.0093259417	-0.0466944263	0.0035128933	0.0137113516	0.0383981611	-0.0154784043	0.0285023158	-0.0335101628	0.0291466543	-0.0207464142	-0.0701610118	-0.0247498805	0.0939238075	0.025652926	-0.0219270547	0.0267393189	-0.0546590694	-0.0017961565	0.0282764004	0.0308319583	0.0246654707	-0.0249590141	-0.0233971577	-0.0259298163	0.034880763	-0.0393339191	-0.0170916779	-0.052178243	-0.0237004982	0.0308947888	-0.001323394	-0.0232977862	0.0579867686	-0.0421002985	-0.0722170702	0.0015051111	0.0195501398	0.0112009081	-0.0485967686	-0.0191304143	-0.0473664064	-0.0551089034	0.0469200859	0.030077664	0.0050037921	0.0427536248	-0.0005180269	0.0443620828	-0.0319601245	0.0371369036	-0.0134896977	0.0205075997	-0.0574770819	0.0243674362	-0.0349911572	-0.0090914557	0.0335171791	-0.0069971642	0.030866031	0.015894828	-0.0123794095	-0.0200331412	-0.0224061473	-0.0031589576	-0.0806095791	0.0197742667	0.0240099732	-0.0319773288	-0.0099321644	0.005835795	-0.0380850927	0.0314386242	0.004813291	0.0037339338	0.0424363379	0.0178987192	-0.0092058285	0.0188553841	0.0425256844	0.0148118609	0.0734679482	-0.0258027805	0.0199252277	-0.001387696	0.0390122192	-0.0540487124	0.0472024137	0.0108824327	0.0049924686	0.0468638712	-0.0249797917	0.0425545808	-0.0289331702	0.0164026737	0.0284913929	-0.0006602313	-0.0157459064	0.0095757624	0.0447691952	0.0069134576	0.0183573889	-0.0206865864	-0.0051510744	-0.0247398013	0.0205538033	0.0987491938	-0.0154461084	-0.0161699346	-0.0375276425	0.0470339276	0.0111648623	-0.0041795648	-0.1150100388	0.0107865023	-0.0649743398	-0.0277885829	0.0275845215	-0.0039179172	-0.000160091	-0.0255861197	-0.0074478196	-0.0320776032	0.0007568223	-0.0412027598	-0.048612365	0.0168931667	-0.0373149993	-0.0426381448	0.007897389	0.0480868413	0.0252794756	-0.0306456097	-0.0464229987	-0.0013833093	0.0454686032	0.032753756	-0.0228705931	-0.0485330118	-0.0106141007	0.0412099568	0.0390463521	-0.0142704553	-0.0488920593	-0.0194619585	0.0354645447	0.0439302406	-0.0051554705	-0.0474871876	-0.0276076712	0.028439649	-0.0688645	0.0028917	8.361928890000063e-06	0.0047423193602499	-1.8701	-0.0465900000000001	3.4972740100000004	0.0021706281	-0.117114	-0.0115819999999999	0.0001341427239999	0.013715688996	-0.0153085	-4.499999999999296e-06	0.0002343501722499	2.0249999999993665e-11	0.00309059	-7.395000000000014e-05	9.551746548099998e-06	5.468602500000021e-09	0.000534389	-0.0002892329999999	2.8557160332100005e-07	8.365572828899999e-08	0.0	0.0	0.0	0.0	0.0	0.0	0.0	0.0	0.0	0.0	0.0	0.0	0.0	0.0	0.0	0.0	0.0	0.0	0.0	0.0	0.0	0.0	0.0	0.0	0.0	0.0	0.0	0.0	0.0	0.0	0.0	0.0	0.0	0.0	0.0	0.0	0.0	0.0	0.0	0.0	0.0	0.0	0.0	0.0	0.0	0.0	0.0	0.0	0.0	0.0	0.0	0.0	0.0	0.0	0.0	0.0	0.0	0.0	0.0	0.0	0.0	0.0	0.0	0.0	0.0	0.0	0.0	0.0	0.0	0.0	0.0	0.0	0.0	0.0	0.0	0.0	0.0	0.0	0.0	0.0	0.0	0.0	0.0	0.0	0.0	0.0	0.0	0.0	0.0	0.0	0.0	0.0	0.0	0.0	0.0	0.0	0.0	0.0	0.0	0.0	0.0	0.0	0.0	0.0	0.0	0.0
53739.81993005247	-45.73975643940503	2887968246.1144648	2092.125319136094	65429.94369238281	-36.55560253906151	4281077531.588385	1336.3120769938405	54679.45162143375	-22.569012935207866	2989842429.6207137	509.36034486957993	54842.82545269386	53460.564705984936	0.980802	22.469076	0.1146513500000001	0.0716992	-0.0020538449	0.0002428147	-0.0180407478	-0.0033127767	-0.0889635811	0.0083747842	0.0610244439	0.0500394126	-0.0614933387	-0.017152405	-0.0053119231	-0.0421356844	0.0095679779	-0.0145149465	-0.0612306738	0.029984371	-0.0097345365	-0.0367843227	-0.0282952781	0.0702519083	0.0070564583	-0.047776862	0.0112818993	-0.0436718824	-0.0103697116	-0.0236261242	0.0581001491	-0.0532424209	-0.0253524243	0.0411214057	-0.0042578839	0.0070471918	0.0160614482	-0.0183180728	-0.0759565781	0.0158015468	0.0223897265	0.013753011	0.0092356394	0.009185164	0.0077796911	-0.0221248636	0.0283523052	-0.0177388566	-0.0128030659	-0.0211312364	-0.0650599524	0.0668893838	0.0045125792	-0.037100479	0.0518350695	-0.007488821	0.003261316	-0.0146119187	0.0116901918	0.0334524605	0.0055875002	-0.0513196003	0.022251042	-0.0435056737	0.0336970866	-0.033084638	0.0275169548	0.082823739	-0.0364723384	0.0118564911	0.0157463564	-0.0203369636	0.0013164484	0.0842546939	-0.0062707589	-0.0293534173	0.0805174323	0.0504920349	-0.024816874	-0.0221662988	-0.0572015207	0.0608276148	0.011647651	-0.0334093378	-0.0585060228	0.0237473598	0.0399649057	-0.0591208326	-0.0423944958	0.0284588965	0.0669717099	-0.0048180044	0.0764179509	0.0041853077	0.0003281197	-0.0185196463	0.0067200838	-0.0382790851	-0.0405840676	-0.0179233781	-0.0013680908	-0.020679809	0.0138997666	0.0026457526	0.0742881323	0.022312547	0.0207945071	-0.0239667666	-0.0120844775	0.0183486515	0.0059486974	-0.0294769747	-0.0074927708	0.0046699711	0.0034885025	0.0245792913	-0.0384727104	0.0297094058	-0.0671340751	-0.011115726	0.052024416	-0.0174187725	-0.0428347318	-0.0115212005	0.0236753091	-0.0510050414	-0.0508139351	-0.0416533601	0.0365435198	-0.0102395256	0.0038325479	0.0109778796	-0.0258926677	-0.0710681168	0.016456046	-0.0227041907	0.0114102747	0.0129847342	-0.0024416678	-0.0066278059	0.0244094114	-0.0125043063	0.0247929183	0.0082675582	0.0046589912	0.0827351934	-0.038043101	-0.0107438625	0.01491459	-0.0541285114	0.0241393267	-0.0130287057	-0.01163089	-0.0133684357	-0.0484963456	-0.0010243801	-0.0218450757	0.0150154802	0.0212155405	-0.0604143402	-0.0347324187	-0.0376988574	-0.064853844	-0.0687848912	0.0041453203	-0.0371491985	0.0130241986	0.0241452865	0.0757636607	-0.0237069131	0.0205439893	0.0716928981	0.0745670577	-0.0321200311	-0.0265425761	-0.0370181374	-0.0794324722	0.0496088759	0.0093242827	-0.0181625805	0.0563099852	0.0324219081	-0.0678262405	-0.0337122111	0.0255001039	0.0702148001	-0.0172482809	0.029311543	-0.0551686488	0.0094091736	-0.0239395404	-0.028255357	-0.0096955748	0.0433851098	0.0103500471	0.0096349451	-0.0017448693	-0.0408653431	-0.0555447463	-4.32904e-05	-0.0089284979	0.0030167622	-0.021728692	0.0135166157	-0.0270830705	-0.0110574734	0.0157354569	-0.0290789234	-0.0202305911	0.0437440771	0.0186785073	0.0140681879	-0.0377376276	-0.0061720327	-0.028020676	0.0357713918	0.1083399069	-0.0261817925	-0.034503908	0.0408740054	-0.0318825038	-0.0124273475	0.0329368144	-0.1033972822	0.045471092	0.0085482976	-0.0388207584	-0.0092685503	0.0126423351	-0.0171728241	-0.041959101	-0.0086633165	-0.0351481219	-0.0057453387	-0.0273829533	-0.050533806	0.016719905	-0.0375528523	-0.0423632548	0.0086246698	0.048252699	0.02432518	-0.0316420006	-0.0459322442	0.0002766972	0.0461211897	0.0312176297	-0.0248039116	-0.0481552347	-0.0080793838	0.0426381448	0.0371952777	-0.0172389684	-0.0489670838	-0.0161987064	0.0379056313	0.0420829549	-0.0091688544	-0.0483440011	-0.0238433419	0.0320623308	-0.0761986999999999	-0.0073341999999999	5.379048963999856e-05	0.0058062418816899	-1.81059	0.0595100000000001	3.2782361480999995	0.0035414401	-0.11644	0.0006739999999999	4.54275999999992e-07	0.0135582736	-0.0146719	0.0006365999999999	0.00021526464961	4.052595599999991e-07	0.00278556	-0.0003050299999999	7.759344513599999e-06	9.304330089999999e-08	0.000535422	1.0330000000000018e-06	2.86676718084e-07	1.0670890000000037e-12	0.0	0.0	0.0	0.0	0.0	0.0	0.0	0.0	0.0	0.0	0.0	0.0	0.0	0.0	0.0	0.0	0.0	0.0	0.0	0.0	0.0	0.0	0.0	0.0	0.0	0.0	0.0	0.0	0.0	0.0	0.0	0.0	0.0	0.0	0.0	0.0	0.0	0.0	0.0	0.0	0.0	0.0	0.0	0.0	0.0	0.0	0.0	0.0	0.0	0.0	0.0	0.0	0.0	0.0	0.0	0.0	0.0	0.0	0.0	0.0	0.0	0.0	0.0	0.0	0.0	0.0	0.0	0.0	0.0	0.0	0.0	0.0	0.0	0.0	0.0	0.0	0.0	0.0	0.0	0.0	0.0	0.0	0.0	0.0	0.0	0.0	0.0	0.0	0.0	0.0	0.0	0.0	0.0	0.0	0.0	0.0	0.0	0.0	0.0	0.0	0.0	0.0	0.0	0.0	0.0	0.0
53818.665101603954	78.84517155148205	2896448713.3186035	6216.561076982635	65632.73556103515	202.7918686523408	4307655977.224768	41124.54199150824	54794.35292628747	114.90130485372356	3002421112.6105485	13202.309857088318	54945.6757886834	53695.453124207335	1.158003	26.528549	0.2902186900000002	0.183212	0.0017822745	0.0157151259	0.018077345	-0.0005634509	-0.0540016284	0.0049910892	0.0727358675	0.0111589692	-0.0022398116	0.0542290534	-0.0019006613	-0.0047051806	-0.0072719863	0.0120605489	-0.0549813108	0.022209816	0.0703074968	-0.0036006616	0.0132698405	0.0298684375	0.0255372549	0.0246892054	0.0020845437	-0.0022312941	-0.0198856353	-0.0556075857	0.0164094624	-0.0430086726	0.0072056094	0.0073257503	0.0092612783	-0.0229562448	0.0087105584	0.002938922	-0.0381174901	0.0299092151	0.017806508	-0.0381847048	-0.0225444809	-0.0452592872	-0.0322576585	0.0664831839	0.0099564194	-0.0356886111	-0.0334917141	-0.0007071954	0.0495312713	0.0362103224	0.0173951575	0.0548640824	0.0466261726	-0.0331199689	-0.0240147011	0.0082844993	-0.0658364652	-0.0607016026	-0.020966197	-0.0442057511	-0.0215878083	-0.011707195	-0.0236403405	-0.0128155303	0.0220690855	0.0122963287	0.0257746845	0.0311234402	0.0239605588	0.0353250011	0.0384391121	-0.0484247053	-0.0232953065	0.0139596346	0.0036800438	0.0538581822	-0.0449383576	-0.0009787431	0.037525581	-0.0224028754	-0.0211574053	-0.0285868841	-0.0653993306	0.0326770397	0.0085550186	0.0240261928	-0.0595328594	-0.0100094709	0.0201999016	-0.0350159035	-0.019552539	-0.0609693957	0.0661778468	-0.0001890057	-0.0348221421	-0.0311123788	-0.0424736381	-0.0164283638	-0.0575137841	-0.0574075611	-0.0042986049	0.0172580825	0.0418976454	0.0194978649	0.0412093344	-0.0333946562	0.0235804326	-0.0175463727	0.0137267387	0.0375371312	0.0595782287	0.0381950729	0.0273219338	0.026302823	-0.0050711746	-0.0108366797	-0.0289951541	-0.026122526	-0.0255730959	-0.005064548	-0.0126755277	0.0147431979	0.0579896922	-0.0186687395	-0.0415828245	-0.0030470567	0.0065258876	0.0108354303	-0.0239030564	0.0081389582	-0.0009126037	-0.0379469705	0.031474694	-0.0134644788	-0.0417558236	-0.0249800258	0.0390872593	0.0189775544	-0.0678033938	-0.0340628896	0.0180024773	0.0403622976	-0.006992371	-0.0333062264	-0.0335591433	-0.0274346693	-0.0582222699	-0.0254817984	0.0415158566	-0.0129243958	-0.0219901394	0.0600976957	0.0375084576	0.0387665761	0.0364810792	-0.0525047291	-0.0020176567	-0.0063978035	-0.0160778483	-0.0361418156	-0.022028769	0.0375658479	-0.0248645674	0.0020577618	-0.0592396676	-0.0244170854	-0.028814433	0.0347371427	-0.0064513996	0.0052241392	0.0412363333	-0.0466095704	-0.0216384489	0.0398935102	-0.0140023095	-0.000280515	-0.0424312595	-0.0194994258	0.0637103712	0.0064161297	0.0038195629	-0.0650798598	-0.000331238	-0.0201150695	-0.0177594001	-0.0505953431	-0.0161795718	0.0881465582	0.0165445433	-0.0521724236	0.017467802	0.0455362881	-0.0421301516	-0.0320479193	0.0214112032	-0.0733024947	-0.0263860508	-0.0181921183	-0.0403630021	0.0329027262	-0.0425866889	-0.0107375794	0.0189618507	-0.0054688456	0.0180874645	0.0510641084	-0.0717359276	-0.0022012657	-0.0149549583	-0.0109107401	0.0112100008	-0.0068859196	-0.0171295593	0.0262437816	0.0760582335	-0.0053772578	-0.0157072827	-0.0108678293	-0.0303048465	0.0563080817	-0.0700302245	-0.0819170338	-0.0284681064	0.0132610776	-0.0155122956	0.0143000947	-0.0126291927	-0.0150053781	-0.0369575087	0.0422043721	-0.0511457775	-0.0560919523	0.0113859821	-0.030166571	0.0165464061	-0.0377885739	-0.0420829549	0.0093499925	0.04840144	0.023358459	-0.0326163926	-0.0453997805	0.0019363856	0.0467083402	0.0296279125	-0.026686557	-0.0476620031	-0.005522202	0.0439302406	0.0352091317	-0.0201368126	-0.0488170731	-0.0128525131	0.0401316745	0.0399724692	-0.0131193052	-0.0488381591	-0.0198842699	0.0354008796	-0.0788254	-0.0026267000000001	6.899552890000561e-06	0.00621344368516	-1.88132	-0.0707300000000001	3.5393649424	0.0050027329	-0.119836	-0.0033959999999999	1.1532815999999974e-05	0.014360666896	-0.017748	-0.0030761	0.0003149915039999	9.46239121e-06	0.00347143	0.00068587	1.20508262449e-05	4.704176569000004e-07	2.80722e-05	-0.0005073498	7.8804841284e-10	2.5740381956004e-07	0.0	0.0	0.0	0.0	0.0	0.0	0.0	0.0	0.0	0.0	0.0	0.0	0.0	0.0	0.0	0.0	0.0	0.0	0.0	0.0	0.0	0.0	0.0	0.0	0.0	0.0	0.0	0.0	0.0	0.0	0.0	0.0	0.0	0.0	0.0	0.0	0.0	0.0	0.0	0.0	0.0	0.0	0.0	0.0	0.0	0.0	0.0	0.0	0.0	0.0	0.0	0.0	0.0	0.0	0.0	0.0	0.0	0.0	0.0	0.0	0.0	0.0	0.0	0.0	0.0	0.0	0.0	0.0	0.0	0.0	0.0	0.0	0.0	0.0	0.0	0.0	0.0	0.0	0.0	0.0	0.0	0.0	0.0	0.0	0.0	0.0	0.0	0.0	0.0	0.0	0.0	0.0	0.0	0.0	0.0	0.0	0.0	0.0	0.0	0.0	0.0	0.0	0.0	0.0	0.0	0.0
53903.88403285701	85.2189312530536	2905628713.827697	7262.266243912675	65438.4454050293	-194.29015600585265	4282190137.027	37748.66472077855	54763.67007676499	-30.682849522483597	2999059560.276765	941.4372548193716	54915.39124940533	53869.97061656605	0.939902	21.532099	0.2144527599999999	0.125979	0.0042652827	0.0175012536	0.0363694254	0.0007554134	-0.0444605215	0.0004365454	0.0848831015	-0.04226593	0.0086814884	0.0248519071	-0.0536021891	-0.0018355995	-0.0020290181	-0.0226387788	-0.0167850504	0.0041852691	-0.0400543116	0.0332915015	-0.0175466743	0.0222516718	0.0143057614	0.0665651454	-0.0172289253	-0.0018813276	-0.0816946682	0.0058653633	-0.0179564137	-0.0332071431	-0.0270695012	0.0577640525	-0.0619726678	-0.0375449445	-0.0329475787	0.0041528505	-0.0207458397	-0.0009314739	-0.0414659888	-0.0170291993	0.0140453954	-0.039517833	0.0329974791	-0.0039266527	0.0225688365	0.0022526745	0.047189659	-0.0044406441	-0.0037523653	0.0061187921	0.0395493759	0.010332512	0.0370934837	-0.0146335317	-0.0193044069	-0.0152432196	0.0432553829	-0.0434330824	-0.0174352318	0.0127005017	-0.029027937	-0.0066567119	8.24468e-05	-0.0014925304	-0.0333022649	0.0360708781	0.0120875796	-0.0562495468	0.0030472771	-0.0441731743	-0.0288127074	0.0056657457	-0.0427060794	0.0104961268	0.0324037941	-0.0092275257	-0.0079378732	-0.0003195084	0.0349829624	-0.0207461549	0.0163921107	0.00961785	0.0302735019	-0.0420066099	-0.0107035132	0.0428401268	-0.0070822107	0.0269786773	0.0055173117	0.0051340524	0.0524551841	0.0380423821	0.0187948572	0.0313841022	-0.0117837825	0.0791022654	-0.0531378465	0.0195431942	-0.0481986808	-0.0098868617	0.0636709613	0.0125944165	0.0461428344	0.0131888561	0.0246534632	-0.0616124578	-0.1078333548	0.0454256198	0.0920208506	0.0194105355	0.0109203263	0.009672394	-0.0129840389	0.0269560446	0.0328142348	0.0207250319	-0.0246119821	-0.0134988746	-0.0663910401	0.0034077735	-0.0365431127	0.0736481376	-0.0043272016	0.0180627195	-0.0321211539	-0.0324651117	0.0468569197	-0.0600284892	-0.0501472629	-0.0402942441	0.0063563729	-0.0190384583	-0.0036970045	0.0421361514	-0.0145368931	0.0130555564	0.0367339822	-0.033491011	0.0057670022	0.0131659673	0.0249635359	-0.0475735049	0.0073849652	-0.0012020256	0.0012483824	-0.0367422998	-0.0105085587	-0.0163335158	0.0471473677	0.0031349843	-0.0118613496	-0.0424226789	0.0189179877	0.0306254225	0.0288037942	-0.0205718241	0.0207277052	-0.001104967	0.0059359041	0.033505521	-0.0383614062	-0.010156543	0.0512172404	-0.0287465125	0.0502110185	0.01231973	0.0090184052	0.0205801538	-0.0266222082	0.036654639	-0.0056775582	-0.0130046146	0.0026353411	0.0203624879	0.0390883202	-0.0117231729	0.0167526255	-0.0029057869	-0.0564038532	-0.011083959	0.0292562511	-0.0251818535	0.0184422611	0.0211778474	0.0069445324	0.0492412914	-0.0229747207	0.0081260258	0.055776621	0.0614510353	0.0392209054	0.0555222169	-0.0120457128	-0.0539586936	0.0349776523	-0.0174455953	-0.0676944205	-0.0126094741	-0.021837004	0.02258154	-0.0258128033	-0.0643866527	-0.0991473727	0.0828399944	0.0361674953	-0.0031131885	-0.025169535	-0.0068109236	0.0231641008	-0.0134252231	0.0362708328	-0.002633333	0.004172171	0.0109936145	0.0271662177	0.0194908974	-0.0006538993	-0.0506337061	0.0034049184	-0.0062903883	0.018806445	-0.0473696474	-0.0298001789	0.0151751055	0.0079540729	0.0610827336	-0.0243063816	-0.0293540307	-0.0294316844	0.0447169475	-0.0611928814	-0.0741200226	-0.0547719194	-0.0225680438	0.0163726724	-0.0380221508	-0.0417972809	0.0100731925	0.0485330118	0.0223798066	-0.0335681082	-0.044826091	0.0035938487	0.0472292216	0.0279873335	-0.0285146833	-0.0470544995	-0.0029496658	0.0450821203	0.0330951267	-0.0229521086	-0.0484427166	-0.009440512	0.0421300458	0.037611983	-0.0169797078	-0.0489659547	-0.0157627911	0.0384257095	-0.0890067999999999	-0.0101813999999998	0.0001036609059599	0.0079222104462399	-1.94324	-0.0619199999999999	3.7761816976	0.0038340863999999	-0.0989209	0.0209150999999999	0.0004374414080099	0.00978534445681	-0.0196116	-0.0018636	0.00038461485456	3.47300496e-06	0.00374616	0.0002747299999999	1.40337147456e-05	7.547657289999997e-08	-0.000262323	-0.0002903952	6.881335632900001e-08	8.432937218304e-08	0.0	0.0	0.0	0.0	0.0	0.0	0.0	0.0	0.0	0.0	0.0	0.0	0.0	0.0	0.0	0.0	0.0	0.0	0.0	0.0	0.0	0.0	0.0	0.0	0.0	0.0	0.0	0.0	0.0	0.0	0.0	0.0	0.0	0.0	0.0	0.0	0.0	0.0	0.0	0.0	0.0	0.0	0.0	0.0	0.0	0.0	0.0	0.0	0.0	0.0	0.0	0.0	0.0	0.0	0.0	0.0	0.0	0.0	0.0	0.0	0.0	0.0	0.0	0.0	0.0	0.0	0.0	0.0	0.0	0.0	0.0	0.0	0.0	0.0	0.0	0.0	0.0	0.0	0.0	0.0	0.0	0.0	0.0	0.0	0.0	0.0	0.0	0.0	0.0	0.0	0.0	0.0	0.0	0.0	0.0	0.0	0.0	0.0	0.0	0.0	0.0	0.0	0.0	0.0	0.0	0.0
53913.27202525976	9.38799240274966	2906640900.4696565	88.13440135408533	65192.65180371093	-245.79360131837169	4250081849.1998935	60414.49444905463	54743.42281189555	-20.247264869438368	2996842341.1619663	409.9517346931931	54894.7329998216	54352.01041053673	0.936535	21.454948	0.1737340499999997	0.0923663	0.0058387829	0.0156028334	0.0445450264	0.0127127889	-0.0178179061	-0.0093606093	0.0698331319	0.0267918195	0.046868432	-0.0378851784	0.0064759147	-0.0358239436	0.0112895264	0.0100840783	-0.0352637898	-0.0288346524	-0.0260055594	0.0314573651	0.0021108819	0.0574149534	-0.030415007	-0.0121414756	0.0387425772	0.0019042443	0.0582991349	-0.0184746081	-0.0404840693	0.0031696538	0.0063432223	0.0042007721	0.0158972218	-0.0196594537	0.0127076503	-0.0233045669	0.0016232449	0.0246728999	-0.0671477568	0.0139072554	-0.0207098118	0.0586664708	-0.026056587	-0.0128607047	-0.0472615993	-0.0336977107	0.0535830546	-0.0173061444	-0.0246570252	0.0098913753	-0.004804625	0.0413717022	-0.0087368495	0.0712414739	0.0185448866	0.013542631	0.017936534	0.0456409348	-0.0354626472	-0.056254662	-0.0020741764	-0.0063835616	-0.0412952004	0.0274678621	-0.0285384272	-0.0181829498	-0.0341455082	-0.0239625585	-0.0082652098	0.0318884128	0.023776092	-0.0159939792	0.012164731	0.0169430366	0.0213468282	0.0122912116	-0.0030691881	-0.0535967762	0.0150800147	0.0036584001	0.0017145295	-0.0301022366	0.0294981278	0.0041879907	-0.0841495715	0.0279541219	-0.0040924238	0.0089759541	0.0395385019	0.0014237207	-0.0273027274	-0.0065565524	0.0100552837	0.0114559304	0.0287342182	0.0016585678	-0.0359730686	-0.0256639454	-0.0113873079	0.0076086965	0.0692703578	-0.0385585935	-0.014641959	-0.0325968163	0.0072391441	0.0309657811	0.0366334496	0.0665011895	-0.0313992088	-0.0354948284	0.0403448034	0.0160271918	0.003295489	0.0064250954	0.0298089582	-0.0025965823	-0.0568667	0.0267354517	0.0142681823	-0.0329387504	0.0266001329	-0.0551766038	0.0178545633	0.0408927495	0.0089584871	0.0034306947	0.0067470729	0.0175507567	-0.0202948418	0.0103856716	-0.0259468937	0.0033684835	0.0235215219	0.0704544911	0.0155213605	-0.0145332182	-0.0572561502	0.0235122595	0.0128984703	-0.0413136022	-0.0425186645	-0.051887501	0.0219398348	0.0246434295	-0.006447502	-0.0007448967	-0.0379562881	-0.0158711093	-0.0593629954	0.0372731071	0.0119006161	-0.0057188961	-0.0561110056	0.0260063559	-0.0058295508	-0.0259202268	0.0167567739	0.0347432362	-0.023450635	0.0459181058	0.0143609673	-0.0195597512	0.0242123975	0.0347996559	-0.0468936119	-0.0130452489	-0.0220315738	-0.0173147544	-0.0167730205	0.0155665606	0.0109080003	-0.010250058	-0.0563258741	0.0060532413	-0.0119077901	0.0044231987	-0.015657529	0.0265409879	-0.0355914698	-0.0675389261	-0.000454336	-0.0198637098	-0.0139246867	0.039704784	0.0104745145	-0.0308110982	0.0229628454	0.012790317	0.0091182233	0.0217519796	-0.0327148377	0.0476556421	-0.0575597968	-0.0058615741	0.0363054219	0.0354621448	-0.0183405183	0.0456588924	0.0449506388	-0.0044391942	0.0072028986	0.0606765714	-0.0286541569	-0.0451292568	0.0318261143	0.0038691426	-0.0145005677	0.0074527709	0.0037455236	-0.0257274557	0.0454860546	-0.0117670258	0.0198956904	-0.0170626765	-0.01021731	-0.0237227288	0.0134779983	-0.0531384459	-0.0597419133	0.0074226562	0.039533704	-0.0024361121	-0.0575309396	-0.0126252479	-0.0087965852	-0.0146792635	-0.0527817079	-0.0441732393	-0.0022346025	0.0596323662	-0.0618915735	-0.058017743	-0.0094076085	-0.0361198892	0.0161987064	-0.0382535695	-0.0415062691	0.0107941057	0.0486473676	0.0213897225	-0.0344964857	-0.0442116967	0.0052471816	0.047683095	0.026298709	-0.0302845558	-0.0463341804	-0.0003689281	0.0460901072	0.0308609395	-0.0256733154	-0.0478457346	-0.0059801733	0.0438894081	0.0350162597	-0.020723565	-0.0487264292	-0.0115125682	0.0411100147	-0.0785862999999999	0.0104205	0.0001085868202499	0.0061758065476899	-2.002	-0.0587599999999997	4.008003999999999	0.0034527375999999	-0.0600451	0.0388758	0.00151132782564	0.0036054140340099	-0.0204423	-0.0008307	0.00041788762929	6.900624900000003e-07	0.00418153	0.00043537	1.74851931409e-05	1.8954703690000006e-07	-0.000309808	-4.7485e-05	9.598099686400001e-08	2.254825225e-09	0.0	0.0	0.0	0.0	0.0	0.0	0.0	0.0	0.0	0.0	0.0	0.0	0.0	0.0	0.0	0.0	0.0	0.0	0.0	0.0	0.0	0.0	0.0	0.0	0.0	0.0	0.0	0.0	0.0	0.0	0.0	0.0	0.0	0.0	0.0	0.0	0.0	0.0	0.0	0.0	0.0	0.0	0.0	0.0	0.0	0.0	0.0	0.0	0.0	0.0	0.0	0.0	0.0	0.0	0.0	0.0	0.0	0.0	0.0	0.0	0.0	0.0	0.0	0.0	0.0	0.0	0.0	0.0	0.0	0.0	0.0	0.0	0.0	0.0	0.0	0.0	0.0	0.0	0.0	0.0	0.0	0.0	0.0	0.0	0.0	0.0	0.0	0.0	0.0	0.0	0.0	0.0	0.0	0.0	0.0	0.0	0.0	0.0	0.0	0.0	0.0	0.0	0.0	0.0	0.0	0.0
54006.22420494891	92.95217968914947	2916672252.8752093	8640.107708963935	65660.99201507568	468.3402113647535	4311365872.403832	219342.553581182	54776.64277645975	33.219964564195834	3000480593.8598795	1103.5660456464268	54923.55402778604	54753.62081203709	0.909328	20.831686	0.0972756499999997	0.0771050999999999	0.0043144369	0.0172173969	0.0498422741	0.019498424	0.0120921714	0.0007322942	0.0511142654	0.0424472177	0.011735263	0.0001763843	0.014656836	0.0464116087	-0.0295998686	-0.0073522211	-0.0292976518	0.0053083297	-0.0575330078	-0.0034167386	0.0193758672	0.0012092301	0.0127976358	-0.0431677186	0.0106290042	-0.0313669768	0.0384472578	0.0139288399	-0.0410591726	-0.0203701656	0.0925920559	-0.0537002804	0.0342084637	0.0177663486	0.0011800656	-0.0434168737	-0.0609395188	-0.0292711108	-0.0454582908	0.005933398	-0.0484672127	0.0157452079	-0.0699831833	0.0077532612	0.0631553734	-0.066780704	0.0500864543	-0.0157309354	0.0071429728	-0.0073098072	-0.037283951	0.0035754539	-0.0453571807	0.0360347395	-0.035957726	0.0018920617	0.0430748351	-0.052595088	-0.014157083	0.0094539721	-0.0082167889	0.0556652973	-0.0229797005	-0.0324330012	-0.0628955713	-0.0039771147	-0.0288094381	0.0127709411	-0.0814344298	-0.0192983084	0.0208048264	0.0161528373	0.0167388706	0.0076495511	-0.0274440953	-0.0173512331	0.06302502	0.0337890235	0.0257271814	-0.0145546181	0.0091319583	-0.0254379866	0.0008791665	-0.0693159589	0.0132211435	0.0398298198	-0.0279639851	0.0143051348	-0.0107221139	-0.0057815296	0.0156326411	0.0110045982	-0.0029972372	-0.0247810025	-0.0180577632	0.0404630039	0.050111855	-0.0165246397	-0.0085018583	-0.006377955	-0.0144708066	0.0306250456	0.0457378318	-0.0371527246	0.0056245732	-0.0155811561	0.0120961347	-0.0556229999	0.0120356577	0.0231980686	-0.0305061333	0.0071200391	0.0108024672	0.0192503008	-0.0037868536	-0.0203915392	-0.0012866062	-0.0151345298	0.0438670691	-0.007559212	-0.0134611044	-0.0464399357	-0.0139233632	0.0337751298	-0.0290904585	0.0936964264	-0.0444410021	0.0360472199	0.019547333	0.0110217975	-0.0489724147	-0.0568876147	-0.027105521	0.0463084915	0.0031282075	-0.0420960948	-0.0203975278	0.0624381462	-0.0040256583	-0.0614520329	0.0714464948	-0.0352168082	0.0126778798	-0.0140382027	-0.0156645057	0.0231515954	0.0127116069	0.0539909471	-0.006572908	0.0635349513	-0.0043996672	-0.026546082	0.0186102236	0.0500431223	0.0114367241	-0.0122288962	-0.0261325868	0.0398146425	0.0696883764	0.0496136374	-0.0238028491	-0.0297745706	-0.0221686321	0.0659817614	0.0438088337	-0.0130007552	0.0148475798	-0.0198144048	-0.0074278902	-0.0146706762	-0.0136833296	0.0623765737	0.0115869009	0.0283318492	0.0155635412	0.0323526769	-0.0086819981	-0.0578799109	-0.0518077309	0.0089518844	0.0378939553	-0.0342738383	0.0100754677	-0.0052248065	0.0104377882	0.0099017762	-0.0159573884	-0.0038776	-0.0085566861	0.0202055921	0.0467635694	-0.0457628522	-0.0053141047	0.0093449121	-0.0127520313	-0.0323163937	-0.0281243363	-0.0302516015	0.0178927694	0.0369717589	-0.0393622596	-0.026922638	0.0431298702	0.0252987323	-0.0125912947	0.0229856203	0.0061092716	0.0285824445	-0.0090569254	0.0402171875	0.0542328689	-0.0115471447	0.0425275867	-0.0175194233	-0.0454133825	0.0187804519	-0.0515226044	-0.0562797525	-0.0841458174	-0.0564400838	-0.011132179	0.0403165792	-0.0288817043	0.0370796251	-0.0166166105	-0.0334340183	-0.071390546	-0.0009336938	-0.0330489352	0.0276519939	-0.0160826762	-0.0640290298	-0.0236403065	-0.0464640738	0.0160245105	-0.0384828171	-0.0412099568	0.0115125682	0.0487444668	0.0203887125	-0.0354008796	-0.0435571555	0.0068944842	0.0480693164	0.0245649379	-0.0319925587	-0.0455027728	0.0022128355	0.046950984	0.0285146833	-0.0282892778	-0.0470288708	-0.0024892147	0.0453997805	0.0322015336	-0.02432518	-0.0481213794	-0.0071683153	0.0434300072	-0.0813582999999999	-0.0027719999999999	7.683983999999982e-06	0.0066191729788899	-2.00131	0.0006899999999996	4.0052417161000005	4.760999999994968e-07	-0.0535645	0.0064805999999999	4.199817635999995e-05	0.00286915566025	-0.0218634	-0.0014211	0.00047800825956	2.0195252100000043e-06	0.00388283	-0.0002987	1.50763688089e-05	8.922169000000016e-08	-0.000336669	-2.6860999999999986e-05	1.13346015561e-07	7.215133209999991e-10	0.0	0.0	0.0	0.0	0.0	0.0	0.0	0.0	0.0	0.0	0.0	0.0	0.0	0.0	0.0	0.0	0.0	0.0	0.0	0.0	0.0	0.0	0.0	0.0	0.0	0.0	0.0	0.0	0.0	0.0	0.0	0.0	0.0	0.0	0.0	0.0	0.0	0.0	0.0	0.0	0.0	0.0	0.0	0.0	0.0	0.0	0.0	0.0	0.0	0.0	0.0	0.0	0.0	0.0	0.0	0.0	0.0	0.0	0.0	0.0	0.0	0.0	0.0	0.0	0.0	0.0	0.0	0.0	0.0	0.0	0.0	0.0	0.0	0.0	0.0	0.0	0.0	0.0	0.0	0.0	0.0	0.0	0.0	0.0	0.0	0.0	0.0	0.0	0.0	0.0	0.0	0.0	0.0	0.0	0.0	0.0	0.0	0.0	0.0	0.0	0.0	0.0	0.0	0.0	0.0	0.0
54051.39022599737	45.166021048462426	2921552785.363044	2039.9694573501508	65867.70086328125	206.70884820556967	4338554017.014702	42728.54792647324	54731.9853458958	-44.65743056394422	2995590219.9033527	1994.2861045734992	54877.56282706946	54743.349069887634	0.8336799999999999	19.098658	0.0567163799999996	0.0324612	0.0071776396	0.0125843614	0.0443269563	0.0155707025	0.0203140417	0.0009006984	0.0285750009	0.0003644826	0.0488563	0.0434099326	-0.0099315716	0.0056619107	-0.014751972	-0.0150911615	-0.0225688442	-0.0383771548	-0.0377537546	0.05067847	-0.0062182784	-0.0393311046	0.0443995563	0.0429848056	0.018320357	0.0070829888	0.0308644663	-0.0098441941	-0.0502868146	0.0037050304	0.045169895	-0.0260213673	-0.0106168212	0.0234065772	0.0731665592	-0.0589259038	0.0190647601	-0.0177671482	-0.035819775	0.0176294305	0.0064762888	-0.0154644774	0.0200112866	0.0064356803	0.0139823993	0.0362334166	0.0402064309	0.007085399	-0.0408344758	0.0321663824	-0.0745655315	0.0364398413	-0.0124431346	0.055882826	-0.0545915359	-0.0079020263	-0.0234079285	-0.0168828185	-0.0064916648	0.0298889491	0.0473024396	-0.0035573463	-0.0328800489	0.0370155162	-0.0304943052	0.0154859107	-0.0016219174	-0.0732234087	0.0138280872	0.0293441586	0.0212171721	-0.0537660648	0.0387965966	-0.0286352317	0.0117350678	0.0189965838	-0.030678015	0.045661119	-0.0315073971	-0.058627492	-0.0242421834	-0.0037880988	0.007965712	0.0138612823	0.0900563219	-0.0134798639	0.0579116926	-0.0079705933	-0.009078876	0.0249268657	0.0069491617	-0.0063797988	0.0161756052	0.0812609798	-0.0173190901	-0.0372657972	0.0532596157	0.0118569104	-0.0192340134	-0.0082735299	-0.0687675447	0.0438055558	-0.0349853632	0.0007074439	-0.0697234424	-0.0660491183	-0.0310255979	0.0123863569	-0.0153527641	-0.0271727569	0.0243795585	0.0373368121	0.0106548436	-0.0186576518	0.0515486226	0.0022584444	0.0386542354	-0.0432909487	-0.0427882955	-0.0158031236	0.0114519828	-0.0268646616	0.0104017479	0.0507447803	-0.0004251969	0.0445831025	-0.0222242465	-0.0178350221	0.0220359797	0.072784164	-0.0574694564	0.0246712257	-0.0150336733	0.033237141	0.0191255909	0.001447808	0.0211886861	-0.0148157329	-0.0029861632	0.032262478	0.0103892419	-0.0437629512	0.0126801815	0.0452834848	-0.0212821855	0.0681873921	-0.0309996231	0.0186171858	-0.002550102	0.0863880809	-0.0292087297	0.0273998256	0.0258926684	0.010924183	0.0156927669	0.0536743098	0.0111272406	0.0275978931	-0.0181049683	0.0450803376	-0.0083106266	0.0004910298	0.0640540213	0.0136633581	-0.0442884905	-0.0260543878	-0.0455948225	-0.0177407594	0.0331374691	0.0023373655	0.0269372659	-0.0263576491	0.056961523	-0.027224745	0.0326038263	-0.0138499721	-0.0503822512	0.0059005808	0.0235191683	0.0770502334	0.0142610696	0.0634475363	0.0167460748	-0.0096712594	-0.0398741941	0.0191465483	-0.0115331894	0.0146969455	0.0691352946	-0.017875273	-0.0315049632	-0.0676417178	0.0155437395	-0.012260803	-0.0335045564	-0.0302011414	0.0525654224	-0.040322013	-0.0264832424	0.058921267	0.0608063903	-0.0492686913	-0.032897945	-0.0314694187	-0.0037686096	-0.0362169769	-0.0165480331	-0.0473539256	-0.015156776	-0.0295759783	0.0509673259	-0.0100935689	0.0470397328	-0.0241892919	-0.0472525216	-0.0033380442	-0.0160792216	-0.0740003838	-0.0464375958	-0.0276170221	-0.0398964452	0.0754108702	-0.0345526744	0.0293822887	-0.0134785546	0.0377169575	-0.084574665	0.0444082672	-0.0539091299	0.0217192807	-0.0216168515	-0.0334437646	0.0131404066	-0.034374276	0.0158500872	-0.0387098805	-0.0409083818	0.0122284171	0.048824275	0.019377288	-0.0362806612	-0.0428630618	0.0085338634	0.0483873377	0.0227889965	-0.0336352026	-0.04456227	0.0047884463	0.0476620031	0.0260648785	-0.030789272	-0.045995879	0.0010144892	0.0466525943	0.029185409	-0.0277598318	-0.0471553442	-0.0027655145	0.0453651274	-0.0788388	0.0025194999999998	6.34788024999948e-06	0.00621555638544	-2.02777	-0.0264599999999997	4.1118511729	0.0007001315999999	-0.0563115	-0.0027469999999999	7.546008999999997e-06	0.00317098503225	-0.0219927	-0.0001292999999999	0.00048367885329	1.6718489999999704e-08	0.00396864	8.580999999999997e-05	1.5750103449599998e-05	7.363356099999994e-09	-5.19814e-05	0.0002846876	2.7020659459599997e-09	8.104702959376e-08	0.0	0.0	0.0	0.0	0.0	0.0	0.0	0.0	0.0	0.0	0.0	0.0	0.0	0.0	0.0	0.0	0.0	0.0	0.0	0.0	0.0	0.0	0.0	0.0	0.0	0.0	0.0	0.0	0.0	0.0	0.0	0.0	0.0	0.0	0.0	0.0	0.0	0.0	0.0	0.0	0.0	0.0	0.0	0.0	0.0	0.0	0.0	0.0	0.0	0.0	0.0	0.0	0.0	0.0	0.0	0.0	0.0	0.0	0.0	0.0	0.0	0.0	0.0	0.0	0.0	0.0	0.0	0.0	0.0	0.0	0.0	0.0	0.0	0.0	0.0	0.0	0.0	0.0	0.0	0.0	0.0	0.0	0.0	0.0	0.0	0.0	0.0	0.0	0.0	0.0	0.0	0.0	0.0	0.0	0.0	0.0	0.0	0.0	0.0	0.0	0.0	0.0	0.0	0.0	0.0	0.0
54072.883210084576	21.492984087206423	2923876698.6514463	461.9483649729085	65554.71955664063	-312.98130664062046	4297421256.149801	97957.2983064701	54776.25132978724	44.26598389144056	3000437709.7440186	1959.4773298772748	54920.76600781993	54989.43643719562	0.885405	20.283634	0.0652768799999998	0.0321237	0.0050747508	0.0178819438	0.0405183274	0.0057598055	0.0204248603	-0.0277503568	0.0403621761	-0.0224593402	0.0025211949	-0.0314094263	0.0226278115	0.0373579503	-0.0348495448	-0.0033475246	0.0114697776	0.0011720897	-0.0382938564	0.0156242163	-0.015363312	0.0578157401	-0.0369674921	0.0220683121	-0.0221951043	-0.0342995905	0.045240724	0.0027151811	-0.0536986698	0.0112472432	-0.0047676127	-0.0088577894	-0.0340775755	-0.0096230004	0.0206926557	-0.0106587998	-0.0370144209	0.0033654168	-0.003704247	0.0370588918	-0.0625073994	0.0151921559	-0.0517929489	0.0148085428	0.0265354693	-0.0313011778	-0.0134425451	-0.0701272933	-0.0596992269	-0.0936247112	0.0289409382	0.023822382	-0.0352700592	0.0097016216	0.0041196615	0.0204199907	-0.0541698959	-0.0425280278	0.0137114705	0.0452075859	-0.0152539459	0.0219534226	0.0246883896	-0.0016500235	-0.0398795518	-0.0259833905	0.0692373313	0.0062747147	-0.0152006712	-0.0518606425	0.0415208139	0.0409862262	0.0216626176	-0.0183897235	0.0109147188	0.0478425352	0.0309423923	-0.0188206048	-0.0411341185	0.0293393979	-0.0009968859	-0.0225270788	0.0076573102	-0.0079992311	0.0336743506	-0.0385959723	0.0141012532	-0.0258087742	-0.0455429059	0.0329864107	-0.013065395	0.0165056496	0.0266214924	0.0061591393	0.0460881634	0.0102232567	-0.0082514161	-0.0243083393	-0.0133451238	0.0263343448	0.037014752	0.0127598595	-0.0276288908	0.0167386109	-0.050866793	0.0010647304	0.0111580577	-0.0258713426	-0.0325859707	-0.0345984022	0.0351496994	0.0124453527	0.0199884123	-0.0256300029	0.0163604787	0.017994971	-0.0564227662	0.0342384406	-0.0156249628	0.0268171581	-0.0178802596	-0.0545753864	-0.003669905	0.0508290505	0.0155635876	0.0005184089	-0.010213372	-0.0272534793	-0.0168677289	0.0129079932	-0.0110920422	-0.0347892305	0.0077262107	0.0078080234	0.0236642779	-0.0674137902	-0.0208667656	0.0494316219	-0.0033868515	-0.0442819653	0.0387835912	0.0137381873	0.0700123759	0.0274412507	0.112125913	-0.0294654138	-0.0009635367	0.029664559	-0.0224837696	0.0177954763	0.0156856398	0.0374981339	0.0687846844	-0.0237684924	0.0204065474	-0.0036750588	-0.0197664606	-0.0076008867	0.035515407	0.0302827114	0.0052832768	0.0611352057	-0.006701708	-0.0144587703	0.0665367087	-0.0250531122	0.0379573518	-0.026034333	0.021522902	0.011662308	0.0560226738	0.0256797571	-0.0204998688	-0.039380634	-0.0533533373	0.0198322129	-0.0119393238	-0.0074402452	-0.0069998517	0.0438522375	-0.0277456375	0.0246114952	-0.0103923431	-0.0343140729	0.0044209852	0.0435862415	0.0506042486	0.0052148272	0.0014805606	0.0233946634	-0.0271873896	0.0160795754	-0.031681882	0.0027179735	-0.0020702875	0.0259285561	-0.0193212204	-0.0085919683	-0.0135813082	0.0272301687	0.0590345475	0.0026933642	0.0330898336	-0.0390705042	0.0224614457	-0.0236109143	-0.0066631224	-0.0087775009	-0.0226429506	-0.0086875496	0.0510563349	-0.0053186834	0.0466261629	-0.0069281769	-0.0412091562	0.0261116147	-0.0417904036	-0.03600054	-0.0428040301	-0.0359036569	0.0355113303	0.0468020285	-0.0107251196	-0.0320725749	-0.0142106696	0.0075999051	-0.0399521228	0.008514703	-0.0591073156	0.0527110331	-0.0173726591	-0.0608643449	-0.0438371589	-0.0508952626	0.0156754391	-0.0389347468	-0.0406015827	0.0129414898	0.0488867639	0.0183559655	-0.0371352188	-0.0421300458	0.0101634351	0.0486367079	0.0209739336	-0.0352091317	-0.043514927	0.0073507428	0.048220895	0.0235204212	-0.0331630496	-0.0447515066	0.0045129987	0.0476407421	0.0259867497	-0.0310039458	-0.0458355703	0.0016598739	0.0468982266	-0.07871	0.0001287999999999	1.6589439999999578e-08	0.0061952641	-2.00194	0.02583	4.007763763599999	0.0006671889	-0.0674282	-0.0111166999999999	0.0001235810188899	0.0045465621552399	-0.0223097	-0.0003169999999999	0.0004977227140899	1.0048899999999864e-07	0.00380114	-0.0001674999999999	1.44486652996e-05	2.805624999999989e-08	-0.000131509	-7.952760000000001e-05	1.7294617081e-08	6.324639161760002e-09	0.0	0.0	0.0	0.0	0.0	0.0	0.0	0.0	0.0	0.0	0.0	0.0	0.0	0.0	0.0	0.0	0.0	0.0	0.0	0.0	0.0	0.0	0.0	0.0	0.0	0.0	0.0	0.0	0.0	0.0	0.0	0.0	0.0	0.0	0.0	0.0	0.0	0.0	0.0	0.0	0.0	0.0	0.0	0.0	0.0	0.0	0.0	0.0	0.0	0.0	0.0	0.0	0.0	0.0	0.0	0.0	0.0	0.0	0.0	0.0	0.0	0.0	0.0	0.0	0.0	0.0	0.0	0.0	0.0	0.0	0.0	0.0	0.0	0.0	0.0	0.0	0.0	0.0	0.0	0.0	0.0	0.0	0.0	0.0	0.0	0.0	0.0	0.0	0.0	0.0	0.0	0.0	0.0	0.0	0.0	0.0	0.0	0.0	0.0	0.0	0.0	0.0	0.0	0.0	0.0	0.0
54099.43523664797	26.552026563396797	2926748892.924268	705.010114623329	65714.15884521484	159.4392885742127	4318350672.734128	25420.886741051072	54819.44566383583	43.19433404858864	3005171622.8902493	1865.750493901064	54964.09378345029	54609.079861806895	0.863575	19.78352	0.0462454999999998	0.0264203	0.0072869197	0.0154084824	0.0355104737	0.0144754273	0.0352598509	-0.0043233102	0.0104258671	0.0402098667	0.0436601309	0.0006972405	-0.0147455809	0.0263207765	-0.0010592733	-0.0032216263	0.0036485471	-0.0112994658	0.0100186459	0.0034911411	0.029832407	0.0524908831	0.0214470215	-0.0283956737	0.0017115924	0.0626207044	-0.0018919944	-0.0236487766	-0.0496350274	0.019147975	-0.0082920377	-0.003573256	0.0077524711	0.0390170568	-0.0440891366	0.0212501372	-0.0135973085	-0.0684386444	0.0298838308	-0.004455335	0.0419836412	0.0525355369	-0.024029768	-0.0098975947	-0.0234321357	-0.0076767056	0.0444273776	-0.0583966665	-0.0166390863	-5.46738e-05	-0.0189473247	-0.0350394495	0.0303323601	0.0188812867	-0.0144456848	-0.0146173567	0.0415947707	0.0140275232	-0.0523702625	-0.0162672854	0.0646515397	-0.0186025873	-0.0594348165	-0.0464621895	0.0041637306	0.0949195399	0.0257544885	-0.0104503259	0.0218149377	-0.0770940282	0.0311766993	0.0069158885	0.0091593893	0.0849531887	0.0051918793	0.0410898447	0.0026234766	-0.0132257104	-0.0080131387	-0.0041874992	-0.0389705437	-0.0052271969	0.0396796199	-0.0146324819	-0.0290564407	0.0106665643	0.0112878028	-0.0657851185	0.0084318237	0.0092257464	0.0163913615	0.000818465	0.0178785799	-0.0255517268	0.0310797679	0.0611365885	0.0491833404	0.0096525909	0.0077214405	-0.0081817594	0.0638035646	-0.0002608095	0.0166335353	0.0006280966	0.0262703736	-0.0163957443	0.0164836141	0.008166624	-0.008495868	-0.0089896499	0.0699317731	-0.0370141841	-0.0230248993	-0.0007063602	0.00290775	-0.0286460551	-0.0491262299	-0.0221249621	0.0276812197	0.0037695677	0.0598535547	0.0251019749	0.0261637819	0.0484550868	0.0192154056	0.0014190879	-0.0026639861	0.0032396316	0.0384018219	-0.0426296935	0.0235394561	-0.0208640915	-0.0660521742	-0.0284923241	-0.010840382	0.0408157507	-0.0507683886	0.029623134	0.0198106808	-0.0279284924	-0.0204151812	-0.034789255	0.0617259709	0.0214184085	-0.0092729309	0.0105080441	0.038425533	-0.0256566036	0.0162555409	0.0206022035	-0.0162485077	-0.0273887117	-0.0464102003	0.0403449824	0.0364650687	0.0587182645	0.0348786886	0.0342394094	-0.0218822661	-0.0279871741	-0.1127587959	0.0024302589	0.0104002736	-0.0339853886	0.0377280071	-0.0498988983	-0.0221531709	-0.0181566378	-0.0780081571	-0.018112511	0.0461792301	0.0045171413	-0.0154282162	-0.0045874055	-0.0217759678	-0.0267350355	-0.0316390752	0.005031537	-0.0325019046	-0.007105135	-0.002160731	0.0010776847	-0.0654765922	0.0104939826	0.0154889128	0.0238388933	0.0334203761	0.033509094	-0.0230634365	0.0587305466	0.0261231461	-0.0327750761	0.0017036804	0.0009036774	0.0484687289	0.0149747004	-0.0361591916	0.0178611906	-0.005661728	0.0360459048	-0.0248570567	0.0194197694	-0.0041606702	-0.0230149676	0.0546684116	0.0251996068	0.0013235834	-0.0309299453	0.0300816326	0.0219474985	0.0447653904	-0.0050249556	0.0401781319	-0.004673833	-0.0374437404	0.0015251145	0.0073944707	-0.0357461929	-0.0298360766	-0.0067005234	-0.0221807028	0.0514751265	-0.0096296982	-0.0049697017	-0.0118712097	-0.0416855021	-0.0441962374	-0.0264808952	-0.0332656843	0.0130158192	-0.0397538436	-0.0605592081	-0.0020116345	-0.0128035334	0.0155005685	-0.0391574033	-0.0402895985	0.0136516244	0.0489319113	0.0173252667	-0.0379639583	-0.0413587732	0.0117813266	0.0488170731	0.019122865	-0.0367111306	-0.0423632548	0.0098926005	0.0486258757	0.0208905514	-0.0354008796	-0.0433014723	0.0079884006	0.0483586182	0.022625561	-0.0340352549	-0.044171958	0.0060717052	0.0480157186	-0.0716789	0.0070310999999999	4.9436367209999976e-05	0.00513786470521	-1.99324	0.0086999999999999	3.9730056976	7.568999999999878e-05	-0.0698954	-0.0024672	6.087075840000014e-06	0.0048853669411599	-0.0218817	0.0004279999999999	0.00047880879489	1.8318399999999813e-07	0.00391197	0.0001108299999999	1.53035092809e-05	1.2283288899999931e-08	-0.000153623	-2.2114e-05	2.3600026129e-08	4.890289959999998e-10	0.0	0.0	0.0	0.0	0.0	0.0	0.0	0.0	0.0	0.0	0.0	0.0	0.0	0.0	0.0	0.0	0.0	0.0	0.0	0.0	0.0	0.0	0.0	0.0	0.0	0.0	0.0	0.0	0.0	0.0	0.0	0.0	0.0	0.0	0.0	0.0	0.0	0.0	0.0	0.0	0.0	0.0	0.0	0.0	0.0	0.0	0.0	0.0	0.0	0.0	0.0	0.0	0.0	0.0	0.0	0.0	0.0	0.0	0.0	0.0	0.0	0.0	0.0	0.0	0.0	0.0	0.0	0.0	0.0	0.0	0.0	0.0	0.0	0.0	0.0	0.0	0.0	0.0	0.0	0.0	0.0	0.0	0.0	0.0	0.0	0.0	0.0	0.0	0.0	0.0	0.0	0.0	0.0	0.0	0.0	0.0	0.0	0.0	0.0	0.0	0.0	0.0	0.0	0.0	0.0	0.0
54159.47348249614	60.03824584816903	2933248567.9012027	3604.5909645251854	65700.66990625	-13.488938964845149	4316578026.130024	181.95147439731767	54822.86486415014	3.419200314310729	3005546511.912868	11.690930789382586	54968.20419912583	54529.28524090655	0.871333	19.96126	0.0834493500000002	0.0436166	0.0015784553	0.0132089873	0.026525972	0.01354588	0.0546170485	0.0057736985	-0.0103457643	0.0224900733	0.0215391688	0.0030281434	-0.0079766438	0.056029558	-0.0096228247	-0.0061354131	-0.0182435543	0.0001458355	-0.0555194697	0.0254569029	0.0398128737	-0.0133322101	0.0707982037	-0.0174550359	-0.0240436692	-0.0111854762	0.0359767568	0.0165695608	-0.0255952578	0.01772775	-0.0053364461	-0.0176239533	-0.0598979074	-0.022620213	-0.0266353279	0.019427559	0.0078404965	0.0053024337	0.0174894087	-0.0008899545	-0.0262318843	0.0073801702	0.0224753156	-0.0313134239	0.0156453551	0.0233071251	0.069229374	-0.0269103325	-0.0187427673	-0.0048233896	-0.0121959855	-0.0067803645	0.035846308	0.0711272412	0.0097994609	-0.0040999442	0.0362844802	-0.0355774949	-0.0284800263	-0.0403198616	-0.000713337	0.0096197623	0.02764653	-0.0171423341	-0.0124929685	0.0210009848	0.0250514133	-0.0378494967	0.0279973564	-0.0233690968	0.0334333064	0.0075261705	-0.0811790143	-0.0294322658	0.0605620012	0.0086809986	0.0146933169	0.0265963918	-0.0339036665	0.001389077	-0.0335837309	-0.0249652553	0.0319572147	0.0143271884	-0.0263117071	0.0208810261	0.0379358128	0.0395018787	0.0171145597	0.0346469035	0.0117047013	-0.0183628181	0.0283351198	0.014027437	-0.0365513454	0.006561387	-0.0008055924	0.0512273563	0.0120488463	0.0612002822	0.021593168	-0.0276709267	0.0645949072	0.0149496737	-0.0586241969	-0.0448571153	0.0198133862	-0.0223549696	-0.0005201251	0.0281077327	0.0466175313	-0.0662522744	0.0149219546	-0.0075060167	0.0256879041	-0.044671281	0.0148586303	-0.0707323027	0.0150007841	0.0272543977	-0.0011890691	-0.031615852	-0.0194396844	0.023106131	0.0231621747	3.98608e-05	-0.0261394603	-0.0455566994	-0.0344840004	-0.0280253481	0.0246870239	0.0083286644	0.0066539841	-0.017181246	-0.0054752474	-0.0252464673	-0.0103017063	-0.0183756623	0.0393543444	0.018802346	0.0181424599	-0.0650083423	0.046260747	0.0106423338	0.004943139	0.0125420893	0.0098520418	-0.0538670474	-0.0329445675	0.043685843	-0.0007946555	-0.0297613567	-0.0040377477	0.0573988065	0.0151165386	-0.0205574001	-0.0209133905	-0.0274558274	0.0093415543	0.010339785	-0.0272212338	0.0107424556	0.0392540624	-0.0386272928	0.0108229884	-0.0371034272	0.0288247859	0.0592394181	0.0017638476	0.0779262146	0.028109817	0.0034643525	0.0380222979	-0.0140547589	-0.0167434385	-0.0140392439	-0.0459653315	0.0266393515	-0.0186109952	-0.0373452762	0.0234289818	0.0229378796	0.0355638094	0.0329226431	-0.0289580186	0.0030554748	0.0095300507	0.0209232006	0.0203359522	-0.0128380497	0.027915461	-0.0068317895	0.0313226042	-0.0279491186	-0.0280430934	0.0392298867	-0.068629347	0.0233989823	-0.0421604636	0.0531306555	0.0286404445	0.003135708	0.0128519848	-0.0216485449	0.0450432261	0.0704666937	0.0461809163	-0.0074090708	-0.034532773	-0.0260083451	0.035482788	0.0020428019	0.0298040694	-0.0047085412	-0.0455116726	0.0207829861	-0.0252944049	0.0017907938	-0.0436614483	-0.027567699	-0.0114084261	0.050936229	0.0052425504	0.0737985237	-0.0029430905	-0.0030616401	-0.0538814303	-0.0080893712	-0.0251691978	0.0107411404	-0.0382655328	-0.0404280748	-0.0029520827	-0.0555194469	0.015325478	-0.0393778372	-0.0399724692	0.0143586597	0.0489597013	0.0162857183	-0.0387663036	-0.0405499443	0.0133856785	0.0489281774	0.0172389684	-0.0381381307	-0.0411100147	0.0124069519	0.0488756528	0.0181848193	-0.0374935883	-0.0416524399	0.0114229	0.0488021499	0.019122865	-0.036832953	-0.0421769872	0.0104339452	0.0487077002	-0.0744854999999999	-0.0028065999999998	7.877003559999412e-06	0.0055480897102499	-2.00843	-0.0151900000000002	4.033791064900001	0.0002307361	-0.0867505999999999	-0.0168551999999999	0.0002840977670399	0.0075256666003599	-0.0213233	0.0005584	0.00045468312289	3.118105600000007e-07	0.00429838	0.00038641	1.84760706244e-05	1.4931268810000017e-07	-0.000126482	2.7141000000000003e-05	1.5997696324e-08	7.36633881e-10	0.0	0.0	0.0	0.0	0.0	0.0	0.0	0.0	0.0	0.0	0.0	0.0	0.0	0.0	0.0	0.0	0.0	0.0	0.0	0.0	0.0	0.0	0.0	0.0	0.0	0.0	0.0	0.0	0.0	0.0	0.0	0.0	0.0	0.0	0.0	0.0	0.0	0.0	0.0	0.0	0.0	0.0	0.0	0.0	0.0	0.0	0.0	0.0	0.0	0.0	0.0	0.0	0.0	0.0	0.0	0.0	0.0	0.0	0.0	0.0	0.0	0.0	0.0	0.0	0.0	0.0	0.0	0.0	0.0	0.0	0.0	0.0	0.0	0.0	0.0	0.0	0.0	0.0	0.0	0.0	0.0	0.0	0.0	0.0	0.0	0.0	0.0	0.0	0.0	0.0	0.0	0.0	0.0	0.0	0.0	0.0	0.0	0.0	0.0	0.0	0.0	0.0	0.0	0.0	0.0	0.0
54267.29653114631	107.82304865017068	2944939472.7993646	11625.809820217071	66167.1075185547	466.4376123046968	4378086117.371977	217564.04617250664	54880.33443393375	57.46956978360686	3011851107.5804143	3302.7514511128584	55019.5926052569	55243.91495836927	1.036346	23.741507	0.1891720499999996	0.127469	0.0064054858	0.0200840254	0.031802396	0.004077862	0.0572033852	-0.0174353435	-0.0249003459	-0.0440365589	0.0604938503	0.0187142464	0.0258065299	0.0428136181	0.0302395872	-0.017554893	-0.0073038208	-0.0577165576	0.0084605319	0.0149477821	0.0081407555	-0.0001345607	-0.0292367113	0.0719352143	0.0246065937	0.0571560735	0.0062007044	0.0032077631	-0.0525261138	0.0370236668	0.0350558594	0.0014232097	-0.0178824611	0.0125889102	-0.0238634784	-0.0076884463	0.0540515848	0.0207232145	-0.0254170441	-0.0172849618	0.0221714641	0.0135801866	-0.0610330561	-0.0365010752	-0.0186992147	-0.0428554439	-0.0334338489	-0.0394889349	0.0174125082	0.0373568428	-0.0117388668	0.0915051219	0.0506733614	0.0668495691	-0.030290285	0.0657305585	0.003657667	-0.0495692245	0.0160284494	0.0088793845	-0.0059972471	-0.0196974719	0.0280405314	-0.0138636595	0.0266076927	-0.0331415391	0.0341557618	0.0085456965	0.0527292028	0.0202829527	-0.0558928044	0.0766284268	-0.0235322736	0.0429043056	-0.0340469314	0.0235098669	0.0309096091	-0.0254155491	0.0569129464	0.0208146773	0.0154223633	0.0214564298	0.0171239171	-0.0039689156	0.0378026899	-0.0101696994	0.0275773072	-0.0158308117	-0.0108395958	-0.0084067964	0.021748005	0.0138906181	-0.0167096833	0.0017581867	0.0669794264	0.009269324	0.0047748802	0.0134153975	-0.0079709231	-0.0293990401	0.0206574906	0.0330170675	0.0131829391	0.007099723	-0.0167548855	-0.0249860236	-0.0036487348	-0.0473959163	-0.0150262206	-0.037508818	-0.0342436896	0.0173892471	-0.0117526269	-0.0752562688	0.0166928471	-0.0034431586	-0.0021884701	0.0308199942	-0.071113076	-0.0155541671	0.0553830095	0.0109821681	-0.0010584839	0.0481633528	0.0300134598	0.0436830052	0.0012315197	-0.023053287	0.0091547082	-0.0204994945	-0.0024882229	0.0538326829	0.01886953	0.0290506144	-0.0238936306	0.0201294057	-0.005680867	0.0571860842	0.0390974234	-0.0502353374	-0.0179363863	0.0409835177	0.0202356525	-0.0056101215	-0.0261465764	-0.0173083109	-0.0849655434	-0.0423652289	0.0169110201	0.0965745782	0.0536324781	0.0196269369	0.0404740757	0.0370991633	0.0095370385	-0.009416383	0.0030817271	-0.0207981807	0.0077560125	-0.0367031836	0.0293117661	0.0333290222	0.0101134652	-0.0705680194	-0.014056517	0.0550612972	0.0689545106	0.0041409358	-0.0376289644	-0.0469058969	0.0066771003	0.0298177552	-0.0476113072	0.0504610637	-0.0116643881	-0.0139821223	0.0253186549	0.0095038699	-0.0160650433	0.0341476818	0.0072771638	0.0315450346	-0.0099987348	-0.0094475193	0.0151318497	0.026523622	-0.0126967245	0.0030335482	-0.0157393796	0.0422936271	-0.039904141	-0.0040389654	0.021498642	-0.006817407	0.0248556473	-0.0277443574	-0.0196817658	-0.030398305	-0.0115988841	0.0223185541	0.0100260461	-0.0171025086	0.0332502511	0.0175464883	-0.0410576953	-0.0596017056	0.0195484966	-0.0516260998	-0.0191320439	0.0469016583	0.0460374415	-0.0014799392	0.0471105985	0.0019074198	-0.0427472011	-0.0094402298	0.0163985362	-0.0245847063	-0.0163221304	0.0174218943	-0.0134765458	0.0660323472	-0.0314859346	-0.0148040912	0.0179974472	0.0226358594	-0.0257330099	0.0735719827	-0.1104028278	-0.0037539683	-0.0105037853	-0.1021267181	-0.0416327376	0.0515308445	0.01515017	-0.0395960362	-0.0396502352	0.0150624352	0.0489701238	0.015237851	-0.0395416966	-0.0397042937	0.014974647	0.0489698633	0.015325478	-0.0394872168	-0.0397582112	0.0148868057	0.048969429	0.0154130506	-0.039432597	-0.0398119877	0.0147989116	0.048968821	0.0155005685	-0.0393778372	-0.039865623	0.014710965	0.0489680393	-0.0784667	-0.0039812000000001	1.5849953440000806e-05	0.00615702300889	-2.02722	-0.0187899999999996	4.109620928399999	0.0003530640999999	-0.0709414	0.0158091999999999	0.0002499308046399	0.00503268223396	-0.0235597	-0.0022363999999999	0.0005550594640899	5.001484959999997e-06	0.00366274	-0.00063564	1.34156643076e-05	4.040382096000003e-07	-0.000266275	-0.000139793	7.090237562500002e-08	1.9542082849000003e-08	0.0	0.0	0.0	0.0	0.0	0.0	0.0	0.0	0.0	0.0	0.0	0.0	0.0	0.0	0.0	0.0	0.0	0.0	0.0	0.0	0.0	0.0	0.0	0.0	0.0	0.0	0.0	0.0	0.0	0.0	0.0	0.0	0.0	0.0	0.0	0.0	0.0	0.0	0.0	0.0	0.0	0.0	0.0	0.0	0.0	0.0	0.0	0.0	0.0	0.0	0.0	0.0	0.0	0.0	0.0	0.0	0.0	0.0	0.0	0.0	0.0	0.0	0.0	0.0	0.0	0.0	0.0	0.0	0.0	0.0	0.0	0.0	0.0	0.0	0.0	0.0	0.0	0.0	0.0	0.0	0.0	0.0	0.0	0.0	0.0	0.0	0.0	0.0	0.0	0.0	0.0	0.0	0.0	0.0	0.0	0.0	0.0	0.0	0.0	0.0	0.0	0.0	0.0	0.0	0.0	0.0
54254.95090469289	-12.345626453425211	2943599697.670636	152.41449252751235	66012.96573583984	-154.14178271485434	4357711645.241165	23759.68917851337	54829.20184432423	-51.132589609522256	3006241374.885648	2614.5417201758232	54982.814778336106	54864.83470772087	0.974265	22.319313	0.1923230499999999	0.139652	0.0014972076	0.0156072298	0.00983519	0.0075102954	0.0541824555	-0.0038360111	-0.0371860919	0.0444142798	0.029879504	-0.029121055	0.0275864493	0.0370444714	-0.0082856725	0.0095920616	0.0069229289	0.0197931273	-0.0250439189	0.0089278601	0.0070102728	-0.002548177	0.0148856338	-0.0453289042	-0.0374185936	0.0166108965	0.055256406	0.0304846364	-0.0245012351	-0.0214172833	0.0306909376	-0.030750884	-0.021756924	0.0069278067	-0.0230285953	0.0105719313	0.0119496279	0.0313155163	-0.0453203264	-0.0268262824	0.0316224968	-0.0437326372	-0.0057406708	0.019632668	0.0052215008	0.0019873308	-0.0127337424	-0.0014903705	-0.0725922206	-0.0139321414	-0.0136525589	0.0213800351	0.024120767	0.0965274131	-0.0626194182	-0.0389861664	0.0164583784	-0.0333675146	0.0655562959	-0.0360197114	0.0089707505	0.006310895	0.004671249	0.0090511111	0.0726669961	-0.0435415974	0.0504025629	0.0744121367	-0.057486125	0.0170123259	0.041332654	-0.017688442	0.0068599988	-0.0161972469	-0.0039023749	0.0058817541	-0.0108594292	-0.057556895	0.0195185884	0.0117873781	-0.0156223638	-0.0162828108	-0.0249159064	0.0149728079	0.05444133	0.0543026808	-0.0273759101	0.0124363809	-0.0004141085	0.0137086553	0.0276614139	-0.0004811373	0.0305663044	0.0017579836	0.014231263	0.0601752716	0.0163355561	0.010980217	0.0295024975	0.0014248494	0.0735415616	0.0143608952	0.02538416	-0.0129905731	0.0362266302	-0.0253462932	-0.020187794	-0.0251797774	-0.0532172555	-0.0007496507	-0.0452777457	-0.0180233306	0.0202959085	-0.035359991	0.0085568074	-0.0115559001	0.0045136644	-0.0163977532	0.0457053633	0.0431629185	0.0257984322	-0.0404227355	-0.0292715477	0.0244380274	-0.0227496224	0.0270508258	-0.0322459799	-0.0119460413	-0.0027585075	-0.0198791742	0.0147131242	0.0097879734	0.0300661519	0.0442853378	-0.0272451921	0.0279102377	0.0531109749	0.0043686962	-0.0131069688	0.0085409289	0.0075716907	0.0052292808	0.0031971814	0.0681741383	0.0360204712	0.0185928626	-0.0070528252	-0.0195259039	-0.007527696	0.1081066512	-0.0531456662	-0.0151791584	0.0105699379	0.0583128029	-0.0519941123	-0.0128460874	-0.0269410431	-0.0034363881	-0.0209122598	-0.0739814735	0.0449534276	0.0711838416	-0.0641230097	0.0551859044	0.0061045015	-0.0137866632	0.0032822205	0.0057302983	0.019196466	0.0129470801	-0.0020670282	-0.0080771383	-0.0650861639	0.0042822327	-0.0267538525	-0.0103797824	-0.0088479272	-0.0184738679	0.0242012561	0.0401107942	0.045747724	-0.0437281622	0.0240412674	-0.0060233958	-0.0154954085	0.028934925	-0.0090261126	0.0319458958	0.0309578961	0.0551781769	0.0261901673	-0.0056486471	0.0076503736	0.0072061182	0.05503183	0.0326074466	-0.0681621404	0.0038868434	0.0188349096	0.0065677338	-0.0469825976	-0.0313165895	0.0104408808	-0.0216819223	-0.0437401778	-0.0248504735	0.06171899	-0.0113425688	-0.0075361676	-0.0318588516	0.026573122	0.0035140256	0.0234391659	-0.0008292674	-0.0419672064	0.0301242235	-0.0177863032	0.0325340108	-0.0135894882	-0.0228060601	0.0148151404	0.0616596372	0.0152713816	0.0149384092	0.0151155987	-0.022792075	-0.0267046355	-0.0196125894	-0.0339231814	0.0009523414	-0.0277441226	-0.0488179135	-0.0161125995	0.0061659769	0.014974647	-0.0398119877	-0.0393229378	0.0157627911	0.0489631754	0.0141822002	-0.0402895985	-0.0388225891	0.0165464061	0.0489420714	0.0133856785	-0.0407556328	-0.0383110855	0.0173252667	0.0489069049	0.0125853106	-0.0412099568	-0.0377885739	0.0180991493	0.0488576859	0.0117813266	-0.0416524399	-0.0372552045	0.0188678315	0.0487944286	-0.0787748	-0.0003081	9.492561000000344e-08	0.00620546911504	-2.02614	0.0010799999999999	4.1052432996	1.166399999999935e-06	-0.11217	-0.0412286	0.00169979745796	0.0125821089	-0.0212185	0.0023411999999999	0.00045022474225	5.481217439999991e-06	0.00417731	0.00051457	1.74499188361e-05	2.6478228490000024e-07	-0.000127918	0.000138357	1.6363014724000002e-08	1.9142659449e-08	0.0	0.0	0.0	0.0	0.0	0.0	0.0	0.0	0.0	0.0	0.0	0.0	0.0	0.0	0.0	0.0	0.0	0.0	0.0	0.0	0.0	0.0	0.0	0.0	0.0	0.0	0.0	0.0	0.0	0.0	0.0	0.0	0.0	0.0	0.0	0.0	0.0	0.0	0.0	0.0	0.0	0.0	0.0	0.0	0.0	0.0	0.0	0.0	0.0	0.0	0.0	0.0	0.0	0.0	0.0	0.0	0.0	0.0	0.0	0.0	0.0	0.0	0.0	0.0	0.0	0.0	0.0	0.0	0.0	0.0	0.0	0.0	0.0	0.0	0.0	0.0	0.0	0.0	0.0	0.0	0.0	0.0	0.0	0.0	0.0	0.0	0.0	0.0	0.0	0.0	0.0	0.0	0.0	0.0	0.0	0.0	0.0	0.0	0.0	0.0	0.0	0.0	0.0	0.0	0.0	0.0
54307.601317260574	52.650412567687454	2949315560.8345222	2772.065943547701	66565.28713085937	552.321395019535	4430937450.813753	305058.9233963252	54833.78397946386	4.582135139629827	3006743865.506507	20.995962437830453	54976.71765543232	54742.64542569247	0.904921	20.730713	0.0486232	0.0273722	0.0056927142	0.0068381665	0.0081512161	0.001473041	0.0575759101	-0.0051935161	-0.0546209353	-0.0326645251	0.0589349969	0.0449799061	-0.0295571246	0.0168870486	0.0050439142	-0.0064148152	0.020023239	-0.0121355863	-0.0006171567	0.0348230767	0.0040814089	-0.0512146458	0.0146320027	0.0461573995	-0.0390655241	0.0477067282	0.0388430703	-0.0431693509	-0.0059151267	0.0214747355	-0.0086508143	0.0845044009	0.0092120609	0.0010768058	0.0131125767	-0.0445257376	-0.026796866	0.0215360549	0.013514181	0.0050681752	0.037514516	-0.0290595785	-0.0153965336	3.99754e-05	0.0245049736	0.0316143535	-0.0373920309	0.0348704942	0.0026713242	0.0285123449	0.0328504042	-0.0036975576	-0.0484004318	-0.0177781744	-0.0329022279	0.0417567081	-0.0015829297	0.0239786756	-0.0389114874	-0.0075624566	0.0631454327	0.0568653059	-0.0222276793	-0.0122517905	0.0324186266	-0.0056090332	-0.0013955967	-0.0155721821	-0.0038185247	0.0595430391	0.0589445965	0.0053318448	0.0919758406	-0.016700249	0.0294209024	0.0148797686	0.028925003	-0.0152939461	0.0065708807	0.0164056706	-0.034756856	-0.0275541229	-0.0092293911	0.0067045685	0.0224649477	-0.057326234	0.0349851717	0.0471886497	0.0015761333	0.0246633081	-0.0401526626	-0.0061971606	-0.0222041158	-0.0182363407	0.0055250485	0.0197632265	0.0303332104	0.0998651943	0.0064282622	-0.0058737093	0.0599081276	0.0781575307	-0.0356388754	-0.0484668759	0.0185119228	0.0491301093	-0.0412719752	0.0088816837	0.0194283786	-0.0180825704	0.0059178084	0.001805577	-0.0325530186	0.0055342152	0.0360176656	-0.0068447978	0.050119827	-0.0131860675	-0.0471737689	0.0440236102	0.0450378961	-0.0114163679	0.0464353849	0.0138597707	0.0174897212	-0.0159856151	0.0830233072	-0.0073811453	0.0071007164	0.0094688904	-0.04885207	-0.0189550075	0.0242483508	-0.0196417968	0.0075585249	0.0277848921	0.0367524387	0.0231473374	-0.0037769908	0.0512812082	0.0146995062	0.0334798072	-0.0368479843	0.0044491145	-0.0123824995	-0.0201659615	-0.0035740656	0.0532342467	0.0006469342	-0.0107793541	0.0206323601	0.0268518648	-0.0498872567	0.0228557066	0.0339205553	0.0474086381	-0.0632004876	0.0364593428	-0.0024284597	-0.0249044567	0.004512842	1.43239e-05	0.0217826665	0.0420138541	-0.0674542267	-0.0423792588	0.0030610189	-0.0803534114	0.0300554389	0.0123776194	0.0338007774	0.0361599479	-0.0174686952	-0.0010249763	-0.0308752492	-0.0034726589	-0.0183774822	-0.0157639842	0.0097950155	0.0127179117	-0.0376452664	0.0459757029	0.0639598276	-0.006120161	-0.0070678916	-0.0294596342	0.0359614284	-0.013052714	-0.0070881124	0.0332393868	0.0075336207	-0.0384356717	0.0572727861	-0.0549274353	0.0818576604	0.0527338772	0.0066425227	-0.0701986355	0.061823805	-0.0229588364	-0.0058088413	-0.0146672999	-0.0030148061	0.0151654781	0.0351472752	-0.0268689176	-0.0012427175	-0.0265100109	0.0306154296	-0.0207588773	0.02458763	0.0082002199	0.020897521	-0.0082940202	-0.0422269845	0.0100670982	0.0199775209	-0.0039627676	0.0272888209	0.0249734385	-0.0306812418	0.0757371206	-0.0116147717	-0.0085390865	0.0217261699	0.0430808908	-0.0461002485	-0.0125208969	-0.0179459492	-0.0062622161	-0.0197036893	-0.0341915794	0.0196825329	0.0093104066	0.0147989116	-0.0400256797	-0.0389906186	0.0164595684	0.0489388583	0.0131193052	-0.0410094892	-0.0379056313	0.0180991493	0.0488448413	0.0114229	-0.0419407874	-0.036772107	0.0197155549	0.0486882801	0.0097118681	-0.0428183818	-0.0355914973	0.0213067153	0.0484693751	0.0079884006	-0.0436411487	-0.0343653138	0.0228705931	0.0481884067	-0.0786513999999999	0.0001234000000001	1.5227560000026352e-08	0.0061860427219599	-2.05075	-0.02461	4.205575562499999	0.0006056521	-0.105722	0.006448	4.157670400000012e-05	0.0111771412839999	-0.0209895	0.000229	0.00044055911025	5.2441000000000026e-08	0.00417731	0.0	1.74499188361e-05	0.0	-0.000247754	-0.0001198359999999	6.138204451599999e-08	1.4360666895999996e-08	0.0	0.0	0.0	0.0	0.0	0.0	0.0	0.0	0.0	0.0	0.0	0.0	0.0	0.0	0.0	0.0	0.0	0.0	0.0	0.0	0.0	0.0	0.0	0.0	0.0	0.0	0.0	0.0	0.0	0.0	0.0	0.0	0.0	0.0	0.0	0.0	0.0	0.0	0.0	0.0	0.0	0.0	0.0	0.0	0.0	0.0	0.0	0.0	0.0	0.0	0.0	0.0	0.0	0.0	0.0	0.0	0.0	0.0	0.0	0.0	0.0	0.0	0.0	0.0	0.0	0.0	0.0	0.0	0.0	0.0	0.0	0.0	0.0	0.0	0.0	0.0	0.0	0.0	0.0	0.0	0.0	0.0	0.0	0.0	0.0	0.0	0.0	0.0	0.0	0.0	0.0	0.0	0.0	0.0	0.0	0.0	0.0	0.0	0.0	0.0	0.0	0.0	0.0	0.0	0.0	0.0
54261.78261326185	-45.81870399872423	2944341052.368886	2099.353636122708	65736.38606396485	-828.9010668945266	4321272452.750632	687076.9786988845	54809.78638592541	-23.99759353845002	3004112683.670774	575.8844956366581	54962.437973879045	54959.77041459517	0.969141	22.201935	0.04334185	0.0283184	0.0010103172	0.0106790433	0.0019564008	0.0042713119	0.0370615717	-0.0046218735	-0.0355504142	0.0347892264	0.0164089803	-0.0680946689	0.0031277701	0.0277316749	0.0009199168	-0.0123833486	0.0064624575	0.0238502959	-0.0313624413	0.0076791696	0.0055266554	0.0186547279	0.0055041411	-0.0503966177	-0.0446674294	0.0035951058	0.0223025496	-0.0092926587	-0.0103779346	-0.0266874218	-0.0609473851	0.0081066458	-0.0428799924	-0.027358022	-0.0767223605	0.0406159568	-0.0340124821	-0.004993085	0.0918987727	0.030793843	-0.0301646118	0.0237960233	-0.0479583177	0.0292267572	0.0001278167	-0.0038430136	-0.0319046337	-0.0266063756	0.0152822222	-0.0477681862	0.013680415	-0.018000421	0.0136070511	-0.0254548201	-0.0082022552	0.0236971282	-0.0427725187	0.0168893252	-0.0018134552	-0.0090396451	0.009136468	0.0263053315	-0.0199064713	0.0475517108	0.0475833703	0.0134877961	0.0085734836	-0.0104522512	-0.0560089751	-0.0021006424	0.0026500777	-0.0084798544	0.0180354033	0.0170603491	0.0091687242	-0.0080619813	0.0105931727	-0.0064218507	-0.0344166545	0.0121554293	-0.0301528927	-0.0709447857	0.0130950137	0.0094605369	-0.0289997862	0.0248079109	0.0239353922	-0.0356677597	0.0414801719	0.0550388076	-0.0053082849	-0.0147544159	-0.0063495957	0.0163581681	0.0132741249	-0.0696123519	0.0035200293	0.0038213699	-0.00857261	-0.0369279741	-0.0165753144	-0.0822393505	0.0117059792	-0.0123933427	-0.0891751573	0.0514968174	-0.0040816622	0.0035391847	-0.0291381671	0.0558314561	-0.0241499206	0.0097823487	0.0082148923	-0.0174339666	0.0070259341	-0.007063974	-0.0160677534	-0.0060977101	0.0508774277	0.043523459	0.0045177336	-0.0126163804	0.0088014197	0.0152920157	-0.015402563	-0.0613738565	-0.0040509559	-0.0308376728	-0.0372414041	-0.077438747	0.0426223581	-0.039528883	-0.0034381674	-0.0921301911	0.0229742431	-0.0267646197	-0.0299127443	0.0418295632	-0.0274970132	-0.0249839843	0.0032298456	0.0382772386	0.0258561609	-0.0263298379	0.036316315	-0.0025949937	0.0249044905	-0.0052286732	0.0213930092	-0.0195299013	0.0049422038	0.0438554583	-0.0064943148	-0.0036573974	0.0071130946	0.0037085708	-0.0290419581	0.027788227	-0.0643638685	-0.0184234112	0.0093775704	0.008596924	0.0055092261	0.0632277653	0.0256535198	0.0004573194	-0.0083159901	-0.0160043163	-0.0166116226	0.004427822	-0.0049013069	0.0136326541	0.0050147624	-0.026492421	-0.0277847032	0.0152781426	-0.0587372056	0.0133788314	-0.0142965628	-0.0416066797	0.0050214499	0.0043051392	-0.0304571029	0.0339704371	-0.0677717651	0.0059973102	0.0297849348	0.0143320387	0.0022862351	-0.0342470023	-0.0573131844	-0.0196870424	0.0162480752	-0.0181873769	-0.0106269427	-0.0432713022	0.006136214	0.0764718134	0.0417573862	-0.0640455707	0.087580548	-0.0122236904	0.012781765	-0.0144552682	-0.0580919682	0.0326355231	-0.0023599786	-0.0120780798	-0.0233268806	0.0112635097	0.0164099136	0.0081453241	0.0134723484	-0.008058035	-0.039192016	0.0227729341	-0.0087517592	0.0355994994	0.0079673287	-0.0217199225	0.0437085824	0.0615700917	0.0175960713	0.012799708	0.009539633	-0.0232483191	-0.0246079625	-0.0270532229	-0.0206556541	-0.017539672	-0.0232772534	-0.0270060817	-0.0011277243	0.0143337839	0.0146229661	-0.0402370998	-0.0386533201	0.0171526089	0.0488971813	0.0120497088	-0.0417008682	-0.0369542528	0.0196310923	0.048678311	0.009440512	-0.0430402594	-0.0351449656	0.0220510239	0.0483142525	0.0068031578	-0.0442512785	-0.0332308549	0.0244051859	0.0478060917	0.0041455125	-0.0453303135	-0.0312176297	0.026686557	0.0471553442	-0.0786251	2.629999999989585e-05	6.916899999945217e-10	0.00618190635001	-2.05203	-0.0012799999999999	4.210827120899999	1.6383999999998664e-06	-0.107349	-0.001627	2.647129000000011e-06	0.011523807801	-0.0205966	0.0003929	0.0004242199315599	1.5437041000000125e-07	0.00380804	-0.00036927	1.45011686416e-05	1.3636033290000009e-07	-0.000201753	4.6001e-05	4.0704273009e-08	2.1160920009999994e-09	0.0	0.0	0.0	0.0	0.0	0.0	0.0	0.0	0.0	0.0	0.0	0.0	0.0	0.0	0.0	0.0	0.0	0.0	0.0	0.0	0.0	0.0	0.0	0.0	0.0	0.0	0.0	0.0	0.0	0.0	0.0	0.0	0.0	0.0	0.0	0.0	0.0	0.0	0.0	0.0	0.0	0.0	0.0	0.0	0.0	0.0	0.0	0.0	0.0	0.0	0.0	0.0	0.0	0.0	0.0	0.0	0.0	0.0	0.0	0.0	0.0	0.0	0.0	0.0	0.0	0.0	0.0	0.0	0.0	0.0	0.0	0.0	0.0	0.0	0.0	0.0	0.0	0.0	0.0	0.0	0.0	0.0	0.0	0.0	0.0	0.0	0.0	0.0	0.0	0.0	0.0	0.0	0.0	0.0	0.0	0.0	0.0	0.0	0.0	0.0	0.0	0.0	0.0	0.0	0.0	0.0
54353.22878579582	91.44617253397156	2954273479.4410634	8362.402471112893	66359.3953671875	623.0093032226578	4403569353.498707	388140.5919019815	54926.4247234647	116.63833753929066	3016912132.902434	13604.5017839295	55069.20570810538	54599.73223274528	0.983683	22.535057	0.0624562699999996	0.0325872	0.0064220256	0.009657396	0.0075720995	0.003366705	0.0702798086	-0.0005347419	-0.0582473427	-0.0026911553	0.0568571938	0.0459609797	-0.0184899218	0.0332159485	0.0176299279	-0.0113396296	0.0043175765	-0.0228776227	0.0262906341	0.0152385452	0.0342621844	-0.0402555112	0.0397075245	0.0235870731	-0.0100735906	0.0310746116	0.0267756079	0.02287477	-0.0218075606	-0.0288266488	0.0649288269	-0.0001204194	0.0484371948	0.0019286352	0.0069861368	-0.0133976506	0.0004341466	-0.0159607862	-0.0095573261	0.031235453	0.0333750015	0.011432076	0.0025852254	-0.0150318276	0.0418916437	-0.0401824362	0.0242963582	0.0111876959	0.044976365	0.0270385966	0.0248493038	-0.0255022598	-0.0074843684	0.0285346865	-0.0564639688	0.0161038291	-0.0422805712	-0.0355849738	0.0113924785	0.0077488216	-0.0021296256	-0.0010012578	0.0427593847	-0.0551534875	0.0061243763	0.0111452804	0.0175867986	-0.0464136769	0.062199709	0.0287022808	0.0012691638	0.0108923153	-0.05132992	0.0227012435	0.0203145331	0.0798393799	0.0158241585	0.0135835038	0.0640726358	-0.0115090804	-0.0461301939	0.0314666103	-0.0256713318	-0.0696782602	0.0167393	0.0287005518	0.0180463328	0.0144542283	0.015509566	0.0297995627	-0.0393671216	-0.0002757086	0.0405724387	0.0128495162	0.0028400536	0.0106914837	-0.026218246	-0.0326389529	0.0294771301	0.0082750495	0.0406154364	-0.0704773354	-0.0382947468	0.043547708	-0.0077239637	0.0437509758	-0.0305513119	-0.0584472913	-0.0265002643	-0.0037714975	0.037838638	0.0025656575	0.0356238675	-0.0209444888	0.0158309983	-0.037352349	0.0394305479	-0.0361566469	-0.0265408171	0.017698685	0.0388486182	-0.0102306477	-0.0221869375	0.0209003277	-0.0369009688	0.0599952247	0.0043445706	0.0446568795	0.0084674593	0.0143757634	-0.0157275888	0.0015682939	-0.013061873	0.0041515021	0.0351846577	0.0336398821	-0.0120714511	0.001120066	0.0125153683	-0.0081613162	0.0399672409	-0.016211725	-0.028941203	-0.03541376	-0.0356305259	-0.0502332475	0.0271674531	0.0148056382	0.0132576756	0.0572091847	-0.011941176	0.0470509453	0.029892974	-0.003865774	0.0110792318	-0.0057473857	-0.0236822147	-0.0406504807	0.0368318879	-0.0294546618	-0.0225186557	0.0014311548	0.0609724622	-0.0588333433	-0.0409004975	0.000742774	0.0264219182	0.0452555533	-0.0258978257	0.0025197093	0.0782313956	0.0033787637	-0.0156056985	0.0517246562	0.0262577365	-0.0379132682	-0.0047010783	-0.0824913807	-0.0233052435	0.0121551418	0.0369130972	0.0057386525	0.0129116241	0.013880728	-0.0127117778	-0.015996799	0.054822256	0.0158252034	0.0270419381	-0.0020404309	-0.0020127263	0.0387531143	-0.0319088699	0.0350729636	0.0240792289	0.0468435099	-0.0023585371	0.0642592295	-0.0363117082	-0.0378600077	0.0292394385	-0.0361033335	0.0484567619	-0.0137775469	0.0190710998	-0.007369551	-0.0241216479	-0.0014437739	-0.0500599294	-0.0115551527	0.0197260321	0.0094626829	0.0182945224	0.0040401854	-0.0346471263	0.0053027341	0.0273764399	0.0219068748	0.0165270596	0.0402786001	-0.061663963	0.0652909571	-0.0077523078	0.0208134186	0.0238169838	0.0097237838	-0.0245896605	-0.0059250348	-0.0207942136	-0.0182186612	-0.019344086	-0.0432987731	0.0339753543	0.0062912524	0.0144468132	-0.0404462362	-0.0383110855	0.0178417553	0.0488381591	0.0109739574	-0.0423632548	-0.0359693177	0.0211404744	0.0484427166	0.0074419176	-0.0440518025	-0.0334335625	0.02432518	0.0477860158	0.0038697424	-0.0455027728	-0.0307174953	0.0273786964	0.0468715983	0.0002766972	-0.0467083402	-0.0278357645	0.0302845558	0.0457043959	-0.0811985999999999	-0.0025734999999998	6.622902249999461e-06	0.0065932126419599	-2.03444	0.0175899999999997	4.1389461136	0.0003094080999999	-0.107022	0.0003269999999999	1.0692899999999605e-07	0.011453708484	-0.0210583	-0.0004616999999999	0.0004434519988899	2.13166889999999e-07	0.00407514	0.0002670999999999	1.66067660196e-05	7.134240999999985e-08	-9.12376e-05	0.0001105154	8.324299653759998e-09	1.221365363716e-08	0.0	0.0	0.0	0.0	0.0	0.0	0.0	0.0	0.0	0.0	0.0	0.0	0.0	0.0	0.0	0.0	0.0	0.0	0.0	0.0	0.0	0.0	0.0	0.0	0.0	0.0	0.0	0.0	0.0	0.0	0.0	0.0	0.0	0.0	0.0	0.0	0.0	0.0	0.0	0.0	0.0	0.0	0.0	0.0	0.0	0.0	0.0	0.0	0.0	0.0	0.0	0.0	0.0	0.0	0.0	0.0	0.0	0.0	0.0	0.0	0.0	0.0	0.0	0.0	0.0	0.0	0.0	0.0	0.0	0.0	0.0	0.0	0.0	0.0	0.0	0.0	0.0	0.0	0.0	0.0	0.0	0.0	0.0	0.0	0.0	0.0	0.0	0.0	0.0	0.0	0.0	0.0	0.0	0.0	0.0	0.0	0.0	0.0	0.0	0.0	0.0	0.0	0.0	0.0	0.0	0.0
54348.4970721155	-4.731713680324901	2953759133.997747	22.389114352573824	65874.28234863281	-485.1130185546936	4339421074.947396	235334.6407712465	54816.4929166163	-109.931806848399	3004847895.677445	12085.002156953704	54956.7051989177	55301.88816235035	0.967242	22.158413	0.1337339049999998	0.0612367	0.0036348567	0.0015053327	-0.0003414272	0.0031661219	0.0553519527	-0.0150889668	-0.0710145433	-0.0217361942	0.0301708326	-0.0573361079	-0.0323629498	0.0408413825	0.0109688092	-0.0039325079	0.0120917598	-0.0009516618	-0.0321420106	0.0297793419	0.0053886616	-0.0183197831	-0.0201523113	-0.0271390698	-0.0422866486	0.0043055188	0.0090502695	0.0202100801	-0.0363856286	0.0085458947	-0.0002568931	-0.0869305674	-0.0362978739	0.0206241511	-0.0556525839	0.0105410287	-0.0205611324	0.0141133289	0.0270756435	-0.026169421	0.0067125001	-0.0016305028	-0.0060486656	-0.0427623079	-0.0327902154	-0.0024762911	0.0322197756	0.0078565068	-0.0261130129	-0.0086632298	-0.0726749355	-0.0037380248	0.0349166334	-0.0488893616	-0.0317484492	-0.0170591892	0.0243374128	-0.0217572791	0.015547573	0.0522013608	0.0008598361	0.0293277876	-0.0646743383	0.0139212711	-0.0765121091	-0.0154102186	-0.0140208537	-0.002977143	0.0277829012	-0.0222130284	0.0036041364	0.0493929125	-0.0108755543	0.0170424508	0.0090855867	-0.0883913998	0.0002655922	-0.0510187012	0.0137443636	-0.0005009652	0.0230797258	0.00786069	-0.022697481	-0.0510835198	0.0094036174	-0.0179066616	-0.0392878494	0.0005472529	0.0388095361	-0.0160361154	-0.0047555313	-0.0272765158	-0.0818958314	-0.0049770856	0.0836636737	-0.0636424145	0.0605706478	0.0216984354	-0.0257459765	-0.0262995333	-0.01562554	0.0020525525	-0.0353524466	-0.0284755004	-0.0325969201	-0.050481253	-0.038341291	-0.0161517982	0.0582035846	0.0137985642	0.0246197908	-0.0215790271	-0.0509701015	-0.0784044239	0.0313310599	-0.0069661048	0.0183776643	0.0202425826	0.0271730407	0.0433215219	0.0028933056	-0.002859512	-0.0224265738	0.031258778	0.0142100907	0.0125036679	-0.0910595042	-0.0242043677	0.0071273668	-0.049789746	0.0130657946	-0.0235516479	0.0107290028	-0.0245903395	-0.0320228267	0.0094905918	0.0043498155	0.0037481705	0.040472159	-0.0193762466	-0.034599135	-0.0317731098	0.0007984944	0.0133093779	-0.0014768616	0.0732426914	0.0077430285	0.0002872387	0.0736178155	-0.0006031945	-0.0198935123	-0.0164051712	0.0279821879	-0.0004851745	-0.0064947743	0.0158963785	0.0173925334	0.0763474919	0.0468540428	0.0746667572	0.0044739328	-0.0043784062	-0.0076656133	-0.0311034052	0.0128860692	-0.0080014667	0.0395803494	-0.0225900353	-0.0314658475	0.0277366016	-0.083932611	0.0017226166	-0.0334906132	0.0045270014	0.0062527924	0.0240027921	0.0341988558	-0.0310114263	-0.008453905	0.0223150394	-0.0228233207	-0.0230650886	-0.0066096655	0.0209589573	-0.0023616291	-0.0493649259	-0.023490352	-0.016613633	-0.0806809731	0.0038771398	-0.1081353609	-0.0590393844	0.0241581795	-0.0208259538	0.0117240316	-0.024738219	0.0431321615	0.0013232762	0.0045093856	0.0578345065	0.0223554027	-0.0480935484	-0.0133700766	0.0507448334	0.0216483457	0.0052752684	0.008192454	-0.0554659403	0.0040788121	0.0057009421	0.0108953998	0.0066324674	0.0198428779	-0.0239848281	-0.0592266904	0.0205233442	0.0039534553	0.0230572708	0.0455891708	-0.0256715742	0.0367330925	0.03879523	0.0033887487	-0.0084611485	0.0191912861	-0.0175669905	-0.0269046895	-0.0220199345	0.0213516691	-0.0114516491	-0.0218260244	0.0119783981	0.0198483971	-0.0116951243	0.0142704553	-0.040653077	-0.0379639583	0.0185268512	0.0487618127	0.0098926005	-0.0429961886	-0.0349517203	0.022625561	0.0481383925	0.0054305477	-0.0449733504	-0.0316420006	0.0265316999	0.047105256	0.0009222743	-0.0465677344	-0.0280629691	0.0302120217	0.0456711967	-0.0035938487	-0.0477657704	-0.0242450877	0.0336352026	0.0438484199	-0.0586111	0.0225874999999999	0.0005101951562499	0.00343526104321	-2.0675	-0.0330599999999998	4.27455625	0.0010929635999999	-0.0652061	0.0418159	0.00174856949281	0.00425183547721	-0.0203986	0.0006596999999999	0.00041610288196	4.3520408999999893e-07	0.00400943	-6.571000000000007e-05	1.6075528924899997e-05	4.3178041000000105e-09	-9.12377e-05	-1.0000000000699551e-10	8.32431790129e-09	1.0000000001399106e-20	0.0	0.0	0.0	0.0	0.0	0.0	0.0	0.0	0.0	0.0	0.0	0.0	0.0	0.0	0.0	0.0	0.0	0.0	0.0	0.0	0.0	0.0	0.0	0.0	0.0	0.0	0.0	0.0	0.0	0.0	0.0	0.0	0.0	0.0	0.0	0.0	0.0	0.0	0.0	0.0	0.0	0.0	0.0	0.0	0.0	0.0	0.0	0.0	0.0	0.0	0.0	0.0	0.0	0.0	0.0	0.0	0.0	0.0	0.0	0.0	0.0	0.0	0.0	0.0	0.0	0.0	0.0	0.0	0.0	0.0	0.0	0.0	0.0	0.0	0.0	0.0	0.0	0.0	0.0	0.0	0.0	0.0	0.0	0.0	0.0	0.0	0.0	0.0	0.0	0.0	0.0	0.0	0.0	0.0	0.0	0.0	0.0	0.0	0.0	0.0	0.0	0.0	0.0	0.0	0.0	0.0
54383.32323881379	34.8261666982944	2957545846.497304	1212.86188689739	66307.67416015625	433.391811523441	4396707652.529453	187828.4622955698	54883.98994726185	67.4970306455507	3012252352.53114	4555.849145966409	55030.81795239653	55139.3379711597	0.981512	22.485321	0.205097555	0.108485	0.0052762521	0.0111575317	0.0050947006	0.0023458575	0.084613083	0.0027459468	-0.0679456489	0.0278563083	0.0629953908	0.0181295228	-0.0246205073	0.0496564332	0.0523410033	0.0032760916	0.0274106665	-0.0253184587	0.013837514	0.0052940185	0.0339511129	-0.0218350202	0.0604734522	-0.0027046863	-0.000935151	0.0303419804	0.0268673271	0.0123829922	0.0206986111	0.0722303472	0.0427242183	0.0026953463	0.0027906378	-0.0026421498	-0.0067141257	-0.0203212624	0.0212814496	-0.021538631	0.0123302888	-0.0396031853	-0.0420702577	0.0618301449	0.0151464374	0.0175527685	-0.0590236843	-4.8553e-06	0.0117226971	0.036425664	-0.0455857154	0.0190887346	-0.0381128124	0.0111631746	0.0516433106	0.0664029373	0.0130984897	0.0033197559	-0.0171197886	0.0230669782	-0.0303584823	-0.0026032349	0.0185354596	-0.0545404419	-0.0252116451	0.0723441676	0.0295413743	-0.0088778285	0.0225019311	-0.0181960647	-0.04427039	0.0464503448	0.0074191417	-0.0075953422	-0.0249618939	0.0390768895	-0.0324784798	0.0177348172	0.0005309627	-0.0101419034	0.0493057811	0.0322501087	-0.0590360283	0.0637334485	0.0342336084	0.0342934072	-0.0020102301	0.0007835317	0.0443010602	-0.0532611149	-0.0782042383	-0.0061292193	-0.0002627132	0.0068824087	-0.0172868878	0.0183624954	0.0244120467	0.0176650192	0.0338598097	-0.0122274267	0.0203081207	-0.0025848027	-0.0159049965	-0.0099205714	-0.0120400217	-0.0147989589	0.0358411552	0.0128736133	0.0289993435	0.0249796038	0.0792026069	0.0227973482	0.0389636229	0.0266333592	0.0274142371	0.0656346246	0.005548596	-0.0376457446	0.0257066521	-0.058018013	-0.000880023	0.0078676008	0.0417194042	-0.0126248762	-0.0129159984	-0.024922833	0.063576958	0.0475226383	0.0153861792	0.0054039188	-0.0034591283	-0.0026361302	-0.0169054468	0.0181174219	-0.0228927439	-0.0072536853	-0.0392252272	-0.03709658	-0.0632921477	-0.0210209188	-0.014518935	-0.0124585522	-0.0558171741	-0.0177614949	-0.0208962059	0.050441218	-0.0042764637	0.0460154731	-0.0146466929	-0.0757146267	-0.034638759	0.0371327214	-0.0066283636	0.0159163918	-0.0116288328	0.0057905151	0.0213612128	0.0154508715	0.0444852527	0.0099569823	-0.0721825747	0.0039849392	0.0411185093	0.0392187606	0.0175736589	0.0586618509	-0.0258963445	-0.0043160387	0.010866959	0.0324829701	-0.0271743275	-0.0419624785	0.0096419163	0.004951989	-0.0044641285	0.0415450103	-0.0164048307	-0.1049117241	0.0139839345	0.0225247608	0.0023427863	-0.0029956824	0.0192618588	0.0462906505	-0.0355349137	-0.0713848274	0.0211980455	0.031877981	0.0145875196	-0.0178092053	-0.0043915986	0.029741233	-0.0129427412	-0.0317735058	0.0083669468	0.0288836146	-0.0135068983	-0.0022881926	0.0319285811	0.0174903705	0.0150191294	0.001180575	-0.0234026336	0.0408747067	-0.0141661575	0.0548996636	0.0452335207	0.0398262329	-0.0599794393	0.0292541135	0.0148063102	-0.025571851	0.0231673411	0.0074302153	0.0282906556	0.0036582536	-0.0428198887	-0.0091869049	0.0510444443	0.0238904593	0.0383716272	0.0129867258	-0.0338736027	0.068130321	0.0199657866	0.019410875	0.0361465532	-0.0224211748	-0.0002077248	0.023277663	-0.0360150326	0.0009112568	0.0116598424	-0.0682923914	0.0134064342	0.0403778271	0.0140938949	-0.0408576104	-0.037611983	0.0192077409	0.0486681691	0.0088061905	-0.0435992294	-0.0339023846	0.0240846454	0.0477657704	0.0034098553	-0.0458030203	-0.0297745756	0.0286644484	0.0462741461	-0.0020285429	-0.0474417976	-0.0252794756	0.0328906545	0.0442116967	-0.0074419176	-0.0484953459	-0.0204725349	0.0367111306	0.0416038638	-0.0793072999999999	-0.0206961999999999	0.0004283326944399	0.0062896478332899	-2.03341	0.0340899999999999	4.1347562281	0.0011621280999999	-0.0989596	-0.0337534999999999	0.0011392987622499	0.0097930024321599	-0.0224057	-0.0020071	0.00050201539249	4.028450410000005e-06	0.00374546	-0.0002639699999999	1.40284706116e-05	6.968016089999982e-08	-3.11506e-05	6.00871e-05	9.7035988036e-10	3.61045958641e-09	0.0	0.0	0.0	0.0	0.0	0.0	0.0	0.0	0.0	0.0	0.0	0.0	0.0	0.0	0.0	0.0	0.0	0.0	0.0	0.0	0.0	0.0	0.0	0.0	0.0	0.0	0.0	0.0	0.0	0.0	0.0	0.0	0.0	0.0	0.0	0.0	0.0	0.0	0.0	0.0	0.0	0.0	0.0	0.0	0.0	0.0	0.0	0.0	0.0	0.0	0.0	0.0	0.0	0.0	0.0	0.0	0.0	0.0	0.0	0.0	0.0	0.0	0.0	0.0	0.0	0.0	0.0	0.0	0.0	0.0	0.0	0.0	0.0	0.0	0.0	0.0	0.0	0.0	0.0	0.0	0.0	0.0	0.0	0.0	0.0	0.0	0.0	0.0	0.0	0.0	0.0	0.0	0.0	0.0	0.0	0.0	0.0	0.0	0.0	0.0	0.0	0.0	0.0	0.0	0.0	0.0
54308.75386190382	-74.56937690997438	2949440746.0328526	5560.59197274182	66189.22413916016	-118.450020996097	4381013392.143982	14030.407473975822	54829.184511756524	-54.80543550532457	3006239474.2242417	3003.635760928291	54977.56963977759	55457.366469663146	1.093061	25.040791	0.274132595	0.167346	0.0036640598	-0.0051304191	-0.0093841441	0.0028072607	0.0534262695	-0.0194175615	-0.0736942084	-0.0177813611	0.0471505825	-0.0537002852	-0.0055623972	-0.0143667783	-0.00133932	0.0048118772	-0.0110072718	0.0044875338	-0.0718193989	0.0217185561	-0.0065460862	-0.0316446678	-0.0365032171	-0.0132793794	0.0024245886	0.0176890849	0.0652795797	0.0483568715	-0.0417284088	0.0519997362	0.0298357808	0.0022093481	-0.0146720293	0.0197998072	-0.0226629718	0.0780057847	0.0182059561	0.0112669494	0.0164684331	0.0199869237	-0.0093552823	-0.0139837697	-0.0137793363	0.0044305412	-0.0030709495	0.0763960221	0.0538360902	-0.0149222476	-0.0631662386	-0.0399280737	0.0395791831	-0.0992642125	0.0123138118	-0.0340823308	-0.0190232214	-0.0585083624	0.0107750764	-7.6289e-05	0.0578285078	0.0119822442	0.0370774804	0.0441710666	-0.0288992853	-0.0181404751	-0.0018356399	-0.005728039	-0.0116061993	0.0024820382	0.0345428158	0.0254822649	-0.0321206344	-0.0096070969	-0.0203908786	0.0047039785	-0.0542346471	-0.0318677006	-0.0335962458	0.0206581873	-0.0142737785	0.0188636552	0.0214514741	0.0255858783	-0.0476947919	0.0673043265	-0.0128648081	-0.0281470934	-0.0337514361	0.034529317	-0.0169598669	-0.0585442935	-0.0454928516	0.0055790591	0.0016207833	0.0283536382	0.0201172111	0.0290440374	0.0344233442	-0.0200867328	0.0039365591	-0.042237256	-0.0036712962	-0.05434372	0.016306032	-0.0149013581	-0.012538389	-0.0005976668	0.0289963008	0.0029982268	0.0436426832	0.0178968664	0.0351288853	0.0051972289	-0.0709357509	-0.051272868	0.0228192147	0.0034546909	0.031250159	0.0366696121	0.012783093	0.0045119837	0.0387287736	-0.051186884	-0.049967995	0.0394461659	0.0474602603	0.038504135	0.0021855376	-0.0124932624	0.0139453509	-0.0237687551	0.0782498909	0.0109899498	0.0167234638	-0.0215369725	0.0231075163	-0.0186451771	0.023765773	0.0194819363	-0.0058076855	0.0651164139	-0.0109213191	-0.0521700993	0.0390366105	0.0503353421	0.0359620993	-0.0141719236	0.0982247741	0.0006668314	0.034404393	-0.0427242982	-0.0652730348	-0.0180798666	0.0004853803	0.0045813739	-0.0506930449	0.0303702622	-0.0263966626	0.050073462	0.0305042977	-0.0140156075	0.001836241	-0.0093822038	-0.0033376126	-0.0289829056	-0.0258648219	0.030566477	0.0016706251	0.0385834354	0.002399103	-0.0500075221	-0.0468700955	-0.028619639	0.0327157358	-0.0070297969	-0.0150702663	0.0083028142	0.0383316444	0.0224357975	0.0777043055	-0.0146360806	-0.0262141705	-0.0245136365	0.0345482073	-0.0346950446	0.0557501258	-0.050565577	0.0002563237	-0.0024463047	0.0296732815	0.0312141347	-0.0061757673	-0.0219178201	-0.0006395196	0.0253689404	0.006645813	-0.0454822014	-0.0002431891	0.0629847319	0.0105059207	0.0010635746	0.0078679532	0.0138354005	0.0076342723	0.0344169781	0.0052532767	0.0288319655	-0.0156449723	-0.0833550339	0.0302650772	0.0067152197	-0.0002008991	0.0042407811	0.0080718191	-0.0427649144	-0.0482682832	-0.0115822678	0.0134830935	0.0432778638	0.0163987679	-0.0273817862	0.0645276756	0.0433685557	0.0061190553	0.0023255841	0.0174810774	0.0159015436	-0.0237140464	-0.0301250242	0.0699768636	-0.0163931153	-0.0237837178	0.0792310867	0.0439584286	-0.0124143874	0.0139171345	-0.0410598248	-0.0372552045	0.0198842699	0.0485572616	0.0077152822	-0.044171958	-0.0328222635	0.0255160508	0.0473253789	0.0013833093	-0.0465391172	-0.0278357645	0.0307174953	0.0452953387	-0.0049719936	-0.0481213794	-0.0223798066	0.0354008796	0.0425013783	-0.0112434423	-0.0488920593	-0.0165464061	0.0394872168	0.0389906186	-0.0677593	0.0115479999999999	0.0001333563039999	0.0045913227364899	-2.09225	-0.05884	4.3775100625	0.0034621456	-0.0571198	0.0418397999999999	0.0017505688640399	0.0032626715520399	-0.0192609	0.0031447999999999	0.00037098226881	9.88976704e-06	0.00374546	0.0	1.40284706116e-05	0.0	6.21453e-05	9.32959e-05	3.8620383120900014e-09	8.70412495681e-09	0.0	0.0	0.0	0.0	0.0	0.0	0.0	0.0	0.0	0.0	0.0	0.0	0.0	0.0	0.0	0.0	0.0	0.0	0.0	0.0	0.0	0.0	0.0	0.0	0.0	0.0	0.0	0.0	0.0	0.0	0.0	0.0	0.0	0.0	0.0	0.0	0.0	0.0	0.0	0.0	0.0	0.0	0.0	0.0	0.0	0.0	0.0	0.0	0.0	0.0	0.0	0.0	0.0	0.0	0.0	0.0	0.0	0.0	0.0	0.0	0.0	0.0	0.0	0.0	0.0	0.0	0.0	0.0	0.0	0.0	0.0	0.0	0.0	0.0	0.0	0.0	0.0	0.0	0.0	0.0	0.0	0.0	0.0	0.0	0.0	0.0	0.0	0.0	0.0	0.0	0.0	0.0	0.0	0.0	0.0	0.0	0.0	0.0	0.0	0.0	0.0	0.0	0.0	0.0	0.0	0.0
54339.95818523849	31.20432333467033	2952831055.5734677	973.7097947746516	66051.14755908203	-138.0765800781228	4362754093.871629	19065.141966070256	54870.84705746797	41.66254571144236	3010809856.804041	1735.7677151580244	55011.054499806734	55198.27023434329	0.9484260000000002	21.727369	0.1924545649999998	0.102728	0.0046155263	0.0074222977	-0.0002529967	0.0019777008	0.0684972557	-0.0111755657	-0.0594555719	-0.0048989976	0.0148224478	0.0058543134	0.0140531393	0.048805527	-0.0017084807	0.0172154479	0.0069622975	-0.0056261333	0.0155947648	0.0090885504	0.0150155947	-0.0082248958	0.0456809422	0.0023124991	-0.022884006	0.0184491184	0.0496093934	0.021563828	-0.0013069975	0.019757295	0.0351422975	-0.0436467556	0.0414543302	0.0016691728	-0.0132368019	0.0503021902	-0.014343164	-0.0286097274	0.023154766	-0.0906385268	-0.0619418997	0.0445082592	0.0514831262	-0.0249437196	-0.0118972079	-0.072654963	-0.0177913953	-0.0057979018	0.0085412205	-0.0183588563	0.0461383513	-0.0852436326	-0.0064641547	0.0514463137	0.0125457813	0.0266279783	0.0287455698	0.0757762805	0.0086189313	0.0091727435	-0.0558079418	-0.028542589	0.0373285176	0.000552426	0.0278483163	0.0042492649	-0.0706023176	-0.0257404611	-0.0516369257	0.023705425	-0.0463759676	-0.01920048	-0.0736442443	0.0641585684	0.0183962125	-0.001116577	-0.0457543668	0.0080051357	0.0239901887	0.0036823262	-0.0269684931	-0.0202554831	0.0153347066	-0.0475403031	0.0229610759	0.037189674	0.0303426392	-0.0056802845	0.0045394346	-0.0273052731	0.0174033699	0.0459744302	-0.0678697223	-0.0357043253	0.0285728409	0.0065723852	-0.0239665249	-0.0657273787	0.0429674121	-0.0191692303	0.0481251487	-0.005221035	-0.0098953962	0.0404740991	-0.005823334	0.037426115	0.0438535017	-0.0125757787	0.0012129065	0.007194086	0.0240177536	0.0485364878	0.037955543	0.0395818979	0.0096209899	-0.0190326184	0.0099779447	-0.0444836524	-0.0041086182	0.0344539252	0.0387709942	-0.0366490287	-0.0216108404	-0.0020364883	0.0170663498	0.0404310876	-0.0325550291	0.0509697402	0.0079190298	-0.0050639676	0.0478687923	-0.0221706942	-0.0271328269	-0.0157139872	-0.0853139504	-0.0568775061	-0.0563554278	-0.0612179437	0.0243903021	-0.0403876188	-0.0077718956	0.0131367406	-0.0327085196	-0.0064110615	0.0086007509	-0.0658349218	0.0896124791	-0.0176361195	-0.0301715368	0.0372017748	0.0470846186	-0.0308253072	-0.0445610399	-0.0629334414	-0.0220170086	-0.0325480578	0.0176699543	-0.030586626	-0.0260262762	-0.014720897	0.025948429	-0.0747554439	0.0232141686	0.0501441767	-3.84966e-05	0.0477905285	-0.0055782438	0.0544126109	-0.084487965	0.0138075707	-0.0013984506	-0.0537102978	0.004948924	0.0325782158	7.88611e-05	-0.0041981078	-0.0251527674	-0.0374166807	-0.0417757516	0.0145693005	0.047435634	0.0187558992	-0.0114186675	0.0268145376	0.0362186631	0.0137582109	-0.0188926534	-0.0615874138	-0.0498562276	0.0213789792	-0.0149886108	0.0275313821	-0.0228342168	0.0584091856	0.0259590644	0.0036333747	-0.0268362504	0.0148107954	-0.0030515242	-0.0229785426	0.025676007	0.0438159307	0.0385783001	0.0011915245	-0.0038243161	0.0080476847	-0.0667738708	0.0294849751	-0.0017119715	0.0417451543	0.0081280423	0.0069318458	0.0115674565	0.0057104551	-0.0243025914	0.0099350945	0.0221706267	0.0693529782	0.0026404068	0.0124900211	-0.0384602512	0.0422905999	-0.0145538804	0.0042569206	0.0243165847	0.0095014568	0.0132517823	-0.0274575022	0.0049917067	-0.0239853621	-0.015850302	-0.0092999671	0.0152596017	0.0193204851	0.0137401766	-0.0412597087	-0.0368936684	0.0205562846	0.0484291295	0.006620433	-0.0447139763	-0.0317123377	0.026918132	0.046817843	-0.0006456115	-0.0471801374	-0.0258302158	0.0326851323	0.044171958	-0.007897389	-0.0486036939	-0.019377288	0.0377298441	0.0405499443	-0.014974647	-0.0489531875	-0.0124961534	0.0419407874	0.0360318425	-0.0746304	-0.0068711	4.721201521000007e-05	0.00556969660416	-2.00752	0.0847299999999999	4.0301365504	0.0071791728999999	-0.0823307999999999	-0.0252109999999999	0.0006355945209999	0.0067783606286399	-0.0203432	-0.0010822999999999	0.0004138457862399	1.1713732899999954e-06	0.00374546	0.0	1.40284706116e-05	0.0	-0.000368404	-0.0004305493	1.35721507216e-07	1.8537269973049e-07	0.0	0.0	0.0	0.0	0.0	0.0	0.0	0.0	0.0	0.0	0.0	0.0	0.0	0.0	0.0	0.0	0.0	0.0	0.0	0.0	0.0	0.0	0.0	0.0	0.0	0.0	0.0	0.0	0.0	0.0	0.0	0.0	0.0	0.0	0.0	0.0	0.0	0.0	0.0	0.0	0.0	0.0	0.0	0.0	0.0	0.0	0.0	0.0	0.0	0.0	0.0	0.0	0.0	0.0	0.0	0.0	0.0	0.0	0.0	0.0	0.0	0.0	0.0	0.0	0.0	0.0	0.0	0.0	0.0	0.0	0.0	0.0	0.0	0.0	0.0	0.0	0.0	0.0	0.0	0.0	0.0	0.0	0.0	0.0	0.0	0.0	0.0	0.0	0.0	0.0	0.0	0.0	0.0	0.0	0.0	0.0	0.0	0.0	0.0	0.0	0.0	0.0	0.0	0.0	0.0	0.0
54283.07666702179	-56.88151821669453	2946652412.4377656	3235.5071146361515	66373.34510205078	322.19754296874453	4405420940.035928	103811.25669509596	54838.00100489603	-32.846052571934706	3007206354.2129784	1078.8631695582983	54982.79183144029	55275.05091600294	0.955147	21.881342	0.2031182499999999	0.106768	0.004855408	-0.0062620179	-0.0100125438	0.0020144016	0.0487714497	-0.0125855145	-0.0713221705	-0.0348393028	0.0316027782	-0.038770416	-0.0231251057	0.0011843608	0.0135858377	0.0101372791	0.0284689534	0.0317788564	-0.0085360276	0.0112380607	-0.0101218666	-0.0015775225	-0.0143452178	-0.0257208113	-0.0045945688	0.0291926172	0.0385755194	0.0293196976	-0.0339859368	0.0542191159	-0.0199218692	0.0273441122	-0.0006578723	-0.0030256651	0.0027497448	0.0031859929	0.020030151	-0.0707654725	-0.0017091963	-0.0120869088	-0.0017915359	0.017717294	-0.0313307277	0.0463560265	-0.0514691829	0.0591562423	-0.0181627143	-0.0130151334	-0.0710755944	-0.007923862	0.0201937448	-0.0182055973	0.0181422191	-0.0514272894	0.0034527942	0.0330272643	0.016732714	-0.0054657245	0.0576726758	0.064767877	0.0214772541	0.0573866089	0.0105493343	0.0178767347	0.0239621116	0.0224519732	0.0454819477	0.0235982525	0.0515114114	-0.0069091932	0.0012400445	-0.0256637783	-0.0356712824	0.0232062434	-0.0027414595	-2.22826e-05	0.0263813644	-0.0434532204	0.0093783097	0.0034242121	0.0268458151	-0.0029972555	-0.0587573648	-0.0061063983	0.020071735	-0.042969083	-0.0060823964	-0.0061089514	-0.0610845493	0.0025297895	0.0307257476	-0.0151746896	6.54635e-05	0.0285833602	0.0259920304	-0.0550898337	0.0325138414	0.0659362785	0.062258055	0.003083416	-0.0463915199	-0.0195347161	0.0299166557	0.0050117954	0.0478250826	0.0570112227	0.008089421	0.001309843	-0.0195380083	-0.0532700031	0.0167743319	-0.0197128385	-0.0754551947	0.0314055522	0.0119065858	0.0087478742	0.0015435234	0.0140674493	0.0265803523	0.0105506281	0.0387057893	-0.0201971577	-0.029946348	0.0353979128	0.0549975353	-0.0110978763	0.0264077676	-0.005246741	0.0035366112	0.0007229058	0.0076908933	0.0195735977	-0.068357467	-0.0027519892	-0.0077324561	-0.0150278078	-0.0081508222	0.0362365581	-0.0523500997	0.0558703719	-0.0580394295	0.012589953	0.0213453461	0.0648236608	0.0366000195	-0.0103065068	0.01722802	0.0082351115	0.0599342579	-0.024001938	0.041358607	-0.0166653623	0.0459053229	-0.0261282498	-0.0228775351	0.0471904617	-0.0585387815	0.0297032869	-0.0159616354	-0.0149960938	0.0016990583	0.0332017456	-0.0187859369	-0.0551857004	-0.0039888187	-0.0148243362	-0.0054345436	0.0524551848	-0.027165624	0.0023633174	-0.0053802389	0.0283885161	-0.0405635368	-0.0121861108	0.0056566118	0.0241379737	0.0284532679	-0.0270411763	0.0327039585	0.0095855982	-0.0307167476	0.0126424977	0.0218707939	-0.0681190835	-0.0154870483	0.0372340404	-0.0178542109	0.0138570364	-0.0095542444	-0.0270429663	-0.0523323694	-0.027306298	0.0972580184	0.0184340301	-0.0169594571	0.0096670342	0.0172123386	0.0222592038	-0.0092745383	-0.0442819667	-0.045696545	0.0298390564	0.0163632569	-0.0407251295	0.0495058657	-0.0244798596	-0.019081053	0.0290680965	0.0638978305	0.0443570551	-0.0084455445	0.0088074012	0.0039760193	-0.0235091851	-0.0270818405	-0.0023158823	0.0277719715	0.0381033097	0.051145361	-0.0329242771	0.0209061271	0.020487144	-0.0004006186	-0.0049865359	0.0153947503	-0.0025171157	-0.0085030311	-0.0423727168	0.0612968538	-0.0427257886	-0.0261628938	0.0606868246	0.040648743	-0.007618042	0.0135630238	-0.0414572508	-0.0365274207	0.0212236325	0.0482838183	0.005522202	-0.0452249073	-0.0305736153	0.0282892778	0.0462438827	-0.0026734239	-0.0477247713	-0.0237627379	0.0345618882	0.0429075896	-0.0107941057	-0.0488867639	-0.0162857183	0.039865623	0.0383684655	-0.0186121956	-0.048678311	-0.0083521601	0.0440518025	0.032753756	-0.0626525	0.0119779	0.00014347008841	0.00392533575625	-2.07951	-0.07199	4.3243618401	0.0051825601	-0.0503046	0.0320261999999999	0.0010256774864399	0.0025305527811599	-0.0187645	0.0015786999999999	0.00035210646025	2.492293689999996e-06	0.00374545	-9.999999999940612e-09	1.40283957025e-05	9.999999999881223e-17	-0.000204631	0.000163773	4.187384616100001e-08	2.6821595529e-08	0.0	0.0	0.0	0.0	0.0	0.0	0.0	0.0	0.0	0.0	0.0	0.0	0.0	0.0	0.0	0.0	0.0	0.0	0.0	0.0	0.0	0.0	0.0	0.0	0.0	0.0	0.0	0.0	0.0	0.0	0.0	0.0	0.0	0.0	0.0	0.0	0.0	0.0	0.0	0.0	0.0	0.0	0.0	0.0	0.0	0.0	0.0	0.0	0.0	0.0	0.0	0.0	0.0	0.0	0.0	0.0	0.0	0.0	0.0	0.0	0.0	0.0	0.0	0.0	0.0	0.0	0.0	0.0	0.0	0.0	0.0	0.0	0.0	0.0	0.0	0.0	0.0	0.0	0.0	0.0	0.0	0.0	0.0	0.0	0.0	0.0	0.0	0.0	0.0	0.0	0.0	0.0	0.0	0.0	0.0	0.0	0.0	0.0	0.0	0.0	0.0	0.0	0.0	0.0	0.0	0.0
54307.06984620743	23.99317918563611	2949257835.2808523	575.6726474340418	66213.43303808593	-159.9120639648463	4384218714.68909	25571.8682014971	54955.03763071204	117.03662581600656	3020056160.992976	13697.571782395931	55096.39858988464	55126.575613205154	0.9580010000000002	21.946726	0.0639004499999998	0.0340359	0.0028095275	0.0019918727	-0.00277239	0.003916454	0.0514366951	0.0004351907	-0.0607926695	0.0051969229	0.0170437484	0.0019243289	0.0371238373	0.0068598503	-0.0102270908	0.0141418487	-0.018810108	-0.017760467	0.0197280419	-0.0027435123	0.0348144605	-0.0180171582	0.019941493	0.0315338657	0.0227590503	0.0337389824	0.0155831086	-0.0047961699	0.0470936935	-0.0318568398	-0.0090129743	-0.0561014859	-0.0171595969	-0.0065869652	-0.0426536268	-0.0221959778	0.0141329654	-0.0441081904	0.0294397028	-0.0424974631	-0.0286906304	0.0478255953	0.0002700922	0.0240486868	0.008327263	0.0178033103	0.0115955097	-0.0594479255	0.0348467337	0.0425286464	0.0208999614	-0.0050635771	0.0050995475	0.0194839831	0.0155880203	-0.0066776991	0.0139831934	0.0802889448	0.016139518	-0.0149304851	-0.0141407674	0.0281249709	-0.0146900063	-0.0147401363	0.0016360413	-0.0352698221	0.0388779724	0.0274330097	0.0236924164	0.0266463758	0.0475655625	-0.0269256862	-0.0373833952	0.0318660368	0.0091947688	-0.0193850439	0.0574382632	-0.0113403023	0.0223541568	0.0676746453	0.0105859293	0.0026689352	-0.0018904149	0.0051721744	-0.0441580732	-0.0127995082	0.0406359964	-0.0454827216	-0.0277879929	-0.054397961	-0.0098795427	0.0385019616	-0.0294885064	-0.0265144604	-0.0776882428	-0.0584178372	-0.0611002425	-0.0026284071	-0.0469846972	-0.0084750276	-0.0180426354	-0.0475152255	0.0152483123	-0.0122096161	-0.0360404068	0.0174233168	-0.0086502057	0.0395359881	0.0641060218	-0.00714609	-0.0187752895	0.0158581991	-0.0409936804	-0.0770501228	-0.0028136389	-0.0360566373	0.0184484779	-0.0179563882	-0.0350424274	-0.0127059064	0.0443927253	-0.0098767332	0.0047300893	-0.0510560286	-0.02736259	-0.008489613	-0.0626942733	-0.0101577159	-0.011526036	-0.0391532178	-0.0157651889	0.0138912099	-0.0451266779	-0.0269462985	-0.0440442418	-0.0261238498	-0.0519253086	0.0017813333	-0.0202007508	0.0118102839	0.0086155954	0.0013875968	0.0558861635	-0.0119396033	-0.0505779218	-0.0332859519	-0.0046332293	-0.0130760069	-0.0178356132	0.0024919305	0.0098753847	-0.0209427924	-0.05995051	-0.0451500493	-0.0363557589	-0.0089101131	-0.0316244634	0.0206036664	0.0041524997	-0.0081671365	0.0054255497	0.0613465611	-0.0228888356	-0.0026118936	-0.0412447391	-0.0430937269	-0.0113790698	0.0286561047	-0.0363444984	0.0209316776	-0.0111183017	0.0537506821	-0.0115509227	0.0410454748	-0.0506036814	0.0012971734	0.0223704203	0.0118327929	-0.0055961845	-0.0500440476	0.0031987315	0.0577941206	-0.0551487752	-0.0234662787	0.0287186588	-0.013851258	-0.0350520258	-0.0607132807	-0.0070857355	-0.0927655234	0.0270942871	0.0516218217	-0.0110678036	-0.0468125052	-0.0250788863	-0.0455521396	-0.0014020286	0.0405833652	0.0204944228	-0.0242787785	0.0411758939	0.0103253467	-0.0411021282	0.065884638	0.004378082	-0.0149409077	0.007107309	-0.0376689976	-0.0025397668	-0.0677475523	-0.0044867921	0.0048888724	0.0026904598	-0.0151504059	-0.0252750944	-0.0127436663	0.0115171876	0.05954225	-0.0149413986	0.0376348152	-0.0397691041	0.0261446345	-0.02429686	0.0139632733	0.0260818022	0.0170672419	-0.0074392381	-0.0106222006	0.0613566406	-0.017681116	-0.0043531055	0.0489368135	0.055793216	0.01181429	0.0133856785	-0.0416524399	-0.0361565084	0.021886162	0.0481213794	0.0044211503	-0.0457043959	-0.0294071302	0.0296279125	0.0456043123	-0.004696647	-0.0481719062	-0.0216382877	0.0363425447	0.0415062691	-0.0136516244	-0.048969429	-0.0131193052	0.0417972809	0.0359693177	-0.0221333376	-0.0480693164	-0.0041455125	0.0458030203	0.029185409	-0.0736584	-0.0110058999999999	0.0001211298348099	0.00542555989056	-2.07962	-0.0001099999999998	4.324819344399999	1.2099999999963142e-08	-0.0703823	-0.0200776999999999	0.0004031140372899	0.0049536681532899	-0.019347	-0.0005824999999999	0.0003743064089999	3.393062499999996e-07	0.00374545	0.0	1.40283957025e-05	0.0	-0.000132994	7.163700000000002e-05	1.7687404036e-08	5.131859769000003e-09	0.0	0.0	0.0	0.0	0.0	0.0	0.0	0.0	0.0	0.0	0.0	0.0	0.0	0.0	0.0	0.0	0.0	0.0	0.0	0.0	0.0	0.0	0.0	0.0	0.0	0.0	0.0	0.0	0.0	0.0	0.0	0.0	0.0	0.0	0.0	0.0	0.0	0.0	0.0	0.0	0.0	0.0	0.0	0.0	0.0	0.0	0.0	0.0	0.0	0.0	0.0	0.0	0.0	0.0	0.0	0.0	0.0	0.0	0.0	0.0	0.0	0.0	0.0	0.0	0.0	0.0	0.0	0.0	0.0	0.0	0.0	0.0	0.0	0.0	0.0	0.0	0.0	0.0	0.0	0.0	0.0	0.0	0.0	0.0	0.0	0.0	0.0	0.0	0.0	0.0	0.0	0.0	0.0	0.0	0.0	0.0	0.0	0.0	0.0	0.0	0.0	0.0	0.0	0.0	0.0	0.0
54394.09717717708	87.02733096964948	2958717807.7201834	7573.756335700912	66922.71059082031	709.2775527343765	4478649192.822693	503074.6468128663	54946.924160571805	-8.113470140233403	3019164474.7076297	65.82839771645904	55094.48632254995	56396.8121889585	1.188918	27.23678	0.33545519	0.208726	0.0019653544	-0.0276599849	0.0003616756	0.0152149448	0.0302229961	-0.0174153164	-0.0688295375	-0.0270191135	0.0185130277	0.0007126596	0.0213769649	-0.0042672905	-0.036878346	0.0355886524	0.0866198552	-0.0052936024	-0.0241907927	0.0259061654	0.032514723	-0.0213227158	-0.1110217928	0.0058361434	-0.0076276655	0.0195882025	-0.0318906848	0.0249718434	-0.0072140902	-0.044645143	-0.019071323	-0.0472360924	-0.0228184524	-0.0369946213	0.0651431021	0.0186856008	-0.0187168925	-0.0268121233	-0.0385621202	0.0033842701	0.0016973029	-0.0610685232	-0.0044381187	0.0652015122	-0.022212983	0.066969684	-0.0256330231	0.0714001812	0.0692873767	-0.0595705815	0.0684126076	-0.0390622526	-0.0209864156	0.0067676768	0.0329464294	0.0060223022	-0.0433849502	0.0245650292	-0.0318410749	-0.0049178039	-0.0264899413	-0.0110289637	-0.0132836433	-0.0140609455	-0.0128114067	0.0372383445	-7.97939e-05	0.0426526556	-0.0511175915	-0.0239164775	-0.0265898308	0.0518919571	0.0028529798	-0.0585481536	-0.0147034928	-0.0138101123	0.0128114669	0.0282706978	-0.0289731782	0.0298917639	0.0538432641	0.0171610619	-0.0234030051	-0.0368689186	-0.0480266498	-0.0133001013	0.0169274082	-0.0390656902	-0.00716561	-0.0259353674	0.0139526798	0.003121736	-0.03938709	-0.0915830082	0.0278324463	0.0027558738	0.04449382	-0.0268498326	-0.0061294488	0.0052955616	-0.084855253	-0.0241852114	-0.0244585946	0.03499058	-0.0323934897	-0.0070373006	0.0275938174	-0.0084091699	-0.0023034527	-0.0205149312	-0.0178075729	-0.0442315131	-0.0201339686	0.0346513926	0.0259517851	-0.0297064605	0.0166105171	0.1128759531	-0.0058914013	0.0047187116	0.0068386271	0.0392351164	-0.0241145881	0.0079004941	-0.0382991317	-0.0224973125	-0.0490816705	-0.007971419	-0.0396745096	0.0621594929	0.0187670077	-0.0179522511	-0.0263844117	0.0381204072	0.0104696896	-0.01140365	0.0596139608	0.0075323082	-0.0783045615	0.073933519	-0.0239083079	0.0126635378	-0.0470367598	-0.0806298914	0.0479488252	-0.0383896322	0.0359102479	-0.0140422133	-0.0630669559	-0.0486637771	-0.0028746618	0.0363168845	-0.0250819574	-0.0234323413	0.0231763467	-0.020127922	0.022399009	0.0022552476	-0.005421355	0.0017562441	-0.0422352682	-0.0090506353	-0.0484112736	0.0281890985	0.0523183772	0.0306323554	0.0467506348	-0.00772205	0.0548702396	-0.0022644178	-0.0151767859	0.0112283476	0.0277946084	-0.0226457647	-0.0111536228	0.0495994693	0.0524175425	-0.0170640695	-0.0086877989	-0.0409591392	-0.0056355865	0.0216562866	-0.0503525965	0.0064458114	0.0278771999	0.0040675876	0.0040518337	-0.0148555644	-0.1122756836	-0.0048845046	0.0183408397	-0.0357519101	0.0048582663	0.0302811675	-0.0525551284	-0.0360839385	0.0580389233	0.0126185249	-0.0515208696	0.0011621253	0.024678171	0.007916762	0.0111102818	0.0071179612	0.0042496889	0.0045831242	0.0501738715	0.0211450527	0.022943797	0.0016282686	0.0009758356	-0.0055376107	0.0307167125	-0.0640022319	-0.0917994276	0.0041612306	-0.0271322166	-0.0395022699	0.0648697754	0.0295565093	0.0430315414	-0.0512420357	-0.0598415669	-0.0100400332	0.0014724305	-0.0092026621	0.003864076	0.0267577386	0.1059343153	-0.0278571442	0.0148934413	0.1097656667	0.0571526074	0.0105822283	0.0132081433	-0.0418452649	-0.0357809787	0.0225437227	0.0479418706	0.0033178403	-0.0461521087	-0.0282139416	0.0309324975	0.0449000392	-0.0067118073	-0.0485206286	-0.0194619585	0.0380221508	0.0399724692	-0.0164595684	-0.0488513503	-0.0098926005	0.043514927	0.0333661115	-0.0255160508	-0.0471303837	9.22328e-05	0.0471801374	0.025358424	-0.0498627	0.0237956999999999	0.0005662353384899	0.00248628885129	-2.25947	-0.17985	5.105204680899999	0.0323460225	-0.00289381	0.06748849	0.0045546962824801	8.3741363161e-06	-0.0204125	-0.0010655	0.00041667015625	1.135290250000001e-06	0.00393976	0.0001943099999999	1.5521708857599998e-05	3.7756376099999854e-08	-0.000106384	2.660999999999999e-05	1.1317555456e-08	7.080920999999994e-10	0.0	0.0	0.0	0.0	0.0	0.0	0.0	0.0	0.0	0.0	0.0	0.0	0.0	0.0	0.0	0.0	0.0	0.0	0.0	0.0	0.0	0.0	0.0	0.0	0.0	0.0	0.0	0.0	0.0	0.0	0.0	0.0	0.0	0.0	0.0	0.0	0.0	0.0	0.0	0.0	0.0	0.0	0.0	0.0	0.0	0.0	0.0	0.0	0.0	0.0	0.0	0.0	0.0	0.0	0.0	0.0	0.0	0.0	0.0	0.0	0.0	0.0	0.0	0.0	0.0	0.0	0.0	0.0	0.0	0.0	0.0	0.0	0.0	0.0	0.0	0.0	0.0	0.0	0.0	0.0	0.0	0.0	0.0	0.0	0.0	0.0	0.0	0.0	0.0	0.0	0.0	0.0	0.0	0.0	0.0	0.0	0.0	0.0	0.0	0.0	0.0	0.0	0.0	0.0	0.0	0.0
54262.382023314014	-131.7151538630642	2944406102.844072	17348.88175717067	66024.32077832031	-898.3898124999978	4359210934.238539	807104.2552037812	54974.47920507435	27.55504450254375	3022193363.869152	759.2804775371666	55124.3799302004	55241.29495136211	1.285959	29.459871	0.3670439900000001	0.213369	-0.0013156681	0.0051433617	-0.0132031445	0.0023095564	0.0025629152	0.0118794286	-0.006850618	0.0531904697	-0.0342501177	-0.0180044358	-0.0044999249	0.0253878072	-0.0398344336	-0.0177895696	0.0482320965	0.0292080365	-0.0222613051	-0.0522195615	0.0453463791	0.0232119368	0.0328860592	-0.0410710768	-0.0216165956	-0.058532692	-0.0290708624	0.0049147913	0.0349532785	-0.0383007597	0.0065648132	-0.0387784504	0.0146928296	0.0075761898	-0.0373794149	0.0148055851	-0.0293161591	0.038838823	0.0620217865	-0.0073806379	0.0286369278	0.0265644817	-0.0099501423	-0.024603732	0.0196243586	-0.0578815784	-0.0143274168	-0.0732483602	-0.0348286404	-0.0250580663	0.0076499987	0.0062330487	-0.005335126	0.0210672036	0.0223168077	0.0750455983	0.0411012028	0.0369908967	0.0089301298	-0.0064577591	0.0614453836	-0.0279763912	0.0019344446	0.0241232723	-0.0123266603	-0.0685863817	0.0374442118	-0.0267655676	-0.0401404384	0.0075493319	-0.001559548	-0.0416043472	-0.0148944059	-0.0450444275	-0.0069878167	-0.0226108052	-0.0312635751	-0.0222559298	0.0329889811	0.0393175914	0.0345221363	0.063939451	-0.0119325512	0.0396341433	-0.0212895555	0.009951928	-0.0522748935	0.0288390134	0.0521058128	-0.052420456	0.0363521077	-0.0286378566	0.0485066931	0.0094654323	-0.0213277075	0.0240106192	0.0313008303	0.0301871962	0.0009956483	0.0399175791	0.015383705	0.0374206588	-0.0471210928	-0.0156538589	0.0109493795	-0.0049546831	0.0439295296	-0.062734674	-0.0174652565	0.0274822457	-0.0431177957	-0.0045375776	0.0060566243	-0.0197610079	-0.0540672621	-0.0444681945	-0.021307713	-0.0324122345	0.0409006644	0.014871111	-0.0588191424	0.0041005627	-0.0068435624	-0.038805627	-0.0374393728	0.0057126633	-0.0379022745	0.0216701138	0.0068875619	-0.033099794	0.0119730721	-0.029842566	0.0349879936	-0.0576960084	-0.0197860245	0.0350102354	-0.0318404986	0.0074297678	0.0368296354	-0.0648851602	0.0293529087	0.0195380458	0.0491441263	0.0276216113	0.0332610697	-0.0228496935	0.0006238491	-0.0031882945	-0.0157514911	0.0106529389	0.0861273892	-0.001422962	-0.0465024588	0.0197870593	-0.0322855423	0.0477009129	0.021212497	0.0038223308	0.0127937985	0.0192646998	0.0643061454	0.0483551197	0.0350348666	0.0381472397	0.0091826425	0.0131523272	-0.0305788985	0.0328931214	0.0484440625	0.0147273342	-0.0235612513	-0.0294250137	-0.017202237	0.0228599866	-0.0177001933	-0.0237204631	0.0826270994	0.0255287795	0.0324358603	-0.0110264328	-0.0103155303	-0.0535209293	0.006802827	0.038293775	0.0350903659	-0.0184702858	-0.0450310913	0.0611156129	0.0273044919	0.0050369721	0.0358560529	-0.0268261861	0.0021927858	-0.0122527785	0.0083544684	0.0702454574	0.0275048351	-0.0323564842	0.0007867694	0.0275502132	-0.0126845067	-0.0033310647	0.0739968031	0.0083389238	-0.0409368953	0.0171127085	0.0263778263	0.0092142927	-0.0080426395	0.0332844786	-0.0066317118	0.0107276413	-0.0038146448	0.0004903036	0.0022915597	0.0154240945	-0.0134899157	0.0489362935	0.0178949372	-0.0165593121	0.0151183427	-0.0189044763	0.0453699305	0.0503756608	0.0037488586	-0.0327396422	0.0268351006	-0.0322708071	0.0272647565	0.0365902186	0.0218618839	0.060835558	0.0052256519	-0.0261664518	0.0130304206	-0.0420357148	-0.0354008796	0.0231961654	0.0477453555	0.0022128355	-0.0465677344	-0.0269951331	0.0322015336	0.0441320627	-0.0087154456	-0.0487702262	-0.0172389684	0.0395960362	0.0383110855	-0.0192077409	-0.0485330118	-0.006620433	0.0450097667	0.0305736153	-0.0287391785	-0.0458679577	0.0043292863	0.0481719062	0.0213067153	-0.0597528	-0.0098900999999999	9.781407800999996e-05	0.00357039710784	-2.09392	0.16555	4.384500966399999	0.0274068025	-0.116434	-0.11354019	0.012891374745236	0.013556876356	-0.0197114	0.0007010999999999	0.00038853928996	4.915412099999995e-07	0.00332476	-0.0006149999999999	1.10540290576e-05	3.782249999999996e-07	0.00013879	0.000245174	1.92626641e-08	6.011029027600001e-08	0.0	0.0	0.0	0.0	0.0	0.0	0.0	0.0	0.0	0.0	0.0	0.0	0.0	0.0	0.0	0.0	0.0	0.0	0.0	0.0	0.0	0.0	0.0	0.0	0.0	0.0	0.0	0.0	0.0	0.0	0.0	0.0	0.0	0.0	0.0	0.0	0.0	0.0	0.0	0.0	0.0	0.0	0.0	0.0	0.0	0.0	0.0	0.0	0.0	0.0	0.0	0.0	0.0	0.0	0.0	0.0	0.0	0.0	0.0	0.0	0.0	0.0	0.0	0.0	0.0	0.0	0.0	0.0	0.0	0.0	0.0	0.0	0.0	0.0	0.0	0.0	0.0	0.0	0.0	0.0	0.0	0.0	0.0	0.0	0.0	0.0	0.0	0.0	0.0	0.0	0.0	0.0	0.0	0.0	0.0	0.0	0.0	0.0	0.0	0.0	0.0	0.0	0.0	0.0	0.0	0.0
54103.55553463512	-158.82648867889657	2927194721.489346	25225.85350606766	66355.67771582032	331.3569375000079	4403075965.1258135	109797.42002938416	54772.73463755742	-201.74456751692924	3000052459.6762824	40700.87052259282	54925.30719812976	54589.68728122464	1.101474	25.233532	0.0907501649999998	0.0543138	0.0083771272	0.0078513298	-0.0037673675	-0.0083911294	0.0118869614	-0.0111735631	-0.0197534727	-0.0585801069	0.0136067493	0.0477395289	0.015118499	0.0059181071	0.0016962386	0.0045983225	-0.0135969089	-0.0235561752	0.0080217699	0.038064357	-0.045793099	-0.0056692738	0.0572696552	0.058570235	-0.0082983898	-0.00723744	0.0384133248	0.017082081	0.0437332259	0.009916375	-0.0102553771	0.000544224	0.0098190724	0.0438656879	0.0416022845	-0.021669213	-0.0267186766	-0.0525317567	0.0257325642	-0.0230154924	0.0457914244	-0.0065513161	0.0005617912	0.0276388752	-0.0050231459	0.0182764312	-0.0984529182	-0.0086513091	-0.0227477101	-0.0007712834	0.0095691259	0.040898333	-0.0673714266	-0.1320623133	-0.0232001423	-0.0140037061	-0.0324376437	-0.0108279913	-0.0035203248	0.0191105008	-0.0244617538	0.0061410847	0.0232046461	0.0344448909	0.0064167639	-0.0153087343	0.0106848787	-0.0177965372	-0.0134973245	-0.0009800383	0.0693628623	0.002901777	-0.0050220778	0.0248366223	0.0161460067	0.0079624101	-0.1128095931	0.057372842	0.0944345494	-0.0243791185	-0.0309208787	-0.0710201256	0.008355306	0.0313023034	-0.0435858454	0.0192220419	-0.0308037506	0.0246465646	0.062740221	-0.0080026202	-0.0157335166	0.0593634971	-0.0335799881	-0.0346298368	0.0266347278	-0.0324279946	-0.0159566948	0.0007226443	0.0388686824	0.0338648006	0.0027061249	0.0006013465	-0.0438529084	-0.0259913133	0.0288853573	-0.0117176293	-0.0076220843	0.0333047838	0.0015869343	-0.0086985763	-0.0092896742	-0.016255104	-0.0348502131	0.0201815263	0.0386826249	0.0422970551	0.0046642118	-0.0574830853	-0.058281998	0.0129415762	0.0025482886	-0.0367807558	-0.0183680122	-0.0349177394	0.0068717613	-0.0138913536	0.0025003927	-0.0020298165	0.0491088873	0.0475549763	-0.0229127615	-0.0249790806	-0.0503252904	-0.0311005571	-0.0161759853	0.0393679233	0.0163814096	0.0032650474	-0.0324823771	0.0337043247	-0.0157135923	0.0972048321	-0.012080224	0.025739679	0.0175770203	-0.0068752274	-0.0363169071	0.1097682175	0.0690524689	-0.0691412548	-0.0075166453	0.0205992387	0.0300166363	-0.0366299084	0.0189216539	-0.01428483	-0.0079823773	-0.0253282158	-0.0119544294	0.0181884278	0.0238457887	0.0123193689	0.0091956149	0.033372401	0.0076394872	-0.0618200339	-0.0099878163	-0.014836142	-0.0128974105	0.0007557037	0.0159719304	-0.1175294416	0.0152297785	0.122395937	0.0189769936	0.0227929483	-0.0656231428	0.0109181063	0.0016285201	-0.0363994393	-0.0147512003	-0.0580333651	0.0039781106	0.0722499631	0.0390696819	-0.0108385836	0.0275307973	-0.0425234768	-0.0258310062	-0.012965715	-0.0312552677	0.0161723934	0.0191815758	0.0160364153	-0.000561147	0.0517541454	0.0245061857	-0.0039533429	0.0386939646	-0.0071715401	-0.0180910837	-0.0009574879	-0.0355965214	0.0006752818	-0.0081866677	-0.0028365415	0.0136640014	0.0105839569	0.0417340313	-0.0654737419	-0.0035402578	0.0087285126	-0.0012438905	0.0124739716	0.0204096787	-0.0073893525	0.009464854	0.0404280866	0.0044727745	0.0198560249	-0.0406213887	-0.0010695014	0.0070545197	-0.0205826505	0.0148698115	0.0706676935	0.0221199329	-0.0135949957	0.0224080448	-0.0050823559	0.0067892167	0.043375796	-0.0057520431	0.0113028894	0.0128525131	-0.0422237789	-0.0350162597	0.0238433419	0.0475319038	0.0011067004	-0.046950984	-0.0257518113	0.0334335625	0.0433014723	-0.0107041222	-0.048920189	-0.014974647	0.0410598248	0.0365274207	-0.021886162	-0.0480157186	-0.0033178403	0.0462741461	0.0276076712	-0.0317825624	-0.0442907033	0.0085338634	0.0487702262	0.0170661886	-0.0558439	0.0039089	1.527949921e-05	0.00311854116721	-2.05178	0.0421399999999998	4.209801168399999	0.0017757795999999	-0.0843289	0.0321051	0.0010307374460099	0.00711136337521	-0.0197313	-1.989999999999978e-05	0.00038932419969	3.9600999999999117e-10	0.00351052	0.00018576	1.23237506704e-05	3.4506777600000034e-08	9.25267e-05	-4.62633e-05	8.56119021289e-09	2.1402929268899993e-09	0.0	0.0	0.0	0.0	0.0	0.0	0.0	0.0	0.0	0.0	0.0	0.0	0.0	0.0	0.0	0.0	0.0	0.0	0.0	0.0	0.0	0.0	0.0	0.0	0.0	0.0	0.0	0.0	0.0	0.0	0.0	0.0	0.0	0.0	0.0	0.0	0.0	0.0	0.0	0.0	0.0	0.0	0.0	0.0	0.0	0.0	0.0	0.0	0.0	0.0	0.0	0.0	0.0	0.0	0.0	0.0	0.0	0.0	0.0	0.0	0.0	0.0	0.0	0.0	0.0	0.0	0.0	0.0	0.0	0.0	0.0	0.0	0.0	0.0	0.0	0.0	0.0	0.0	0.0	0.0	0.0	0.0	0.0	0.0	0.0	0.0	0.0	0.0	0.0	0.0	0.0	0.0	0.0	0.0	0.0	0.0	0.0	0.0	0.0	0.0	0.0	0.0	0.0	0.0	0.0	0.0
54042.21551459746	-61.34002003765636	2920561057.7261987	3762.598058220084	65481.1179140625	-874.5598017578159	4287776803.275357	764854.8468506702	54815.56734314555	42.83270558813092	3004746423.150925	1834.6406679995016	54963.89379906042	54709.137271712665	0.954295	21.86182	0.1214313300000001	0.0770774999999999	0.0060071409	0.0079862057	0.0007624539	-0.0095480971	-0.0214938535	-0.0132909364	0.0179816746	-0.0323641787	-0.0049887792	-0.0443496176	0.0096153516	0.004576936	0.0087897858	0.0245104718	0.046939707	-0.0195378022	0.0098165168	0.009139043	-0.0171352344	0.0224072993	-0.0025195245	-0.011527736	0.027259442	0.0093427658	-0.0066275425	0.0133853381	0.0163328732	0.0259587096	-0.0288819998	-0.0448677695	0.0381454703	-0.0219595434	-0.0179674599	-0.0275754412	0.0121498614	-0.0303515639	0.0253153124	-0.0458032191	-0.0088631477	0.011607124	-0.0604675356	-0.0222925076	-0.0355867924	-0.0215045784	0.0112074024	-0.0097827503	-0.024195106	-0.0357788651	-0.0188038844	0.0011092267	0.0323094681	-0.0241594303	0.0250853448	-0.005022142	0.0086398965	0.0397719797	-0.001955189	0.0156832296	-0.0839313173	0.0261558756	0.0134138213	0.0051732647	0.003580982	-0.001162637	0.0319712562	-0.0425527879	-0.0228439597	-0.0600100465	-0.0646933697	-0.0263656762	0.0151238083	0.0358946682	-0.0731493093	-0.0296790379	-0.0713699977	-0.0104601663	-0.025753748	0.0068746266	-0.0232857897	0.0824741201	-0.0599246158	0.0060375973	-0.025655372	0.0626533691	-0.0201322402	0.0035588564	0.0583909141	-0.0335400514	-0.0312241422	-0.0065307778	0.0132927129	-0.0057015507	0.0107411828	-0.0427598484	0.0063744797	0.0095215544	-0.0336435402	-0.0701287963	-0.0104876237	0.0070150155	-0.0368031893	-0.0229318949	0.0022230864	0.0277948152	0.0270730852	0.0493378368	0.0044256488	-0.0792962984	-0.0304975873	0.0224017212	-0.0434909038	0.0402357556	0.0095998638	0.0185408871	-0.023398262	0.0022647815	0.0095253319	-0.0242623329	0.0157511414	0.0093619384	-0.0149595375	-0.0177240872	0.0317137312	-0.0192014406	-0.0401355318	0.0473796441	-0.0116323812	-0.0141783661	-0.0247348001	0.0132777055	-0.0336996414	-0.0207691862	-0.0499085841	-0.0096248817	-0.0139387201	0.0545718329	0.0133177593	-0.0343727728	-0.032072702	-0.0145993059	0.0026721881	0.0032922164	0.0357757069	0.0191156225	0.0022619269	-0.0270993685	0.0270034162	-0.0165901457	0.0192703208	-0.0258839907	-0.0060623759	-0.0642115869	-0.0022237131	-0.0638588594	-0.0169440212	0.0050609718	-0.0081500023	0.0120211413	-0.0039654869	0.0179686967	0.0364463961	-0.0022862745	0.077533568	0.0274277856	-0.0527205167	0.0014190628	-0.0277890981	-0.0772842768	-0.0597303295	-0.0628405241	0.0072473564	-0.0366018047	0.0139231785	-0.0513705545	0.0521656586	-0.0396916057	0.0605876775	-0.0297703885	0.0484453798	-0.0433599546	-0.0188038444	0.0504013248	0.0248164386	-0.0434115583	0.0054730373	0.0198789815	-0.0038899116	-0.0402473324	-0.0306899245	-0.007075969	-0.0066670557	-0.0119684511	0.0382239644	-0.0517657573	0.0676785547	-0.0053364594	0.0411797801	-0.0139297613	0.0128344093	0.0721431184	-0.0270798388	0.0027979896	-0.0029825729	-0.0728261508	-0.0027068537	0.023526641	0.0647092965	-0.0089305317	-0.001219116	0.0048840103	0.0044451068	0.0032093789	0.0070293333	-0.0156658471	0.0059419608	-0.0116886817	0.0373369682	0.0010285228	0.0199211483	-0.034934637	-0.0092682731	-0.0354008975	0.0071509346	-0.0189657768	0.0330533595	-0.0027189964	0.0197389875	0.0210777954	0.0089857662	0.0345637517	-0.0081512426	-0.0080616699	0.0126744232	-0.0424094465	-0.0346271681	0.0244851053	0.0473015912	0.0	-0.0473015912	-0.0244851053	0.0346271681	0.0424094465	-0.0126744232	-0.0489702107	-0.0126744232	0.0424094465	0.0346271681	-0.0244851053	-0.0473015912	0.0	0.0473015912	0.0244851053	-0.0346271681	-0.0424094465	0.0126744232	0.0489702107	0.0126744232	-0.0557601	8.380000000000193e-05	7.022440000000323e-09	0.00310918875201	-2.11472	-0.0629400000000002	4.472040678400001	0.0039614436	-0.0682519	0.0160769999999999	0.0002584699289999	0.00465832185361	-0.0203976	-0.0006662999999999	0.0004160620857599	4.439556899999975e-07	0.00340522	-0.0001053	1.15955232484e-05	1.1088090000000002e-08	1.75161e-05	-7.501059999999999e-05	3.0681375921e-10	5.626590112359999e-09	0.0	0.0	0.0	0.0	0.0	0.0	0.0	0.0	0.0	0.0	0.0	0.0	0.0	0.0	0.0	0.0	0.0	0.0	0.0	0.0	0.0	0.0	0.0	0.0	0.0	0.0	0.0	0.0	0.0	0.0	0.0	0.0	0.0	0.0	0.0	0.0	0.0	0.0	0.0	0.0	0.0	0.0	0.0	0.0	0.0	0.0	0.0	0.0	0.0	0.0	0.0	0.0	0.0	0.0	0.0	0.0	0.0	0.0	0.0	0.0	0.0	0.0	0.0	0.0	0.0	0.0	0.0	0.0	0.0	0.0	0.0	0.0	0.0	0.0	0.0	0.0	0.0	0.0	0.0	0.0	0.0	0.0	0.0	0.0	0.0	0.0	0.0	0.0	0.0	0.0	0.0	0.0	0.0	0.0	0.0	0.0	0.0	0.0	0.0	0.0	0.0	0.0	0.0	0.0	0.0	0.0
54078.41067440984	36.195159812377824	2924474501.070124	1310.0895938435706	66163.45194140625	682.3340273437498	4377602372.802774	465579.7248711411	54847.9043762089	32.33703306334792	3008292614.4617558	1045.6837073400563	55001.49765104662	55497.693532809964	0.8767669999999999	20.085741	0.0564443699999998	0.0391775	0.002929442	0.0105800558	-0.0023277673	-0.0048649171	-0.0183579637	-0.000253618	0.0017367202	0.0327372842	-0.0211112893	-0.0079980796	0.0456639654	-0.0105125775	-0.014092774	-0.0025604044	0.016546031	-0.0042426648	-0.0073386595	-0.0141820934	-0.0105087436	0.044894732	-0.0048551915	-0.0324047189	0.0425444452	-0.0040554736	-0.0167301907	0.0083565288	0.0296137942	-0.0462110835	-0.0068892898	0.0139531899	-0.0390135498	-0.0305333308	0.0738285247	0.0066748004	-0.0192329549	-0.0112253765	0.0092129447	-0.0263187446	-0.0391631206	-0.0214245776	-0.015495756	0.0036810391	5.4026e-05	0.0119033751	-0.0104977417	-0.0012416702	-0.0027406798	0.0194194233	-0.0189086114	0.0630180648	0.0168060178	0.0013936095	0.0009772239	-0.0564583684	-0.0462839864	-0.0320965532	-0.0052167533	0.0396314576	-0.0158150263	0.0029255868	0.0087685861	-0.0590027568	0.0413904093	0.0481660015	0.0420530067	-0.0437567042	-0.0180919774	0.0480478165	-0.0171672443	0.0320684612	-0.0026588096	-0.0469191969	-0.0244427224	-0.0104772494	0.0151835931	0.0076311339	-0.0042651547	0.0466931887	-0.0140782235	0.0243304121	0.0610707685	0.0105195471	-0.0001988071	-0.0231478916	0.0411159626	-0.0253298095	-0.0090701487	-0.0277087975	-0.00785742	0.0502865972	0.0251271841	0.0170059746	-0.0373803257	0.0298374045	-0.0643302305	0.0339305653	0.01160296	-0.025808992	-0.0456676616	-0.0339812147	0.0470728027	-0.0121931124	0.0013073757	0.0757059779	0.0320667882	-0.0171063995	0.033990582	0.0263717429	0.0007425454	0.0037250654	-0.0158371628	-0.0121671742	-0.0156471651	0.0103982957	-0.042139866	0.0027028206	0.0350681821	-0.0440870466	-0.0027171301	0.0039468604	-0.0059525267	-0.0274731858	-0.0471242132	-0.0197138574	0.014526362	-0.0361576036	-0.0334762917	0.0672855646	0.0080299781	-0.018332253	-0.0088861268	-0.0032705164	-0.0304552037	-0.0466312489	0.020065233	0.0135455843	-0.0079895756	0.0010743269	0.0005222998	-0.0015158156	0.0036251701	0.0070333611	-0.0058451912	0.0195130355	-0.0676682499	-0.0137035613	0.0044702043	0.0132390773	-0.0459244916	-0.0048350478	0.0532688661	-0.0447583097	0.0368936953	-0.0022377551	-0.0101068671	-0.0176764629	0.009600671	-0.0666119963	-0.0663588048	0.0252113523	0.0454418233	0.023080354	-0.0103054429	0.0203496166	0.0501332296	0.0039047707	0.0540971858	-0.0160890285	-0.0187813187	0.0150365831	0.0224450226	0.0016158185	-0.0289989444	-0.0457239075	0.0136592252	0.0398809254	-0.0360881047	-0.0007508931	-0.0072013713	0.0513254	-0.0254041282	-0.0028193589	0.0246891816	0.0101579502	0.0049017601	-0.0208719825	0.0547633995	-0.0159886432	0.0463794928	0.0594450067	0.0592936937	-0.0129058121	-0.0350201191	-0.0519239267	-0.0040095768	0.037621744	0.0225184767	-0.0676929699	-0.0094091799	0.0369758674	0.0475887643	0.0283623974	0.0037140208	0.0139159844	0.0015210061	-0.0417581107	0.0135602062	-0.0007004448	-0.0054322643	0.0052779247	-0.0054894515	0.007491568	0.0223818194	-0.0214036534	-0.0028478407	0.0231735258	-0.0247144798	0.0008617938	0.0193833982	-0.0336326507	0.0027823378	0.0086798517	0.0055390927	-0.0067974578	0.0352619282	-0.0147359159	0.0106702514	0.0096322328	0.0069391934	0.0357101981	-0.026400666	0.0103068752	0.0124961534	-0.042592707	-0.0342336544	0.0251213099	0.0470544995	-0.0011067004	-0.0476193122	-0.0231961654	0.0357809787	0.0414572508	-0.0146229661	-0.048920189	-0.0103438118	0.0436411487	0.0326163926	-0.0269951331	-0.0463935571	0.0033178403	0.0480868413	0.0212236325	-0.0372552045	-0.0402370998	0.016719905	0.0487702262	0.0081703383	-0.0558351	-7.499999999999868e-05	5.624999999999802e-09	0.00311755839201	-2.08354	0.0311799999999999	4.341138931600001	0.0009721923999999	-0.0677983	0.0004535999999999	2.057529599999986e-07	0.00459660948289	-0.0199754	0.0004221999999999	0.00039901660516	1.7825283999999797e-07	0.00346727	6.205000000000013e-05	1.20219612529e-05	3.8502025000000155e-09	2.79815e-05	1.04654e-05	7.8296434225e-10	1.0952459715999999e-10	0.0	0.0	0.0	0.0	0.0	0.0	0.0	0.0	0.0	0.0	0.0	0.0	0.0	0.0	0.0	0.0	0.0	0.0	0.0	0.0	0.0	0.0	0.0	0.0	0.0	0.0	0.0	0.0	0.0	0.0	0.0	0.0	0.0	0.0	0.0	0.0	0.0	0.0	0.0	0.0	0.0	0.0	0.0	0.0	0.0	0.0	0.0	0.0	0.0	0.0	0.0	0.0	0.0	0.0	0.0	0.0	0.0	0.0	0.0	0.0	0.0	0.0	0.0	0.0	0.0	0.0	0.0	0.0	0.0	0.0	0.0	0.0	0.0	0.0	0.0	0.0	0.0	0.0	0.0	0.0	0.0	0.0	0.0	0.0	0.0	0.0	0.0	0.0	0.0	0.0	0.0	0.0	0.0	0.0	0.0	0.0	0.0	0.0	0.0	0.0	0.0	0.0	0.0	0.0	0.0	0.0
53997.118722209	-81.29195220083784	2915688830.300334	6608.381492623304	65879.06322607421	-284.3887153320393	4340050971.545084	80876.94140820767	54868.67448924081	20.770113031911023	3010571440.206265	431.39759535836015	55020.36845117745	55006.53932534751	0.8324059999999999	19.069475	0.0463491649999996	0.0228191	0.0056164612	0.0092332375	0.001409582	-0.0044153989	-0.0226657535	0.0028752372	0.0281970966	0.0065606932	-0.0160684058	0.0437495823	0.0222005902	0.0027183904	-0.0168238827	0.0292046649	0.0181940052	-0.0231216524	0.0275145286	0.0069678105	0.0007662337	-0.0116255123	0.0472017943	0.0269191651	0.019124475	-0.0167412957	-0.0273368502	-0.0442992897	0.0340826246	0.028950078	0.0296833795	0.0155205713	0.0608787144	0.0223016992	-0.0252317861	0.0968789927	0.0366028012	-0.0084267717	0.043297175	0.0333767898	0.0255651687	-0.0318300633	-0.0098134597	-0.0220068683	-0.0637995147	-0.0021686065	0.0191129183	0.0281908105	0.0287016832	0.0465543579	0.0120523409	0.0162386497	-0.0244679914	0.0443296284	0.0195289097	0.0777564929	-0.0231515832	-0.0415904224	-0.0284819048	-0.047160121	-0.0516609559	0.0289676828	-0.0531100801	0.000612989	0.0274748321	0.0051486356	0.0058552428	-0.0288762827	0.0784425845	0.016470823	-0.0236932584	-0.003625509	0.0593464406	-0.0291659355	0.0087729177	-0.001804605	0.0189856189	0.0665039448	0.0066507817	-0.0393875338	0.0038354759	0.0060647465	-0.0101991971	0.016522839	-0.0009217815	0.0447346827	0.0033776436	0.0367370208	-0.001002851	0.06568819	0.0095748778	0.0221319952	0.0480131213	-0.0217207119	0.0058283943	-0.0216624486	0.0007958951	-0.0221122913	-0.0657949513	0.0500168068	0.0105895422	-0.0001737284	-0.015691633	-0.0178444847	-0.000360613	0.0543234179	-0.0198923383	0.0387645567	0.0193733057	0.0249154108	-0.0051045263	-0.0336669628	-0.0128183381	0.0682219514	0.0063040941	-0.0036687319	0.0106983236	-0.0456452909	-0.0281580894	-0.0205891347	-0.0204278213	0.0147639361	0.0425236683	-0.0368233215	0.0237465617	0.033012425	0.0231042227	0.0552859076	0.0322276181	-0.0194251232	0.0952874269	0.0273752366	-0.0059636837	-0.0493127614	0.0357719734	0.023488214	0.0370674921	0.0057171004	0.0071719073	-0.0099344657	-0.0647049849	-0.0250429256	-0.0314872083	-0.0148635249	-0.0470891158	-0.0210956401	-0.0218676623	-0.0012660359	-0.0479074185	0.0168473668	0.0607363364	0.0437486918	0.0123779455	0.0359616072	0.0278099398	-0.0820300836	-0.0182177317	0.0504466599	-0.0181334311	-0.0204995912	-0.0127781262	-0.0080091445	0.0357974592	-0.0647884159	-0.0467435804	0.0128719107	-0.0225680149	-0.0470431444	0.0453371415	-0.0099291838	0.0207071407	0.0232080259	0.0586687046	0.011968088	0.0468003822	0.0118229482	-0.0026928094	0.0035744787	0.0214658273	-0.0045233543	0.0286941992	-0.0216551044	0.0385323453	0.0272314286	-0.0126584468	0.0598744003	0.060580947	0.0224466769	0.0015762292	-0.0207260663	-0.0084229252	-0.0057674626	-0.0601174786	-0.0451524147	-0.0246358193	0.0292670004	0.0002589329	-0.0116592518	0.0320519611	-0.041951365	0.0128746989	-0.0124480016	-0.0179591859	0.0231879051	0.0283755974	0.0424856656	0.0065505828	0.0628718823	0.0417598531	-0.0340225421	-0.0030157957	0.0036955833	-0.0049460726	0.0134237757	0.0189934431	-0.0063547832	-0.0112576979	-0.0010944925	-0.010020913	0.0216668468	-0.0535686442	-0.0452698639	-0.0095309396	0.030785369	0.005845196	0.0190562442	0.0254283406	-0.004082331	0.0104817503	0.0009291413	0.0081168595	0.0185520344	0.0070784896	0.0041609803	0.0123177063	-0.04277355	-0.0338357689	0.0257518113	0.0467907162	-0.0022128355	-0.047903926	-0.021886162	0.0368936684	0.0404462362	-0.0165464061	-0.0487702262	-0.0079884006	0.0447515066	0.0305015125	-0.0294071302	-0.0452953387	0.006620433	0.0486258757	0.0178417553	-0.0396502352	-0.0377885739	0.0206399614	0.0481719062	0.0035938487	-0.055762	7.309999999999955e-05	5.343609999999935e-09	0.003109400644	-2.09366	-0.0101199999999996	4.383412195599999	0.0001024143999999	-0.0594966	0.0083017	6.891822289000015e-05	0.0035398454115599	-0.0201562	-0.0001807999999999	0.0004062723984399	3.268863999999939e-08	0.00372222	0.0002549499999999	1.38549217284e-05	6.499950249999994e-08	-9.33558e-05	-0.0001213373	8.71530539364e-09	1.472274037129e-08	0.0	0.0	0.0	0.0	0.0	0.0	0.0	0.0	0.0	0.0	0.0	0.0	0.0	0.0	0.0	0.0	0.0	0.0	0.0	0.0	0.0	0.0	0.0	0.0	0.0	0.0	0.0	0.0	0.0	0.0	0.0	0.0	0.0	0.0	0.0	0.0	0.0	0.0	0.0	0.0	0.0	0.0	0.0	0.0	0.0	0.0	0.0	0.0	0.0	0.0	0.0	0.0	0.0	0.0	0.0	0.0	0.0	0.0	0.0	0.0	0.0	0.0	0.0	0.0	0.0	0.0	0.0	0.0	0.0	0.0	0.0	0.0	0.0	0.0	0.0	0.0	0.0	0.0	0.0	0.0	0.0	0.0	0.0	0.0	0.0	0.0	0.0	0.0	0.0	0.0	0.0	0.0	0.0	0.0	0.0	0.0	0.0	0.0	0.0	0.0	0.0	0.0	0.0	0.0	0.0	0.0
54012.48657151575	15.367849306749122	2917348705.6381693	236.17079231494947	65740.71330273438	-138.34992333983246	4321841385.552318	19140.70128813752	54796.28403801983	-72.39045122097741	3002632744.375347	5240.37742797671	54954.81368562678	54736.00555245535	0.9902780000000002	22.686144	0.1504172600000003	0.0870211	0.0099402821	0.0071236709	0.0062151511	-0.0124185894	-0.0555352199	-0.0208756911	0.0386923568	-0.0596039933	4.18051e-05	-0.0034497234	-0.0020179021	-0.027178932	0.015314004	0.0122969834	-0.0185720498	-0.0234919768	-0.0192344605	0.0516080968	-0.0545976959	-0.0048420582	-0.0171056041	0.0336202628	0.0103392599	0.0037200309	-0.003757001	-0.0132695016	0.0118936734	0.0272023908	-0.0254058192	0.0594838992	-0.0138009208	-0.0681025796	0.0139148995	0.0064771345	-0.0017404649	0.0242844852	-0.0217071837	-0.0068990898	0.0345344389	-0.0150703198	-0.0100571811	-0.016345879	-0.0537074151	0.077782407	0.0133045788	0.0321583209	0.0656280577	0.0093565202	0.0149460627	0.0486840958	-0.0274179668	-0.0518396362	-0.0226920004	-0.0410182587	0.0112233339	-0.0367191976	-0.019896141	-0.0177308536	0.0004059122	0.0016378668	-0.0057948813	0.002522957	-0.0019419817	-0.0601373168	-0.0396990331	-0.0119157893	0.0317368462	-0.0149536077	0.0189556076	-0.0006458078	-0.0115708143	0.0025685811	0.0174528071	-0.031171648	-0.0387866819	-0.0116787752	-0.0010171883	-0.0690089665	-0.0137557839	-0.0010244322	-0.0092042753	-0.0334738861	-0.0304185484	-0.0130846058	-0.0030359706	-0.0277821573	0.0337203257	0.0677476161	-0.0060315033	0.0011374234	-0.0214934749	-0.0259872343	-0.0047754864	0.0390307932	0.0008167539	0.0052269029	-0.0657540679	-0.0522690715	-0.0302076451	-0.0127414871	-0.0175694916	-0.0253484683	-0.0378032666	0.0018318985	0.0240058504	-0.0220882839	-0.0068386969	-0.1044581758	-0.0706662761	0.0456468626	0.0111476762	0.0093653937	0.0521983208	0.0525563909	0.0020887982	0.0161162476	-0.0308887902	-0.0138275376	-0.0048624828	0.0053505004	0.0119614959	-0.0039238786	0.0287569895	-0.0331871966	0.0595472991	-0.0128882882	-0.0664708617	0.0167372489	0.0047982329	0.0024213319	0.0241589898	0.0162445456	0.0012262791	0.0309502545	0.0289661573	0.0140093321	0.0025960508	0.0700055048	-0.0654509517	-0.011360434	-0.0073954297	-0.0623512552	-0.0312018386	0.002754519	-0.0533037314	0.0402343227	0.0160011389	-0.0415918534	-0.0478411059	-0.0027368914	-0.0028991862	0.0410291995	0.0216109544	-0.0175572758	0.009319808	0.00778822	0.0396092238	0.0055743308	0.0539732788	-0.0236256365	0.0062575292	-0.0232033381	0.0013625317	-0.0263063257	-0.0083928687	-9.03482e-05	-0.0114607285	0.014315464	-0.0286080366	-0.0426684523	-0.0134171958	-0.0060013884	0.0687619744	0.0048723164	-0.024123785	-0.0253626567	3.9445e-05	-0.0162750815	-0.0276732628	0.0029079904	-0.0288693469	0.0333951957	-0.0500448427	-7.6579e-06	0.0420892971	-0.0209439328	-0.0221269151	0.0289241619	0.0246629307	-0.0089185123	-0.0222624891	-0.056826394	0.0033495956	-0.0605173589	0.0488087855	0.0234522985	0.0262539245	0.0168662773	0.0276305477	0.0299975198	0.0393755629	0.0087795109	-0.0172875516	-0.1184293339	0.0244654311	0.0288645544	-0.0013678867	-0.055000052	0.0001723387	-0.0001767258	0.0078594103	0.0061552779	0.0132441872	-0.0296711815	-0.002556767	-0.0518153612	0.014253498	-0.019250782	0.0444192567	-0.0391035415	-0.0237430269	-0.0323928674	0.0090301286	0.0257740881	0.02168925	0.0188714649	0.0112300398	-0.0105587965	0.0058394946	0.0061756073	-0.02158168	0.0482663463	0.0121390845	-0.0429519653	-0.0334335625	0.0263764663	0.046510335	-0.0033178403	-0.0481552347	-0.0205562846	0.0379639583	0.0393778372	-0.018441441	-0.0485206286	-0.0056138368	0.045737433	0.0282892778	-0.0317123377	-0.044011438	0.0098926005	0.0489159345	0.0143586597	-0.0417972809	-0.0350806749	0.0244051859	0.0471801374	-0.0010144892	-0.0581242	-0.0023622	5.579988840000009e-06	0.00337842262564	-2.16285	-0.0691900000000003	4.677920122500001	0.0047872561	-0.047668	0.0118285999999999	0.0001399157779599	0.002272238224	-0.0209694	-0.0008132	0.0004397157363599	6.612942400000001e-07	0.00351099	-0.00021123	1.23270507801e-05	4.461811290000009e-08	-0.000409655	-0.0003162992	1.67817219025e-07	1.0004518392064001e-07	0.0	0.0	0.0	0.0	0.0	0.0	0.0	0.0	0.0	0.0	0.0	0.0	0.0	0.0	0.0	0.0	0.0	0.0	0.0	0.0	0.0	0.0	0.0	0.0	0.0	0.0	0.0	0.0	0.0	0.0	0.0	0.0	0.0	0.0	0.0	0.0	0.0	0.0	0.0	0.0	0.0	0.0	0.0	0.0	0.0	0.0	0.0	0.0	0.0	0.0	0.0	0.0	0.0	0.0	0.0	0.0	0.0	0.0	0.0	0.0	0.0	0.0	0.0	0.0	0.0	0.0	0.0	0.0	0.0	0.0	0.0	0.0	0.0	0.0	0.0	0.0	0.0	0.0	0.0	0.0	0.0	0.0	0.0	0.0	0.0	0.0	0.0	0.0	0.0	0.0	0.0	0.0	0.0	0.0	0.0	0.0	0.0	0.0	0.0	0.0	0.0	0.0	0.0	0.0	0.0	0.0
54030.65885901524	18.172287499488448	2919312096.739282	330.2320329640641	65478.64018164062	-262.07312109375926	4287452320.0367618	68682.3207998242	54854.77130492928	58.4872669094475	3009045934.916093	3420.7603905369524	54997.68851280031	54778.46105719232	0.964608	22.098091	0.1691171	0.0992262	0.0048775845	0.0062150627	0.0020631674	-0.0016238986	-0.0337192108	0.0030383572	0.0340697658	0.0412495434	-0.0258436259	-0.046257099	0.0264071519	-0.0142887915	0.0103916667	-0.001984991	-0.0330599311	-0.0076813628	0.0254073672	0.0082888963	-0.0184221424	0.0314425927	-0.0141555985	-0.0482211528	0.0086066974	-0.0140437612	0.0044140781	0.0202439192	0.0375772596	0.0207651322	0.0409428781	0.0118549079	-0.0134401063	-0.0185674679	0.0182999327	0.0316635666	0.0669526186	-0.0046702466	0.000721787	0.010215003	0.0175805917	-0.0379202219	0.0699540841	-0.0380749702	0.0421773766	0.0212649602	0.0030206643	-0.0309823551	0.0127168986	-0.0016782567	0.03108162	0.0276309596	-0.0243792965	-0.0116519019	0.0396634578	0.0258221846	0.0059748213	0.0067868414	-0.0271629376	0.0326472389	-0.0208992255	0.006529348	0.012066111	0.0126562771	-0.0340601014	0.0119045475	0.0331587671	-0.0259961059	0.0217203184	0.0578574948	-0.0137153128	-0.0138343847	0.0296334731	0.0314452059	-0.0243272263	0.0011289379	-0.016841476	0.0396896716	0.0011047508	0.0024560417	-0.0423517011	-0.0534001697	0.0151119817	-0.062118968	-0.0322506348	-0.013998207	-0.0550492836	0.0585941697	-0.0389386332	0.0192526759	0.0834747926	0.0682983782	0.0256677844	-0.0288206416	-0.059726004	-0.0448002406	0.0851780586	0.0148376807	-0.0134110628	0.0151196817	-0.0032012429	-0.0245002704	0.0145147326	0.0801557301	0.0162666988	-0.0518198417	0.0479436858	0.0034359829	0.0005968134	0.0052230429	-0.0029906	-0.0174675206	0.0412109208	0.014078512	0.0091301277	0.0166565741	-0.0292657326	0.0098288205	0.0500223774	-0.0050116602	-0.0006601426	-0.012868225	-0.0210025965	-0.0427754276	0.0133529495	0.0398522994	0.016607458	-0.007725739	-0.0184869725	0.0199396005	0.0372425278	0.066849274	-0.0046691291	-0.0027328749	0.0120568354	0.0134342914	0.0336152926	-0.0608229635	0.0436690011	0.0357245849	0.0412501988	-0.0048864694	0.0221871787	-0.0138130672	0.0077142007	-0.0376674575	-0.0241133514	0.0183481455	-0.0165063408	-0.0171415406	0.0527244688	-0.0180937216	0.0183420665	-0.0333789397	0.0267286441	-0.0027280755	-0.0043760251	-0.0106303701	-0.0014600666	0.0429677689	-0.0155114721	0.0270563488	0.0249748599	0.0052679918	-0.0512782985	0.0072463174	-0.0128964406	-0.0186430508	-0.0143191763	-0.040439227	-0.0042088475	-0.0120949129	0.0376392867	0.0131030965	-0.0085316392	0.0108282472	-0.0347742764	-0.0536264274	-0.0582828959	-0.0378081211	-0.0520114841	-0.0533976137	0.0470871572	0.0129815107	0.0288704223	0.0980394595	-0.0165188016	-0.025292979	-0.0049068096	-0.0844955427	0.0306133971	-0.0957297089	0.0035751244	-0.0084824687	0.0001163155	0.0061796108	-0.0212836518	0.017526012	-0.1012887474	0.032615067	-0.0214177714	0.0351097875	0.003874273	0.0036863445	-0.0153587333	0.0204186704	0.0094196927	0.034831325	-0.0364669533	-0.0028618734	-0.0093650377	0.0008968838	-0.0100332965	0.0141528381	0.0252620433	-0.0152045776	-0.0183521473	0.0049650181	-0.030830092	-0.0105618763	0.0015660397	-0.0292533859	-0.0148535825	-0.0301461589	-0.0263553697	-0.031310068	0.0175351706	-0.0281972654	0.0141930317	-0.0273466971	-0.0098818922	0.0235141478	0.003872454	0.0086119794	0.0119602904	-0.0431279427	-0.0330270864	0.0269951331	0.0462134553	-0.0044211503	-0.0483730638	-0.0192077409	0.0389906186	0.0382535695	-0.0203048178	-0.0481719062	-0.0032258135	0.0465961863	0.0259867497	-0.0339023846	-0.0425471181	0.0131193052	0.0489555324	0.0107941057	-0.0436829132	-0.0321319892	0.0279873335	0.0458030203	-0.0056138368	-0.0609762	-0.002852	8.133904000000003e-06	0.00371809696644	-2.1008	0.0620500000000001	4.41336064	0.0038502025	-0.0649362	-0.0172681999999999	0.0002981907312399	0.00421671007044	-0.0196884	0.0012809999999999	0.00038763309456	1.6409609999999937e-06	0.00326041	-0.0002505799999999	1.06302733681e-05	6.279033639999991e-08	-0.000202297	0.000207358	4.0924076209e-08	4.2997340164e-08	0.0	0.0	0.0	0.0	0.0	0.0	0.0	0.0	0.0	0.0	0.0	0.0	0.0	0.0	0.0	0.0	0.0	0.0	0.0	0.0	0.0	0.0	0.0	0.0	0.0	0.0	0.0	0.0	0.0	0.0	0.0	0.0	0.0	0.0	0.0	0.0	0.0	0.0	0.0	0.0	0.0	0.0	0.0	0.0	0.0	0.0	0.0	0.0	0.0	0.0	0.0	0.0	0.0	0.0	0.0	0.0	0.0	0.0	0.0	0.0	0.0	0.0	0.0	0.0	0.0	0.0	0.0	0.0	0.0	0.0	0.0	0.0	0.0	0.0	0.0	0.0	0.0	0.0	0.0	0.0	0.0	0.0	0.0	0.0	0.0	0.0	0.0	0.0	0.0	0.0	0.0	0.0	0.0	0.0	0.0	0.0	0.0	0.0	0.0	0.0	0.0	0.0	0.0	0.0	0.0	0.0
54107.723993539774	77.0651345245351	2927645795.76108	5939.034959284692	66143.47133203124	664.8311503906225	4374958799.851239	442000.4585297185	54881.64083277925	26.869527849972656	3011994500.498183	721.9715268804562	55022.9356528009	54972.248264382106	0.850881	19.492714	0.1729775999999999	0.114656	0.006626343	0.0035183397	0.0057781984	0.0025241218	-0.0256734902	0.002901271	0.0145066027	0.0150821676	-0.0032306703	0.0311472685	-0.012011605	0.0063237198	-0.0030820741	-0.01112785	-0.0187919733	-0.013389435	0.0385551919	0.0270552322	-0.0082275105	-0.0466744155	0.0298773968	-0.0302117894	-0.0023607375	0.029229989	-0.0728781059	-0.0093327267	-0.0219105383	-0.0033421157	0.0500306352	0.0597620757	-0.0194961807	-0.0057655876	0.0761100122	-0.0056932661	-0.0543365472	0.0153716046	-0.0105386058	-0.0342462515	0.0231585892	-0.056344483	0.0156432533	-0.0026768122	0.0280239398	-0.0258063225	0.0337161235	0.0233878267	0.0422394727	0.0605658134	-0.03090577	0.0491951279	-0.0026288743	-0.0031856298	0.0325948524	0.0095766814	-0.0127576565	0.0193187728	-0.0197712073	-0.0239394778	0.0378599537	-0.0443243047	0.0024131508	0.0488208761	-0.0069079281	-0.0425295432	-0.0345091727	0.0139783392	-0.0485876647	-0.0202931398	0.0234182796	0.0393353831	-0.0503394992	-0.0019647241	0.0172018378	-0.0349560558	-0.0139284639	-0.0532168929	-0.0162907709	-0.0035362884	-0.0686754752	-0.0085877776	-0.0611134214	0.0622315982	0.0047214787	0.0336233114	0.0379311563	-0.0468086934	-0.0165766303	-0.020414024	-0.0292338927	0.0453611936	-0.0063278419	-0.0249984546	-0.0355294955	0.0203347462	-0.0079353127	-0.008584838	-0.044722123	-0.0291128022	-0.0405451528	0.0633330508	-0.0211729436	0.0288620003	-0.0460521408	-0.0407516713	0.0107818516	0.0393186375	-0.0052266884	-0.0461489084	0.0991232513	-0.0370690361	0.0193969165	0.0376795136	0.0288970131	0.0063765631	0.0480025729	-0.0280337439	0.0290568369	-0.0038628663	-0.001924654	0.0757450616	0.0135176813	0.0208188107	-0.0173047813	0.0422514771	0.0655991391	-0.0325776715	-0.0064346029	0.0748080385	-0.0141660542	-0.0517533011	0.0151380114	0.0155249317	-0.0364313669	0.0247762095	0.0494533948	-0.0205071411	0.0034623824	-0.0254828916	0.0352201426	-0.0350280978	-0.0211189616	-0.0256606458	-0.0633911393	0.0203103068	-0.0612502505	-0.0131969259	-0.0326675699	-0.0261481597	0.0104706856	0.0183551676	-0.0195668187	0.014265593	0.0018782522	0.026402947	0.0357895346	-0.020466259	-0.0251703773	0.0261778543	0.0594056444	-0.0158756517	-0.0163756324	0.0385503124	0.0239072832	-0.0016508082	0.0376525207	0.0106246259	-0.0166663882	0.0489242015	-0.0299559835	-0.0179497393	-0.0408624027	-0.0011418586	-0.0417015871	-0.0336101505	-0.0634419908	0.0020568347	0.0915744072	-0.0061193193	0.0514825587	0.0189039712	-0.0376174229	-0.0023100004	0.0426426911	0.0045960235	0.0294109553	-0.0361918784	-0.0097394527	-0.0080177972	0.0431183933	0.0165637538	-0.0175058207	-0.0242927671	-0.0086657322	-0.050367994	0.0403660569	-0.0550648635	-0.0369169256	0.0587963603	0.0442161702	0.0137122475	-0.0364727475	-0.0603388794	0.0908911049	0.0092957324	-0.0069709337	-0.0075031833	0.0139035262	0.0044235099	0.0038102976	-0.0077315074	0.0104344422	0.0014239025	-0.0052214045	-0.002016493	-0.0307961178	-0.0610137376	-0.0062021303	-0.0254824171	-0.0527944304	-0.0087715982	-0.0180444658	0.0076996971	-0.0231074289	-0.0373075104	-0.0153486099	0.0270070837	0.0059738858	-0.0386921531	0.0333147625	0.0031929071	0.0306215832	0.0308288339	0.0117813266	-0.0433014723	-0.0326163926	0.0276076712	0.0459001824	-0.005522202	-0.0485572616	-0.0178417553	0.0399724692	0.0370750283	-0.0221333376	-0.0477247713	-0.0008300562	0.0473253789	0.0236012772	-0.0359693177	-0.0409083818	0.0162857183	0.0487444668	0.0071683153	-0.0452953387	-0.0289627561	0.0313595323	0.0440518025	-0.0101634351	-0.060912	6.420000000000037e-05	4.121640000000047e-09	0.003710271744	-2.18168	-0.08088	4.759727622400001	0.0065415744	-0.0477331	0.0172031	0.0002959466496099	0.00227844883561	-0.0210592	-0.0013707999999999	0.00044348990464	1.879092639999996e-06	0.00317829	-8.21200000000002e-05	1.0101527324099998e-05	6.743694400000032e-09	-0.000245983	-4.368600000000003e-05	6.050763628900001e-08	1.908466596000002e-09	0.0	0.0	0.0	0.0	0.0	0.0	0.0	0.0	0.0	0.0	0.0	0.0	0.0	0.0	0.0	0.0	0.0	0.0	0.0	0.0	0.0	0.0	0.0	0.0	0.0	0.0	0.0	0.0	0.0	0.0	0.0	0.0	0.0	0.0	0.0	0.0	0.0	0.0	0.0	0.0	0.0	0.0	0.0	0.0	0.0	0.0	0.0	0.0	0.0	0.0	0.0	0.0	0.0	0.0	0.0	0.0	0.0	0.0	0.0	0.0	0.0	0.0	0.0	0.0	0.0	0.0	0.0	0.0	0.0	0.0	0.0	0.0	0.0	0.0	0.0	0.0	0.0	0.0	0.0	0.0	0.0	0.0	0.0	0.0	0.0	0.0	0.0	0.0	0.0	0.0	0.0	0.0	0.0	0.0	0.0	0.0	0.0	0.0	0.0	0.0	0.0	0.0	0.0	0.0	0.0	0.0
54199.03773300063	91.3137394608566	2937535691.183226	8338.199014325199	66142.88805126953	-0.5832807617116487	4374881639.7627735	0.3402164469829211	54871.07004805368	-10.570784725568956	3010834328.218414	111.74148971432194	55016.35590732041	54917.361628386265	0.856268	19.616129	0.1087112499999997	0.0579509	0.0057191644	-0.0048880777	-0.0003568913	0.0015963526	-0.0262002505	0.009756905	0.0136840782	-0.0354079489	-0.0038962564	0.0246852775	-0.0624135215	-0.033426309	0.0066412335	-0.0138663677	-0.0174963717	-0.022607423	-0.0311389221	0.0384744796	-0.0127705715	-0.0790077931	-0.017146657	0.0131380089	0.0162824663	-0.0018763239	-0.0378834847	0.0086153136	-0.0051374793	-0.0264080056	-0.0127032042	-0.0148259059	0.0278306371	-0.028278308	0.0419753475	-0.0491031466	0.0454193866	-0.0062166846	0.0056245885	0.0100117232	0.0890517302	-0.0513871075	-0.0225205721	0.0074156365	-0.0490091627	0.0283906572	-0.0448548338	0.0265047236	0.0271184257	-0.0222650061	0.04647475	-0.0525173587	-0.0146392745	-0.0214085021	-0.0065343709	0.0059447403	0.0457621049	0.0116751407	0.0749199426	-0.0035419954	0.0071290746	0.0179475895	0.014078372	-0.0175457424	-0.0298001607	-0.026375632	-0.0301027106	0.000952681	-0.0304100675	-0.0104772298	-0.0429925016	0.0388006271	-0.0069520244	-0.0210672031	0.0264157852	-0.0233398127	0.0200744445	0.0993559616	-0.0486734719	-0.0349526169	-0.0042001933	-0.0295669891	0.0001228394	0.0441334286	0.0508977333	0.0117742537	-0.0531711746	0.0323759417	-0.0096165093	-0.0282458121	0.0433668099	-0.0195089111	0.0209644457	0.0595205363	-0.0128570287	0.0134395053	-0.002803684	0.0336650732	0.019916487	0.0021851038	0.052598532	-0.0011272173	-0.0349471398	-0.0040130091	-0.0124400791	-0.0145550039	-0.0137270238	0.0048231246	-0.005206879	0.0389341089	-0.0219197543	0.0644143527	-0.0026972682	-0.002388282	0.041051848	0.0113778543	0.0756813289	0.0187976731	-0.0165388088	-0.0228233281	-0.015021665	0.0375370345	-0.008194678	0.0050131462	-0.0234997842	-0.0143950684	-0.014829734	0.0302181673	-0.0178885787	0.0414116322	-0.0458138883	0.0530810971	-0.008272249	-0.0086320629	0.0096089084	0.0726781817	0.0566746978	0.0314054821	-0.0165384048	0.03808606	-0.053319546	0.0343267314	-0.0312252207	-0.033101353	0.0334770103	-0.0403340849	0.045970105	0.0209237978	0.0144534361	-0.0218592517	0.015331089	-0.030568874	-0.0221039477	0.0045264982	-0.0734757374	0.0127690281	-0.0166452197	-0.0068813423	0.0413480911	0.0106095954	0.0144197677	-0.0220502931	-0.0069023886	0.0034948507	0.0315768797	0.0526435912	0.0420889732	-0.0182561785	0.0062961892	0.0287446452	-0.0006021534	0.0206864758	0.1084337681	-0.0143947819	0.0142399335	0.0195709342	-0.0486815083	0.0274550586	0.0295224908	0.0322439143	0.0083266322	-0.0473759614	0.0396837999	-0.0244284262	-0.0023051145	0.0054054643	-0.0739254317	0.0283699677	0.0596397848	0.0109806558	0.0037265618	9.22791e-05	0.0204793109	-0.0114854858	0.037455478	0.043548806	-0.0012879879	0.0032983776	0.000692818	0.0238251184	0.0217758156	-0.0156393071	-0.0097703981	0.0204463465	-0.0532043726	0.0033029644	-0.0443381096	-0.008571587	-0.002541422	0.003793033	-0.0073460674	-0.0069677912	0.0085353244	-0.0169656194	-0.0159729086	-0.0063103435	-0.0250227418	-0.0761747668	0.0153823997	-0.0293230779	-0.0359164201	0.0034817814	-0.0020773403	-0.0026206638	-0.0329871453	0.0428577323	-0.0330083901	0.0112305524	0.0277032035	-0.0605818966	0.0315628802	0.0486488318	0.0595212338	0.0211586981	0.0116021956	-0.0434725442	-0.0322015336	0.0282139416	0.0455706274	-0.006620433	-0.0487077002	-0.0164595684	0.0409083818	0.0358438856	-0.0239238614	-0.0471801374	0.0015676912	0.0479229833	0.0211404744	-0.0379056313	-0.039101947	0.019377288	0.0482838183	0.0035018582	-0.046624473	-0.0255947285	0.0344964857	0.0419407874	-0.0146229661	-0.0446412	0.0162708	0.00026473893264	0.0019928367374399	-2.20666	-0.0249799999999997	4.8693483556	0.0006240003999999	-0.0635089	-0.0157757999999999	0.0002488758656399	0.0040333803792099	-0.0202136	0.0008455999999999	0.00040858962496	7.150393599999973e-07	0.00327514	9.685000000000032e-05	1.07265420196e-05	9.379922500000062e-09	-0.00015474	9.124300000000002e-05	2.39444676e-08	8.325285049000004e-09	0.0	0.0	0.0	0.0	0.0	0.0	0.0	0.0	0.0	0.0	0.0	0.0	0.0	0.0	0.0	0.0	0.0	0.0	0.0	0.0	0.0	0.0	0.0	0.0	0.0	0.0	0.0	0.0	0.0	0.0	0.0	0.0	0.0	0.0	0.0	0.0	0.0	0.0	0.0	0.0	0.0	0.0	0.0	0.0	0.0	0.0	0.0	0.0	0.0	0.0	0.0	0.0	0.0	0.0	0.0	0.0	0.0	0.0	0.0	0.0	0.0	0.0	0.0	0.0	0.0	0.0	0.0	0.0	0.0	0.0	0.0	0.0	0.0	0.0	0.0	0.0	0.0	0.0	0.0	0.0	0.0	0.0	0.0	0.0	0.0	0.0	0.0	0.0	0.0	0.0	0.0	0.0	0.0	0.0	0.0	0.0	0.0	0.0	0.0	0.0	0.0	0.0	0.0	0.0	0.0	0.0
54239.46668062577	40.42894762513606	2941919745.7987127	1634.499806075995	65823.89163964844	-318.9964116210904	4332784710.58818	101758.71062713212	54863.161138479205	-7.908909574478457	3009966450.1067348	62.55085065727701	55011.88183872502	55331.73466876141	0.985526	22.577293	0.0461722999999995	0.0233072	0.0022186867	-0.0004449932	-0.0069919828	-0.0057680167	-0.0240887068	-0.0238728406	0.009571377	-0.0070953502	-0.0048856871	-0.0573343207	0.0100348832	-0.010463619	-0.0057668429	-0.0110158854	-0.0206404715	-0.0137389449	-0.0259190401	0.0204308499	-0.0447389598	-0.0104953831	-0.0432339528	-0.0256798856	0.0006224127	-0.0228979523	0.0189747514	0.0008401301	-0.0082870844	0.0071368201	0.0111057127	0.0477846215	-0.0387897343	-0.0311025958	0.0235554141	-0.0151533271	0.0138677039	0.001100537	-0.0475200451	0.0294018754	-0.0114449193	-0.010957558	0.0304907337	-0.0138137032	-0.0281984969	0.0591920698	0.0766414063	0.0401265318	0.0041759909	-0.0342438487	0.0361700209	-0.0005272026	-0.053654566	0.0059622872	0.0119298923	0.0103108237	-0.0268648973	0.0376193621	0.0436026613	-0.0446671082	-0.016556172	0.0520226177	-0.0069927563	-0.0151902598	0.02271252	0.0620845134	0.0126333232	-0.0299730792	-0.0184960091	-0.0578704402	0.0174022097	-0.0217939462	0.0741422035	-0.0306740738	0.0046955292	-0.0233152834	0.0729286716	-0.0506807189	9.12664e-05	-0.027465597	-0.0087701043	-0.0280219998	-0.0443470325	0.0178636383	-0.0337640304	0.0065972193	-0.054143192	0.0447183622	-0.0047384055	0.038639882	-0.0001438335	-0.0764019308	-0.0319564357	-0.0130865954	-0.0177376174	0.0276327939	-0.0197578872	-0.015476121	0.0003165067	0.0296678449	0.0266898523	0.0228413082	0.0461594358	-0.0191143682	-0.0181786056	0.006091984	0.0145770325	0.0645625739	-0.0241782995	0.0007923992	-0.0308618547	-0.0184029389	-0.0101122262	0.0238190696	0.0223421869	0.04416879	0.011599001	0.0409236697	0.0273763822	-0.0039195332	-0.0130142378	-0.024117686	-0.0030046724	0.0086136109	0.0057528144	0.0077193016	0.0449609865	-0.0359785633	-0.0369194446	0.0153216008	-0.0103237272	0.0182999976	0.001690679	0.04417367	0.0371841373	-0.0156742982	0.0106494508	-0.0207774148	0.005567912	0.063345671	-0.0326037575	-0.0838602643	-0.0109365304	-0.0224808883	0.0323253879	-0.0099670284	0.0028930118	0.0431993468	-0.0415359708	-0.0241299354	-0.0037940844	0.0303572583	-0.0263455469	-0.0056151208	-0.0555539871	-0.0216153575	-0.0502644214	0.0195457293	-0.0340341661	-0.0156796392	-0.069194553	-0.0032090652	0.0295018697	0.011932494	0.0530418643	-0.037651606	-0.036766508	-0.0546209653	0.034609201	0.0137458368	-0.0285339885	0.0801988306	-0.0502437533	-0.0313452452	0.0245794861	0.0080494077	-0.0184402156	-0.0111854299	0.027933447	-0.0486010903	-0.0156858583	-0.0578236387	0.0518225776	-0.0235426971	-0.0693870015	-0.0291744903	-0.0202427465	0.009910926	-0.0296263686	0.0273057388	0.0206159751	0.0096189165	-0.018727027	0.0016623667	-0.01548114	0.0139102302	-0.0460922943	-0.0251188236	0.0411730767	-0.0133888619	0.0163534297	0.04491413	-0.0504513186	-0.0176593187	-0.0224461681	0.0047678878	0.0299894398	0.0192974815	0.0173061709	0.0351534526	-0.0065251052	-0.0037581384	0.0018757877	-0.0094875801	-0.0090827739	-0.0124986432	-0.0244673149	-0.0143317533	-0.0128521869	-0.0416396321	0.0524400323	0.0230925265	0.0077031141	-0.0359939782	-0.0287935191	-0.0167271685	-0.0022379234	-0.0013817988	0.0165560844	-0.0383317965	0.016034669	0.0431986069	0.0059461324	0.0155462896	0.0114229	-0.0436411487	-0.0317825624	0.0288138067	0.0452249073	-0.0077152822	-0.048824275	-0.0150624352	0.0417972809	0.0345618882	-0.0256733154	-0.0465391172	0.0039616799	0.0483873377	0.0186121956	-0.0397042937	-0.0371352188	0.0223798066	0.0475759455	-0.0001844653	-0.0476620031	-0.0220510239	0.0373746616	0.0394872168	-0.01895291	-0.0444985	0.0001426999999999	2.0363289999998748e-08	0.00198011650225	-2.19417	0.0124899999999996	4.814381988900001	0.0001560000999999	-0.0826598	-0.0191509	0.00036675697081	0.00683264253604	-0.0204266	-0.0002129999999999	0.00041724598756	4.536899999999912e-08	0.0032544	-2.0739999999999995e-05	1.0591119360000002e-05	4.3014759999999976e-10	-0.000208774	-5.4034000000000005e-05	4.3586583076e-08	2.919673156e-09	0.0	0.0	0.0	0.0	0.0	0.0	0.0	0.0	0.0	0.0	0.0	0.0	0.0	0.0	0.0	0.0	0.0	0.0	0.0	0.0	0.0	0.0	0.0	0.0	0.0	0.0	0.0	0.0	0.0	0.0	0.0	0.0	0.0	0.0	0.0	0.0	0.0	0.0	0.0	0.0	0.0	0.0	0.0	0.0	0.0	0.0	0.0	0.0	0.0	0.0	0.0	0.0	0.0	0.0	0.0	0.0	0.0	0.0	0.0	0.0	0.0	0.0	0.0	0.0	0.0	0.0	0.0	0.0	0.0	0.0	0.0	0.0	0.0	0.0	0.0	0.0	0.0	0.0	0.0	0.0	0.0	0.0	0.0	0.0	0.0	0.0	0.0	0.0	0.0	0.0	0.0	0.0	0.0	0.0	0.0	0.0	0.0	0.0	0.0	0.0	0.0	0.0	0.0	0.0	0.0	0.0
54323.79749274809	84.33081212232355	2951074974.0331035	7111.685873210633	66094.06859814453	270.1769584960857	4368425903.856235	72995.58890219562	55021.1835956389	158.02245715969184	3027330644.2650027	24971.09696678664	55166.73598990545	54683.81996753247	0.992237	22.731035	0.1709936750000001	0.104437	0.0007614292	-0.0048503955	-0.0075387583	0.0028854778	0.001301727	0.0096025986	-0.013145185	0.0218256691	-0.0077243671	-0.0131713319	-0.0067837105	0.0088424132	-0.0115446344	-0.0008884712	-0.0423817137	0.0292327839	0.0378525278	-0.0221817663	0.0126798668	-0.0009865834	0.0087647308	-0.0423779503	-0.0577147311	0.0323589563	0.0001409444	-0.0018522898	0.0198369466	0.0098989548	0.0597550562	0.0062978621	0.045335395	-0.0133505607	-0.0205612716	-0.0177719046	-0.0116345837	0.0098155156	-0.0707645395	-0.0379790865	0.0373579641	0.0199521909	0.0654646431	-0.0015899434	0.0113172954	0.024473956	-0.0052468579	-0.0506512284	-0.0019389086	0.0371647972	0.0020416064	0.0250727819	-0.0676031349	0.0042179147	0.0312136861	-0.0292699386	-0.0722980981	0.0287608883	-0.0121258443	-0.002523835	-0.0321459207	-0.0438263183	0.015239313	-0.0390389248	0.0164409364	0.0057253444	-0.0056006852	0.0409528155	-0.0228822215	0.0369428578	0.0400328175	-0.0440792426	0.0487659308	-0.0667616565	-0.0493266866	0.0129411802	0.0486487016	-0.0277813877	-0.0287421075	0.0130134642	-0.0439581654	0.0472361185	-0.0030412589	0.0115376572	0.0491131062	-0.008087052	0.0436974766	-0.0617777652	0.0196513298	-0.016338249	-0.0233486125	0.025214863	0.0078080136	-0.0120889475	-0.0126064131	-8.50031e-05	-0.0458675081	-0.0445188667	0.0126533463	0.0367880429	-0.0414506708	0.0297834107	0.0347444384	0.0149317866	-0.0094416228	0.0057832052	0.076342629	0.0139170992	-0.005539746	-0.0005341347	-0.0324129665	-0.037469005	-0.0286267804	0.0262786899	-0.0210544612	-0.0124810543	0.0042480337	-0.0086089551	0.0412833124	0.0620715864	0.0270605122	0.0164050541	0.0040106792	-0.0222772505	0.0003520818	0.0543435718	0.0194798684	0.0492453312	-0.0087590602	-0.0115326558	-0.0180064822	-0.0114567184	0.0056969478	0.0703095646	-0.0338064317	0.0468959747	-0.0140684794	-0.0595870281	0.0123881999	0.0259311198	0.0085629826	0.0138716163	0.0510938744	0.0222056077	-0.0340544244	-0.0088365894	-0.0308662537	0.0438337569	-0.0632696905	-0.0207241106	-0.022269897	0.0336900488	0.003343992	-0.0664846993	0.0094241729	-0.0265199076	0.0255117743	-0.0406171153	0.0072203635	-0.0372250719	-0.0211677248	0.0084213988	-0.0351286156	0.0447861353	-0.0389536874	-0.0266479294	-0.0287703419	-0.0092708563	0.0800324169	-0.0237916992	-0.0053217465	0.0550747409	-0.0223635502	-0.0389328902	-0.0260054725	-0.0527857038	-0.0077880312	-0.0209996605	0.0292019877	0.0545915365	0.0152115064	0.0478035255	-0.0602613981	0.0155038293	0.0051007268	-0.0094037422	0.0141044638	-0.013197709	0.0100787244	-0.0178645573	0.02218405	0.0376451773	-0.0047326744	0.0276660067	-0.0720788215	-0.0164524987	-0.0175236847	-0.0344660622	-0.000827314	-0.0159254916	0.0096358083	0.0612642839	0.0085394618	0.0031349137	-0.0345283874	0.0155411783	0.0411021039	-0.0135051711	0.0448836492	0.049044401	-0.0167308303	0.0012799761	-0.0160802884	-0.0023594511	0.0097599232	0.0115780196	-0.0349484055	0.026243063	-0.015646602	0.0154585009	-0.0462629686	-0.0083168375	0.0108522249	0.0024634873	-0.0340317148	-0.0259099919	-0.0030284836	-0.0383474259	0.0319472927	-0.0349234838	-0.0033308832	0.0758799066	0.0338056025	0.0015854393	0.0112434423	-0.0438072762	-0.0313595323	0.0294071302	0.0448631447	-0.0088061905	-0.0489069049	-0.0136516244	0.0426381448	0.0332308549	-0.0273786964	-0.0458030203	0.0063461704	0.0487171511	0.0160245105	-0.0413587732	-0.0350162597	0.0252794756	0.046624473	-0.0038697424	-0.04840144	-0.0183559655	0.0399724692	0.0367111306	-0.0231148951	-0.0447967	-0.0002981999999999	8.892323999999909e-08	0.00200674433089	-2.14392	0.0502500000000001	4.5963929664	0.0025250625	-0.115501	-0.0328412	0.00107854441744	0.013340481001	-0.0189906	0.0014359999999999	0.00036064288836	2.062095999999999e-06	0.00317507	-7.933000000000029e-05	1.00810695049e-05	6.293248900000045e-09	2.79815e-05	0.0002367555	7.8296434225e-10	5.6053166780250003e-08	0.0	0.0	0.0	0.0	0.0	0.0	0.0	0.0	0.0	0.0	0.0	0.0	0.0	0.0	0.0	0.0	0.0	0.0	0.0	0.0	0.0	0.0	0.0	0.0	0.0	0.0	0.0	0.0	0.0	0.0	0.0	0.0	0.0	0.0	0.0	0.0	0.0	0.0	0.0	0.0	0.0	0.0	0.0	0.0	0.0	0.0	0.0	0.0	0.0	0.0	0.0	0.0	0.0	0.0	0.0	0.0	0.0	0.0	0.0	0.0	0.0	0.0	0.0	0.0	0.0	0.0	0.0	0.0	0.0	0.0	0.0	0.0	0.0	0.0	0.0	0.0	0.0	0.0	0.0	0.0	0.0	0.0	0.0	0.0	0.0	0.0	0.0	0.0	0.0	0.0	0.0	0.0	0.0	0.0	0.0	0.0	0.0	0.0	0.0	0.0	0.0	0.0	0.0	0.0	0.0	0.0
54366.39415638509	42.59666363699944	2955704813.567423	1814.4757530036704	66354.47677490234	260.4081767578173	4402916588.071054	67812.4185223306	54989.47333058813	-31.710265050765884	3023842177.175463	1005.5409095898242	55141.83223752676	55194.76181640625	0.990253	22.685575	0.2220131	0.133692	0.0001855336	-0.0044138695	-0.0146989294	-0.0010592756	-0.0090010723	0.0124639231	-0.0023317552	0.008863381	0.0030919865	0.0432456337	-0.0596738713	0.0064292683	0.0019591581	-0.0419685196	-0.0069225898	0.0001567194	-0.0064102988	0.0268828275	0.0054515739	-0.0357587015	0.0235430735	0.0436573775	-0.041379864	0.0426116018	-0.0282940284	-0.0039614841	-0.0454642197	0.0264278754	-0.0976415353	-0.0043034364	-0.0488148299	-0.0050535381	-0.0559049786	0.0202772816	0.0183591015	0.0372973186	-6.34977e-05	-0.0233984523	0.0673757114	0.0089404308	0.0090954341	-0.0366031381	0.0037044431	0.0041117497	-0.0668711488	0.0559243807	0.0276613495	0.0520118294	-0.0162008901	-0.0159758038	-0.0046839951	-0.0105197415	-0.0124738924	-0.037025008	-0.035310557	-0.0645596146	0.0109820879	-0.0084335621	-0.0203702013	0.0202450382	-0.030254554	-0.017396403	0.0030668767	-0.0244831141	-0.0434875757	0.0063229753	-0.0438508972	-0.0613259373	0.0030693797	0.0104821582	0.0332602482	-0.0858338212	0.0109469324	-0.0544935369	0.0048365394	0.0452962573	-0.0472783457	0.0103338366	0.0199265146	0.0763383112	0.001449535	-0.0009115855	-0.0175407139	0.0129008547	0.0179112658	-0.0146695775	0.0107443303	-0.0227026297	0.0227628673	0.0293799646	-0.0403776622	0.056943472	-0.0505630331	-0.0490484791	-0.0138473032	-0.0413141122	-0.0261352397	0.0129440179	-0.0036981226	0.0197721729	0.0404416765	0.0807252624	0.0572024464	-0.0299404053	-0.0282696742	0.0018910689	-0.0444714733	-0.0095778777	0.0051363032	-0.0246387902	0.0052167675	0.0326185226	0.0278641084	-0.005887189	0.0339664116	-0.020800911	-0.0468398604	0.0332520419	0.0152130005	0.0531190499	0.0029542648	0.054849459	0.0413940237	-0.0895177573	-0.0168844808	-0.0444434167	-0.0138975884	-0.0574757086	0.0235924806	0.0163732719	0.0301042779	-0.0018054044	-0.020208646	0.0684952181	0.0076030323	-0.0021660057	0.037467491	0.0213837456	-0.0127361015	0.0698260959	-0.0644630868	-0.0017403338	-0.0604993245	0.0206154704	0.0043405908	0.0073472335	-0.0018796532	-0.0150476206	-0.0577124594	0.0243351376	0.0383956001	0.0316143667	-0.0064092105	-0.0319621241	-0.0026775107	0.0257602147	0.0361822953	-0.0110069888	0.0075557909	-0.0406677618	-0.0193722139	0.0212723749	0.0723267756	-0.0049882706	-0.0012679761	-0.0461439025	0.0773058328	0.0392868673	-0.0434159212	0.0075278671	0.0646939989	-0.0341543379	0.0100611126	-0.0214661689	0.0501580893	0.0040941121	0.0170052458	-0.0125138727	0.0236165442	0.0262416991	-0.0451156911	0.0234728199	0.0044062438	-0.0052181173	-0.0642320492	-0.0567179659	0.0466749344	-0.038680391	-0.0180302762	0.0009711112	-0.0491058154	0.0057390284	-0.0164071998	-0.0180891248	-0.048538547	-0.0337112881	-0.0862873999	-0.0138747307	-0.0447953227	-0.0210147591	-0.0288928592	-0.0400897109	-0.0001643328	-0.0051854291	0.0080269359	0.0349847826	0.0117840822	-0.0223269468	-0.0072861509	-0.0002190491	-0.0042361397	0.0053868728	-0.013595884	0.0222965443	-0.0115353353	-0.03558838	0.0648108046	-0.0045455691	-0.0020406516	0.0163796675	0.0260377949	0.0110369352	-0.0153912615	0.0470459295	0.0078844267	0.0090407971	0.0076159931	-0.0059159784	0.0473774404	0.0304481883	0.0254728059	0.01578989	0.0110638251	-0.0439709173	-0.0309324975	0.0299937775	0.0444854679	-0.0098926005	-0.0489555324	-0.0122284171	0.0434300072	0.0318526742	-0.0290370768	-0.0449733504	0.0087154456	0.0489115064	0.0133856785	-0.0428630618	-0.032753756	0.0280629691	0.0454342724	-0.0075330659	-0.0488381591	-0.0145349155	0.0422704209	0.0336352026	-0.0270720383	-0.0528063	-0.0080095999999999	6.415369215999998e-05	0.00278850531969	-2.23261	-0.0886900000000001	4.984547412100001	0.0078659161	-0.146965	-0.031464	0.000989983296	0.021598711225	-0.0208519	-0.0018612999999999	0.0004348017336099	3.464437689999999e-06	0.00315938	-1.569000000000006e-05	9.981681984399998e-06	2.4617610000000193e-10	2.79815e-05	0.0	7.8296434225e-10	0.0	0.0	0.0	0.0	0.0	0.0	0.0	0.0	0.0	0.0	0.0	0.0	0.0	0.0	0.0	0.0	0.0	0.0	0.0	0.0	0.0	0.0	0.0	0.0	0.0	0.0	0.0	0.0	0.0	0.0	0.0	0.0	0.0	0.0	0.0	0.0	0.0	0.0	0.0	0.0	0.0	0.0	0.0	0.0	0.0	0.0	0.0	0.0	0.0	0.0	0.0	0.0	0.0	0.0	0.0	0.0	0.0	0.0	0.0	0.0	0.0	0.0	0.0	0.0	0.0	0.0	0.0	0.0	0.0	0.0	0.0	0.0	0.0	0.0	0.0	0.0	0.0	0.0	0.0	0.0	0.0	0.0	0.0	0.0	0.0	0.0	0.0	0.0	0.0	0.0	0.0	0.0	0.0	0.0	0.0	0.0	0.0	0.0	0.0	0.0	0.0	0.0	0.0	0.0	0.0	0.0	0.0
54308.13705967982	-58.25709670526703	2949373750.892969	3393.8893165268346	65915.17172973632	-439.3050451660238	4344809864.16063	192988.92270832215	54980.89420069209	-8.579129896039376	3022898727.107697	73.60146977311659	55129.57212810716	54871.70571764661	1.094398	25.071428	0.1816841150000002	0.104897	-0.0002956493	0.0059835974	-0.0152286679	-0.0133476742	-0.0039347588	-0.0194768425	0.0212730902	-0.0116193947	-0.0161553995	-0.0442995687	0.0006676957	0.0142271343	0.0051595082	-0.0182888897	0.0199873128	0.0027917188	0.0128718853	-0.0048673081	-0.0130681315	0.0593564658	-0.023172978	-0.0057810059	-0.0307116501	-0.0126542965	-0.0061647818	0.0329605248	0.0386674939	-0.0275253223	0.0352706027	-0.0342982454	0.0042088739	0.0513479288	0.0398228215	0.0346042143	0.0275543427	0.0187583942	0.0273492297	0.0026632057	-0.0321374489	0.0833987262	-0.0009704427	-0.00190524	-0.0021917727	0.0029245069	0.0257570605	0.0684001429	0.0102415938	-0.0423799105	-0.0281332526	0.008994416	-0.0054235214	0.0272821924	0.0412815869	-0.0171112073	-0.0231280617	0.0231633609	-0.0218657423	-0.0040203623	0.0173471929	-0.0183794205	0.0074190561	0.0179334886	-0.0517169067	-0.0264802871	-0.094704703	0.0252669044	-0.03860363	0.0202564956	0.006574553	-0.0244899757	-0.0116038789	-0.0273965564	0.0014462015	-0.0672357515	0.0301780397	0.0023291202	-0.0029213108	-0.0116125399	0.0708312511	-0.0784717418	-0.0124492971	-0.0428718041	-0.0170288974	0.0017622687	-0.0103718952	0.0189673485	0.0280809213	0.026943493	-0.0647519815	0.0058449377	-0.0331350232	0.0292312057	0.0059765556	0.0854971738	-0.069613547	-0.0059909588	-0.0161218471	0.0493405666	0.0782721499	-0.0067745913	0.0394470419	0.0380094943	0.0082280233	-0.0154825704	-0.0395996318	0.0047309019	-0.031031165	-0.0145053725	0.0055121644	-0.0093320312	0.0429219702	-0.0286521242	-0.0054118359	0.0166193206	-0.0597156139	0.0217363952	0.0101225457	0.0306897395	-0.0137117667	0.0007146223	-0.0324908479	-0.0379174527	-0.0327957524	0.027641254	-0.0292151216	0.0004424023	0.0505696936	0.0432126183	0.0350639397	0.0242110378	0.0201355516	-0.0215610625	0.0016544088	-0.024505105	-0.0873062936	-4.9164e-05	0.0016970285	-0.0010254239	-0.0052105078	-0.0304478168	-0.0413255766	-0.0246157012	0.0221242661	0.0487452855	-0.0095623114	-0.0255135664	-0.0606422008	-0.0191540086	-0.0236616328	0.0181855441	-0.0098096307	-0.003878346	-0.0049688697	0.0126837869	0.0314030279	3.76669e-05	0.0190278311	0.0575380182	0.0376566807	-0.0797689457	-0.0323189842	0.0479034048	-0.0158934991	0.0097765737	-0.0120274355	0.0154923492	0.0150572306	0.0303047865	-0.0600536257	0.0267135732	-0.0031685242	0.0017792122	0.0053870578	0.1076529337	-0.0030134636	-0.0149253049	-0.0372847578	-0.0170996595	2.44135e-05	-0.0092880345	0.0197543779	0.0119991113	-0.0222041899	-0.0523761135	0.0324408651	-0.030390316	0.036563583	0.0939238319	0.0174360494	0.0684531429	-0.0347286842	-0.0411651898	-9.2151e-06	0.0437604891	-0.0962517885	0.0025844885	-0.027846755	-0.0042827051	-0.0023104766	-0.0190501913	-0.024715219	-0.0262864284	-3.13114e-05	-0.0192035178	0.0104537184	-0.0097291487	-0.0440002744	0.0117924774	-0.0006633919	0.0016681122	-0.0106989673	0.0303195077	0.0205441143	0.0060941858	0.0068941741	0.0148085584	0.0087565138	0.0114271949	0.0274562498	0.0272258409	0.0353868296	-0.0507523751	-0.0192102822	-0.029529997	0.0516964765	-0.008981135	-0.0549439985	0.0413272632	0.0411253466	-0.0056032603	-0.0289667198	-0.0261680931	0.0108840509	-0.0441320627	-0.0305015125	0.0305736153	0.0440920108	-0.0109739574	-0.0489701238	-0.0107941057	0.044171958	0.0304293015	-0.0306456097	-0.0440518025	0.0110638251	0.0489698633	0.0107041222	-0.0442116967	-0.0303569825	0.0307174953	0.044011438	-0.0111536535	-0.048969429	-0.0106141007	0.0442512785	0.0302845558	-0.030789272	-0.0611316	-0.0083253	6.931062009000002e-05	0.00373707251856	-2.13441	0.0982000000000002	4.555706048099999	0.00964324	-0.169919	-0.0229539999999999	0.0005268861159999	0.0288724665609999	-0.0215558	-0.0007039	0.00046465251364	4.954752100000005e-07	0.00285808	-0.0003013	8.168621286399999e-06	9.078169e-08	6.68778e-05	3.889630000000001e-05	4.472640132840001e-09	1.5129221536900004e-09	0.0	0.0	0.0	0.0	0.0	0.0	0.0	0.0	0.0	0.0	0.0	0.0	0.0	0.0	0.0	0.0	0.0	0.0	0.0	0.0	0.0	0.0	0.0	0.0	0.0	0.0	0.0	0.0	0.0	0.0	0.0	0.0	0.0	0.0	0.0	0.0	0.0	0.0	0.0	0.0	0.0	0.0	0.0	0.0	0.0	0.0	0.0	0.0	0.0	0.0	0.0	0.0	0.0	0.0	0.0	0.0	0.0	0.0	0.0	0.0	0.0	0.0	0.0	0.0	0.0	0.0	0.0	0.0	0.0	0.0	0.0	0.0	0.0	0.0	0.0	0.0	0.0	0.0	0.0	0.0	0.0	0.0	0.0	0.0	0.0	0.0	0.0	0.0	0.0	0.0	0.0	0.0	0.0	0.0	0.0	0.0	0.0	0.0	0.0	0.0	0.0	0.0	0.0	0.0	0.0	0.0
54238.24335144843	-69.89370823139325	2941787041.85094	4885.130450335128	66188.65442041015	273.4826906738308	4380937973.98448	74792.78209819822	54991.12128075133	10.227080059237778	3024023419.7143016	104.593166538059	55147.25960952367	54346.84691875507	0.947649	21.709562	0.0998196256000001	0.0563389	0.0016925971	0.0035793836	-0.0090669187	-0.0014571835	-0.0123830912	0.0133523433	0.0240645716	0.0288111968	-0.0111229186	0.0124668898	-0.0334228779	0.0102847815	0.0109565487	-0.0150392912	0.0082125826	0.0034625221	0.029581865	0.0029537442	0.0093923507	0.0063282429	0.0050197312	-0.0491217726	-0.0035943446	-0.0203601935	-0.0235456712	0.0385847032	0.0021836297	0.0320905974	0.0361277555	0.0600996696	-0.0050728884	0.0139409538	0.0151459018	-0.019264284	0.0447858794	0.036391381	-0.0341656289	-0.0097335442	0.0081465113	-0.0420896898	0.0835633443	0.0149042378	0.0526384958	0.0016723124	0.0071980641	0.040717481	-0.0206004974	0.0239099035	0.0219935832	0.0035107527	0.0027902392	0.0094801513	0.0192122369	-0.0146124199	0.0218525146	-0.0027296043	0.0285133476	0.0186943649	0.0471898866	0.0121552076	0.016779937	0.0109515901	-0.0260537231	0.0235082551	0.0110356959	0.0025392427	0.0128845941	-0.0208970912	-0.0614352685	0.0484027312	-0.0224812226	0.0151780596	-0.0419442792	0.0169009753	-0.0404263936	-0.0192781011	0.0254911689	0.0161810071	0.035825213	-0.0405393308	-0.0412345829	-0.0117017724	0.0059309457	0.0703658407	-0.0109564723	0.0054028374	-0.0552179092	0.0442620303	0.0564396714	0.0212490931	-0.0278836396	0.0228431554	0.024591021	-0.0587002908	-0.0322885461	-0.029298886	0.0330579573	-0.0505842954	-0.0099057539	0.0139000095	0.0010720792	0.033246609	0.0214122597	0.0039368023	-0.1119847006	-0.0218137969	0.008070683	0.0213451289	-0.0142113204	0.0293810587	0.0059052038	0.022854067	0.0016915278	-0.0098620021	-0.0078330107	-0.0057754185	0.0481731571	-0.0021988426	-0.0267049571	0.0181346004	-0.0390520148	-0.0043273593	0.0209711607	0.0361416605	0.0617910198	-0.0157653572	0.0144737282	0.0116658012	-0.0171334616	0.0484613487	0.0358840674	0.0331979677	-0.0017723003	0.0134537138	0.0368704306	-0.0814582396	-0.0111309176	0.0286052392	0.0524247175	-0.0115406877	-0.0432086986	0.0249247473	-0.0095387914	-0.0127312555	-0.0054822917	-0.0049252524	-0.0102061637	-0.0065705454	-0.0047860614	-0.0279638506	0.0183128623	0.0141605175	-0.0206007753	0.0582290747	-0.0124667296	-0.004293772	-0.0079255786	0.0259491666	-0.0221276096	0.0017712351	0.0016952881	-0.0358296018	0.028531782	0.0558730762	0.0288943047	0.0069780725	-0.0189824464	-0.0437980611	-0.0125360427	-0.0443870629	-0.0375557995	0.0177324737	-0.0071038187	0.0455620016	-0.0033187792	-0.0156086866	-0.0031911367	-0.0234951741	0.0686236236	-0.0323958671	0.0105700913	-0.038055821	-0.0407260281	0.0774488339	-0.0323237168	-0.0344416626	0.000283159	-0.018086016	-0.0628648492	0.037675907	0.0018945763	0.0465220145	0.0367552517	-0.0255797041	0.0013111519	-0.0206254784	-0.0173874074	-0.0485870195	-0.0152509773	-0.1037075836	-0.020570741	0.0096601799	-0.0057402178	-0.022065462	-0.0367747511	0.0260835574	0.0050414336	-0.0221115324	-0.003733391	0.0025387845	-0.0085178119	0.0212013314	0.0135615647	0.0046084448	-0.0008548239	-0.0048300097	0.0371813841	0.016122599	-0.0221765225	0.0088551737	0.0421950944	0.015995032	-0.0200574966	-0.0392342009	0.0132462139	-0.019054606	-0.0119838702	-0.0089865993	0.0273043439	0.0236136811	-0.0049930712	0.0058967546	0.0107041222	-0.0442907033	-0.0300666323	0.0311465121	0.0436829132	-0.0120497088	-0.0489506689	-0.0093499925	0.0448631447	0.0289627561	-0.0322015336	-0.0430402594	0.0133856785	0.0488920593	0.0079884006	-0.0453997805	-0.0278357645	0.0332308549	0.0423632548	-0.014710965	-0.0487944286	-0.006620433	0.0459001824	0.026686557	-0.0342336544	-0.0533679	0.0077636999999999	6.027503768999997e-05	0.00284813275041	-2.18474	-0.0503300000000002	4.7730888676	0.0025331089	-0.174817	-0.004898	2.3990404000000133e-05	0.030560983489	-0.0211532	0.0004025999999999	0.00044745787024	1.620867599999996e-07	0.00259198	-0.0002661	6.718360320399999e-06	7.080921e-08	-9.80712e-07	-6.7858512e-05	9.617960269439998e-13	4.604777650854144e-09	0.0	0.0	0.0	0.0	0.0	0.0	0.0	0.0	0.0	0.0	0.0	0.0	0.0	0.0	0.0	0.0	0.0	0.0	0.0	0.0	0.0	0.0	0.0	0.0	0.0	0.0	0.0	0.0	0.0	0.0	0.0	0.0	0.0	0.0	0.0	0.0	0.0	0.0	0.0	0.0	0.0	0.0	0.0	0.0	0.0	0.0	0.0	0.0	0.0	0.0	0.0	0.0	0.0	0.0	0.0	0.0	0.0	0.0	0.0	0.0	0.0	0.0	0.0	0.0	0.0	0.0	0.0	0.0	0.0	0.0	0.0	0.0	0.0	0.0	0.0	0.0	0.0	0.0	0.0	0.0	0.0	0.0	0.0	0.0	0.0	0.0	0.0	0.0	0.0	0.0	0.0	0.0	0.0	0.0	0.0	0.0	0.0	0.0	0.0	0.0	0.0	0.0	0.0	0.0	0.0	0.0
54285.56669145665	47.3233400082172	2946922751.012587	2239.498509533331	66177.4822578125	-11.17216259764973	4379459157.9830885	124.81721710832358	54956.10544041647	-35.01584033486142	3020173525.1781726	1226.109074356508	55109.68653180007	54941.54082189783	1.046201	23.967293	0.0696702944000002	0.0305071	-0.0014361018	0.0014434202	-0.0084496798	-0.0037401578	-0.0111410599	0.0118919975	0.0187058513	0.0169481792	-0.0135133779	0.0148174135	-0.0011066469	-0.0264457372	-0.0078306009	-0.0163704895	-0.0048264022	-0.0160950096	-0.0271798436	-0.0127411966	-0.0093731182	-0.003756218	0.034743195	0.0230021569	0.052261919	-0.0482565645	0.0484345326	-0.0071089892	-0.0100521946	0.0142239551	-0.0194123677	-0.0232991679	-0.0028025699	0.027846547	0.000822285	0.0206540598	0.0314282053	0.0638634238	-0.0384904674	-0.0297483758	-0.0231525838	0.0254828658	-0.0138101859	0.0124951639	0.059027975	-0.0386565228	-0.0040783596	-0.0310809746	0.0545327104	0.0284462458	0.0105875584	0.0485609649	-0.0635536811	0.0015391201	-0.0019213618	-0.0314122211	0.0380753706	0.0165854917	-0.0047930261	-0.0142122103	-0.003879575	-0.0505095938	-0.034262728	0.0028913551	0.0012490347	-0.0180961276	0.0681141467	-0.0013013917	0.0099822946	-0.0055289747	-0.0756134243	0.0097098934	-0.0003009343	-0.0267137423	-0.006518566	-0.015677584	0.0500944075	0.0219891309	-0.0363338514	0.0233216983	0.0155464884	-0.0389502217	0.0367242133	-0.0106402226	-0.0374210707	-0.0449029516	0.0828363985	0.093661787	-0.0046725309	-0.0288794753	-0.0208480464	-0.060914482	0.0161809258	0.0438030636	-0.0300675674	-0.0240735948	-0.0262439201	-0.0003445475	0.0678512993	0.0173449774	0.0106295449	-0.0238163631	0.0003263474	-0.0149417964	0.0680712064	-0.0628362962	-0.0071589426	0.0317267835	-0.0311416846	0.0679646802	0.0019976593	0.077027074	0.0107134224	-0.016735033	-0.0140717377	0.0075710616	0.004385739	-0.0349271336	-0.0234302687	-0.0497606471	-0.0224250278	-0.0678265714	0.0037933206	0.0098046971	0.019406789	-0.0119046188	-0.025508325	-0.0057416196	0.0286308978	-0.0017926684	0.0225639447	0.0277237753	0.0610839292	0.0449701392	-0.0288607923	-0.0166718375	-0.0282488993	0.0099552586	-0.0062216068	-0.0344399968	0.0609781543	0.0209007189	0.0149324891	-0.0342923756	-0.0498770223	-0.0207340664	-0.044479845	0.0658734897	-0.0258917078	0.0046202118	-0.0171147973	-0.0380581624	-0.0279766267	0.009894248	-0.0003276078	-0.0076989105	0.0523682659	0.0099576589	-0.0126941112	-0.0134987133	-0.0017976375	0.0778109575	0.0080048919	-0.0244646252	0.0105215856	0.0620761896	-0.0055483322	-0.0026154172	0.0171868055	-0.005376945	-0.0163263042	0.0449607695	0.0349811689	-0.0312076462	-0.0090745549	0.0253089065	-0.0126347494	0.0298334328	-0.0529510477	-0.0621432933	-0.0115899972	0.0950052451	0.0887814721	-0.0021766098	-0.0044343671	-0.0571170125	-0.0376929445	0.0187695738	0.032667143	-0.0282293203	-0.0045181649	0.0254531566	0.0095861866	0.0540376649	0.0027323167	0.0497829997	-0.0025665143	0.0191827548	0.0046482859	0.0185122854	-0.0636622574	0.0023767657	-0.0489066358	-0.0253273513	-0.0769017373	0.0249296097	-0.0651485222	-0.019991921	-0.023585373	-0.0407553987	-0.0035442465	-0.0023143725	-0.011656753	0.0103865301	0.0189158228	-0.0218900358	-0.0043620099	0.0152445745	-0.0204260376	0.0202533541	0.0101123763	0.0142762	0.0462342241	0.0429490767	-0.0119770539	0.0278122197	0.0235009096	-0.0110501176	-0.012677717	0.0326784924	0.0429177237	0.0222905172	-0.0022079415	-0.0052386548	0.0105240416	-0.04444683	-0.0296279125	0.0317123377	0.0432583199	-0.0131193052	-0.0488971813	-0.007897389	0.0455027728	0.0274551188	-0.0337021777	-0.0419407874	0.0156754391	0.048678311	0.0052471816	-0.0464229987	-0.0252004375	0.0355914973	0.0404981621	-0.0181848193	-0.0483142525	-0.0025813239	0.0472047632	0.0228705931	-0.0373746616	-0.0587577	-0.0053898	2.904994404e-05	0.00345246730929	-2.16708	0.0176600000000002	4.696235726399999	0.0003118756	-0.156244	0.018573	0.000344956329	0.024412187536	-0.0208513	0.0003019	0.00043477671169	9.114361000000049e-08	0.00240458	-0.0001873999999999	5.7820049764e-06	3.511875999999996e-08	-7.26306e-05	-7.164988800000001e-05	5.27520405636e-09	5.133706450412545e-09	0.0	0.0	0.0	0.0	0.0	0.0	0.0	0.0	0.0	0.0	0.0	0.0	0.0	0.0	0.0	0.0	0.0	0.0	0.0	0.0	0.0	0.0	0.0	0.0	0.0	0.0	0.0	0.0	0.0	0.0	0.0	0.0	0.0	0.0	0.0	0.0	0.0	0.0	0.0	0.0	0.0	0.0	0.0	0.0	0.0	0.0	0.0	0.0	0.0	0.0	0.0	0.0	0.0	0.0	0.0	0.0	0.0	0.0	0.0	0.0	0.0	0.0	0.0	0.0	0.0	0.0	0.0	0.0	0.0	0.0	0.0	0.0	0.0	0.0	0.0	0.0	0.0	0.0	0.0	0.0	0.0	0.0	0.0	0.0	0.0	0.0	0.0	0.0	0.0	0.0	0.0	0.0	0.0	0.0	0.0	0.0	0.0	0.0	0.0	0.0	0.0	0.0	0.0	0.0	0.0	0.0
54248.46500807561	-37.1016833810354	2942895955.732404	1376.5349097065985	66251.44328710937	73.96102929687186	4389253737.62507	5470.233854652737	54942.91044714096	-13.19499327550875	3018723408.402551	174.10784754072114	55096.76647612393	54501.05307236709	1.130376	25.895634	0.0614875900000001	0.0341072	0.0016572257	0.0034614706	-0.0117850971	-0.0178628843	-0.0205163648	-0.0089161905	0.0373892648	-0.0342666088	-0.0292577009	0.0250670427	0.0068997166	0.0162783784	-0.0107310177	-0.0018081479	-0.0023153006	0.0125895887	0.0269312921	0.0243644743	-0.0464418397	0.0293277467	-0.0131757995	0.0386258181	0.0134627648	-0.0151616894	-0.0033888411	0.0137692879	0.016840183	0.000397374	-0.0070038956	-0.0145193701	0.0348981446	0.0241669683	0.0037411112	-0.0228816514	0.0418764285	0.0316506228	-0.0125089215	0.0202602691	-0.0247276165	-0.0634773146	0.0320533547	-0.0104005874	-0.0248854623	-0.0249143553	0.0076121558	0.0078769003	0.0154080953	-0.0075028905	-0.0026866749	0.0180490732	-0.0176732212	-0.0061390841	-0.0098516585	-0.0012888356	-0.0557236137	-0.0257407921	0.0686905009	0.0285494329	0.0111141446	-0.0378867418	0.0315002871	0.024618014	-0.0016132317	-0.0060864808	0.0416282188	0.028976084	0.0172978731	0.0307245596	-0.0031494922	-0.0011625462	-2.89529e-05	-0.0298562053	0.0319148334	0.0547361146	-0.062726028	0.0636294367	-0.0220415849	-0.0728377972	-0.0047738965	0.0038104144	-0.002461456	-0.0541767894	-0.0171667274	-0.0205541223	0.0180549866	0.022588541	0.008682256	0.0265787212	-0.0072179262	-0.0188270945	0.0243979491	0.0006744992	0.0400425836	0.0593354593	-0.0121860889	-0.0301454475	0.0011663281	0.0017132079	0.0084509754	0.023466748	0.0591513812	-0.0580764892	0.0070680729	0.0425645459	-5.96377e-05	-0.0230723247	0.0172939399	-0.0108241744	-0.0111562494	-0.0329071152	-0.0021045989	0.0399963055	0.0247803305	0.0483686615	-0.031759662	0.0120772337	-0.0361096857	-0.0133956061	-0.0132914074	-0.0030232729	-0.0141719639	-0.0148511066	-0.0002395679	-0.0056557557	-0.0119689988	0.0302944366	0.0293782099	0.004853992	-0.0223596225	0.0432132872	0.0298744545	0.0094495247	0.0216101156	-0.0190792615	0.0588040826	-0.0422911446	0.0024486861	-0.0289164571	-0.0197828017	-0.0071631225	-0.0142734875	-0.0215039491	0.0043847566	-0.0084174763	-0.0095360786	0.0226798134	0.000349789	0.0090111066	-0.0091237184	0.0467370898	0.0668737093	-0.0231702004	-0.0413922932	0.0238230911	0.0135776147	-0.0413658584	-0.0053011783	-0.0019851268	0.0221203827	0.0456760774	-0.0226276839	-0.0144774644	-0.0265294058	0.0121449122	0.0101058625	0.0066316431	0.0274651995	0.0094882395	0.0613364006	-0.0695978309	0.0481075234	-0.0268320935	0.0873555803	0.0114676577	-0.0164048547	-0.0458757934	-0.0239250343	-0.0026590285	-0.0213216395	0.0124920576	0.0212358259	0.0158730035	-0.006406383	0.0068532033	0.0387550954	0.0363134644	-0.0017180978	0.0606688309	0.0077220576	0.0212242369	-0.0098821391	0.0312104396	-0.0198087662	-0.022192485	-0.0376895752	-0.0212406774	0.0648909331	-0.0095985448	-0.0254377419	0.0127396813	0.0340541302	0.0066860263	0.0452689048	0.0037051005	0.0234659501	0.0528634298	0.0058710071	0.0055609967	-0.0024591011	0.005688258	-0.0196933813	0.0355670355	0.0318946176	0.0175964682	-0.0080735465	0.0152342371	0.0042747643	0.0177833359	-0.0160153131	0.0052140794	0.0284206473	-0.0389126925	-0.0035486118	0.0421913305	0.0250231606	-0.0098714011	-0.0345029216	0.0021980902	0.0233175476	-0.0005809881	-0.0476616981	0.0097641786	0.0103438118	-0.044600434	-0.029185409	0.0322709638	0.0428183818	-0.0141822002	-0.0488096981	-0.0064376142	0.0460901072	0.0259085287	-0.0351449656	-0.0407556328	0.017927617	0.0483292125	0.0024892147	-0.0472776357	-0.0224618045	0.0377885739	0.0384257095	-0.021555509	-0.0475319038	0.0014755028	0.0481552347	0.0188678315	-0.0401844584	-0.056797	0.0019607	3.844344490000011e-06	0.003225899209	-2.15073	0.01635	4.625639532899999	0.0002673225	-0.183417	-0.027173	0.000738371929	0.033641795889	-0.0208363	1.5000000000001124e-05	0.0004341513976899	2.2500000000003368e-10	0.00265797	0.00025339	7.0648045209e-06	6.420649210000002e-08	-2.09428e-05	5.16878e-05	4.3860087183999996e-10	2.67162866884e-09	0.0	0.0	0.0	0.0	0.0	0.0	0.0	0.0	0.0	0.0	0.0	0.0	0.0	0.0	0.0	0.0	0.0	0.0	0.0	0.0	0.0	0.0	0.0	0.0	0.0	0.0	0.0	0.0	0.0	0.0	0.0	0.0	0.0	0.0	0.0	0.0	0.0	0.0	0.0	0.0	0.0	0.0	0.0	0.0	0.0	0.0	0.0	0.0	0.0	0.0	0.0	0.0	0.0	0.0	0.0	0.0	0.0	0.0	0.0	0.0	0.0	0.0	0.0	0.0	0.0	0.0	0.0	0.0	0.0	0.0	0.0	0.0	0.0	0.0	0.0	0.0	0.0	0.0	0.0	0.0	0.0	0.0	0.0	0.0	0.0	0.0	0.0	0.0	0.0	0.0	0.0	0.0	0.0	0.0	0.0	0.0	0.0	0.0	0.0	0.0	0.0	0.0	0.0	0.0	0.0	0.0
54129.56912799339	-118.895880082222	2930010253.982215	14136.230300526113	65857.48223339843	-393.9610537109402	4337207966.122391	155205.3118410343	54977.90399842843	34.993551287472656	3022569928.060413	1224.5486317089792	55126.80783182683	54424.80552899249	1.161389	26.606108	0.1754794300000004	0.102799	0.0025081793	0.0009308879	-0.0014346683	-0.0068915584	-0.0342557667	-0.0139901369	0.0541665343	-0.0229949687	-0.0010338982	-0.0299655114	0.0057357066	-0.0398295341	0.0267043498	0.007361989	-0.0014891326	-0.0255500628	-0.015799129	0.0052850023	0.0083563658	0.0259099206	-0.0747461528	-0.0012554092	0.0687118279	-0.0506843571	0.0125018465	-0.000921033	-0.00052956	0.0318671901	-0.0402955205	0.0292810593	0.0333011035	-0.0106219985	-0.0262189954	0.0416216027	-0.0277217524	0.0680153767	0.002413097	0.0291895091	-0.0748466069	0.0040236587	-0.0238739428	0.0041010739	-0.0522435933	0.032418353	-0.0143956896	0.0261194794	-0.0096085273	0.0065118053	0.0312203499	-0.0317700867	-0.0025678645	0.0107143891	-0.0135824841	-0.0588315797	-0.0342866537	-0.0161542622	-0.0314739493	-0.027720087	0.0074352451	0.055738149	-0.0266985236	0.0374742721	0.0196699494	0.0231043691	-0.0361894847	0.0599650633	-0.0095901045	0.0098613447	0.0177845511	-0.022519294	0.015287534	-0.0209160752	0.0284982958	0.0183212439	0.0101037913	-0.0254651565	0.0058661474	0.0209825411	0.0153087187	0.022101144	0.0571225352	0.0373380053	-0.0065588916	-0.0362331177	0.037031681	-0.0296756743	-0.0322364478	-0.010007392	0.0155171068	0.0108867814	-0.0195078423	-0.0369761924	-0.0022832386	0.0359563689	-0.0064962855	-0.010685521	-0.0275019358	-0.0301253588	-0.0248840856	0.0114994985	-0.0280988512	-0.0166038698	-0.0134305002	-0.0623291676	-0.056514915	-0.0009900177	0.0261147589	-0.110914884	-0.0066958373	-0.0020287446	0.0722082472	-0.0442464894	0.0043851973	-0.0056036135	-0.0285789917	0.073868632	0.0024987502	-0.0701371262	-0.0274644236	-0.0360014429	-0.0031263247	-0.0029266134	0.0380050569	-0.0303504651	0.0266114344	0.0309392435	-0.0039255416	-0.0383054672	0.0345345417	-0.0274704161	0.0729692254	-0.0034239011	0.0321062059	-0.0759983559	-0.0026231344	0.0221409079	-0.0160984675	0.0221960924	-0.0567465328	0.0088316505	-0.0143678468	0.0099529526	0.0026111837	-0.0166583747	0.0210551869	-0.0091346309	-0.0221234566	-0.0154625295	-0.0723185242	0.0107948089	-0.0052688221	0.0146379299	0.021812125	-0.0096744004	-0.0504320261	0.0267793703	-0.0304051221	0.0062067859	-0.0049826574	-0.0362180218	-0.0640520235	0.0277088823	-0.0255298687	-0.0108471753	-0.0235429898	-0.0080128552	0.0320161624	0.0280097631	0.0274923167	0.013488539	-0.0212234456	0.0038357725	-0.0150542642	-0.023917285	0.021442131	0.0663603018	-0.0113858556	0.0116245338	-0.0261978838	0.041542962	-0.0271502143	-0.0140352432	0.0307826927	0.0317951212	0.0049534889	-0.0188062443	-0.0423652091	0.0234360168	0.0318786548	0.007067233	-0.0206600291	-0.0038730242	0.0044274021	-0.0349996575	0.043433147	-0.0099105601	-0.0043741371	0.0627463185	0.0053591725	-0.0259992508	-0.0388489837	0.0050987662	0.044730238	-0.1059954405	0.0162805016	0.010002683	-0.0945425982	0.0138495535	0.0003268674	-0.0066825702	-0.0032250525	0.0091047657	0.0188674029	-0.0395756368	0.0237026072	-0.0346980133	-0.0033097719	0.0120327512	0.0540442514	-0.0030833064	0.0123527094	-0.0249241367	-0.0061036248	-0.0256273596	0.0268359458	0.0053827607	-0.0129951484	0.023649723	0.0243502385	-0.0147778066	-0.0147136408	0.0170700444	0.0101634351	-0.0447515066	-0.0287391785	0.0328222635	0.0423632548	-0.015237851	-0.0486882801	-0.0049719936	0.046624473	0.02432518	-0.0365274207	-0.0394872168	0.0201368126	0.0478457346	-0.0002766972	-0.0479605879	-0.0196310923	0.0398119877	0.0361565084	-0.0248039116	-0.0464522756	0.005522202	0.0487444668	0.014710965	-0.0426381448	-0.0484001	0.0083968999999999	7.050792960999997e-05	0.00234256968001	-2.21491	-0.0641800000000003	4.905826308100001	0.0041190724	-0.134629	0.048788	0.0023802689439999	0.018124967641	-0.0217958	-0.0009595	0.00047505689764	9.206402500000038e-07	0.0025784	-7.957000000000016e-05	6.648146559999999e-06	6.3313849000000265e-09	-6.41634e-05	-4.32206e-05	4.1169418995600005e-09	1.86802026436e-09	0.0	0.0	0.0	0.0	0.0	0.0	0.0	0.0	0.0	0.0	0.0	0.0	0.0	0.0	0.0	0.0	0.0	0.0	0.0	0.0	0.0	0.0	0.0	0.0	0.0	0.0	0.0	0.0	0.0	0.0	0.0	0.0	0.0	0.0	0.0	0.0	0.0	0.0	0.0	0.0	0.0	0.0	0.0	0.0	0.0	0.0	0.0	0.0	0.0	0.0	0.0	0.0	0.0	0.0	0.0	0.0	0.0	0.0	0.0	0.0	0.0	0.0	0.0	0.0	0.0	0.0	0.0	0.0	0.0	0.0	0.0	0.0	0.0	0.0	0.0	0.0	0.0	0.0	0.0	0.0	0.0	0.0	0.0	0.0	0.0	0.0	0.0	0.0	0.0	0.0	0.0	0.0	0.0	0.0	0.0	0.0	0.0	0.0	0.0	0.0	0.0	0.0	0.0	0.0	0.0	0.0
54227.56671049604	97.99758250264858	2940628991.341298	9603.526176363415	66102.70738623047	245.22515283203396	4369567923.789608	60135.3755814944	54912.16205648574	-65.74194194269512	3015345541.717752	4322.002930396696	55059.76896631184	54583.15958870232	1.130827	25.905966	0.12935594	0.0714123	-0.0018338377	0.0055586889	-0.0101518769	-0.0077055505	-0.0288489319	0.006984012	0.0360062147	0.0412828941	-0.0486217331	-0.018292123	0.034025398	0.0256051269	-0.0285090971	0.0075817332	-0.0087044061	0.0311577474	0.0167756172	0.003072891	-0.015753434	0.0266521884	-0.0119038101	-0.0665389055	-0.0220000154	-0.0860676879	-0.0406734426	0.0073492392	0.0324835605	-0.0246144644	0.0350186661	-0.0186826086	-0.0233472889	-0.0139104525	0.0467424072	-0.0217323228	-0.0017982206	-0.0008410712	0.0210923291	-0.0001950379	-0.0141132281	0.0162417617	0.0072292785	-0.0107580781	0.0759406242	-0.0131221397	0.0249108875	-0.0130723457	-0.0059591083	0.0718884408	0.0200655998	0.0404851115	0.0124166173	-0.0152531267	-0.0339368235	0.0378203347	-0.0075051969	-0.0095808821	0.02882919	-0.0245705342	0.0632838355	-0.0356113898	0.0423954796	0.0005739934	-0.0198753006	0.0212714382	-0.0490477709	0.0206324752	-0.0194515776	0.0389556163	-0.0733357839	0.0074210049	0.0131725404	0.0202478533	-0.0570652958	0.0428599512	0.0477857806	0.0075592995	-0.0058481494	0.0104784826	0.0271083759	-0.0095334528	-0.0072928279	-0.0149947416	-0.0167050498	-0.025513679	0.0019749636	0.0045603395	-0.0421517469	-0.0280748637	-0.016002529	-0.0382262236	0.0457868633	-0.0060602285	-0.003241937	0.0610758667	0.0067099306	0.0008479762	0.0086702525	0.0310597819	-0.0471444971	-0.064893707	-4.3847e-06	0.0397350328	-0.0076853311	0.0435254381	0.0689063548	0.0035527638	-0.011350932	-0.0006815774	-0.0235324391	0.0511983342	-0.0407623994	-0.0311673701	0.0034779274	0.0148547055	-0.0245980862	0.0092000552	0.0711336643	0.011473109	-0.0888354233	0.0020255013	-0.0095142279	-0.0370588135	-0.0303470515	0.0324846414	-0.0143089115	-0.0174633547	-0.0168948238	0.0426893991	-0.0217770091	0.0025378008	-0.0021273777	-0.0185908059	-0.0048401263	-0.0140246863	-0.016241018	-0.0028108028	0.0183699436	-0.0034281829	0.0748593766	-0.0202258776	0.0024256485	0.0320894628	-0.0579602449	-0.0334540918	-0.0508407209	0.0011815578	0.0276219283	0.007434299	0.0165666455	0.0465179432	-0.0152873221	0.0364609431	-0.0323858361	0.0537191202	0.0147492851	-0.0572995752	0.0092747034	0.0093614712	-0.0043589102	-0.0471531432	-0.0172544428	0.0150118317	-0.0196727013	0.0766057588	0.0089094518	0.0154426039	0.0011707167	-0.0777950793	0.0228636115	0.0531930027	-0.0006870726	-0.0125025295	0.0002924198	0.0160961498	0.0192533162	-0.0043271572	-0.0169340687	-0.0229489379	-0.0220511496	0.0054859411	0.0215583463	-0.0444975654	0.0122641954	-0.0020791272	0.0115374129	0.0530906752	-0.0035050622	0.023480033	0.0503315848	-0.0009851377	0.0151071702	0.0181970665	-0.0656636639	-0.0014370233	0.0225809374	0.0558336942	-0.0360686794	-0.0391071253	0.0177833425	0.0776498594	0.0200855276	-0.0004468287	-0.0490149251	-0.0161215146	-0.0305145227	-0.024981739	0.0169210679	0.0290879148	-0.0019406143	0.0023183784	-0.014411687	0.0351102149	0.020898221	0.016246609	-0.0351018554	0.0163635992	-0.0254551629	0.0005612722	0.0183216709	-0.0019398763	0.0257034412	-0.0057020882	-0.0048945061	-0.0363799915	0.0351363692	-0.0073234913	-0.047494814	0.0093174319	0.0122321237	-0.0284588731	-0.0403262723	0.0152958838	0.0099829142	-0.0449000392	-0.0282892778	0.0333661115	0.0418931005	-0.0162857183	-0.0485330118	-0.0035018582	0.047105256	0.022707319	-0.0378471697	-0.0381381307	0.0222977292	0.0472292216	-0.0030417259	-0.0484693751	-0.016719905	0.0416524399	0.0337021777	-0.0279115985	-0.0450821203	0.0095309979	0.0489680393	0.0104339452	-0.0447139763	-0.0682221	-0.0198219999999999	0.0003929116839999	0.0046542549284099	-2.1815	0.0334099999999999	4.758942250000001	0.0011162280999999	-0.184681	-0.050052	0.002505202704	0.034107071761	-0.0213854	0.0004104	0.0004573353331599	1.6842816000000146e-07	0.00247976	-9.863999999999968e-05	6.149209657600001e-06	9.729849599999934e-09	-7.65622e-05	-1.23988e-05	5.861770468840001e-09	1.5373024144e-10	0.0	0.0	0.0	0.0	0.0	0.0	0.0	0.0	0.0	0.0	0.0	0.0	0.0	0.0	0.0	0.0	0.0	0.0	0.0	0.0	0.0	0.0	0.0	0.0	0.0	0.0	0.0	0.0	0.0	0.0	0.0	0.0	0.0	0.0	0.0	0.0	0.0	0.0	0.0	0.0	0.0	0.0	0.0	0.0	0.0	0.0	0.0	0.0	0.0	0.0	0.0	0.0	0.0	0.0	0.0	0.0	0.0	0.0	0.0	0.0	0.0	0.0	0.0	0.0	0.0	0.0	0.0	0.0	0.0	0.0	0.0	0.0	0.0	0.0	0.0	0.0	0.0	0.0	0.0	0.0	0.0	0.0	0.0	0.0	0.0	0.0	0.0	0.0	0.0	0.0	0.0	0.0	0.0	0.0	0.0	0.0	0.0	0.0	0.0	0.0	0.0	0.0	0.0	0.0	0.0	0.0
54239.93287435561	12.366163859573136	2941970318.2146025	152.9220086018127	66088.46494726563	-14.242438964836763	4367685199.085959	202.84706766710053	55012.275281068665	100.11322458292852	3026350431.6000786	10022.657736391884	55166.55504801974	53900.05560318588	0.943386	21.61191	0.0589598750000001	0.0244438	0.0023621947	-0.0005369336	-0.0042150018	-0.0013884905	-0.0163734166	0.0271952935	0.0282584424	0.0279687904	0.0086521132	0.0346137131	-0.0311105637	-0.030653001	0.0302546538	-0.0206397805	-0.0051969137	-0.0199348515	0.0202382571	-0.0090875961	0.0087575313	0.0127692823	0.0539776067	0.014319968	0.0577174418	0.0329216329	-0.0112284456	-0.0198364296	-0.0043257739	0.0129123304	-0.0328407274	0.0756705377	0.0390291923	0.0212415997	-0.0640490172	0.0039688708	-0.0458568987	0.0417720956	0.0484852771	0.0118837056	-0.0471812142	-0.0156006904	-0.0431285421	0.0272316801	0.0485909856	-0.0198827708	-0.0079701539	-0.021836574	0.0304599617	0.0171038344	-0.0386684923	-0.0141408021	0.0264923483	-0.0189634447	-0.0151034995	-0.0033092706	-0.0095360026	0.0284424427	0.0166293346	0.0418127033	0.0646411685	-0.0251750774	0.0113149389	-0.0316253744	-0.0054516172	-0.0165577369	0.0012358076	-0.0251285588	-0.0243978124	-0.0065643578	-0.0420209974	-0.002569679	0.0213375587	-0.008434651	0.0400893342	0.0324293812	-0.0499614706	0.0213506934	0.0248901568	-0.0008073151	0.0216144141	0.0041820892	-0.0366891629	-0.0295699797	0.0428928495	-0.0320289265	0.0395287094	0.0302477979	-0.0159523041	0.0211756318	-0.0235902525	-0.0320544555	-0.0287231881	0.0659150178	-0.0619636994	-0.0076244775	0.0381016952	0.0289530958	0.0159772098	0.0109784136	0.0409429225	0.0213971447	0.100349631	-0.067730216	-0.0025620081	-0.0715694623	-0.0059659766	-0.037562553	-0.0006577486	0.0197890447	0.0383480369	0.0038774144	0.0217834127	0.0250873671	-0.0104096985	-0.0091963599	-0.0109770716	-0.0528651245	-0.0157410511	-0.0564769963	0.0310023394	0.0153601089	0.0226471978	0.0081315246	0.0099582811	-0.0312193403	0.0730037185	0.0203959202	0.0282797673	-0.0687699445	-0.0039019408	-0.0458362486	0.0438104342	-0.0476397235	0.0060078248	-0.0389271351	0.0101712564	0.031508744	-0.0274239183	-0.0418833539	0.054053767	0.0201861879	0.0189370456	-0.0239573659	-0.0377152365	0.0285096133	0.0088699047	-0.0172709604	0.0318249877	8.78888e-05	-0.0050083017	0.0131898797	-0.0077549731	-0.0304139078	-0.0056531542	0.0805466279	0.0178654104	-0.0107745684	0.030354785	-0.0167102411	0.0043480526	0.0012498752	0.0291940293	0.0080322085	0.017841149	0.0446553691	-0.013499243	-0.0193672254	0.0024702429	0.0125165171	0.0436541821	-0.0522719776	0.006424868	0.0156753942	0.0216571285	0.0132413937	0.028259833	-0.0329386639	0.0100236787	0.0174204206	0.0023979648	0.0608601264	0.0531773579	-0.0350832034	-0.0579741581	-0.0353752893	-0.0231780604	-0.0139487664	0.0522160324	-0.005074675	0.0087763899	-0.0525921367	0.037630246	-0.0175545934	-0.0162711125	-0.0049204099	-0.0979321221	-0.0085323864	0.0440275196	0.0879990892	-0.0318093266	-0.0266565228	0.0108680048	-0.0291287029	0.0156564089	0.0284508528	-0.0379334915	0.0101363789	-0.016709036	0.0272468159	-0.0021623774	-0.0009787105	-0.0133481242	0.0256403524	0.0341826649	-0.0211408185	0.0304448175	-0.0095227099	-0.0026766854	0.0177617025	-0.0365401928	0.0033890304	0.0376608226	0.0443077235	-0.0105541541	-0.0252361757	0.0116321441	-0.0089891259	-0.0281059959	-0.0013005676	0.0189275998	-0.0348381668	-0.0040804585	0.0153981278	0.0098022517	-0.0450460234	-0.0278357645	0.0339023846	0.0414080854	-0.0173252667	-0.0483440011	-0.0020285429	0.0475319038	0.0210572413	-0.039101947	-0.0367111306	0.0244051859	0.0464813877	-0.0057970462	-0.0488021499	-0.0137401766	0.0433014723	0.031075284	-0.0308609395	-0.0434300072	0.013474375	0.048824275	0.0060717052	-0.0463935571	-0.0565305	0.0116915999999999	0.0001366935105599	0.0031956974302499	-2.17314	0.0083600000000001	4.722537459600001	6.988960000000242e-05	-0.171219	0.013462	0.000181225444	0.029315945961	-0.0211968	0.0001886	0.0004493043302399	3.5569960000000226e-08	0.00267424	0.0001944799999999	7.1515595776000005e-06	3.782247039999997e-08	4.92833e-05	0.0001258455	2.4288436588900004e-09	1.583708987025e-08	0.0	0.0	0.0	0.0	0.0	0.0	0.0	0.0	0.0	0.0	0.0	0.0	0.0	0.0	0.0	0.0	0.0	0.0	0.0	0.0	0.0	0.0	0.0	0.0	0.0	0.0	0.0	0.0	0.0	0.0	0.0	0.0	0.0	0.0	0.0	0.0	0.0	0.0	0.0	0.0	0.0	0.0	0.0	0.0	0.0	0.0	0.0	0.0	0.0	0.0	0.0	0.0	0.0	0.0	0.0	0.0	0.0	0.0	0.0	0.0	0.0	0.0	0.0	0.0	0.0	0.0	0.0	0.0	0.0	0.0	0.0	0.0	0.0	0.0	0.0	0.0	0.0	0.0	0.0	0.0	0.0	0.0	0.0	0.0	0.0	0.0	0.0	0.0	0.0	0.0	0.0	0.0	0.0	0.0	0.0	0.0	0.0	0.0	0.0	0.0	0.0	0.0	0.0	0.0	0.0	0.0
54348.02401592401	108.09114156840224	2953707714.4354534	11683.694885560371	66586.75508398438	498.2901367187442	4433795952.614519	248293.0603511848	55043.1862759913	30.910994922633108	3029752355.413477	955.4896071070498	55187.05416344553	55100.81522993608	1.154198	26.441378	0.0862333899999999	0.0499875	-0.0008717234	-0.0026675891	0.0004124749	-0.0036412586	-0.0037246705	-0.0059379422	0.0109301512	-0.0329479737	-0.0177097748	0.0266065335	0.0436191206	0.0032071535	-0.0218518985	0.0034621586	-0.0562018849	-0.0019674637	0.0026564687	0.0240548913	-0.0078846024	-0.0368017591	-0.0047357866	0.0529825535	-0.0149823661	0.000195926	0.0185060869	-0.0386712342	0.0254215355	-0.0215207825	0.0258345462	-0.028607827	-0.0524768982	0.0197761367	0.0022011736	0.0113623771	-0.0081639811	0.0160455418	-0.0218393825	-0.0172882628	0.0405613053	-0.0362841033	0.0350396893	0.0058740293	-0.049185954	0.0254517498	-0.0032962284	0.02415784	-0.0141812351	0.0199119252	-0.0276379727	0.0100322206	0.0165600095	-0.0054652173	-0.0084187613	-0.0201890318	0.0347569045	-0.0195413793	-0.032527677	-0.0326675907	-0.0567969385	0.0299284924	-0.0219499024	0.012624932	0.006668808	0.0286779034	-0.0579557838	0.0354349935	0.0618727156	0.01453531	0.0214457509	0.0109879949	0.0360170268	-0.0094051626	-0.0044594141	0.0453434136	-0.0376265129	-0.0067742289	-0.0066876	0.0107673218	0.0271867374	0.0351752883	0.0316153213	0.0457129626	0.0088611006	-0.0079668379	0.0108042305	-0.0075892449	-0.043433333	0.0119252996	-0.0052381088	-0.0662878778	-0.0270424961	0.0152806616	0.0308187183	0.0302514863	-0.0166373644	-0.0187922749	-0.0099782208	-0.0287183146	0.0453548529	0.0081992396	0.0262829114	-0.0568013558	0.0545285116	-0.0337583555	0.0091029678	0.0085014321	-0.0721286874	0.0112614028	-0.0197630378	-0.0145872533	0.0152535164	-0.0219166441	0.0252755614	0.0083131805	0.0352878446	0.0056037607	-0.0528824673	0.0168822463	-0.0038915272	-0.0198963485	0.0379881957	-0.0250035705	-0.0191224636	0.0160185951	-0.0354941965	-0.0529771975	0.004484344	0.0086534621	0.0126843523	-0.0084947893	0.0151269565	0.0209751685	-0.0136286787	0.0422171592	0.042145088	-0.0364055388	-0.0083630134	0.0221143262	-0.0519665679	-0.005914062	-0.0121071738	0.0166886405	-0.0140287135	0.0359781076	-0.015363308	-0.0080319355	0.020434378	0.000310104	-0.0165568746	-0.0394151432	-0.0083015321	0.0273064062	0.0280494132	-0.0645385793	-0.0103861519	0.0242157426	-0.0277374633	0.0065501112	-0.0166354283	-0.0606860656	-0.0417973866	-0.0498353553	-0.0454533795	-0.0229358118	0.0057919892	-0.0311261888	0.0220920089	-0.0215528362	0.0346603223	-0.0351407015	-0.0097622127	-0.0093794688	-0.0112478492	-0.0252855094	0.0278749307	0.0543901331	0.0122620686	0.0191577353	0.0006841778	0.0218941631	-0.0032627097	-0.054021408	-0.0306553205	-0.0123228251	-0.0274055525	0.0145178536	-0.0111301137	0.0628508781	-0.020381986	0.0180331011	-0.0519153754	0.0010875698	0.0480873218	-0.0084206991	-0.0391924583	-0.0035662931	0.0401250516	0.0354053456	-0.0703106552	-0.0043404961	-0.0095163395	-0.0639158199	-0.0368168459	0.0169280888	0.0331674765	0.0027226123	-0.0337005597	0.0572090673	-0.0030877516	-0.0064997683	-0.0077163797	0.0096669247	0.0083051682	-0.0041312764	-0.0388241029	0.0140531149	-0.0392936803	0.0275700546	0.0027868155	-0.0035509774	0.009541748	-0.0040376519	0.0022314365	0.0436692848	0.0181061485	0.0307690949	-0.0188058384	0.0009549773	0.0351924278	0.0007673984	-0.0286456601	0.0338833479	0.0096214501	-0.0451894509	-0.0273786964	0.0344309608	0.0409083818	-0.0183559655	-0.0481213794	-0.0005533855	0.047903926	0.019377288	-0.0402895985	-0.0352091317	0.02645413	0.0456043123	-0.0085338634	-0.0489577037	-0.0107041222	0.0447515066	0.0282892778	-0.0336352026	-0.0415062691	0.0173252667	0.0483142525	0.0016598739	-0.0476620031	-0.0497541	0.0067763999999999	4.591959695999993e-05	0.00247547046681	-2.21677	-0.0436299999999998	4.914069232899999	0.0019035768999999	-0.156104	0.015115	0.000228463225	0.024368458816	-0.0212678	-7.100000000000162e-05	0.00045231931684	5.041000000000229e-09	0.00235573	-0.00031851	5.5494638329e-06	1.014486201000001e-07	7.40131e-05	2.47298e-05	5.477938971610001e-09	6.115630080400001e-10	0.0	0.0	0.0	0.0	0.0	0.0	0.0	0.0	0.0	0.0	0.0	0.0	0.0	0.0	0.0	0.0	0.0	0.0	0.0	0.0	0.0	0.0	0.0	0.0	0.0	0.0	0.0	0.0	0.0	0.0	0.0	0.0	0.0	0.0	0.0	0.0	0.0	0.0	0.0	0.0	0.0	0.0	0.0	0.0	0.0	0.0	0.0	0.0	0.0	0.0	0.0	0.0	0.0	0.0	0.0	0.0	0.0	0.0	0.0	0.0	0.0	0.0	0.0	0.0	0.0	0.0	0.0	0.0	0.0	0.0	0.0	0.0	0.0	0.0	0.0	0.0	0.0	0.0	0.0	0.0	0.0	0.0	0.0	0.0	0.0	0.0	0.0	0.0	0.0	0.0	0.0	0.0	0.0	0.0	0.0	0.0	0.0	0.0	0.0	0.0	0.0	0.0	0.0	0.0	0.0	0.0
54371.013844852605	22.989828928592036	2956207146.5171537	528.5322341659271	66091.92214550781	-494.8329384765675	4368142172.887865	244859.63700135445	55061.13844142891	17.952165437614894	3031728966.466201	322.2802438994948	55214.658587803286	54321.92492834314	1.098492	25.16522	0.094554935	0.047334	-0.0011661919	-0.0018334479	-0.0057641425	-0.0079817886	-0.0241316825	-0.001711742	0.0359162402	-0.0338341191	-0.0158422223	-0.0105750195	-0.0031747694	-0.0178248094	0.0229485758	-0.0120301427	0.0397920325	0.0156487302	0.0536570058	0.0046463	-0.0135257529	0.0067967328	-0.0190320841	0.0199091187	-0.0104518693	0.0262817173	-0.0446074818	-0.0142160785	0.0186394859	0.0195261191	0.011361469	-0.0067686869	0.0614656367	0.0214272046	0.0106269375	-0.0224064232	0.0711026041	0.0696389166	-0.0079682104	0.0236582576	-0.0184383768	-0.0733564655	-0.0339738869	0.0140320364	-0.0048161379	0.0481759389	0.0098403888	-0.023395976	0.0146543948	0.0117731686	0.0298468875	0.0035956855	-0.0010236506	-0.0611546241	-0.0430235624	0.0244232257	0.0424757074	-0.0242173866	0.0260321302	0.0040934442	-0.0289707112	0.0184037928	0.0388945794	0.0566353945	-0.0035518649	-0.0347120727	-0.069680911	0.0064567646	0.0260546251	-0.0755206261	0.0132310667	-0.0129137939	-0.0010742634	0.0011677243	-0.0004874482	-0.0021300886	0.0057516423	-0.0317253317	-0.0321158715	0.0055697552	0.0145753163	0.056345672	0.0089803758	-0.0394948083	-0.0269497355	-0.0297062089	-0.0452035103	-0.0041643845	0.0222624836	0.0055529558	0.0124156051	-0.0590854249	0.0331841626	0.0031894371	-0.0525060214	-0.0317339762	-0.0618360601	0.1219712724	-0.0050905312	0.0298793306	0.0078251642	0.0103496471	-0.0954965439	-0.0215383929	0.0200847912	0.0473328576	-0.0413350076	-0.0120354788	-0.0240449792	0.0050236137	0.0412305373	-0.0036623317	-0.0010054379	0.0222556159	0.0050131213	0.0156888205	-0.0101836866	0.0191988827	-0.0214837444	0.0057378106	0.0074749029	0.0537817967	0.0143319227	-0.0193751112	0.0155139999	0.0142855049	-0.0021023786	0.052469965	0.0323211287	0.0067233065	-0.0229648718	0.0763927943	0.0700355478	0.0035203449	0.0280847491	-0.0245245647	0.0793907155	0.027324389	-0.0229635664	0.0299308854	-0.0087777477	-0.0044359489	0.0297594731	-0.0131290159	-0.0170566872	-0.0241859567	-0.004395353	0.0335400891	0.0694737019	-0.020111419	0.0197518386	-0.0103653335	-0.0011540689	0.0280575269	-0.015198545	-0.0213170452	-0.0144281924	-0.0136955476	-0.0007066843	0.0344268125	0.0728816811	-0.0650430557	-0.0236379959	-0.0460263966	0.0589635272	-0.0362964721	-0.018156959	0.0021620751	-0.0076310929	0.0013095759	-0.0105534848	0.0077224002	-0.0130901471	-0.0522530068	0.0192123544	-0.0339347573	0.0500742811	-0.0115745239	-0.023238674	-0.0090067502	-0.0418530873	-0.017375145	-0.0163004276	-0.0084768244	-0.0462331177	-0.031440084	-0.034434079	0.040630806	0.0158694437	-0.0536068452	0.021726261	0.055755292	0.0384242812	-0.0899229384	0.0423982143	0.0960924615	0.0775092761	-0.0202634952	0.0150292292	-0.0313714756	-0.0078279877	-0.0302071856	0.0128785975	-0.034875662	0.0350091699	0.0086204463	-0.0095283915	-0.003416603	0.0098623968	-0.0137712843	-0.0050181045	0.0011889953	-0.0146368228	0.0166347953	0.0171178125	0.012390689	-0.0016439295	-0.0263598723	0.0375199544	0.0191969653	-0.0106578838	-0.0126369709	-0.0012868911	-0.0571154816	-0.0146299244	0.0035161603	0.008451598	0.0058764833	-0.0194820336	0.0116906127	0.0211404394	-0.0066165967	-0.014434685	0.009718507	0.009440512	-0.0453303135	-0.026918132	0.0349517203	0.0403941669	-0.019377288	-0.0478653016	0.0009222743	0.048220895	0.0176698424	-0.0414080854	-0.0336352026	0.028439649	0.044600434	-0.0112434423	-0.0489354716	-0.0076241876	0.045995879	0.025358424	-0.036218649	-0.0393229378	0.0210572413	0.0474417976	-0.0027655145	-0.0485080733	-0.0497156	3.850000000000381e-05	1.4822500000002934e-09	0.00247164088336	-2.23238	-0.0156100000000001	4.9835204644	0.0002436721	-0.180919	-0.024815	0.000615784225	0.032731684561	-0.0209335	0.0003342999999999	0.00043821142225	1.1175648999999945e-07	0.00294945	0.00059372	8.6992553025e-06	3.525034384000004e-07	-7.97956e-05	-0.0001538087	6.367337779360001e-09	2.3657116195690004e-08	0.0	0.0	0.0	0.0	0.0	0.0	0.0	0.0	0.0	0.0	0.0	0.0	0.0	0.0	0.0	0.0	0.0	0.0	0.0	0.0	0.0	0.0	0.0	0.0	0.0	0.0	0.0	0.0	0.0	0.0	0.0	0.0	0.0	0.0	0.0	0.0	0.0	0.0	0.0	0.0	0.0	0.0	0.0	0.0	0.0	0.0	0.0	0.0	0.0	0.0	0.0	0.0	0.0	0.0	0.0	0.0	0.0	0.0	0.0	0.0	0.0	0.0	0.0	0.0	0.0	0.0	0.0	0.0	0.0	0.0	0.0	0.0	0.0	0.0	0.0	0.0	0.0	0.0	0.0	0.0	0.0	0.0	0.0	0.0	0.0	0.0	0.0	0.0	0.0	0.0	0.0	0.0	0.0	0.0	0.0	0.0	0.0	0.0	0.0	0.0	0.0	0.0	0.0	0.0	0.0	0.0
54323.575381912575	-47.43846294003015	2951050842.274338	2250.407766112614	66414.29613232422	322.37398681641207	4410858730.752056	103924.98737590824	55008.069003490695	-53.06943793821847	3025887655.4927936	2816.365243078422	55159.23906361501	54664.1396021459	0.928231	21.264721	0.0685127049999999	0.0345135	-0.0021459973	-0.0035419679	-0.0057585405	-0.0031659357	-0.0213372115	0.003721583	0.0132292633	0.0354054357	-0.006903903	-0.0202228269	-0.0046891992	-0.0199993524	0.0176158305	-0.0049341806	-0.0218534799	0.0010877562	-0.0252066003	0.0109883945	-0.0077788659	0.0035137608	-0.0159385186	-0.0549906545	0.0366470878	0.0270115968	0.0031798392	0.0152002642	0.0072855942	-0.0048130442	-0.0015684656	-0.001292509	0.0076075766	-0.0080441205	0.0092192778	-0.0204684708	0.0163592944	0.0343925983	0.0553296466	0.0083781542	0.0328689951	0.0026976383	0.0382520759	0.0043937736	-0.0018429521	0.0162038348	0.0473155679	-0.0285868196	0.0590859059	-0.0185938171	-0.034627229	-0.0129293226	-0.0191731874	0.0404208682	-0.0014911176	-0.0297532871	0.0912500349	0.0114210055	-0.0055696172	0.028200771	0.0346422087	-0.0683726354	-0.0587306791	0.0341517102	-0.0147309104	0.0021808707	0.0265395347	0.0189358283	-0.0008630477	-0.039917457	0.0187253816	0.0146174091	0.0198262852	-0.0235121818	0.0920375055	0.063825024	0.0150525198	0.0347398708	0.0067747976	0.0665599175	0.032415246	-0.0271323178	0.0347531482	-4.7196e-06	0.0506827245	0.002178125	-0.0519134025	-0.0341704795	0.0305929628	0.0218960431	-0.0542700753	-0.0472144901	0.0652998538	-0.0301240454	0.0227709334	0.0006476865	0.0246556226	-0.07502315	0.0498374107	-0.0711509767	-0.0358693883	0.0279904891	0.01608929	0.0225511139	0.0350635908	-0.0245471779	-0.0293825958	0.0093039607	-0.0710017071	0.041498412	-0.0045068931	-0.0323386924	-0.001330411	0.0164504307	0.0109817368	0.0066247198	-0.0018500676	0.0149688056	0.0556258998	-0.0349827235	0.0292041178	0.0061248657	-0.0130841523	-0.0040311147	-0.003436754	-0.0091634915	0.0018037218	0.0072860884	-0.00786295	0.0153236666	-0.0203974343	0.0188772301	0.0326598396	-0.0534917864	3.28892e-05	0.0410621661	-0.0082476274	-0.0361396371	-0.0005964007	0.0003541024	0.0002343209	-0.0399081057	0.0437438277	-0.0585038851	-0.0184252856	0.0264375975	0.0207608608	0.0104267293	-0.0266114606	0.0365299323	-0.0069858108	-0.0774622646	-0.0259601441	0.0231921469	-0.0010349308	0.048351871	0.0942377928	0.0344335687	-0.018162986	0.0151135892	0.0105325883	0.0276358452	-0.0224875379	-0.0165838146	0.0263166722	-0.0061474607	0.0046297647	-0.0298750447	0.0211337418	0.0724282924	0.0988743975	0.0087055859	0.0260942738	0.0162650837	-0.0551074105	0.0327679656	0.0246536683	0.0245295701	-0.0317170724	0.0550121744	-0.0052554126	-0.0525500973	-0.0218302427	-0.0160189865	-0.0382471641	-0.0427456415	0.0593298447	0.0653785822	-0.0075787201	-0.0150371639	0.0061224831	-0.008112215	-0.0179569511	0.1061722725	0.0233618358	-0.0624906455	0.0081664522	-0.0239916886	-0.0103013214	-0.0193616977	-0.0436391425	-0.0308601625	-0.0204831317	-0.0596955266	-0.0512848994	0.0156168339	0.0220630763	-0.0126103748	0.0180217904	0.0519348395	-0.0058658102	-0.0028478794	-0.0117316015	0.0037873797	0.0107406559	-0.0142616808	0.0101466938	0.0070184191	-0.0137605717	-0.0122263431	0.0516612509	0.0042853157	0.0322303828	-0.0005895593	-0.0159126596	-0.028622292	0.0160579332	-0.0001279598	-0.0191429251	0.0021481711	0.0128992641	-0.0147711818	-0.0184498585	-0.0014421484	0.0092594399	-0.0454686032	-0.02645413	0.0354645447	0.039865623	-0.0203887125	-0.0475759455	0.0023970967	0.0484824465	0.0159373271	-0.0424554877	-0.0319925587	0.0303569825	0.0434725442	-0.0139171345	-0.0487355344	-0.0045129987	0.0470288708	0.0222977292	-0.0385966226	-0.0368936684	0.0246446833	0.0462134553	-0.0071683153	-0.04892427	-0.0497947	-7.909999999999862e-05	6.256809999999781e-09	0.0024795121480899	-2.20886	0.0235199999999999	4.8790624996	0.0005531903999999	-0.169215	0.0117039999999999	0.0001369836159999	0.028633716225	-0.0210447	-0.0001111999999999	0.0004428793980899	1.2365439999999732e-08	0.00254602	-0.00040343	6.4822178404e-06	1.6275576490000016e-07	6.97665e-05	0.0001495621	4.8673645222500015e-09	2.2368821756410003e-08	0.0	0.0	0.0	0.0	0.0	0.0	0.0	0.0	0.0	0.0	0.0	0.0	0.0	0.0	0.0	0.0	0.0	0.0	0.0	0.0	0.0	0.0	0.0	0.0	0.0	0.0	0.0	0.0	0.0	0.0	0.0	0.0	0.0	0.0	0.0	0.0	0.0	0.0	0.0	0.0	0.0	0.0	0.0	0.0	0.0	0.0	0.0	0.0	0.0	0.0	0.0	0.0	0.0	0.0	0.0	0.0	0.0	0.0	0.0	0.0	0.0	0.0	0.0	0.0	0.0	0.0	0.0	0.0	0.0	0.0	0.0	0.0	0.0	0.0	0.0	0.0	0.0	0.0	0.0	0.0	0.0	0.0	0.0	0.0	0.0	0.0	0.0	0.0	0.0	0.0	0.0	0.0	0.0	0.0	0.0	0.0	0.0	0.0	0.0	0.0	0.0	0.0	0.0	0.0	0.0	0.0
54442.05949299477	118.48411108219445	2963937841.838782	14038.484578937789	66603.82909472656	189.5329624023434	4436070050.079545	35922.743837008114	55125.91400394402	117.84500045332244	3038866394.7702312	13887.444131843564	55275.38207845207	54638.315665584414	0.8427989999999999	19.307581	0.0517929749999997	0.0284673	-0.0049997619	-0.002650422	-0.0050022404	-0.0010726728	-0.0122880317	0.015598736	0.0074309787	0.022074257	-0.0170378232	0.0291724472	0.0099476177	-0.0026695239	-0.0099480451	-0.0085729952	0.0007329654	0.0208802683	0.0121844995	-0.0170499616	0.0345799422	-0.0005720699	0.0213536651	-0.0187310896	0.0036792491	-0.036901199	0.0245790815	-0.0315150661	0.0133622019	-0.0413691935	-0.0166587598	-0.0204810411	0.0653200339	-0.0026479697	-0.026716679	-0.0437831274	-0.0081248044	0.0409138663	-0.0262303571	0.011109478	0.0251558987	0.0416791891	0.013996574	0.012181293	0.066396569	-0.0410238821	0.0157863555	0.0002744485	-5.63237e-05	-0.0165109874	0.0033539655	-0.0341260942	-0.0210909913	0.0080572577	0.0323740999	0.0101346092	0.0417628511	0.0301289599	0.0525757483	-0.0050741121	0.0468642879	0.0055348133	-0.0606665006	0.0138812048	0.0774471149	-0.0237503744	-0.0289989164	0.075557341	0.0320719896	0.0175384551	-0.0182841624	0.0196294978	-0.0297722857	-0.03097815	-0.0617266752	-0.025678976	0.0612465243	-0.0317128338	0.0183179276	-0.0891631198	0.0375132801	-0.011958726	-0.0559214648	-0.0021883449	-0.0048474966	0.0402772254	0.0062522058	-0.0085606118	0.006527763	0.0118812955	0.0160267551	-0.0141106635	0.0136577811	0.0343773124	0.0020002807	-0.0360323305	-0.0125254964	-0.0177092794	0.0345497467	0.042640717	0.0248885756	0.045392473	-0.0052123257	-0.04371839	0.0059170313	0.0192597554	-0.0177217958	-0.0300105667	0.002647527	0.067961371	0.0294425971	-0.0525863288	0.0060454254	-0.0165753448	-0.0188203828	-0.034748408	0.0006025264	-0.021773547	0.0171003303	-0.0031338843	-0.0248510914	-0.0340809078	0.0325186961	-0.0120247423	-0.0350489384	-0.020487261	-0.0190090377	0.0674221739	0.0087264879	-0.0232886286	-0.048701498	-0.0051399309	0.0366209463	0.0274449335	0.0093417278	0.0360020848	-0.0473794684	-0.0109013928	-0.0008350638	-0.0239425664	0.0711585907	-0.0041748283	-0.0073192959	-0.0006506541	0.0018714722	-0.0036917318	0.0379812406	0.0140968542	-0.0248857289	-0.0156738579	0.0146162935	-0.0285087352	-0.0175436497	0.0201993366	-0.0614222384	0.0383863323	0.0046073876	0.0710640679	-0.0319152044	-0.0707037192	0.0478516622	-0.0125561956	-0.0634663944	-0.0233960219	-0.027862055	0.0200293571	0.0202729123	0.037391158	0.026112525	-0.0347429752	-0.0516018635	0.0594095967	-0.0516881082	6.83052e-05	0.079036831	0.0524087198	-0.0295093693	-0.0158737602	0.0346369745	-0.00535114	0.0417960296	-0.0052187632	-0.0127458781	0.0037013104	-0.0218530251	0.0075674716	-0.017085962	0.0200898799	0.019244998	-0.0211568045	-0.0360041448	0.015194227	-0.0056036651	0.0285434503	-0.0062388333	0.0576230078	-0.0166311217	-0.0459571899	0.0372465914	0.0117821872	-0.0093394222	-0.045536543	0.0281681759	0.0060174545	0.0234573274	0.0782622217	0.0139818475	-0.0063407812	-0.0188962325	0.0265010834	-0.0074026704	-0.0005609601	-0.0150806225	0.0025249936	0.0121959423	-0.0048938725	-0.0077095275	0.0101619852	-0.0117028498	0.0384619862	-0.0399925082	-0.0230959178	0.0246704207	0.0362358209	-0.014223866	-0.0237538166	0.0051100815	0.0088328387	-0.0120743375	-0.0097062737	0.0178955208	-0.0136545452	-0.0086613648	0.0057864319	0.0090782364	-0.0456043123	-0.0259867497	0.0359693177	0.0393229378	-0.0213897225	-0.0472535125	0.0038697424	0.0486882801	0.0141822002	-0.0434300072	-0.0302845558	0.0322015336	0.0422237789	-0.0165464061	-0.0483586182	-0.0013833093	0.0478457346	0.019122865	-0.0407556328	-0.0342336544	0.0280629691	0.0446384398	-0.0115125682	-0.0489069049	-0.0498959	-0.0001012	1.024144000000054e-08	0.00248960083681	-2.22015	-0.0112899999999998	4.929066022499999	0.0001274640999999	-0.176549	-0.007334	5.378755600000011e-05	0.031169549401	-0.0206168	0.0004278999999999	0.00042505244224	1.8309840999999864e-07	0.0024124	-0.00013362	5.819673759999999e-06	1.7854304400000023e-08	0.000169602	9.98355e-05	2.8764838404000002e-08	9.96712706025e-09	0.0	0.0	0.0	0.0	0.0	0.0	0.0	0.0	0.0	0.0	0.0	0.0	0.0	0.0	0.0	0.0	0.0	0.0	0.0	0.0	0.0	0.0	0.0	0.0	0.0	0.0	0.0	0.0	0.0	0.0	0.0	0.0	0.0	0.0	0.0	0.0	0.0	0.0	0.0	0.0	0.0	0.0	0.0	0.0	0.0	0.0	0.0	0.0	0.0	0.0	0.0	0.0	0.0	0.0	0.0	0.0	0.0	0.0	0.0	0.0	0.0	0.0	0.0	0.0	0.0	0.0	0.0	0.0	0.0	0.0	0.0	0.0	0.0	0.0	0.0	0.0	0.0	0.0	0.0	0.0	0.0	0.0	0.0	0.0	0.0	0.0	0.0	0.0	0.0	0.0	0.0	0.0	0.0	0.0	0.0	0.0	0.0	0.0	0.0	0.0	0.0	0.0	0.0	0.0	0.0	0.0
54585.85313745699	143.79364446221734	2979615362.744023	20676.61218772657	66957.27649023438	353.4473955078138	4483276874.989694	124925.06139125694	55056.70650802406	-69.20749591995991	3031240931.510699	4789.677491511267	55204.4235976897	54761.87773183848	0.8718129999999998	19.972252	0.0538320500000001	0.0328565	-0.0043832023	-0.0078252378	-0.0073858236	-0.0095228081	-0.0078801574	-0.0018514684	-0.0226861759	-0.0608425343	-0.0005845559	0.0158055456	-0.0306496294	-0.0064303734	-0.0060303312	-0.0211824597	-0.0186757888	0.0289535949	-0.0229827886	0.0281970008	-0.0233106533	-0.0203185284	0.0067373603	0.041094275	-0.039067143	0.0070498871	0.0108828598	0.0005643546	0.0113441253	0.0266166598	-0.0718681594	-0.0023380411	0.0165804034	-0.006452336	-0.0525672	-0.0797732103	0.0133833752	-0.0393559159	0.0675893626	-0.0013034377	0.0084101811	0.0139837783	0.0055360771	-0.0089031784	-0.0193694041	0.0001728139	0.0073030542	-0.0066163065	-0.0030158486	0.0203293815	-0.0123724134	0.0614462875	-0.0128801825	0.0063275069	0.040953176	0.0088779259	-0.0141328148	0.0058018964	-0.0420454643	-0.0250283662	-0.0307495788	0.0163934534	0.0110346831	-0.0519547437	-0.0349947078	-0.0240316181	-0.0004489171	-0.0065971454	0.0351842932	0.0078262863	-0.0287249601	0.0058943905	0.0289945616	0.0379652868	0.0654656778	0.012615155	-0.0057314569	-0.0421802345	-0.0110176993	0.0039462859	0.0005426884	-0.0132911319	0.0535849862	-0.0529604629	0.0413000117	-0.0130509223	-0.0141112307	0.0015941972	0.0376213032	0.0013121442	-0.0322158276	-0.0082701751	0.0663618398	0.0045470979	0.0202916527	-0.0182259646	0.0153198259	-0.0448190819	0.0239903445	-0.0011942735	0.0250285528	0.0320161138	-0.0175858166	0.0437171859	-0.0117158554	0.0311898461	-0.0116352034	-0.0388000895	-0.0017059127	-0.0094388254	-0.0060460307	0.0261919186	-0.0389002253	-0.0987434283	0.0297104569	0.0234102815	0.0195489995	-0.0054868527	-0.0400116039	0.0389890998	-0.0009555471	-0.001671034	-0.0008743646	-0.0039003137	0.0356609373	-0.0691152523	-0.0041074555	0.0152962445	-0.0018876746	-0.0475718568	-0.0745005709	0.0185817453	-0.0434070997	-0.0692088353	-0.0112790079	0.0150257987	-0.0146271459	-0.0062193651	0.0100871711	-0.0167847182	-0.0177419506	-0.0028886581	0.0164841101	0.0028823598	-0.0104914802	0.0172102714	-0.0663094209	-0.0043603979	-0.0387896393	-0.0199956468	0.0137986527	0.0061632965	-0.006952216	-0.0054142436	0.0307394255	-0.0419575712	-0.0155446129	-0.007754325	0.0446235672	0.0155061567	-0.0174961762	-0.0012223177	0.0208625244	-0.0351865287	-0.0264377942	0.0306256366	-0.012770367	-0.0472091595	-0.0518184764	0.0441900246	0.0249874052	-0.0057302546	-0.0407820157	-0.0221067877	-0.0048595948	0.0063572361	0.00472358	-0.0108243977	-0.0691500735	0.0544236099	-0.0183277375	-0.0054732875	0.0011400331	0.0216206711	0.0053146531	-0.0250293851	0.0325549702	0.0483982057	0.0321939713	-0.0169801014	-0.0142820906	-0.0085050953	-0.0298318607	0.0476553137	0.0291732544	0.0179627262	-0.0145778546	-0.0300270891	-0.0186331832	-0.0352394043	0.0261015175	-0.0187608865	0.0328681025	0.0126095073	-0.0225727925	-0.0406801366	-0.0075402122	-0.0781901342	-0.0109407823	0.0145080418	-0.0107663049	0.0035830564	-0.0167445013	0.0032757505	0.0133756987	0.0107907192	-0.0032534908	0.0132140371	0.0098699296	-0.0006693325	0.0136548381	0.0052042882	0.0260930905	-0.0161553696	-0.006995651	0.0644402805	-0.0150721862	0.0020015993	-0.0172528745	-0.0123375004	-0.000358706	0.0108791304	-0.0154213351	0.0178640021	0.0088969041	-0.045737433	-0.0255160508	0.0364659247	0.0387663036	-0.0223798066	-0.0468982266	0.0053388741	0.0488381591	0.0124069519	-0.044329971	-0.0285146833	0.03396888	0.0408576104	-0.019122865	-0.0478060917	0.0017520508	0.0484427166	0.0158500872	-0.0426834313	-0.0313595323	0.0312886365	0.0427285664	-0.0157627911	-0.0484561318	-0.0498829	1.2999999999999123e-05	1.6899999999997719e-10	0.00248830371241	-2.2262	-0.0060500000000001	4.95596644	3.660250000000134e-05	-0.193246	-0.0166969999999999	0.0002787898089999	0.037344016516	-0.0201655	0.0004513	0.0004066473902499	2.0367169000000155e-07	0.00255364	0.0001412399999999	6.521077249599999e-06	1.9948737599999985e-08	0.000140701	-2.8901000000000013e-05	1.9796771401e-08	8.352678010000006e-10	0.0	0.0	0.0	0.0	0.0	0.0	0.0	0.0	0.0	0.0	0.0	0.0	0.0	0.0	0.0	0.0	0.0	0.0	0.0	0.0	0.0	0.0	0.0	0.0	0.0	0.0	0.0	0.0	0.0	0.0	0.0	0.0	0.0	0.0	0.0	0.0	0.0	0.0	0.0	0.0	0.0	0.0	0.0	0.0	0.0	0.0	0.0	0.0	0.0	0.0	0.0	0.0	0.0	0.0	0.0	0.0	0.0	0.0	0.0	0.0	0.0	0.0	0.0	0.0	0.0	0.0	0.0	0.0	0.0	0.0	0.0	0.0	0.0	0.0	0.0	0.0	0.0	0.0	0.0	0.0	0.0	0.0	0.0	0.0	0.0	0.0	0.0	0.0	0.0	0.0	0.0	0.0	0.0	0.0	0.0	0.0	0.0	0.0	0.0	0.0	0.0	0.0	0.0	0.0	0.0	0.0
54615.77591113922	29.922773682235857	2982882978.375776	895.3723848383069	66394.81235400391	-562.4641362304683	4408271107.52339	316365.9045454868	55176.50865872824	119.8021507041849	3044447107.7667127	14352.55531334823	55318.69880619648	54738.89810775162	0.8555319999999998	19.599266	0.0921119600000003	0.0716434	-0.0061894303	-0.0048668135	-0.0031976088	-0.0038464398	0.0207706798	-0.0072113492	-0.0180811141	-0.00670083	0.0224748506	-0.0277472347	0.000254292	-0.0108605698	0.0398520382	0.0023370429	0.020516141	0.0078074268	0.0315590157	-0.0157428552	0.0092875518	0.0180312713	-0.0015011506	0.012196635	-0.0410772356	0.0723908935	-0.0115517639	-0.0302015519	0.0072206841	-0.0320384996	-0.0383775026	-0.0334412118	0.0112342905	-0.0142539181	-0.008357579	0.0130865603	-0.0294740325	-0.0425395773	0.0165655143	0.0285896736	-0.0160870477	0.0016908543	-0.0460953427	0.0074782337	-0.0009752759	0.0375764985	-0.004622775	-0.0034950379	-0.0187540535	-0.0781811576	-0.026858579	0.0006836402	-0.0335478218	-0.0296450876	0.0856413772	0.0358700124	-0.0205524017	0.0462062419	-0.0277481564	0.0035404115	-0.0184585798	0.038946148	0.0074810207	-0.0308073409	0.0439168869	0.0248995948	0.012482204	-0.0237711432	0.0023912281	0.0112717572	0.0565705839	-0.0633211223	0.0174962733	0.0576842129	-0.0339970726	0.0376777176	0.0005036602	-0.0288678053	0.0489409807	0.0103114564	0.0620737248	0.0179190131	0.0092000103	-0.0087997216	-0.0390031582	-0.0425474816	-0.0197903855	-0.0455069018	-0.017960031	-0.0138484834	-0.059330136	-0.0256981736	-0.0090680245	0.0117384816	0.035045502	0.0357813044	0.028053517	0.0395237806	-0.0309304021	-0.007542939	0.0084375587	0.0495912369	-0.0349356672	0.0441096563	0.0138511474	-0.0105011478	-0.0272224441	0.0134964477	0.0333984324	0.0260857884	0.0454590442	-0.0527521279	0.0346651188	0.0254026524	-0.0149998305	-0.0072749975	-0.0166494264	0.0017793759	-0.0132771511	0.0453761157	0.0569975284	0.0386412452	0.0334895999	-0.0035701122	-0.0245619375	-0.0415216063	-0.0361969121	0.017151379	-0.0115459845	-0.0088213022	0.011840935	-0.0311399389	-0.0394781855	-0.0189626354	0.0247912783	-0.0212028375	-0.0029942066	0.0482261013	-0.0070849985	0.0140980013	0.000836542	-0.0030187213	0.0264873513	-0.0103748647	0.0712331612	0.0498810071	0.0045596379	0.0106270114	-0.042357808	-0.0683640233	0.0567433263	0.0047648348	-0.0070625439	-0.0512966319	0.0168366122	-0.0142165879	-0.0373511098	0.0151420795	-0.0177575167	-0.0399437538	-0.0287374886	-0.0015255474	0.0236620406	0.0202341524	-0.0175406451	-0.0689181132	-0.056268038	0.0220040206	-0.034513567	-0.0552508196	0.0246196253	0.0031267334	-0.0481950487	0.0315319681	0.0059726271	0.0192843274	0.0617346019	0.011682347	-0.0179140803	-0.0110664571	-0.0466792899	-0.0001547207	-0.0418409007	-0.0491975766	0.0089052788	-0.0473745914	0.0291629153	0.01331486	-0.0001631154	0.0581686253	-0.0114727235	-0.0177634176	0.0001604301	-0.0296570137	0.0353738993	0.0009168435	0.0164623349	-0.0496182378	-0.0495218096	0.0056943058	-0.0013457867	-0.0158560468	-0.0272757652	0.0010280019	0.0586679617	0.0451305769	0.0171767788	0.0062172123	0.0069870461	-0.0095429316	-0.0037222486	-0.0016310001	-0.0054708553	-0.00017683	-0.0105964534	-0.0073139689	0.0170801551	0.0076902215	0.0182757662	0.0329126913	0.0063773174	0.0110287158	0.0096077685	-0.0547950463	-0.006632018	-0.0329395075	6.4594e-05	0.0120570815	-0.0214850198	0.0080903144	0.0137298211	-0.0174218597	-0.0057213393	0.0099899513	0.0087154456	-0.0458679577	-0.0250420933	0.0369542528	0.0381959179	-0.023358459	-0.046510335	0.0068031578	0.0489319113	0.0106141007	-0.0451538342	-0.026686557	0.0356547843	0.0393778372	-0.0216382877	-0.0470799613	0.0048802286	0.0488170731	0.0124961534	-0.0443690814	-0.0282892778	0.0342995449	0.0404981621	-0.0198842699	-0.0475759455	-0.0497852	9.769999999999918e-05	9.545289999999841e-09	0.00247856613904	-2.24603	-0.0198300000000002	5.044650760900001	0.0003932289	-0.19312	0.0001259999999999	1.5875999999996783e-08	0.0372953344	-0.021461	-0.0012955	0.000460574521	1.678320250000004e-06	0.00246621	-8.742999999999989e-05	6.0821917641e-06	7.64400489999998e-09	8.24658e-05	-5.823519999999999e-05	6.800608169640001e-09	3.391338519039998e-09	0.0	0.0	0.0	0.0	0.0	0.0	0.0	0.0	0.0	0.0	0.0	0.0	0.0	0.0	0.0	0.0	0.0	0.0	0.0	0.0	0.0	0.0	0.0	0.0	0.0	0.0	0.0	0.0	0.0	0.0	0.0	0.0	0.0	0.0	0.0	0.0	0.0	0.0	0.0	0.0	0.0	0.0	0.0	0.0	0.0	0.0	0.0	0.0	0.0	0.0	0.0	0.0	0.0	0.0	0.0	0.0	0.0	0.0	0.0	0.0	0.0	0.0	0.0	0.0	0.0	0.0	0.0	0.0	0.0	0.0	0.0	0.0	0.0	0.0	0.0	0.0	0.0	0.0	0.0	0.0	0.0	0.0	0.0	0.0	0.0	0.0	0.0	0.0	0.0	0.0	0.0	0.0	0.0	0.0	0.0	0.0	0.0	0.0	0.0	0.0	0.0	0.0	0.0	0.0	0.0	0.0
54654.58375665604	38.80784551681427	2987123525.61333	1506.0488736569214	67069.00560351563	674.1932495117217	4498251512.644411	454536.53768717457	55157.300762360974	-19.207896367268404	3042327827.3895464	368.9432828557228	55309.69034699096	55355.56919072139	0.8091779999999998	18.537352	0.0212805049999997	0.014607	-0.0079820452	-0.0072100522	-0.0085037663	0.0040793127	0.0244684212	0.0094866038	-0.0462169733	0.0396460038	-0.0063433768	0.0011350871	0.0123609491	0.0191378964	-0.0079314237	0.003332872	0.0025007707	0.0283766077	-0.0152609854	-0.026573318	0.018922344	0.0207895495	0.0230118235	-0.0357555776	-0.0556026358	0.0002141562	0.0193511456	0.0280646293	0.0161257681	0.0060343988	-0.0191343085	0.0244834339	-0.0515617175	-0.0211646335	0.0053882071	-0.0376853495	0.0236175702	0.0104996533	0.045833536	0.0110529812	0.0530410773	-0.0076670879	-0.0337011609	-0.0137886235	0.0431436232	-0.0021963211	-0.0378035801	0.009798564	-0.0515697007	-0.0056139075	-0.0297805046	-0.0315528217	0.0431026648	-0.0412522771	0.0492989087	0.0107672796	0.0104658225	-0.0527215699	-0.0471764207	0.0164064041	-0.0459197505	-0.0217407416	0.0440156368	0.0016370303	-0.0076418443	-0.0066216702	-0.0076944736	-0.0128800403	-0.0261260792	-0.0254749329	0.0420356291	0.0303166032	-0.0407033228	0.060872153	-0.0381087157	-0.012438507	0.0067536996	-0.0415764051	-0.0557775271	0.0291353465	0.0146415234	0.0051414887	0.020513317	0.0044497872	0.0427535755	0.0361595987	-0.0047358465	-0.0026342012	0.0194779772	-0.021783037	-0.0243314499	0.0250053555	0.0366326496	-0.0431654748	0.0542140307	-0.0225466685	0.0210805193	0.0528115005	-0.0086580502	0.0102768507	-0.013999619	0.0163033208	-0.0073460291	0.0067734101	-0.0294378129	-0.0205671249	0.0121665254	0.0163721313	-0.0457985119	0.0539224163	0.0434811579	-0.0001390659	0.0113735078	0.0344459408	-0.0282470293	-0.0206954849	-0.0196897479	-0.0253115272	0.0368532411	0.0566051497	-0.0027574951	-0.0102423929	-0.0283986745	-0.0122964624	0.0084168797	-0.0261374766	0.017454282	-0.0520357474	-0.0289324367	0.0072947783	-0.0359466326	0.0284446123	0.0098202264	-0.0473423181	0.0057204091	0.0491127929	0.0099870052	0.0381183807	0.0196744342	0.0017076528	0.0398552948	0.0341446202	-0.0153460758	0.0435768338	0.0181109252	0.037774592	0.0317033194	-0.0429222791	0.0250308716	-0.0445288674	0.0326282347	-0.0272697841	0.0525869333	0.0048101677	0.0528511199	-0.0419643013	0.0143385003	-0.0473493058	0.0128041764	0.0145601654	0.0199008486	-0.015087537	0.0046717013	0.0165486551	0.0341616359	-0.0422846127	0.0354280228	0.0272227675	-0.0653987029	-0.028253388	-0.017722514	0.0054246398	-0.0168521924	-0.046707673	-0.0548813186	0.0110330549	0.0098304654	0.0190565221	-0.0085487496	0.0531580478	0.0399508629	-0.0190181619	-0.0064014194	0.0270033105	0.0487888751	-0.0006215531	0.0404135508	0.021054287	-0.0281365008	-0.0151075596	-0.0253899947	-0.0028934878	0.0396622285	-0.0258580956	0.0125615383	0.0071341214	0.0151329343	-0.0161853113	-0.0124785757	0.0072935355	0.0187463556	-0.0096124537	-0.0096655213	-0.0552857534	0.0075719305	0.0730361411	0.0081792018	0.012775786	0.0245364125	-0.0932244923	-0.0037775576	-3.30879e-05	-0.0019935662	-0.0016159722	-0.0152313287	0.0082924052	0.0031487386	0.0361968298	0.0096449339	-0.0042790026	0.0257201986	0.0076188392	0.0337243515	0.0112216571	0.0042535179	-0.0384113319	-0.0010883201	0.0133428016	-0.0187820564	0.0104955968	0.0021228687	-0.0035706301	-0.0082607078	0.0056486658	0.0085338634	-0.045995879	-0.0245649379	0.0374341914	0.037611983	-0.02432518	-0.0460901072	0.0082612638	0.048969429	0.0088061905	-0.0459001824	-0.0248039116	0.0372552045	0.0377885739	-0.0240846454	-0.0461828639	0.0079884006	0.0489670838	0.0090782364	-0.0458030203	-0.0250420933	0.0370750283	0.0379639583	-0.0238433419	-0.0462741461	-0.0498004	-1.5199999999999936e-05	2.3103999999999802e-10	0.00248007984016	-2.24937	-0.0033399999999996	5.0596653969	1.115559999999784e-05	-0.190682	0.002438	5.9438440000001145e-06	0.036359625124	-0.0211778	0.0002832	0.00044849921284	8.020224000000048e-08	0.00245245	-1.3759999999999814e-05	6.014511002500001e-06	1.8933759999999488e-10	6.96797e-05	-1.2786100000000005e-05	4.85526059209e-09	1.6348435321000008e-10	0.0	0.0	0.0	0.0	0.0	0.0	0.0	0.0	0.0	0.0	0.0	0.0	0.0	0.0	0.0	0.0	0.0	0.0	0.0	0.0	0.0	0.0	0.0	0.0	0.0	0.0	0.0	0.0	0.0	0.0	0.0	0.0	0.0	0.0	0.0	0.0	0.0	0.0	0.0	0.0	0.0	0.0	0.0	0.0	0.0	0.0	0.0	0.0	0.0	0.0	0.0	0.0	0.0	0.0	0.0	0.0	0.0	0.0	0.0	0.0	0.0	0.0	0.0	0.0	0.0	0.0	0.0	0.0	0.0	0.0	0.0	0.0	0.0	0.0	0.0	0.0	0.0	0.0	0.0	0.0	0.0	0.0	0.0	0.0	0.0	0.0	0.0	0.0	0.0	0.0	0.0	0.0	0.0	0.0	0.0	0.0	0.0	0.0	0.0	0.0	0.0	0.0	0.0	0.0	0.0	0.0
54655.44718893697	0.863432280930283	2987217907.422678	0.7455153037524712	67087.8282138672	18.822610351562616	4500776694.453355	354.29066044675216	55221.39393813467	64.09317577369802	3049402348.470657	4107.935180758151	55375.44265506066	55132.12198724128	0.8339569999999998	19.105009	0.0581402149999998	0.0331154	-0.0064887363	-0.0086375514	-0.0063035655	0.0054277746	0.0414635609	0.0190916472	-0.0314787634	0.030442102	0.0128176488	0.0468186879	0.0004597009	-0.011626092	0.0015020482	0.0124885208	0.0559681884	0.0047362674	0.0129023288	-0.0365700196	0.0436135404	-0.0232226008	0.0646641978	0.024929475	0.0102595681	0.0220811929	0.0347717795	0.0323322232	-0.0058464349	-0.0286425315	0.0150559101	-0.0496996803	0.0266552975	0.0043463442	-0.0085531869	0.0168209081	0.0007070015	-0.0606378327	0.0092709554	0.0017439572	-0.0785309743	-0.0042445893	0.0182269696	0.0001118577	-0.0277602741	-0.0421304226	-0.0709745839	-0.0096833499	0.0083768192	-0.0325495727	-0.0548103405	0.0001440887	0.0257706152	-0.0430219346	-0.0088042398	0.0131164892	0.0219246149	-0.0413643546	0.0536801618	0.0567833143	0.032317229	-0.010275488	0.0247438129	-0.0059690823	0.0896215133	0.0035455954	-0.0040803495	-0.0425856585	0.0292358953	-0.0307554733	0.0403712388	0.0033416939	0.0147839788	-0.0115746601	-0.0695796691	0.0371810387	0.0279837366	-0.0138309425	0.0718828439	-0.0787070874	0.0591362032	0.0332253182	-0.0416426075	0.0533242849	0.026382937	0.0439562924	0.0108075604	-0.025270514	0.0097818009	0.0106674929	0.0186621054	-0.019653018	-0.0407427304	-0.0063745905	-0.0448005788	0.0041656961	0.0123114155	-0.0285633465	-0.0142258092	-0.0542867891	-0.0602815292	-0.0298650268	-0.0119487809	-0.0395614908	0.0196211541	-0.0175309053	0.0117467972	-0.0169810611	-0.0218450572	0.0751516012	0.0248007455	0.0057581629	0.015325851	-0.0321239142	-0.0384809687	-0.0464643187	0.0239982673	-0.0634093462	-0.0290397244	-0.0042017817	0.0319822756	-0.0228620254	-0.0310513067	0.0047499014	-0.0291786719	0.0139152822	-0.0470069087	0.0311872549	0.0065883993	-0.0005663625	0.0161474456	-0.0060380147	-0.0562663427	-0.0110633211	0.0075141405	-0.0777052785	-0.0023048609	-0.0306449444	-0.0029512642	-0.0429362824	-0.0264507262	0.0711856186	-0.0123724977	-0.0165219616	0.0194866115	0.0390424264	0.01514163	0.0105951501	0.0722413171	0.0139117633	0.026910362	-0.0228185935	0.071646603	-0.0035717137	-0.0214979513	0.0489839627	0.0019138858	-0.0090770165	-0.0139102272	-0.0791878693	0.0257129437	-0.009448864	0.0413230176	-0.0233148149	0.0231271339	-0.0616023519	-0.0113415724	0.0135556749	0.0334752908	-0.0787420409	0.008859236	0.0264498699	-0.0566169528	0.0523877029	0.0823117245	0.0236050141	0.0057225875	0.0350624579	0.0699479681	0.0242666272	0.0573622226	-0.003112432	-0.0256046769	0.0001844386	-0.0407321878	-0.0094775376	-0.0334696003	-0.0216270196	-0.0128041848	-0.0043367181	0.0283056499	-0.0170914686	-0.0188410609	0.0136436161	-0.006535979	-0.0567176989	0.0518230568	0.0242709855	0.0181867446	0.0094564367	-0.0321561918	-0.0323403376	0.0223590198	-0.0155518206	-0.0362996795	0.0678042291	-0.0155097287	-0.0204080402	-0.0380031819	-0.0427023443	-0.0040384268	-0.0013016715	-0.0046322702	-0.0084317545	-0.0089286002	-0.0054550389	0.0235627101	0.0208439368	0.0109875807	0.0343761854	-0.0595445717	0.0038826153	0.0275693474	0.0389431568	0.0077570068	-0.0027637209	-0.0124994169	0.0163301112	-0.0068405466	0.0127634339	0.0067268153	-0.0070686258	-0.0086457443	-0.0100846878	0.0083521601	-0.0461211897	-0.0240846454	0.0379056313	0.0370147062	-0.0252794756	-0.0456378354	0.0097118681	0.0489506689	0.0069857861	-0.0465677344	-0.0228705931	0.0387663036	0.0360942395	-0.02645413	-0.0451180572	0.0110638251	0.0488920593	0.0056138368	-0.046977113	-0.0216382877	0.0395960362	0.0351449656	-0.0276076712	-0.04456227	-0.0500611	-0.0002606999999999	6.796448999999774e-08	0.0025061137332099	-2.23165	0.0177199999999997	4.980261722500001	0.0003139983999999	-0.190567	0.000115	1.3225000000000916e-08	0.0363157814889999	-0.021039	0.0001388	0.0004426395209999	1.92654400000004e-08	0.00296458	0.00051213	8.7887345764e-06	2.622771369e-07	0.00021964	0.0001499603	4.82417296e-08	2.248809157609e-08	0.0	0.0	0.0	0.0	0.0	0.0	0.0	0.0	0.0	0.0	0.0	0.0	0.0	0.0	0.0	0.0	0.0	0.0	0.0	0.0	0.0	0.0	0.0	0.0	0.0	0.0	0.0	0.0	0.0	0.0	0.0	0.0	0.0	0.0	0.0	0.0	0.0	0.0	0.0	0.0	0.0	0.0	0.0	0.0	0.0	0.0	0.0	0.0	0.0	0.0	0.0	0.0	0.0	0.0	0.0	0.0	0.0	0.0	0.0	0.0	0.0	0.0	0.0	0.0	0.0	0.0	0.0	0.0	0.0	0.0	0.0	0.0	0.0	0.0	0.0	0.0	0.0	0.0	0.0	0.0	0.0	0.0	0.0	0.0	0.0	0.0	0.0	0.0	0.0	0.0	0.0	0.0	0.0	0.0	0.0	0.0	0.0	0.0	0.0	0.0	0.0	0.0	0.0	0.0	0.0	0.0
54525.91563893989	-129.53154999707476	2973075476.26479	16778.42244464468	67037.84627636719	-49.98193750000792	4494072833.373837	2498.1940762546974	55062.92843515776	-158.46550297691283	3031926087.8553047	25111.315633725968	55217.56292184527	55156.98992047991	1.020102	23.369381	0.0693939000000002	0.0352334	-0.0042208321	-0.0075865664	-0.0040199534	-0.0085463336	0.0115107319	-0.0155603434	-0.0281061535	-0.0591842988	-0.0087961274	-0.0107005645	0.0031640514	0.0108383741	-0.0042433493	-0.0015758443	-0.0093968519	0.0124784542	-0.030513821	0.0069375771	-0.0374065584	0.0251302612	0.0063087204	0.0397132015	-0.0178008352	-0.0154095381	0.04254973	0.0073472319	-0.0109105954	-0.0006020491	-0.0568116161	-0.0139036535	-0.0093417087	0.0223426154	0.011077365	0.0327963608	0.0447664908	-0.031362194	-0.0312897134	0.0117365392	0.0792636158	-0.028283362	0.0144216037	-0.0062993284	0.0280577528	-0.0369788668	-0.0359423873	-0.0452882957	-0.0274029355	0.0402367061	-0.0310933536	-0.0042873052	0.042786561	0.0473819097	-0.0517860814	-0.0239696048	-0.0088645656	0.0460549966	0.0365683631	0.0434473012	-0.0130194256	0.0200220488	-0.0176783402	0.0290805851	0.0086182364	0.0066154381	0.0437171974	-0.0919899305	0.0625132242	0.0279237687	-0.0071200917	0.0409793747	-0.0001224195	0.0124443828	0.0120825276	-0.0371064724	-0.0151006328	-0.0399882784	-0.0050554784	-0.0263504646	-0.0734628721	0.0712870258	-0.0239624093	0.0174053254	-0.0009157603	-0.0105680415	0.0092095612	0.0049488825	-0.039534677	0.0062792215	-0.0125609019	0.0343865123	0.0046805774	0.0032004384	0.007348778	0.0376829296	-0.0126077329	-0.0370116888	0.0142145957	-0.0357767149	-0.070725282	-0.006610381	-0.0900637122	-0.0360123115	0.0354743069	0.0235356253	-0.0106673051	-0.0228532631	0.0570730729	0.0180543648	-0.0166053055	0.0464271068	-0.0162472962	-0.0075555605	0.0068581927	0.0385761209	-0.0259630894	-0.00677935	-0.036191505	0.0197543417	-0.008637648	-0.0402056152	-0.0095440614	0.0213386808	0.0097715494	-0.057912709	-0.0184181839	-0.0109403303	0.0235469435	0.0166392173	0.0385585479	0.0392343329	-0.0321220513	0.0266364193	0.0140677194	0.0789241526	0.0343282021	-0.0131625129	0.0119444085	-0.0231050769	0.0290438591	0.040574064	0.0167244135	0.0402965374	-0.0240551389	-0.0018579112	0.0038376512	-0.0270263938	0.0397105817	0.0894370864	-0.0242100721	-0.011249077	0.0025697476	-0.0637646664	-0.0220001093	0.0112903777	-0.0177921168	0.0339448155	-0.0359435701	0.0131050179	0.0024759381	0.0346785937	0.0970284618	-0.0494478918	-0.0344508832	-0.0047025154	0.0402854531	-0.0222620357	-0.0205054642	0.0083660553	-0.0346792384	-0.0159905826	-0.0168944947	-0.0218802811	0.032302418	-0.083565935	4.70367e-05	-0.0208528457	0.0486327501	0.0033730206	-0.0020048134	0.0125347242	0.006475848	-0.0216411746	0.0380404344	0.0192800277	0.0338271529	-0.0348692183	0.0078396368	0.0194277328	0.0110915612	0.0236086165	-0.0227289927	0.0349548596	-0.0091591408	-0.0061176231	0.1222772836	0.0135662594	0.0283631451	-0.0062493989	-0.0289344109	-0.0263735589	0.0277717464	0.0558392054	-0.0042640879	-0.0112983804	-0.0457883953	-0.0072749079	0.0100411535	0.0058129467	-0.0048011572	0.0046069504	-0.0040704868	-0.0069564091	-0.0006199965	0.0060666493	0.0052438987	0.0393370981	0.0021832457	-0.0162969768	0.0369453122	0.0032306211	0.0290766271	-0.0433048206	0.0192137553	0.0498079887	-0.0093153351	0.0116508479	-0.0307537901	0.0056573153	-0.0088893923	-0.017089524	-0.0325180793	0.0149956988	0.0081703383	-0.0462438827	-0.0236012772	0.0383684655	0.0364042993	-0.0262208584	-0.0451538342	0.0111536535	0.0488756528	0.0051554705	-0.0471553442	-0.0208905514	0.0401844584	0.0342995449	-0.0287391785	-0.0438894081	0.0140938949	0.0485923444	0.002120693	-0.0478846987	-0.0180991493	0.0418452649	0.0320623308	-0.0311465121	-0.0424554877	-0.0500189	4.219999999999918e-05	1.780839999999931e-09	0.00250189035721	-2.20693	0.0247200000000002	4.8705400249	0.0006110784	-0.170586	0.019981	0.0003992403609999	0.0290995833959999	-0.020825	0.0002139999999999	0.000433680625	4.579599999999953e-08	0.0026875	-0.00027708	7.222656249999999e-06	7.677332640000018e-08	0.000221574	1.933999999999985e-06	4.9095037476e-08	3.740355999999943e-12	0.0	0.0	0.0	0.0	0.0	0.0	0.0	0.0	0.0	0.0	0.0	0.0	0.0	0.0	0.0	0.0	0.0	0.0	0.0	0.0	0.0	0.0	0.0	0.0	0.0	0.0	0.0	0.0	0.0	0.0	0.0	0.0	0.0	0.0	0.0	0.0	0.0	0.0	0.0	0.0	0.0	0.0	0.0	0.0	0.0	0.0	0.0	0.0	0.0	0.0	0.0	0.0	0.0	0.0	0.0	0.0	0.0	0.0	0.0	0.0	0.0	0.0	0.0	0.0	0.0	0.0	0.0	0.0	0.0	0.0	0.0	0.0	0.0	0.0	0.0	0.0	0.0	0.0	0.0	0.0	0.0	0.0	0.0	0.0	0.0	0.0	0.0	0.0	0.0	0.0	0.0	0.0	0.0	0.0	0.0	0.0	0.0	0.0	0.0	0.0	0.0	0.0	0.0	0.0	0.0	0.0
54473.879411767935	-52.03622717195685	2967403538.1678348	2707.7689382915005	66401.76623095703	-636.0800454101554	4409194558.590665	404597.8241689854	55109.28222278469	46.3537876269329	3037032987.1105328	2148.6736273627976	55254.33572750654	54728.75726461039	1.259284	28.848776	0.1196543500000001	0.0594211	-0.001835378	-0.010131772	0.0090112242	0.0120171357	0.0330528942	0.0238612615	-0.014889613	0.0368129287	0.0333491367	-0.0110417087	-0.014663803	-0.0164261284	0.0504666418	0.0206666698	-0.0208709852	-0.0134513484	0.0549136251	0.018668482	-0.0179591759	-0.0004399181	0.0126452884	-0.0133997859	-0.008384843	0.093069807	-0.0361384771	0.0123741179	0.0191037058	-0.0199829195	0.0167632563	0.0600200136	-0.024360407	0.016575725	0.0134421102	0.0127658685	-0.0184509912	-0.0471452439	-0.0048213329	0.0524311119	0.0095689438	0.0219712098	0.0134667099	0.0042576017	0.0339918614	-0.0015556596	0.0330638319	0.0226733682	-0.0523954569	-0.0066238622	-0.0284881584	-0.0973117584	0.0318685266	0.0019899929	0.0010578818	-0.0075838774	0.0056004148	0.022417516	-0.0040342061	0.0053896997	0.013217502	-0.0195942143	0.0305495608	0.0475434136	-0.0160848431	0.0522224066	0.0340137971	0.0631873647	0.0025764987	0.0295363872	0.0636062428	0.0204481999	0.0174937391	0.0499369429	-0.0279090597	-0.0187600662	0.0079891714	-0.0557069256	0.0242722925	-0.0313648983	-0.0435653058	-0.0237274749	0.0019015931	-0.0322550096	-0.0076063679	0.0168922213	-0.0140916109	0.0192627605	0.0526017955	0.013841014	0.0237429638	-0.0124996755	-0.061988988	0.0008961013	0.0057491656	-0.0056359715	0.0141534437	0.0079113038	0.0010032864	0.0100497268	0.0376458875	0.0103335543	0.0882798984	-0.0450721045	-0.0123837537	-0.0255829283	0.0110564277	0.0303045898	0.071766239	-0.0080839339	0.0134969233	-0.01289339	0.0731826892	0.0159538748	0.0190899832	0.0141122062	0.0023967391	-0.0132262286	0.0116231099	0.0118606139	0.0749120369	0.0632086213	-0.0069466739	-0.0186529772	-0.0318368932	0.0099460029	0.0568180668	-0.0385190717	0.0114619251	0.0056947858	0.0087823503	-0.0224425432	-0.0406783242	-0.00107415	0.0577590803	0.005451467	-0.0232388083	-0.0024515284	0.0017362949	0.0124219403	0.0340408515	-0.0392248799	-0.022310375	0.0526635175	0.0064663956	0.0280523802	0.0992799935	-0.0296857147	0.017830181	0.0020392609	-0.0042487859	-0.0097420117	-0.0053108708	-0.0152635363	-0.0037627659	0.0309185366	0.002013207	-0.0388603254	-0.0558568456	0.0314949378	-0.02746345	0.036439375	-0.0671581833	0.0127697522	-0.0330196512	-0.0592080866	0.0254877211	-0.017510813	-0.0378242598	-0.0308681581	-0.0255930521	0.0138920483	-0.0554801439	0.0125364548	0.0131375023	-0.0202650805	-0.0371542053	-0.0299241031	-0.0225255711	-0.0047468572	0.0008526723	-0.0261543161	0.0132740272	0.0557628837	-0.0234424322	-0.0161907677	-0.0252446936	-0.0196740082	-0.0321774275	0.0222362425	-0.0200559616	-0.0243806953	0.0272965111	-0.0183225637	-0.0091372094	-0.0134221217	-0.079504862	0.0008252524	0.0421889192	0.048540282	-0.0068162059	0.0316680569	-0.0295739001	0.0420239634	0.0545239656	0.0122519923	-0.0107348458	0.0292339902	-0.0564055795	0.0307746411	0.0008294883	-0.0065020081	0.0033505937	-0.0141775262	-0.0141614877	-0.0183063575	0.0279552966	0.0025100917	0.0061069055	0.0387535085	-0.0457822399	-0.0053947556	-0.008986901	-0.0221422733	0.0006947577	-0.040433382	-0.014419616	0.0109384234	-0.0033463788	-0.0296399052	-0.0285234988	-0.0283507867	0.0125581002	0.0488441109	0.0079884006	-0.046363951	-0.0231148951	0.0388225891	0.0357809787	-0.0271488476	-0.0446384398	0.0125853106	0.0487444668	0.0033178403	-0.0476620031	-0.0188678315	0.0415062691	0.0324094805	-0.0309324975	-0.0425013783	0.0170661886	0.0480693164	-0.0013833093	-0.0485206286	-0.0144468132	0.0438072762	0.0287391785	-0.0344309608	-0.0399724692	-0.038175	0.0118438999999999	0.0001402779672099	0.001457330625	-2.25272	-0.0457900000000002	5.0747473984	0.0020967241	-0.162758	0.0078279999999999	6.12775839999996e-05	0.026490166564	-0.0213333	-0.0005082999999999	0.00045510968889	2.5836888999999974e-07	0.00241114	-0.0002763599999999	5.8135960996e-06	7.637484959999989e-08	-7.761499999999998e-05	-0.0002991889999999	6.024088224999997e-09	8.951405772099996e-08	0.0	0.0	0.0	0.0	0.0	0.0	0.0	0.0	0.0	0.0	0.0	0.0	0.0	0.0	0.0	0.0	0.0	0.0	0.0	0.0	0.0	0.0	0.0	0.0	0.0	0.0	0.0	0.0	0.0	0.0	0.0	0.0	0.0	0.0	0.0	0.0	0.0	0.0	0.0	0.0	0.0	0.0	0.0	0.0	0.0	0.0	0.0	0.0	0.0	0.0	0.0	0.0	0.0	0.0	0.0	0.0	0.0	0.0	0.0	0.0	0.0	0.0	0.0	0.0	0.0	0.0	0.0	0.0	0.0	0.0	0.0	0.0	0.0	0.0	0.0	0.0	0.0	0.0	0.0	0.0	0.0	0.0	0.0	0.0	0.0	0.0	0.0	0.0	0.0	0.0	0.0	0.0	0.0	0.0	0.0	0.0	0.0	0.0	0.0	0.0	0.0	0.0	0.0	0.0	0.0	0.0
54471.186990629576	-2.69242113835935	2967110212.168133	7.249131586284259	66781.595796875	379.8295659179712	4459781537.177193	144270.4991454344	55108.30235659453	-0.9798661901586456	3036924988.6258426	0.960137750616019	55248.981472258565	56242.77441025771	1.050348	24.062296	0.240295775	0.14484	-0.0049039263	-0.0205612844	0.0084599	0.0215862758	0.0240902351	-0.0024880062	-0.0326439832	0.0168439557	0.0091007615	0.0122377497	0.0038230633	0.0014594618	-0.0136669716	0.0362094037	-0.0587374488	-0.0341934443	-0.0908978428	0.0305766122	0.0148823118	-0.0771477568	-0.0214649836	-0.0229821198	0.0276930806	-0.0547813604	0.0685536615	0.0518063676	-0.0392900841	0.0222049992	-0.0209738926	0.042866843	-0.0146371564	-0.0546728992	-0.0411901418	0.0135483047	-0.0092445624	-0.0122983127	0.0260632791	0.0363587581	-0.0090529378	-0.0148938016	0.0308161993	-0.0204194521	-0.0012618975	0.0010187535	-0.0259481601	0.0053265896	-0.0252576834	0.0248386693	0.0153112401	-0.0152052067	0.0448704073	0.0268410908	-0.0141589947	0.0596942786	0.0486578786	0.0062894882	-0.0247949918	-0.0008758862	-0.025296244	0.005242897	0.0354471565	-0.0163027192	-0.0520565415	-0.029136639	-0.0136310597	0.009340205	-0.0360208819	-0.0184962099	-0.0394289817	-0.0528294775	0.0660184676	-0.0388221973	0.0121243525	0.0062450828	0.0237999787	0.0316571352	-0.0454719739	0.0064655221	-0.0530970699	0.0413165861	0.0623462256	0.0009350713	0.0420411077	-0.0215803078	0.0011325426	-0.0193144332	0.0100329916	0.0158296048	0.0019212897	0.0063140384	-0.018445729	0.0070855773	-0.007618754	-0.0261576828	0.0600319058	0.0133350755	0.0111484937	0.0256889897	-0.0145409956	0.0399361938	-0.0023784232	0.0382214766	0.0265625426	-0.0103991101	0.0090390501	0.0309458882	-0.0185746524	0.0484622964	-0.0562581163	-0.0005732407	0.0322446908	0.0530786186	0.0326986158	-0.0192463558	0.0770801607	0.0234904884	0.0222361026	-0.0260439512	-0.0213121546	-0.0791737785	-0.0552693041	0.0395449443	0.0276111909	-0.0169932138	0.0383675682	-0.0031537369	-0.0544833419	-0.044146221	0.0143558202	-0.0085098829	-0.0106454968	-0.0307278742	0.035685678	-0.0094305104	0.0102915808	-0.0273745098	0.0214224673	0.0123350865	-0.000266986	0.0154427256	-0.0170386088	0.0266150403	0.0055502598	-0.020289132	0.0077606171	-0.0476079345	0.0167840401	0.0348197577	0.0667285993	-0.0190389829	-0.0361922378	0.00692073	0.0171566801	-0.019745343	-0.0132840084	-0.033180911	0.0482317716	0.0409258788	0.012157472	-0.0075118458	-0.0122052178	0.020016058	0.0174794588	0.0371551314	-0.0592360731	-0.0445085345	0.0361663495	0.0166911979	0.015512027	0.0358220767	0.0560617179	-0.0498837168	-0.013631882	-0.072376972	-0.0106567279	0.0061553967	-0.0237406759	0.0550428544	-0.0118778702	0.0160135094	-0.0182439762	0.0015137518	-0.0115581988	-0.004607278	0.0008278559	-0.0149118852	0.0031346166	-0.0092440859	-0.0090808428	-0.0713903801	0.016880649	0.0087110563	-0.0048130188	0.021209058	0.0009594122	-0.0530437656	-0.0392777177	-0.0060895044	-0.0232464766	-0.0015608846	-0.0253994968	0.0020053361	-0.0503955328	0.0423477432	0.0005781609	0.0730245606	-0.005306092	0.0196484574	-0.0011921691	-0.0260694068	0.0340121403	-0.0465106952	-0.0677668586	-0.0243122229	-0.0032970371	-0.0230713707	-0.0093186175	-0.0422844872	0.0579797759	-0.0351734878	-0.0299844627	0.0658715137	0.0137465568	0.0401427985	-0.0051576718	0.0598282206	0.0587472014	-0.0235544176	-0.0055537507	-0.0042328518	0.0472636863	0.0647634783	0.0078063495	-0.0464813877	-0.022625561	0.0392678988	0.0351449656	-0.0280629691	-0.0440920108	0.0140055395	0.0485572616	0.0014755028	-0.0480868413	-0.0168065656	0.0427285664	0.0304293015	-0.0330270864	-0.0409590082	0.0199685217	0.0473253789	-0.0048802286	-0.0488812951	-0.0107041222	0.0454686032	0.0252004375	-0.0374341914	-0.0371352188	-0.0509106	-0.0127356	0.00016219550736	0.00259188919236	-2.36499	-0.11227	5.593177700100001	0.0126045529	-0.0901407	0.0726173	0.00527327225929	0.00812534579649	-0.0219889	-0.0006555999999999	0.0004835117232099	4.29811359999999e-07	0.0025987	0.0001875599999999	6.753241689999999e-06	3.5178753599999935e-08	-8.79125e-05	-1.029750000000002e-05	7.72860765625e-09	1.0603850625000043e-10	0.0	0.0	0.0	0.0	0.0	0.0	0.0	0.0	0.0	0.0	0.0	0.0	0.0	0.0	0.0	0.0	0.0	0.0	0.0	0.0	0.0	0.0	0.0	0.0	0.0	0.0	0.0	0.0	0.0	0.0	0.0	0.0	0.0	0.0	0.0	0.0	0.0	0.0	0.0	0.0	0.0	0.0	0.0	0.0	0.0	0.0	0.0	0.0	0.0	0.0	0.0	0.0	0.0	0.0	0.0	0.0	0.0	0.0	0.0	0.0	0.0	0.0	0.0	0.0	0.0	0.0	0.0	0.0	0.0	0.0	0.0	0.0	0.0	0.0	0.0	0.0	0.0	0.0	0.0	0.0	0.0	0.0	0.0	0.0	0.0	0.0	0.0	0.0	0.0	0.0	0.0	0.0	0.0	0.0	0.0	0.0	0.0	0.0	0.0	0.0	0.0	0.0	0.0	0.0	0.0	0.0
54414.509439972055	-56.67755065752135	2960938837.592808	3212.344748535899	66345.4571459961	-436.1386508789001	4401719683.911205	190216.9227904671	55080.3819190492	-27.920437545333694	3033848472.348322	779.5508327228796	55217.97748981624	54913.11424512987	1.181767	27.072945	0.3394221750000001	0.18484	-0.0037697863	-0.0095729494	-0.0039034128	0.0029340176	0.0194976825	0.0030870291	-0.0172084604	0.0089277522	0.0117213238	-0.0397772844	-0.0081009228	0.0191849885	0.0062390714	0.004072727	-0.0384080249	0.0258353564	0.0500323482	0.0298021478	-0.0172345246	-0.0300654003	-0.0127222521	-0.0365275656	-0.0501121407	-0.0264771407	-0.0070750343	-0.0260953902	0.0030309027	0.0252938171	0.0293797409	0.0169258688	-0.0260695145	0.0104385504	0.0461121753	-0.083108795	-0.0096792394	0.0078087943	0.0217072091	-0.0185493937	-0.0006500736	0.0853949252	0.0094800091	-0.0164353481	-0.0232090704	-0.0159063683	-0.0159069088	-0.0193971983	-0.0196897882	-0.0135917886	0.0011057714	-0.0115277294	0.0475551547	-0.0442947251	-0.0190519945	-0.0464108603	-0.0271652856	-0.0141915818	-0.0007539607	0.0200493968	-0.0382955963	-0.0493239901	0.0124493921	-0.0589622331	-0.0257097795	0.0401826529	0.0116856724	-0.0291640039	-0.0157036827	0.0422015825	0.0085957994	-0.0121212387	-0.0139686523	0.003416289	0.0416082948	-0.026833867	0.006382612	0.0312870727	-0.0034437598	-0.0860579517	0.0042069519	-0.0504077419	-0.0140721774	0.0221880746	0.0420863641	-0.0035003422	-0.0172224267	-0.0148853643	0.0020340662	-0.0257180356	0.0319695816	0.0247004534	-0.0140358972	-0.0144767501	-0.0053767526	0.0264568662	0.0287338981	0.0129299511	-0.0634416501	-0.0394920114	-0.0755539409	-0.04008682	-0.0125598139	-0.0769306704	0.0142524947	0.0234746714	0.0419655564	-0.0102156064	0.0224164383	-0.0184918784	-0.0441972756	0.0066623897	0.0755202185	-0.0310393003	0.0313750073	0.013599957	0.0313841302	0.0110825292	0.0379468848	0.0502303812	-0.0306384052	-0.0019241038	0.0243454824	-0.0101505943	0.0212833058	0.0331749457	0.0166360762	-0.0353623661	0.0052179079	0.0388867154	-0.083765922	-0.0017489053	0.0089267184	-0.0143264451	-0.0222345593	-0.0034828557	-0.0876766621	-0.0023540356	0.0160675653	-0.0046552184	-0.0259401191	0.0129501308	0.0036303486	0.0154612695	0.0241963136	-0.0136459334	0.0111763011	-0.0224766767	0.0636708291	-0.0056744207	-0.0358584047	-0.0036922179	0.0324378672	-0.0496771108	0.0098470277	-0.0252761871	0.0431801301	-0.0473005977	0.0374213408	-0.0067722928	-0.0617759386	0.0098674325	0.0302257877	0.0368909546	-0.0380655139	-0.0016691572	0.0023563439	0.0104158023	-0.0132742315	0.0394856204	-0.0049200243	0.0027223111	0.0274065382	0.009325776	0.055331756	0.0524230755	-0.0630011835	0.0131683096	0.0349335638	0.0389068157	-0.0072377566	-0.0159443948	-0.0019458677	0.0053157691	0.0237387953	0.0168122035	-0.0232863294	-0.0070911027	-0.0154012007	0.0078992695	0.024884518	-0.0386523545	0.0058255415	-0.0520204134	-0.0388807708	-0.0705835578	0.0776145603	0.0420692223	0.0493859838	0.01625381	-0.034848959	0.0303911112	0.0364872833	0.0425036876	-0.0097349677	-0.0171549306	0.0217218399	0.0202651939	-0.0786732645	-0.0021730461	-0.0023452549	0.0028602356	-0.0132990666	-0.0020158281	-0.0036037217	0.0283061818	0.0078996598	0.0384727887	-0.0111559465	0.0122915121	-0.0128234607	0.0049664398	-0.039947199	-0.0284196031	0.0171918154	-0.022187457	-0.0052344674	-0.0091618735	0.0121133014	-0.0239450088	-0.0335612738	-0.0266157962	-0.0088385831	0.0467450272	0.0076241876	-0.0465961863	-0.0221333376	0.0397042937	0.0344964857	-0.0289627561	-0.043514927	0.0154130506	0.0483142525	-0.0003689281	-0.0484291295	-0.014710965	0.0438484199	0.0283645137	-0.0350162597	-0.0392678988	0.0227889965	0.046363951	-0.0083521601	-0.0489646519	-0.0068944842	0.046817843	0.0214726538	-0.0401316745	-0.03396888	-0.0702976	-0.019387	0.000375855769	0.00494175256576	-2.267	0.0979900000000002	5.139289	0.0096020401	-0.205147	-0.1150062999999999	0.0132264490396899	0.042085291609	-0.0206366	0.0013522999999999	0.00042586925956	1.8287152899999923e-06	0.00225188	-0.0003468199999999	5.0709635344e-06	1.202841123999999e-07	-0.00052957	-0.0004416575	2.8044438490000004e-07	1.9506134730625005e-07	0.0	0.0	0.0	0.0	0.0	0.0	0.0	0.0	0.0	0.0	0.0	0.0	0.0	0.0	0.0	0.0	0.0	0.0	0.0	0.0	0.0	0.0	0.0	0.0	0.0	0.0	0.0	0.0	0.0	0.0	0.0	0.0	0.0	0.0	0.0	0.0	0.0	0.0	0.0	0.0	0.0	0.0	0.0	0.0	0.0	0.0	0.0	0.0	0.0	0.0	0.0	0.0	0.0	0.0	0.0	0.0	0.0	0.0	0.0	0.0	0.0	0.0	0.0	0.0	0.0	0.0	0.0	0.0	0.0	0.0	0.0	0.0	0.0	0.0	0.0	0.0	0.0	0.0	0.0	0.0	0.0	0.0	0.0	0.0	0.0	0.0	0.0	0.0	0.0	0.0	0.0	0.0	0.0	0.0	0.0	0.0	0.0	0.0	0.0	0.0	0.0	0.0	0.0	0.0	0.0	0.0
54405.06745581618	-9.441984155877435	2959911364.8719087	89.15106479984053	66906.114953125	560.6578071288968	4476428218.120776	314337.17669458326	55118.55454205453	38.17262300533184	3038055054.8054404	1457.14914710719	55248.40187358765	55653.62064541903	1.247319	28.57468	0.3356106000000002	0.192573	0.0008067164	-0.0255660416	0.0190718625	0.0209907378	0.0301357935	-0.0022773725	-0.0362945735	-0.0366315413	0.0272902965	0.0040316231	-0.0101643217	-0.021616267	-0.0018673111	0.0455819621	-0.0238475255	-0.0352648543	-0.047533208	0.0355721931	0.0200427989	-0.0176594965	-0.0372111212	-0.0159372451	0.0569299032	-0.0037443814	0.0038159179	0.033236757	-0.0255189784	0.0330719416	0.1166007123	0.0180788787	-0.0297929973	-0.0204289657	-0.0063314724	0.0623814004	0.0399032493	-0.0142220785	0.0185085331	0.0355770812	-0.0123289374	0.0255918117	-0.027236594	0.021065366	0.0282895346	-0.0153217517	0.0099092288	0.0287951649	0.009985047	-0.1160956755	0.0310608382	0.0604605617	-0.002394569	0.0217442552	-0.0322378269	-0.0022564743	-0.0436679238	-0.0132838583	0.0117456786	-0.0113479694	-0.0228994874	0.032827668	-0.0056952777	-0.0184145072	-0.0351347842	0.0033348483	0.0348129365	0.0251053796	0.0346078684	-0.0749912908	0.0902740393	-0.0567011958	0.0123565817	0.0513247242	0.0104129183	0.0163053457	-0.0010907894	0.0049915789	-0.0172823058	0.0502677402	-0.0457263265	-0.0381013798	0.0110364013	0.1185233273	0.0014952574	0.0468770545	0.0091418173	0.0196517409	0.0628764206	0.009181855	0.0339341888	0.0223537961	-0.0811618855	-0.031790632	0.0019471911	-0.0430354697	0.0106914796	-0.0134268735	0.021874731	0.0538768687	0.0343782969	-0.068111587	0.0453397183	-0.0208608797	-0.0390714063	-0.0466529159	0.0533118977	-0.0599235815	0.004423688	-0.0267209639	-0.0156456618	0.0516472018	-0.0373292226	0.015255186	0.0369776263	-0.0222806726	0.0187557754	0.0377430323	0.0153853685	-0.0503983314	0.019134864	-0.0189615427	-0.0328687266	0.0098877168	0.0126495931	0.1271707644	0.0261659882	-0.0212226973	-0.0245952833	-0.0090427163	0.0683423387	0.0353070578	-0.0132878066	-0.0149275393	0.027971332	-0.0197737	-0.0333436877	0.0321194877	-0.0146821124	-0.0106585207	0.0373533003	-0.0192032327	-0.0168571173	-0.044050381	0.1153780866	-0.0194040203	-0.0415806522	0.0089507286	-0.0070288884	0.0285408812	-0.0266887275	0.0515376257	0.0087387428	0.0050337864	-0.0095980497	-0.0225364146	-0.0203570864	0.011327646	0.0228921392	0.0138503703	-0.0351975441	0.0327001188	-0.0445023934	-0.0383203037	0.0404054107	-0.1013495129	-0.0629469176	-0.0056402701	-0.0352415258	0.0069136328	0.0289846936	0.00048221	0.0159956317	0.0168461634	-0.0908439186	-0.0288923048	-0.0501455121	0.0777503051	0.062057463	-0.018388833	0.0221874923	-0.0260989735	0.0092594659	0.0858316382	-0.0168090797	0.011030391	-0.0296864736	-0.0455116865	-0.0532827035	-0.0127324606	-0.0309861081	-0.0278775943	0.0178168491	-0.0095416748	-0.0499586288	0.0265001717	-0.0812456384	0.0813031333	0.0222221899	0.0469489126	0.0279550508	0.013516998	0.0497643558	0.0096527163	-0.0411114816	-0.0367647882	-0.030015818	-0.0009087101	0.044664619	-0.0374576978	-0.0004499621	-0.0217294824	0.0285318834	-0.0575062451	-0.0631581844	-0.0282869804	0.0278961291	-0.0368320236	-0.0018640479	-0.0344895082	0.0232212375	-0.0619618781	-0.0811412372	0.0126424164	0.0115149183	0.0119122867	-0.0109977861	0.0322685683	0.0981604225	-0.0462482371	-0.0330766522	0.0119083105	0.0483221506	0.0273592663	0.0074419176	-0.0467083402	-0.0216382877	0.0401316745	0.0338357689	-0.0298477488	-0.0429075896	0.0168065656	0.0480157186	-0.0022128355	-0.0486882801	-0.0125853106	0.0448631447	0.0262208584	-0.0368936684	-0.0374341914	0.0255160508	0.0451894509	-0.0117813266	-0.0487702262	-0.0030417259	0.0478457346	0.0175837917	-0.0425013783	-0.0305015125	-0.0530514	0.0172462	0.00029743141444	0.0028144510419599	-2.35381	-0.0868100000000002	5.540421516100001	0.0075359761	-0.0495802	0.1555668	0.02420102926224	0.00245819623204	-0.0211683	-0.0005316999999999	0.00044809692489	2.827048899999995e-07	0.00288666	0.00063478	8.3328059556e-06	4.0294564840000017e-07	-0.000176298	0.000353272	3.1080984804e-08	1.2480110598400004e-07	0.0	0.0	0.0	0.0	0.0	0.0	0.0	0.0	0.0	0.0	0.0	0.0	0.0	0.0	0.0	0.0	0.0	0.0	0.0	0.0	0.0	0.0	0.0	0.0	0.0	0.0	0.0	0.0	0.0	0.0	0.0	0.0	0.0	0.0	0.0	0.0	0.0	0.0	0.0	0.0	0.0	0.0	0.0	0.0	0.0	0.0	0.0	0.0	0.0	0.0	0.0	0.0	0.0	0.0	0.0	0.0	0.0	0.0	0.0	0.0	0.0	0.0	0.0	0.0	0.0	0.0	0.0	0.0	0.0	0.0	0.0	0.0	0.0	0.0	0.0	0.0	0.0	0.0	0.0	0.0	0.0	0.0	0.0	0.0	0.0	0.0	0.0	0.0	0.0	0.0	0.0	0.0	0.0	0.0	0.0	0.0	0.0	0.0	0.0	0.0	0.0	0.0	0.0	0.0	0.0	0.0
54572.02700127949	166.95954546331632	2978106131.028378	27875.489821317187	66016.44553100585	-889.6694221191428	4358171080.548263	791511.6806538096	55162.13219482894	43.577652774409216	3042860828.279784	1899.0118213269752	55294.397915303874	54530.169639686486	1.432974	32.827812	0.3320246300000001	0.216847	-0.009459479	-0.0056543581	-0.0098812272	0.0018580399	0.0108439849	0.0181234637	-0.0127999233	0.0191473526	-0.028481428	-0.0114931647	-0.0128484633	0.0430368038	-0.0187053618	-0.0093565737	-0.040761462	-0.0017941517	0.0256145225	-0.005882683	0.0036927533	-0.0300707025	0.0047243761	-0.0072993981	0.0019285006	0.0138036133	0.0083174887	-0.0609324811	0.0022015994	-0.0060886333	-0.0496416484	-0.0405588317	0.0616621455	0.0190387928	-0.0655681846	-0.0082401852	-0.0069539638	0.0307231532	0.0197534141	-0.032431064	-0.0396674855	-0.0272110008	0.0217438822	0.0149488133	-0.0815977131	-0.0107993178	0.0310367475	-0.0371469486	-0.0011754775	-0.0968794973	-0.0263921268	-0.0396070762	-0.023163224	-0.0171369131	0.0088863712	0.0626571112	-0.081962789	0.0327503222	-0.0405243609	0.0199011403	-0.0637218809	-0.0232089416	-0.0084367104	-0.0695561646	-0.015026849	0.0026447258	-0.0608811055	0.0060347113	0.0267920722	0.0631754854	0.0343495303	-0.0282080705	0.0255815048	0.0350886948	-0.0506157211	-0.033147335	-0.024831949	0.0350255636	0.0337226905	-0.0113809711	-0.0246687506	0.001485038	-0.0171427111	-0.0141195447	-0.0401628494	-0.0176912131	-0.0240621226	-0.1017119294	0.0042948944	0.0318308025	0.0215378741	0.06512155	-0.0182857706	-0.058175806	0.0360348422	0.0474675582	-0.0024617662	0.0632269682	0.0338170181	0.0211884001	0.0318469876	-0.0412733876	-0.0042664097	0.0140424845	-0.0442903477	0.018152243	-0.0026849663	0.0291896082	-0.031399477	0.0105015933	0.0026350721	0.0111061095	-0.0450483997	-0.0200464795	-0.0024781844	-0.0033040255	0.0340135293	-0.0034333236	0.0075411204	0.0027902015	0.0191603487	-0.0073018399	0.0612676459	-0.0011564448	0.0034865625	-0.0414213587	-0.0405117069	0.0632116989	0.0270866542	-0.0670295976	-0.0088586964	-0.0071403106	0.02637093	-0.013950659	-0.038890868	-0.0300166503	0.0133895966	-0.0388691242	-0.0182723575	-0.0517544309	-0.0658112887	-0.0327695276	0.050263384	-0.0339274336	0.0785782885	0.0250215845	0.0498225188	0.0077306247	-0.0147363907	-0.0251773783	0.0474275138	0.0899724481	-0.0131833148	-0.0756241559	0.0319249758	-0.0509488966	0.0317944542	-3.62977e-05	0.0539358269	-0.0149378608	-0.0233122483	-0.0601042987	-0.0087720462	0.009314447	-0.0766428463	-0.034529558	-0.0163141624	-0.0156128589	-0.0139269573	-0.0482141874	-0.0403642628	-0.0169086381	0.0291757811	0.044059041	0.009360441	-0.010509879	-0.0049928656	-0.040666576	0.0084683124	-0.0157074216	-0.0437219779	-0.0253475182	-0.0981264384	0.0066756393	0.0127950694	0.0640409293	0.0495212553	-0.0201434252	-0.041378732	0.0563072445	0.0220855944	0.0092597473	0.0699740291	-0.036430558	0.0190507805	0.0394394403	-0.0226764274	0.0435161956	0.0016476246	-0.0216999068	0.0457705251	0.0034978585	-0.0285972364	-0.0241239934	-0.033896902	0.0023641146	-0.0201443645	-0.0356776358	0.0245660184	0.0999680962	-0.0125287473	0.0087139509	-0.0196768995	-0.0038974738	-0.0022414642	0.0509703948	-0.0215833524	0.0400010481	-0.0040700807	-0.0117581153	-0.0108137227	-0.0072330673	-0.0141424389	-0.0051968619	0.0211912552	-0.0034299817	-0.0109066874	-0.0059723127	0.0409105075	-0.0340491417	-0.0289409886	0.0067823701	0.0059932045	0.0299432217	0.0072595419	-0.046817843	-0.0211404744	0.0405499443	0.0331630496	-0.0307174953	-0.0422704209	0.0181848193	0.0476620031	-0.0040536034	-0.0488638482	-0.0104339452	0.0457703078	0.024004296	-0.0386533201	-0.0354645447	0.0281385053	0.0438072762	-0.01515017	-0.048299121	0.0008300562	0.0485452228	0.0135630238	-0.0445239479	-0.0267638437	-0.0532029	-0.0001514999999999	2.2952249999999652e-08	0.0028305485684099	-2.29191	0.0619	5.2528514481	0.00383161	-0.23031	-0.1807298	0.03266326060804	0.0530426960999999	-0.0199503	0.001218	0.00039801447009	1.4835240000000007e-06	0.00256789	-0.0003187699999999	6.594059052100001e-06	1.0161431289999995e-07	7.17986e-05	0.0002480966	5.155038961959999e-09	6.155192293156e-08	0.0	0.0	0.0	0.0	0.0	0.0	0.0	0.0	0.0	0.0	0.0	0.0	0.0	0.0	0.0	0.0	0.0	0.0	0.0	0.0	0.0	0.0	0.0	0.0	0.0	0.0	0.0	0.0	0.0	0.0	0.0	0.0	0.0	0.0	0.0	0.0	0.0	0.0	0.0	0.0	0.0	0.0	0.0	0.0	0.0	0.0	0.0	0.0	0.0	0.0	0.0	0.0	0.0	0.0	0.0	0.0	0.0	0.0	0.0	0.0	0.0	0.0	0.0	0.0	0.0	0.0	0.0	0.0	0.0	0.0	0.0	0.0	0.0	0.0	0.0	0.0	0.0	0.0	0.0	0.0	0.0	0.0	0.0	0.0	0.0	0.0	0.0	0.0	0.0	0.0	0.0	0.0	0.0	0.0	0.0	0.0	0.0	0.0	0.0	0.0	0.0	0.0	0.0	0.0	0.0	0.0
54834.60588250369	262.57888122419536	3006834002.2895083	68947.66886495009	67476.17068945312	1459.7251584472688	4553033610.912212	2130797.538203904	55349.32251684901	187.1903220200693	3063547503.0741687	35040.21665797724	55488.87422135169	55902.32996905439	1.277818	29.273369	0.17514778	0.0880491	-0.0098898759	-0.0210282733	-0.0094714249	0.007641261	0.0234544249	0.0100761348	-0.0639165638	0.0015982393	0.0288114493	0.0156999805	-0.0479785164	-0.0326901276	0.0126155346	-0.0069171537	0.0277605613	0.0180268385	-0.0077966285	-0.0398950645	0.0475831747	-0.0117262079	0.0009421814	0.013453622	-0.0325561886	0.048433352	0.0001492742	0.0332796481	-0.0881710383	-0.0012575096	-0.0688727169	0.006932452	-0.0183918696	0.0390428657	0.0224591213	0.0315051623	-0.0409530278	-0.0252867435	0.0065823184	0.019823194	-0.0395075644	0.0226555261	-0.0582927276	0.0233262136	-0.0003363199	0.00821916	-0.0236801864	-0.0031502885	0.0060014596	-0.0118732803	-0.0180760553	-0.0249707046	-0.0298955537	0.0080570172	0.1037169687	0.0133960993	-0.0091134012	0.0070070951	0.0109352691	-0.0296379711	0.0009239981	0.0118581124	-0.0525712576	-0.0849905471	-0.0034519554	-0.0294080423	0.0347182415	0.0311503865	-0.0226444343	0.0190678492	0.003549299	-0.0598471615	0.019250138	-0.02835257	0.0219474028	0.0353315199	-0.004540354	0.0367271392	0.0170810678	0.063262629	-0.0064065896	-0.0269854938	0.0571821907	0.0462523906	0.0013464897	-0.0220085729	0.0785394985	-0.0017328658	-0.0617127157	-0.1022264266	0.0412401327	0.0733110573	-0.0118225821	-0.0751882222	-0.0176257087	0.0185652827	0.0230543368	-0.0261956176	0.017376265	0.0023948495	-0.0437332903	-0.0308827951	-0.0151070695	-0.0140800105	-0.0186224095	-0.044535698	-0.0169126005	0.0324266298	0.0617342664	-0.0704189509	-0.0543257834	-0.0092433523	-0.0306140093	0.0117927372	-0.040329817	-0.0450989627	0.0116027231	0.0023217063	-0.0151751438	0.035332607	0.0392189333	0.0252169258	-0.0316264552	0.0930199239	0.0076991561	-0.0595192035	-0.0020132027	-0.0284894725	0.0391838499	0.0112718623	0.0263064487	-0.0453445017	-0.0220757263	-0.0028471846	0.0177308208	-0.0432318457	-0.0281704095	0.0571777006	-0.0256240827	-0.0111030549	0.0013293213	0.0209094291	0.008601442	-0.007015136	0.0068168281	0.0258959118	0.0176121055	-0.0105979726	-0.0796237255	-0.0618252694	0.0427301271	-0.0090855161	0.0003784679	-0.0112579767	-0.0347592233	-0.021475561	-0.0028993176	0.0318625266	0.0595098103	-0.0460606155	-0.0375948942	0.0428596983	-0.0214347755	0.0358988304	-0.0304791616	0.0156096427	-0.0652211448	-0.0068919641	0.0369122502	0.0248045298	0.0500866742	-0.0062808371	0.0287472461	0.0430482316	-0.074596304	-0.0021690573	-0.0148044518	0.0575961134	-0.0186219804	-0.0034892852	0.0035363347	0.0761213705	-0.0044880204	-0.0159189081	0.1220358899	0.0521697951	-0.033894837	-0.0355106957	-0.0481227176	-0.0177488896	0.0602504089	-0.0151339627	0.0087322764	0.0347820379	-0.0281288268	-0.0243028595	0.0251448456	0.0359688498	0.0008745985	0.0182669059	0.0092732172	-0.0124881563	-0.05661748	0.0630184751	0.0065895773	-0.0618028746	0.0544936832	-0.0049830983	0.0351498737	-0.0363981381	-0.0139368439	-0.0029846005	-0.0048828101	-0.0474838	-0.0232748236	-0.0088756338	0.0542616087	-0.0113736991	0.0445056529	-0.0259814828	0.0037528831	-0.0124710207	-0.0133279951	0.0226366717	-0.0023092748	0.0044224482	-0.0197653197	-0.0021997873	0.0852696712	-0.0251941223	-0.0139660093	0.0523563161	0.0293208452	0.0039898627	0.0070770633	-0.0469246886	-0.0206399614	0.0409590082	0.0324785665	-0.0315715513	-0.0416038638	0.0195465601	0.0472535125	-0.0058886202	-0.0489555324	-0.0082612638	0.0465677344	0.0217209896	-0.0402895985	-0.0333661115	0.0306456097	0.0422237789	-0.018441441	-0.047554009	0.004696647	0.0489115064	0.009440512	-0.0461828639	-0.0227889965	-0.0628743	-0.0096713999999999	9.353597795999992e-05	0.0039531776004899	-2.34051	-0.0485999999999999	5.4779870601	0.0023619599999999	-0.156195	0.0741149999999999	0.0054930332249999	0.024396878025	-0.0195136	0.0004367	0.00038078058496	1.907068900000015e-07	0.00240853	-0.00015936	5.8010167609e-06	2.5395609600000105e-08	-0.000187369	-0.0002591676	3.5107142161e-08	6.716784488976003e-08	0.0	0.0	0.0	0.0	0.0	0.0	0.0	0.0	0.0	0.0	0.0	0.0	0.0	0.0	0.0	0.0	0.0	0.0	0.0	0.0	0.0	0.0	0.0	0.0	0.0	0.0	0.0	0.0	0.0	0.0	0.0	0.0	0.0	0.0	0.0	0.0	0.0	0.0	0.0	0.0	0.0	0.0	0.0	0.0	0.0	0.0	0.0	0.0	0.0	0.0	0.0	0.0	0.0	0.0	0.0	0.0	0.0	0.0	0.0	0.0	0.0	0.0	0.0	0.0	0.0	0.0	0.0	0.0	0.0	0.0	0.0	0.0	0.0	0.0	0.0	0.0	0.0	0.0	0.0	0.0	0.0	0.0	0.0	0.0	0.0	0.0	0.0	0.0	0.0	0.0	0.0	0.0	0.0	0.0	0.0	0.0	0.0	0.0	0.0	0.0	0.0	0.0	0.0	0.0	0.0	0.0
54792.92644570696	-41.67943679673044	3002264788.484653	1737.1754516926476	67124.61194189453	-351.5587475585926	4505713528.34993	123593.55298496624	55361.89602914954	12.57351230052882	3064939531.9423637	158.09321157154952	55511.237654986326	55675.70003234071	1.200268	27.496777	0.21228204	0.103	-0.0120689705	-0.003236212	-0.0105309497	-0.0062450122	0.0262516289	-0.0065103704	-0.0256718925	-0.0094498537	-0.0315984534	-0.0218301622	0.0511714381	0.0364994708	-0.0400148003	0.0187910569	0.0413385536	0.0507419658	0.0108034144	-0.0699888228	0.0193997517	0.0305650081	-0.02137497	0.0096706753	-0.0518391349	-0.0028170521	0.0132638659	-0.015720666	-0.0103397329	0.0114779231	0.029190052	-0.0368130685	-0.0161037351	0.0460134931	0.0469018065	0.0184240401	-0.0179495639	0.0069682338	0.054752763	0.0455961662	0.0090500498	-0.0393208977	-0.0127533164	-0.0021735121	0.0174651505	0.0454186801	0.0492796236	0.0283910516	-0.0233745745	0.018283058	0.0175667952	-0.0029211941	0.0150086945	0.0300782607	-0.0178585339	-0.0281205814	-0.0240159063	0.0340007687	-0.0353658133	0.0101950086	0.0182364584	-0.0207292469	0.0230549276	-0.0393058536	-0.0334007426	-0.0508586332	-0.0417416589	-0.035603956	-0.0126209077	0.0561228483	-0.0098257568	0.024189598	-0.0237108781	0.0367051089	-0.0043023832	0.0479625364	0.0058254896	0.0245600034	-0.0667721012	0.0046122541	-0.0691405235	-0.0021014275	0.0007824955	-0.0084258632	-0.0258763879	0.0133372432	-0.0019285428	0.0292996389	-0.0308746952	-0.0163968472	-0.0724850012	0.0058423881	-0.0242734524	-0.017678743	0.0286638677	-0.0531241958	-0.0349255601	-0.0340743362	-0.0270358937	-0.0398909644	0.0058808604	-0.0235033456	-0.0261231624	0.0133831692	0.0592599435	0.0477421406	0.0151224667	-0.0273660006	0.0171132489	-3.06744e-05	0.0473114165	0.018599315	0.0586914398	-0.0142574222	-0.0709229158	-0.0148265665	-0.0311786557	0.0212336406	-0.0081121903	0.0555869605	-0.0042043923	-0.0090271991	0.0148112748	0.0091261802	0.0091873012	0.0333712813	-0.0376658345	-0.0184291792	0.0419809665	0.0458713557	0.0159560273	-0.0170437187	0.0126885524	-0.0588248718	0.0406439068	0.0024413103	0.0414631541	0.0192857401	-0.0029058189	0.039693832	0.0154672543	-0.0565487391	-0.0071001598	0.0208069825	-0.0008513338	-0.005131326	-0.0073617476	-0.0343870914	-0.0268597966	0.0080168262	-0.0381067409	0.0218015321	-0.0375092045	-0.0233635548	0.023373092	0.0195863788	0.0115264274	-0.0275852589	0.0631014509	0.0161364841	0.0342450293	-0.0285142936	0.0365821201	0.0251164584	-0.0453031199	0.024054725	0.0351674034	0.0104876735	-0.0424294129	-0.0225876812	0.0454523119	-0.0025527102	0.0404452453	-0.0485680218	-0.0257716252	-0.0329031808	-0.049446628	-0.0277212024	-0.0031867347	-0.0278283348	0.0136036495	-0.0017436014	0.0155786561	-0.0202780288	0.0405447406	-0.0471574154	0.0289089039	-0.041294884	-0.0286921514	-0.0338700284	-0.0573723799	0.034305553	-0.0658732228	-0.0018015991	0.0380165076	-0.0173914863	0.0259873085	0.0140389991	-0.0066728447	-0.0375754807	-0.0434672077	0.02055979	0.0355647656	0.0041378735	0.033450589	0.0104845349	-0.0456926	-0.0061024921	-0.0643138018	0.0304610497	-0.0075643572	0.0093422815	-0.0161805143	-0.0032021537	-0.0038165863	0.042909143	0.0008889962	0.050222332	-0.0069483437	-0.0109032107	0.016080954	0.0175819054	-0.0072115949	-0.0362036186	0.0269339609	-0.0099874306	0.0320288736	0.0059016264	0.0156631454	0.0455975753	0.0172610355	0.0001527408	-0.0159664343	-0.0483609605	0.0068944842	-0.0470288708	-0.0201368126	0.0413587732	0.0317825624	-0.0324094805	-0.0409083818	0.0208905514	0.0467907162	-0.0077152822	-0.0489631754	-0.0060717052	0.0472535125	0.019377288	-0.0417972809	-0.0311465121	0.0330270864	0.0404462362	-0.0216382877	-0.0465391172	0.0085338634	0.0489420714	0.0052471816	-0.0474645768	-0.0186121956	-0.0724905	-0.0096162	9.24713024400001e-05	0.00525487259025	-2.27299	0.06752	5.166483540100001	0.0045589504	-0.229455	-0.0732599999999999	0.0053670275999999	0.0526495970249999	-0.0205349	-0.0010212999999999	0.0004216821180099	1.0430536899999985e-06	0.00235753	-5.099999999999983e-05	5.5579477009e-06	2.6009999999999822e-09	-2.19522e-05	0.0001654168	4.8189908484e-10	2.736271772224e-08	0.0	0.0	0.0	0.0	0.0	0.0	0.0	0.0	0.0	0.0	0.0	0.0	0.0	0.0	0.0	0.0	0.0	0.0	0.0	0.0	0.0	0.0	0.0	0.0	0.0	0.0	0.0	0.0	0.0	0.0	0.0	0.0	0.0	0.0	0.0	0.0	0.0	0.0	0.0	0.0	0.0	0.0	0.0	0.0	0.0	0.0	0.0	0.0	0.0	0.0	0.0	0.0	0.0	0.0	0.0	0.0	0.0	0.0	0.0	0.0	0.0	0.0	0.0	0.0	0.0	0.0	0.0	0.0	0.0	0.0	0.0	0.0	0.0	0.0	0.0	0.0	0.0	0.0	0.0	0.0	0.0	0.0	0.0	0.0	0.0	0.0	0.0	0.0	0.0	0.0	0.0	0.0	0.0	0.0	0.0	0.0	0.0	0.0	0.0	0.0	0.0	0.0	0.0	0.0	0.0	0.0
54696.42530031457	-96.50114539238712	2991698940.632892	9312.471062042638	67266.50168408203	141.8897421875008	4524782248.8146105	20132.69893803545	55312.30314993351	-49.59287921602663	3059450879.7501445	2459.4536689354063	55470.717560656514	55574.40406034395	1.06532	24.405281	0.1161911399999997	0.0683953	-0.0070239561	-0.0077158382	-0.0065307065	0.0035093438	0.0086572714	0.0149834391	-0.0161519187	0.0297913469	0.0081651391	0.0174026267	-0.007029117	-0.0191205818	0.0155823227	-0.0107171022	0.0762443301	0.0084654912	0.0154737582	-0.056963699	0.0375108702	0.0081751136	0.0126437398	0.0055865512	0.0071695552	-0.0028796131	-0.0593238122	-0.030109392	-0.0272604865	-0.0210707352	-0.0013073562	0.002790231	-0.0252208763	0.034808464	0.0258384996	-0.0430206252	-3.32307e-05	-0.0448294121	0.0349740628	-0.0104712681	0.0106944089	0.0288448695	-0.0114679579	0.000962781	0.0062991324	0.0133694687	0.0595059453	-0.0087807857	0.0598466405	0.0019458877	0.0304143898	-0.0392839523	0.0207659732	0.0025185585	-0.040120838	0.0116026764	0.034828376	0.0060360978	0.0078974476	-0.0079376469	-0.0044464649	0.0034516141	-0.0331665714	-0.0149977324	-0.0177122119	-0.0106306091	0.0310651423	-0.0205619774	-0.0239046735	-0.0179436472	-0.0155036354	0.0302528133	0.0063692316	0.0028883786	-0.0327592579	-0.0807414819	0.0536667616	0.0480941092	0.0373933746	-0.0167970748	0.0518149751	0.0033746053	0.0006125334	0.0170276128	0.0270134333	-0.0848564512	-0.0025425953	-0.0723480308	-0.0136721013	0.0089231074	-0.0136671382	-0.0349380906	0.0569891637	-0.0717727063	0.0014068781	-0.0194742527	3.38299e-05	0.0121790691	-0.0325495223	-0.001312385	0.0388878808	0.0310910149	-0.0043993556	0.0042524962	-0.0065723847	0.0426178054	0.0389344246	0.0156113917	0.0500212353	0.0713618428	-0.0047545173	0.0148478391	-0.0260249009	0.0181126416	-0.0603613036	-0.0337237574	-0.0104149156	-0.0106153455	-0.0072587592	-0.0153206668	-0.0282286358	0.0523718716	0.0302889062	0.0259554911	-0.0205680478	0.0007431508	-0.0045139535	-0.0356414674	0.030240589	0.0210005003	-0.0410805373	0.0033054075	-0.044882887	-0.0302886884	-0.0124889526	0.0059217563	-0.030448628	0.0151083174	-0.0068568686	0.0157301111	0.0047936186	-0.0516732244	0.0111032959	-0.0549820733	-0.0293670496	-0.0352644819	0.0379118132	-0.0084932943	0.0329432412	0.0179108943	-0.0001784797	-0.0086926891	-0.0367211829	0.019814448	-0.0084718114	-0.0108157122	0.0172747255	0.0346616658	0.0225939774	0.0062665983	-0.0111947471	0.030550734	0.0223409265	0.0054723278	0.0401784991	0.0204018092	0.0302550986	-0.0079148227	0.0020903843	-0.0177490843	-0.0651479021	0.0632040771	0.0436234016	0.0478576815	0.0203657984	0.048663331	0.0253441018	0.0221425845	0.022966023	0.0521063986	-0.0724419757	0.0317200371	-0.0505349141	-0.0466603472	-0.0095885913	-0.0008922385	0.0398329617	0.0565525708	-0.040159213	-0.0278116383	0.0339284987	-0.0027485287	-0.0189206464	-0.0356282402	0.0354970415	0.0119639602	-0.0094548234	-0.0367422259	0.0192345297	-0.0398695179	0.0223628701	0.0302057098	0.014021008	0.0661537476	-0.0241276535	0.0652416222	-0.021419378	-0.0221459854	0.0346051216	-0.014872393	-0.0042995142	0.0013828435	-0.0063897441	-0.0129865649	-0.0017026219	0.0014109451	0.0588482727	-0.0241689131	0.0335300108	-0.0125499263	-0.0119270236	0.0033755182	-0.0124017253	0.0305890155	0.0136595717	-0.0359589886	0.0146708602	0.0317214687	0.0114360007	0.0308805491	0.0193856204	-0.0075502413	0.0057403498	-0.040963748	0.0067118073	-0.0471303837	-0.0196310923	0.0417491486	0.031075284	-0.0332308549	-0.0401844584	0.0222155728	0.0462741461	-0.0095309979	-0.0488867639	-0.0038697424	0.047825998	0.0169797078	-0.043171555	-0.0288138067	0.0352731729	0.0384828171	-0.0247243413	-0.0452602033	0.0123177063	0.0486367079	0.0010144892	-0.0483586182	-0.0142704553	-0.0722398999999999	0.0002506000000001	6.280036000005049e-08	0.0052186031520099	-2.31952	-0.0465299999999997	5.380173030399999	0.0021650408999999	-0.190598	0.038857	0.001509866449	0.036327597604	-0.0209321	-0.0003972	0.0004381528104099	1.5776784000000025e-07	0.00236057	3.0400000000001606e-06	5.572290724900001e-06	9.241600000000976e-12	-0.000232783	-0.0002108308	5.4187925089e-08	4.444962622863999e-08	0.0	0.0	0.0	0.0	0.0	0.0	0.0	0.0	0.0	0.0	0.0	0.0	0.0	0.0	0.0	0.0	0.0	0.0	0.0	0.0	0.0	0.0	0.0	0.0	0.0	0.0	0.0	0.0	0.0	0.0	0.0	0.0	0.0	0.0	0.0	0.0	0.0	0.0	0.0	0.0	0.0	0.0	0.0	0.0	0.0	0.0	0.0	0.0	0.0	0.0	0.0	0.0	0.0	0.0	0.0	0.0	0.0	0.0	0.0	0.0	0.0	0.0	0.0	0.0	0.0	0.0	0.0	0.0	0.0	0.0	0.0	0.0	0.0	0.0	0.0	0.0	0.0	0.0	0.0	0.0	0.0	0.0	0.0	0.0	0.0	0.0	0.0	0.0	0.0	0.0	0.0	0.0	0.0	0.0	0.0	0.0	0.0	0.0	0.0	0.0	0.0	0.0	0.0	0.0	0.0	0.0
54612.1726082325	-84.25269208207465	2982489396.99138	7098.516123076884	67257.48327246094	-9.01841162108758	4523569056.145364	81.33174816736751	55302.57075828095	-9.73239165256382	3058374332.474671	94.71944727889392	55450.56853591817	55827.179951932834	0.990378	22.688435	0.0552095499999997	0.0311366	-0.0090944353	-0.0013156121	0.0001191252	0.0005020561	0.0010689413	0.0085813089	-0.0022590985	-0.0254706585	-0.0340945939	0.0343154655	0.0485146686	0.0097990037	-0.0429001256	0.0098146084	0.0098530983	-0.0056514331	-0.0019454383	-0.0547214439	0.0116669665	-0.0027213203	-0.0019599509	0.0433251839	-0.0019521269	-0.0504603586	0.0288667697	-0.0504772772	0.0020540608	-0.0219835495	-0.0253225294	-0.0771991142	0.015285201	0.0006047771	-0.0259538144	-0.0300522789	-0.0892223377	-0.0170936531	-0.057354449	-0.0411194245	-0.0350727841	-0.0564534462	0.0401918273	-0.0172349529	-0.001266901	-0.0038145632	0.0085403572	0.0360658763	-0.0527106388	0.0056542776	0.0091757313	-0.0294254501	0.0056302607	-0.0172144889	0.0077698082	-0.0015315125	0.0419306156	-0.0162786612	-0.0383110613	-0.0294629214	0.0565847896	-0.0506282333	0.0016524252	0.075496832	0.0321845667	0.0321514822	0.0320710661	0.0319347633	-0.0025338558	-0.0466832036	-0.0159068696	-0.0205631887	-0.0053164092	0.0080990293	0.0017843834	-0.0326076858	-0.0713043177	-0.019642487	0.0136708205	0.0316052226	-0.0626145472	0.0068481376	-0.007903119	-0.0464265154	0.0447243083	-0.0190802769	-0.0049040053	-0.0010615244	0.027391896	0.0447086406	0.0460784068	-0.0575807635	-0.0019001265	0.0273439882	-0.0532012632	0.0619846371	-0.0596003214	-0.0054507054	-0.0090032289	-0.0068592223	-0.0361262295	0.0247566922	-0.0294899015	0.1000093738	-0.0588590194	0.0001899696	-0.0044532808	-0.0198383514	-0.0189744787	-0.0053676206	0.021063851	0.0230651192	-0.0044867241	0.0268058287	-0.0549923417	-0.0080361561	0.0031958712	0.0026358386	-0.0437758354	0.0013862712	-0.0371783856	-0.0452926419	0.0471887481	-0.0045536899	-0.0075507991	-0.0215221197	-0.0787751521	0.0284819898	-0.0014843675	-0.0263822716	-0.0344586117	-0.0869845159	-0.0185139885	0.0577825262	-0.0350701417	-0.0366218752	0.0537132404	-0.0430627156	0.0172925495	0.0120030192	0.0007422253	-0.0212311239	-0.0338826913	0.0440680642	0.013119181	0.01172944	0.0295675783	-0.001938934	0.0087605923	-0.0245724941	-0.0002291743	-0.0365081422	-0.0158690809	0.0666407486	0.0360431725	0.0444363228	0.0266604644	-0.0245308756	-0.0930591227	0.0010505646	0.007528722	0.0304977234	-0.0229181853	-0.0100334792	0.0287485585	0.0099020109	-0.0309866215	-0.0040543146	-0.013125333	0.0253899143	-0.0391937495	-0.0610452041	-0.0126003321	0.0085231947	-0.040532873	-0.0506126562	-0.0114589769	-0.0613048318	-0.0154472595	0.035745309	-0.0144505756	0.0038927715	0.0132288653	0.0170285806	-0.0833922106	0.0070771206	-0.0331312737	0.0173252261	0.0170376892	0.0321706895	0.0667663446	0.0450902611	-0.0117255355	-0.0008328424	-0.0265720293	-0.0064222547	0.0417625319	-0.0332598798	-0.0943171141	-0.0035409371	0.074133958	-0.0007470301	0.0265150925	-0.0209776712	0.0049272378	-0.0093510524	-0.0378338235	0.028879667	0.0085920247	0.0003457396	-0.0077702911	0.0039316173	-0.016320592	0.0039064679	0.0105809511	0.0210719909	0.0041789703	0.0244015369	-0.0456536287	-0.0002222267	-0.0099700954	0.0034778136	-0.021339895	0.0314963439	0.0358624497	0.0462011636	0.0224300437	0.0293902721	0.0117012627	0.0242675866	0.0189196057	-0.0108531853	-0.0304094021	-0.0226184214	0.0065290352	-0.0472292216	-0.019122865	0.0421300458	0.0303569825	-0.0340352549	-0.039432597	0.0235204212	0.0457043959	-0.0113331913	-0.0487264292	-0.0016598739	0.0482838183	0.0145349155	-0.0444080345	-0.0263764663	0.0373746616	0.0363425447	-0.0276838006	-0.0437245227	0.0160245105	0.0479975119	-0.0032258135	-0.0488576859	-0.0098022517	-0.0679779	0.0042619999999999	1.816464399999919e-05	0.0046209948884099	-2.29981	0.0197099999999998	5.2891260361	0.0003884840999999	-0.207484	-0.016886	0.000285136996	0.043049610256	-0.0206968	0.0002352999999999	0.00042835753024	5.5366089999998746e-08	0.00239948	3.890999999999964e-05	5.757504270399999e-06	1.513988099999972e-09	-0.000219962	1.2820999999999991e-05	4.8383281444e-08	1.6437804099999975e-10	0.0	0.0	0.0	0.0	0.0	0.0	0.0	0.0	0.0	0.0	0.0	0.0	0.0	0.0	0.0	0.0	0.0	0.0	0.0	0.0	0.0	0.0	0.0	0.0	0.0	0.0	0.0	0.0	0.0	0.0	0.0	0.0	0.0	0.0	0.0	0.0	0.0	0.0	0.0	0.0	0.0	0.0	0.0	0.0	0.0	0.0	0.0	0.0	0.0	0.0	0.0	0.0	0.0	0.0	0.0	0.0	0.0	0.0	0.0	0.0	0.0	0.0	0.0	0.0	0.0	0.0	0.0	0.0	0.0	0.0	0.0	0.0	0.0	0.0	0.0	0.0	0.0	0.0	0.0	0.0	0.0	0.0	0.0	0.0	0.0	0.0	0.0	0.0	0.0	0.0	0.0	0.0	0.0	0.0	0.0	0.0	0.0	0.0	0.0	0.0	0.0	0.0	0.0	0.0	0.0	0.0
54547.383018466695	-64.7895897658018	2975416994.1633086	4197.6909420208885	66662.19086694336	-595.2924055175827	4443847691.180787	354373.04806691007	55240.730653862425	-61.84010441852297	3051538323.172576	3824.198514493824	55393.67782171741	54881.223254236	1.095591	25.098745	0.0871199500000002	0.0469674	-0.0031117849	-0.0069265962	0.0002379414	-0.0064064716	-0.0429107614	-0.0037163878	0.0274598542	-0.0400901029	-0.0082737509	-0.0251921945	-0.0190316005	-0.0247789095	0.0147467842	-0.0181990796	0.0574134148	0.0123773628	0.0404223497	-0.0388130878	-0.0230630427	0.0167459968	-0.04653913	0.0319344795	0.0031473075	0.0264527961	-0.0776406612	-0.0215314712	-0.0057554659	-0.0165914829	-0.0391557495	0.00236924	-0.0278513917	0.0359120035	0.0282915337	0.0592247887	-0.0095987341	-0.0520402699	0.0011607076	0.0209462628	0.0012197799	0.0408754992	-0.045053892	0.0348842249	-0.0060697564	-0.044559475	-0.0166906962	0.0664781989	-0.010387902	0.0008346649	-0.0101706227	-0.0064710443	0.0100845218	-0.0311566251	-0.0085545512	0.0453309988	0.0319897191	-0.0254875124	0.0391752673	-0.006653339	0.0085958856	0.0041474468	0.0441510967	0.0155262969	0.0325934494	0.0352841179	-0.0115609043	-0.0173960876	-0.0427134025	-0.0632740402	-0.0164739633	0.0085157342	-0.0117726805	0.0156557842	0.0280744772	0.043655807	0.0311969241	-0.0353481743	-0.0074688945	0.0050147183	0.0329821654	-0.0366410263	-0.010388815	-0.0103512724	-0.0184803006	0.0035474153	-0.0275702239	-0.0037766627	-0.0277858902	0.0212723873	-0.0388697511	0.0691168267	-0.0400511561	0.076640291	-0.0149489954	0.0016268661	0.037927044	0.0069490057	0.0097929209	0.0068801788	0.0029383288	-0.0021354142	-0.0403690022	0.0512602013	-0.0491745891	-0.0018592813	-0.0021692489	0.0033712434	-0.0847449321	-0.0617933077	0.0241677356	-0.0173675894	-0.0112169757	0.0212622151	-0.038318845	0.0302648857	-0.0198645506	0.0475593281	-0.0326388459	-0.0104035249	-0.0033377366	0.0811573783	0.0231713139	0.0060588651	-0.0135762121	-0.0348205799	-0.0059678245	-0.0335287918	0.0334030612	0.020326689	0.059266154	-0.0161985556	-0.0471442271	-0.0003604529	0.0246413251	-0.0040227011	-0.0422511102	0.0458495158	-0.039633127	-0.0245890121	-0.0050999281	0.0071621156	-0.0762983316	0.0099342911	0.0088913112	0.0074052736	0.0086566162	0.0090055983	0.0409195448	-0.0008074732	0.0416890676	-0.0039790186	0.0204962761	0.0312836592	-0.0277069016	0.0114460178	-0.0133565541	-0.033972637	-0.0315774459	-0.0144051396	-0.0037593088	-0.0326950513	0.0172277446	0.0079112746	0.0798147914	0.0111472321	0.0006204957	0.0125682848	-0.0209351371	0.0176431272	0.0460696982	0.0268581681	-0.0443353103	-0.0166900103	-0.0080836766	0.0429465518	0.0024481029	-0.0002741629	-0.0118334241	-0.0188902728	-0.0014102322	-0.0285765198	-0.0017323401	-0.0245590177	0.0074237265	0.0021725695	0.0257260791	-0.0788608382	0.0643312428	0.0160335775	-0.0325861259	-0.0347118318	0.0038970554	0.0023257639	0.0045584919	0.0177786184	0.0140584095	0.0077429187	-0.0500067789	0.0180361939	0.0558057225	0.0002783857	-0.0030564589	-0.1032280512	0.0220556611	-0.0396749323	0.0092791794	0.0112501241	0.0206034888	0.0850065093	-0.007419388	0.0057697327	-0.016605827	-0.0024648718	0.0136639361	0.02319211	0.0348621669	-0.0504056122	0.042372748	-0.0149073267	-0.0026717605	-0.017154496	-0.0526784378	-0.0527742275	0.0054438169	-0.0012489411	0.0081234831	-0.0015529242	0.0201206077	0.0172314298	-0.0152516332	-0.0152976208	-0.0080113789	-0.0412304872	0.0063461704	-0.0473253789	-0.0186121956	0.0425013783	0.0296279125	-0.0348222698	-0.0386533201	0.0248039116	0.0450821203	-0.0131193052	-0.0484824465	0.0005533855	0.0486258757	0.0120497088	-0.0455027728	-0.0238433419	0.0393229378	0.0340352549	-0.0305015125	-0.0419407874	0.0196310923	0.0470288708	-0.0074419176	-0.0489577037	-0.0052471816	-0.0721364	-0.0041585	1.729312225000008e-05	0.00520366020496	-2.34274	-0.0429300000000001	5.4884307076	0.0018429849	-0.197941	0.0095429999999999	9.106884899999992e-05	0.039180639481	-0.0203424	0.0003544	0.00041381323776	1.255993600000009e-07	0.00253362	0.00013414	6.4192303044e-06	1.799353960000001e-08	-0.000341191	-0.000121229	1.1641129848100001e-07	1.4696470441000004e-08	0.0	0.0	0.0	0.0	0.0	0.0	0.0	0.0	0.0	0.0	0.0	0.0	0.0	0.0	0.0	0.0	0.0	0.0	0.0	0.0	0.0	0.0	0.0	0.0	0.0	0.0	0.0	0.0	0.0	0.0	0.0	0.0	0.0	0.0	0.0	0.0	0.0	0.0	0.0	0.0	0.0	0.0	0.0	0.0	0.0	0.0	0.0	0.0	0.0	0.0	0.0	0.0	0.0	0.0	0.0	0.0	0.0	0.0	0.0	0.0	0.0	0.0	0.0	0.0	0.0	0.0	0.0	0.0	0.0	0.0	0.0	0.0	0.0	0.0	0.0	0.0	0.0	0.0	0.0	0.0	0.0	0.0	0.0	0.0	0.0	0.0	0.0	0.0	0.0	0.0	0.0	0.0	0.0	0.0	0.0	0.0	0.0	0.0	0.0	0.0	0.0	0.0	0.0	0.0	0.0	0.0
54536.85755111415	-10.525467352541456	2974268831.550517	110.78546298941602	66726.03457080078	63.843703857419314	4452363689.543701	4076.0185222338578	55320.98322088069	80.25256701826584	3060411184.524963	6440.47451302125	55482.814534892364	55387.39018491274	1.052237	24.105553	0.08091535	0.0400017	-0.0076025558	-1.15365e-05	0.0051243349	0.0078664359	-0.0250720046	0.0214866491	0.0158319406	0.0747959508	-0.0181070371	-0.0188842153	0.0359434832	-0.0282794281	-0.0195398787	-0.008442787	-0.019421282	-0.0135372883	-0.0168578393	-0.0750762966	0.0296462058	0.0215823821	-0.0141572603	-0.0361230359	0.0468423516	-0.0309312803	0.0134615407	-0.00536673	-0.0019694813	-0.0525157377	0.0193817466	-0.0435314688	-0.0276290454	0.0052060832	0.0018483284	-0.0132250047	0.025305949	0.0036211416	-0.0792348733	-0.0078033523	0.0152874887	0.0255567505	-0.0097780465	-0.0219434639	-0.0162987169	-0.061302592	-0.0082480428	-0.0865803777	0.0255877233	0.0005279222	-0.0082579847	-0.0051775917	0.0323147694	0.0247707	-0.0589851736	-0.0087086991	0.0291474831	-0.0307393883	-0.0135348918	-0.0510808338	-0.0135411091	0.0232269635	-0.0246648643	0.0268667337	-0.0291058173	-0.0068158677	-0.0211496843	-0.0042442978	0.0078128875	0.0357905503	-0.0052134825	0.026771508	-0.0325624689	0.0176504336	0.0346447589	0.0079323329	-0.0414770401	0.0153267561	0.0127869612	0.0386997691	0.0274073764	-0.0079668434	-0.0062787611	0.0332819552	-0.027773409	0.0319297504	-0.0249603507	0.0744554588	-0.0382444646	0.0143028732	-0.0023812443	0.0301138514	0.0470384502	0.0189774755	0.0036206594	-0.0131801534	-0.0009365114	0.0263519807	-0.0230473067	0.0026918153	0.0221541952	0.0128913793	0.0243226122	-0.0481667593	-0.0396425935	0.0678864675	-0.0138286891	0.0005558235	0.0002917466	0.0501975895	-0.0447440244	0.027951823	0.0033102352	0.018664444	-0.0782271605	-0.0280373898	-0.0203092005	0.0135576169	0.037542485	-0.0484941683	-0.0187235505	-0.0286886088	0.0051586634	0.0025016633	-0.0507611581	0.0128732715	-0.0450422105	-0.0194646985	-0.0037724037	0.0084090444	-0.0080334375	0.0228292851	-0.0039226573	0.0806175697	-0.0072998366	0.0248780826	-0.0197755526	0.0008663778	0.0310886058	-0.0681170793	-0.0127809445	0.0280935943	0.0649824423	-0.0152513974	-0.022437259	-0.0193428353	0.0142444015	-0.0100925597	0.0396595741	0.0590151115	-0.0270634613	-0.006895313	-0.0220522057	0.0614489023	-0.0027030681	-0.0430281142	-0.0114676735	0.0241860335	0.000572572	0.0389897148	0.008062233	-0.0146844608	-0.0011721772	0.0032865523	-0.0309925313	0.0123639148	0.0322926506	0.0140879144	-0.0218099685	0.0169715217	0.0176678193	-0.0448681297	0.0127410827	0.0239742835	-0.0155394796	0.0121981525	0.0338043456	0.0332524589	0.004416031	-0.0513592427	0.0163703589	-0.0402078336	0.075764289	-0.0155043954	0.0106252765	0.036409283	0.0214712774	0.0053108178	0.0451968744	-0.0241606859	-0.0100134025	-0.0002113664	0.0178072115	-0.0246684765	0.0052038144	-0.0091484836	-0.0253440626	-0.0144440066	0.0653233214	-0.0459493138	0.0349243296	-0.0073945689	0.017923218	0.0278322641	-0.0258570572	0.0230808722	0.003946457	0.0306194954	-0.0030971515	-0.0253290711	-0.0070256461	0.0055700907	-0.0112827216	-0.0060104259	0.0184706138	-0.0046269849	0.0131479682	0.0029249963	-0.0632099313	-0.0269222096	0.0366149807	-0.0093264621	-0.0261653843	0.0403985762	0.0239070304	-0.0329745581	0.015792955	0.0129966281	0.0086100938	0.0241482803	-0.0080231155	-0.0270831058	-0.0060493577	-0.0208003685	0.0061632156	-0.0474188502	-0.0180991493	0.0428630618	0.0288883326	-0.0355914973	-0.0378471697	0.0260648785	0.0444080345	-0.0148868057	-0.0481552347	0.0027655145	0.0488513503	0.0095309979	-0.0464522756	-0.0212236325	0.0411100147	0.0315715513	-0.0331630496	-0.0399191169	0.0231148951	0.045737433	-0.0116021956	-0.0486578547	-0.0006456115	-0.0718677	0.0002686999999999	7.219968999999825e-08	0.00516496630329	-2.31542	0.02732	5.361169776400001	0.0007463824	-0.179822	0.0181189999999999	0.0003282981609999	0.032335951684	-0.0206076	-0.0002652	0.00042467317776	7.03310400000001e-08	0.00225745	-0.00027617	5.096080502499999e-06	7.626986890000004e-08	-0.000503974	-0.000162783	2.53989792676e-07	2.6498305089e-08	0.0	0.0	0.0	0.0	0.0	0.0	0.0	0.0	0.0	0.0	0.0	0.0	0.0	0.0	0.0	0.0	0.0	0.0	0.0	0.0	0.0	0.0	0.0	0.0	0.0	0.0	0.0	0.0	0.0	0.0	0.0	0.0	0.0	0.0	0.0	0.0	0.0	0.0	0.0	0.0	0.0	0.0	0.0	0.0	0.0	0.0	0.0	0.0	0.0	0.0	0.0	0.0	0.0	0.0	0.0	0.0	0.0	0.0	0.0	0.0	0.0	0.0	0.0	0.0	0.0	0.0	0.0	0.0	0.0	0.0	0.0	0.0	0.0	0.0	0.0	0.0	0.0	0.0	0.0	0.0	0.0	0.0	0.0	0.0	0.0	0.0	0.0	0.0	0.0	0.0	0.0	0.0	0.0	0.0	0.0	0.0	0.0	0.0	0.0	0.0	0.0	0.0	0.0	0.0	0.0	0.0
54618.44319947434	81.58564836018923	2983174337.534205	6656.218018352447	67185.350328125	459.3157573242206	4513871298.712886	210970.9649263223	55304.06927738152	-16.91394349917391	3058540078.637414	286.0814846932474	55457.31862140224	55234.05484159396	0.980113	22.453293	0.0570287	0.0299223	-0.0034083839	0.0021781892	0.0045214792	-0.0041837322	-0.0171420404	0.0081546699	0.024220136	-0.0316664026	-0.0140551007	0.0735642152	0.01436381	-0.0072771758	-0.0160804997	-0.0063010736	0.0215764915	0.0143691227	0.0243444127	-0.0145698394	-0.0121803968	-0.0293942306	0.0184066281	0.0592400144	-0.0298811179	0.0072873884	-0.0426003386	-0.026805938	0.0195645798	-0.0163396575	-0.0193551585	0.0340703785	0.0223500751	0.029315235	0.0175386808	0.0290733632	-0.0759599701	0.0339168491	-0.0114453959	0.0390674966	0.0013212087	0.0272470592	0.0068025028	-0.011955518	0.0324997938	-8.92726e-05	-0.0025269179	0.0486080266	0.0143887954	0.0272429372	-0.0368386361	0.0156382052	-0.022075694	-0.0005325285	0.0103158402	0.0014878424	-0.065508606	-0.0019965255	0.0085813572	0.0133685451	-0.0256944148	-0.0394043613	0.0296225627	-0.0319187566	-0.0508867432	0.0098474939	0.0106392904	0.0059531236	0.0159173468	-0.0428819831	0.0144261547	-0.0064876337	-0.0625671654	-0.007611372	-0.0023425834	0.0134481835	-0.0659170701	0.0128677058	0.0205042064	-0.0440677895	0.0431975307	0.0153296939	0.0458940234	0.002917842	0.0053099013	-0.0278150496	-0.0031857844	-0.0092964749	-0.0128648226	0.0095852447	0.0075090879	0.0122033491	0.0268390618	0.023931145	-0.0339796723	-0.0157139546	0.0343939988	-0.0199878113	0.0452122761	0.0309811496	0.0332743014	-0.0367645719	-0.0207219353	0.0268567152	0.0256436284	0.0108763051	-0.0047870505	0.0333336933	-0.0016926509	-0.0306773731	0.048973203	0.0160758726	0.0338823465	-0.0251224979	-0.0149853584	0.0124165828	0.0271506918	-0.0166384379	-0.0590654279	0.0234138118	-0.0198195185	0.0426133853	0.0283685252	-0.015732065	-0.0172865384	-0.0254966259	0.0320028871	0.0053362512	0.0322872156	0.0128013195	0.0157411963	-0.0769799107	0.0401480949	0.0077636723	0.0440850253	0.0021079185	-0.0219068859	-5.57783e-05	0.0102372359	0.013206328	0.0260554863	0.0004221915	-0.046137934	-0.0032119957	-0.0364599868	0.0316269624	-0.019282377	0.0126721136	-0.0228280567	-0.0024809789	-0.0074908128	0.053198588	0.0342647755	-0.0425808182	-0.0007855779	-0.0111253606	0.0349812218	-0.0415639693	0.0294950242	0.0230340572	-0.0311440454	0.0054410175	-0.0101154369	-0.0373703199	0.0335379879	-0.0170882979	-0.0006914804	0.0495559817	-0.0066299458	0.0092602527	0.0042145633	-0.0757937508	0.0041493514	0.0191385338	0.0414980164	0.0118905754	0.0021844499	0.0380266119	-0.0275806779	0.0296484828	-0.0234032408	0.0141854387	-0.0148746144	-0.0112551974	-0.0015483226	0.0108715008	-0.0059539645	-0.009992204	0.0408796444	-0.0230643199	0.0118824719	-0.0175349144	-0.0215145951	0.0441477404	0.0290834207	0.063050333	-0.0132403582	0.040099444	-0.0326656403	-0.0079928035	-0.0107098314	0.0034994781	-0.0280143547	-0.0201221473	0.0526812007	-0.0007585244	-0.0129779162	-0.0118448775	-0.0349561098	-0.094006205	-0.0016943485	0.0091742798	-0.0155891878	0.0085630263	0.0265878908	0.0287056579	-0.0003518786	-0.0160609487	-0.0164026845	0.0047436716	-0.059288929	-0.0139605352	-0.0370705404	0.0160998593	0.028545735	0.0349133033	0.0041645544	0.0242771615	-0.0088332179	0.0031483737	0.0016875496	-0.0357401147	-0.024914326	-0.0185577944	0.0059801733	-0.04750963	-0.0175837917	0.0432150141	0.0281385053	-0.0363425447	-0.0370147062	0.0273021769	0.0436829132	-0.016633185	-0.0477453555	0.0049719936	0.0489597013	0.0069857861	-0.0472535125	-0.0185268512	0.0427285664	0.0289627561	-0.0356547843	-0.0376709804	0.02645413	0.0441320627	-0.0156754391	-0.0479605879	0.0039616799	-0.0721756	-0.0003078999999999	9.48024099999999e-08	0.00520931723536	-2.31828	-0.00286	5.374422158400001	8.179600000000485e-06	-0.20546	-0.0256379999999999	0.0006573070439999	0.0422138116	-0.0207754	-0.0001677999999999	0.0004316172451599	2.8156839999999733e-08	0.00213307	-0.0001243799999999	4.5499876249e-06	1.5470384399999973e-08	-0.000231698	0.000272276	5.3683963204e-08	7.4134220176e-08	0.0	0.0	0.0	0.0	0.0	0.0	0.0	0.0	0.0	0.0	0.0	0.0	0.0	0.0	0.0	0.0	0.0	0.0	0.0	0.0	0.0	0.0	0.0	0.0	0.0	0.0	0.0	0.0	0.0	0.0	0.0	0.0	0.0	0.0	0.0	0.0	0.0	0.0	0.0	0.0	0.0	0.0	0.0	0.0	0.0	0.0	0.0	0.0	0.0	0.0	0.0	0.0	0.0	0.0	0.0	0.0	0.0	0.0	0.0	0.0	0.0	0.0	0.0	0.0	0.0	0.0	0.0	0.0	0.0	0.0	0.0	0.0	0.0	0.0	0.0	0.0	0.0	0.0	0.0	0.0	0.0	0.0	0.0	0.0	0.0	0.0	0.0	0.0	0.0	0.0	0.0	0.0	0.0	0.0	0.0	0.0	0.0	0.0	0.0	0.0	0.0	0.0	0.0	0.0	0.0	0.0
54567.72547555804	-50.71772391629929	2977636663.575866	2572.2875192499573	66428.97494091796	-756.3753872070374	4412808711.701107	572103.7263725958	55263.40892468569	-40.660352695827896	3054044365.97703	1653.2642813491188	55415.2697691187	54910.94570819805	0.972637	22.282009	0.1029925499999998	0.0450043	-0.0033210389	-0.0060190833	0.0035707324	-0.0038123412	-0.0376574017	-0.0055926979	0.0277834031	-0.0286201756	0.0069535013	-0.0382536432	-0.0148495004	-0.0364991588	0.0216703012	0.0020089473	0.0110462258	0.0025704054	-0.0077803963	-0.0385778055	-0.0052845178	0.0141928462	-0.0464656463	0.0097505455	0.0479337466	-0.0230882048	-0.0018226254	-0.0082824237	-0.0279366122	0.0033368721	-0.049416625	-0.026472278	0.031702826	0.0141951895	-0.0060707875	-0.0201049702	0.01140531	-0.0476211942	-0.030307827	0.0235189028	0.0168681309	0.0167360184	0.0080148337	0.0359280927	0.0219091729	-0.0052896612	-0.0160272681	0.0019347263	0.0377082506	-0.030254728	0.0252402774	0.0105707946	-0.0119036151	0.0291696977	0.0063693824	-0.0426648357	0.0441839662	0.0058888036	-0.0319115112	-0.0189011235	0.0149297474	0.0159279873	-0.0275953053	0.0240391474	-0.0006679615	-0.0083669287	0.0300439068	0.0033870566	-0.0424923526	-0.0113632906	-0.0089307727	0.007789712	-0.0632496269	-0.0211136529	0.0335922865	-0.0145848605	0.0310655316	-0.0009200146	0.0035447321	0.0332927016	-0.0657618027	0.016120438	0.0634617926	-0.0370296361	-0.0524089912	0.0792284119	0.0486561543	0.0414200416	0.0174801971	-0.0070077056	-0.0029173249	-0.0218398895	0.0167777077	0.0080859952	0.0503340743	-0.0289948698	0.0362869548	0.0009300642	-0.0018833739	0.0156728296	0.0012508762	-0.0043018549	0.0064565222	0.0610299214	-0.0325827325	-0.0792108982	-0.0068950559	0.0110619521	0.0017446347	-0.0674206476	0.0134452431	-0.0188703616	-0.0591450936	-0.1151605704	-0.0385172435	0.0118229919	-0.0157048218	0.0466057326	-0.0102601508	-0.0494972501	-0.0145723654	-0.0044895368	0.0082376521	0.0290545257	0.0146589408	-0.0415496875	-0.0266942218	0.0374375029	0.0221993284	-0.007114806	-0.017781855	0.0110446268	-0.0509287893	0.0303177886	0.0218675019	0.0203104932	-0.0218425691	-0.005770043	-0.029295382	0.0021489242	0.0261672522	0.01959412	0.005003835	-0.0409485101	0.0251280118	-0.0197872641	-0.0081226186	-0.0028106478	-0.0390866947	0.00693239	-0.0355786551	-0.0477408533	-0.0339051459	0.0323848127	0.0176442408	0.0025488882	-0.0020405804	0.0273460101	-0.0138359293	0.0123374011	0.0088389363	0.0284001914	-0.0058482516	0.0291682735	0.0334752075	0.0147871254	0.0228424036	0.044707076	0.0008298468	0.0554699339	-0.0047671142	0.0255259486	0.0153459808	0.0076798454	-0.0225011098	-0.0695321617	-0.0136166142	0.0008035599	-0.074349468	-0.0572142442	0.0690611653	0.0120253869	0.0174885966	0.0505950993	0.0258754546	-0.0045549176	0.02148712	0.0392279196	-0.0231841953	-0.0069241421	-0.0545541002	-0.0392851476	-0.0052480534	0.0135811387	-0.0127675802	0.003822366	-0.0165620743	0.0051460552	-0.0791540465	0.0425025906	0.0323260456	0.0072726884	-0.028833327	-0.0056966581	-0.0027591072	-0.0693652205	0.0437897464	-0.1085607676	-0.0032474322	-0.0385601904	-0.0066660955	0.0051659556	-0.013357301	-0.0106705948	0.0118429215	0.0014534418	0.0400625107	-0.0444927142	0.0006005319	-0.0327650796	0.0366945926	0.0008194495	-0.0465836102	-0.0175577711	-0.0044912191	-0.0143714593	0.0101927183	-0.0017062564	0.0284245282	0.0124237969	-0.0183164267	-0.0102778649	0.0154959196	-0.0649597289	0.0057970462	-0.0475977133	-0.0170661886	0.0435571555	0.0273786964	-0.0370750283	-0.0361565084	0.0285146833	0.0429075896	-0.0183559655	-0.0472535125	0.0071683153	0.0489506689	0.0044211503	-0.047903926	-0.0157627911	0.044171958	0.0262208584	-0.0379639583	-0.0352091317	0.0296279125	0.0422237789	-0.0196310923	-0.0468715983	0.0085338634	-0.0719295	0.0002461	6.05652100000064e-08	0.0051738529702499	-2.34035	-0.0220699999999998	5.477238122499999	0.0004870848999999	-0.17587	0.02959	0.0008755681	0.0309302568999999	-0.0204073	0.0003680999999999	0.00041645789329	1.3549760999999976e-07	0.00253446	0.00040139	6.423487491600001e-06	1.6111393210000014e-07	-0.000483937	-0.000252239	2.3419501996900003e-07	6.362451312100003e-08	0.0	0.0	0.0	0.0	0.0	0.0	0.0	0.0	0.0	0.0	0.0	0.0	0.0	0.0	0.0	0.0	0.0	0.0	0.0	0.0	0.0	0.0	0.0	0.0	0.0	0.0	0.0	0.0	0.0	0.0	0.0	0.0	0.0	0.0	0.0	0.0	0.0	0.0	0.0	0.0	0.0	0.0	0.0	0.0	0.0	0.0	0.0	0.0	0.0	0.0	0.0	0.0	0.0	0.0	0.0	0.0	0.0	0.0	0.0	0.0	0.0	0.0	0.0	0.0	0.0	0.0	0.0	0.0	0.0	0.0	0.0	0.0	0.0	0.0	0.0	0.0	0.0	0.0	0.0	0.0	0.0	0.0	0.0	0.0	0.0	0.0	0.0	0.0	0.0	0.0	0.0	0.0	0.0	0.0	0.0	0.0	0.0	0.0	0.0	0.0	0.0	0.0	0.0	0.0	0.0	0.0
54638.75428642847	71.02881087042624	2985393469.9727054	5045.091973666781	67031.00301708984	602.028076171875	4493155365.477107	362437.8044992089	55328.97366114603	65.56473646034283	3061295326.3957915	4298.734667114209	55489.11779332184	55696.05949548498	0.909831	20.843191	0.0664752999999998	0.0376239	-0.0061579955	0.0022561718	0.0017177666	0.0025809197	-0.0286358774	0.0112218375	0.0196629037	0.0449611329	-0.035942959	-0.0087455315	0.0325554871	-0.001847506	-0.02199475	-0.0060670898	0.0019633329	0.0158162084	-0.0226050668	-0.0614019406	0.0127538444	0.0049729154	-0.0235137887	-0.0653800102	-0.0105446308	-0.0325948712	0.0132545487	0.011541171	-0.0171014149	0.0099222615	0.0120155986	0.0212685348	0.0085644639	0.0380623964	0.0144299316	-0.0011731772	-0.0116103476	-0.0086736147	-0.089740574	0.0028102478	-0.0188935502	0.0078959775	-0.0045634389	0.0063024627	-0.003382823	0.004494097	-0.0211031378	-0.0176543982	-0.0207913268	0.0513842938	-0.0072738708	0.0198482875	-0.0014399787	0.037586155	0.0024634199	0.008412164	0.007836741	-0.016601451	-0.0345316312	0.0433125386	0.0155594559	0.0341418072	-0.0122318592	-0.0297812796	-0.0201542383	0.0222024072	0.0055318573	-0.0083130166	-0.0010236396	-0.0121964967	0.0747147013	0.0627164235	0.0470052954	0.0453366575	0.0295140789	0.0332857532	-0.0713806126	-0.0181652362	0.0172612661	0.0667294162	0.0571187155	-0.0055265166	-0.0151687379	0.0052015668	0.034476835	-0.0566546953	-0.016926319	-0.0347743926	-0.0345651379	-0.0339879825	0.0070947982	-0.0298520199	0.0135293805	0.0431669517	0.0118549626	-0.0517262066	-0.031706867	0.0123385668	-0.004356778	-0.0277475176	0.001199075	0.0082476198	-0.0294657921	-0.0215014936	-0.06246902	0.0524826181	-0.0107248862	0.0382354912	0.0099150923	0.0092608853	-0.0397874101	-0.0007952335	0.037112248	0.0440967601	-0.0632656356	-0.0112299918	-0.0044870144	0.0222984948	0.067281696	0.0062208272	-0.0303243423	-0.0186791174	-0.0118733925	0.0188396044	0.0062702656	0.0120002255	0.0232553785	-7.18837e-05	0.0395908409	0.0138591105	-0.0039670619	-0.0132603966	-0.0091444989	0.0877036991	0.0128414214	-0.0152561377	-0.0003693533	0.0011647536	-0.0049291929	0.0037649787	-0.0063641797	0.0267225948	0.0127882845	0.0371447594	-0.0401161872	0.0021316471	-0.0224233257	-0.0071935599	-0.017727063	0.0342344092	0.0146982915	-0.014229679	0.0180348276	0.0027237052	0.0416077488	0.0267913856	-0.0237308455	0.0269656744	0.0297254296	0.0113943968	-0.0332897735	-0.0041519742	0.0038923349	0.0064650814	0.0047138405	-0.0679047694	0.0447787816	-0.0677353764	-0.0375139425	-0.005438237	0.0448376923	-0.0702671976	-0.0300671225	0.0167175463	-0.0549054031	0.0461934638	0.0621702044	0.0070040833	0.0088043638	0.035059116	-0.042781282	0.0129035745	-0.0165106485	-0.0688947032	-0.0021682639	-0.0082439318	-0.0360193354	0.024122031	0.0257692812	-0.0284198908	-0.0431018299	0.0226576581	0.0121226174	-0.0035449236	0.0175802653	-0.0120231475	0.0401359559	-0.0128469468	0.0455842083	-0.0373763308	0.0752619154	0.0147420935	-0.0169786798	0.0179601939	-0.0038206951	0.0067320044	0.0097224728	0.0606557311	-0.0158841724	-0.007772917	-0.0068992033	0.0100771602	-0.0147753178	0.0059969563	0.0245399648	0.0208164068	-0.004712012	-0.0027942827	-0.0418471671	-0.0245223615	0.0096337561	-0.0037244431	-0.0228890089	0.03357894	0.0124705959	-0.0143936481	0.0084524067	0.000455717	-0.0047999259	0.0042826003	-0.0142135198	-0.0331632541	-0.0065170372	-0.0321987359	0.0056138368	-0.047683095	-0.0165464061	0.0438894081	0.0266091756	-0.0377885739	-0.0352731729	0.0297012967	0.0420829549	-0.0200527028	-0.04668055	0.0093499925	0.048824275	0.0018442215	-0.04840144	-0.0129414898	0.0454342724	0.023358459	-0.0400787482	-0.0325475373	0.0326163926	0.0400256797	-0.0234394817	-0.0453997805	0.0130304206	-0.0718562	7.329999999999837e-05	5.37288999999976e-09	0.0051633134784399	-2.33468	0.0056699999999998	5.4507307024000005	3.2148899999998204e-05	-0.210358	-0.0344879999999999	0.0011894221439999	0.044250488164	-0.0206414	-0.0002341	0.00042606739396	5.480281000000045e-08	0.00224368	-0.00029078	5.0340999424e-06	8.455300840000001e-08	-0.000483937	0.0	2.3419501996900003e-07	0.0	0.0	0.0	0.0	0.0	0.0	0.0	0.0	0.0	0.0	0.0	0.0	0.0	0.0	0.0	0.0	0.0	0.0	0.0	0.0	0.0	0.0	0.0	0.0	0.0	0.0	0.0	0.0	0.0	0.0	0.0	0.0	0.0	0.0	0.0	0.0	0.0	0.0	0.0	0.0	0.0	0.0	0.0	0.0	0.0	0.0	0.0	0.0	0.0	0.0	0.0	0.0	0.0	0.0	0.0	0.0	0.0	0.0	0.0	0.0	0.0	0.0	0.0	0.0	0.0	0.0	0.0	0.0	0.0	0.0	0.0	0.0	0.0	0.0	0.0	0.0	0.0	0.0	0.0	0.0	0.0	0.0	0.0	0.0	0.0	0.0	0.0	0.0	0.0	0.0	0.0	0.0	0.0	0.0	0.0	0.0	0.0	0.0	0.0	0.0	0.0	0.0	0.0	0.0	0.0	0.0	0.0
54657.44052307673	18.68623664826009	2987435804.5336704	349.1754400747786	66997.54776708984	-33.45524999999907	4488671406.803485	1119.2537525624375	55316.6051438588	-12.36851728723559	3059926804.6415854	152.98021988464566	55472.05665735014	55133.88262099229	0.858182	19.659986	0.0627607000000003	0.0298686	-0.0040635239	0.003119978	-0.0024535704	-0.0049613499	-0.024361277	0.0233580949	0.0273953588	0.0081680742	-0.0113343523	0.0493832791	0.0066258601	-0.0237725615	0.0027405261	-0.0173543521	0.0328692012	0.0225108791	0.002439221	-0.0482169677	-0.0048294922	-0.0206741361	0.0301555459	0.0248429889	0.0485825925	0.0021878168	-0.0251679905	-0.005423815	-0.0412379513	-0.0175122732	-0.02176437	-0.0153022949	0.0250755762	0.0403792051	0.0117160728	0.0438425513	-0.0284848762	0.0144490928	-0.053738763	-0.0032102049	-0.0131180543	-0.0276099312	0.0140315891	-0.0413563681	-0.0012717654	0.0055287175	-0.0387299997	-0.0203263046	0.0029686703	0.0193435559	0.0012003911	-0.0183487992	0.0072941389	0.0351271308	-0.0116315873	-0.0431809194	-0.0128639055	-0.016189598	-0.0044975597	-0.0192897161	-0.0371142255	-0.0026478727	-0.0122350101	-0.0411652867	-0.0224250552	-0.0405802041	0.0240853233	-0.0122519338	0.0361632501	0.0181417183	-0.0275339165	-0.0149124249	-0.0474158441	0.0068254305	0.0332762659	-0.0128817811	-0.0302828902	-0.001944318	0.0442505704	0.0096263031	0.0093991375	0.0108598609	0.0272754667	0.0051783174	-0.0348653665	-0.0679871008	-0.0850564052	0.0367516308	0.0112844559	0.0318727418	0.0002593666	-0.0204395457	0.0003881383	-0.031242699	0.0093924877	0.085650019	-0.0113307776	-0.0221042244	-0.0044813488	0.0347669425	0.0156438941	-0.0439561144	0.0235671333	0.0702940319	0.0065281594	-0.0269810318	0.0251783095	0.0202644724	-0.0144291338	-0.0445838634	-0.040793551	-0.0275727252	0.0082642744	-0.044118399	-0.0485345965	0.0066004071	0.0198921296	-0.0284253214	-0.0273940985	-0.0513522156	-0.0039323942	0.0233145812	0.0061883575	0.0416358617	-0.0137860896	-0.0154926053	-0.018415368	0.0198798345	0.0450048069	0.0066835153	0.0381280581	-0.0333439046	0.0170504063	0.0525909912	0.0026982657	-0.014242272	0.0332694595	-0.0136163164	0.0393798244	0.0096889514	-0.0066649188	0.0384851275	0.0082830992	0.006133514	-0.0185743647	-0.0096128967	0.0143283541	-0.0200934989	-0.0197820005	0.0259085607	-0.041665457	-0.006460429	-0.0013477751	-0.0079364165	0.0024020433	-0.0497352049	0.0043130222	-0.0007692861	0.0524380738	-0.0037020356	-0.0014221527	0.0299614881	0.0201860533	-0.0322904463	-0.0259339166	0.0295536676	-0.0092068221	0.0294443109	-0.0165098643	0.0378859069	-0.008876794	-0.0355097607	-0.0013451101	0.0447208791	0.0097991758	-0.0180133649	0.0248953243	0.020804854	-0.0227282467	-0.014106872	-0.0939867359	-0.0606941495	0.0268389261	0.0018434894	-0.0198677715	-0.0137165879	0.0109378219	-0.0080797827	-0.0256003115	0.0568498466	0.048792792	0.024319951	-0.0219189405	0.0183262399	-0.0193007266	0.0194013184	-0.0309756022	0.0338905124	-0.0689826267	0.0011197335	-0.0045728146	0.0469856349	-0.0196827747	0.0009791495	-0.0123553565	-0.0341937367	0.0551998405	0.0282689881	-0.0210080303	-0.0048395402	-0.0066118468	0.0150824532	-0.0222641984	0.0158963177	0.0351530168	0.0152498084	0.025604956	-0.0207703844	-0.0181975899	-0.0038948076	-0.0447038124	0.0059822177	-0.0201703562	0.0320173486	0.0120186466	0.0294263323	-0.0061499834	-0.0003067523	-0.0136454294	0.0137994949	-0.0140303884	-0.0300452891	0.0039413951	-0.0586578782	0.0054305477	-0.0477657704	-0.0160245105	0.0442116967	0.0258302158	-0.0384828171	-0.0343653138	0.0308609395	0.0412099568	-0.0217209896	-0.0460274517	0.0115125682	0.0485808224	-0.0007378352	-0.0487444668	-0.0100731925	0.046510335	0.0203887125	-0.0419883256	-0.0297012967	0.0354008796	0.0375528523	-0.0270720383	-0.0435571555	0.0174115036	-0.0854005	-0.0135443	0.00018344806249	0.00729324540025	-2.32237	0.0123100000000002	5.393402416899999	0.0001515361	-0.222275	-0.011917	0.000142014889	0.049406175625	-0.0203157	0.0003257	0.0004127276664899	1.060804900000011e-07	0.00232917	8.549000000000013e-05	5.425032888900001e-06	7.308540100000022e-09	-0.000395339	8.859800000000001e-05	1.56292924921e-07	7.849605604000001e-09	0.0	0.0	0.0	0.0	0.0	0.0	0.0	0.0	0.0	0.0	0.0	0.0	0.0	0.0	0.0	0.0	0.0	0.0	0.0	0.0	0.0	0.0	0.0	0.0	0.0	0.0	0.0	0.0	0.0	0.0	0.0	0.0	0.0	0.0	0.0	0.0	0.0	0.0	0.0	0.0	0.0	0.0	0.0	0.0	0.0	0.0	0.0	0.0	0.0	0.0	0.0	0.0	0.0	0.0	0.0	0.0	0.0	0.0	0.0	0.0	0.0	0.0	0.0	0.0	0.0	0.0	0.0	0.0	0.0	0.0	0.0	0.0	0.0	0.0	0.0	0.0	0.0	0.0	0.0	0.0	0.0	0.0	0.0	0.0	0.0	0.0	0.0	0.0	0.0	0.0	0.0	0.0	0.0	0.0	0.0	0.0	0.0	0.0	0.0	0.0	0.0	0.0	0.0	0.0	0.0	0.0
54597.41518830574	-60.02533477098768	2980877745.2442384	3603.040814369143	66964.40401757813	-33.143749511713395	4484231405.429434	1098.508131695202	55260.57534642469	-56.02979743410833	3053731187.61788	3139.3382005072126	55416.04896192614	55306.67279005174	0.971884	22.264772	0.0762859000000003	0.0379933	-0.0003316389	0.0028808668	0.0007528838	-0.0117937568	-0.0385212786	-0.0168304355	0.0279542756	-0.0591422324	0.0017333645	-0.0239372589	0.0168400136	-0.0179848912	0.0061553826	-0.00609247	-0.0233795577	0.0119768073	-0.0346256613	-0.0055483856	-0.0504892583	-0.0040860043	-0.0652932177	0.0432148597	-0.0062491517	-0.03503659	0.0246811532	0.0058515659	0.0103763119	-0.030909176	0.0045881575	0.0004901427	0.0301001126	-0.0012311108	0.0232398278	-0.0381742672	0.0362710919	-0.0462609035	0.0172686136	0.0462695234	0.0424377546	0.0707263072	-0.0288876211	-0.0019967784	0.0072356866	-0.0203368982	0.0271610964	0.0434573852	0.006370981	0.039119989	-0.0169550021	0.0252901651	0.0079754364	0.0089683621	-0.0200082662	-0.0391704284	-0.036901619	0.0090892116	-0.0431767128	0.0035571719	-0.035375812	0.0393109645	-0.00685767	0.032553914	0.1123499225	0.0390158436	0.0331753149	0.0258095903	0.04636903	0.0185804591	-0.0310831283	0.0083180043	-0.028709414	0.0097631254	0.0112985722	-0.0288203475	0.0091363941	-0.0291914937	-0.0362607411	0.0274003922	-0.0550542206	-0.0226234504	0.0482885065	-0.0284389747	0.0289236156	0.0141574403	-0.0037192253	0.0914982249	0.0283078102	0.0049824642	0.0246639417	-0.0101301429	0.0285793576	0.0255500765	-0.0332022112	-0.0605181238	-0.0036294629	0.0442213655	-0.0363633099	0.0315205394	-0.0057714709	-0.0448745538	-0.0359712292	-0.0014443294	0.0097209505	-0.0036244897	-0.017577371	0.026474212	0.0167265863	-0.076203855	0.0129576761	-0.0082757746	-0.0445583088	-0.0049634623	-0.0050923212	0.05381343	0.0018518246	0.0650827719	-0.0384951978	0.0028320539	-0.0311745546	-0.0352345451	-0.0060430255	-0.0052068696	-0.0296866863	-0.0062498579	0.0037252001	0.0265783645	0.0058983131	0.0283432164	-0.0353086183	0.0372177136	-0.0461653463	-0.0206447488	0.0448969207	0.0409666499	-0.0652414677	0.0367825213	0.0048884617	-0.0076269509	0.0039047712	-0.0253861986	-0.0361410301	0.0040640896	-0.0346669986	0.0161070554	-0.0332463834	-0.0031508665	0.0058882271	0.019893157	-0.0564405961	0.0019768504	0.0081935951	-0.0256009137	0.0603491275	-0.0353404847	-0.0523037641	0.0222692213	-0.098026124	-0.0742139716	0.0025926347	0.0142603476	-0.0095040346	-0.0432444915	-0.0233761118	0.0199287293	0.020106684	0.0189712922	-0.0169524692	0.0234244235	-0.0306059435	0.0141166558	-0.0018881941	-0.0353266428	-0.039558599	-0.0334088179	-0.0220152305	-0.011661659	-0.0572424814	0.0125884148	-0.0007933858	-0.0123747007	0.0886504866	0.0482975064	-0.0040857464	0.0099970951	-0.0235174655	0.0231772861	0.0309996878	-0.0637970441	-0.0216451	-0.0177901913	-0.0103710689	-0.0685156291	-0.0077801268	0.0386153451	0.0383531905	0.0383673138	-0.0044539187	-0.0040456231	0.0032792974	0.0126550076	-0.0374461524	0.0015471016	0.0348232362	-0.0580670565	-0.0020286687	-0.0160733625	0.0265133598	0.0367738616	-0.0048540557	0.0123178929	-0.0159198826	0.0062739494	0.029855806	0.0031167088	0.0177948678	-0.0169013948	-0.0289616306	-0.0347463272	0.0494286378	0.0123896323	-0.0329437069	-0.0266113874	0.0131591508	0.0400367765	0.003571398	0.0100004311	-0.0162173541	0.0185181312	-0.0171759885	-0.0323793546	-0.0163474598	-0.0558360211	0.0052471816	-0.0478457346	-0.0155005685	0.0445239479	0.0250420933	-0.0391574033	-0.0334335625	0.0319925587	0.0402895985	-0.023358459	-0.0452953387	0.0136516244	0.048220895	-0.0033178403	-0.0489319113	-0.0071683153	0.0473957345	0.0173252667	-0.0436829132	-0.026686557	0.0379639583	0.0348222698	-0.0305015125	-0.0413587732	0.0216382877	-0.0758615	0.009539	9.099252100000013e-05	0.0057549671822499	-2.33584	-0.0134700000000003	5.456148505600001	0.0001814409	-0.194165	0.0281099999999999	0.0007901720999999	0.037700047225	-0.0204942	-0.0001785	0.00042001223364	3.186225000000056e-08	0.00256541	0.0002362399999999	6.581328468100001e-06	5.5809337599999995e-08	-0.000483937	-8.859800000000001e-05	2.3419501996900003e-07	7.849605604000001e-09	0.0	0.0	0.0	0.0	0.0	0.0	0.0	0.0	0.0	0.0	0.0	0.0	0.0	0.0	0.0	0.0	0.0	0.0	0.0	0.0	0.0	0.0	0.0	0.0	0.0	0.0	0.0	0.0	0.0	0.0	0.0	0.0	0.0	0.0	0.0	0.0	0.0	0.0	0.0	0.0	0.0	0.0	0.0	0.0	0.0	0.0	0.0	0.0	0.0	0.0	0.0	0.0	0.0	0.0	0.0	0.0	0.0	0.0	0.0	0.0	0.0	0.0	0.0	0.0	0.0	0.0	0.0	0.0	0.0	0.0	0.0	0.0	0.0	0.0	0.0	0.0	0.0	0.0	0.0	0.0	0.0	0.0	0.0	0.0	0.0	0.0	0.0	0.0	0.0	0.0	0.0	0.0	0.0	0.0	0.0	0.0	0.0	0.0	0.0	0.0	0.0	0.0	0.0	0.0	0.0	0.0
54519.408947694166	-78.00624061157578	2972365952.0059147	6084.973574351054	66379.86222216797	-584.5417954101576	4406286108.634003	341689.1105813306	55249.69269448138	-10.882651943305971	3052528542.834629	118.43211331914128	55404.13177925785	54902.23067420861	0.991551	22.715305	0.1369091999999999	0.0833711	-0.0003322644	0.0110552502	0.0077924589	-0.0023030733	-0.0277979378	0.015805764	0.0632481016	0.0400027826	-0.0164831011	-0.0251418665	0.033766929	0.0209449682	0.0296944127	-0.0172501023	0.02055937	-0.012028074	0.0262025334	-0.0323559668	-0.0251249891	0.0265003256	-0.0064026263	-0.057135979	-0.0042652417	-0.0012258342	-0.0498817995	-0.0299564185	0.030376838	0.0130649895	0.0548774267	0.0107813566	-0.0278148495	-0.0091659048	0.0366237535	-0.0320577114	-0.0087547454	-0.0286285138	0.0201286427	0.0762502746	0.0243868051	0.0154747089	-0.0031960373	-0.0534551701	-0.0118826387	0.0005489016	0.0255105436	-0.0651953745	-0.0128411439	0.029973902	0.0483667037	-0.0743116224	0.0352094888	0.0304803657	-0.0375652114	-0.0444715534	0.0446327156	0.034191068	-0.0178207571	0.0113720316	0.0442967001	0.0270744953	-0.0421079467	0.014060735	-0.0656327628	-0.005931897	0.0614907132	-0.0058704587	-0.0308412024	0.0115921958	-0.0267206865	-0.0157963019	-0.0232796943	0.027089966	-0.0337791229	0.0307313777	-0.0111899723	-0.0138820514	0.0520056111	-0.0529385877	0.0328811589	-0.017736214	-0.0269002994	0.0590565579	-0.0053314709	0.0298255827	-0.0336942078	0.0500489838	0.009679822	0.0346072892	-0.034090595	0.0090429607	-0.0278110228	0.0174702425	-0.0281565108	-0.0467321633	-0.0106349604	0.0672093088	-0.0425566899	0.0188234504	0.0702705838	0.0184785465	0.0150803976	-0.0001230341	0.0120216193	0.0203254832	0.0330353585	-0.0529707465	0.0452238388	-0.0110156688	0.0264098535	-0.0332949895	0.0217036095	-0.0856008647	-0.0327949818	0.0259149773	-0.0246674458	0.0035354631	0.0565858494	-0.0025257615	-0.015541718	0.0434391597	0.0303469745	-0.0372385155	0.0024389205	0.0529488789	0.0156762061	-0.0283650981	-0.0151456015	0.0334955551	-0.0325240288	-0.0068002197	-0.0230479938	-0.0269935562	0.0715392878	0.0193093359	-0.0070556472	0.0181734782	0.0598691278	-0.0003097224	-0.0129123737	-0.0244106251	0.0494409337	0.0335153348	-0.0263296016	-0.0598694608	0.0697995259	-0.0301569241	0.0169526915	0.0348737253	-0.0413992859	-0.0464412216	-0.0560245424	0.0020869209	0.0070098414	0.0459118747	-0.0079194653	0.0460043984	0.0177851582	0.0583809339	-0.0280438632	0.0774879553	0.0013376735	0.0322302325	0.0072822598	0.0260364921	-0.0162211356	0.0355974202	-0.0205166028	-0.047710723	0.0086957873	-0.0110281488	-0.0307789499	0.0417145289	0.0436408525	0.0152488178	-0.0198187695	0.0490291118	0.0448961734	-0.0229581672	0.0174049619	-0.045516588	0.049772261	0.0027776315	-0.0435540189	-0.0288642528	0.0024359837	-0.0364874531	0.0244608622	-0.0368809705	-0.0245650464	-0.0090773727	0.0149471646	-0.0815485554	0.040750405	0.0266097982	-0.0574153792	-0.0266595389	-0.006458266	-0.0012041731	-0.0026267442	0.0204367263	0.0548819322	0.0524747548	0.0269764986	0.0028258469	0.0350934197	-0.0755833072	-0.0570545705	-0.050373271	0.0041451585	0.0138973878	-0.0110125232	0.0355644981	0.0334719191	0.011221535	0.0225970003	-0.025665132	-0.0259140007	-0.0067166986	-0.0110446433	0.0079234812	-0.0409425287	0.0011178238	0.0257784099	-0.0682973942	0.0156708242	0.0192256222	-0.0614402534	0.0229363612	-0.0250641522	-0.0940733961	-0.0272310452	-0.0344167983	0.005063741	-0.0479229833	-0.014974647	0.044826091	0.0242450877	-0.0398119877	-0.0324785665	0.0330951267	0.0393229378	-0.0249627879	-0.0444854679	0.0157627911	0.0477453555	-0.0058886202	-0.0489631754	-0.0042374069	0.0480868413	0.0141822002	-0.0451538342	-0.0235204212	0.0402895985	0.0318526742	-0.0337021777	-0.0388225891	0.0256733154	-0.0980152	-0.0221537	0.00049078642369	0.0096069794310399	-2.33617	-0.0003299999999999	5.4576902689	1.0889999999996137e-07	-0.221743	-0.0275779999999999	0.0007605460839999	0.049169958049	-0.0220644	-0.0015702	0.00048683774736	2.4655280400000026e-06	0.00239866	-0.00016675	5.7535697956e-06	2.780556250000008e-08	-0.000483937	0.0	2.3419501996900003e-07	0.0	0.0	0.0	0.0	0.0	0.0	0.0	0.0	0.0	0.0	0.0	0.0	0.0	0.0	0.0	0.0	0.0	0.0	0.0	0.0	0.0	0.0	0.0	0.0	0.0	0.0	0.0	0.0	0.0	0.0	0.0	0.0	0.0	0.0	0.0	0.0	0.0	0.0	0.0	0.0	0.0	0.0	0.0	0.0	0.0	0.0	0.0	0.0	0.0	0.0	0.0	0.0	0.0	0.0	0.0	0.0	0.0	0.0	0.0	0.0	0.0	0.0	0.0	0.0	0.0	0.0	0.0	0.0	0.0	0.0	0.0	0.0	0.0	0.0	0.0	0.0	0.0	0.0	0.0	0.0	0.0	0.0	0.0	0.0	0.0	0.0	0.0	0.0	0.0	0.0	0.0	0.0	0.0	0.0	0.0	0.0	0.0	0.0	0.0	0.0	0.0	0.0	0.0	0.0	0.0	0.0	0.0
54573.84022753774	54.43127984357125	2978304037.180816	2962.7642254091656	67046.6110756836	666.7488535156299	4495248056.733978	444554.03366440686	55272.4952758553	22.802581373915014	3055048734.0194464	519.9577173140161	55430.17316283599	55212.52957018568	0.936022	21.443216	0.1787509499999998	0.0994797	0.0010593035	-0.0023570678	-0.0017317474	-0.0010356966	-0.0425182417	0.0188429893	0.0224684034	0.0433221056	0.0040010861	0.0366877278	-0.0234888404	-0.0290477677	0.0130365936	-0.0128991648	-0.0309308797	0.0083525394	-0.0556547284	0.0056958706	0.0127029186	-0.0357921727	0.0098926872	-0.0155541189	0.0326822236	-0.038461122	-0.0320409547	0.0125160764	-0.0171915935	-0.0062728195	-0.0206873799	0.0227152254	-0.0231560604	-0.0116795937	0.0133764296	0.00549224	-0.0049966031	-0.0141183392	-0.0035848753	0.0387776483	-0.0351088761	0.0420885715	0.0076458318	0.0025901784	-0.0425518036	0.0059138397	-0.0124946518	0.0486207325	0.0362093009	0.024920459	-0.0140673265	-0.0100854118	0.0204488055	0.0157782457	0.0209330863	0.0320796397	0.0256219802	-0.0088140514	-0.0163925747	-0.0451308417	0.0347352832	-0.0092485078	-0.014043924	-0.0573457351	-0.003809004	-0.0082296312	0.0231239438	0.0273234722	-0.0068154587	0.0108974339	-0.0022153211	0.0152670809	-0.0341052207	-0.0476097531	0.0280369796	-0.0336197641	-0.0204222291	-0.0510935006	-0.0203873703	0.0396035349	0.0007323002	0.0054401771	-0.0225796598	-0.0308240272	-0.0072168471	-0.005670569	-0.0104456457	0.0281388333	0.0324766951	-0.0439050416	0.039401224	-0.0105869442	0.004521792	-0.0829094412	-0.0391855087	0.0250339549	-0.029936415	0.0276416619	-0.0279874364	0.027541367	0.0417282454	0.0332752692	0.0134584654	0.0299484383	8.83868e-05	0.0019353909	-0.007772176	0.035052281	0.0014272806	0.0305336407	-0.0121297541	0.0343864526	-0.0243441795	0.0356789447	0.0049415168	-0.0152152996	0.0351516799	-0.0079831875	0.0137747439	-0.0422837943	-0.0438198343	0.0164554411	-0.0144582715	0.0173222711	-0.0026661872	-0.0203462961	0.0189418424	-0.0216269578	-0.0162237864	0.0070796605	0.0045967403	-0.0066487375	-0.0130421275	0.003410041	0.0421910756	-0.0291168567	-0.0444069904	-0.0078891117	-0.00672102	0.0008834426	-0.0430563893	0.0064031098	-0.0386508812	-0.0244397094	-0.0323197117	0.0218911783	-0.0005925973	-0.04084579	-0.0288336327	-0.0125884052	0.0263494923	0.0020266211	-0.0390007658	0.0510125124	0.0021012076	0.0055282252	0.0076228126	0.0006802896	0.0423336696	-0.0285788023	-0.0227859517	0.0265249569	-0.0113738026	0.0012009403	-0.0086935294	0.0187772511	0.0282962798	0.0221293805	0.0271733014	0.059409197	-0.0313254439	-0.0202027761	-0.040661001	-0.0239811003	-0.0395809376	0.0030427803	0.029695217	-0.0303290255	-0.0043018041	-0.0068244016	-0.0064181955	-0.0069106655	0.0177048693	0.040487329	0.0279683369	-0.0047299056	-0.0361831357	0.0211405474	-0.055226906	-0.0154828417	0.0779975395	0.027923882	0.0040126844	-0.0458200958	0.0147527651	0.0223912957	-0.0390187011	-0.0397954762	-0.0098511397	-0.0176811501	0.011081774	0.0089137026	-0.0274610279	0.0079434712	-0.0134965724	0.0176686297	-0.0251880435	0.0311927772	0.0369515995	-0.043510074	-0.0066976275	0.009241183	-0.0111858061	-0.0045897261	0.0279277579	-0.0122368218	0.0229480344	-0.0337124967	-0.0184737123	-0.0299431633	0.0072303115	-0.010528523	-0.0084813821	0.062114642	-0.0077850542	0.0172255799	-0.0234258143	-0.0164770486	0.0169338717	-0.0076758054	-0.0323124272	-0.0024229115	0.0195847207	-0.0314608557	0.0048802286	-0.0479975119	-0.0144468132	0.0451180572	0.0234394817	-0.0404462362	-0.03150099	0.0341676424	0.0383110855	-0.0265316999	-0.0435992294	0.0178417553	0.0471553442	-0.0084430267	-0.0488381591	-0.0012911108	0.0485808224	0.0109739574	-0.0463935571	-0.0202208511	0.0423632548	0.0286644484	-0.0366500239	-0.0359693177	0.0294808289	-0.0772293	0.0207858999999999	0.0004320536388099	0.00596436477849	-2.3644	-0.0282299999999997	5.590387359999999	0.0007969328999999	-0.196291	0.025452	0.000647804304	0.0385301566809999	-0.0201953	0.0018691	0.00040785014209	3.493534810000008e-06	0.0022969	-0.0001017599999999	5.27574961e-06	1.0355097599999956e-08	-0.000598738	-0.000114801	3.584871926440001e-07	1.3179269601000012e-08	0.0	0.0	0.0	0.0	0.0	0.0	0.0	0.0	0.0	0.0	0.0	0.0	0.0	0.0	0.0	0.0	0.0	0.0	0.0	0.0	0.0	0.0	0.0	0.0	0.0	0.0	0.0	0.0	0.0	0.0	0.0	0.0	0.0	0.0	0.0	0.0	0.0	0.0	0.0	0.0	0.0	0.0	0.0	0.0	0.0	0.0	0.0	0.0	0.0	0.0	0.0	0.0	0.0	0.0	0.0	0.0	0.0	0.0	0.0	0.0	0.0	0.0	0.0	0.0	0.0	0.0	0.0	0.0	0.0	0.0	0.0	0.0	0.0	0.0	0.0	0.0	0.0	0.0	0.0	0.0	0.0	0.0	0.0	0.0	0.0	0.0	0.0	0.0	0.0	0.0	0.0	0.0	0.0	0.0	0.0	0.0	0.0	0.0	0.0	0.0	0.0	0.0	0.0	0.0	0.0	0.0
54553.496145065474	-20.344082472263835	2976083941.649673	413.8816916382726	66669.18160058594	-377.4294750976551	4444779775.291907	142453.00867249144	55271.43327452551	-1.0620013297884725	3054931336.220325	1.127846824472484	55421.87431055245	55131.48342443689	1.022977	23.435259	0.1556697999999999	0.0711029	-0.000523249	0.0103050807	-0.0007178573	-0.0113206954	-0.0220022586	-0.0133255484	0.0425127371	-0.0475022492	-0.0204268058	-0.0119423026	0.0198669303	0.0182844561	0.0009408989	-0.0127296543	-0.0473360771	0.006899309	0.0129434368	-0.000596948	-0.042372257	0.0046185613	-0.0358688985	0.022540754	0.0239543512	-0.0267452773	-0.012424966	-0.0426103259	0.0549512422	-0.0536062955	0.0322221252	0.0108681316	0.0099697094	0.0069558713	-0.0119256046	-0.0344103771	-0.0114444719	0.0445997506	-0.061927974	0.0262788122	-0.0134878036	-0.0021341506	-0.0157346889	0.0361038341	0.056509392	0.0056688703	0.014640953	-0.0327689556	-0.0452543993	2.77372e-05	0.0485855731	0.0016222145	0.002026459	-0.0298721262	0.0190512687	-0.009729454	-0.0098966431	-0.0414100449	0.008729338	0.0154268923	0.0043874034	0.0521482303	-0.0231145285	0.0060777247	-0.0608640717	-0.0090826799	0.0597241076	-0.0416051796	-0.0105848163	-0.0430609947	-0.0198761693	0.0030611281	-0.0574571668	-0.0165796172	-0.0041709337	0.0468328794	0.0338672668	-0.0335274859	0.0493729995	-0.0288660563	0.0343957497	0.0190997057	0.0252147315	-0.0163003056	0.0222633187	-0.0115730869	0.0344739209	-0.0094301938	-0.0174168514	-0.0409103029	0.0357894946	0.0070178486	0.0218586277	-0.0067992085	0.0168406469	0.0109111027	-0.0160152482	-0.0252187312	-0.0170817934	-0.0367702686	-0.0313781496	0.0490969959	-0.0480174472	-0.0470738177	0.0410556812	0.0229804999	-0.0182060618	-0.0450598815	-0.0905715335	-0.0695494246	-0.0271508831	-0.0380712065	0.0148144444	-0.0027936646	0.0001003434	0.0443104411	-0.0045957927	0.0331729615	-0.0200295043	-0.0256667196	-0.0275689513	-0.0091212815	0.0442937793	-0.0585778911	-0.0588842621	0.0208782937	0.0083492053	0.005450625	0.002684038	-0.0141580582	-0.0361781603	-0.0066422116	0.0446555086	0.0605662957	0.0262721299	-0.0094254236	0.0055936537	0.0167964013	-0.0305066974	0.0061762189	0.0587549131	-0.0049809806	0.0375274124	0.0436361121	0.012688587	-0.0384638857	-0.0012683607	0.0052926429	0.0108725141	-0.0373681159	-0.0125074294	-0.0020980492	0.0449203952	0.0132097475	0.0068762738	-9.36459e-05	-0.0270049204	0.0445887837	0.0341448624	0.0605262966	-0.0225285288	0.0490413073	0.0428412031	-0.0176307007	0.0606146738	0.0192669084	0.0080951401	0.0576403935	0.0100082922	0.0037273577	0.0362882241	0.0238621715	-0.0515258678	0.0269637147	0.039254155	0.0025063119	0.0103137325	0.0143688572	-0.0284832077	0.0352350259	0.0046274466	0.0375828066	-0.0120463349	-0.0088938671	0.042814755	0.0330133229	-0.0261694368	0.0237291231	-0.0027510063	0.0076855347	-2.79933e-05	0.0251968029	-0.0251052585	0.0193954429	0.0184305732	-0.0247986643	0.0602705827	-0.0456896673	0.0426313334	-0.0071836762	-0.0401508337	-0.0254200891	0.0401097577	-0.0692317018	-0.0031620296	-0.0725060795	0.056831228	0.031140992	-0.0173461929	0.0144825212	0.0020370289	0.0158474618	-0.0120840152	0.0323258895	0.0356911774	0.0252996784	-0.0188889186	0.0006977759	-0.050074706	0.0130416177	-0.0036891184	0.0117944035	-0.0311035413	-0.0268055268	0.0284493973	0.0256859792	0.0036279748	-0.005923657	-0.0442922571	0.0090734974	-0.0156886618	-0.0600460981	-0.0275433746	-0.0137621049	0.004696647	-0.0480693164	-0.0139171345	0.0453997805	0.022625561	-0.0410598248	-0.0305015125	0.0352091317	0.0372552045	-0.0280629691	-0.0426381448	0.0198842699	0.0464522756	-0.0109739574	-0.0485572616	0.0016598739	0.0488756528	0.0077152822	-0.0473957345	-0.0168065656	0.044171958	0.0252794756	-0.0393229378	-0.0328222635	0.0330270864	-0.0903105	-0.0130812	0.00017111779344	0.00815598641025	-2.33115	0.0332499999999997	5.4342603225	0.0011055624999999	-0.235875	-0.039584	0.001566893056	0.055637015625	-0.0213043	-0.001109	0.00045387319849	1.2298810000000053e-06	0.00206616	-0.00023074	4.2690171456e-06	5.3240947600000056e-08	-0.00065409	-5.535199999999994e-05	4.278337281e-07	3.063843903999993e-09	0.0	0.0	0.0	0.0	0.0	0.0	0.0	0.0	0.0	0.0	0.0	0.0	0.0	0.0	0.0	0.0	0.0	0.0	0.0	0.0	0.0	0.0	0.0	0.0	0.0	0.0	0.0	0.0	0.0	0.0	0.0	0.0	0.0	0.0	0.0	0.0	0.0	0.0	0.0	0.0	0.0	0.0	0.0	0.0	0.0	0.0	0.0	0.0	0.0	0.0	0.0	0.0	0.0	0.0	0.0	0.0	0.0	0.0	0.0	0.0	0.0	0.0	0.0	0.0	0.0	0.0	0.0	0.0	0.0	0.0	0.0	0.0	0.0	0.0	0.0	0.0	0.0	0.0	0.0	0.0	0.0	0.0	0.0	0.0	0.0	0.0	0.0	0.0	0.0	0.0	0.0	0.0	0.0	0.0	0.0	0.0	0.0	0.0	0.0	0.0	0.0	0.0	0.0	0.0	0.0	0.0
54638.5383358457	85.04219078022288	2985369871.47768	7232.174212699826	67156.20694726563	487.02534667968575	4509956131.543968	237193.6883084681	55249.5721031794	-21.861171346106858	3052515217.58442	477.9108126238435	55398.143327039725	54955.64107523336	1.023181	23.439919	0.1419556999999999	0.0675152	0.0043904271	-0.0002677998	-0.0033207984	-0.0024095241	-0.0295408475	0.0111969148	0.0199936148	0.0122832102	0.0067723044	0.0237371769	-0.0716499528	-0.0057714438	0.0336647202	-0.0409109771	-0.0281261145	0.022845552	0.0005262818	0.0177408239	-0.0244045495	-0.0150405687	0.0157861115	-0.0119818637	-0.0090066023	0.0321190519	-0.0343443227	0.0131219302	-0.0320678129	0.0057684013	-0.0122122462	0.0606188868	0.0014300336	0.0047246399	-0.0153770168	-0.0157128123	-0.004377541	-0.0233352549	-0.0485185133	-0.0086010234	0.0088703133	-0.0008706517	-0.026653742	0.035603177	0.0026901991	-0.006728569	-0.0487697148	0.0074819377	-0.0193378865	-0.0242673443	0.0031132549	-0.0008315658	0.0158787283	0.0114236662	-0.0095727427	0.011437072	-0.0027928504	-0.1035409183	0.0043740119	-0.0136758687	-0.0333653193	-0.0245716556	0.0238508435	0.0220048602	0.0783458591	0.0232644283	-0.0107073272	0.0199697542	-0.0379528565	0.0238148327	0.0051957353	-0.0412989801	0.0005096433	-0.0033018434	0.0202643537	-0.0294231861	0.0437939221	0.0421561581	-0.0052673894	-0.0103521491	-0.0217541776	-0.0020563207	-0.0248827486	0.0064997128	-0.0204295861	0.0156892171	0.0328550769	0.0428922137	-0.0159081393	-0.002399862	0.0636555816	-0.0016447703	0.0241130845	0.0378641554	-0.0251823909	-0.0525322797	-0.0067462846	0.0169846236	-0.0046146433	0.0207088249	-0.0480922322	-0.0101475511	-0.0076330075	0.0417576593	0.0400556749	0.0692160374	0.0255769609	0.0401371522	0.0164354448	0.0253410039	0.005122085	0.0105516327	-0.0286055868	0.0126927098	0.0185234207	0.023098931	0.0156019055	-0.0155807693	0.0107646972	0.0042882029	0.014538104	0.0478983953	-0.0107943797	0.0339939348	0.00262559	-0.0120062262	0.0593042443	-0.0091732897	0.006621962	-0.0195765855	-0.0161426278	-0.0050206708	-0.0247805974	0.0478873456	-0.0032679161	0.0074199459	0.0017787006	0.0248605373	-0.0341892854	-0.0003700852	0.0025187022	0.0477825645	-0.0130871799	0.0136845581	0.0282884857	0.0039167989	0.01321454	-0.0052989799	0.0172047825	0.0213671434	0.0056477352	-0.0014842556	0.0738903287	0.0635515019	0.0193106237	-0.0440937491	0.0021298098	-0.0371102961	-0.041520851	-0.0615723214	0.01027882	-0.012809484	-0.0212684328	0.0486062715	-0.0063068504	-0.0106198194	-0.0150405027	0.0109186141	0.0074320922	0.0253924108	-0.0153605663	0.0495328273	0.0462882986	0.0018280909	0.027142412	-0.0137899434	-0.0074350967	-0.0172921766	0.0182567839	-0.048379737	0.007769033	0.0206910852	0.0419287011	0.0089054013	-0.0130293009	0.0563956088	-0.0522288843	0.023496803	0.0391581478	-0.0470728935	-0.0195756782	-0.0052390856	0.0025544103	-0.014760695	-0.0296152778	0.0103404032	0.0338887136	0.0001646994	-0.0221536067	-0.0922229934	-0.0201916828	0.040374058	-0.0154187086	0.0106799249	-0.0074429388	0.0242195071	-0.0276941402	-0.0214785104	0.0417170935	0.047386139	-0.0024760941	0.0130322101	-0.0083389292	0.0093828397	0.0268223702	0.0108424022	0.0195522829	-0.0382487628	0.0169092453	-0.0169654488	-0.0059840176	-0.0011283374	-0.0178513461	0.0103696018	-0.0042781643	-0.0166343217	-0.0307913667	-0.0370353299	-0.0202583073	-0.035389006	-0.0454132349	-0.0256547164	0.0021616793	-0.0116366623	0.0045129987	-0.0481383925	-0.0133856785	0.0456711967	0.0218036145	-0.0416524399	-0.0294808289	0.036218649	0.0361565084	-0.0295544231	-0.0416038638	0.021886162	0.0456378354	-0.013474375	-0.0481213794	0.004604831	0.0489701238	0.0044211503	-0.0481552347	-0.0132969345	0.0457043959	0.0217209896	-0.0417008682	-0.0294071302	0.0362806612	-0.0773487999999999	0.0129617000000001	0.00016800566689	0.0059828368614399	-2.37038	-0.0392299999999998	5.6187013444	0.0015389928999999	-0.20975	0.026125	0.000682515625	0.0439950624999999	-0.0202616	0.0010427	0.00041053243456	1.0872232900000012e-06	0.00229624	0.00023008	5.2727181376e-06	5.2936806400000064e-08	-0.00065409	0.0	4.278337281e-07	0.0	0.0	0.0	0.0	0.0	0.0	0.0	0.0	0.0	0.0	0.0	0.0	0.0	0.0	0.0	0.0	0.0	0.0	0.0	0.0	0.0	0.0	0.0	0.0	0.0	0.0	0.0	0.0	0.0	0.0	0.0	0.0	0.0	0.0	0.0	0.0	0.0	0.0	0.0	0.0	0.0	0.0	0.0	0.0	0.0	0.0	0.0	0.0	0.0	0.0	0.0	0.0	0.0	0.0	0.0	0.0	0.0	0.0	0.0	0.0	0.0	0.0	0.0	0.0	0.0	0.0	0.0	0.0	0.0	0.0	0.0	0.0	0.0	0.0	0.0	0.0	0.0	0.0	0.0	0.0	0.0	0.0	0.0	0.0	0.0	0.0	0.0	0.0	0.0	0.0	0.0	0.0	0.0	0.0	0.0	0.0	0.0	0.0	0.0	0.0	0.0	0.0	0.0	0.0	0.0	0.0	0.0
54715.746234854094	77.20789900839736	2993812886.03695	5961.059669290887	66872.94700561523	-283.25994165039447	4471991041.215823	80236.19454378488	55334.91261560082	85.34051242141868	3061952554.176179	7283.003060350316	55472.01487422693	55066.975133167616	1.026892	23.524933	0.0803423	0.041618	0.0004182191	-0.0010967654	0.005325017	0.0032047417	0.0026380251	-0.0028546815	-0.0047863738	-0.0307013299	-0.0038725692	-0.016524136	0.0093843583	-0.0214068297	-0.0046958591	-0.0181448743	-0.0685668441	-0.0144933243	-0.0276302661	-0.0014476694	-0.0086858953	-0.0052124288	-0.031717075	0.0298331177	0.0216107624	0.0121584228	0.0489280465	-0.033669492	0.0460089601	-0.0521217987	0.029821599	-0.0149381532	-0.0103168517	-0.0203826108	-0.0590255218	0.0017448699	0.0626248347	-0.0097166819	-0.0568488718	0.063060926	0.0633988543	-0.0507034098	-0.0043218624	-0.0056052108	-0.0091275032	-0.0206182701	0.0065073522	-0.0028312385	-0.0180926542	-0.0457057406	0.0154857386	0.0093560947	0.0313221488	-0.0292057309	-0.0560344735	0.0643150182	0.0126034171	0.018837238	0.0163520963	0.0246773282	0.0098026753	0.0067789705	0.0214980652	0.0649042036	-0.0428605461	-0.0481646455	-0.0344573501	-0.0134019668	0.0078096081	-0.0460849893	0.0087181822	-0.0419216006	0.0206469482	0.0150619143	0.0127213351	-0.0203645599	0.0269681845	-0.0211717591	0.0106097858	-0.0550811027	-0.036735912	0.0002941607	0.0254098951	-0.0026980682	-0.0340985945	0.0216699313	0.0224475031	-0.0219589065	0.0078372849	-0.0373305963	-0.0125048039	0.0114496854	0.012813822	-0.0425377677	-0.004832561	0.0112331134	0.0209207978	-0.0139310107	-0.0140677337	-0.0339433048	0.0298315536	0.0322806993	0.0346957065	-0.0701408978	-0.0338651733	0.0078911686	-0.0367769272	-0.0265478083	0.0281024822	0.0111924129	0.0206487584	-0.0128813701	-0.0622169702	0.025071753	0.0003253926	0.0096128977	0.0057787939	0.0305350045	-0.0276178072	-0.0096396694	0.0328980683	-0.0512304045	0.0339959489	-0.0469517751	-0.0519207634	0.0193296643	-0.0221374258	-0.0038112112	-0.0262885282	-0.04976948	0.0093654449	0.062840237	-0.0137828172	0.0485927572	0.0635973239	0.0653225626	0.0509308232	0.0042667832	0.0054677553	-0.0181617932	-0.0016522842	-0.0108901623	-0.0014260204	-0.0045435068	0.0555476393	-0.0197130505	0.0012532922	0.002579352	0.0738540928	0.0210416485	0.0447714341	0.0292537205	-0.0132098126	0.0013362631	-0.0098840571	0.0233439185	-0.0029906011	0.0044378289	-0.0017487667	0.0714999605	0.071817093	-0.0181839558	0.0015635755	-0.013627127	0.0253173465	-0.0239435826	-0.0491542415	-0.0158718823	-0.0205836609	0.0162990045	-0.0174798759	0.0303685437	-0.0180190481	-0.0073463721	0.0453645761	-0.0359045435	-0.040374437	0.0083303962	-0.0110730088	-0.0192729122	0.0136983784	0.0141954803	-0.0244608338	0.0063600817	0.0396263158	-0.0127162698	0.0177268171	0.0253820545	-0.0198220471	-0.0015139796	0.0276693756	-0.0121801652	-0.0075739545	-0.0108642198	0.0219739177	-0.0421233021	-0.0396689666	-0.0100075953	0.0783307182	0.0169672051	0.0115049903	-0.0504227973	0.0164637274	0.0207153503	0.0325817319	0.0066262912	0.0063878932	-0.0377083652	0.0777088265	0.0067931761	-0.0085099323	0.0074068183	-0.0056055231	-0.0141377012	0.0114553663	-0.0044765184	-0.0166204637	0.0197112341	-0.0519811598	0.0054874963	-0.0034796259	-0.0048873679	-0.0254082647	-0.0103990106	-0.0063074034	0.0303142454	-0.0360499392	-0.0345919956	0.0426850225	-0.0206664015	-0.0405640609	0.0258605015	0.0143260705	-0.0033466041	0.0043292863	-0.0482047363	-0.0128525131	0.0459322442	0.0209739336	-0.0422237789	-0.028439649	0.0371952777	0.0350162597	-0.0310039458	-0.0404981621	0.0238433419	0.0447139763	-0.0159373271	-0.0475319038	0.0075330659	0.0488638482	0.0011067004	-0.0486681691	-0.0097118681	0.046950984	0.0180134151	-0.0437659771	-0.0257518113	0.0392127206	-0.0670935	0.0102552999999998	0.0001051711780899	0.00450153774225	-2.37959	-0.0092099999999999	5.662448568099999	8.482409999999891e-05	-0.184758	0.0249919999999999	0.0006246000639999	0.034135518564	-0.019544	0.0007176	0.0003819679359999	5.149497600000033e-07	0.00229634	9.99999999998398e-08	5.2731773956e-06	9.999999999967961e-15	-0.00065409	0.0	4.278337281e-07	0.0	0.0	0.0	0.0	0.0	0.0	0.0	0.0	0.0	0.0	0.0	0.0	0.0	0.0	0.0	0.0	0.0	0.0	0.0	0.0	0.0	0.0	0.0	0.0	0.0	0.0	0.0	0.0	0.0	0.0	0.0	0.0	0.0	0.0	0.0	0.0	0.0	0.0	0.0	0.0	0.0	0.0	0.0	0.0	0.0	0.0	0.0	0.0	0.0	0.0	0.0	0.0	0.0	0.0	0.0	0.0	0.0	0.0	0.0	0.0	0.0	0.0	0.0	0.0	0.0	0.0	0.0	0.0	0.0	0.0	0.0	0.0	0.0	0.0	0.0	0.0	0.0	0.0	0.0	0.0	0.0	0.0	0.0	0.0	0.0	0.0	0.0	0.0	0.0	0.0	0.0	0.0	0.0	0.0	0.0	0.0	0.0	0.0	0.0	0.0	0.0	0.0	0.0	0.0	0.0	0.0	0.0
54828.16475008501	112.41851523091464	3006127649.8624644	12637.922566723386	67126.50392089844	253.55691528320312	4505967528.642393	64291.10928793345	55299.50629571144	-35.40631988937821	3058035396.5494294	1253.607488108979	55444.03814633385	55932.64226676644	1.087588	24.915407	0.1409638000000001	0.0930961	-0.0006146604	0.0005147914	-2.08893e-05	0.0045163909	-0.00132368	-0.0088594489	-0.0072726367	0.0101787665	0.0038580117	0.0122457779	-0.0424924327	0.0288387819	0.0005728378	-0.0192029866	0.0179330243	0.0156277639	0.0327431336	0.0299868894	-0.0021991917	-0.0441307747	0.0161935264	-0.0153477407	-0.0453911788	0.0157297968	-0.0749677976	-0.025049503	-0.0323553551	-0.0010107768	-0.0403308988	0.0049349672	-0.0500646361	-0.0253782815	0.0220325883	-0.0110117708	-0.0290597662	-0.015912656	0.0257258544	-0.0469097549	-0.0202377017	-0.0079406575	-0.0273964462	0.0373413451	0.0159976385	-0.0098703134	-0.0228123852	0.0229258667	-0.0873950171	-0.017256997	-0.0330098549	0.0022540724	-0.032659398	0.0231854431	0.0574515587	0.0003840436	-0.0291662191	-0.0349863157	-0.0735027678	-0.0043090218	-0.0033970222	0.0018021962	0.067240002	0.0106339193	0.0301142828	0.0525922005	0.0124075183	0.0151742676	0.0140482536	-0.0549360739	0.0099913824	0.0311148803	-0.0013520859	0.0040284547	0.0336920176	-0.0110952177	0.0294805119	-0.0304677998	0.0538854476	0.0155239428	0.0272877795	0.0067622666	-0.0239360619	0.0394723776	-0.0023119211	0.0326500881	-0.0011293353	0.054823578	-0.0472707128	-0.0319009672	0.0431891467	0.0577817043	0.0145424216	-0.0270968194	0.0415908583	0.0126417906	0.0149493608	0.0199630721	0.0464353407	0.0115640592	0.0198270136	-0.0314115004	-0.0197220373	0.0166911795	0.0044031727	0.0100972087	0.0293882978	0.0022186577	-0.0044665382	0.0103815406	-0.0470351397	0.0216854262	-0.028245097	-0.0382061308	0.0311374574	0.0002212418	0.043528115	-0.0145959498	0.0137382933	0.034707644	-0.0218309086	0.0786417363	0.0259262786	0.0321297778	0.0021634786	-0.0346351358	-0.0004855396	-0.0483622708	-0.0308867814	0.0147504841	-0.0102564369	-0.0279230102	-0.016215435	-0.0183260818	-0.0520299241	-0.0250765717	0.0013227953	0.0243264771	-0.0333364285	-0.0176831455	0.0222615291	0.0107125179	-0.0183472585	0.0737252357	0.0474832017	0.0509947867	0.0011292834	0.0013456081	-0.0631166901	-0.0181520557	0.0152441773	0.0009038827	0.0318481834	0.0053429718	0.0715357942	-0.0045964147	-0.0248600149	-0.064176956	-0.0406349422	-0.009379536	-0.0337870792	-0.0175894721	-0.0110762008	-0.0307364639	0.0446230116	-0.0244366486	0.009237854	-0.013592732	-0.001374923	0.0307991533	0.0017337017	0.0291653562	-0.0474400071	0.0469654782	0.0031813186	0.014226657	0.0355814041	0.0289573966	0.0288529905	-0.0235042215	0.0302515341	-0.0251033968	0.0547777698	-0.0069739496	0.0715247197	0.0692380447	-0.0057791817	-0.0126294982	-0.0166469858	0.0082505487	-0.0044646535	0.0004716406	0.0423333169	0.0298763687	0.0191370893	0.0351129763	0.0059310097	0.0341783156	-0.00771296	-0.0270697678	0.0050730803	0.0290187374	0.0030838178	0.02998268	-0.0597535011	-0.0169927669	0.018646373	-0.02899853	0.0164522998	-0.0295472407	0.0015829949	-0.0022521485	0.0164267516	-0.0057165402	-0.0190959686	0.0266764383	-0.0161452567	-0.0279662391	0.0403593009	-0.0162104687	-0.0361332307	-0.0302061552	-0.035321052	0.0055512483	-0.0096639175	-0.0157101528	-0.0108145361	0.0058602262	0.0007729967	-0.0258517259	-0.0218811293	-0.0019763267	0.024312323	0.0067058486	0.0041455125	-0.0482683442	-0.0123177063	0.0461828639	0.0201368126	-0.04277355	-0.0273786964	0.0381381307	0.0338357689	-0.0324094805	-0.0393229378	0.0257518113	0.0436829132	-0.0183559655	-0.0467907162	0.0104339452	0.0485572616	-0.0022128355	-0.0489319113	-0.0060717052	0.047903926	0.0141822002	-0.0455027728	-0.021886162	0.0417972809	-0.0628242	0.0042693	1.8226922490000032e-05	0.0039468801056399	-2.42991	-0.0503200000000001	5.9044626081	0.0025321024	-0.176639	0.008119	6.591816100000024e-05	0.0312013363209999	-0.0209337	-0.0013897	0.00043821979569	1.9312660900000018e-06	0.00247175	0.0001754099999999	6.1095480625e-06	3.076866809999999e-08	-0.00065409	0.0	4.278337281e-07	0.0	0.0	0.0	0.0	0.0	0.0	0.0	0.0	0.0	0.0	0.0	0.0	0.0	0.0	0.0	0.0	0.0	0.0	0.0	0.0	0.0	0.0	0.0	0.0	0.0	0.0	0.0	0.0	0.0	0.0	0.0	0.0	0.0	0.0	0.0	0.0	0.0	0.0	0.0	0.0	0.0	0.0	0.0	0.0	0.0	0.0	0.0	0.0	0.0	0.0	0.0	0.0	0.0	0.0	0.0	0.0	0.0	0.0	0.0	0.0	0.0	0.0	0.0	0.0	0.0	0.0	0.0	0.0	0.0	0.0	0.0	0.0	0.0	0.0	0.0	0.0	0.0	0.0	0.0	0.0	0.0	0.0	0.0	0.0	0.0	0.0	0.0	0.0	0.0	0.0	0.0	0.0	0.0	0.0	0.0	0.0	0.0	0.0	0.0	0.0	0.0	0.0	0.0	0.0	0.0	0.0	0.0
54845.95316437619	17.788414291178924	3008078578.5089464	316.4276829946186	67117.30817285157	-9.195748046869994	4504733056.369528	84.5617821415133	55446.48256165377	146.9762659423286	3074312428.459776	21602.022750350105	55593.5629645873	55659.50989308543	1.038353	23.7875	0.1086466	0.0746934999999999	-2.57284e-05	0.0076494487	-0.000936748	-0.0043936266	-0.000552198	-0.0067843559	-0.0036932002	-0.0181717545	0.0004813578	-0.0260871324	0.0105870454	-0.0137573131	0.0092656794	-0.0117396256	0.0135206648	-0.0202082092	-0.0418107617	-0.0598713557	0.0023526943	0.0373996429	-0.0072259251	0.0236728227	0.0098715363	0.0169108922	0.0483244557	0.0181861671	-0.0302233616	-0.0048360625	0.0265665069	-0.0053225427	0.0652887181	-0.0409048134	-0.0544082122	0.0326807688	0.0059671553	0.0198109081	-0.0523418515	0.0117042254	-0.042876735	-0.0124531807	0.005588698	-0.0362539303	-0.0218340229	0.0261974587	-0.0181466662	-0.0352961767	0.0379354974	-0.0819955235	0.0217211442	0.0481773838	-0.0013807773	0.0131080654	-0.0251251088	-0.0356893179	-0.0146849149	-0.0209350733	-0.0277663432	0.0013130976	0.0507793901	0.0498855417	-0.0112653213	0.0763209744	-0.0186094548	-0.058432084	-0.048612053	-0.0401199032	0.027671567	0.0617350434	-0.0048157905	0.0275388912	0.0145594658	-0.0347993661	-0.0501953992	-0.0079806628	0.0074604897	-0.0039669589	-0.0227065417	-0.0254883471	0.0158203066	0.0166803988	0.0332255206	0.0542255186	-0.0302326819	0.0200426666	0.0113529819	-0.0144763608	-0.0218538362	-0.0283012023	-0.0165100302	0.0020620433	0.0097509985	0.0067739538	-0.0324829778	0.0376838397	-0.0017163795	0.0518540099	-0.0409820906	-0.0295870976	-0.0525787993	0.0009355181	0.0125698565	-0.0161143539	-0.0690676943	0.0640968127	-0.0100685963	0.0188091408	0.0319847646	-0.0098498829	0.0573185154	-0.0224749502	0.0006375435	-0.0279828955	-0.0591802561	0.0012921216	-0.03345297	0.0061481046	-0.0224240634	-0.0005913467	0.0395969241	-0.0409137517	-0.0165069991	0.0285025614	-0.0079788048	0.0275347026	0.0037878317	0.0777125317	-0.030688713	-0.0495030561	0.0319674646	0.0027467551	0.0194162617	0.0493293899	0.0135234564	-0.0401877988	0.0143540137	-0.0088132586	0.0398558731	0.0081083551	-0.0228693713	0.0272519939	0.0532018231	-0.0632053168	0.0615419867	-0.0090513746	-0.0346292511	0.0055669461	-0.007809222	0.0077275857	-0.0546288087	0.0152663527	0.0027656064	0.0402966766	0.0251685701	0.0334294134	-0.0364432637	0.0433838015	-0.0049617299	0.0583871121	0.0779062758	-0.0285796129	0.0273122725	0.0011485737	-0.0515460221	0.0027203962	0.0277187429	-0.0059623442	0.0490741091	-0.057959958	-0.0271161061	0.0060205258	0.0050957947	-0.0218845822	0.0333074577	-0.0176267043	-0.0045121327	0.0718866965	0.0078123313	-0.0319583473	0.0186424935	0.005038641	-0.015966737	-0.018097099	0.017512021	-0.0076772215	-0.0057615929	-0.0006058772	0.0266764158	0.0081603985	0.0456485187	-0.0031286394	0.0326330615	-0.0512909959	-0.0193176073	-0.0590218157	0.0327308937	0.0019306197	0.0238729343	-0.043153708	0.0612443658	0.0127554253	-0.0025323854	-0.005575465	0.0721356314	0.0112001538	0.0126282222	-0.0600176734	-0.012570512	-0.0159007203	-6.40828e-05	0.0065457091	0.0084521479	-0.0013545578	0.0080871558	-0.0237237288	0.0120619103	0.0165567885	-0.0081211683	-0.0127037897	0.0378848943	0.0218032267	0.0263556775	0.0140252672	-0.0011152991	-0.0067460208	-0.0048158618	-0.007967918	-0.0317900454	0.0474678158	-0.0032800457	-0.0056420196	0.0142433023	-0.0617537774	0.0039616799	-0.0483292125	-0.0117813266	0.0464229987	0.0192925486	-0.0433014723	-0.026298709	0.0390463521	0.0326163926	-0.0337690332	-0.0380802083	0.0276076712	0.0425471181	-0.020723565	-0.0459001824	0.0132969345	0.0480516209	-0.005522202	-0.0489451109	-0.0023970967	0.0485572616	0.0102536416	-0.0468982266	-0.0178417553	0.044011438	-0.0627861	3.8099999999999246e-05	1.4516099999999422e-09	0.00394209435321	-2.36253	0.06738	5.5815480009	0.0045400643999999	-0.210646	-0.034007	0.001156476049	0.044371737316	-0.0210668	-0.0001331	0.00044381006224	1.7715610000000155e-08	0.00246042	-1.1329999999999934e-05	6.0536665764e-06	1.2836889999999848e-10	-0.00065409	0.0	4.278337281e-07	0.0	0.0	0.0	0.0	0.0	0.0	0.0	0.0	0.0	0.0	0.0	0.0	0.0	0.0	0.0	0.0	0.0	0.0	0.0	0.0	0.0	0.0	0.0	0.0	0.0	0.0	0.0	0.0	0.0	0.0	0.0	0.0	0.0	0.0	0.0	0.0	0.0	0.0	0.0	0.0	0.0	0.0	0.0	0.0	0.0	0.0	0.0	0.0	0.0	0.0	0.0	0.0	0.0	0.0	0.0	0.0	0.0	0.0	0.0	0.0	0.0	0.0	0.0	0.0	0.0	0.0	0.0	0.0	0.0	0.0	0.0	0.0	0.0	0.0	0.0	0.0	0.0	0.0	0.0	0.0	0.0	0.0	0.0	0.0	0.0	0.0	0.0	0.0	0.0	0.0	0.0	0.0	0.0	0.0	0.0	0.0	0.0	0.0	0.0	0.0	0.0	0.0	0.0	0.0	0.0	0.0	0.0
54849.23450651118	3.281342134992883	3008438525.950257	10.767206206879653	67222.84782763672	105.53965478515602	4518911270.057604	11138.618732169904	55419.66889053433	-26.813671119438368	3071339699.936459	718.9729589014032	55571.16881244053	55812.90963753044	0.993202	22.753126	0.0680767999999999	0.0401925	-0.0007436055	0.0068453569	-0.0002720651	-0.0039372033	0.0070848851	-0.0062515759	-0.0040843194	0.0095036834	-0.0186818181	0.0082452746	0.0397781879	0.0349340019	-0.0273583621	-0.0110159033	0.0157015419	-0.0067329985	0.02238384	0.0075009646	0.0215067717	0.0991440232	0.0578659599	0.0242930914	-0.0279502813	-0.0254283618	0.0497010561	0.0580587274	0.0332739146	-0.0143625446	0.0363254054	0.0229979625	0.0176108209	-0.1074805711	0.0488176412	0.0632610251	0.0492925368	0.1078837256	-0.0224563009	-0.1612361882	-0.00160432	-0.0050959348	0.0290417886	-0.0116489098	-0.0212534749	-0.0872173792	0.0437105982	-0.0331757341	0.1218882976	0.0615758459	0.0457299316	-0.0618130533	-0.0119113573	0.0559040937	0.0587274302	0.1013813494	-0.0643591739	0.0155832837	0.026785402	-0.0452420491	-0.0286060902	-0.048010612	-0.0163679732	0.1345582111	-0.0245843529	0.0520498577	-0.110298038	-0.0454423119	0.0110455828	0.0626392198	-0.0741611781	0.0045155737	0.0293546531	-0.0692387348	-0.0137318987	-0.0035782253	-0.0202123792	-0.0023988079	-0.0219209445	0.0071887494	-0.0404003154	0.0549744861	-0.0122756112	-0.0283797884	0.0679664574	-0.0083012331	-0.0114780637	-0.0675644028	0.0735299969	-0.0585751799	-0.0068788836	-0.0515140497	0.0258691824	0.0363184137	-0.0038363969	-0.0337732072	0.0418144803	-0.0428163296	0.0112359549	0.0130545608	0.0557834541	-0.0370368121	0.0467291751	-0.0524376831	0.0210614035	-0.0741776152	-0.0629356625	-0.0338603624	-0.016086224	-0.0497822298	0.001574334	-0.0482230484	-0.0335922919	-0.0129727276	0.004099961	-0.0209110618	-0.0969994345	-0.0600090845	-0.0211487858	0.0336530229	-0.0067421577	-0.0531400247	-0.0568660276	-0.0289668456	-0.018830569	0.0147841439	0.0397780835	0.0359720853	-0.1014802601	0.0630070834	0.0634136244	0.0456174524	0.1029428164	0.037729514	-0.1562290554	0.0077634183	-0.0036555605	-0.0473178986	0.0089275574	-0.068991473	-0.0155075073	-0.0207174647	-0.0019902099	-0.0848601569	-0.1118629205	-0.0884742709	0.0616919353	-0.02378536	-0.0676380604	0.0038441308	0.0815752802	0.0760473484	0.0236705897	0.0057303923	-0.0414460137	-0.0358097009	0.0392536498	0.0026883124	-0.1324314505	0.0832320339	0.021959229	-0.1030567948	0.035081287	0.0072754233	-0.0642191383	0.0795081239	0.0073430918	-0.0180073395	0.066513439	-0.0088359443	-0.0183001973	-0.0190160652	0.015513692	-0.0357843402	-0.0018607883	-0.0537863684	0.0068527409	-0.0433416935	0.0147131021	0.0732486769	0.0094392454	0.0101703192	-0.0642437221	0.0171769933	-0.0138995129	-0.0779231793	-0.0386551483	0.0610298268	0.0258579891	-0.0270653642	-0.0161573162	-0.0350129448	-0.007825795	0.0341345237	-0.0072753793	0.0005074261	-0.0709069335	0.0541389493	0.0360590221	0.0601653852	-0.0292388308	-0.0678997782	-0.0129880372	-0.0070211649	0.0230272447	-0.0438943421	0.0469649583	-0.0059982209	0.0311704373	-0.0383958073	0.0037370727	0.000287464	0.0123683023	0.0165521973	0.019603394	-0.0007654075	-0.0337269093	0.0457173352	0.0082297788	0.0573497544	-0.0265060992	-0.0318744568	0.0079763083	0.0133788167	-0.0469356881	-0.0014146036	0.0117507191	0.0079900583	-0.0877375738	0.0393108904	-0.0127081522	0.0405318806	-0.0033341566	0.0113898154	0.0037777911	-0.0483873377	-0.0112434423	0.0466525943	0.018441441	-0.0438072762	-0.0252004375	0.0399191169	0.0313595323	-0.0350806749	-0.036772107	0.0294071302	0.0413093142	-0.0230335427	-0.0448631447	0.016111637	0.0473489988	-0.0088061905	-0.0487077002	0.0012911108	0.0489069049	0.0062547041	-0.0479418706	-0.0136516244	0.0458355703	-0.0626683	0.0001178	1.3876840000000292e-08	0.00392731582489	-2.37967	-0.0171399999999999	5.6628293089	0.0002937795999999	-0.211029	-0.0003829999999999	1.4668899999999576e-07	0.0445332388409999	-0.0206119	0.0004549	0.0004248504216099	2.0693401000000106e-07	0.0019066	-0.00055382	3.63512356e-06	3.067165924e-07	-0.00065409	0.0	4.278337281e-07	0.0	0.0	0.0	0.0	0.0	0.0	0.0	0.0	0.0	0.0	0.0	0.0	0.0	0.0	0.0	0.0	0.0	0.0	0.0	0.0	0.0	0.0	0.0	0.0	0.0	0.0	0.0	0.0	0.0	0.0	0.0	0.0	0.0	0.0	0.0	0.0	0.0	0.0	0.0	0.0	0.0	0.0	0.0	0.0	0.0	0.0	0.0	0.0	0.0	0.0	0.0	0.0	0.0	0.0	0.0	0.0	0.0	0.0	0.0	0.0	0.0	0.0	0.0	0.0	0.0	0.0	0.0	0.0	0.0	0.0	0.0	0.0	0.0	0.0	0.0	0.0	0.0	0.0	0.0	0.0	0.0	0.0	0.0	0.0	0.0	0.0	0.0	0.0	0.0	0.0	0.0	0.0	0.0	0.0	0.0	0.0	0.0	0.0	0.0	0.0	0.0	0.0	0.0	0.0	0.0	0.0	0.0
54828.65501749167	-20.57948901951022	3006181411.0271144	423.5153683041417	67285.58766601562	62.73983837889682	4527350307.561073	3936.2873198100942	55474.32707665921	54.65818612487783	3077400964.6081653	2987.5173104617875	55625.7556326564	55286.227159217735	1.072752	24.575525	0.0832336499999998	0.0461032	-0.0001776557	0.0114873126	-0.0076011785	-0.0100286451	-0.0095065086	0.0048276007	0.0098152009	-0.0199425598	0.001195914	-0.0063214288	-0.001923123	0.003361996	0.0112266939	-0.017468064	0.0681068353	0.0075160533	-0.0091456864	-0.0250814133	0.0350198523	0.0742636832	0.0245299503	0.0361962073	0.0239171828	0.0267651111	-0.0472515268	0.0544645862	-0.0077425934	0.034895795	0.0157982912	0.0031817092	0.0076695411	-0.010891041	-0.0064618806	-0.031281807	-0.014211102	0.0331933237	0.0156860874	-0.0371744054	-0.0034664999	-0.0450264612	0.0419924513	-0.0230268698	-0.0179598546	0.035718554	-0.0031612776	0.0103482434	0.0167427179	-0.0144998999	-0.0194265802	0.0042892441	-0.0036972941	0.0075630724	-0.0257060197	-0.0381218453	0.0205332063	0.0586469949	0.0085375847	-0.0152053181	0.0018562842	-0.0496447356	0.0236874207	0.0214068973	0.0068144521	0.0208218484	-0.0373363321	0.0367482089	0.0274979346	-0.0278324658	-0.0556309761	-0.0155999234	-0.0188165636	-0.0012000143	0.0061670506	0.0110526544	-0.027244234	-0.0400661322	-0.0465030056	0.0911521651	0.0236992484	-0.0029859479	-0.0559006309	-0.03574336	-0.013913907	-0.0176719047	-0.0139024552	-0.0432004742	-0.0615665127	0.0429185863	0.0397657985	-0.0055322196	0.0219424063	0.0103254557	0.0734030679	-0.0123455852	-0.0030208371	-0.0443342438	0.0145109308	0.0025461822	-0.0673295038	0.0472276439	0.0280415485	0.0245883753	0.0424947677	-0.0348871661	-0.005877206	0.0025917604	0.010217618	0.0138242683	-0.0014340975	-0.0483825125	-0.001462774	-0.0852920451	-0.0270340683	-0.0301644643	-0.0750259407	-0.0237019237	-0.0366445738	-0.0233620879	0.0189040088	0.0519897765	-0.0530444151	0.0033779676	0.02776356	0.0227205	0.0103943219	0.0102189207	-0.0080973	-0.0065422217	-0.0316628441	-0.008107372	0.0297834358	-0.0130889539	-0.0424037111	-0.0050265723	0.0446914184	-0.0436347508	0.0209478341	0.0285006676	-0.0190471854	-0.0029258369	0.0032655656	-0.0257186914	0.0138713454	0.0231941212	-0.0094207885	-0.0003684482	-0.0031377182	0.0149156932	-0.0334988227	-0.0175575357	-0.0549669456	-0.0239965743	-0.0231977506	0.013977204	0.0416164922	-0.0404744565	-0.0344598961	0.001933862	0.0121955249	-0.0426649822	-0.033216394	-0.039709072	0.0080455018	0.0433413579	-0.0180856538	0.0258324393	-0.0095820691	0.0140522256	-0.0018296026	-0.0241507263	-0.02687871	-0.0543117483	-0.0778093886	0.0240373741	0.056679452	-0.0461446179	0.0086202078	-0.0253060145	-0.019364703	-0.0014755577	-0.0279312094	-0.0578919469	-0.0308163213	0.0750186161	0.0144984211	0.026794644	-0.0280319367	0.005252122	-0.0566615368	0.0088328907	0.0036531395	0.0586743577	-0.0562041356	-0.0385656486	0.0138404903	-0.0559651912	-0.0431770892	0.0201340549	-0.0571519092	-0.0014717997	-0.0119698766	0.0151439712	-0.00659878	0.0091710114	0.0345038238	-0.0482718334	-0.040405447	0.0506515511	0.0018581385	0.0150991819	-0.0027108664	0.0163300934	0.0344844126	-0.0025182671	0.0054255008	0.0175448925	0.0322444916	0.0085425293	0.009149738	-0.0092217309	0.0351670527	0.0026726175	-0.0312365562	-0.0086342176	-0.0031275568	-0.04138728	-0.0680660921	0.0585083316	-0.0177939249	0.0309144906	0.0219910823	-0.0439448745	0.0035938487	-0.0484427166	-0.0107041222	0.0468715983	0.0175837917	-0.0442907033	-0.0240846454	0.0407556328	0.0300666323	-0.0363425447	-0.0354008796	0.0311465121	0.0399724692	-0.0252794756	-0.0436829132	0.0188678315	0.0464522756	-0.0120497088	-0.048220895	0.0049719936	0.0489506689	0.0022128355	-0.0486258757	-0.0093499925	0.0472535125	-0.0627749	-0.0001065999999999	1.1363559999999653e-08	0.0039406880700099	-2.36722	0.0124499999999998	5.603730528400001	0.0001550024999999	-0.237217	-0.026188	0.000685811344	0.056271905089	-0.0202122	0.0003996999999999	0.00040853302884	1.597600899999995e-07	0.00239668	0.0004900799999999	5.7440750224e-06	2.401784064e-07	-0.000654091	-1.000000000015745e-09	4.27835036281e-07	1.0000000000314906e-18	0.0	0.0	0.0	0.0	0.0	0.0	0.0	0.0	0.0	0.0	0.0	0.0	0.0	0.0	0.0	0.0	0.0	0.0	0.0	0.0	0.0	0.0	0.0	0.0	0.0	0.0	0.0	0.0	0.0	0.0	0.0	0.0	0.0	0.0	0.0	0.0	0.0	0.0	0.0	0.0	0.0	0.0	0.0	0.0	0.0	0.0	0.0	0.0	0.0	0.0	0.0	0.0	0.0	0.0	0.0	0.0	0.0	0.0	0.0	0.0	0.0	0.0	0.0	0.0	0.0	0.0	0.0	0.0	0.0	0.0	0.0	0.0	0.0	0.0	0.0	0.0	0.0	0.0	0.0	0.0	0.0	0.0	0.0	0.0	0.0	0.0	0.0	0.0	0.0	0.0	0.0	0.0	0.0	0.0	0.0	0.0	0.0	0.0	0.0	0.0	0.0	0.0	0.0	0.0	0.0	0.0
54682.05149559077	-146.60352190089907	2990126755.766441	21492.592633747397	67049.44425512696	-236.14341088866055	4495627974.921378	55763.71050613078	55390.03524691731	-84.29182974190189	3068056004.654742	7105.112561237776	55557.82060240248	55475.03934342025	0.993584	22.761885	0.0850962999999999	0.0434029	0.0020359832	0.0074501493	-0.0002139737	-0.0008406923	-0.0064653724	0.0129542619	0.0125870122	0.0466877473	-0.0054829192	0.0178523386	0.0308690669	-0.022947867	-0.0093709426	0.0084194515	0.018562382	-0.0101622299	-0.0104174669	-0.0204748855	0.023037205	0.0359723234	0.0351974813	0.0081928668	0.039058122	-0.0182902506	0.0437521988	-0.0323855054	0.0129803599	0.0087575541	-0.0327199218	0.014860614	0.0008685762	-0.0195869929	-0.0314724807	0.0108486586	-0.0099410982	-0.0276622536	-0.008264311	-0.0599517551	0.0216329918	-0.0485987121	-0.0175467231	-0.0111732001	-0.033980685	0.0166116259	-0.0292953135	-0.0070630811	-0.0109915924	0.0357806305	-0.000859109	0.0274804808	-0.0057216789	0.0109475818	0.0146532545	0.0076432955	-0.0015196807	-0.0325789504	0.0062389146	-0.001061619	0.0203240598	-0.0118720534	0.0406591689	0.004822981	-0.0097122499	-0.0087875425	-0.021075588	0.0248101668	0.0018124491	0.0274876382	-0.0404641239	-0.0264499138	-0.0493415223	0.0242846304	-0.0397096275	-0.0077006997	-0.003765697	0.0348072185	-0.0190732638	-0.0458632042	-0.0025915383	-0.0163609041	-0.037948451	0.005838764	0.034818135	0.0040893761	0.029522679	0.0069965876	0.0492387495	0.0461391784	-0.0024891027	0.0080050811	0.0296685671	0.0466308302	0.0491098612	0.0103274689	-0.0120891981	-0.0141708321	0.0591018474	0.0511782612	-0.0178541194	-0.0044893181	0.0692936432	-0.0285727146	-0.0078793842	0.0432659241	-0.0621399216	-0.0380254992	0.0673261382	-0.0103081343	0.0294778239	0.0072967668	-0.0373790989	0.026852746	-0.0243446306	-0.0242887221	-0.0353510046	-0.0356465786	-0.00894246	-0.0383333977	0.0014432115	-0.0461844083	0.0325411475	-0.006643318	0.0149255587	-0.0362367452	0.0173296743	0.0109082931	-0.0199928351	-0.0268352002	0.0142726278	-0.0127554904	-0.0304724119	0.0069308741	-0.0568172308	0.019707019	0.0558964293	0.0092026792	0.0034862779	0.0081825529	-0.0390805565	0.0243691374	-0.00047506	0.0202721096	-0.0230268635	0.002618051	-0.0283621144	-0.0033529207	-0.0147277758	0.007507178	0.0177409635	-0.001971285	0.0280372958	0.0191185499	0.0041613848	0.0121970152	-0.0058519723	-0.0418885882	0.0128078941	0.0026373513	0.0177640787	-0.0145865441	-0.0220489351	0.0028460152	-0.0197029154	0.0460098347	-0.0112890476	0.062331797	-0.0287652166	-0.0349256083	-0.0182700802	-0.0039921368	0.0303450319	-0.009025086	0.0338942121	0.0254644448	-0.0364724965	-0.0213144361	0.0359013033	0.02630218	0.0116444452	0.015103601	0.0145809428	0.0479319472	-0.0408094755	0.0147206025	0.0368450169	0.0253699781	0.0430914451	0.0308050467	-0.0371120237	0.0214360426	0.0481277265	0.0462616731	-0.0656082558	0.0173640524	-0.0491456227	0.0091632003	0.0367693301	-0.0363418356	-0.0051514015	-0.046685376	0.020405896	0.044640889	0.076878616	-0.0077369063	-0.0334183185	-0.0010724328	0.0338879921	0.0192168298	0.0020108291	0.0065566282	0.0020594651	-0.0029476925	0.0249761114	-0.0275245436	-0.0037782862	0.0139874576	-0.0109494815	0.0216482714	-0.015240125	-0.0119069149	0.0365662854	0.0314402908	-0.0145137447	0.0063370375	-0.0159609327	-0.0298378624	-0.0264742562	0.0259529167	-0.0098449658	0.0474174156	-0.0011441437	-0.0196138769	0.0034098553	-0.0484953459	-0.0101634351	0.0470799613	0.016719905	-0.0447515066	-0.0229521086	0.0415551402	0.0287391785	-0.0375528523	-0.03396888	0.0328222635	0.0385397882	-0.0274551188	-0.0423632548	0.021555509	0.0453651274	-0.015237851	-0.0474871876	0.0086246698	0.0486882801	-0.0018442215	-0.0489451109	-0.0049719936	0.048252699	-0.0490279	0.0137469999999999	0.0001889800089999	0.00240373497841	-2.36884	-0.0016199999999999	5.6114029456	2.6243999999998537e-06	-0.201023	0.036194	0.001310005636	0.040410246529	-0.0201118	0.0001004	0.0004044844992399	1.00801600000001e-08	0.00197039	-0.00042629	3.8824367521e-06	1.8172316410000019e-07	-0.000798107	-0.000144016	6.369747834490001e-07	2.0740608256000023e-08	0.0	0.0	0.0	0.0	0.0	0.0	0.0	0.0	0.0	0.0	0.0	0.0	0.0	0.0	0.0	0.0	0.0	0.0	0.0	0.0	0.0	0.0	0.0	0.0	0.0	0.0	0.0	0.0	0.0	0.0	0.0	0.0	0.0	0.0	0.0	0.0	0.0	0.0	0.0	0.0	0.0	0.0	0.0	0.0	0.0	0.0	0.0	0.0	0.0	0.0	0.0	0.0	0.0	0.0	0.0	0.0	0.0	0.0	0.0	0.0	0.0	0.0	0.0	0.0	0.0	0.0	0.0	0.0	0.0	0.0	0.0	0.0	0.0	0.0	0.0	0.0	0.0	0.0	0.0	0.0	0.0	0.0	0.0	0.0	0.0	0.0	0.0	0.0	0.0	0.0	0.0	0.0	0.0	0.0	0.0	0.0	0.0	0.0	0.0	0.0	0.0	0.0	0.0	0.0	0.0	0.0
54701.19961645723	19.14812086645543	2992221239.4795003	366.6505327163858	67451.5059387207	402.0616835937399	4549705653.401274	161653.5974142326	55395.94927541707	5.914028499762935	3068711196.1245813	34.975733096008234	55550.18010005352	55656.79378931615	0.896649	20.541214	0.0675491499999999	0.0399654	0.0024944253	0.0100744538	0.0006366879	-0.0134690178	-0.0312469786	-0.0195505495	0.0093367523	-0.0455956013	-0.0160536012	-0.0010827648	0.0320876489	-0.0067209038	-0.0274865151	0.0023867181	0.0204754786	0.0097346528	0.0182589553	0.0091651246	-0.0092710027	0.0448072079	-0.023445732	0.0383027745	-0.0034863518	-0.0229031456	-0.006274972	-0.0029053201	0.0100218035	0.0342651267	0.0093251599	0.0606007835	0.0324627679	0.0068631161	-0.0093363521	-0.0007378518	-0.010153956	0.0265367775	-0.0152926389	-0.0226536034	-0.0349860273	-0.0027902945	0.0279997985	-0.0215534554	-0.0017547126	-0.0051142836	0.0291249701	0.0047495758	0.0351250792	0.0147224948	-0.00944373	0.0713141276	-0.0223025887	0.0233226844	-0.0181182301	-0.028279147	0.0262504024	0.0139866638	-0.0090465225	0.0054507696	0.030772932	0.0442814427	-0.0240871597	-0.0354753579	0.0185737164	-0.0381649028	-0.0185808752	-0.0207223523	-0.0428269289	0.0349478384	0.0408919079	0.0145966305	0.0293814242	-0.0064158275	-0.0095710857	-0.0045409241	0.0133316645	0.0125754301	-0.075609291	0.0109325906	0.009269137	-0.0361895447	-0.048508285	-0.0654667305	-0.0236155138	-0.0289289035	-0.0313421659	-0.017403891	-0.0116966272	0.0160660984	-0.0185975055	-0.063380608	-0.0634089517	0.0021450189	0.0192889741	0.0017568285	0.0459246172	-0.0058823443	-0.0049376238	0.0280504755	-0.0237544565	-0.0302640628	-0.0830402952	-0.0003784515	0.0369316743	-0.0028991703	-0.0586889517	-0.0277285481	-0.0204397048	0.0368416339	0.0256846372	-0.0528305376	-0.0105208477	0.0423122017	0.0073378893	0.0131374053	-0.0481877957	0.0224369518	-0.0368564419	-0.0002615223	-0.0243539957	-0.0005697772	0.0027712656	-0.0107285496	0.0302598549	0.0080000234	0.0652201607	0.0221472289	0.0152350564	-0.0113523896	-0.004521965	-0.0079401198	0.0255392115	0.0160724179	-0.0189542191	-0.0311357902	-0.0001963373	-0.0335660282	0.0191897784	0.0014055206	-0.001318321	-0.0244433797	0.0007099298	-0.0366707243	-0.0235122997	0.0063504814	-0.0705757877	0.0244396395	-0.0147825473	0.0291952827	-0.0248438691	-0.0274477496	-0.0217530956	0.01342346	0.0031065655	0.0200747672	-0.0387522455	0.0406260157	0.0383315242	-0.0263507555	0.0283201142	-0.0110777179	0.0201252372	0.0584413283	-0.0213490909	-0.0229674417	0.0217455078	-0.0248171026	0.0054814085	-0.0090565859	0.0026973642	0.0064243553	0.0221259796	-0.0665102298	-0.0287060275	0.0631481731	-0.0057154822	-0.0741935704	-0.0087591599	-0.0178561279	-0.0273503958	-0.0050161477	-0.0177102402	-0.0350686869	-0.0335582098	-0.0525707721	-0.0161753602	-0.015211239	-0.0500314043	0.0397810076	-0.0274427222	-0.0400329679	-0.0384669787	-0.0046478705	-0.0047179075	0.0586191123	0.0671289128	0.0252857954	-0.0241535934	0.0079192055	-0.0339224198	-0.0841329594	0.0111075713	-0.0267794234	0.0293386895	0.0477909065	0.008551074	0.039932619	0.0256337029	0.0153715451	0.0015207559	0.0034839217	0.0080706648	0.0083183878	0.0275679488	-0.0104415883	-0.0225989431	0.0029621782	0.0067256075	0.0140598007	0.0318277075	-0.0157156045	0.0251151235	-0.0386029266	-0.0236908537	0.0143159761	-0.0011360268	-0.0080297755	-0.0466933638	0.0394072185	-0.005898824	0.0271290243	-0.0061039305	-0.0276642535	0.0032258135	-0.0485452228	-0.0096214501	0.0472776357	0.0158500872	-0.0451894509	-0.0218036145	0.0423169129	0.0273786964	-0.0387098805	-0.0324785665	0.0344309608	0.0370147062	-0.0295544231	-0.0409083818	0.0241649094	0.0440920108	-0.0183559655	-0.046510335	0.0122284171	0.0481213794	-0.0058886202	-0.0488971813	-0.0005533855	0.048824275	-0.0498752	-0.0008473	7.179172900000038e-07	0.00248753557504	-2.40327	-0.0344299999999999	5.7757066929	0.0011854248999999	-0.207787	-0.0067639999999999	4.575169599999989e-05	0.043175437369	-0.0202807	-0.0001688999999999	0.0004113067924899	2.8527209999999863e-08	0.00230325	0.00033286	5.304960562500001e-06	1.1079577960000025e-07	-0.000806504	-8.39699999999994e-06	6.504487020159999e-07	7.050960899999899e-11	0.0	0.0	0.0	0.0	0.0	0.0	0.0	0.0	0.0	0.0	0.0	0.0	0.0	0.0	0.0	0.0	0.0	0.0	0.0	0.0	0.0	0.0	0.0	0.0	0.0	0.0	0.0	0.0	0.0	0.0	0.0	0.0	0.0	0.0	0.0	0.0	0.0	0.0	0.0	0.0	0.0	0.0	0.0	0.0	0.0	0.0	0.0	0.0	0.0	0.0	0.0	0.0	0.0	0.0	0.0	0.0	0.0	0.0	0.0	0.0	0.0	0.0	0.0	0.0	0.0	0.0	0.0	0.0	0.0	0.0	0.0	0.0	0.0	0.0	0.0	0.0	0.0	0.0	0.0	0.0	0.0	0.0	0.0	0.0	0.0	0.0	0.0	0.0	0.0	0.0	0.0	0.0	0.0	0.0	0.0	0.0	0.0	0.0	0.0	0.0	0.0	0.0	0.0	0.0	0.0	0.0
54656.17927123888	-45.020345218348666	2987297932.5298023	2026.8314835792896	66969.08630419921	-482.41963452148775	4484858520.419283	232728.70377184585	55339.49378173356	-56.45549368351203	3062459572.0185275	3187.222767049067	55499.3885585157	54965.34041573661	1.052973	24.122417	0.1078947500000001	0.0764920999999999	0.0025413685	0.0070934339	-0.0064822307	-0.0015610504	-0.0446020551	0.012399714	0.0085732202	0.0522433726	-0.0106798418	-0.022352995	-0.0062061429	-0.0250604305	-0.0084980406	0.0010851353	0.0138090178	0.0209463095	0.0164986332	0.0016848479	0.0058871479	0.021432743	0.0069865182	-0.0516259029	0.0249941886	0.0002023566	-0.0097040734	0.0016214364	0.0197542301	0.0201851434	-0.0017149544	-0.0025220318	-0.0279408577	-0.0060120942	-0.017045376	-0.0159816034	-0.0443574824	0.0788877669	0.0259243391	-0.0738847425	-0.0050180401	0.0176631968	0.0074334015	0.0229928874	0.0105003732	0.0168005804	-0.0036350751	-0.0177213001	-0.0742145835	0.0477602787	-0.0204000293	-0.0032776752	0.0081151995	-0.0206018685	-0.0338001927	0.0038307792	0.019811946	-0.0611770429	0.0608300022	-0.0638000395	0.0176627813	0.0120163984	-0.0125100301	-0.0374753405	0.0346050217	0.0346369989	-0.0145411889	-0.0291778883	0.014248059	0.0500157471	0.0363803653	0.0022213167	-0.0231887647	0.0176851812	0.0061381318	0.0273202577	-2.23982e-05	-0.0290365174	-0.0230096967	-0.0306605462	-0.0112767348	0.014971538	0.0214120966	0.0135954229	-0.0595451413	-0.0518599225	-0.0385467544	0.0237566058	0.0565139679	0.0614843311	-0.0321124934	-0.0776315255	0.0030946664	0.0563166901	0.0094681717	-0.0388626211	0.0142904725	-0.006990097	0.0530406689	-0.0449131781	-0.040691417	-0.024973087	0.0665833627	-0.0518605639	0.0297282495	-0.0553385998	0.012796845	-0.0254969756	0.0043069736	-0.016743618	0.027987477	-0.003366992	0.0061109861	0.0838230764	0.0002080451	-0.0071582132	-0.0220015146	-0.0090724836	0.0506299486	-0.028071823	-0.0010514911	0.0090740185	-0.0013532824	-0.0214783908	0.0181113319	0.0002161779	-0.0043944564	-0.0248541683	-0.012264725	-0.0171757609	-0.0196609068	-0.0401148467	0.0772750398	-0.0225094326	-0.0755810722	-0.0020385561	-0.0106327067	-0.009922461	-0.0157009084	0.0177325535	0.0067248018	0.0107404883	0.0173658974	0.0882110485	-0.027919756	0.0244541023	1.8562e-06	0.0158391412	0.0411622969	0.0016996521	-0.0114300659	0.0066106068	0.0138265392	0.0820609354	-0.0582830599	-0.0164936883	-0.0254179194	-0.0036649884	0.0117450779	-0.0520776874	-0.0329038939	-0.014825079	0.0303083904	0.0104715578	-0.0508549915	-0.0333810295	0.0299345331	0.0296990787	-0.0177957256	-0.0062167613	0.0198729213	-0.0027779511	-0.0134448389	-0.0358499826	0.0293944868	-0.0371226688	-0.0072688957	0.0255337565	-0.0034734502	-0.0369831968	-0.0745025071	-0.0228220685	0.0143628726	0.0234535993	-0.0923977885	-0.0696799466	0.0136410702	0.0276882865	0.0163949901	-0.0139912702	-0.0531521681	-0.0082842272	0.0282195104	0.0531734315	-0.0095977615	-0.0460700411	-0.0081659104	0.0348541261	0.0171550445	0.0663626573	-0.0653764953	-0.0003202336	0.0140183729	-0.0296144468	0.0401801266	0.0149159385	-0.0178433934	0.0497829212	0.0186232517	-0.0082707461	-0.0071597608	0.0108087825	-0.0057552498	-0.000849424	0.0277310989	-0.0052002079	-0.0269920455	0.0015407704	-0.001730458	0.0115746765	0.0098774461	-0.0290425779	0.033936161	0.0048285107	-0.0413700423	-0.0320552129	-0.0364509552	-0.0649285118	0.0067324422	-0.0198107158	-0.0392718321	0.0674660903	-0.0016268189	0.025889693	0.0030417259	-0.0485923444	-0.0090782364	0.0474645768	0.014974647	-0.0456043123	-0.0206399614	0.0430402594	0.0259867497	-0.0398119877	-0.0309324975	0.0359693177	0.0354008796	-0.0315715513	-0.0393229378	0.026686557	0.0426381448	-0.0213897225	-0.0452953387	0.0157627911	0.0472535125	-0.0098926005	-0.0484824465	0.0038697424	0.0489631754	-0.041645	0.0082302	6.773619204e-05	0.001734306025	-2.41835	-0.0150800000000002	5.848416722500001	0.0002274064	-0.22558	-0.017793	0.000316590849	0.0508863364	-0.0189573	0.0013233999999999	0.00035937922329	1.751387559999997e-06	0.00229082	-1.243000000000034e-05	5.247856272399999e-06	1.5450490000000842e-10	-0.0008065029999999	1.0000000999791855e-09	6.504470890088387e-07	1.0000001999583812e-18	0.0	0.0	0.0	0.0	0.0	0.0	0.0	0.0	0.0	0.0	0.0	0.0	0.0	0.0	0.0	0.0	0.0	0.0	0.0	0.0	0.0	0.0	0.0	0.0	0.0	0.0	0.0	0.0	0.0	0.0	0.0	0.0	0.0	0.0	0.0	0.0	0.0	0.0	0.0	0.0	0.0	0.0	0.0	0.0	0.0	0.0	0.0	0.0	0.0	0.0	0.0	0.0	0.0	0.0	0.0	0.0	0.0	0.0	0.0	0.0	0.0	0.0	0.0	0.0	0.0	0.0	0.0	0.0	0.0	0.0	0.0	0.0	0.0	0.0	0.0	0.0	0.0	0.0	0.0	0.0	0.0	0.0	0.0	0.0	0.0	0.0	0.0	0.0	0.0	0.0	0.0	0.0	0.0	0.0	0.0	0.0	0.0	0.0	0.0	0.0	0.0	0.0	0.0	0.0	0.0	0.0
54813.88577391976	157.70650268088502	3004562073.6363235	24871.340987836	67618.07216845703	648.9858642578183	4572203683.778664	421182.6520064674	55362.20669502539	22.71291329182713	3064973930.142713	515.8764302020578	55516.34821747146	55584.453374847806	1.058322	24.244961	0.1496416999999999	0.0991208	0.0038727816	0.0108409561	0.002474718	5.882e-07	-0.0117270237	0.0049139435	-0.0045653967	-0.0034603804	0.0155430586	0.0616737162	-0.0050234263	-0.001138963	-0.0123968837	0.0127417734	-0.0142897063	-0.0012720928	-0.024398458	0.0276420849	0.0163023369	-0.0361846879	0.0493284947	0.0118841378	-0.0030768046	-0.0220795346	0.0285895368	0.0298939082	0.0294674565	0.0197329754	0.0209086666	-0.0179832667	0.0082081799	-0.0499284973	0.0241757895	0.0063024271	0.0249157906	-0.0392175554	0.0186025274	0.0087286445	-0.0096573778	0.046310013	0.0152616984	0.0239323877	0.0047829683	0.0100880788	-0.0209454677	-0.0516161311	0.0026280433	0.0042392727	0.0349624684	0.001261769	0.0146709547	0.0190617452	0.0163429239	0.0178470203	0.0327782001	0.0392702977	0.0136072734	-0.0128495623	0.0105930579	0.0082455558	0.061729387	-0.0100866971	0.0542674313	0.0049674741	0.0140673973	0.0293456708	0.0472451068	-0.0492338184	0.0433627231	-0.0400224012	0.0119916905	0.0259508786	-0.0039781043	-0.0396218338	0.0034813376	0.0463133422	-0.0029798952	-0.0154586207	0.0330627674	-0.0892737823	-0.0507831241	-0.0787998869	0.0530253408	0.049681205	0.0131078269	-0.0298801529	0.0008011541	0.0052782545	0.0192694711	0.0719566678	-0.0105395663	0.0052112385	0.007273373	-0.007248405	-0.0292432372	-0.0167988741	-0.0207727386	-0.0254566511	0.0360783641	0.0627859083	-0.0078406153	-0.0178413283	0.0424711481	-0.0198268369	-0.0776319014	-0.0651785842	0.0414399965	0.0990380778	-0.0338123108	-0.0050658076	-0.0008354562	0.0035124555	0.0271870155	-0.0200231192	0.0346814542	-0.0482981094	-0.0141864609	0.0034557144	-0.0140654707	-0.0289234325	-0.0313113548	-0.0292820159	0.0177992744	0.0163528596	-0.0105263439	0.018474129	-0.0434868238	0.036173898	0.0081682609	0.0242616415	-0.0365271593	-0.0224438522	0.0110530917	-0.0095483726	-0.0465712256	-0.0111335283	-0.0144925126	0.0163019246	0.0031176081	0.0325329528	0.0460368235	0.0062803628	-0.000190334	-0.0421662887	0.0006586416	-0.0151326407	-0.0039042459	0.0087479047	0.0316092451	-0.0270659468	-0.0244069146	0.0004675419	-0.0232368603	0.0177572799	-0.0381660804	-0.0444382205	-0.0325881253	-0.045095733	0.0102145816	0.0060324467	-0.0201570771	-0.0478749857	0.0120411999	-0.0576289483	-0.0524742977	-0.0083393343	-0.0332509706	0.0128160148	-0.0312512997	0.0061932219	0.020920137	0.0156517317	-0.0021435274	0.1201697771	-0.0370196347	-0.085118599	-0.0209659468	0.0377956176	0.0602102668	0.0005911268	-0.0228513012	0.00445418	0.0102287768	0.0397994999	-0.0022742604	-0.0290554043	0.0293816635	0.0089193051	-0.0110532343	0.0265886081	-0.0154872113	-0.0168987696	0.043961471	-0.0124553926	-0.0265072107	-0.065525737	0.0198793218	0.0023788985	-0.0452130688	-0.1177499966	0.0200068233	0.0761164173	-0.0422745968	0.0457388208	-0.0075936992	0.0025906873	0.0070492238	0.0275311225	0.0050187232	-0.0028338097	0.0160480459	0.0082074272	0.0055039514	-0.0149567956	-0.0298515431	-0.0046265582	0.0043489472	0.0263115832	-0.0248728725	-0.0214861051	0.0383668306	0.049652401	-0.0119248815	0.0422498988	-0.0233232488	-0.0002774057	-0.0352953516	0.0029602464	-0.0071186044	-0.008446988	0.0115389993	-0.0012956722	0.0028575952	-0.0486367079	-0.0085338634	0.0476407421	0.0140938949	-0.045995879	-0.0194619585	0.0437245227	0.0245649379	-0.0408576104	-0.0293333271	0.0374341914	0.0337021777	-0.0335008948	-0.037611983	0.0291112946	0.0410094892	-0.02432518	-0.0438484199	0.0192077409	0.0460901072	-0.0138286801	-0.0477040178	0.0082612638	0.0486681691	-0.0592782	-0.0176332	0.00031092974224	0.00351390499524	-2.44009	-0.0217399999999998	5.9540392081	0.0004726275999999	-0.201281	0.024299	0.000590441401	0.0405140409609999	-0.0205835	-0.0016262	0.00042368047225	2.6445264400000043e-06	0.00238401	9.319000000000036e-05	5.683503680100001e-06	8.684376100000069e-09	-0.0008065029999999	0.0	6.504470890088387e-07	0.0	0.0	0.0	0.0	0.0	0.0	0.0	0.0	0.0	0.0	0.0	0.0	0.0	0.0	0.0	0.0	0.0	0.0	0.0	0.0	0.0	0.0	0.0	0.0	0.0	0.0	0.0	0.0	0.0	0.0	0.0	0.0	0.0	0.0	0.0	0.0	0.0	0.0	0.0	0.0	0.0	0.0	0.0	0.0	0.0	0.0	0.0	0.0	0.0	0.0	0.0	0.0	0.0	0.0	0.0	0.0	0.0	0.0	0.0	0.0	0.0	0.0	0.0	0.0	0.0	0.0	0.0	0.0	0.0	0.0	0.0	0.0	0.0	0.0	0.0	0.0	0.0	0.0	0.0	0.0	0.0	0.0	0.0	0.0	0.0	0.0	0.0	0.0	0.0	0.0	0.0	0.0	0.0	0.0	0.0	0.0	0.0	0.0	0.0	0.0	0.0	0.0	0.0	0.0	0.0	0.0	0.0
54782.72777904396	-31.1579948758008	3001147262.912835	970.8206446804288	66891.98820678711	-726.0839616699232	4474538086.256946	527197.9193942904	55290.394278137086	-71.8124168883005	3057027699.4318542	5157.023219339068	55440.43235237274	55401.83503576502	0.992034	22.726377	0.0198674000000002	0.0136005	0.0060350908	0.0046744063	0.0002143091	-0.0080119677	-0.0097509162	-0.0287579243	-0.0162858805	-0.0370145926	0.0222568907	-0.0569454409	-0.0077758811	0.0008352563	0.0204323295	0.0024922704	-0.01518221	-0.0117788303	0.0155462023	0.0567449879	-0.031525489	0.0069890205	-0.0482671707	-0.0006223094	0.0103829206	-0.0037137354	-0.0083077702	0.0112876861	0.0453870528	-0.0034336598	-0.0067418624	-0.0240215117	-0.0351403935	-0.025791258	0.0116643227	-0.0339011939	0.0040947178	0.0713903563	-0.0354476086	-0.0064578802	-0.0456939929	0.0543214506	0.0126518403	0.029502087	0.0226889223	-0.0016838378	0.02190941	-0.013052309	-0.0254260883	-0.0323186779	-0.0009802314	-0.0081559565	-0.0646969654	0.0107349972	-0.0239697446	-0.0347608618	0.0028488231	0.0282464336	-0.0341524081	-0.0396904813	0.0101439662	-0.0260062497	0.0296316943	-0.0335975158	0.0069774392	-0.016710425	0.0290948322	0.0141544838	-0.0063251663	-0.022001803	-0.0327262971	0.0543925289	0.0097458032	-0.0095897356	0.0131962845	-0.0529963537	-0.0104529411	0.0437163537	-0.097484326	-0.0446166642	0.0427887011	-0.0062563296	0.0226681127	-0.0228997115	-0.0017329878	0.0686199857	0.0603270755	-0.088967907	0.0440663359	0.0157782581	-0.0081320879	0.0108622276	0.0054158699	0.0098145829	0.0357051742	0.0336227083	0.0065046463	-0.0014629105	-0.0436158664	0.006939895	0.0014560771	-0.0592076037	0.0055256752	0.0082915167	0.0081868774	-0.0235513133	0.0535813666	-0.0230226444	0.0071119079	-0.0451987843	-0.0939225919	-0.0064847701	0.0649463248	-0.0206403311	0.0578627871	0.0318686921	-0.00824896	0.0460167961	0.002576984	-0.0123283567	-0.0063420658	0.0019326049	-0.0107959927	-0.0467946047	-0.0028236799	-0.0111435117	-0.0246184956	-0.0266354154	-0.0337835715	0.0116235974	-0.0331311663	0.0083787332	0.0661668927	0.0421433918	-0.0080842954	-0.0375385005	-0.0565073078	-0.0176077319	-0.01894355	-0.0107006945	0.0258753526	-0.0129460575	0.0275140248	0.0158776861	0.0294841904	0.0142883133	0.0121727844	0.0516943723	-0.0399702945	-0.0002467679	-0.042506809	0.0048142625	-0.0595458979	0.0117131716	0.0181643019	-0.0053438017	0.0112549464	-0.0416720007	0.0153377415	-0.0227238236	0.0025536045	0.0182939001	-0.0031870405	-0.0167050362	0.0320494416	0.0381223834	0.036678204	-0.0297961341	-0.007830189	0.0143702815	-0.0308968409	-0.0118814186	0.0604514597	-0.0762080947	0.0296331316	0.070514629	-0.0062120756	0.0136417643	-0.0133736975	0.0124525363	0.0721412138	0.0364022979	-0.0971252461	0.0510654141	0.0092578402	0.0099426574	0.0406028058	0.0221095493	0.0050605233	0.0500813446	-0.011877369	-0.0172646254	-0.028483996	-0.043287151	-0.016635633	-0.0065142476	0.0002255504	0.0545424496	-0.023005031	0.0189421024	-0.0140043156	0.0416979453	0.0294222626	0.0406488858	-0.0575113338	-0.0494002742	0.059623912	0.0252087196	-0.0619367682	0.0009608991	0.0035735747	-0.0020400269	0.0140564586	0.0001326463	-0.0007810337	-0.0088405324	-0.015662844	0.0009418226	0.0283441241	0.0055961207	0.0365841808	-0.0062408831	0.0203681623	-0.0543692964	-0.0098777798	0.0213911622	-0.0211240341	-0.0106951468	-0.0174496122	0.0014141868	-0.0298211844	0.0246279864	-0.007928014	0.0103431537	0.0026734239	-0.048678311	-0.0079884006	0.0478060917	0.0132081433	-0.046363951	-0.0182704248	0.0443690814	0.0231148951	-0.0418452649	-0.0276838006	0.0388225891	0.0319226731	-0.0353370889	-0.0357809787	0.0314303169	0.0392127206	-0.0271488476	-0.0421769872	0.0225437227	0.0446384398	-0.0176698424	-0.0465677344	0.0125853106	0.0479418706	-0.0593006	-2.239999999999881e-05	5.017599999999467e-10	0.00351656116036	-2.44715	-0.00706	5.988543122500001	4.984360000000093e-05	-0.201661	-0.00038	1.444000000000146e-07	0.040667158921	-0.0203555	0.000228	0.0004143463802499	5.198400000000114e-08	0.00240411	2.009999999999989e-05	5.7797448921e-06	4.0400999999999564e-10	-0.0008065029999999	0.0	6.504470890088387e-07	0.0	0.0	0.0	0.0	0.0	0.0	0.0	0.0	0.0	0.0	0.0	0.0	0.0	0.0	0.0	0.0	0.0	0.0	0.0	0.0	0.0	0.0	0.0	0.0	0.0	0.0	0.0	0.0	0.0	0.0	0.0	0.0	0.0	0.0	0.0	0.0	0.0	0.0	0.0	0.0	0.0	0.0	0.0	0.0	0.0	0.0	0.0	0.0	0.0	0.0	0.0	0.0	0.0	0.0	0.0	0.0	0.0	0.0	0.0	0.0	0.0	0.0	0.0	0.0	0.0	0.0	0.0	0.0	0.0	0.0	0.0	0.0	0.0	0.0	0.0	0.0	0.0	0.0	0.0	0.0	0.0	0.0	0.0	0.0	0.0	0.0	0.0	0.0	0.0	0.0	0.0	0.0	0.0	0.0	0.0	0.0	0.0	0.0	0.0	0.0	0.0	0.0	0.0	0.0	0.0	0.0	0.0
54819.96407894721	37.23629990324844	3005228461.6170626	1386.5420304846596	67375.74533081055	483.7571240234393	4539491058.882239	234020.9550434292	55373.26598389144	82.87170575435448	3066198585.722789	6867.719614636309	55519.3196323442	55568.26904677354	1.002162	22.958397	0.1028742000000002	0.0743821	0.003642374	0.0053324125	-0.0028872949	0.0033471591	0.0108275432	0.0068470572	-0.0311865032	0.0358146203	0.0211322621	-0.0046704085	-0.0055937833	-9.13515e-05	-0.0014767047	0.0142741232	-0.0248305474	0.0144206224	0.0033660104	0.021119088	0.0089421081	-0.0059014956	0.033118784	-0.056347176	-0.0455197087	0.0242242789	0.0303290815	-0.0291427024	0.0356011657	0.0483336284	0.0227206026	-0.0269331487	-0.0113108472	0.0033321636	-0.0342357411	0.0154436518	0.0337279623	-0.0141679389	0.0099652083	-0.0325233094	-0.0008266484	-0.0087130011	-0.0129602999	-0.0099893841	0.0144892848	0.0495680321	0.0193052964	-0.0116651805	-0.0122011922	0.0173482996	0.0225412607	0.0944341968	0.0243375419	-0.0596754098	0.0228551213	-0.0185514208	0.0048842832	0.0029001427	0.0280648045	-0.0183811837	-0.0229969799	-0.0252558222	-0.0293124713	-0.0401201011	0.0473618254	0.0769092338	-0.0604304496	-0.0353179006	-0.0152411568	-0.0219759161	0.0432575957	0.0344658835	-0.0306265989	0.0189212172	-0.0412356251	0.018239629	-0.0068399861	-0.0164431266	-0.0221047926	0.0445923504	-0.0335449381	0.0314795399	-0.039564524	-0.0077584128	0.0069523898	0.0001612588	-0.008230506	0.0074936445	0.0236289845	0.0247292501	0.0129276378	0.0199409882	0.0326818796	0.0740100589	0.0145634326	-0.0042136289	-0.0202529145	-0.0300998572	0.0114770622	-0.0148491498	-0.0770467595	-0.054524069	-0.0268598359	0.0325483527	-0.0419616467	-0.0298598694	0.0275105046	-0.0529342881	-0.0326784489	0.0722885419	-0.0016897151	-0.0188221084	-0.0166364286	0.0674147753	0.0224999062	-0.0123834363	0.0095136659	-0.0345355769	0.0551460484	0.0497519538	0.0277973545	-0.0145325136	0.0277107319	-0.0387253357	0.0463665255	0.0265026815	-0.0241079756	-0.0050125397	1.50991e-05	-0.0275980254	0.0223951237	0.0317825925	-0.0152225578	-0.0112742782	-0.0320809403	-0.0060513893	0.0156971176	0.0139167376	0.0129716819	0.0369653289	0.0063820254	-0.0133114956	0.0311506705	0.0114093805	-0.0050992717	-0.0046937919	-0.1000312118	-0.0031998928	0.0373326634	-0.0564019305	-0.0132290016	-0.0087645005	0.0119945134	0.0085763147	-0.0264154464	-0.0189814062	0.0367401204	0.0108158845	-0.0273263359	-0.0564844235	-0.05930539	-0.0736130637	0.0263535368	0.0128978025	0.0251423616	-0.0475370297	0.0454011024	0.0221519205	-0.0209797984	-0.0321837046	-0.0004429426	-0.0081401616	-0.0069494075	-0.0208829472	-0.0488306783	-0.0333776193	0.0108123026	-0.0455452275	0.0227500163	0.006308819	0.003021453	-0.0076085446	0.0018124687	0.0181040311	-0.0231860565	0.0091892946	0.0033627795	0.0049435868	0.0655054259	-0.001607126	-0.0375055116	0.0328903899	0.0020065307	0.0400186063	-0.0441133698	-0.0281387412	0.0608276506	0.0460291214	-0.0547833543	0.0226325139	0.0273542831	-0.0383048169	0.0483400093	-0.02332344	-0.0336250931	0.0792917508	-0.0005970713	0.0537883653	0.0259535509	0.0371019869	0.0012770982	0.0054546988	0.0043635034	-0.0045824782	-0.0021058451	0.0016001181	-0.0376526499	0.0399323036	-0.0086650253	0.0179794296	-0.0090142594	-0.0056723501	0.039746824	0.007343301	-0.0128149582	-0.0061289266	-0.0416481141	-0.0391330411	-0.0055979162	-0.0088054059	-0.0396015461	0.037073645	0.0197201741	0.0009280062	0.0024892147	-0.0487171511	-0.0074419176	0.0479605879	0.0123177063	-0.0467083402	-0.0170661886	0.0449733504	0.0216382877	-0.04277355	-0.0259867497	0.0401316745	0.0300666323	-0.0370750283	-0.0338357689	0.0336352026	0.0372552045	-0.0298477488	-0.0402895985	0.0257518113	0.0429075896	-0.0213897225	-0.0450821203	0.0168065656	0.0467907162	-0.0593118	-1.1199999999995935e-05	1.2543999999990894e-10	0.0035178896192399	-2.4107	0.0364500000000003	5.811474489999999	0.0013286025	-0.206292	-0.0046309999999999	2.1446160999999964e-05	0.042556389264	-0.0191771	0.0011783999999999	0.0003677611644099	1.388626559999999e-06	0.00246135	5.724000000000007e-05	6.058243822500001e-06	3.2764176000000077e-09	-0.0008065029999999	0.0	6.504470890088387e-07	0.0	0.0	0.0	0.0	0.0	0.0	0.0	0.0	0.0	0.0	0.0	0.0	0.0	0.0	0.0	0.0	0.0	0.0	0.0	0.0	0.0	0.0	0.0	0.0	0.0	0.0	0.0	0.0	0.0	0.0	0.0	0.0	0.0	0.0	0.0	0.0	0.0	0.0	0.0	0.0	0.0	0.0	0.0	0.0	0.0	0.0	0.0	0.0	0.0	0.0	0.0	0.0	0.0	0.0	0.0	0.0	0.0	0.0	0.0	0.0	0.0	0.0	0.0	0.0	0.0	0.0	0.0	0.0	0.0	0.0	0.0	0.0	0.0	0.0	0.0	0.0	0.0	0.0	0.0	0.0	0.0	0.0	0.0	0.0	0.0	0.0	0.0	0.0	0.0	0.0	0.0	0.0	0.0	0.0	0.0	0.0	0.0	0.0	0.0	0.0	0.0	0.0	0.0	0.0	0.0	0.0	0.0
54735.2967879729	-84.6672909743138	2995952714.467476	7168.55016092912	67011.10435473632	-364.64097607422445	4490488106.841361	132963.04143236313	55281.89831849915	-91.36766539228849	3056088281.6968794	8348.050279237188	55430.65930698442	55466.242645342936	0.846904	19.401619	0.09705835	0.0486925	0.0054333231	0.0036539207	-0.000142285	-0.002130203	0.0101957148	-0.0067276808	-0.0193653899	-0.0111202605	0.037315223	0.0142430322	-0.0274315846	0.0017414306	0.0139896023	-8.90342e-05	-0.0433051213	0.0027650988	0.0116512092	0.0359723269	-0.0372836757	-0.0241059022	0.0346081536	0.007667859	0.0129510705	-0.0146248382	-0.0042098017	0.0317465588	-0.0081197694	-0.0044540757	-0.0323886482	0.0323022177	-0.009405261	-0.0516632935	-0.0208055873	0.0083748426	-0.0330373733	0.0129793913	0.0400765654	0.0311735597	0.0124661212	0.0039561799	-0.0283086795	-0.0388740331	0.0113562437	-0.0342399282	0.0219005685	0.0034680954	0.0260602103	0.0328412281	-0.0324428975	0.0123236939	-0.0231101457	0.003617274	-0.0069403264	0.0368934683	0.0653101733	0.0547546919	0.0021135641	0.0590688099	0.0008642768	0.0306133136	-0.0509983011	-0.0640646135	-0.0181339013	0.0399220862	-0.0118025295	0.0258522599	-0.0026845804	0.0588169032	-0.0109537963	0.0026350547	-0.0242231977	-0.0183870931	-0.0144586132	0.0152386543	0.0109583707	0.0122866111	-0.0537262395	0.0281827322	-0.0338886013	0.0482914806	-0.0398119946	0.0203007897	0.0164540733	-0.0301167497	0.00198068	-0.0124694442	0.0052535732	-0.0421324665	-0.015722093	-0.0222185453	-0.0457967278	-0.0065331088	-0.0104597229	-0.0095318527	-0.0018105935	-0.0088215164	0.0476696933	-0.004530986	0.0063744344	0.0018442601	0.0361527614	0.0439704657	-0.0026889465	0.0175631804	0.0465636111	0.0212851605	0.0282678576	-0.0088426985	-0.0315280295	0.0028243377	-0.030580076	-0.022252735	0.0382734326	0.0336638117	0.025446293	-0.0355255979	-0.0089478914	-0.0150766563	-0.0114850099	-0.0019242151	-0.032275794	0.0090690233	-0.0009803373	-0.0326060072	0.0292319987	-0.002680881	-0.0508722044	-0.0249866308	0.0058036787	-0.0310722914	0.0142556474	-0.0402947448	0.0229539031	0.0120356345	-0.0059182176	0.0333639207	0.033736251	-0.0302830972	0.0144675277	-0.0273681942	-0.0201676838	-0.0183883411	-0.0355855089	0.0124159774	-0.0172229086	0.0299659583	0.0104387971	0.032136581	0.059511822	-0.0484763812	-0.0409691997	-0.0491897651	-0.0026317683	0.0288110364	-0.0010359837	0.0638049294	0.0434749517	-0.0158446125	-0.055022582	-0.0132285469	-0.0269575963	0.0136929057	-0.050377424	0.0172884579	0.0298344459	0.0323208587	0.0113284788	-0.0064338206	0.0039690457	0.0104128972	0.030422826	-0.0436931857	-0.0309635818	-0.0421683705	0.0117763678	-0.0230179265	0.0529983267	0.0063459106	-0.0054895676	0.0176195867	-0.016025215	-0.0110887869	0.0030124056	-0.055877146	-0.0435160837	-0.0301259671	-0.0233091646	-0.0084733745	0.006610842	-0.0010410793	0.0338532792	0.0517885872	-0.0005311416	-0.0126015121	-0.0371502177	-0.0052207426	-0.0303426756	-0.0261297383	0.0127777203	0.060145946	-0.0052758548	0.0344399875	-0.0207941022	-0.0087177695	0.0194661553	-0.0232300498	0.0224210489	-0.0285059863	0.0017780667	-0.0006701292	0.0116956197	-0.0136207797	-0.0069218148	-0.0150202552	-0.0139347639	0.0076016208	0.017102977	0.006431283	-0.0121732669	-0.0043772706	0.0341840345	-0.0068980033	-0.0140941824	0.0455335347	-0.0569062785	-0.0230754504	-0.0017735172	-0.0375750537	-0.024386645	0.0200575542	0.0207107489	0.0214064684	0.0023049702	-0.0487532262	-0.0068944842	0.0481041957	0.0114229	-0.0470288708	-0.0158500872	0.0455367808	0.0201368126	-0.0436411487	-0.0242450877	0.0413587732	0.0281385053	-0.0387098805	-0.0317825624	0.0357179449	0.0351449656	-0.0324094805	-0.0381959179	0.0288138067	0.0409083818	-0.0249627879	-0.0432583199	0.0208905514	0.0452249073	-0.0456769	0.0136348999999999	0.0001859104980099	0.0020863791936099	-2.44235	-0.0316499999999999	5.965073522499999	0.0010017224999999	-0.178606	0.027686	0.000766514596	0.0319001032359999	-0.0192278	-5.070000000000074e-05	0.00036970829284	2.5704900000000756e-09	0.00265148	0.0001901299999999	7.0303461904e-06	3.61494168999999e-08	-0.000565584	0.0002409189999998	3.1988526105600005e-07	5.80419645609518e-08	0.0	0.0	0.0	0.0	0.0	0.0	0.0	0.0	0.0	0.0	0.0	0.0	0.0	0.0	0.0	0.0	0.0	0.0	0.0	0.0	0.0	0.0	0.0	0.0	0.0	0.0	0.0	0.0	0.0	0.0	0.0	0.0	0.0	0.0	0.0	0.0	0.0	0.0	0.0	0.0	0.0	0.0	0.0	0.0	0.0	0.0	0.0	0.0	0.0	0.0	0.0	0.0	0.0	0.0	0.0	0.0	0.0	0.0	0.0	0.0	0.0	0.0	0.0	0.0	0.0	0.0	0.0	0.0	0.0	0.0	0.0	0.0	0.0	0.0	0.0	0.0	0.0	0.0	0.0	0.0	0.0	0.0	0.0	0.0	0.0	0.0	0.0	0.0	0.0	0.0	0.0	0.0	0.0	0.0	0.0	0.0	0.0	0.0	0.0	0.0	0.0	0.0	0.0	0.0	0.0	0.0
54707.667640930784	-27.62914704211289	2992928898.710545	763.3697662746955	67028.56851782226	17.464163085940527	4492828997.548394	304.9969922923277	55325.57556553736	43.67724703820568	3060919311.6579843	1907.7019088364464	55463.58163542162	55623.01037185471	0.874187	20.026636	0.10598575	0.0576148	0.0062625524	0.0054237267	0.0072861558	0.0081474951	0.0295115726	-0.0166883488	-0.0273611543	0.009129957	0.0251208137	-0.0387016231	0.0192747921	0.0129337452	-0.0021075062	0.0279870431	-0.0739706237	-0.0048316132	0.0243319217	0.0535881995	-0.031848955	-0.0325479879	0.0131524217	-0.0363085871	-0.0273772386	0.0622082867	0.055553901	0.0102812529	0.003487392	0.006001655	0.0316168419	0.0272350014	-0.0567538162	0.01769465	-0.0167594404	0.044290221	-0.0214531154	-0.0220447634	0.0248525233	-0.0472199535	-0.0861511881	0.0247191424	0.0050331033	-0.0069699632	-0.0855224043	-0.0161204865	-0.0511273734	0.0239405472	-0.043569691	-0.0164043858	-0.0534097685	0.0049954626	0.037790628	-0.0093880631	0.0395689894	-0.0249367443	-0.0557746547	-0.0142738408	-0.0100869088	0.0109616264	0.0144178347	-0.0490430091	0.0413565725	0.0324154362	-0.0072252663	-0.0122223922	0.0421871093	0.0003733967	-0.0072099705	0.0158231157	-0.0375763702	-0.0275492918	0.072949553	0.0148486204	-0.0267885449	0.0098827525	0.0032742222	0.0131891218	0.03081765	0.0309336144	-0.0199742973	0.0003673295	-0.0100487582	-0.010268926	0.0080969747	0.0026585484	0.0222446951	-0.0495761479	0.0095275494	-0.0209184586	-0.0749019781	-0.0402586125	-0.0026139793	-0.0202952541	0.0243697951	0.009053032	-0.068764117	0.0216336841	-0.030834508	-0.0362641022	-0.0003979757	0.0099604333	0.0549685371	-4.95751e-05	0.0361333787	-0.0544001329	0.0050959692	-0.005170933	0.0370214902	-0.0136277382	-0.0168980568	-0.0323850845	0.0532349927	-0.0089054174	0.0568122631	0.0273531806	0.0361884591	-0.0146451174	0.0369368156	0.0397950269	0.0695180062	-0.0276810135	-0.0081590413	-0.0044217934	0.000540886	0.025650162	0.0209236628	-0.06248281	0.0041826414	-0.0127852303	0.0447775799	-0.0285278683	-0.0180427621	-0.0199397821	-0.0433909205	-0.0840838137	-0.0296656655	-0.0174284278	0.0021182131	-0.0286379737	-0.0862056922	0.0435135654	-0.0213747044	0.0296570676	0.0285017414	0.0594322805	-0.0019063707	-0.0436896837	-0.0017598468	-0.020625681	-0.0147751059	0.0146874285	0.0583738926	-0.0237782252	0.0220640501	0.0171234372	0.0177059102	-0.0605965933	-0.0350090385	0.0164918986	0.0172397527	0.0509737794	0.0099549321	0.0107855871	-0.0230480115	0.042243233	-0.048631966	-0.0515374575	0.0060288411	-0.0390611052	0.0064255165	0.0082661517	4.80381e-05	0.0282683122	-0.0375302744	-0.0113267677	0.0004976357	-0.0242906039	0.0047234016	0.0121067914	0.0194374208	0.0291325876	-0.0385472644	-0.0313876932	-0.0004023469	-0.0759171764	0.0337464027	0.0273704328	-0.0233134165	0.0167397315	-0.0070796677	0.0692126871	-0.0039169084	-0.0409928701	0.0146181908	-0.0486644982	-0.0286151532	-0.0124235961	-0.0205645524	0.0361933306	-0.0558595419	0.0035525297	-0.0107178084	0.0263522425	0.0171790687	0.0054309624	0.0341446487	0.0263299462	-0.0429342827	0.0268802726	0.0088352011	-0.0096853534	0.0213987869	-0.009827195	-0.0281285837	-0.0131036566	-0.0425786346	0.0323614227	-0.0284417139	0.0165470538	0.0101983949	0.0123179324	0.0037657265	-0.0214284514	-0.0081505683	0.003694798	-0.0359651275	-0.0100119256	0.0116806012	-0.0363012967	-0.022292678	-0.0015678017	0.0240658158	0.0485291412	0.002120693	-0.0487865342	-0.0063461704	0.0482368825	0.0105240416	-0.0473253789	-0.0146229661	0.0460588611	0.0186121956	-0.04444683	-0.0224618045	0.0425013783	0.0261429148	-0.0402370998	-0.0296279125	0.0376709804	0.0328906545	-0.0348222698	-0.0359066654	0.0317123377	0.0386533201	-0.0283645137	-0.0411100147	0.0248039116	0.0432583199	-0.056088	-0.0104111	0.0001083910032099	0.0031458637439999	-2.46399	-0.0216400000000001	6.0712467201	0.0004682896	-0.171607	0.0069989999999999	4.8986000999999686e-05	0.029448962449	-0.0201125	-0.0008846999999999	0.0004045126562499	7.826940899999977e-07	0.00245446	-0.00019702	6.0243738916e-06	3.88168804e-08	-0.000822577	-0.0002569929999999	6.76632920929e-07	6.604540204899999e-08	0.0	0.0	0.0	0.0	0.0	0.0	0.0	0.0	0.0	0.0	0.0	0.0	0.0	0.0	0.0	0.0	0.0	0.0	0.0	0.0	0.0	0.0	0.0	0.0	0.0	0.0	0.0	0.0	0.0	0.0	0.0	0.0	0.0	0.0	0.0	0.0	0.0	0.0	0.0	0.0	0.0	0.0	0.0	0.0	0.0	0.0	0.0	0.0	0.0	0.0	0.0	0.0	0.0	0.0	0.0	0.0	0.0	0.0	0.0	0.0	0.0	0.0	0.0	0.0	0.0	0.0	0.0	0.0	0.0	0.0	0.0	0.0	0.0	0.0	0.0	0.0	0.0	0.0	0.0	0.0	0.0	0.0	0.0	0.0	0.0	0.0	0.0	0.0	0.0	0.0	0.0	0.0	0.0	0.0	0.0	0.0	0.0	0.0	0.0	0.0	0.0	0.0	0.0	0.0	0.0	0.0
54669.28181885192	-38.385822078860656	2988730374.5890536	1473.471336669946	66740.96090283203	-287.60761499023647	4454355862.233354	82718.1402003721	55280.026214186415	-45.54935135094274	3055881298.241137	2074.743408491629	55417.91940339558	55525.57850674716	1.015336	23.260191	0.0805361000000002	0.0457618	0.008108558	0.0019731147	0.0047592441	0.0063101551	0.0379065161	-0.0114809855	-0.0127936828	-0.0221542694	0.0220515795	0.0089331932	-0.0465060488	0.0305377652	0.0118029627	0.0151217975	0.0054848712	-0.0263825125	0.0246559831	0.0565072054	-0.0100970532	-0.0234880973	0.0180726519	-0.0243473175	0.0106800716	0.0254535294	-0.0225221899	-0.0377707291	-0.000122426	0.0529228017	0.0733987113	-0.0564242568	0.0037181996	-0.0329515583	-0.1019942849	0.0108917684	0.0383689747	-0.0081421661	-0.0221615735	-0.0512667126	-0.0039034031	0.0101804685	-0.0022079971	-0.0213674234	0.0210466499	-0.0062066697	0.039906459	0.0118791799	0.0135334166	-0.0669268942	-0.0111427851	0.0257043952	-0.0537540106	-0.0346534027	0.0249635283	-0.033369858	-0.0015299621	-0.038192512	0.0834971925	-0.0598388516	-0.0210645624	-0.0018136797	-0.0292383507	-0.044983433	0.00250883	0.0361122759	0.0434119827	0.0055514911	-0.0030458936	0.0068178032	-0.0094369047	-0.0105410511	0.0553463051	0.0208322799	0.0089079205	-0.0170914882	-0.0188966135	-0.0007686626	0.0522114557	0.04342435	0.0397159056	-0.0142148214	-0.0393431288	0.0110206139	-0.012190453	0.0055530281	0.0227068888	-0.0134727806	-0.0118114169	-0.0251778185	0.004305795	-0.0057134045	-0.0369993044	-0.0328292982	0.0219693488	0.0243101848	-0.0576828133	0.0420420083	0.0031724744	-0.0550888065	-0.0158358402	0.0624960929	0.0088927355	0.0363494284	-0.0055302624	0.085154381	0.0281403796	-0.0456889486	-0.0191848745	-0.0022520712	0.0355041022	0.0083265928	0.0470951918	0.0136994883	0.060406744	0.0078653077	0.0254062239	-0.0183026815	0.0209203777	-0.0076574329	0.0266720624	0.0261393066	0.0358267809	-0.015354964	0.0474241021	0.0887173675	-0.0489843308	0.0229718257	-0.039040373	-0.0921477554	0.0201939526	0.0363441797	-0.0135436903	0.0246981992	-0.0535590031	0.0007703246	-0.0143531344	0.0015166679	0.025825054	-0.0054503191	0.0208435869	-0.0346377405	0.0041322237	-0.0384457489	0.0433571334	0.0239698931	-0.0110474709	0.0657740577	-0.0088120392	-0.040358809	-0.0297657838	-0.0060596939	0.0404649253	0.0365774876	-0.0849980893	-0.0409798182	0.0063533329	0.0037079751	0.0022398575	-0.0331314112	-0.0715428993	0.0376799967	0.0015711913	0.0060816444	-0.0098927033	0.0110505967	-0.0263402122	-0.0510502327	-0.0092466459	-0.0024459198	-0.0090279602	-0.013373237	-0.0195700815	0.0513789989	-0.0247307979	0.0318351303	0.0429292605	-0.003776534	0.0218882653	-0.0233025727	0.0169851796	0.016691933	-0.0046473349	-0.0186501638	0.0101266387	-0.0014978312	-0.0162625059	-0.0029811601	-0.0400752975	0.0384268471	0.0093306768	0.0566742479	0.0450996602	-0.0166780457	0.0336180482	-0.0430349919	0.0050145677	-0.0649996897	-0.013106848	-0.0618915279	0.0127651487	0.0202614269	0.0758159222	-0.0301033839	0.0251472207	0.0092321961	-0.0283321253	0.0086020421	-0.0266174575	0.0151363501	0.0126069736	-0.0162724367	0.0326251116	0.0029293399	-0.0413948345	0.0068002167	-0.0194449199	-0.0195023046	0.0560936508	0.004328488	-0.0350218329	-0.0054987278	-0.0028436371	-0.0255372252	-0.0059209945	0.005380513	-0.0137385628	-0.0091957834	0.0098617871	-0.0339933736	-0.0210824679	-0.025670887	0.0323855415	0.0298529941	0.0019363856	-0.0488170731	-0.0057970462	0.0483586182	0.0096214501	-0.0475977133	-0.0133856785	0.0465391172	0.0170661886	-0.0451894509	-0.0206399614	0.0435571555	0.0240846454	-0.0416524399	-0.0273786964	0.0394872168	0.0305015125	-0.0370750283	-0.0334335625	0.0344309608	0.0361565084	-0.0315715513	-0.0386533201	0.0285146833	0.0409083818	-0.0621403	-0.0060523	3.663033529000004e-05	0.00386141688409	-2.49688	-0.03289	6.2344097344	0.0010817521	-0.168611	0.0029959999999999	8.976015999999992e-06	0.028429669321	-0.0206256	-0.0005131	0.00042541537536	2.632716100000025e-07	0.0026239	0.00016944	6.884851210000001e-06	2.8709913600000105e-08	-0.000911993	-8.941600000000004e-05	8.317312320490001e-07	7.995221056000007e-09	0.0	0.0	0.0	0.0	0.0	0.0	0.0	0.0	0.0	0.0	0.0	0.0	0.0	0.0	0.0	0.0	0.0	0.0	0.0	0.0	0.0	0.0	0.0	0.0	0.0	0.0	0.0	0.0	0.0	0.0	0.0	0.0	0.0	0.0	0.0	0.0	0.0	0.0	0.0	0.0	0.0	0.0	0.0	0.0	0.0	0.0	0.0	0.0	0.0	0.0	0.0	0.0	0.0	0.0	0.0	0.0	0.0	0.0	0.0	0.0	0.0	0.0	0.0	0.0	0.0	0.0	0.0	0.0	0.0	0.0	0.0	0.0	0.0	0.0	0.0	0.0	0.0	0.0	0.0	0.0	0.0	0.0	0.0	0.0	0.0	0.0	0.0	0.0	0.0	0.0	0.0	0.0	0.0	0.0	0.0	0.0	0.0	0.0	0.0	0.0	0.0	0.0	0.0	0.0	0.0	0.0
54690.07429943114	20.79248057921359	2991004226.8772984	432.3272486369742	66795.89156054688	54.93065771485272	4461691129.368338	3017.377156986308	55279.91612329243	-0.1100908939843066	3055869126.5982466	0.0121200049382638	55423.48567770278	55747.950639204544	1.120064	25.659395	0.0738765499999999	0.0360793	0.0069802402	-0.0014992678	0.0134762971	0.0194775113	0.0455724811	-0.005361036	-0.033528774	0.0265952292	0.032001781	-0.0005426769	-0.0185690867	-0.0017667203	0.0147503503	0.0091979621	-0.0750642448	-0.0624288185	-0.0157922204	0.0499444599	-0.0028432077	-0.0091554829	0.0328642771	-0.0193764921	0.0421976508	0.0032331198	0.0207901119	-0.0215262078	0.032554341	0.0233328569	-0.0323350292	-0.0270921345	-0.0348648673	-0.0034596243	-0.0685183163	0.0087374145	-0.0454159853	-0.0390060672	0.0066380912	-0.0120388504	-0.0205370749	0.047789186	0.0524333025	-0.0152318934	0.0029773893	-0.0012377495	0.0511495245	0.0196716431	-0.0006058534	0.0553600954	0.0069157439	-0.0115569864	-0.0130480982	-0.0698859203	-0.0454241882	-0.0145099045	0.0307055651	0.0354037499	0.0333694855	0.030534893	-0.0463652178	-0.0115521151	0.0036992152	-0.0408583608	0.0022607578	-0.0389657991	-0.011315257	-0.0328315923	0.0520982907	0.0234486181	-0.0168341259	-0.0243044974	0.0711792879	-0.022558635	0.0095712981	0.0671617139	0.0190265595	0.0314535692	-0.0168566272	0.0194598018	0.0257826823	0.0373680039	0.0619014818	0.0718105999	0.0541107292	0.0375729799	0.0183073247	-0.0024123265	0.0139760411	-0.0419590738	-0.0381661877	0.0428581621	0.0352578002	0.0055406596	0.0638052055	0.0049413807	0.053291017	0.0155771708	0.0115849587	-0.0120381698	-0.0178974371	0.0261377361	0.027516561	-0.0525728214	0.0695308713	-0.0480555548	-0.0121374783	-0.0107492473	-0.0195089336	-0.0230251251	-0.0093518366	0.1128593467	-0.0284656217	0.0061626435	0.0512883698	-0.0042724373	0.0135913636	-0.0331241036	0.018895492	-0.0347738497	0.024531478	-0.0294116931	0.0171717982	-0.0361929711	0.031663814	-0.022228686	-0.0340195501	-0.0296576507	-0.0157774851	-0.0703929215	0.0082410824	-0.0488102271	-0.0422846708	-0.006049798	-0.0089259516	-0.0145123276	-0.0505648221	-0.0494124298	0.0088907471	0.0114353877	-0.0009727169	-0.0526076617	-0.0261106189	0.0147596357	-0.0504694535	-0.0209610945	-0.0046799978	0.0409126554	0.0663725252	-0.0184029457	-0.006845847	-0.0191502612	-0.0300778844	-0.066820557	-0.0271632253	-0.0255943572	0.0202870745	-0.0077251142	0.0590588918	-0.0178282873	0.0258967783	-0.0116942717	0.0353516622	-0.0437126602	-0.0369109234	0.0109511158	-0.0335862121	-0.0418409021	0.0478028767	-0.0265029028	0.0783551765	0.0259421747	0.0385579626	-0.0141129282	-0.0093263865	-0.02564446	0.0349357834	0.085144839	0.0072760858	0.0619761855	0.0385034075	-0.005077905	0.0027597986	0.0172744815	0.0670177819	0.0051210878	0.0460018723	0.034525725	0.0181085421	0.0150562685	-0.0414202886	-0.0444475624	0.0483204322	0.0121644111	-0.0102567153	-0.0339460671	-0.0078705218	-0.0107279842	0.045802156	0.0347314428	-0.076747576	-0.0059187776	-0.0187274367	-0.0149666291	-0.0450867542	-0.0719284925	-0.0854196169	-0.0076452074	0.0354268717	-0.0270280194	0.0123123115	-0.019619983	0.0294172461	-0.0152053137	-0.0346929138	-0.0398371562	-0.0038539204	0.0216228226	-0.0237575277	-0.0102729574	0.0120704523	0.0422137979	0.0099111652	0.0243215105	0.0057092495	0.0205660012	-0.0406551164	-0.0087618377	0.0448250976	-0.0257644326	-0.0051267519	-0.0011860827	0.0268426726	0.041911643	0.0017520508	-0.0488448413	-0.0052471816	0.0484693751	0.0087154456	-0.0478457346	-0.0121390845	0.046977113	0.0155005685	-0.0458679577	-0.018782686	0.0445239479	0.0219686319	-0.0429519653	-0.0250420933	0.0411600588	0.0279873335	-0.0391574033	-0.030789272	0.0369542528	0.0334335625	-0.0345618882	-0.0359066654	0.0319925587	0.0381959179	-0.0619731	0.0001671999999999	2.7955839999999766e-08	0.00384066512361	-2.47574	0.0211399999999999	6.1292885476	0.0004468995999999	-0.149604	0.019007	0.000361266049	0.0223813568159999	-0.0201659	0.0004597	0.00040666352281	2.1132409000000037e-07	0.00270679	8.288999999999996e-05	7.326712104100001e-06	6.870752099999994e-09	-0.00104065	-0.0001286569999999	1.0829524225e-06	1.6552623648999974e-08	0.0	0.0	0.0	0.0	0.0	0.0	0.0	0.0	0.0	0.0	0.0	0.0	0.0	0.0	0.0	0.0	0.0	0.0	0.0	0.0	0.0	0.0	0.0	0.0	0.0	0.0	0.0	0.0	0.0	0.0	0.0	0.0	0.0	0.0	0.0	0.0	0.0	0.0	0.0	0.0	0.0	0.0	0.0	0.0	0.0	0.0	0.0	0.0	0.0	0.0	0.0	0.0	0.0	0.0	0.0	0.0	0.0	0.0	0.0	0.0	0.0	0.0	0.0	0.0	0.0	0.0	0.0	0.0	0.0	0.0	0.0	0.0	0.0	0.0	0.0	0.0	0.0	0.0	0.0	0.0	0.0	0.0	0.0	0.0	0.0	0.0	0.0	0.0	0.0	0.0	0.0	0.0	0.0	0.0	0.0	0.0	0.0	0.0	0.0	0.0	0.0	0.0	0.0	0.0	0.0	0.0
54803.9560017036	113.88170227246157	3003473593.436664	12969.042112473577	66950.67907177734	154.78751123046095	4482393428.172124	23959.17363292008	55383.58572405404	103.66960076161196	3067341567.6536427	10747.386122072012	55531.28080585454	55856.48522854099	1.240143	28.410271	0.1132946999999999	0.0569104	0.0057935478	0.0086230128	0.0072867233	0.009204187	0.0589212341	-0.0235107847	-0.0249343367	0.0141226433	0.0114680471	0.0042127965	-0.0141037007	0.0832982186	-0.0160088231	0.021650265	-0.0276923409	-0.0063025414	0.0699931894	0.0605218997	-0.0048133806	-0.0231993081	-6.38195e-05	-0.0174816001	-0.0412482151	-0.0087849553	0.0095626725	0.0423698567	0.0079427592	0.0142793445	0.0516047762	-0.0176636703	0.0015369496	-0.0149644986	0.0917344968	-0.021664725	0.00092655	-0.0089396182	-0.0081234305	-0.036989611	0.0046854649	0.0162762129	0.0125691106	0.0452036671	0.0742720099	-0.0219425818	0.0048093734	0.0133895607	0.0197943041	0.0108709039	0.0547732514	-0.0045920542	-0.034878556	0.0637738274	-0.0458321238	0.0282039451	-0.0324521412	0.0117110569	-0.0514986338	0.0764265879	0.049941454	-0.0165592483	0.0300487389	0.0459783193	-0.0653135054	-0.0259857357	0.0199528733	0.0264577368	-0.0212525074	0.0309334295	-0.0187088034	0.0306306481	0.0053168548	0.0028397737	0.0067396506	-0.0250660053	-0.0125139179	0.0235495594	-0.0172966248	-0.0570232046	-0.0242934681	0.0164959794	0.0209490269	0.0283714781	-0.0161031307	-0.0232281204	0.0090217204	0.0003619558	0.0177407263	-0.0222327252	-0.0863065378	0.0317913864	-0.0151419961	-0.01052178	-0.0079511792	0.010608906	0.0085722863	0.0153277094	0.0604180692	0.033081863	0.0746277118	-0.0279310005	-0.0623820707	-0.0521131405	-0.0391299007	-0.0059641658	0.034010772	0.000653233	-0.0162710478	0.0359889062	0.0593054504	0.0049174395	0.0176727346	0.0606975027	0.0609251959	0.0004285185	0.0219063593	0.0004178978	0.0184933705	0.044215694	-0.0091726085	-0.0084161112	-0.0436964277	-0.0103610614	0.0068939478	0.048349015	-0.0078570972	-0.0001054084	-0.0119222221	0.096660168	-0.0247260597	0.0034919296	-0.0065632745	0.013068966	-0.0336299204	0.0001429259	-0.0238373061	-0.0096122285	-0.0432540669	0.0144833902	0.0771556487	-0.0027713447	-0.0293293617	-0.0095094145	-0.0079391482	-0.0683427924	0.0124305236	0.0192279962	-0.0358040595	0.0682082492	0.0132694346	0.0394892622	0.000258078	-0.0259206337	0.0680661503	0.0726905826	0.0079958449	-0.0172803091	0.0132091005	0.0719039849	0.038750428	0.0302746388	-0.0295321794	0.0201907327	-0.0170623348	0.0319025422	0.0306745052	-0.0168303287	-0.0069661506	-0.0011485773	-0.0125196232	-0.0137852299	0.0345819445	-0.0159964484	0.044951172	-0.0150468894	-0.0272903069	0.0271340376	0.0159257119	0.0031069305	-0.0153619308	0.0127997701	-0.0036197014	0.0085342024	0.0581710965	-0.0650403616	0.0612188664	-0.0383255354	0.0045164995	0.0077618884	0.0099299736	0.0017907007	0.0154846334	0.0093864071	0.0361050986	0.0950398054	0.0044709738	0.0385011641	0.0524781075	0.0540036866	0.0474668105	0.0067899309	0.0154172212	-0.0259407786	0.0145090496	0.0692914216	-0.0489846221	0.0357704187	0.0068588864	-0.0092177948	0.0197584043	-0.0205052381	0.0338578195	0.0096982597	-0.0492707009	0.0203540935	-0.0494819966	0.0119545197	0.0273203324	0.0192310607	-0.0405013447	0.0136973265	-0.0071850598	-0.0374793675	0.012123297	-0.0321886281	-0.0074552462	0.0105163166	0.006663397	-0.0366530463	0.006537993	-0.0425795689	0.003355527	0.0594768232	0.0015676912	-0.0488698372	-0.004696647	0.0485691282	0.0078063495	-0.0480693164	-0.0108840509	0.0473724506	0.0139171345	-0.0464813877	-0.0168931667	0.0453997805	0.0197999475	-0.0441320627	-0.022625561	0.0426834313	0.025358424	-0.0410598248	-0.0279873335	0.0392678988	0.0305015125	-0.0373149993	-0.0328906545	0.0352091317	0.0351449656	-0.0619129	6.0200000000003306e-05	3.624040000000398e-09	0.0038332071864099	-2.48868	-0.0129399999999999	6.1935281424	0.0001674435999999	-0.185479	-0.035875	0.001287015625	0.034402459441	-0.0210365	-0.0008705999999999	0.00044253433225	7.579443599999985e-07	0.00231614	-0.00039065	5.3645044996e-06	1.5260742250000017e-07	-0.00101351	2.7139999999999933e-05	1.0272025201e-06	7.365795999999963e-10	0.0	0.0	0.0	0.0	0.0	0.0	0.0	0.0	0.0	0.0	0.0	0.0	0.0	0.0	0.0	0.0	0.0	0.0	0.0	0.0	0.0	0.0	0.0	0.0	0.0	0.0	0.0	0.0	0.0	0.0	0.0	0.0	0.0	0.0	0.0	0.0	0.0	0.0	0.0	0.0	0.0	0.0	0.0	0.0	0.0	0.0	0.0	0.0	0.0	0.0	0.0	0.0	0.0	0.0	0.0	0.0	0.0	0.0	0.0	0.0	0.0	0.0	0.0	0.0	0.0	0.0	0.0	0.0	0.0	0.0	0.0	0.0	0.0	0.0	0.0	0.0	0.0	0.0	0.0	0.0	0.0	0.0	0.0	0.0	0.0	0.0	0.0	0.0	0.0	0.0	0.0	0.0	0.0	0.0	0.0	0.0	0.0	0.0	0.0	0.0	0.0	0.0	0.0	0.0	0.0	0.0
55021.20942061528	217.253418911685	3027333486.107204	47199.04802881609	67490.82782910156	540.1487573242193	4555011841.057429	291760.6800388984	55534.11184190643	150.52611785238696	3084037578.069372	22658.11215571069	55678.85329448144	56521.01677785106	1.303113	29.852839	0.1228823999999999	0.073925	0.004791249	-0.0030932547	0.0097070127	0.018821086	0.0643003992	-0.0254662175	-0.0481250475	-0.0138911178	0.0529964794	-0.0142970311	-0.0453510967	-0.0041077318	0.0366718338	0.0385661609	0.0352520351	-0.0385281947	-0.0394877299	0.0237198311	0.0364749501	-0.002696301	0.0143501622	-0.0065251987	-0.0156128584	0.0754931492	0.0086408245	0.0693600933	-0.0559681688	0.02133133	-0.0126698759	0.0172556304	-0.0324303494	0.0107642642	0.0201042237	0.0063590647	-0.0212063802	-0.0310385147	0.0386465506	0.020734406	-0.025622304	-0.0831699249	-0.1112606298	-0.0027389853	0.023503425	0.0731506398	0.0071590999	-0.0175666051	0.0306278717	-0.0195944325	-0.0044940023	0.0125859448	0.012425579	0.0431094903	-0.0534398754	0.0185526528	-0.0395172359	0.0330330149	0.020813313	-0.0276932098	0.0646011965	0.0793396217	-0.0180962471	0.0187420447	0.0255566994	0.0126850611	0.064812959	0.0143593722	-0.0210741323	0.0390833806	0.0220646635	-0.0098015134	-0.0173602678	-0.0050621859	0.0754975893	-0.0109115404	0.0266026653	-0.0083109029	0.0241404826	-0.0088923146	-0.0310197917	-0.0214549875	-0.0029171377	-0.0543556108	-0.0593761397	0.0339577775	0.026079047	0.0445600147	0.042782658	0.0579455338	0.0735333937	0.0039918284	0.0267170014	-0.0034135486	-0.031663617	-0.0160432664	-0.0229367722	-0.0296428329	0.0520197304	-0.0150011325	-0.0103249306	0.0383302288	-0.0247613482	0.0229492462	0.0367115771	0.0113698779	-0.0201866653	0.0144722864	0.0117084854	0.0174751941	-0.0088496411	-0.0239877929	-0.0108637125	-0.0565644351	0.024216243	-0.036535855	0.002822118	-0.0117058629	0.0027749136	0.0206792232	0.0711902929	0.0265995925	-0.0670645261	0.0595066483	0.0194071773	-0.0080716989	0.0142755621	-0.0352980714	0.0097592247	0.0139523961	0.0082860685	-0.0195820853	-0.0269646462	-0.0413680872	0.0146243592	-0.0410731009	0.0885604318	0.1131285963	-0.0071098157	0.0421518857	0.0171868505	-0.0075736874	0.0404002975	-0.0407543299	0.0073311073	0.0224654554	-0.0088054117	-0.0106088213	-0.0036243279	0.0434096884	-0.0151572029	0.0564268261	-0.0441715692	0.0224459647	-0.0201052473	0.0502047241	-0.0886661262	0.039147533	-0.0377537445	-0.0152623751	-0.0213787253	0.0622289411	-0.0065087493	0.0364833176	-0.0193191935	-0.005084866	0.015187745	0.0025297031	-0.0062536407	0.0797541217	0.0065891924	0.0213915588	-0.0124897117	0.0203577988	0.0290061675	-0.012909224	-0.0174676048	-0.0399189175	-0.041299755	-0.0734519696	0.0053893217	-0.0017381638	0.0198551819	0.0782940738	-0.0553263518	0.0586332495	-0.0191648719	0.0143175921	0.0134141214	-0.0308163462	0.013861584	0.0217267066	-0.0105780246	0.055845823	0.0248271874	0.0182161239	0.0143339921	-0.033809485	-0.0147362674	-0.0331542173	-0.0293367506	-0.013556463	-0.0129094783	0.0160055185	-0.0211245988	-0.0113477293	0.0183637842	-0.070244264	-0.0146195434	0.0398977946	0.0167944559	-0.0381481318	0.0517971316	-0.0121326886	-0.0633089906	-0.0461343013	0.0187332755	-0.0314730157	0.052583019	-0.0143755972	0.02564163	0.0508986739	0.0301202582	0.0341280169	0.0011323503	-0.0172598543	-0.0026808378	0.0119226539	0.043883434	-0.0062184219	0.0294347508	-0.017662281	0.0374253349	0.0133055127	0.0013833093	-0.0488920593	-0.0041455125	0.0486578547	0.0068944842	-0.0482683442	-0.0096214501	0.0477247713	0.0123177063	-0.0470288708	-0.014974647	0.0461828639	0.0175837917	-0.0451894509	-0.0201368126	0.0440518025	0.022625561	-0.04277355	-0.0250420933	0.0413587732	0.0273786964	-0.0398119877	-0.0296279125	0.0381381307	0.0317825624	-0.0622759	-0.000363	1.317690000000016e-07	0.00387828772081	-2.54947	-0.0607899999999999	6.499797280899999	0.0036954240999999	-0.164695	0.0207839999999999	0.0004319746559999	0.027124443025	-0.0215323	-0.0004958	0.00046363994329	2.458176400000011e-07	0.00240971	9.356999999999984e-05	5.806702284099999e-06	8.755344899999972e-09	-0.0007839719999999	0.0002295380000001	6.146120967838432e-07	5.268769344404591e-08	0.0	0.0	0.0	0.0	0.0	0.0	0.0	0.0	0.0	0.0	0.0	0.0	0.0	0.0	0.0	0.0	0.0	0.0	0.0	0.0	0.0	0.0	0.0	0.0	0.0	0.0	0.0	0.0	0.0	0.0	0.0	0.0	0.0	0.0	0.0	0.0	0.0	0.0	0.0	0.0	0.0	0.0	0.0	0.0	0.0	0.0	0.0	0.0	0.0	0.0	0.0	0.0	0.0	0.0	0.0	0.0	0.0	0.0	0.0	0.0	0.0	0.0	0.0	0.0	0.0	0.0	0.0	0.0	0.0	0.0	0.0	0.0	0.0	0.0	0.0	0.0	0.0	0.0	0.0	0.0	0.0	0.0	0.0	0.0	0.0	0.0	0.0	0.0	0.0	0.0	0.0	0.0	0.0	0.0	0.0	0.0	0.0	0.0	0.0	0.0	0.0	0.0	0.0	0.0	0.0	0.0
54978.36483639938	-42.84458421590534	3022620600.084236	1835.6583966338053	67450.12124755859	-40.70658154296689	4549518856.310355	1657.0257809142124	55563.3917621192	29.279920212771685	3087290504.110736	857.3137276662759	55705.87452426261	56612.92493975751	1.310819	30.029379	0.1563158000000001	0.0914279	0.000602304	0.00519565	0.0037186818	0.0050093267	0.0806386315	-0.0464220504	-0.0322458487	-0.0382798843	-0.0102389268	-0.0248344618	0.0468184259	0.0538568775	-0.0451755385	0.0410340481	0.0099519477	-0.018521427	-0.0099091619	0.0011355464	0.0384596928	0.0274711673	-0.0397541759	0.0303756472	-0.0636292897	-0.0066333181	0.045555648	-0.0181948297	-0.0033660964	-0.0014690711	0.0313410199	-0.0368655123	-0.00612461	0.0356751267	-0.0091276826	0.0152208763	-0.0018589642	-0.0352987246	0.0860175237	-0.0065683166	-0.0017070864	0.0362662577	-0.0256618507	-0.0143457268	-0.0459889619	0.0317152155	0.0126929453	-0.0756979621	-0.0045089979	-0.0013440572	0.0297851013	-0.0195860127	0.0189969912	-0.0388145861	0.0329268992	0.0001068964	-0.0058876187	0.0108552499	0.0046891074	-0.0293836874	0.0061299364	0.0438081436	0.0270649709	-0.0015923657	0.0374782059	-0.0541905548	-0.0349591507	-0.0765321515	0.0034385639	-0.031875543	0.0016178235	0.0366366528	0.0179168159	-0.0184433751	-0.0667895385	0.0140094585	0.0107097103	0.0136715966	0.0416486069	0.0074067825	-0.0211752484	-0.04382496	-0.0015430238	-0.0077694945	0.0126295903	0.0237791351	0.0119355793	0.0058953059	-0.0498202466	0.0011699904	-0.003359539	0.000118762	-0.0529394049	-0.0085141724	-0.0462512195	-0.0379319957	-0.0075800544	-0.015538025	-0.005633534	0.0325993419	0.0823925929	0.0122399463	-0.0481751513	0.0361838127	-0.051418541	0.0160208462	0.0337122998	0.0069368216	0.0148840209	0.0240866123	-0.055994198	-0.0371672411	0.0271675885	0.0222498103	0.0007195898	-0.0367595511	-0.0285089508	0.0391925659	-0.0266264538	0.0721214668	0.003665065	-0.0461474233	0.0177213899	0.0016501343	-0.0046571334	0.0336938844	-0.0375904045	-0.0081051321	0.0318882626	-0.0038285164	0.0158630706	-0.0029092735	-0.0326755174	-0.0870013248	-0.0131000169	-0.0049037517	-0.0310858354	0.0278610033	0.0153506771	0.0065802854	-0.0501098593	-0.0019550661	0.0808929774	0.0078371685	-0.0034672576	-0.0317180633	0.0126286901	-0.0172726844	0.0120203774	-0.0584594549	0.0067652966	0.0028460039	-0.0118514728	0.0019610041	-0.0210535739	-0.0108100645	-0.0473962729	-0.003248071	0.0090471871	-0.0142563664	0.0500528317	-0.0380592218	0.0741905434	-0.0091127586	0.0379340865	-0.0098492449	0.0055189061	-0.0210848457	0.035413046	-0.0639669609	-0.0053024246	0.0068690899	-0.0121094904	0.0532779795	-0.021579103	0.0169743113	-0.050841882	-0.0132023302	-0.011124273	-0.0052638647	0.0388169973	0.0144103198	0.0082940564	-0.0396361566	0.0033692899	0.0016704546	-0.0251798191	-0.0617582558	-0.0189965356	-0.0328194271	-0.0001536056	-0.0079230314	-0.0504591412	-0.0091722112	0.039151869	0.0700405185	-0.0215304281	-0.015838216	-0.0118816336	0.0032725953	0.0754397241	0.0346210969	0.0111403452	0.0280475247	-0.0286926236	0.0195517527	0.0370932981	0.0552767423	-0.0097663866	-0.0208952408	0.0169141223	-0.0255814364	0.0345939711	9.07466e-05	-0.0512764135	0.0033170885	-0.0531455944	0.0515448064	-0.0075788947	0.0206835514	0.0181276985	0.0577866723	0.0278428889	-0.0456642551	0.0243197753	0.0121764555	0.0081218548	0.014945215	0.0262241971	0.0210685054	0.0521172058	-0.0012815818	-0.0203638921	-0.0186313821	0.0011989077	-0.0489115064	-0.0035938487	0.0487355344	0.0059801733	-0.0484427166	-0.0083521601	0.0480337549	0.0107041222	-0.04750963	-0.0130304206	0.0468715983	0.015325478	-0.0461211897	-0.0175837917	0.0452602033	0.0197999475	-0.0442907033	-0.0219686319	0.0432150141	0.0240846454	-0.0420357148	-0.0261429148	0.0407556328	0.0281385053	-0.0645912	-0.0023152999999999	5.360614089999997e-06	0.00417202311744	-2.48472	0.06475	6.173833478399999	0.0041925625	-0.201929	-0.0372339999999999	0.0013863707559999	0.040775321041	-0.0207407	0.0007915999999999	0.00043017663649	6.2663056e-07	0.00252132	0.00011161	6.3570545424e-06	1.2456792100000061e-08	-0.000646852	0.0001371199999999	4.18417509904e-07	1.8801894399972592e-08	0.0	0.0	0.0	0.0	0.0	0.0	0.0	0.0	0.0	0.0	0.0	0.0	0.0	0.0	0.0	0.0	0.0	0.0	0.0	0.0	0.0	0.0	0.0	0.0	0.0	0.0	0.0	0.0	0.0	0.0	0.0	0.0	0.0	0.0	0.0	0.0	0.0	0.0	0.0	0.0	0.0	0.0	0.0	0.0	0.0	0.0	0.0	0.0	0.0	0.0	0.0	0.0	0.0	0.0	0.0	0.0	0.0	0.0	0.0	0.0	0.0	0.0	0.0	0.0	0.0	0.0	0.0	0.0	0.0	0.0	0.0	0.0	0.0	0.0	0.0	0.0	0.0	0.0	0.0	0.0	0.0	0.0	0.0	0.0	0.0	0.0	0.0	0.0	0.0	0.0	0.0	0.0	0.0	0.0	0.0	0.0	0.0	0.0	0.0	0.0	0.0	0.0	0.0	0.0	0.0	0.0
54885.00147346036	-93.36336293901697	3012363386.741746	8716.717539282605	67367.45588720703	-82.66536035155877	4538374112.714786	6833.561802053066	55464.77347716695	-98.618284952252	3076341096.873442	9725.566126923572	55624.341239370246	55858.44097567472	0.975945	22.357809	0.0303427999999997	0.0179469	0.006235478	0.0035798422	0.0056652093	0.0134509104	0.0698377876	-0.0128591766	-0.0178744129	0.017168188	0.0200916933	0.0131810762	-0.0193995878	0.0351255211	-0.0003529902	0.0232969242	0.0722457328	-0.0223410843	0.0242777802	0.0276374323	0.0253168022	0.0132232599	0.0384324051	-0.0181379291	-0.0211226028	0.0558790978	-0.0234691865	0.0062574422	-0.011802576	0.0244217969	-0.0257129627	0.0183988791	-0.03714041	-0.0153075672	0.0081740826	0.0107283969	-0.0109353164	-0.0599545419	0.039492558	-0.0023928504	0.0306647107	-0.0265197566	-0.0103655232	-0.0129820745	-0.0630507925	-0.0082807987	0.0281914624	0.0543123724	0.0033112724	0.0184185146	0.039198369	-0.0507271907	0.0257672003	-0.0185548272	-0.0097115754	-0.0140604208	-0.0230020727	-0.0336410641	0.0267252953	0.0667221997	0.0184820445	0.0032444954	-0.0097710518	-0.0219106171	0.0301385127	-0.0060801944	-0.0026002592	0.0267381061	-0.0249682852	-0.0077798963	0.0141697894	-0.0187489006	-0.0659023089	0.0428175566	0.0480747236	0.0072529861	0.0358237784	0.0637767434	0.0017357028	0.0198188846	0.0003329784	-0.035547928	0.001888426	-0.0053790464	0.0295496	0.0146556917	-0.0675315822	-0.0168529671	-0.0229759504	-0.027848398	-0.0285442816	0.0311219889	-0.0105600202	-0.0082621291	-0.0488846301	0.0217802626	-0.0186627334	-0.1125581039	-0.0226781693	-0.0094301778	-0.0261046998	0.0146922476	0.0031962527	0.017953634	-0.0155549981	-0.0261916755	0.0286369784	0.0517836182	-0.0241200276	-0.0038467021	0.0431848554	0.0359653651	-0.0453557155	0.0984530511	0.0252406327	-0.0273285271	-0.0156100502	-0.0366205278	0.015682966	0.0210444921	0.0361438261	0.0474993358	-0.0053206275	0.0169407049	0.0250516237	-0.0232539202	0.0147186795	-0.0381659981	-0.0175145466	0.0107730529	0.012619451	-0.0123946131	-0.0587279495	-0.0427357368	-0.0010378161	0.0234295697	0.0314780932	0.009815222	-0.0051588918	0.0030155912	-0.0650670445	-0.0396229629	-0.063851801	-0.000791311	-0.0120496281	-0.0388767887	0.0438064777	-0.0153990853	0.0331383651	-0.0092439197	-0.0218088291	0.0052741763	0.0564716707	-0.0215178029	0.004022991	0.0363495295	-0.0033852678	0.0208682311	0.0250247009	-0.043592723	0.0105065122	-0.0051020462	-0.0224741357	0.0169185425	0.0147630966	-0.0031399488	0.0031159987	0.0517247505	-0.0554395768	0.0491529672	0.0358818572	0.0284680948	0.053653573	0.0315120811	-0.0135978483	0.0336014376	-0.014825784	-0.0167462601	-0.0111224311	0.020978856	0.0036004509	-0.0683166812	-0.0161387232	-0.0277429254	0.0234471964	-0.0090741308	-0.0044333417	-0.0512381848	0.0176056167	-0.0129302963	0.0515507873	0.017325481	-0.0802180951	0.0462430317	-0.0512273844	-0.050956392	0.0048068399	-0.0134634467	0.0096373098	0.0040265215	0.030292186	0.0359019078	-0.0414038062	-0.044312692	-0.0056479625	0.0113478338	-0.0527266332	0.021275745	0.1005025657	-0.0793479988	0.0222992538	-0.0285422369	0.0379629568	-0.0013600029	-0.0473270458	-0.0140249892	-0.0088916039	-0.0063669005	0.0482481773	0.0178360897	-0.0484783239	0.0444246127	0.0399018416	0.0049504609	0.0071935402	-0.0432332191	-0.0073544106	0.008492678	0.010524813	0.042367315	0.0540735846	-0.0027961254	0.0112499278	-0.0203976234	0.0010144892	-0.0489281774	-0.0030417259	0.0488021499	0.005063741	-0.0485923444	-0.0070770633	0.048299121	0.0090782364	-0.0479229833	-0.0110638251	0.0474645768	0.0130304206	-0.0469246886	-0.014974647	0.0463042454	0.0168931667	-0.0456043123	-0.018782686	0.044826091	0.0206399614	-0.0439709173	-0.0224618045	0.0430402594	0.0242450877	-0.0624342	0.0021569999999999	4.652648999999997e-06	0.00389802932964	-2.48453	0.0001899999999999	6.1728893209	3.609999999996673e-08	-0.19005	0.011879	0.000141110641	0.0361190025	-0.0207861	-4.5399999999997526e-05	0.0004320619532099	2.0611599999997754e-09	0.00226991	-0.00025141	5.1524914081e-06	6.320698810000005e-08	-0.000621326	2.5526e-05	3.8604599827600006e-07	6.51576676e-10	0.0	0.0	0.0	0.0	0.0	0.0	0.0	0.0	0.0	0.0	0.0	0.0	0.0	0.0	0.0	0.0	0.0	0.0	0.0	0.0	0.0	0.0	0.0	0.0	0.0	0.0	0.0	0.0	0.0	0.0	0.0	0.0	0.0	0.0	0.0	0.0	0.0	0.0	0.0	0.0	0.0	0.0	0.0	0.0	0.0	0.0	0.0	0.0	0.0	0.0	0.0	0.0	0.0	0.0	0.0	0.0	0.0	0.0	0.0	0.0	0.0	0.0	0.0	0.0	0.0	0.0	0.0	0.0	0.0	0.0	0.0	0.0	0.0	0.0	0.0	0.0	0.0	0.0	0.0	0.0	0.0	0.0	0.0	0.0	0.0	0.0	0.0	0.0	0.0	0.0	0.0	0.0	0.0	0.0	0.0	0.0	0.0	0.0	0.0	0.0	0.0	0.0	0.0	0.0	0.0	0.0
54783.18593008277	-101.81554337759007	3001197460.6500187	10366.404873273928	67137.51698608398	-229.93890112305235	4507446187.056715	52871.89824967685	55376.200624093326	-88.57285307362326	3066523595.559834	7845.150301601654	55532.59853710752	56337.52907429485	1.059025	24.261074	0.0595038999999999	0.0269841	0.0066375859	0.0007246033	0.0053479981	0.0093798714	0.0525114997	-0.0358203194	-0.0030763305	-0.040573938	0.0129697732	-0.0087876368	-0.0048119639	0.0084081269	-0.0171015058	0.0486536406	0.0177915183	-0.0476402508	-0.0543908377	0.0386795434	-0.0117372738	0.0198051319	-0.0166272141	0.0447056343	0.0337585647	-0.0323926728	-0.0319325049	0.0254298023	-0.0145204552	0.0042863139	0.0284366075	-0.018590342	-0.0237971318	0.039859091	-0.0047915279	-0.0096191161	0.0521778931	-0.0059238971	-0.0056293308	-0.058336195	0.0171333336	-0.0242415206	-0.0225577833	0.0464002599	0.006026924	-0.0140679015	0.0554896145	0.0299827262	-0.0240245097	0.0250224054	0.0316638887	0.0105237837	-0.0591940262	-0.0080481205	-0.0053075292	-0.0415775685	0.0166809375	0.0158006717	0.0219204129	-0.0082949736	0.0383680848	-0.0285324894	0.0397733435	0.0540420859	0.0665314334	-0.0386506224	0.0180828388	-0.0245354265	0.0083837043	0.0342405948	0.0009238424	-0.0156971518	0.0150100668	-0.0809003553	0.0101504806	0.0057272047	-0.0029037273	0.0098962303	-0.0146275344	-0.0556536418	-0.0753226309	0.0594333375	0.036460854	0.0280935917	-0.0556917539	0.0085262376	-0.0032624697	0.0481185865	-0.039669099	0.0056975526	-0.0057933408	0.0480098845	0.0276323924	-0.0193451735	0.0312003869	0.0053683566	-0.0296599169	0.0072084383	0.0520202981	0.0030482679	0.0264727306	0.0074959429	-0.0163175068	0.0330909192	-0.0144755311	0.0184144137	-0.033486847	0.0145387957	0.0019884384	-0.0227524399	0.0305113244	0.0613500519	-0.054287127	-0.0389922657	0.0376441254	0.0116737276	-0.0240949577	0.0172562677	-0.0445656727	-0.0377716024	-0.0318030098	0.008065607	-0.028412887	0.0062967845	-0.0002717669	0.0398671717	-0.0224940548	-0.0283534765	0.0342644768	-0.0121302223	-0.000628187	0.0533445929	-0.0107083162	0.0107010987	-0.058880399	0.0112053987	0.0229084981	0.0190104264	-0.0513964872	-0.0046565408	0.0105349257	-0.0605531472	-0.0268899555	0.0284430911	-0.0090258825	-0.0254689266	-0.0149866392	0.0581873461	-0.0216444854	-0.0153954488	-0.0358620728	-0.0247010741	-0.0165087301	0.0062212073	-0.0219327403	0.0349357051	-0.0058550643	-0.0411813969	-0.048565118	-0.0345627482	0.0737592304	0.0224570365	0.0310922062	0.0014254594	-0.0232075757	-6.51282e-05	-0.0040564147	-0.0033540492	0.0847469279	0.0154954443	0.0079142027	-0.0036017623	0.0286900013	-0.029223568	0.0632195733	-0.0991252246	-0.0236790531	0.015943552	0.0003815053	-0.0425109118	-0.0080720607	-0.0152659012	0.0360482838	0.0036777806	0.0560237371	0.0390486989	0.044998276	-0.0189095369	-0.0029932424	0.0033745963	-0.0049490353	0.0400751706	0.0180350091	0.0265510759	0.0300776595	0.0365746962	-0.0085688579	-8.08262e-05	-0.0197059595	-0.0207145884	0.0313555171	-0.0100516194	-0.013034091	-0.0005215398	0.0046444789	-0.0415801091	-0.0681960078	-0.053665417	0.0145740583	0.0347860816	0.0198339621	-0.0359116176	0.0401460612	-0.0112121602	-0.0472777231	-0.0288945406	-0.0256439247	-0.007132216	0.0152536739	-0.0076095869	0.0295059207	0.0452981701	0.0403286503	-0.0274645207	0.0112415471	0.0382649497	-0.0033879598	0.027901702	0.025061323	0.0345730219	0.0593900141	0.0110813983	-0.0243978665	-0.0194644535	0.0008300562	-0.0489420714	-0.0024892147	0.0488576859	0.0041455125	-0.0487171511	-0.0057970462	0.0485206286	0.0074419176	-0.0482683442	-0.0090782364	0.0479605879	0.0107041222	-0.0475977133	-0.0123177063	0.0471801374	0.0139171345	-0.0467083402	-0.0155005685	0.0461828639	0.0170661886	-0.0456043123	-0.0186121956	0.0449733504	0.0201368126	-0.0530561	0.0093781	8.794875961e-05	0.00281494974721	-2.49775	-0.01322	6.238755062499999	0.0001747684	-0.168869	0.021181	0.000448634761	0.0285167391609999	-0.0206123	0.0001737999999999	0.00042486691129	3.02064399999994e-08	0.00239607	0.00012616	5.7411514449e-06	1.5916345600000042e-08	-0.000635862	-1.4535999999999998e-05	4.0432048304400004e-07	2.1129529599999996e-10	0.0	0.0	0.0	0.0	0.0	0.0	0.0	0.0	0.0	0.0	0.0	0.0	0.0	0.0	0.0	0.0	0.0	0.0	0.0	0.0	0.0	0.0	0.0	0.0	0.0	0.0	0.0	0.0	0.0	0.0	0.0	0.0	0.0	0.0	0.0	0.0	0.0	0.0	0.0	0.0	0.0	0.0	0.0	0.0	0.0	0.0	0.0	0.0	0.0	0.0	0.0	0.0	0.0	0.0	0.0	0.0	0.0	0.0	0.0	0.0	0.0	0.0	0.0	0.0	0.0	0.0	0.0	0.0	0.0	0.0	0.0	0.0	0.0	0.0	0.0	0.0	0.0	0.0	0.0	0.0	0.0	0.0	0.0	0.0	0.0	0.0	0.0	0.0	0.0	0.0	0.0	0.0	0.0	0.0	0.0	0.0	0.0	0.0	0.0	0.0	0.0	0.0	0.0	0.0	0.0	0.0
54730.943343948464	-52.2425861343072	2995476159.3184967	2729.2878060005078	66910.14594580079	-227.371040283193	4476967630.488361	51697.58995946137	55475.76368131951	99.56305722618708	3077560356.025609	9912.802364225005	55624.64952091758	55951.08360072545	0.8919	20.432411	0.04822865	0.0258324	0.00633094	0.0069359664	0.0132851949	0.0162733272	0.0428834123	-0.0136772378	0.0260732507	0.0396530855	-0.0016307949	-0.0172983402	0.0219459235	0.0260753067	-0.0142160915	0.0411448346	0.0149165244	-0.0261867514	0.0001271923	-0.0111286627	0.0329527677	0.0369355081	-0.0157859323	-0.0324610631	-0.0041010365	-0.0214999109	0.0291951653	0.036633806	0.009676968	0.0075771662	0.0485597531	-0.0209318243	0.0191839242	-0.0168538367	0.0254296875	-0.0087408879	0.0021673513	-0.0546957035	0.0210343624	-0.0020909838	0.036486646	-0.0249694738	0.0231941729	0.0100884551	-0.0546338097	-0.0069719184	-0.0677352091	-0.026108592	-0.0073826704	0.0217488296	-0.0049708185	-0.0181452147	-0.0137117014	-0.0351426324	-0.0193813324	0.0009284045	0.0027917402	-0.0131625571	0.0080422026	0.0168636159	-0.0296746431	0.0229520819	0.0219085662	0.0060538401	0.0791755348	0.0011268955	0.0164335809	-0.0197526386	-0.0106779769	0.0038563217	0.0208644807	0.0376443618	0.0002005501	0.011895936	-0.0021434739	-0.0396809145	-0.0021177151	0.0161929859	-0.0196007121	0.0042367862	-0.0230927758	0.0177615059	-0.0274887785	0.0189859549	-0.036915001	0.0605084826	-0.0324907497	-0.0004728979	-0.0250100097	0.0513803408	-0.052348423	0.0514008397	0.000794788	0.0004001931	-0.0367652551	-0.0237519157	0.0269151481	-0.0114859311	-0.0291315089	-0.034408574	0.0727118674	0.0098099076	0.0839491094	0.0539032112	-0.032147983	0.0126540364	0.0264999537	0.0268278145	-0.0477532057	0.0145224069	0.0218473607	0.056836753	0.0264470502	0.0747787839	-0.0109416239	-0.0311779917	-0.0355008624	0.0145017435	0.0329950973	0.0087351363	-0.0011880881	-0.0344674803	-0.0376491848	-0.0138901897	0.0022645754	0.0460472445	-0.0117216122	0.0265627174	-0.0129148304	0.0331443041	-0.0081872015	0.0025864233	-0.0533790438	-0.0253397282	-0.0020049346	0.0330649256	0.0255494524	-0.0234275698	-0.0073722069	-0.0029572019	-0.0542437774	0.0610944298	0.0100936838	0.0186912814	-0.0009919418	-0.0103952165	0.0137773461	0.0283282832	0.0312717472	-0.0031189579	0.0086912885	-0.0140488486	0.0138213365	-0.0200305719	0.0098344973	-0.0215471202	-0.0371888038	-0.0163613416	-0.0273642504	-0.0585298264	0.0239889292	0.0057084477	0.0195102499	0.0136763531	0.0112360533	-0.026914525	0.0412538573	-0.0194119975	-0.0113763881	0.0051781777	-0.0338889416	0.0036574772	0.0285905515	-0.0047644161	-0.0055972983	-0.0223299544	0.0033455668	-0.0041890719	0.0369314547	-0.0412477522	0.0442605572	-0.0563324196	-0.007148325	-0.0066316657	-2.01453e-05	0.0137137349	0.0688593353	-0.0492458171	0.0193477133	-0.0369935003	0.0019117119	-0.0295207254	-0.023357722	-0.0145473986	0.0433601413	-0.0439846212	-0.1030804267	-0.0142784131	-0.0356344349	0.0069293712	0.0324909968	0.0479829911	-0.0057833971	-0.0529736011	-0.0016247322	0.0242438572	-0.0734743324	0.0736077683	-0.006613602	0.0264921777	0.0259006146	-0.0389793642	0.0396486456	0.006695582	-0.0382805151	-0.0358873992	-0.0369803853	-0.0071143678	-0.0093565369	0.0202299258	0.0050267904	0.0414401557	0.0377849683	-0.0131759658	0.0177906228	-0.0510624596	-0.0139453393	0.025818912	-0.0013530814	0.0359956203	0.0548001072	-0.0462516514	-0.0240885274	0.0181095075	0.0006456115	-0.0489531875	-0.0019363856	0.0489021298	0.0032258135	-0.0488170731	-0.0045129987	0.0486980765	0.0057970462	-0.0485452228	-0.0070770633	0.0483586182	0.0083521601	-0.0481383925	-0.0096214501	0.0478846987	0.0108840509	-0.0475977133	-0.0121390845	0.0472776357	0.0133856785	-0.0469246886	-0.0146229661	0.0465391172	0.0158500872	-0.057939	-0.0048828999999999	2.384271240999996e-05	0.0033569277209999	-2.49246	0.00529	6.212356851599999	2.7984100000000175e-05	-0.169753	-0.0008839999999999	7.814559999999927e-07	0.0288160810089999	-0.021031	-0.0004187	0.000442302961	1.7530969000000089e-07	0.00217106	-0.00022501	4.7135015236e-06	5.0629500100000144e-08	-0.000735587	-9.972500000000004e-05	5.41088234569e-07	9.94507562500001e-09	0.0	0.0	0.0	0.0	0.0	0.0	0.0	0.0	0.0	0.0	0.0	0.0	0.0	0.0	0.0	0.0	0.0	0.0	0.0	0.0	0.0	0.0	0.0	0.0	0.0	0.0	0.0	0.0	0.0	0.0	0.0	0.0	0.0	0.0	0.0	0.0	0.0	0.0	0.0	0.0	0.0	0.0	0.0	0.0	0.0	0.0	0.0	0.0	0.0	0.0	0.0	0.0	0.0	0.0	0.0	0.0	0.0	0.0	0.0	0.0	0.0	0.0	0.0	0.0	0.0	0.0	0.0	0.0	0.0	0.0	0.0	0.0	0.0	0.0	0.0	0.0	0.0	0.0	0.0	0.0	0.0	0.0	0.0	0.0	0.0	0.0	0.0	0.0	0.0	0.0	0.0	0.0	0.0	0.0	0.0	0.0	0.0	0.0	0.0	0.0	0.0	0.0	0.0	0.0	0.0	0.0
54792.1943795331	61.251035584638885	3002184564.924539	3751.689360190699	67644.48586132812	734.3399155273364	4575776467.44342	539255.1115366956	55439.59796036327	-36.165720956239966	3073549022.006716	1307.9593722846146	55594.52282610312	56056.056413605926	0.989468	22.667603	0.0674520000000002	0.0492626	0.0063820014	0.0071575663	0.0119082644	0.0096181425	0.0446682356	-0.0256849072	0.0043827041	-0.0378450542	-0.0021292558	0.0634081341	-0.0121706866	0.0333318581	-0.031947314	0.0206382756	0.0234385867	-0.0055383387	0.0125409545	0.0483426152	0.0122662588	-0.0224302199	0.0085257902	0.046285763	-0.0184156125	-0.0261719181	-0.0052935009	-0.0370229179	-0.0200069671	0.0199539994	0.0090511286	-0.0271785778	0.0352926123	-0.0015257467	0.0153981243	-0.0019897558	0.0294373915	-0.0199734458	0.0524112569	-0.0448994136	0.0716840536	0.000296277	-0.0420224953	-0.0177648426	-0.0110161168	0.0092981322	-0.0066235944	0.0337798633	-0.004102351	-0.0126957929	-0.0213057865	0.0193309175	-0.0164784091	-0.0173029392	-0.0226059949	0.0582224555	0.0425803006	0.0639769942	0.0302735322	0.04017665	-0.0377443207	-0.037563409	-0.005266622	-0.0007412985	0.0086605689	0.033468813	-0.0245678394	0.0140351104	-6.68928e-05	0.0016157692	0.0074923647	-0.0023552692	-0.0073670955	0.04062543	-0.0161335683	-0.0147122033	-0.0281048567	0.0094730109	-0.054241759	-0.0480514989	-0.0271031109	-0.0190589529	-0.0184727809	-0.0364655748	0.0343918147	-0.0287382369	-0.0017100563	0.0617065421	-0.0177288842	-0.0019397235	-0.0099844726	-0.0649835399	-0.0833520173	0.0339908174	-0.041449887	0.0494411744	-0.0027047975	-0.0074473328	0.0488035916	-0.0051548677	-0.0050312032	0.0060630859	-0.0240495336	-0.0060061283	-0.0804460366	0.0212810017	0.0255837034	0.0266992569	-0.0087944185	-0.0941622331	-0.0031601702	0.0151552597	-0.0228811057	0.0280588464	0.0472913096	-0.0137952349	0.0177224628	-0.0070267721	-0.0476137402	0.0152699415	-0.0314629815	-0.0013534662	0.0343161444	0.0179735386	0.0233027367	0.0159967366	-0.0228687396	0.0342860158	0.007903261	0.0198893753	0.0001602562	0.0310305384	-0.0199250127	-0.0500821475	-0.0442498459	0.0567973356	0.0033297085	0.0499256623	0.0062172222	0.0231341005	-0.0191288791	-0.0048752932	-0.0459747781	-0.0059789549	0.0142790076	0.0181255549	-0.0115199976	0.0386227999	0.0439212383	0.0265920306	0.0731305382	-0.0158959215	-0.0276789365	-0.0499256719	-0.0272214807	0.001180718	0.0430182279	0.0046606569	-0.0276203362	-0.0118182439	-0.0101133942	-0.0238860386	-0.0226476051	0.0013684176	-0.0051309266	-0.0192030525	0.0033177631	0.0005348684	-0.0507402315	-0.0210182857	-0.0231503251	-0.0309829006	0.0269457026	-0.0545718878	0.0289952767	0.0072118399	-0.0423461539	-0.0452166225	-0.0082650521	0.0160067291	-0.0086522295	0.0174511496	0.0716373025	-0.0243667362	-0.0426007385	-0.061083719	-0.0656231548	-0.0519779767	-0.0048353814	0.0460998984	0.0296702573	-0.0030431496	0.0090379404	0.0354851393	-0.0050861699	0.0188084108	0.0287490447	0.0103264146	0.0158251802	0.0157087096	0.0850622664	0.048262028	0.0019092977	-0.0264958496	0.0373600149	-0.0675221505	0.0090232622	0.0195754768	0.0265954262	-0.0238331352	0.0251069583	-0.0403264821	0.0336632555	0.0056954745	-0.0400127816	-0.0033196227	-0.0530463967	-0.0185027458	0.0084276569	0.0192061825	-0.0341659311	0.0214838472	0.0288941031	-0.0152066765	0.0092167348	0.0382685623	-0.0061722438	0.0219607979	0.0164586822	0.0077005751	0.0583189179	-0.0170596182	-0.0421153795	-0.0023854522	0.0004611576	-0.0489615251	-0.0013833093	0.0489354716	0.0023049702	-0.0488920593	-0.0032258135	0.0488313037	0.0041455125	-0.0487532262	-0.005063741	0.0486578547	0.0059801733	-0.0485452228	-0.0068944842	0.0484153707	0.0078063495	-0.0482683442	-0.0087154456	0.0481041957	0.0096214501	-0.0479229833	-0.0105240416	0.0477247713	0.0114229	-0.0623785	-0.0044395	1.970916025000005e-05	0.00389107726225	-2.50138	-0.0089200000000002	6.256901904400001	7.956640000000465e-05	-0.170961	-0.001208	1.4592640000000354e-06	0.029227663521	-0.0201062	0.0009247999999999	0.00040425927844	8.552550399999998e-07	0.00224699	7.59300000000001e-05	5.0489640601e-06	5.765364900000014e-09	-0.000678627	5.696e-05	4.6053460512900003e-07	3.2444415999999997e-09	0.0	0.0	0.0	0.0	0.0	0.0	0.0	0.0	0.0	0.0	0.0	0.0	0.0	0.0	0.0	0.0	0.0	0.0	0.0	0.0	0.0	0.0	0.0	0.0	0.0	0.0	0.0	0.0	0.0	0.0	0.0	0.0	0.0	0.0	0.0	0.0	0.0	0.0	0.0	0.0	0.0	0.0	0.0	0.0	0.0	0.0	0.0	0.0	0.0	0.0	0.0	0.0	0.0	0.0	0.0	0.0	0.0	0.0	0.0	0.0	0.0	0.0	0.0	0.0	0.0	0.0	0.0	0.0	0.0	0.0	0.0	0.0	0.0	0.0	0.0	0.0	0.0	0.0	0.0	0.0	0.0	0.0	0.0	0.0	0.0	0.0	0.0	0.0	0.0	0.0	0.0	0.0	0.0	0.0	0.0	0.0	0.0	0.0	0.0	0.0	0.0	0.0	0.0	0.0	0.0	0.0
54705.18066999979	-87.01370953331207	2992656792.1373186	7571.3856467476035	66687.07329101562	-957.4125703125028	4447165744.121289	916638.8297923933	55421.43612487911	-18.16183548416302	3071535582.1440554	329.85226815380304	55583.73642661751	55396.752587256495	1.198156	27.448393	0.0767920999999997	0.0437171	0.0095772114	-0.0007106399	0.0208815657	0.0212903553	0.0258245317	-0.020130154	0.0224072473	0.0087332902	0.0354399811	-0.0376733636	-0.0500908685	-0.0141953016	0.0398065634	0.0360656633	0.0224736	-0.0327617704	-0.0138869872	0.0272040303	0.0081969253	0.0322138788	0.0106891029	-0.023142644	0.0500295754	0.0293330968	-0.0157107552	0.0511378568	-0.0450032991	0.0180844566	0.0328616571	0.0347094291	-0.0056992258	0.0435371071	-0.006732172	-0.0097970226	0.0098422248	-0.050297295	0.0549875129	-0.0052781209	0.0059451171	-0.0284754715	-0.0375532363	0.0477901193	-0.0094469775	-0.0053831441	-0.0116163106	-0.016193201	0.0481035852	-0.0316803489	-0.0652653398	0.0763456135	0.0475046447	0.0163824653	-0.0495319369	0.0080735625	-0.0110729546	-0.0008411238	0.0286349531	0.03498253	0.0027266306	0.0110740323	0.008990175	0.018770306	-0.0150779495	-0.0516224758	-0.0417300993	0.0460341177	-0.0179271482	0.0090445884	-0.0392734872	0.0315936826	-0.0119224875	0.0052764186	-0.0351357753	0.0015111535	-0.0057835029	0.0607436082	0.0246286641	-0.0582761772	0.0220349663	-0.070678359	-0.0123013712	0.0114306926	-0.053256183	-0.02989251	-0.0080646042	-0.0230465466	-0.0089725289	0.0263046273	-0.0041117668	-0.0462004558	-0.0371470294	0.0096379763	-0.037185691	-0.0057585687	0.0501811432	0.0448584885	-0.0369112547	0.0385774813	0.0288895129	0.0049531647	-0.0078785965	0.0309324883	-0.0248872123	-0.0543864827	-0.0011756785	0.0537129464	-0.0118011797	0.0581556047	0.0162300072	0.0811948101	0.028662408	-0.0306579381	0.0260098998	-0.0079451107	-0.0334551971	-0.0097557313	0.0225718148	-0.0489613033	0.0290196436	0.0236562283	-0.0488822044	0.0424646451	0.0082167412	0.0383984592	0.0353702961	-0.0170343423	0.0440405397	-0.007176909	-0.0058000782	0.0086488053	-0.0496799712	-0.0543985451	-0.013540651	0.0053900584	0.0227186028	0.027167335	-0.0482204942	-0.0283234994	-0.0017837154	0.0141501619	0.026548084	-0.057392439	0.0162964511	0.0513935104	-0.0649132082	-0.0266840971	0.0414105618	0.0642103203	-0.0037886755	0.0254364403	0.0151840398	-0.0112493159	-0.012353388	0.0157615756	-0.0016695073	0.0078761854	0.022503197	0.0126250372	0.0576335611	-0.0199135383	-0.0564741055	0.0058194697	0.013609523	0.0455221842	0.0264779454	0.0035259602	-0.0031058148	-0.0436863044	-0.0116266759	-0.0090890425	0.0349114712	0.0409378881	0.0473182473	0.0537019393	-0.0582359183	0.0147500721	0.0023937152	-0.0543973772	-0.0370561831	0.0010227294	-0.0146672359	-0.0312660223	-0.051674596	-0.0223966121	-0.0159835823	0.0034577852	-0.0097914918	0.0123487433	0.0122430679	-0.0636820277	0.0026385933	-0.0559732256	0.0016025934	0.0309089448	-0.0283034961	-0.0175519357	-0.0369846904	0.0316851151	0.0333361224	-0.0003688305	-0.0636031282	-0.0211791431	-0.0533643703	0.0331272886	-0.0706756778	-0.0152204908	-0.0401677517	-0.0439574666	0.025203707	-0.0497601267	0.039163322	-0.0025185323	-0.0406713049	-0.0523391655	-0.0092377504	-0.051633466	0.0281674247	-0.0040789413	0.0143150432	0.0320344984	0.028277279	-0.016326525	-0.0102246922	-0.0470627012	-0.0140916763	0.0054781001	0.0311102909	0.0177124723	0.0421042248	-0.0345948778	-0.0142875973	0.0049237304	0.0002766972	-0.0489670838	-0.0008300562	0.0489577037	0.0013833093	-0.0489420714	-0.0019363856	0.048920189	0.0024892147	-0.0488920593	-0.0030417259	0.0488576859	0.0035938487	-0.0488170731	-0.0041455125	0.0487702262	0.004696647	-0.0487171511	-0.0052471816	0.0486578547	0.0057970462	-0.0485923444	-0.0063461704	0.0485206286	0.0068944842	-0.0507334	0.0116451	0.00013560835401	0.00257387787556	-2.53443	-0.0330499999999998	6.423335424899999	0.0010923024999999	-0.151116	0.019845	0.000393824025	0.022836045456	-0.0203284	-0.0002221999999999	0.00041324384656	4.937283999999947e-08	0.00222415	-2.28400000000001e-05	4.946843222499999e-06	5.216656000000044e-10	-0.000678627	0.0	4.6053460512900003e-07	0.0	0.0	0.0	0.0	0.0	0.0	0.0	0.0	0.0	0.0	0.0	0.0	0.0	0.0	0.0	0.0	0.0	0.0	0.0	0.0	0.0	0.0	0.0	0.0	0.0	0.0	0.0	0.0	0.0	0.0	0.0	0.0	0.0	0.0	0.0	0.0	0.0	0.0	0.0	0.0	0.0	0.0	0.0	0.0	0.0	0.0	0.0	0.0	0.0	0.0	0.0	0.0	0.0	0.0	0.0	0.0	0.0	0.0	0.0	0.0	0.0	0.0	0.0	0.0	0.0	0.0	0.0	0.0	0.0	0.0	0.0	0.0	0.0	0.0	0.0	0.0	0.0	0.0	0.0	0.0	0.0	0.0	0.0	0.0	0.0	0.0	0.0	0.0	0.0	0.0	0.0	0.0	0.0	0.0	0.0	0.0	0.0	0.0	0.0	0.0	0.0	0.0	0.0	0.0	0.0	0.0	0.0
54766.78022906172	61.59955906192772	2999400216.6583457	3794.5056766239218	67521.51768798828	834.4443969726562	4559155350.889314	696297.4516390599	55444.46582220141	23.029697322301217	3074088790.3092604	530.3669587568079	55595.85243220742	56222.1369140625	1.121524	25.692856	0.05416325	0.0288482	0.0050058682	0.0075541407	0.0178390949	0.0186502408	0.0471545915	-0.0231504337	0.0010750602	0.0146173401	-0.0033461213	0.0168378921	0.0274795825	0.0368419316	-0.0536433992	0.0505841485	-0.0163390309	-0.0159700546	-0.0473503201	0.0348344992	0.0130824395	-0.0019619049	0.0066572614	0.0086575727	-0.0247527378	-0.0319771965	-0.0003317025	-0.0023799734	0.0209674473	-0.0183171095	0.0003186229	0.0087276634	-0.0552734754	0.0329743921	-0.0242755769	0.0062003442	-0.0372141671	-0.0386754668	0.0259422799	0.0028095744	0.0211745458	-0.010660777	-0.0140431772	-0.0311503855	-0.0592467966	-0.024550376	0.0351687926	0.0323716655	-0.0168158163	-0.0251001004	-0.0087909667	0.0984014695	-0.091283223	-0.084527781	0.0095581053	0.0023891637	-0.0419930483	-0.0068859287	-0.0223840005	0.0273278454	-0.0412874545	-0.066867	-0.0083999914	0.0384417722	0.0138628159	-0.0356106615	0.0150031269	0.0379931643	-0.0075326953	0.0110157538	-0.018129693	-0.0197293428	0.0304735908	-0.0869613451	-0.016054597	0.0290030716	0.0435126459	-0.0391334505	0.0440277821	0.030426292	0.0784563998	0.0375407177	0.0040957592	-0.00690835	-0.0071053062	0.0272621883	0.0057884314	-0.0005707895	-0.0266852698	0.0023278376	-0.0017083033	-0.0223287262	-0.0281615989	-0.0140859149	0.0223425709	0.0226120332	-0.0128880984	-0.0296799478	-0.0134738559	-0.0386168932	0.0409405503	0.0128119683	0.0207751321	-0.0886616963	0.0039548543	0.0035293024	0.0108196971	-0.0107638444	0.0026139586	0.026127821	0.0040344055	-0.0308117702	0.0036594952	0.0019638128	0.0350553736	-0.0155382208	0.0024991311	-0.0071750174	-0.0067359824	0.0247287942	-0.0300561437	-0.0160609724	0.0018551	-0.0234879665	-0.02077031	0.0011366734	0.0006036498	-0.0578682299	0.0201636744	-0.0281833535	0.0083524461	-0.0384925966	-0.0392314198	-0.0250683588	-0.0041629196	0.0160578046	0.0107902569	0.0147737322	0.0234801571	-0.0300164959	-0.0537457478	-0.0458469904	-0.0271072629	-0.0023466463	0.0404917472	0.0112969042	-0.0889681624	0.1039954071	0.0004789813	-0.0540595795	0.0050874791	0.033077421	0.0361473679	-0.0410081086	0.036400603	-0.0316378881	0.072022181	-0.0134665541	-0.0176428542	0.0027742143	0.0513728935	0.0288244293	-0.0306171784	0.0098467496	-0.0060248171	0.0201654129	-0.0235126638	0.0012315079	0.0985593902	-0.0075537382	0.0149809919	0.0408506825	-0.0573539242	0.015543507	0.0069769228	0.0170790225	0.082708344	0.0203630793	-0.0205984672	-0.0065638801	0.0352536482	0.0020150908	-0.00338268	-0.0256036189	-0.0078512053	0.0004116447	-0.0101406774	-0.0044914833	-0.0326145569	0.0321543297	-0.0083172461	0.0158102918	-0.0299316602	0.0056559674	0.0265662211	-0.0286360118	-0.0226163935	-0.0043560141	0.0837732071	0.0373120431	-0.0174870711	0.0004368056	0.0223292218	0.0031054986	0.0054794301	0.034004024	0.0121864912	-0.0001791498	-0.0125436599	0.0407047688	0.0268751322	-0.0489268879	0.0364725491	0.0058021229	-0.0463218866	-0.0225909988	-0.0744302816	0.0007269655	-0.0315194035	0.0131501437	0.0041782913	0.0425182235	0.0352296264	0.0179826076	0.0282009855	0.0186419634	-0.0099427717	0.031814001	0.0163632656	0.0331834408	0.0662454291	-0.0302637858	-0.0412434368	0.0063837359	9.22328e-05	-0.0489698633	-0.0002766972	0.048968821	0.0004611576	-0.0489670838	-0.0006456115	0.0489646519	0.0008300562	-0.0489615251	-0.0010144892	0.0489577037	0.0011989077	-0.0489531875	-0.0013833093	0.0489479767	0.0015676912	-0.0489420714	-0.0017520508	0.0489354716	0.0019363856	-0.0489281774	-0.002120693	0.048920189	0.0023049702	-0.0624293	-0.0116959	0.00013679407681	0.00389741749849	-2.51138	0.02305	6.3070295044	0.0005313025	-0.165074	-0.0139579999999999	0.0001948257639999	0.027249425476	-0.0203833	-5.490000000000009e-05	0.00041547891889	3.014010000000009e-09	0.00221724	-6.909999999999729e-06	4.9161532176000005e-06	4.774809999999625e-11	-0.00063125	4.737700000000003e-05	3.984765625e-07	2.2445801290000032e-09	0.0	0.0	0.0	0.0	0.0	0.0	0.0	0.0	0.0	0.0	0.0	0.0	0.0	0.0	0.0	0.0	0.0	0.0	0.0	0.0	0.0	0.0	0.0	0.0	0.0	0.0	0.0	0.0	0.0	0.0	0.0	0.0	0.0	0.0	0.0	0.0	0.0	0.0	0.0	0.0	0.0	0.0	0.0	0.0	0.0	0.0	0.0	0.0	0.0	0.0	0.0	0.0	0.0	0.0	0.0	0.0	0.0	0.0	0.0	0.0	0.0	0.0	0.0	0.0	0.0	0.0	0.0	0.0	0.0	0.0	0.0	0.0	0.0	0.0	0.0	0.0	0.0	0.0	0.0	0.0	0.0	0.0	0.0	0.0	0.0	0.0	0.0	0.0	0.0	0.0	0.0	0.0	0.0	0.0	0.0	0.0	0.0	0.0	0.0	0.0	0.0	0.0	0.0	0.0	0.0	0.0
54725.482048931706	-41.29818013001204	2994878385.4879465	1705.5396820509216	66665.70755517579	-855.8101328124903	4444316563.832222	732410.9834245323	55437.368029950434	-7.097792250977363	3073301774.0881705	50.37865483803431	55589.70906800072	54875.62972110897	1.0998	25.195185	0.0585906000000001	0.037078	0.0103109188	0.0014211234	0.0192305213	0.0136586028	0.0417285517	-0.0245478588	0.0162484059	-0.0103253251	0.0380106389	-0.0223231834	-0.0273860277	0.019241622	0.0091501718	0.0523854932	0.0173126278	-0.0210295577	0.0444993795	0.0444419738	0.020606449	0.0240888785	0.0091515604	-0.0306769824	-0.015772143	0.0242809372	-0.0149955327	0.0167639948	0.0148793824	0.0330019631	0.0910887814	-0.0299057134	0.052344208	0.0094776157	0.015238946	0.0055863832	0.0144957685	0.0483769902	-0.0230237065	-0.0278569359	0.0668487733	0.0058576198	0.0067309134	0.0853390296	-0.0266680963	0.0282436939	0.0007176771	0.0135254432	-0.043757883	-0.0157446048	-0.002127782	0.0295302069	-0.01189	-0.0281032988	-0.0218503137	-0.0083166318	0.0111650325	0.0198239253	-0.0270958727	0.0347528627	0.0300265282	0.0116406036	0.02284238	-0.0577944086	-0.0513371239	0.0705669387	-0.007283001	0.0116492939	-0.0058768117	-0.0676623295	0.0135690106	0.095289616	0.0249911473	-0.0321273029	0.0322887519	-0.0079745683	-0.0048623552	-0.0089533978	0.0189769044	0.0014048093	0.0190299064	-0.0456204494	0.0046889333	-0.0481666367	-0.0235293504	0.0034433442	0.0013977578	-0.0072824998	-0.0137123123	-0.0720218759	-0.0012384593	-0.0303632076	0.0287704059	-0.0386025873	0.010494407	-0.0328805477	-0.0753630866	0.0163314055	-0.0838753326	0.0227119378	-0.0544304997	-0.0325918895	-0.0176263728	0.015635084	-0.0152225181	0.0105866781	-0.013275467	0.031194302	0.0492470693	-0.0080360703	0.0390480442	0.0430277156	0.0794792654	0.0090803055	0.0441283866	-0.0216990189	-0.0240437812	-0.0091827251	0.027440301	0.0176348415	0.024246444	0.023629192	-0.016454512	-0.0244471325	0.0202259212	0.0937478733	-0.0128196174	0.0532866417	0.0152307024	0.0227436711	0.0051663652	0.0138111947	0.0470733475	0.0255662755	-0.0248757111	0.0673919811	-0.0062290017	-0.0049912811	-0.0805132225	0.0202161974	-0.023624698	-0.0086060639	0.0024350227	0.0385209663	0.0360915133	0.0189852721	-0.0269126386	0.0252994399	0.0218184816	-0.0113558245	-0.0039532231	-0.0053888623	-0.0234735556	-0.0126202045	0.0345904776	0.0554613325	-0.0018932216	-0.0198462001	0.0330731476	0.0186732699	-0.0892818194	-0.0278321164	-0.0219906424	-0.0281564292	0.0689573634	-0.0152674789	0.0671638389	-0.063270122	0.018325299	0.0295948805	-0.0008097924	-0.0141082719	-0.0198827787	0.0111982598	-0.001319326	0.0454055133	-0.010503257	-0.0127937922	-0.0474120365	-0.0221443536	0.0078487244	0.0070589989	-0.0034948578	-0.028568061	0.0408523789	-0.0309814727	-0.0210152791	0.0528924637	-0.0422160981	-0.0415850779	-0.0027188166	0.0712140896	-0.0204784206	-0.0745591108	-0.0483242324	-0.0289916332	0.0390817778	0.0129732504	-0.0237471706	-0.0249256966	0.0224112537	0.0025635251	-0.0405060584	0.0325008001	0.045851267	0.0048970955	-0.0381420143	0.0159849555	-0.0590579602	-0.0489618861	0.0267829256	-0.0452121665	0.0325524037	0.0029848464	-0.0439763527	-0.0286501791	-0.0216599154	-0.0323900902	0.0320819518	0.0456570332	-0.0232067379	0.0362393105	0.0211432094	-0.0637306304	-0.0045303193	-0.0283878416	-0.0310129217	-0.0139202879	0.0259663634	0.0270834073	0.0277826027	-0.0265507004	-0.0283245552	-0.0018722014	-9.22328e-05	-0.0489698633	0.0002766972	0.048968821	-0.0004611576	-0.0489670838	0.0006456115	0.0489646519	-0.0008300562	-0.0489615251	0.0010144892	0.0489577037	-0.0011989077	-0.0489531875	0.0013833093	0.0489479767	-0.0015676912	-0.0489420714	0.0017520508	0.0489354716	-0.0019363856	-0.0489281774	0.002120693	0.048920189	-0.0023049702	-0.0605518	0.0018774999999999	3.5250062499999896e-06	0.00366652048324	-2.51994	-0.0085600000000001	6.3500976036	7.32736000000021e-05	-0.179735	-0.014661	0.000214944921	0.032304670225	-0.0198115	0.0005718	0.0003924955322499	3.269552400000009e-07	0.00228345	6.62099999999997e-05	5.214143902499999e-06	4.383764099999961e-09	-0.000599418	3.1831999999999976e-05	3.59301938724e-07	1.0132762239999983e-09	0.0	0.0	0.0	0.0	0.0	0.0	0.0	0.0	0.0	0.0	0.0	0.0	0.0	0.0	0.0	0.0	0.0	0.0	0.0	0.0	0.0	0.0	0.0	0.0	0.0	0.0	0.0	0.0	0.0	0.0	0.0	0.0	0.0	0.0	0.0	0.0	0.0	0.0	0.0	0.0	0.0	0.0	0.0	0.0	0.0	0.0	0.0	0.0	0.0	0.0	0.0	0.0	0.0	0.0	0.0	0.0	0.0	0.0	0.0	0.0	0.0	0.0	0.0	0.0	0.0	0.0	0.0	0.0	0.0	0.0	0.0	0.0	0.0	0.0	0.0	0.0	0.0	0.0	0.0	0.0	0.0	0.0	0.0	0.0	0.0	0.0	0.0	0.0	0.0	0.0	0.0	0.0	0.0	0.0	0.0	0.0	0.0	0.0	0.0	0.0	0.0	0.0	0.0	0.0	0.0	0.0
54791.6120361536	66.12998722189514	3002120749.5203724	4373.175209968013	67380.95334619141	715.2457910156227	4540192873.841623	511576.54156556376	55394.54811600882	-42.819913941617415	3068555960.976816	1833.5450299675213	55556.19549275987	56314.744507153	1.17379	26.890211	0.1143576000000001	0.0623517	0.0059327378	-0.0041421599	0.0240967373	0.0315235534	0.0495158981	-0.0189284808	-0.0179000265	0.0600884287	0.0164162463	0.0102861625	-0.0361587229	0.0414438725	-0.0472742573	0.0485824194	-0.0336020986	-0.0226344379	-0.0510579343	0.0569455732	0.0152551938	-0.036699568	0.0073652173	-0.0386265936	-0.0066948983	-0.0204565164	0.0262514581	0.0122483441	-0.0018901566	-0.0501926205	-0.0227551783	0.0259044715	-0.0428054676	0.0223927234	-0.0643010025	0.1125168781	-0.0267218569	-0.0459030579	0.0557536076	-0.0215861263	0.0365808888	-0.0375711365	0.06861954	-0.0414775763	-0.061877985	0.0050818273	-0.0630651392	0.0084396352	-0.0512011197	0.0456135218	0.0629234258	-0.001246463	0.0022151956	-0.0392390976	-0.0393125735	0.012584321	0.0194075745	0.0168763417	-0.0204526925	0.008452011	-0.0188050066	0.0233118137	-0.0290214012	0.0015939581	-0.0374169889	-0.0155450774	-0.0312624791	-0.0225592004	-0.0265477322	-0.0466661616	-0.0136660529	0.0069605186	0.0496323719	-0.0803613149	0.0132555364	-0.0040582042	-0.0626296794	-0.0875119334	0.0050271384	0.0005726075	0.0097844193	-0.0132793182	0.0914478262	-0.0052857256	-0.0499475389	-0.0317042825	-0.0342649206	-0.0233918739	-0.0241080156	-0.039256904	0.0129528112	0.0308488728	-0.0532932442	0.0082862581	-0.0195197311	0.0297344223	0.0213018993	0.0193443433	-0.0210195432	0.0079864709	-0.0196232915	-0.0121046878	0.0446432756	-0.0286248102	0.0174985137	0.0051215513	0.0476834702	0.0488987173	-0.0564548296	0.040037559	-0.0215099523	0.0465999791	0.0524171674	-0.0635477193	0.0567921353	-0.0231851079	0.0366891764	-0.0070171804	0.0397441698	0.006016414	-0.0113293811	-0.0313868289	-0.0144357129	0.0065737899	-0.0457279292	-0.0276547588	0.0118304298	-0.0428153791	0.0094261524	-0.0644417707	0.1129485132	-0.0376587332	-0.040526121	-0.0613836746	-0.014128685	0.0322921174	0.0428928232	-0.0639266791	0.0338316473	0.0258768016	-0.0688380819	0.0456585132	-0.039006286	0.0656444236	-0.0083522988	-0.0626687694	-0.0058720148	0.0160179055	0.0489276907	-0.0104125529	0.0123578131	-0.0076246849	-0.0363008925	-0.0093148577	0.019375058	-0.0111802177	0.003827526	0.0325001698	0.0261425506	0.042616154	-0.0034402055	-0.0285381519	0.0137130616	0.0194061476	0.0462546983	0.0052477229	-0.0220639683	-0.058873915	0.0724272798	0.0263152977	-0.0252302106	-0.0628622308	-0.0776719204	-0.0284789777	0.0038441952	-0.0246434048	-0.0041249327	0.062603351	-0.0767738139	-0.0246536517	-0.04856889	-0.0108326921	-0.0350201871	-0.0262079103	0.038599678	-0.0002062249	-0.0362440221	-0.0470250432	-0.0005854294	0.0191289257	0.0170150249	-0.0304920752	0.0210005298	-0.0293507226	-0.0334948344	-0.0243946506	-0.0124678088	0.0071040511	0.0276730456	-0.0041479329	-0.0312796523	0.053828659	-0.023635778	-0.0402539376	-0.061508175	0.0271140941	-0.0194429105	0.0016956756	-0.0784870029	0.0264261584	0.0266167555	-0.0675710805	0.0521914733	-0.0061722556	-0.0764075467	-0.0215670889	-0.0530284267	-0.0173001418	0.0030534067	-0.0096259737	0.0197275502	0.0293448307	0.0396699579	0.0374572589	-0.0076743317	-0.0059154816	-0.0047882816	0.0188211953	0.0539531955	0.0117213008	0.049173564	-0.0037945496	-0.0347291644	0.0160007727	-0.0002766972	-0.0489670838	0.0008300562	0.0489577037	-0.0013833093	-0.0489420714	0.0019363856	0.048920189	-0.0024892147	-0.0488920593	0.0030417259	0.0488576859	-0.0035938487	-0.0488170731	0.0041455125	0.0487702262	-0.004696647	-0.0487171511	0.0052471816	0.0486578547	-0.0057970462	-0.0485923444	0.0063461704	0.0485206286	-0.0068944842	-0.0521679	0.0083839	7.028977921e-05	0.00272148979041	-2.56977	-0.04983	6.603717852900001	0.0024830289	-0.150305	0.02943	0.0008661249	0.022591593025	-0.0200471	-0.0002356	0.00040188621841	5.5507360000001176e-08	0.00243636	0.00015291	5.935850049599999e-06	2.3381468100000008e-08	-0.000745182	-0.000145764	5.55296213124e-07	2.1247143696000012e-08	0.0	0.0	0.0	0.0	0.0	0.0	0.0	0.0	0.0	0.0	0.0	0.0	0.0	0.0	0.0	0.0	0.0	0.0	0.0	0.0	0.0	0.0	0.0	0.0	0.0	0.0	0.0	0.0	0.0	0.0	0.0	0.0	0.0	0.0	0.0	0.0	0.0	0.0	0.0	0.0	0.0	0.0	0.0	0.0	0.0	0.0	0.0	0.0	0.0	0.0	0.0	0.0	0.0	0.0	0.0	0.0	0.0	0.0	0.0	0.0	0.0	0.0	0.0	0.0	0.0	0.0	0.0	0.0	0.0	0.0	0.0	0.0	0.0	0.0	0.0	0.0	0.0	0.0	0.0	0.0	0.0	0.0	0.0	0.0	0.0	0.0	0.0	0.0	0.0	0.0	0.0	0.0	0.0	0.0	0.0	0.0	0.0	0.0	0.0	0.0	0.0	0.0	0.0	0.0	0.0	0.0
54938.89914217548	147.2871060218822	3018282638.95413	21693.49160030117	67319.3590102539	-61.59433593750873	4531896097.551454	3793.86221958268	55575.00405547328	180.45593946446024	3088581075.765871	32564.34608800094	55727.03842508623	56006.38421963778	1.13967	26.108559	0.0573025000000001	0.0322972	0.005142792	-0.0030502838	0.0227034691	0.0226133058	0.0659139363	-0.0402322063	-0.0050272743	-0.0243289747	0.0485284744	0.0023897973	-0.0110159104	-0.001418036	0.00751035	0.0564345449	0.0224194947	-0.0503222988	0.0155931455	0.0354948857	0.0325225426	0.0007657993	-0.0232169992	0.0177252829	-0.0318362406	0.0744384182	0.037828344	-0.0447767668	-0.000856581	0.0401171309	0.0882990041	0.0400401534	0.0499180447	0.0092227842	0.0157195164	0.0126443786	-0.0368469014	0.0055177894	-0.0132247735	0.0146222464	-0.0123848244	-0.0268684239	0.0052371236	0.0170618777	-0.0222937578	0.0313452123	-0.005365127	0.0090991794	0.0062027805	-0.043329939	0.0722021854	0.0488044172	-0.0373003858	-0.0098513329	0.0014754366	-0.045425905	-0.0232781661	0.0158425184	0.0326577764	0.0471331804	0.012385438	0.0621452548	-0.0243707429	-0.0181910927	-0.0251502692	0.0149570444	-0.0567147296	0.0243577354	-0.0209732492	-0.0261902561	-0.0673690388	0.0241851306	0.0173624109	0.0289042955	0.0384584877	-0.0091558167	0.0803064215	-0.004779814	-0.007686155	-0.0020908707	0.0137470537	-0.020759983	0.0644948368	-0.0194504238	-0.0481668607	-0.0363557795	0.0060336679	-0.0289656577	-0.0339365912	0.0271279462	0.0071147513	-0.0175791908	0.0764692269	0.0020064226	-0.0283789369	-0.0526830128	0.0011848464	-0.0670537508	-0.0645886137	-0.0243372433	0.0024199937	-0.0150960039	-0.0028489356	-0.0041307175	-0.0066796879	-0.0168979381	0.0245367746	0.0669099216	-0.0231999792	-0.0178708589	-0.0042133854	-0.0629415799	0.0245151346	0.0104008476	0.0354734605	-0.0316123286	-0.0012010908	0.0251191701	-0.0197452136	0.0418809947	0.0773147476	-0.0057367021	0.0487687887	-0.0005965907	0.0231717114	0.0840341053	0.0545219214	0.0426076298	0.0162461273	0.0212398196	0.0069198247	-0.0381026042	0.0088782262	0.0093796861	0.0187300123	-0.0174099881	0.0303240531	-0.007305229	-0.0223099574	0.0306431324	-0.0249661677	0.0029110645	0.0040639546	-0.0225061531	0.054061208	-0.0510022906	-0.0465668511	0.0374975849	-0.0170063494	-0.0225481869	-0.0465685635	-0.0025460652	0.018293719	-0.03342364	-0.0145935335	0.0286738732	-0.0325069398	0.0559997658	0.0262665731	0.0128342617	-0.0205503992	-0.0585750989	-0.029875307	0.0008286516	0.0372781393	0.0681437667	0.010407735	-0.0306511582	-0.0385296986	0.0210376659	0.0017586158	0.0783631361	-0.0002289032	-0.0161357803	0.0154022234	0.0115168626	-0.0023716788	0.0322541888	-0.0633548654	-0.0315210371	-0.0488162501	0.0196495056	-0.0274558548	-0.0356096835	-0.0179392772	0.0252690419	0.028985786	0.0429910666	0.0224498811	-0.0652437305	0.0012739233	-0.0058565288	-0.0988396324	-0.0007553423	0.0054479148	-0.0413258618	0.006762742	0.0145618788	0.0056538745	0.0049207921	0.0115071472	0.0358933391	-0.0419872341	-0.0238356018	0.0036056226	0.0130018871	0.0655484708	0.0037325532	-0.0116191675	-0.0437676774	0.0329921699	-0.0592674814	0.0446447961	-0.0042482698	-0.0687521557	-0.0336743959	-0.0129664828	-0.0293095924	0.0100359541	0.0541254384	-0.0059628762	0.0522950652	-0.00319371	-0.0548093645	-0.0261236715	-0.0140482171	-0.0075609472	0.0062861971	0.0138555857	0.0380564341	0.0382323713	-0.0337394825	-0.0012191802	-0.0236663963	-0.0004611576	-0.0489615251	0.0013833093	0.0489354716	-0.0023049702	-0.0488920593	0.0032258135	0.0488313037	-0.0041455125	-0.0487532262	0.005063741	0.0486578547	-0.0059801733	-0.0485452228	0.0068944842	0.0484153707	-0.0078063495	-0.0482683442	0.0087154456	0.0481041957	-0.0096214501	-0.0479229833	0.0105240416	0.0477247713	-0.0114229	-0.0579725	-0.0058046	3.3693381160000004e-05	0.00336081075625	-2.54169	0.0280800000000001	6.4601880561	0.0007884864	-0.163531	-0.013226	0.000174927076	0.026742387961	-0.0200063	4.080000000000056e-05	0.00040025203969	1.6646400000000452e-09	0.00234171	-9.464999999999994e-05	5.483605724099999e-06	8.958622499999992e-09	-0.000676794	6.838800000000006e-05	4.58050118436e-07	4.676918544000009e-09	0.0	0.0	0.0	0.0	0.0	0.0	0.0	0.0	0.0	0.0	0.0	0.0	0.0	0.0	0.0	0.0	0.0	0.0	0.0	0.0	0.0	0.0	0.0	0.0	0.0	0.0	0.0	0.0	0.0	0.0	0.0	0.0	0.0	0.0	0.0	0.0	0.0	0.0	0.0	0.0	0.0	0.0	0.0	0.0	0.0	0.0	0.0	0.0	0.0	0.0	0.0	0.0	0.0	0.0	0.0	0.0	0.0	0.0	0.0	0.0	0.0	0.0	0.0	0.0	0.0	0.0	0.0	0.0	0.0	0.0	0.0	0.0	0.0	0.0	0.0	0.0	0.0	0.0	0.0	0.0	0.0	0.0	0.0	0.0	0.0	0.0	0.0	0.0	0.0	0.0	0.0	0.0	0.0	0.0	0.0	0.0	0.0	0.0	0.0	0.0	0.0	0.0	0.0	0.0	0.0	0.0
55008.27463394914	69.37549177365872	3025910278.203973	4812.958858836989	67714.06220825195	394.7031979980529	4585194220.743015	155790.61450989018	55765.977134837405	190.97307936412835	3109844205.8032084	36470.71704181767	55946.54278849013	54841.3213806945	2.208787	50.600807	0.7190219999999998	0.383052	0.0228319822	-0.1225713152	0.0819453532	0.0901936483	0.0682985125	0.0255087846	-0.0561576928	0.0526213497	0.0517124316	0.0351945941	-0.0230853647	-0.0346179937	0.0214591013	0.1725227773	0.0607687303	-0.0769114658	-0.1206875299	0.0277990584	0.1716024261	-0.1291822238	-0.1008956405	0.0614644836	0.1244076259	0.0372151033	-0.019087058	0.085024574	-0.1106637547	-0.0104638431	0.0120918853	-0.1690700476	0.037852544	-0.1759140414	0.0554859734	-0.0293789736	-0.0482183652	0.038077523	-0.02710676	-0.0294327004	0.0486774816	-0.0127747517	-0.0199411964	0.0515803882	0.0621882361	0.0055513488	-0.0618163354	0.0355368633	0.007597603	0.0938874113	0.0019874455	-0.0436740455	-0.0231535448	-0.0971682943	-0.0016464343	0.0884221478	-0.0050935813	0.0169219227	0.0430706645	0.0265516265	-0.018270274	-0.0231973095	-0.1129803679	-0.0337864045	-0.0361724981	-0.0826621217	0.1017731611	-0.0063081013	-0.0364158009	-0.0187605163	0.0560580116	0.0327859335	0.0368867526	0.0201239857	-0.0232249483	0.0610745431	-0.0012927517	-0.0233318411	0.0405926454	0.0716673407	0.0411199295	0.0469047207	0.0452712599	-0.0208115167	-0.0013266591	-0.0440523491	0.0418342844	0.0302585422	0.0041864812	-0.0106734034	0.0022269132	0.0375873221	-0.0404297408	-0.0103644175	-0.0260904917	0.1103253611	0.0571633843	-0.0439800303	0.0226419736	0.0572067922	0.0546994195	0.0005017832	0.0052853423	-0.0084489849	0.0163715676	0.0464343473	-0.0052603537	-0.0336127138	0.0172723805	-0.0449548448	0.0712885088	-0.0223688048	-0.0088378954	-0.0807237376	0.0221494277	-0.1744940315	0.1160994945	0.1126949759	-0.0703158378	-0.1253726398	0.0343461885	0.0287673814	-0.0866035136	0.1088026495	-0.0009792134	0.0216609272	-0.1513473619	0.0820881829	-0.1708330082	0.0782538172	-0.0383611864	-0.0447527951	0.0326803216	0.0284385717	-0.0277139477	0.0442435164	0.0285814294	0.0248301256	-0.0576009778	0.0224436058	0.0543806604	0.0685983779	-0.0615853961	0.0365900835	-0.0961990245	-0.0081737656	0.024414431	0.046344052	0.0558940147	-0.0662770554	0.0713477954	0.0497671048	-0.0130845061	-0.0274008336	-0.0364459455	-0.0141808428	0.0645271635	0.1013370868	0.0689618476	-1.29632e-05	0.0155707716	0.12018553	0.011293597	0.0204112025	0.039715791	-0.037756732	0.0215196752	-0.032810164	0.002460713	-0.0456305976	0.0661441955	0.0001234722	-0.0397469076	0.0360970016	-0.0462314712	-0.0123123062	0.0838368479	0.012127264	-0.0470805225	0.0143933684	-0.0286231284	0.0492657504	0.0125712424	0.0337241887	0.0391782904	0.0075471398	-5.59252e-05	-0.055370184	0.006301152	0.0827653252	0.0735695826	-0.0522935778	-0.0347700929	0.0370005342	-0.0148465103	0.0625619316	-0.042498277	0.0113253437	0.0262176616	-0.0178212015	-0.0066536126	0.0134125404	0.0379836736	-0.003945907	0.0754724953	-0.0287494834	-0.0052431578	-0.0766886906	-0.0235052276	0.0169849167	0.0111656318	-0.1336413314	0.10692198	-0.0515794819	-0.1895800493	-0.0503902222	0.0210078697	-0.0641213989	0.0028720525	-0.0841915327	-0.0657554104	-0.1798264947	-0.122346345	0.034359429	-0.1610004262	0.0097029217	0.1423616476	0.0527353175	0.1068622884	-0.1520877577	-0.0031529538	0.1085982137	0.0351715857	0.078553469	-0.0006456115	-0.0489531875	0.0019363856	0.0489021298	-0.0032258135	-0.0488170731	0.0045129987	0.0486980765	-0.0057970462	-0.0485452228	0.0070770633	0.0483586182	-0.0083521601	-0.0481383925	0.0096214501	0.0478846987	-0.0108840509	-0.0475977133	0.0121390845	0.0472776357	-0.0133856785	-0.0469246886	0.0146229661	0.0465391172	-0.0158500872	-0.0484872	0.0094853	8.997091609000004e-05	0.00235100856384	-2.83511	-0.2934199999999998	8.037848712099999	0.0860952963999998	0.0897409	0.2532719	0.06414665532961	0.00805342913281	-0.0178331	0.0021732	0.00031801945561	4.72279824e-06	0.00266562	0.00032391	7.105529984400001e-06	1.0491768810000013e-07	-0.00143658	-0.000759786	2.0637620964e-06	5.772747657960001e-07	0.0	0.0	0.0	0.0	0.0	0.0	0.0	0.0	0.0	0.0	0.0	0.0	0.0	0.0	0.0	0.0	0.0	0.0	0.0	0.0	0.0	0.0	0.0	0.0	0.0	0.0	0.0	0.0	0.0	0.0	0.0	0.0	0.0	0.0	0.0	0.0	0.0	0.0	0.0	0.0	0.0	0.0	0.0	0.0	0.0	0.0	0.0	0.0	0.0	0.0	0.0	0.0	0.0	0.0	0.0	0.0	0.0	0.0	0.0	0.0	0.0	0.0	0.0	0.0	0.0	0.0	0.0	0.0	0.0	0.0	0.0	0.0	0.0	0.0	0.0	0.0	0.0	0.0	0.0	0.0	0.0	0.0	0.0	0.0	1.0	0.0	0.0	0.0	0.0	0.0	0.0	0.0	0.0	0.0	0.0	0.0	0.0	0.0	0.0	0.0	0.0	0.0	0.0	0.0	0.0	0.0
55053.56279659898	45.2881626498347	3030894776.599067	2051.0176761978832	67911.19958764648	197.13737939452403	4611931029.433155	38863.146354540506	55433.142712237066	-332.8344226003392	3072833310.955241	110778.75286770116	55600.66220600916	56558.15369001116	2.618059	59.976772	0.8344577999999998	0.460635	-0.0052745338	-0.0055646707	-0.0291396459	-0.0112129691	-0.0118083698	-0.0179653993	-0.0243301407	-0.0403725099	-0.065195348	-0.0573854049	-0.034382883	0.0414714907	-0.0735150312	-0.0021992541	0.048320983	0.0814603248	-0.1081916299	0.0331823855	-0.0522958946	-0.03119831	-0.0480371615	-0.0329121091	-0.0902564471	-0.0984405435	0.0206449751	0.1146424602	-0.038710011	0.0518237768	-0.0918218984	0.0396368752	-0.0142220956	-0.0423336345	0.0278064451	-0.1032758767	0.0612017739	0.0243508676	-0.0195326576	0.1089586934	0.0020601185	0.0565925383	-0.0031107469	-0.0061711505	0.163386316	-0.019697052	0.060518119	0.0542029977	-0.1094611849	-0.0205207567	-0.0607511867	-0.0725080973	-0.0061107643	-0.0734736579	-0.0677635894	-0.0239947999	0.0254357243	-0.0759953913	-0.0365870791	0.029676613	-0.1440251037	-0.0137150522	-0.1197178264	0.047218752	-0.017794016	-0.0179079429	-0.0044201101	-0.002837585	-0.0541644751	0.0022887075	0.0855283486	-0.1219056566	-0.0757801578	-0.0556864799	-0.000428287	-0.0200513085	-0.0754543178	0.0191163701	0.0622633552	-0.0192627585	0.0588423373	-0.0368854074	-0.155879047	-0.034684094	0.0524122896	0.0220652949	0.0327972113	-0.0785388921	-0.0390599841	0.0857705501	0.0771458894	-0.012535697	-0.0137684681	-0.0140466043	-0.0492531142	0.0787472044	-0.0443177137	-0.0569361391	0.0045782143	-0.0534912273	-0.0116026315	-0.0873645302	-0.0157468043	-0.0172808553	-0.0127487613	-0.003027664	0.0607672039	0.0763446975	0.0151115976	-0.0662528613	-0.0274250665	0.0070262232	-0.099959456	-0.0203322606	0.0336777169	0.0477004049	0.0278889589	0.046041669	0.0354780728	0.0760333418	-0.0965112989	-0.0371696981	-0.1237669213	0.0442651785	0.0658228772	-0.082366733	0.032461161	-0.0163696426	-0.0383328422	0.0098183751	-0.1002223591	0.0736593418	0.023501589	0.0147603994	0.1110432569	-0.0019096397	-0.0543316458	0.024782961	0.0122731116	0.0272367401	0.15837036	-0.0621401579	-0.0611797262	0.093312155	0.0187404559	0.0680597532	0.0856803235	0.0609399116	0.1052142826	0.0095399512	-0.0374385517	-0.025403913	0.0531276707	-0.0034457157	0.0440010114	-0.1397858549	0.0728556063	0.1014530383	0.0091989196	0.0450285606	0.0213647037	0.0141121112	-0.0157904677	0.0830496608	0.000567681	-0.0844896963	-0.0782135185	0.0992397583	0.0505588414	0.0478404554	-0.0256601131	-0.0791821048	-0.0011363009	0.0653517319	0.0247352061	0.0901925609	0.0104763816	-0.098560743	0.081547257	0.0167069354	0.0424064286	0.0248818503	-0.0378482534	-0.0322948878	-0.1185381534	0.095114017	-0.0219163145	-0.0165602964	-0.0146983269	0.0405879867	0.080524925	0.0497825469	-0.0286925134	0.0290882087	-0.0029862189	-0.0493500208	0.0383482785	0.0973835986	0.0163641132	0.0212952239	0.024662433	0.0833106341	-0.0482277912	0.0229671697	-0.018584749	-0.0462379532	0.005760576	-0.0271859916	0.0639480014	0.0226256812	-0.0126353947	-0.003272177	-0.0252426967	-0.0095405878	-0.0361787493	0.0796761462	-0.0279902478	0.0094687685	0.0586440351	-0.1318403159	0.0811691139	0.0226932104	0.016389871	0.0355298941	-0.0458348882	-0.0019040189	0.0957606388	0.0842274742	-0.0939665215	-0.0731579863	0.011506071	0.1260748462	0.0151133196	-0.0109150028	-0.0008300562	-0.0489420714	0.0024892147	0.0488576859	-0.0041455125	-0.0487171511	0.0057970462	0.0485206286	-0.0074419176	-0.0482683442	0.0090782364	0.0479605879	-0.0107041222	-0.0475977133	0.0123177063	0.0471801374	-0.0139171345	-0.0467083402	0.0155005685	0.0461828639	-0.0170661886	-0.0456043123	0.0186121956	0.0449733504	-0.0201368126	-0.0927737	-0.0442865	0.00196129408225	0.00860695941169	-2.57105	0.2640599999999997	6.610298102500001	0.0697276835999998	-0.19279	-0.2825309	0.0798237094548099	0.0371679840999999	-0.0148231	0.00301	0.00021972429361	9.060100000000003e-06	0.000939592	-0.001726028	8.828331264640001e-07	2.9791726567840003e-06	-0.00157216	-0.0001355799999999	2.4716870656e-06	1.8381936399999985e-08	0.0	0.0	0.0	0.0	0.0	0.0	0.0	0.0	0.0	0.0	0.0	0.0	0.0	0.0	0.0	0.0	0.0	0.0	0.0	0.0	0.0	0.0	0.0	0.0	0.0	0.0	0.0	0.0	0.0	0.0	0.0	0.0	0.0	0.0	0.0	0.0	0.0	0.0	0.0	0.0	0.0	0.0	0.0	0.0	0.0	0.0	0.0	0.0	0.0	0.0	0.0	0.0	0.0	0.0	0.0	0.0	0.0	0.0	0.0	0.0	0.0	0.0	0.0	0.0	0.0	0.0	0.0	0.0	0.0	0.0	0.0	0.0	0.0	0.0	0.0	0.0	0.0	0.0	0.0	0.0	0.0	0.0	0.0	0.0	0.0	1.0	0.0	0.0	0.0	0.0	0.0	0.0	0.0	0.0	0.0	0.0	0.0	0.0	0.0	0.0	0.0	0.0	0.0	0.0	0.0	0.0
54876.34708915671	-177.21570744226483	3011413469.8495984	31405.4069642624	67187.97850292969	-723.221084716788	4514224455.310143	523048.7373789275	55483.89074400085	50.74803176378191	3078462132.092223	2575.362727897818	55629.79826690354	55136.95422141336	1.569286	35.950565	0.3031336000000003	0.19512	-0.0020138272	0.0058104606	-0.0284110936	-0.0258397151	-0.0063529759	0.0225918118	-0.0095705489	-0.0081099574	-0.0339921328	-0.0196673317	0.0446340214	-0.0094421103	-0.02167893	-0.0849444538	-0.0084620743	0.0010992229	0.0481912247	0.0032370677	-0.0270429669	-0.0287780361	0.0038310079	0.0243636307	-0.0303420657	0.0452525463	0.0268771443	-0.1232407426	0.0503232505	-0.0004992089	-0.0156198784	0.0330822938	0.0397554343	0.0038189641	-0.0114634144	0.0451521199	0.0078105264	0.0544550527	-0.0198373103	0.0142237241	-0.0617841793	-0.0785723145	0.0673616271	-0.054040032	-0.0087488869	0.0092253484	0.0424056097	-0.0285697298	0.0636625909	-0.0090188724	-0.002254204	-0.008857444	-0.0494118387	0.0510555856	0.0527988458	0.0198992821	-0.0132619478	-0.0298624822	0.0152639306	0.0094142022	0.0327733192	0.0246988738	0.021461348	-0.0266959783	-0.0098853841	-0.0395261993	0.0345579412	-0.0360342291	0.0856278356	-0.0311144403	0.0338905998	0.0277726082	-0.0115768785	-0.0275741251	-0.1063728683	-0.02698922	0.0328248913	0.048743727	0.0295482283	0.0230388712	-0.0127602265	-0.0221299903	0.0198340368	0.0408959476	0.0512774672	0.0251095667	-0.0367574869	0.0991540579	0.0398315294	-0.0277131677	0.142266542	0.0156052908	0.0410682996	0.0180299564	0.0217661218	-0.0187006342	-0.0135721744	0.0443457446	0.0350749219	0.0139117766	-0.0024724522	0.061452892	-0.0109325184	-0.0184912344	0.0121172847	-0.0489471339	-0.0149266181	0.0140919232	-0.0248759558	-0.0193727011	-0.0425660768	-0.0233462611	-0.0183150998	-0.058521761	0.0071193548	0.0265820988	0.0328133241	-0.0036276348	-0.0233366813	0.0392942132	0.0483266599	-0.0107667698	0.1253826285	-0.044038562	0.0001134862	-0.0225510603	0.0360858284	0.0342234383	0.0124238229	-0.0136490393	0.0435385646	0.0055402701	0.0559470502	0.0173942105	0.017533053	-0.0543788278	0.069151725	-0.0731185776	0.0516381451	-0.0074939837	-0.0019823582	-0.036785491	0.0357309601	-0.0674086705	-0.0192793449	-0.0028480255	0.0119283875	0.0126101576	-0.087047078	-0.0002717526	0.0283203857	0.0087291211	0.025256145	0.0093437411	-0.0129350391	0.0264332775	-0.0320286761	-0.0020651634	0.0518419131	-0.0030433951	0.0085993074	0.0339886364	0.0398684377	-0.09081937	0.0115257323	-0.0501549859	0.019774245	0.0116327382	0.0533267419	-0.0732492033	-0.0512085585	0.03877749	0.0357004191	0.0583721215	-0.0343595499	-0.0066028807	-0.0311047867	0.0241921382	0.0001584132	0.0322554144	0.0060301917	-0.0579306844	0.0811702774	0.0736380662	0.016472645	0.0905003829	-0.1047092351	0.0433002221	0.0245290307	-0.0159470559	-0.0134661299	0.0159794254	0.0584081458	0.014167846	0.0101731454	0.0302507141	0.0147853706	-0.0576143747	0.0105994245	0.0249086857	-0.0196371357	-0.0096507596	-0.0237047628	-0.0062743915	-0.0393461861	-0.0400067723	0.05957021	-0.0429818522	-0.003393241	-0.0236556897	-0.025340176	0.0607674183	-0.0577766903	0.0066943441	0.055531505	0.0313314119	0.0338040676	0.0647604683	-0.0472828589	0.0353810085	-0.0267177497	0.0373962982	-0.0044233849	-0.0111679803	0.0292535906	-0.0137547008	0.0466456688	-0.0054715486	-0.0164179574	-0.0304246346	0.0428474232	0.0781742361	-0.0170228467	0.0390323568	-0.0010144892	-0.0489281774	0.0030417259	0.0488021499	-0.005063741	-0.0485923444	0.0070770633	0.048299121	-0.0090782364	-0.0479229833	0.0110638251	0.0474645768	-0.0130304206	-0.0469246886	0.014974647	0.0463042454	-0.0168931667	-0.0456043123	0.018782686	0.044826091	-0.0206399614	-0.0439709173	0.0224618045	0.0430402594	-0.0242450877	-0.0928655	-9.1800000000003e-05	8.427240000000551e-09	0.00862400109025	-2.41395	0.1571000000000002	5.827154602499999	0.02468041	-0.256866	-0.064076	0.0041057337759999	0.065980141956	-0.0133872	0.0014359	0.00017921712384	2.061808810000001e-06	0.000879756	-5.983600000000007e-05	7.73970619536e-07	3.580346896000008e-09	-0.00143058	0.0001415799999999	2.0465591364000003e-06	2.0044896399999965e-08	0.0	0.0	0.0	0.0	0.0	0.0	0.0	0.0	0.0	0.0	0.0	0.0	0.0	0.0	0.0	0.0	0.0	0.0	0.0	0.0	0.0	0.0	0.0	0.0	0.0	0.0	0.0	0.0	0.0	0.0	0.0	0.0	0.0	0.0	0.0	0.0	0.0	0.0	0.0	0.0	0.0	0.0	0.0	0.0	0.0	0.0	0.0	0.0	0.0	0.0	0.0	0.0	0.0	0.0	0.0	0.0	0.0	0.0	0.0	0.0	0.0	0.0	0.0	0.0	0.0	0.0	0.0	0.0	0.0	0.0	0.0	0.0	0.0	0.0	0.0	0.0	0.0	0.0	0.0	0.0	0.0	0.0	0.0	0.0	0.0	0.0	1.0	0.0	0.0	0.0	0.0	0.0	0.0	0.0	0.0	0.0	0.0	0.0	0.0	0.0	0.0	0.0	0.0	0.0	0.0	0.0
55004.09897037669	127.7518812199778	3025450903.542994	16320.543155243318	67978.67854296874	790.7000400390534	4621100736.448279	625206.5533177607	55467.71763365873	-16.17311034211889	3076667699.487296	261.56949813835297	55628.73414270635	55389.50420175528	1.199296	27.47452	0.0898922000000003	0.0509953	-0.0036143925	0.009671032	-0.0384941244	-0.0348633822	-0.0454229465	0.0293416541	-0.0140103734	-0.0119237334	-0.0278095409	0.0225432351	-0.0361179096	0.0326986061	0.0098447096	-0.1154837286	0.0051485593	0.0499477256	0.0561155166	0.0100049751	-0.0318028723	-0.0660908362	0.0320657607	-0.0288933787	-0.0905528909	0.019173672	-0.038745742	-0.0041767783	0.0105794294	-0.020352168	-0.090555013	-0.0269453038	-0.0235360374	0.0147630872	0.0394417255	-0.0017824133	0.0285721495	-0.0052493028	0.0557793725	0.0211780194	-0.001454607	0.0533511149	0.0114442801	-0.0115304239	-0.0205609673	-0.0128804312	0.0089105315	0.0093962612	0.0390925057	0.0473937049	-0.0176456553	-0.0103349363	0.0387790128	0.0721694544	0.0509651993	-0.0260307679	0.0442121862	-0.0218680651	0.0046267588	0.0045892713	0.0190000731	0.0304480533	-0.029537767	0.0090867627	0.0171124193	-0.0257481476	-0.0407192482	0.0493630163	-0.0474961512	-0.0678562957	-0.0261452512	-0.0196941049	-0.0148734144	-0.0127372298	0.0091655386	-0.007478655	0.0159937548	-0.0249949283	-0.0034709248	-0.0187646539	0.0015846034	-0.0002386149	0.0159034384	-0.0485705789	-0.015112388	-0.0659289995	0.0352652167	0.0001903718	0.0069349004	0.0369550072	0.0042817346	0.0140351925	-0.044375521	-0.0401854415	0.0070008605	0.0082306986	0.0022349079	-0.0244929569	0.0764087584	-0.0453263924	-0.0284493346	-0.0088178161	-0.0635532366	-0.0330310816	0.0268102933	-0.0176296903	-0.0116022748	-0.0257852058	-0.0351214401	0.0310121266	-0.0346317636	-0.0198321218	-0.0384936311	0.0048244071	0.0137844594	0.0292395451	0.0667783861	-0.0294057362	0.0284785026	0.0819993915	-0.0142519028	0.0588885275	0.0019651943	0.0020779262	-0.0031831999	-0.0957533055	-0.036742727	-0.0264719155	0.013191019	0.0373808973	-0.0005210897	0.0289353597	-0.0043197759	-0.0556086713	0.0206656141	0.0065415825	-0.054174586	-0.0118747358	0.0101138344	-0.0145518199	-0.0229322469	-0.0076117042	-0.0106520767	-0.0176172478	-0.0623377964	0.0077541718	0.0005607001	-0.070185789	-0.0528696621	0.0272249666	-0.0055345416	-0.0570226632	0.0127881446	0.0287201377	-0.0147653854	0.0127912349	-0.0113823117	0.0425148999	0.0100036254	-0.0098983091	0.0246776394	-0.0364065084	-0.0513338919	0.0196102202	0.0717283389	0.0268500407	-0.0353010329	0.0103860792	0.0059897464	0.0242256734	-0.0064861633	0.0155834684	-0.0249911214	-0.0106698297	0.0205865718	0.0028710903	-0.004868889	-0.021356216	-0.0367008068	0.0019979891	-0.052300812	0.053040637	-0.002427112	0.0230430699	-0.0191900783	0.0107237966	0.0168649379	-0.0501102113	-0.0503760977	0.0134806431	0.0100391756	0.0149936231	0.0151781785	0.0654003768	0.029872117	0.0064946486	0.0675647126	0.0177319829	0.0282718604	0.0158034791	-0.0280832521	-0.0417748782	0.014628767	-0.022755334	-0.0555638467	0.0041141882	0.0128225787	-0.0187406235	0.0395545037	0.0376190959	-0.0291921623	0.0687105512	-0.0526589557	0.0080292133	0.0612258388	0.065196076	0.0404761341	0.0126657908	0.0493310911	-0.0122651757	-0.0368403352	-0.0053311406	0.0236148898	-0.0192148136	0.0001526093	-0.0094743348	0.0575664603	-0.0309987254	-0.0067093227	-0.0185102982	0.0468533076	0.0824533357	0.0221057032	0.0484579867	-0.0011989077	-0.0489115064	0.0035938487	0.0487355344	-0.0059801733	-0.0484427166	0.0083521601	0.0480337549	-0.0107041222	-0.04750963	0.0130304206	0.0468715983	-0.015325478	-0.0461211897	0.0175837917	0.0452602033	-0.0197999475	-0.0442907033	0.0219686319	0.0432150141	-0.0240846454	-0.0420357148	0.0261429148	0.0407556328	-0.0281385053	-0.0933667	-0.0005011999999999	2.512014399999933e-07	0.00871734066889	-2.43848	-0.0245300000000003	5.946184710400001	0.0006017209	-0.265791	-0.008925	7.965562500000029e-05	0.070644855681	-0.0126706	0.0007165999999999	0.00016054410436	5.135155599999993e-07	0.000879756	0.0	7.73970619536e-07	0.0	-0.00102846	0.00040212	1.0577299715999998e-06	1.6170049440000013e-07	0.0	0.0	0.0	0.0	0.0	0.0	0.0	0.0	0.0	0.0	0.0	0.0	0.0	0.0	0.0	0.0	0.0	0.0	0.0	0.0	0.0	0.0	0.0	0.0	0.0	0.0	0.0	0.0	0.0	0.0	0.0	0.0	0.0	0.0	0.0	0.0	0.0	0.0	0.0	0.0	0.0	0.0	0.0	0.0	0.0	0.0	0.0	0.0	0.0	0.0	0.0	0.0	0.0	0.0	0.0	0.0	0.0	0.0	0.0	0.0	0.0	0.0	0.0	0.0	0.0	0.0	0.0	0.0	0.0	0.0	0.0	0.0	0.0	0.0	0.0	0.0	0.0	0.0	0.0	0.0	0.0	0.0	0.0	0.0	0.0	0.0	0.0	0.0	0.0	0.0	0.0	0.0	0.0	0.0	0.0	0.0	0.0	0.0	0.0	0.0	0.0	0.0	0.0	0.0	0.0	0.0
54879.03757359008	-125.06139678660838	3011708765.003512	15640.352966217502	67816.80230175781	-161.8762412109354	4599118674.435703	26203.91746858094	55538.75305246615	71.03541880741977	3084553090.622818	5046.030725145527	55698.92005753449	55546.460828429386	1.22538	28.072079	0.1022923000000002	0.0522414	-0.0065207648	0.009868882	-0.0287598183	-0.0331314787	-0.0329897455	0.0164938452	-0.0289701618	-0.0110229415	-0.0152270383	-0.0496038574	0.0564038722	-0.0467465579	0.012917707	-0.0540702389	0.0740420956	-0.0034440311	-0.0138638653	-0.0536236326	-0.0200204308	0.0120885766	0.0079307965	-0.000600511	-0.0090282726	0.0363364719	0.0123807376	-0.0648724965	0.0191448813	-0.0132047106	-0.0898161572	-0.0225571564	0.008738302	0.0329254128	-0.0020589587	0.0075123634	0.0976871515	-0.0054361718	0.0759369436	0.0366090084	0.0756259662	-0.058827299	0.0180584292	-0.0660509668	-0.0751891288	0.0292122234	-0.0519430441	0.0245557931	0.0369396289	-0.020897141	-0.0588166989	-0.0116373498	0.0026421408	0.0626067688	0.0886676308	-0.0482183	-0.0053297302	0.0151525238	-0.0124490077	-0.0264400606	-0.0099478692	0.0287601457	0.0355471259	-0.0384145739	-0.0508624276	0.0517432457	-0.0134815166	0.054860798	-0.0331977919	0.0009593497	0.0305689538	-0.0840223387	-0.0703325002	-0.0337165795	-0.0128892498	0.0805876357	0.0407296734	-0.0200185845	0.0308220237	0.0093494605	-0.0093913668	0.0589989287	0.0036114407	-0.0046717046	0.0536067883	0.0421011369	0.0421351722	0.0305260263	-0.0142694006	0.0055129281	0.0215559718	-0.0426720851	0.0345419656	-0.0361839248	0.0489877782	0.0051388694	-0.0021756363	0.0308543492	-0.0076136855	0.0626329102	-0.0207514736	-0.0185485293	0.0130381532	-0.0066420639	-0.0144486026	0.0335537043	-0.0526538058	-0.0013773193	-0.0241820724	-0.0238352943	-0.0396939402	0.0165976402	-0.0028708314	-0.0162643972	-0.0525804397	0.0222421825	-0.0095105908	-0.0071129327	0.0020340359	0.0129877714	0.0364448533	0.004313086	0.0644934049	-0.0052614834	0.0009248539	-0.0892222824	-0.0298694172	0.0042567245	0.041035338	-0.0005691691	0.0167531564	0.0950716864	-0.0112836924	-0.0814912065	0.0308875506	0.0754911969	0.0610539084	-0.0165127716	0.0579255652	-0.0015065953	-0.0780695402	0.0374931479	-0.0190872092	-0.0442705114	0.0126819823	0.0652526392	0.0021299571	-0.0563815975	-0.0963322323	-0.010998392	-0.0089824411	-0.032834411	-0.0070061697	-0.0322163955	-0.0192060983	-0.0144596834	-0.0298933234	-0.0367492983	0.0352576727	0.0248043169	-0.0730204133	-0.020199791	-0.0652881151	0.0330659246	-0.0003275018	-0.0282624058	-0.0473571376	0.1165174666	0.0374340739	-0.0051801543	0.0682382015	0.0317957716	-0.0279209563	0.0085317816	0.0099978255	-0.0576003769	0.0309196779	-0.004714499	-0.0063191382	0.0340770248	0.059479369	0.0223933714	0.0424248384	-0.0006661487	-0.0115338113	0.0290752335	0.0063152681	0.0586045545	-0.0396194384	0.0112312121	-0.0072241882	0.0018607108	0.026917468	-0.0191405672	-0.0492913748	0.0327816522	-0.0009309771	0.0112895679	0.0194247724	-0.0652838237	0.0173102733	-0.019317338	-0.015167123	0.0009873484	-0.0170991157	-0.0587760951	0.0262159288	-0.0037793235	0.0047830959	-0.0423032733	-0.0226786936	0.0591414662	-0.0567557345	0.0026614355	0.0611241098	0.003790179	0.0683347112	0.0395134137	-0.0205860672	0.0215941637	0.0232393951	0.0460519179	0.0167535661	-0.0141795057	0.0144738918	-0.0260928131	0.0569508684	-0.0384279403	0.0032285974	0.0419449186	0.0575138004	0.1098851921	0.0088268034	-0.0275872001	-0.0013833093	-0.0488920593	0.0041455125	0.0486578547	-0.0068944842	-0.0482683442	0.0096214501	0.0477247713	-0.0123177063	-0.0470288708	0.014974647	0.0461828639	-0.0175837917	-0.0451894509	0.0201368126	0.0440518025	-0.022625561	-0.04277355	0.0250420933	0.0413587732	-0.0273786964	-0.0398119877	0.0296279125	0.0381381307	-0.0317825624	-0.0931386	0.0002280999999999	5.2029609999997715e-08	0.00867479880996	-2.39987	0.0386100000000002	5.7593760169	0.0014907321	-0.270066	-0.0042749999999999	1.8275624999999773e-05	0.0729356443559999	-0.0131543	-0.0004837	0.00017303560849	2.339656900000001e-07	0.00134657	0.000466814	1.8132507649e-06	2.179153105960001e-07	-0.00126153	-0.00023307	1.5914579409000005e-06	5.4321624900000076e-08	0.0	0.0	0.0	0.0	0.0	0.0	0.0	0.0	0.0	0.0	0.0	0.0	0.0	0.0	0.0	0.0	0.0	0.0	0.0	0.0	0.0	0.0	0.0	0.0	0.0	0.0	0.0	0.0	0.0	0.0	0.0	0.0	0.0	0.0	0.0	0.0	0.0	0.0	0.0	0.0	0.0	0.0	0.0	0.0	0.0	0.0	0.0	0.0	0.0	0.0	0.0	0.0	0.0	0.0	0.0	0.0	0.0	0.0	0.0	0.0	0.0	0.0	0.0	0.0	0.0	0.0	0.0	0.0	0.0	0.0	0.0	0.0	0.0	0.0	0.0	0.0	0.0	0.0	0.0	0.0	0.0	0.0	0.0	0.0	0.0	0.0	0.0	0.0	0.0	0.0	0.0	0.0	0.0	0.0	0.0	0.0	0.0	0.0	0.0	0.0	0.0	0.0	0.0	0.0	0.0	0.0
54596.01368843549	-283.0238851545946	2980724710.667835	80102.51956800115	67775.04741845703	-41.75488330077496	4593457052.5741	1743.4702794613358	55478.62489233257	-60.12816013357951	3077877819.944143	3615.3956410493806	55655.63297789308	55626.17193207183	1.233173	28.250608	0.1361886000000001	0.0626281	-0.0046543065	0.0135836405	-0.0314067923	-0.0317361305	-0.0624098624	0.0345718638	0.0157469947	0.0205139054	-0.0511954338	0.0397983541	0.0285584762	0.0003978887	-0.0431559061	-0.0471351188	0.0625125381	0.0383767697	0.0541978143	-0.0506527021	-0.0208041994	0.0187134001	0.0276990218	0.0029623172	0.0125048041	-0.0234274996	-0.0391945457	-0.0671610811	0.0128027241	-0.0025754267	-0.0708887328	0.0324755768	0.0280988919	0.0139428289	0.0395486934	0.0248289572	-0.0614915752	0.0354246563	-0.0384955374	0.069019956	0.0043182161	-0.039324689	0.0243343437	-0.0036968315	-0.0178617615	0.0546861074	0.0029545957	0.0385201677	0.019869369	0.0211493429	0.0355937024	0.0128088946	0.0054248325	0.033405046	0.0635206883	-0.0179476218	-0.0047332774	-0.018348584	0.0281739353	0.0200297287	0.0304504609	-0.0427440111	-0.0246647865	-0.0409635871	0.0395420078	-0.0231218029	0.023098534	0.0002538806	-0.0218163558	-0.0697828219	-0.0276073506	0.0111585836	-0.0125392502	-0.0242071877	-0.0641042427	0.0146085713	0.0015382288	-0.0161406354	-0.0033894304	-0.0171800267	-0.018267957	0.0256002395	0.0057894706	0.0412809054	-0.0473319914	-0.0081871538	-0.0257466156	0.0353321642	-0.0109543774	0.0123447971	-0.0351266469	0.0447080929	0.0294748411	-0.0434641095	-0.0116632563	0.0293766271	0.0112856752	-0.0297945357	-0.0267346335	0.0331545422	0.0046726786	-0.0074619644	0.0009472189	-0.0520512098	0.0217599364	0.0077285397	-0.0310796284	-0.0672896161	-0.0283936597	0.0624598831	-0.0062183034	-0.0024177656	-0.0174683096	0.0630442513	-0.0514608054	0.0246553944	-0.0192158881	-0.0280149625	-0.001669217	-0.0192361469	-0.0406152184	0.0291908724	0.0676112497	-0.0016212543	0.0057661661	-0.0737920228	0.0298332554	0.0186092976	0.0234601629	0.0333934521	0.0125075057	-0.0590784143	0.0394173498	0.032751244	0.0727196274	0.0101518064	0.0448260262	-0.0206518538	-0.0065229681	0.0453960375	-0.0187939921	-0.0136885268	-0.0210556892	-0.012265322	-0.0162049686	-0.0200934148	-0.0280110418	-0.0455373493	-0.0697411249	-0.0309573956	-0.0056955115	-0.0080440908	0.024740905	0.0031114983	-0.0209063539	0.0325642633	0.0505377099	0.0162985796	0.0338836685	-0.0633807635	0.0053820089	0.0150748324	0.0076035303	-0.0131473324	0.0785678918	0.0162601724	-0.0017524752	0.0255897935	0.031634453	-0.0486237259	-0.0067194111	0.0041861538	-0.0211197686	-0.0167010372	0.014264092	-0.0342800796	-0.0052095936	0.0206952125	0.0273000988	-0.0295841032	-0.026050282	-0.033378231	0.0186809698	0.0074401124	0.0500880387	0.0183381975	0.0605044849	-0.0136595098	-0.0016293928	0.0022905815	0.0365403801	-0.0032476879	-0.0542188956	-0.0083774432	-0.0218150256	0.0242070493	-0.0034777508	-0.0067098757	0.051949268	5.86117e-05	-0.046366977	-0.0586223432	0.0360998837	-0.0205200032	-0.0173728458	0.0523538799	-0.0179976086	0.05865937	0.035746225	0.0866154302	-0.0282016209	0.0641657186	-0.0593514297	0.0102888371	0.0730233859	0.0539867895	0.0287675813	0.0084029384	0.0123641009	-1.25064e-05	-0.0487490642	-0.027728403	0.0144102377	0.0125441549	0.0071280501	-0.0095822061	0.0691745085	-0.0295809825	0.0157976445	0.0053989464	0.0547065149	0.111345414	-0.0150767166	0.0163623372	-0.0015676912	-0.0488698372	0.004696647	0.0485691282	-0.0078063495	-0.0480693164	0.0108840509	0.0473724506	-0.0139171345	-0.0464813877	0.0168931667	0.0453997805	-0.0197999475	-0.0441320627	0.022625561	0.0426834313	-0.025358424	-0.0410598248	0.0279873335	0.0392678988	-0.0305015125	-0.0373149993	0.0328906545	0.0352091317	-0.0351449656	-0.101682	-0.0085433999999999	7.298968355999988e-05	0.010339229124	-2.42537	-0.0255	5.8824196369	0.00065025	-0.251342	0.0187239999999999	0.0003505881759999	0.063172800964	-0.0121219	0.0010324	0.00014694045961	1.065849760000002e-06	0.000879756	-0.000466814	7.73970619536e-07	2.179153105960001e-07	-0.00109232	0.00016921	1.1931629824e-06	2.8632024100000054e-08	0.0	0.0	0.0	0.0	0.0	0.0	0.0	0.0	0.0	0.0	0.0	0.0	0.0	0.0	0.0	0.0	0.0	0.0	0.0	0.0	0.0	0.0	0.0	0.0	0.0	0.0	0.0	0.0	0.0	0.0	0.0	0.0	0.0	0.0	0.0	0.0	0.0	0.0	0.0	0.0	0.0	0.0	0.0	0.0	0.0	0.0	0.0	0.0	0.0	0.0	0.0	0.0	0.0	0.0	0.0	0.0	0.0	0.0	0.0	0.0	0.0	0.0	0.0	0.0	0.0	0.0	0.0	0.0	0.0	0.0	0.0	0.0	0.0	0.0	0.0	0.0	0.0	0.0	0.0	0.0	0.0	0.0	0.0	0.0	0.0	0.0	0.0	0.0	0.0	0.0	0.0	0.0	0.0	0.0	0.0	0.0	0.0	0.0	0.0	0.0	0.0	0.0	0.0	0.0	0.0	0.0
54369.85829807679	-226.15539035869733	2956081491.3529496	51146.26058829477	67094.3904423828	-680.6569760742277	4501657228.834909	463293.9190785118	55410.63169615873	-67.99319617384026	3070338104.9673505	4623.074725934326	55578.5830552004	54552.352973442576	1.213636	27.803038	0.09487235	0.0472537	0.0030401162	0.0148094364	-0.0121590493	-0.0383041087	-0.1144965225	0.0184078242	0.0664611364	-0.0554527631	-0.0223312786	-0.0157507505	0.0243178888	-0.0763588326	0.0386520287	-0.0517155535	-0.0683995836	0.0054289444	-0.0062848899	-0.0406496625	-0.0652480973	0.0424181592	-0.021281682	0.027392403	0.0648322705	-0.0357499168	0.0140285916	-0.0303980039	0.0337135001	-0.0180766633	0.0122513976	0.0549034506	0.0076067504	0.0225415796	-0.0159008986	0.0336862679	0.0175341826	0.0380674587	0.0235081321	0.0419487172	0.0190329047	-0.021181553	0.0101235861	-0.0291892691	0.0395602618	0.0244901649	-0.0077448643	-0.0137354203	0.0645421996	-0.0383484106	-0.0563285968	0.0135237226	0.0074151991	-2.0782e-06	0.012792863	0.0486169266	0.0287299002	-0.0126211021	-0.038536352	-0.0256411967	-0.0996013343	-0.0373087997	-0.014845188	-0.0179024317	-0.0072359051	0.013410738	0.0222810253	0.0370506939	0.0220036101	-0.0094632926	5.47711e-05	0.0450577779	-0.0092703696	0.0008616904	0.0592463915	-0.010679321	-0.0022416339	0.0445474444	-0.0801697739	0.0228691492	-0.0507760035	-0.0055740611	-0.0459497382	-0.0435843893	0.0039117581	0.0244117171	0.0461593576	0.0239781869	0.0127072603	0.0989704213	-0.0733027352	0.0134259261	0.0092925448	-0.0724563632	0.0290747236	-0.0548893999	-0.041658028	0.0403855285	-0.012990573	0.0160108841	-0.0270792903	-0.0049561477	-0.0055223122	-0.0155900961	0.0123368293	-0.0160755308	0.0134925518	0.0067357714	-0.0350321334	-0.0070094605	-0.005901159	-0.0101321798	-0.0027764516	0.0533962973	-0.0394928858	0.0706748471	-0.0408564156	0.0179985788	-0.023404396	-0.0640661383	-0.0191706281	-0.0358370981	0.0315352233	-0.0320347682	-0.0222939398	0.0035342982	0.0526045482	-0.0008393884	0.0253434605	-0.0163925369	0.0350121371	0.0172560109	0.0403928016	-0.0264323375	0.0380620938	0.0253472979	0.0159123829	-0.0060885421	0.0342716383	0.0113636759	0.0385106987	0.0098559886	0.0270070674	-0.076589521	0.0048026534	0.0570513919	-0.006321697	-0.0101939847	-0.0001081742	0.0061814213	0.0565580151	-0.0096836817	-0.0127921328	0.0056051211	0.035689253	-0.0957392569	0.0462234739	-0.0077531046	-0.0030313641	-0.0070340068	-0.025122479	0.0177909598	-0.0384564419	-0.0382315518	0.0046331438	-0.000267214	0.0473948167	-0.0248606698	-0.0225422053	0.0576904572	0.0163920202	-0.0049616329	0.0631656251	-0.0549868894	-0.025395204	-0.0034365739	-0.019025874	-0.0678540468	0.0130460665	-0.0192652374	0.037374355	0.032350819	0.0303024932	0.0335878639	-0.0550986506	-0.0020490279	0.1084996095	-0.0223417527	-0.054603146	-0.050634638	-0.0299257318	0.0390467789	0.0171165204	-0.042845988	-0.0046659554	0.0065601977	0.011283824	-0.0106136168	0.0072366669	-0.0002393824	-0.0266320171	0.005271641	-0.0095922909	-0.0352335725	-0.0178771376	0.0045077254	0.0312320768	0.0116095559	0.0249755988	-0.0364091595	-0.0248322756	0.0543360074	-0.0590820419	0.0102080538	0.095318329	-0.0163697973	0.0516585541	-0.0223126216	-0.0524060186	-0.0150606746	0.0408085388	-0.0109057236	-0.0040493872	-0.0198879459	0.0170971668	0.0474141271	0.0266197786	-0.0225408583	0.0059392251	-0.0046418209	0.0267036071	0.0546835464	0.0110204713	0.0206502106	-0.0017520508	-0.0488448413	0.0052471816	0.0484693751	-0.0087154456	-0.0478457346	0.0121390845	0.046977113	-0.0155005685	-0.0458679577	0.018782686	0.0445239479	-0.0219686319	-0.0429519653	0.0250420933	0.0411600588	-0.0279873335	-0.0391574033	0.030789272	0.0369542528	-0.0334335625	-0.0345618882	0.0359066654	0.0319925587	-0.0381959179	-0.0937682	0.0079137999999999	6.262823043999998e-05	0.00879247533124	-2.44585	-0.02048	5.9821822225000005	0.0004194304	-0.219592	0.03175	0.0010080625	0.048220646464	-0.0121961	-7.419999999999996e-05	0.0001487448552099	5.505639999999994e-09	0.0013135	0.000433744	1.72528225e-06	1.88133857536e-07	-0.000905693	0.0001866269999999	8.202798102489999e-07	3.4829637128999996e-08	0.0	0.0	0.0	0.0	0.0	0.0	0.0	0.0	0.0	0.0	0.0	0.0	0.0	0.0	0.0	0.0	0.0	0.0	0.0	0.0	0.0	0.0	0.0	0.0	0.0	0.0	0.0	0.0	0.0	0.0	0.0	0.0	0.0	0.0	0.0	0.0	0.0	0.0	0.0	0.0	0.0	0.0	0.0	0.0	0.0	0.0	0.0	0.0	0.0	0.0	0.0	0.0	0.0	0.0	0.0	0.0	0.0	0.0	0.0	0.0	0.0	0.0	0.0	0.0	0.0	0.0	0.0	0.0	0.0	0.0	0.0	0.0	0.0	0.0	0.0	0.0	0.0	0.0	0.0	0.0	0.0	0.0	0.0	0.0	0.0	0.0	0.0	0.0	0.0	0.0	0.0	0.0	0.0	0.0	0.0	0.0	0.0	0.0	0.0	0.0	0.0	0.0	0.0	0.0	0.0	0.0
54296.09275657966	-73.76554149713047	2948065688.631102	5441.355112364878	66705.81639697266	-388.5740454101469	4449665941.186626	150989.78876640694	55315.14880205815	-95.48289410057625	3059765686.9938354	9116.983065821856	55493.90129378271	54015.4674874442	1.138759	26.087685	0.06016015	0.038764	-0.0014723893	0.0183819145	-0.016380527	-0.0310883057	-0.1199600353	0.0423678653	0.093908265	0.027800837	-0.0697751366	-0.0097221547	0.0284312288	-0.0092297401	0.0025721863	-0.0432587541	-0.0282524381	0.0455945162	0.0431075489	-0.0203372076	-0.0786326822	0.0307710269	0.0081722681	-0.0303602024	0.0065396732	-0.0501234914	-0.0414553621	-0.059058484	0.0011242236	0.034939875	-0.0026698149	-0.0096139798	-0.010632147	0.0365491288	0.0561924482	-0.0538950029	0.0278568885	0.0641422014	0.0150562527	0.0222538285	0.0589266139	-0.0393053717	-0.0729260229	-0.0302843009	0.032792289	-0.0178616623	-0.0565855787	-0.0019114159	0.0337148831	0.0319531577	-0.0235666732	-0.0952256071	0.0062485179	0.0565957244	0.0201070689	0.0067541842	-0.0566920077	-0.0133115251	0.0712502396	-0.0509849211	0.0399739922	-0.0097879241	-0.0101081726	-0.0015979169	0.0301801474	0.0175819261	0.0604553598	-0.050640734	-0.0003684561	0.0408569752	0.0157993397	-0.0351852271	0.0410812738	0.0232531887	-0.0279764638	0.0011206365	0.0236599885	-0.0217125879	0.0669358512	-0.0379840672	0.0105763253	-0.0075856839	0.0155861075	0.0330694252	-0.0053531651	-0.0199978676	-0.0191797635	-0.0245115599	0.0324114039	-0.0272264266	0.0072184966	-0.008683434	-0.0533890874	0.0180715663	0.0170220798	-0.0264254549	0.0139077868	0.0163195452	0.0330803923	0.0610063384	0.0319585674	0.0353797286	-0.0015734382	0.0940202073	0.0066465401	0.0081232634	0.0280053856	0.0475831097	0.018395178	0.0422583784	-0.0309414197	-0.0312488255	-0.032861864	-0.0028576584	-0.0201958436	0.0788215978	-0.0293166234	-0.0131634004	0.035138068	-0.0166828504	-0.0640888196	0.0196698991	0.0578554143	-0.0022329147	0.0338279119	0.0038074178	-0.0066993595	-0.0201309066	0.0352388985	0.0515707775	-0.0545203804	0.0341819847	0.0631647014	-0.0155724532	0.0130364502	0.0520800857	0.0501367894	0.0770881507	0.0277229994	-0.0187407968	0.0261397306	0.0599366603	-0.0180685727	-0.0119297679	-0.0463387758	0.0065761954	0.089208249	-0.0332019689	-0.0482011949	0.0236146855	-0.0071893008	0.0466066227	0.0240474297	0.0134345704	-0.0789532909	0.0152313688	-0.0163176055	-0.0157517564	-0.0313381413	-0.0346548576	-0.0312701327	0.0592433569	0.0605660116	0.0307776641	-0.0427967569	-0.013027459	-0.0347601253	-0.01674395	0.0005562561	-0.0341932524	-0.0035371027	0.0329087569	-0.0357751919	0.0543596017	0.0261111127	-0.0047015753	-0.017110562	0.038419092	0.0137173024	0.0137461984	-0.0322650187	-0.0147095176	-0.0314244154	0.0146903675	0.006871486	-0.0239896772	-0.0326281274	-0.0085252371	-0.0172535245	0.0092311846	-0.042140767	-0.0211141731	0.0279657766	0.013490848	-0.0055366263	0.0624358225	-0.0408113031	-0.0487225	-0.0784078042	-0.0274162958	0.0192187702	0.0387531806	-0.0339024903	0.0257691237	-0.0226183155	0.0461007081	0.0188228086	0.0226278531	0.0315955992	0.0125120923	-0.0253860774	0.0616999001	-0.0605565511	0.0342876508	0.0923164266	0.0529966566	-0.0183324122	-0.0129807157	-0.040856707	-0.002245981	-0.027385121	-0.0577966579	-0.0361666503	-0.0230112801	0.00697875	-0.0411131648	0.0425649727	-0.0416757961	-0.0084522919	-0.0542861614	-0.0058012589	0.0182041204	-0.0241444781	0.098555464	-0.0019363856	-0.0488170731	0.0057970462	0.0483586182	-0.0096214501	-0.0475977133	0.0133856785	0.0465391172	-0.0170661886	-0.0451894509	0.0206399614	0.0435571555	-0.0240846454	-0.0416524399	0.0273786964	0.0394872168	-0.0305015125	-0.0370750283	0.0334335625	0.0344309608	-0.0361565084	-0.0315715513	0.0386533201	0.0285146833	-0.0409083818	-0.100895	-0.0071268	5.079127824000004e-05	0.0101798010249999	-2.44435	0.0015	5.9748469225	2.2500000000001707e-06	-0.248124	-0.028532	0.000814075024	0.061565519376	-0.0118454	0.0003506999999999	0.00014031350116	1.2299048999999925e-07	0.00130433	-9.169999999999968e-06	1.7012767489e-06	8.408889999999942e-11	-0.00100585	-0.000100157	1.0117342225e-06	1.0031424649000004e-08	0.0	0.0	0.0	0.0	0.0	0.0	0.0	0.0	0.0	0.0	0.0	0.0	0.0	0.0	0.0	0.0	0.0	0.0	0.0	0.0	0.0	0.0	0.0	0.0	0.0	0.0	0.0	0.0	0.0	0.0	0.0	0.0	0.0	0.0	0.0	0.0	0.0	0.0	0.0	0.0	0.0	0.0	0.0	0.0	0.0	0.0	0.0	0.0	0.0	0.0	0.0	0.0	0.0	0.0	0.0	0.0	0.0	0.0	0.0	0.0	0.0	0.0	0.0	0.0	0.0	0.0	0.0	0.0	0.0	0.0	0.0	0.0	0.0	0.0	0.0	0.0	0.0	0.0	0.0	0.0	0.0	0.0	0.0	0.0	0.0	0.0	0.0	0.0	0.0	0.0	0.0	0.0	0.0	0.0	0.0	0.0	0.0	0.0	0.0	0.0	0.0	0.0	0.0	0.0	0.0	0.0
54390.64475288521	94.55199630554851	2958342236.634559	8940.080005364462	67236.08566699219	530.269270019533	4520691215.819113	281185.4987270484	55419.974858710106	104.82605665195295	3071373613.34006	10988.502153198451	55599.00442658777	53999.14520469765	1.109956	25.427845	0.1096057000000001	0.0591911	0.0025045488	0.013477909	-0.0129095034	-0.0276328342	-0.1266278935	0.055732855	0.0784262288	0.0316428344	-0.0109764341	0.0654446985	-0.0440834496	-0.0702156374	0.0610129374	-0.0822403995	-0.0217500528	-0.014986112	-0.0145782175	-0.0365572118	-0.0221776755	-0.0370247808	0.0369678513	-0.0093527428	0.0779476815	-0.0301909263	-0.0325053728	-0.0012612739	-0.0122997705	0.0010274866	-0.048707063	0.0275733188	0.1185415016	0.0089321981	0.0239012074	0.0070371456	-0.0489842831	0.0307913374	-0.0435717175	0.0553176899	-0.034833823	0.0001728311	0.0618926434	0.0097743012	0.0022811325	0.0447594667	0.0021905105	-0.0558797376	-0.0004934186	-0.0250093153	-0.0487991062	-0.0226811834	0.0266820103	-0.0191227495	0.063510772	-0.0449792555	0.0345859691	-0.014654713	0.0283039324	-0.0055333438	0.0018778143	-0.0483044903	0.0249144482	0.0748553011	0.0243912793	-0.0438622201	-0.0397168978	0.0045514426	0.0054397758	0.0254377428	0.0448660271	-0.0031581598	0.0613880252	0.0530527734	-0.0337454962	0.0224337462	-0.0066815107	0.0149089975	-0.0329626033	-0.0356996035	0.0121739196	0.0646506744	0.0247044825	0.0026989518	0.0700416503	0.0060506715	-0.0311499231	0.012076105	0.0428662524	0.0217533523	0.0037183599	0.030353375	0.001826042	0.0020769558	0.0434747578	-0.0081376144	0.0164264171	-0.0243545623	0.0140153175	-0.0181424901	-0.0381572372	0.0113567566	0.0131307543	-0.028017228	0.0101248346	0.0253001644	-0.0316368316	-0.0195533099	0.0115254135	0.0619391659	-0.0093869485	-0.0425219807	0.0924053594	-0.0477242991	-0.0365967224	0.0216258405	0.0370707192	-0.0362365412	0.0060339624	-0.0887677364	-0.0326485682	0.020809997	0.0015570798	0.0148379514	0.0060529368	-0.046928402	0.0348628414	0.1071307379	0.0353955366	0.0161918154	-0.0075191451	-0.0482544075	0.0366215824	0.0365799881	0.062113449	-0.0316379188	-0.002891954	-0.0596883209	0.0012756036	0.0309837703	0.0037619875	0.0073678996	0.0762720326	-0.005356181	0.0105549746	0.0448496058	0.0219136278	-0.0305165981	-0.0037219286	-0.0407526064	-0.0122771382	-0.0574250092	0.035257392	0.0056449427	-0.0404453346	0.0035833597	0.0297378552	-0.0364135934	-0.0406076336	0.0097040878	0.0865306849	-0.0169392377	-0.0146069023	0.0135741042	-0.0347284311	-0.0439344519	-0.0130988402	-0.0441177692	-0.0240318159	-0.0667331117	0.0273490085	0.0033855839	0.0244243118	-0.0283446756	0.0282943908	-0.0294003028	0.0287415631	0.0096574465	0.0099012385	0.092862175	0.0022639608	-0.0335722679	0.006439118	0.0516768087	-0.006734195	0.0070242227	0.0144385777	-0.0103145111	0.0014058877	0.0115154543	-0.0301963192	-0.0053699995	0.01074788	0.0318248721	-0.0069378608	-0.0336860329	0.0086968589	-0.0125190632	0.0142661092	-0.0087758802	-0.0253714412	-0.054989347	0.0136071155	0.0219343089	0.0129709836	0.060491469	0.0296907486	0.0155614944	-0.10021218	0.010549131	-0.0223103709	0.0482021023	-0.0567665055	0.0210546369	0.0991287739	-0.0102345447	0.0776534763	-0.0827081744	-0.0029831863	-0.0415933604	-0.000822966	-0.0526911747	0.0009674897	0.0731576866	0.00690223	0.0123256201	0.0115310285	-0.0216690131	-0.0138170836	-0.0386413866	-0.0026540997	-0.0412266886	0.0314199073	0.0386024764	-0.002120693	-0.0487865342	0.0063461704	0.0482368825	-0.0105240416	-0.0473253789	0.0146229661	0.0460588611	-0.0186121956	-0.04444683	0.0224618045	0.0425013783	-0.0261429148	-0.0402370998	0.0296279125	0.0376709804	-0.0328906545	-0.0348222698	0.0359066654	0.0317123377	-0.0386533201	-0.0283645137	0.0411100147	0.0248039116	-0.0432583199	-0.0942773	0.0066177	4.379395329000005e-05	0.0088882092952899	-2.48423	-0.0398800000000001	6.1713986929	0.0015904144	-0.218998	0.029126	0.000848323876	0.047960124004	-0.0122751	-0.0004296999999999	0.00015067808001	1.846420899999999e-07	0.0014932	0.00018887	2.22964624e-06	3.5671876900000025e-08	-0.00106692	-6.107000000000009e-05	1.1383182864e-06	3.729544900000011e-09	0.0	0.0	0.0	0.0	0.0	0.0	0.0	0.0	0.0	0.0	0.0	0.0	0.0	0.0	0.0	0.0	0.0	0.0	0.0	0.0	0.0	0.0	0.0	0.0	0.0	0.0	0.0	0.0	0.0	0.0	0.0	0.0	0.0	0.0	0.0	0.0	0.0	0.0	0.0	0.0	0.0	0.0	0.0	0.0	0.0	0.0	0.0	0.0	0.0	0.0	0.0	0.0	0.0	0.0	0.0	0.0	0.0	0.0	0.0	0.0	0.0	0.0	0.0	0.0	0.0	0.0	0.0	0.0	0.0	0.0	0.0	0.0	0.0	0.0	0.0	0.0	0.0	0.0	0.0	0.0	0.0	0.0	0.0	0.0	0.0	0.0	0.0	0.0	0.0	0.0	0.0	0.0	0.0	0.0	0.0	0.0	0.0	0.0	0.0	0.0	0.0	0.0	0.0	0.0	0.0	0.0
54415.01032303404	24.365570148831463	2960993348.455901	593.681008677627	66911.64465917968	-324.44100781250745	4477168190.996329	105261.96755039552	55392.11931062621	-27.85554808389861	3068286881.7226486	775.9315590543875	55548.44536453378	54454.226179484576	1.22067	27.964172	0.0820325999999999	0.0412838	-0.000288692	0.0176375933	-0.0061341722	-0.0336620621	-0.1080448532	0.0018004585	0.082308234	-0.0429028552	-0.0397244027	-0.0374309826	0.0508309906	-0.0336289196	0.0160115593	-0.0254650662	-0.0991293099	0.0188488663	0.0147386139	-0.0096852761	-0.0714881272	0.0148214231	-0.0527576767	0.0020402765	0.0307976402	-0.0544615646	0.040631145	-0.0057002484	0.0403367931	-0.0952212512	-0.0466700372	-0.0239849647	-0.0684136206	-0.0011860186	0.0153141915	0.0384756195	0.0153055501	0.0006107957	-0.0462377452	0.0012248945	-0.0006046816	-0.0106644573	0.0074886785	-0.0011458281	0.0323995782	-0.0331587819	-0.042837491	0.0157236432	-0.0108386597	-0.015771084	-0.0109761203	0.0154235898	0.134626591	-0.0103880592	0.0521483004	-0.0362193064	-0.0730442062	0.0295379504	-0.0494080239	-0.0683197344	0.0388600558	-0.015517485	0.0274404614	0.0465094284	-0.0144388611	0.0542834378	-0.0276292615	-0.0398481927	0.02917498	0.0522784847	0.0392477234	-0.0917443167	0.0600730651	0.0308899531	0.0106463069	0.0702032588	-0.0113523059	-0.0253909092	0.0071175304	-0.019832349	-0.0451472496	-0.0663767017	0.0010621227	0.0348380895	0.039881114	-0.0993777371	-0.0507630061	-0.0186591407	-0.0303841157	0.0266914946	-0.0354344882	-0.0654353077	0.043786416	0.0319663623	0.0004130991	0.0380787251	0.0339280631	0.041848238	-0.0363082242	-0.0271019975	-0.0291411368	0.0006123866	-0.099753003	-0.0219562687	-0.0069733264	-0.0390460899	-0.0027285599	0.0118099737	0.0699289406	-0.0166353535	-0.0282919778	0.020193847	0.0465952557	-0.0062580771	-0.0071486418	0.0736625025	-0.0121489568	0.0479994329	0.0050771767	-0.0261120361	-0.0320382004	-0.0678046947	0.0062783465	-0.0353804061	-0.084845798	-0.0599144291	-0.038636077	-0.059941804	-0.0119902448	0.0155197697	0.0431803765	0.0117632745	-0.0031195967	0.0505300891	-0.0003450363	0.0041661056	0.0022098072	-0.011700931	0.0076470413	-0.0313093413	0.0391602669	0.0413841525	-0.0174974054	-0.0007551947	0.0308056561	0.0162271682	-0.0269483993	-0.1400623263	0.0173029892	-0.0501321159	-0.0411242573	0.0382876735	-0.004892912	6.85007e-05	0.0102090186	0.0133842743	-0.0157522573	-0.0533551363	-0.0745638821	0.0464614527	-0.031266761	-0.0244956225	0.0399704671	0.0297233529	-0.0995445456	-0.0398166775	-0.0946838099	-0.014226603	-0.0049429776	-0.0172295817	0.0657076285	-0.0068616883	-0.035171205	-0.0021281178	-0.0296897256	0.0036809797	-0.0728621662	0.0074201537	0.0244768123	0.0457136868	-0.1053383349	-0.014435799	0.0202001799	-0.0780092529	-0.0366912545	-0.0324920625	0.0295371391	0.0513042466	0.0274832128	0.0283483011	0.014624606	-0.0378159673	-0.0079782225	-0.0355997053	0.0243963806	0.0090440156	0.1135642187	0.0018167359	-0.0090337611	0.058365369	0.0095533638	0.0023390916	-0.0161412642	0.0663581243	0.0020680526	-0.0267886578	0.0008792808	0.0099123433	-0.0432728995	0.00970226	-0.019770586	0.048137275	-0.0571901638	0.0325980946	0.0911935337	0.0161182791	0.0007399669	-0.0022035454	-0.0821859189	0.0103068276	0.0489387364	-0.0191007125	-0.0480096457	-0.0433159161	0.0290790553	0.0208883118	0.0121331408	-0.0156213578	-0.0235478883	-0.0264920421	-0.0228507532	-0.0139489972	-0.0280673919	0.0603880993	-0.0023049702	-0.0487532262	0.0068944842	0.0481041957	-0.0114229	-0.0470288708	0.0158500872	0.0455367808	-0.0201368126	-0.0436411487	0.0242450877	0.0413587732	-0.0281385053	-0.0387098805	0.0317825624	0.0357179449	-0.0351449656	-0.0324094805	0.0381959179	0.0288138067	-0.0409083818	-0.0249627879	0.0432583199	0.0208905514	-0.0452249073	-0.0967689	-0.0024916	6.208070560000052e-06	0.00936422000721	-2.45298	0.03125	6.017110880400001	0.0009765625	-0.238363	-0.0193649999999999	0.0003750032249999	0.0568169197689999	-0.0124429	-0.0001677999999999	0.00015482576041	2.8156839999999733e-08	0.00112316	-0.00037004	1.2614883856e-06	1.3692960160000005e-07	-0.0011076	-4.067999999999997e-05	1.22677776e-06	1.6548623999999975e-09	0.0	0.0	0.0	0.0	0.0	0.0	0.0	0.0	0.0	0.0	0.0	0.0	0.0	0.0	0.0	0.0	0.0	0.0	0.0	0.0	0.0	0.0	0.0	0.0	0.0	0.0	0.0	0.0	0.0	0.0	0.0	0.0	0.0	0.0	0.0	0.0	0.0	0.0	0.0	0.0	0.0	0.0	0.0	0.0	0.0	0.0	0.0	0.0	0.0	0.0	0.0	0.0	0.0	0.0	0.0	0.0	0.0	0.0	0.0	0.0	0.0	0.0	0.0	0.0	0.0	0.0	0.0	0.0	0.0	0.0	0.0	0.0	0.0	0.0	0.0	0.0	0.0	0.0	0.0	0.0	0.0	0.0	0.0	0.0	0.0	0.0	0.0	0.0	0.0	0.0	0.0	0.0	0.0	0.0	0.0	0.0	0.0	0.0	0.0	0.0	0.0	0.0	0.0	0.0	0.0	0.0
54525.79418474199	110.7838617079542	2973062231.476844	12273.064014927122	67192.34323388671	280.69857470702846	4514810989.260442	78791.68984255723	55395.89885683631	3.779546210105764	3068705610.156839	14.284969554324842	55565.93063154139	53974.33110732042	1.088081	24.926704	0.1144572	0.0603584	-0.0019555328	0.0127523975	-0.0096468593	-0.022498265	-0.1004301365	0.0430859577	0.0541473608	0.0235044921	-0.0376427204	-0.0026862332	0.0058323685	-0.0320114514	0.0172504622	-0.0769038422	-0.0183003972	0.0525633749	0.0429672481	-0.0220694595	-0.0552528895	-0.004133781	-0.0099487341	-0.0325047564	0.0014712398	-0.0235014482	-0.0657525555	-0.0899973763	0.0245946687	0.0033165653	-0.0140763542	0.0374218797	0.0056273264	0.0110560713	-0.0324139001	-0.0523299308	0.0375344531	0.0635994581	0.0027323777	-0.003485784	0.0230019705	0.0064438013	-0.0075571528	0.0384877962	0.046896917	0.0039429499	-0.0527085571	0.0293195552	-0.0237724261	-0.0310245719	0.0276877796	-0.0786701325	0.0296698962	-0.0024618584	0.0779605914	0.0296789391	0.0365786071	0.0599766066	-0.0497630264	-0.0312614917	0.0458024722	-0.0622776703	0.0113295027	-0.0260331948	-0.0577771588	0.0537651019	-0.0381168612	-0.0398944971	-0.0101319745	-0.0531578962	0.0190732657	-0.0232101511	0.005915144	0.0605275326	-0.0176968656	0.0041825925	-0.050935234	-0.011792543	-0.0178323495	-0.0069579523	-0.0247577079	0.0424834514	-0.0195746057	0.0846085046	-0.0512643432	-0.0297792452	0.0388511117	-0.0260195483	-0.0013029886	-0.0121814962	0.0490703471	-0.0018327689	-0.00372207	0.018488193	-0.0427619724	0.0173179257	0.0485031692	0.036805876	-0.0280576985	-0.0272088321	0.0419836877	-0.020328498	0.008493026	-0.0304636283	-0.032408317	0.0192320577	0.0235979275	-0.0337417683	-0.01431466	0.0401005681	-0.034290373	-0.020940037	0.0122152417	-0.0627993834	-0.0208903695	0.0552498289	0.0054724651	0.0060516324	0.033590054	-0.0114086506	-0.0447362373	0.0468504174	0.0917497425	-0.0278098776	0.0013207373	-0.0103016264	0.0339010511	-0.0020680429	0.0118734751	-0.0433893769	-0.05147886	0.0439970758	0.0595718996	0.000841971	-0.0080773472	0.0275747598	-0.0080738912	0.0119291643	-0.0274280611	0.0038735722	0.0514779889	0.0453310488	-0.0282529182	0.0252809219	0.0321011704	0.0006786661	0.0701736713	-0.0643737411	-0.0449865717	-0.0726900779	0.0448117487	-0.0180930144	-0.0760992166	0.0158894693	0.007672905	0.0494966258	0.0633197331	-0.0306825695	-0.0010086943	0.0379828481	-0.0645659972	-0.0420419899	0.0227783579	0.0051163893	0.03488793	-0.0442990503	-0.0361887582	0.0006720111	-0.0623896286	-0.0349764914	-0.0066973281	-0.0434504597	-0.0033031498	-0.018025146	-0.0047368875	-0.0515173258	-0.0003658885	0.0454796463	0.0790676515	-0.0541068348	-0.0263044147	0.0463666342	-0.0279310445	0.0002659142	-0.0045774484	0.0163933354	-0.0398665841	0.0057617616	0.0289133989	0.0104403654	0.0393403953	-0.0614875408	0.0145502911	-0.0328171388	0.0370755631	-0.0164120578	-0.0254693552	0.0269539035	0.0284274717	-0.0037021022	0.0267761864	-0.0033720791	0.0542774043	0.0138581676	-0.0438032976	0.0250805453	0.0551082842	-0.0336812456	-0.0377146735	-0.0653000927	-0.0196659815	0.0527465493	-0.0533462854	0.0253537016	0.080996659	0.0394699115	0.017702363	-0.0259258832	-0.0233622709	-0.0013409664	-0.0207380484	-0.0547432303	-0.0286322434	0.0175438792	-0.0006453321	-0.0481108994	0.0094724903	-0.0425763292	-0.0168886224	-0.056163292	-0.0492725222	-0.0290746834	-0.0067120277	0.0554121546	-0.0024892147	-0.0487171511	0.0074419176	0.0479605879	-0.0123177063	-0.0467083402	0.0170661886	0.0449733504	-0.0216382877	-0.04277355	0.0259867497	0.0401316745	-0.0300666323	-0.0370750283	0.0338357689	0.0336352026	-0.0372552045	-0.0298477488	0.0402895985	0.0257518113	-0.0429075896	-0.0213897225	0.0450821203	0.0168065656	-0.0467907162	-0.0898106999999999	0.0069582000000001	4.841654724000152e-05	0.0080659618344899	-2.4845	-0.0315199999999999	6.17274025	0.0009935103999999	-0.233544	0.0048189999999999	2.3222760999999902e-05	0.054542799936	-0.0114852	0.0009577	0.0001319098190399	9.17189290000001e-07	0.00129603	0.00017287	1.6796937609000005e-06	2.988403690000003e-08	-0.00081497	0.00029263	6.641761009000001e-07	8.56323169e-08	0.0	0.0	0.0	0.0	0.0	0.0	0.0	0.0	0.0	0.0	0.0	0.0	0.0	0.0	0.0	0.0	0.0	0.0	0.0	0.0	0.0	0.0	0.0	0.0	0.0	0.0	0.0	0.0	0.0	0.0	0.0	0.0	0.0	0.0	0.0	0.0	0.0	0.0	0.0	0.0	0.0	0.0	0.0	0.0	0.0	0.0	0.0	0.0	0.0	0.0	0.0	0.0	0.0	0.0	0.0	0.0	0.0	0.0	0.0	0.0	0.0	0.0	0.0	0.0	0.0	0.0	0.0	0.0	0.0	0.0	0.0	0.0	0.0	0.0	0.0	0.0	0.0	0.0	0.0	0.0	0.0	0.0	0.0	0.0	0.0	0.0	0.0	0.0	0.0	0.0	0.0	0.0	0.0	0.0	0.0	0.0	0.0	0.0	0.0	0.0	0.0	0.0	0.0	0.0	0.0	0.0
54601.99839468355	76.20420994155575	2981378228.693025	5807.081612816704	67593.93247363281	401.58923974609934	4568939707.250032	161273.91747985006	55444.13055903953	48.23170220321481	3074051613.4478207	2326.2970974195964	55612.20362117924	54521.4114188058	0.908589	20.814747	0.093307	0.0454431	-0.0025353414	0.0112400916	-0.0114614521	-0.0233333915	-0.0795101321	0.0367402461	0.0384644258	-0.0006016816	-0.0213753602	0.0529045959	0.0087293079	-0.0323580697	0.0262909908	-0.040445805	-0.044231184	0.0069549394	-0.0088699497	-0.021964425	-0.0213187601	-0.0112374183	0.0325939226	0.0117778969	0.0373047908	-0.0194884886	0.0093991997	0.006669392	-0.0019078223	-0.0327182881	-0.0164690255	-0.0065933288	0.0263300372	-0.0017898206	0.0136952844	-0.0060035119	0.0284632963	0.0407357014	-0.0618790685	0.0471719875	-0.0722521345	-0.0118124349	0.0469286282	0.0109106722	0.0036433204	-0.0083910173	-0.0210421423	-0.0607227311	0.0109025685	-0.0341888119	0.0047479373	-0.0364355722	-0.0045117682	0.0470169405	-0.0479444128	0.0099620699	-0.0244532435	-0.0292234249	0.0041170757	-0.0164647906	0.037196286	-0.0458988327	-0.0414595512	0.0217591968	-0.0357724317	0.0066600087	0.0344723855	-0.0495415793	0.0622303608	-0.0216355383	0.0269685713	0.0347956982	0.0479662264	-0.0016584658	-0.0129400626	-0.0166211147	-0.0813256442	-0.0169440128	-0.00074701	0.0441416546	0.0417814235	-0.0305963766	-0.0260980725	0.0512786717	0.0335026667	-0.0174401975	0.0306905223	-0.0439900512	-0.049846912	0.0040971199	0.0051486393	0.0446997464	0.022111886	6.96248e-05	-0.0237473374	-0.0081416565	0.0490718776	0.0564191083	-0.042707894	-0.0344780362	-0.017196669	0.0279037348	0.0106561065	0.0347666982	0.0077922196	0.0104228659	-0.024954303	0.0603415979	-0.0067189935	-0.0058238561	0.004656333	0.0423188803	-0.0018430989	-0.0301309349	-0.0207903055	0.0213122513	0.0141758879	-0.0332167764	-0.010566024	-0.037107501	-0.0129031799	-0.0203394836	-0.0057263876	0.0051011377	-0.0298834455	-0.0211970921	-0.0072592725	0.0262998116	0.0016813444	0.0109634069	-0.0083797528	0.0291091859	0.0401356725	0.0611603427	0.0510342941	-0.0631803904	0.0101975889	-0.0561315021	-0.0037290551	-0.021616838	0.0082649954	0.0344456678	0.058080926	-0.0120655852	0.0161929832	-0.0185132326	0.048588283	0.0004285687	-0.0106127794	0.0526785629	-0.0206031482	0.048618486	0.0041364647	0.0424089848	-0.0029530707	0.0240286122	0.0549326491	0.0179357337	-0.0058544742	0.0332278332	-0.0138960203	0.0274173569	0.0497576639	-0.0570147093	-0.0085454042	-0.0295944063	0.0091992116	-0.0531480531	0.0163499204	-0.0191324131	-0.011792916	-0.0740579323	-0.0144877961	0.0046524286	-0.0550231561	0.050372305	0.0206510926	0.0357019739	0.0511086877	0.0284886435	-0.0062768529	0.0293759895	-0.0169240484	-0.0404339545	0.0218845665	0.0640815388	0.0326037886	0.0002152372	0.0196718852	-0.0160983571	0.0152484966	-0.0553843649	0.0273486065	-0.0529374483	0.0188783627	-0.0369577506	0.0178542803	-0.028630109	-0.0204388008	-0.0302584735	-0.0001586758	0.0128296101	-0.0573963458	-0.0287937879	-0.0054021875	-0.0225000403	-0.054005615	-0.0123013746	-0.0091398092	0.0890463093	-0.0159497514	0.0481699739	-0.0490994019	0.0167413825	0.0716061691	0.0112313388	0.0316416445	-0.0139274535	-0.0297748163	-0.0045450986	0.0048905091	-0.025083359	-0.0205876339	0.0420789711	0.021787758	0.0551021757	-0.0023987865	-0.0103159273	-0.028255621	-0.0127705712	-0.0055048822	-0.0317521208	-0.0058750402	0.0399238827	-0.0026734239	-0.048678311	0.0079884006	0.0478060917	-0.0132081433	-0.046363951	0.0182704248	0.0443690814	-0.0231148951	-0.0418452649	0.0276838006	0.0388225891	-0.0319226731	-0.0353370889	0.0357809787	0.0314303169	-0.0392127206	-0.0271488476	0.0421769872	0.0225437227	-0.0446384398	-0.0176698424	0.0465677344	0.0125853106	-0.0479418706	-0.0891667	0.0006439999999998	4.1473599999986433e-07	0.00795070038889	-2.45868	0.0258199999999999	6.045107342400001	0.0006666723999999	-0.240782	-0.0072379999999999	5.238864399999992e-05	0.057975971524	-0.012061	-0.0005758	0.000145467721	3.315456400000015e-07	0.00112111	-0.00017492	1.2568876321e-06	3.059700640000002e-08	-0.00125635	-0.00044138	1.5784153225e-06	1.9481630440000001e-07	0.0	0.0	0.0	0.0	0.0	0.0	0.0	0.0	0.0	0.0	0.0	0.0	0.0	0.0	0.0	0.0	0.0	0.0	0.0	0.0	0.0	0.0	0.0	0.0	0.0	0.0	0.0	0.0	0.0	0.0	0.0	0.0	0.0	0.0	0.0	0.0	0.0	0.0	0.0	0.0	0.0	0.0	0.0	0.0	0.0	0.0	0.0	0.0	0.0	0.0	0.0	0.0	0.0	0.0	0.0	0.0	0.0	0.0	0.0	0.0	0.0	0.0	0.0	0.0	0.0	0.0	0.0	0.0	0.0	0.0	0.0	0.0	0.0	0.0	0.0	0.0	0.0	0.0	0.0	0.0	0.0	0.0	0.0	0.0	0.0	0.0	0.0	0.0	0.0	0.0	0.0	0.0	0.0	0.0	0.0	0.0	0.0	0.0	0.0	0.0	0.0	0.0	0.0	0.0	0.0	0.0
54664.32913873484	62.33074405129446	2988188880.187936	3885.12165398798	67218.39152001953	-375.54095361327927	4518312158.538634	141031.00784077117	55464.34143042795	20.210871388422674	3076293170.3110867	408.4793222793623	55634.22824244767	54353.35470906047	0.8972179999999998	20.554256	0.0804351999999998	0.0471505	-0.00286889	0.0066548117	-0.0097604542	-0.0268507786	-0.0713650763	0.008544537	0.0351706867	-0.0459865854	-0.0087911351	-0.0282733232	0.0144258125	-0.0452482236	0.0264584735	-0.0440459452	-0.0199090471	0.0268979389	0.02114633	-0.0183335058	-0.0404668871	-0.003114971	-0.0153506048	0.0047473304	-0.0004822785	-0.0080497781	0.0099201602	-0.0046769414	0.0269594754	-0.0050538794	-0.0196440486	0.0187704645	-0.0106474392	0.0175306652	0.0279674151	0.0265451045	0.0689080042	0.0428898708	0.0464904274	0.0516107863	-0.0288091935	0.001911618	0.0027159771	0.0269535456	0.0079484941	-0.056339538	-0.0117719324	-0.0171397972	-0.0041861057	-0.0022591781	-0.0688708363	-0.0037550576	0.0528546402	0.0424125651	0.0357865929	-0.0482350776	-0.0344118855	0.06678631	-0.0439544067	-0.046409022	-0.0114215319	0.024276322	0.0299004056	0.0046459564	-0.0250015085	0.0028877233	0.0072103363	0.0242490028	0.0120576685	0.0126752434	-0.0461315995	0.0341050396	0.0204726857	0.04354029	0.0916782968	0.0009323002	0.0269935258	0.0046556859	-0.0145899722	-0.0019425385	-0.0041572454	-0.0031898881	-0.0604583456	0.0124821779	-0.0423040816	0.0232347455	-0.0871521338	0.04503266	-0.0412179992	-0.04514031	-0.0479477376	0.0128112032	0.0169184074	-0.0061915361	-0.0132374576	-0.0282346001	0.0279795781	0.0845533556	-0.0186094372	-0.0107242051	0.0098616068	0.0324502513	0.000639498	0.060717131	0.0289056176	0.0352338318	-0.0508693935	-0.0193104117	0.0244089322	-0.0471792781	0.0422203042	-0.0464673665	0.0670248901	0.0278659875	-0.0175224375	0.0423897345	0.003409763	0.0149484914	-0.0034569983	-0.0017346557	-0.0074318673	-0.0110260953	0.0054797857	-0.0205446732	-0.0054772733	-0.026251336	0.018240488	-0.0142370322	0.0197496404	0.0278660585	0.0310783302	0.0648409463	0.0419639545	-0.0447655196	0.0444582305	-0.0166796895	-0.013143593	-0.0163440792	-0.0149951441	-0.0819697294	0.0232837077	0.0166415399	0.0183193821	0.0033718101	0.0009510855	0.062708431	-0.0037003493	-0.0787429641	-0.0386316561	0.0053478514	-0.0410948489	0.0021605473	-0.0475959507	-0.0370616952	0.009837333	-0.0228006756	-0.0403406951	-0.0288417459	-0.0241977503	0.030590347	-0.0140151111	0.0071993778	-0.0166566837	-0.0145813974	-0.0203859468	0.0509301822	0.0089087306	-0.0443021698	-0.0595098163	0.0522178092	0.0354742681	0.0202662828	-1.27307e-05	-0.0095613917	0.0126036822	0.0245426385	0.0177633004	-0.020131064	0.0445443388	-0.0589588212	0.003932313	-0.0828078906	0.0405017658	-0.0498527112	0.05648419	-0.0468887764	0.0082077735	-0.0118403805	0.0081585325	-0.0472768247	-0.0027660781	-0.0268550762	0.0363720669	-0.054299964	0.0479281503	0.0106860291	0.0025193593	-0.0309680916	-0.0582110826	-0.0376438045	-0.0217943263	-0.0104125995	0.0101709888	-0.0073180092	0.1026623378	-0.0275224249	0.0226353126	0.0234505374	-0.0317708642	-0.0216769977	-0.0156991479	0.0499275427	-0.0474878021	0.0128109779	0.06320771	0.0212960797	0.0356602444	-0.0051771116	-0.0166043623	0.0003818548	0.0334432587	-0.0211003578	-0.0412486635	-0.0342742221	0.0066328965	0.010110137	0.0051933015	-0.0270155086	-0.0084690777	-0.0268369156	-0.0582057013	-0.0188900652	-0.0110784346	0.0203556119	-0.0028575952	-0.0486367079	0.0085338634	0.0476407421	-0.0140938949	-0.045995879	0.0194619585	0.0437245227	-0.0245649379	-0.0408576104	0.0293333271	0.0374341914	-0.0337021777	-0.0335008948	0.037611983	0.0291112946	-0.0410094892	-0.02432518	0.0438484199	0.0192077409	-0.0460901072	-0.0138286801	0.0477040178	0.0082612638	-0.0486681691	-0.0885974999999999	0.0005692000000001	3.239886400001173e-07	0.0078495170062499	-2.49118	-0.0324999999999997	6.2059777924	0.0010562499999999	-0.244822	-0.00404	1.632160000000013e-05	0.059937811684	-0.0114326	0.0006284	0.0001307043427599	3.948865600000015e-07	0.00135923	0.0002381199999999	1.8475061929e-06	5.6701134399999936e-08	-0.00125635	0.0	1.5784153225e-06	0.0	0.0	0.0	0.0	0.0	0.0	0.0	0.0	0.0	0.0	0.0	0.0	0.0	0.0	0.0	0.0	0.0	0.0	0.0	0.0	0.0	0.0	0.0	0.0	0.0	0.0	0.0	0.0	0.0	0.0	0.0	0.0	0.0	0.0	0.0	0.0	0.0	0.0	0.0	0.0	0.0	0.0	0.0	0.0	0.0	0.0	0.0	0.0	0.0	0.0	0.0	0.0	0.0	0.0	0.0	0.0	0.0	0.0	0.0	0.0	0.0	0.0	0.0	0.0	0.0	0.0	0.0	0.0	0.0	0.0	0.0	0.0	0.0	0.0	0.0	0.0	0.0	0.0	0.0	0.0	0.0	0.0	0.0	0.0	0.0	0.0	0.0	0.0	0.0	0.0	0.0	0.0	0.0	0.0	0.0	0.0	0.0	0.0	0.0	0.0	0.0	0.0	0.0	0.0	0.0	0.0	0.0
54764.96643024508	100.6372915102329	2999201548.1058702	10127.864442515594	67739.11809814454	520.7265781250026	4588588120.714373	271156.1691657744	55489.08563527563	24.74420484768052	3079038624.6389523	612.2756735439762	55658.07604364891	54695.89838486708	0.8433049999999999	19.319157	0.0316801999999997	0.013124	-0.006141417	0.0041953566	-0.015136514	-0.0157478413	-0.0499254156	0.0305782794	0.0012407076	0.0337010519	-0.0065950728	-0.0116573545	0.0192884764	-0.0092007465	0.0203064425	-0.042861164	-0.028680616	0.0393609668	0.0069971485	-0.0294517553	-0.0079262478	0.0230163496	0.0181672216	-0.0396292999	0.0064032367	-0.0086783349	-0.0160732124	-0.0060325569	0.0271107211	-0.0163569667	-0.0046572164	0.0301622967	-0.0006839355	0.0214486402	-0.0033336974	-0.0672760963	-0.0046208401	0.0259151784	0.002019032	0.0160453345	-0.0085268988	0.0135879974	-0.0164469357	0.0012211935	0.0535719591	0.0264876243	-0.0174545007	-0.0200259531	0.0233250053	0.0300719247	-0.0137799649	-0.0351351537	-0.0224694434	0.0667679859	0.0257934039	0.0007812246	-0.0034284745	0.0184530924	-0.0292777491	-0.0450069418	-0.0300104354	0.0216962643	0.0099227683	0.0256245187	-0.0173360729	0.0420732758	-0.0376145579	-0.0141194794	0.0239551851	0.0195258388	0.0346730701	0.0683268463	-0.0356940031	0.0403282332	0.0679012312	0.0043734065	0.0788974246	0.030426447	0.015760208	0.0087201747	0.0019827197	0.0777795165	-0.0028219199	-0.0239136918	0.0230331783	-0.0411457453	0.0320711739	0.0166974847	0.0609097813	-0.0537979022	-0.0372073691	-0.0026228878	0.0174882709	0.0059944638	-0.07534539	-0.0265410199	0.0065686623	0.0024130839	-0.0190043017	-0.0121641267	-0.0085945746	0.0213309317	-0.0230925696	-0.0124866842	0.0041847684	-0.0012322533	0.0039803095	0.0036074023	-0.006331668	0.0143477108	0.0234114492	0.0042600262	-0.0504883698	-0.0304641204	-0.030016367	0.0078285537	-0.0199067804	-0.0201844305	0.0403595544	-0.0085686588	-0.0114350795	0.0097839368	0.0068010552	-0.0273286646	-0.0162141267	-0.0107464937	0.026523827	-0.010515667	0.0192092754	-0.0099224523	-0.0677464278	0.0028475772	0.0248032535	-0.0011770874	0.0120557713	-0.0056149959	-0.0099169084	0.0196024912	0.0030527859	0.0203793296	0.047652824	0.0230586671	0.0261109349	-0.0076819609	-0.0413854089	0.0145622957	0.0258536886	-0.0151365725	-0.0710162504	0.0252526309	0.0005642786	-0.0070744981	-0.0302142068	0.0012245676	0.011938207	-0.0380990213	-0.0215698569	-0.0046543727	-0.0407178387	0.0348875491	-0.0288129195	-0.0501651344	0.0090942181	-0.0240815215	-0.0182422718	-0.022022942	0.0831043064	0.0038665363	-0.0496624461	0.0449946903	0.0457679406	0.072695934	0.0234225302	0.031454408	0.0210056054	-0.0264358736	0.0519175255	-0.0163471875	0.0087180689	0.0275898829	-0.0184512059	0.0546544365	-0.0009287156	0.0506610123	0.018456411	-0.074981444	-0.0202505313	-0.0033926969	0.0380870562	-0.0657795246	0.0418348127	-0.0072683398	-0.011130922	-0.0167078104	0.0028456122	-0.0082992417	0.0202345303	-0.013031259	0.0109559027	-0.0004519936	0.0053189563	-0.0125194294	0.0029218663	-0.010658577	-0.0059576022	0.0067936348	-0.0015505522	-0.0625944748	0.0518482594	-0.0311828784	-0.0160476776	0.0490559342	-0.0446535333	0.0059299822	0.042553277	0.0332108655	0.0290267017	0.013457826	-0.0226332384	-0.0011237008	0.0255274923	-0.019039794	-0.0382914094	0.0168364463	0.0154559845	-0.026048433	0.0139605926	-0.0263300417	-0.0207589515	-0.0175600094	-0.051080243	-0.0369192529	0.0081352271	0.0323074366	-0.0030417259	-0.0485923444	0.0090782364	0.0474645768	-0.014974647	-0.0456043123	0.0206399614	0.0430402594	-0.0259867497	-0.0398119877	0.0309324975	0.0359693177	-0.0354008796	-0.0315715513	0.0393229378	0.026686557	-0.0426381448	-0.0213897225	0.0452953387	0.0157627911	-0.0472535125	-0.0098926005	0.0484824465	0.0038697424	-0.0489631754	-0.0821818	0.0064156999999998	4.116120648999871e-05	0.00675384825124	-2.48586	0.0053199999999997	6.179499939600001	2.8302399999997546e-05	-0.23928	0.005542	3.071376400000021e-05	0.0572549183999999	-0.0113052	0.0001273999999999	0.00012780754704	1.6230759999999932e-08	0.0014587	9.947000000000016e-05	2.1278056900000003e-06	9.89428090000003e-09	-0.00119517	6.118000000000009e-05	1.4284313289e-06	3.742992400000011e-09	0.0	0.0	0.0	0.0	0.0	0.0	0.0	0.0	0.0	0.0	0.0	0.0	0.0	0.0	0.0	0.0	0.0	0.0	0.0	0.0	0.0	0.0	0.0	0.0	0.0	0.0	0.0	0.0	0.0	0.0	0.0	0.0	0.0	0.0	0.0	0.0	0.0	0.0	0.0	0.0	0.0	0.0	0.0	0.0	0.0	0.0	0.0	0.0	0.0	0.0	0.0	0.0	0.0	0.0	0.0	0.0	0.0	0.0	0.0	0.0	0.0	0.0	0.0	0.0	0.0	0.0	0.0	0.0	0.0	0.0	0.0	0.0	0.0	0.0	0.0	0.0	0.0	0.0	0.0	0.0	0.0	0.0	0.0	0.0	0.0	0.0	0.0	0.0	0.0	0.0	0.0	0.0	0.0	0.0	0.0	0.0	0.0	0.0	0.0	0.0	0.0	0.0	0.0	0.0	0.0	0.0
54815.6120089453	50.645578700226906	3004751319.9152284	2564.974641880877	67893.09361816406	153.97552001952135	4609472161.044789	23708.460765282023	55574.37765579666	85.2920205210321	3088511451.829112	7274.728764560161	55751.27925413297	54770.36984641336	0.789981	18.097576	0.0269235000000003	0.0128594	-0.0051408648	0.0021099409	-0.0183002753	-0.0143338866	-0.0255264371	0.0363441486	0.0033948789	0.0441039097	-0.0117849417	0.03630156	0.0040986222	-0.022271013	0.0187977972	-0.0603327637	0.01081315	0.025462975	0.0064360615	-0.0474511954	0.0173439549	0.0002514716	0.0289321211	-0.0048539551	0.0043282381	-0.0043388883	0.005963124	0.0186044275	-0.0095752324	-0.0285153497	-0.0080686128	0.0178176393	0.0368084612	0.0221399303	-0.0225750581	0.0562185026	-0.045788798	-0.0008019775	0.0267032007	0.0466391486	-0.0014774589	0.0314352669	0.0041631178	-0.0076800667	0.0546980376	0.0057657959	-0.0429590932	-0.0195100627	-0.0052117416	-0.024663111	0.0694271292	-0.0340349677	0.0406270985	0.026686101	0.0310002914	0.0415426899	0.0154860681	0.0477478945	-0.015457859	0.0211410633	-0.0221701303	0.0508906679	-0.0111901344	0.0220216114	-0.0393013632	-0.0596381475	0.0231741012	0.0410821015	-0.0103867345	-0.0132340631	0.0300932849	-0.0136236074	-0.0228628032	-0.0303516311	-0.0252383193	-0.0457320542	0.0328104089	0.0369300795	0.0181145809	0.0513505913	0.0205201527	0.0469304675	-0.0430015055	0.0520790798	-0.0035689869	0.0181999134	0.0105350339	-0.0289270392	0.0709572972	0.0310685118	0.0474357848	0.0030503984	0.0614712631	0.0474049966	-0.0234641645	-0.03549125	0.0243211284	-0.0070362807	0.0225604995	-0.0229272568	-0.0432825459	-0.015312913	-0.0116572652	-0.007803516	0.0265227594	-0.0225509773	-0.0483161513	-0.0367485421	0.0015580728	-0.0188458781	0.0448802695	0.0164802228	0.01463707	0.059074706	-0.0490734211	-0.0178750846	0.0021287832	-0.0299068535	0.0042453416	-0.006527724	-0.0033916071	-0.0056714633	-0.0159013075	0.011762067	-0.0302765844	-0.0115433723	0.0182909402	0.0342828695	0.0258504512	-0.0237013289	0.0473936841	-0.0514421987	0.0044966968	-0.0297087083	0.0454144687	-0.0039487642	-0.0292758824	0.0043877021	0.0155675094	0.0194733814	0.051211222	0.0462496977	0.009488644	0.0056507481	0.0294814978	-0.0644906859	0.0302612871	-0.0587743676	-0.0177251233	-0.009279114	0.044874302	-0.0066657062	-0.0364767179	-0.0259503398	0.0009478826	-0.0131644544	-0.0264412131	0.0493835402	0.0225502162	0.0493741583	0.0443579925	0.0311614315	-0.0444059669	-0.0001623262	0.0264346369	-0.0182066366	0.0039184933	0.0278437644	0.0304927274	0.0086352853	-0.0403640123	0.0377409322	0.0343090573	0.0384053239	-0.0372041165	0.0001959903	0.052667995	0.0047056789	0.0656046043	-0.0046488213	0.0123758968	-0.0015110481	-0.0467537499	0.0596057458	-0.0337560993	0.0286956038	-0.0109969259	0.0466063869	0.0705346792	-0.0311157934	-0.0110598671	-0.0217993617	0.0046318618	0.0264027635	0.0065360224	-0.0023207431	0.0359335186	0.0149064969	-0.0096299528	0.0038124498	-0.0357460824	-0.0678151765	0.0110817426	-0.0202701511	0.0329290026	-0.0130759536	-0.0419979512	0.0037641219	-0.002667417	0.0275824907	-0.0155233101	0.0547406646	-0.0422207288	0.0094970593	0.046100455	0.0191471067	0.0476883629	0.0166191936	-0.0076536599	-0.0015852049	-0.0199968505	-0.0078788779	-0.0190875401	0.0769914346	0.0288738875	-0.0020500637	-0.0031092967	-0.0096557193	-0.0139721805	-0.0069971904	-0.0363637006	-0.0276905598	-0.003215545	0.0001158903	-0.0032258135	-0.0485452228	0.0096214501	0.0472776357	-0.0158500872	-0.0451894509	0.0218036145	0.0423169129	-0.0273786964	-0.0387098805	0.0324785665	0.0344309608	-0.0370147062	-0.0295544231	0.0409083818	0.0241649094	-0.0440920108	-0.0183559655	0.046510335	0.0122284171	-0.0481213794	-0.0058886202	0.0488971813	-0.0005533855	-0.048824275	-0.0869998	-0.004818	2.3213124000000022e-05	0.00756896520004	-2.47768	0.0081800000000002	6.138898182399999	6.691240000000488e-05	-0.243063	-0.003783	1.4311089000000064e-05	0.059079621969	-0.0112152	8.99999999999998e-05	0.00012578071104	8.099999999999965e-09	0.00140703	-5.166999999999997e-05	1.9797334209000004e-06	2.669788899999997e-09	-0.00125635	-6.118000000000009e-05	1.5784153225e-06	3.742992400000011e-09	0.0	0.0	0.0	0.0	0.0	0.0	0.0	0.0	0.0	0.0	0.0	0.0	0.0	0.0	0.0	0.0	0.0	0.0	0.0	0.0	0.0	0.0	0.0	0.0	0.0	0.0	0.0	0.0	0.0	0.0	0.0	0.0	0.0	0.0	0.0	0.0	0.0	0.0	0.0	0.0	0.0	0.0	0.0	0.0	0.0	0.0	0.0	0.0	0.0	0.0	0.0	0.0	0.0	0.0	0.0	0.0	0.0	0.0	0.0	0.0	0.0	0.0	0.0	0.0	0.0	0.0	0.0	0.0	0.0	0.0	0.0	0.0	0.0	0.0	0.0	0.0	0.0	0.0	0.0	0.0	0.0	0.0	0.0	0.0	0.0	0.0	0.0	0.0	0.0	0.0	0.0	0.0	0.0	0.0	0.0	0.0	0.0	0.0	0.0	0.0	0.0	0.0	0.0	0.0	0.0	0.0
54836.8027167206	21.190707775298502	3007074932.192536	449.0460960180965	68113.69632275391	220.60270458985175	4639475626.74834	48665.55327235741	55459.1686204213	-115.20903537536653	3075719384.068322	13273.121832122451	55630.486045655925	54768.85390054282	0.941108	21.559715	0.0185003999999996	0.00979919	-0.0036264343	0.0020200942	-0.0121804761	-0.0226380405	-0.0264434627	0.0031441489	-0.0042323768	-0.0781950081	0.0045409571	0.008483465	-0.0003578426	-0.0196331941	0.0321052728	-0.0574356021	-0.0553267122	0.0211116065	0.0010090986	-0.0182924062	-0.051416721	0.0053180414	-0.0204488251	0.050660991	0.0188678807	0.002450297	0.0008090006	0.0146448977	-0.0159329349	-0.0158605415	-0.0203588984	0.075838801	-0.0119582112	0.0530351487	-0.0069607029	-0.0086688277	0.0443100749	0.0038123588	-0.0442451591	0.036016329	-0.0432770887	0.0086932609	0.0532394913	-0.0240810579	0.0407360111	-0.0243368157	0.0183564517	-0.0348863376	-0.0094721144	-0.0117707368	0.0092688774	-0.0152318413	0.0114355523	0.0230663385	-0.0009085694	-0.0491790625	-0.0150485306	-0.0047036264	0.0001408992	-0.0053428847	-0.0123762894	-0.0591815731	0.0105870065	-0.050884509	0.0211194721	0.0387089514	0.0291998685	0.0092814833	0.0397512113	0.0189012027	-0.0283521029	0.0161225082	0.0036731551	0.031820419	0.0039080626	0.0056828563	0.0143258758	-0.0476174977	-0.0412118152	-0.0614879403	-0.0200738627	4.31879e-05	0.0057378944	-0.0023138596	0.060821163	-0.0023618068	-0.0060302776	-0.048471168	0.0631187997	0.0130446139	-8.44574e-05	0.0593236402	-0.0146321466	-0.0085685609	0.02851482	-0.0172589683	-0.0390588543	0.0250835846	0.0148065793	0.0628267975	-0.0268735996	-0.0110282488	-0.0528094235	0.0339890261	-0.012723265	-0.0133469077	-0.0026224551	-0.0230282291	-0.0448683058	-0.0183967407	-0.0210672603	-0.0204183871	0.0113765433	-0.0395117805	-0.0173782439	0.0544094452	-0.0050035176	0.0197307384	-0.0473931164	-0.0189241423	-0.0006457621	-0.0045924485	-0.0130673742	0.0194267572	-0.0177855691	-0.0245904612	0.0653539031	-0.0330137693	0.0492239208	-0.0191522384	-0.0069140427	0.0432225373	0.0057665797	0.044648166	0.0397118866	-0.0377947723	-0.0137263617	-0.0543952334	0.0304900142	-0.0157804117	0.0425537396	-0.0120628281	0.0269787201	0.0057735298	0.0070398033	-0.0202814359	0.0207311544	-0.0159181414	-0.0054382897	0.0209484517	-0.0430692957	-0.0150208948	0.0193280823	-0.0198590923	0.0090259611	-0.0112864538	0.0444627112	-0.0397489376	-0.0055471819	-0.0498685844	-0.0506428359	0.0158447953	0.0111148823	-0.0381309464	-0.0345764303	0.0354171444	0.0096244835	-0.0073109986	-0.0364347901	-0.0001955449	0.0043435205	0.0121804621	-0.0420321315	-0.0486465067	0.0226766952	0.0080023919	-0.0439743073	-0.0088082557	0.016146791	0.0850438933	-0.0052748752	-0.009222695	-0.0544366844	0.0631278233	0.0173815799	0.0078799256	0.0241808965	-0.0293174173	-0.0026451098	0.0040545114	-0.0298922434	0.0368999739	0.0181909509	-0.026556172	-0.0270709989	0.0696734909	0.0349120239	0.0008009475	-0.0419011573	-0.0030191992	0.0124364002	-0.0314237796	0.0113497656	-0.0320842873	-0.0223714929	-0.0137810247	0.0361575511	0.0031776017	-0.0342924983	0.0352694734	-0.013939996	0.0491922903	-0.0412598343	0.0098518475	0.0400231838	0.0230144745	0.0490628498	0.0162665507	0.0024965079	-0.0032885119	0.0331356746	0.0084110047	-0.0441304334	-0.0186480247	0.0464323187	0.0714259981	-0.0108861114	-0.00508697	-0.0290372737	-0.0049042884	-0.0580474949	-0.0489042341	0.0122082815	0.0180626482	-0.0034098553	-0.0484953459	0.0101634351	0.0470799613	-0.016719905	-0.0447515066	0.0229521086	0.0415551402	-0.0287391785	-0.0375528523	0.03396888	0.0328222635	-0.0385397882	-0.0274551188	0.0423632548	0.021555509	-0.0453651274	-0.015237851	0.0474871876	0.0086246698	-0.0486882801	-0.0018442215	0.0489451109	-0.0049719936	-0.048252699	-0.0884067	-0.0014069	1.9793676100000077e-06	0.00781574460489	-2.47027	0.0074099999999996	6.102233872900001	5.490809999999548e-05	-0.240436	0.0026269999999999	6.90112899999995e-06	0.057809470096	-0.0112158	-5.999999999999062e-07	0.00012579416964	3.599999999998874e-13	0.00148839	8.135999999999994e-05	2.2153047921e-06	6.619449599999991e-09	-0.00131552	-5.916999999999988e-05	1.7305928703999998e-06	3.501088899999986e-09	0.0	0.0	0.0	0.0	0.0	0.0	0.0	0.0	0.0	0.0	0.0	0.0	0.0	0.0	0.0	0.0	0.0	0.0	0.0	0.0	0.0	0.0	0.0	0.0	0.0	0.0	0.0	0.0	0.0	0.0	0.0	0.0	0.0	0.0	0.0	0.0	0.0	0.0	0.0	0.0	0.0	0.0	0.0	0.0	0.0	0.0	0.0	0.0	0.0	0.0	0.0	0.0	0.0	0.0	0.0	0.0	0.0	0.0	0.0	0.0	0.0	0.0	0.0	0.0	0.0	0.0	0.0	0.0	0.0	0.0	0.0	0.0	0.0	0.0	0.0	0.0	0.0	0.0	0.0	0.0	0.0	0.0	0.0	0.0	0.0	0.0	0.0	0.0	0.0	0.0	0.0	0.0	0.0	0.0	0.0	0.0	0.0	0.0	0.0	0.0	0.0	0.0	0.0	0.0	0.0	0.0
54821.353628770106	-15.449087950495596	3005380813.690665	238.6743185021482	67241.99126782226	-871.7050549316482	4521485389.661885	759869.7027933878	55483.523216498426	24.354596077129827	3078421348.51572	593.1463500801475	55639.69691997205	54574.76034966011	1.030117	23.598814	0.0691160000000001	0.0385366	-0.0059891744	0.0025862693	-0.0071073026	-0.0057147508	0.0021989994	0.0255520237	-3.33902e-05	0.0565491061	0.0041656501	-0.0467063267	0.0121388505	0.0009472298	0.0386917645	-0.052315822	-0.0182233256	0.0181062835	0.0531233159	-0.0364905618	-0.0159740229	0.0328692092	0.0195918375	-0.0525186519	-0.0219243081	0.0298075958	0.0194046723	-0.0252734642	-0.0125243079	-0.0074157185	-0.0080897026	0.0864640044	-0.0175026835	0.0658026933	-0.0480399272	0.0241385439	0.0288768679	0.0324941016	-0.0459177112	0.0135373397	-0.0008762803	0.0535490371	-0.0223199104	0.0291424826	0.0342602839	-0.0292730071	0.0069655416	0.012210375	0.0030039261	0.0136975539	0.0050687774	-0.0604525663	0.0260163127	-0.0147600838	0.0148008805	-0.0039910209	-0.0303164277	0.0382743884	0.0053849401	0.0069828664	0.0240843246	0.0127629689	-0.0110319771	0.0483465749	0.0331696868	0.0291063906	-0.0232561175	0.0110017131	0.0262228055	0.0033446455	-0.0359407533	0.0326439685	-0.0279411879	0.0369823609	-0.0127739034	-0.0874762837	-0.0285336939	-0.0478511849	0.026497225	0.007301547	-0.0045519445	-0.012564869	-0.0085377919	0.0154042519	0.088281134	-0.0168711623	-0.0529907248	-0.0495119427	0.0385617799	-0.0452069946	-0.0263480223	-0.0254430692	0.0717925873	-0.0329742344	0.0601911258	0.010708682	0.019963167	0.0472385974	0.0344369787	0.0412019192	0.0037887292	-0.0080459304	0.0523841615	-0.0214164978	-0.0105690206	-0.005925935	0.0386795985	-0.103211348	0.0175964238	0.0050232705	0.0743364338	0.0401294137	-0.1031732513	0.0761421176	-0.0343357829	0.0174578254	-0.0269246625	-0.0220704531	0.0534191453	0.0288106695	0.0360718042	-0.0061446871	0.0281300671	0.0130401752	-0.0089223063	-0.0102787094	0.0746669994	-0.0346125634	0.0598314754	-0.0610702642	0.0269780475	0.0255796721	0.033539882	0.0492874758	0.0143906079	0.0087920959	-0.0574778398	0.0231905749	-0.0204495734	-0.0203561485	0.0373092151	-0.0031406233	-0.0107508645	0.0074883054	-0.0200070271	-0.0051683075	0.0529509118	-0.0332983342	-3.60947e-05	-0.0276834451	-0.0156081505	0.0144631149	-0.0070091338	-0.0260032962	0.003196529	0.0295557418	-0.0160380566	0.0189867622	-0.0727610657	-0.0062482303	0.0110360213	-0.0241563955	-0.0073181737	-0.0256023662	-0.0095828561	0.0377148335	0.0318953381	0.0043119653	-0.0481341	0.0118407613	-0.0924592798	-0.0164727622	-0.0331441934	0.0256831194	-0.0292580356	0.0007014903	-0.0043960196	0.0073937853	0.0296507821	0.1024846034	-0.0156845789	-0.0403966882	-0.0210539809	-0.0081835521	0.0190787722	-0.0350525873	0.0345599582	0.09388577	-0.0254115138	-0.0056255278	-0.003004554	-0.0016527332	0.0912545147	-0.0005787226	-0.0412340229	0.0098477115	-0.0494642189	0.0226266178	0.008926365	0.0377856597	-0.0107546748	0.0019129294	0.0917134977	0.0080519516	0.0458208769	0.0172304729	-0.0546843535	-0.0137024376	0.1296975325	-0.0374128814	-0.0075243373	0.0388697604	-0.0377418301	0.0118283932	0.0336106461	0.0253378774	0.0400817657	0.047681706	-0.0103090284	0.0142072198	0.0076673364	0.0112765343	-0.0534376302	0.0121243217	0.060568374	-0.040409708	-0.010460782	-0.0151644283	-0.0310438112	-0.0028945504	-0.0476587397	-0.0793200825	0.0053335134	0.0111721833	-0.0035938487	-0.0484427166	0.0107041222	0.0468715983	-0.0175837917	-0.0442907033	0.0240846454	0.0407556328	-0.0300666323	-0.0363425447	0.0354008796	0.0311465121	-0.0399724692	-0.0252794756	0.0436829132	0.0188678315	-0.0464522756	-0.0120497088	0.048220895	0.0049719936	-0.0489506689	0.0022128355	0.0486258757	-0.0093499925	-0.0472535125	-0.0870212	0.0013854999999999	1.919610249999994e-06	0.00757268924944	-2.46624	0.0040300000000002	6.0823397376	1.6240900000001612e-05	-0.24606	-0.0056239999999999	3.162937599999989e-05	0.0605455236	-0.011881	-0.0006651999999999	0.0001411581609999	4.424910399999993e-07	0.00121165	-0.0002767399999999	1.4680957225000005e-06	7.658502759999997e-08	-0.00109593	0.0002195899999999	1.2010625648999998e-06	4.821976809999999e-08	0.0	0.0	0.0	0.0	0.0	0.0	0.0	0.0	0.0	0.0	0.0	0.0	0.0	0.0	0.0	0.0	0.0	0.0	0.0	0.0	0.0	0.0	0.0	0.0	0.0	0.0	0.0	0.0	0.0	0.0	0.0	0.0	0.0	0.0	0.0	0.0	0.0	0.0	0.0	0.0	0.0	0.0	0.0	0.0	0.0	0.0	0.0	0.0	0.0	0.0	0.0	0.0	0.0	0.0	0.0	0.0	0.0	0.0	0.0	0.0	0.0	0.0	0.0	0.0	0.0	0.0	0.0	0.0	0.0	0.0	0.0	0.0	0.0	0.0	0.0	0.0	0.0	0.0	0.0	0.0	0.0	0.0	0.0	0.0	0.0	0.0	0.0	0.0	0.0	0.0	0.0	0.0	0.0	0.0	0.0	0.0	0.0	0.0	0.0	0.0	0.0	0.0	0.0	0.0	0.0	0.0
54965.59972128217	144.2460925120613	3021217152.7202144	20806.935204998143	68129.97956958007	887.9883017578104	4641694116.151398	788523.2240587202	55518.36348147364	34.840264975217	3082288683.6610265	1213.844063543332	55684.80207094434	55117.48578086952	1.025605	23.495443	0.1793507000000001	0.102109	-0.0026852495	-0.0097460776	0.004420685	0.0129376714	0.0308039279	0.012745671	-0.0320839191	0.015989044	0.0427989096	0.0631435416	-0.0669326642	0.0099177885	0.0150972827	-0.0199689542	-0.0222505555	0.0290152851	0.0222831633	0.0073467557	0.0181565139	-0.0303612495	0.0336743499	0.0116171161	-0.0066171372	0.0384504975	-0.0107202264	0.0350568928	-0.0373632252	-0.0245231515	-0.015254726	0.0377864721	0.0156937656	0.0731241476	0.0039992354	-0.0163575759	-0.0317581606	0.0204860499	-0.0450872268	-0.0087684735	-0.0807759786	0.0451834367	-0.0382606542	0.0007436497	0.0001501903	-0.0790115818	0.0357028072	0.0135129726	0.0218667549	-0.0096114433	0.0317764008	-0.0324703132	0.0519840832	0.0419874797	0.0211332856	0.0157773425	0.0166089991	-0.0072638264	-0.005464686	-0.0079724333	-0.0556179963	0.0556495351	-0.0022911891	0.0249620588	-0.0474157513	-0.0504262778	0.0141948961	0.0380069978	0.0189991702	-0.0042718482	-0.0135500575	-0.0033428586	-0.0617197489	0.0554333445	0.066754099	-0.0392425814	-0.0174039713	-0.0451300735	0.0231229558	0.004814537	0.0209006746	-0.0020128771	0.0400339215	0.0268533131	0.0181850271	-0.0063541501	-0.005653907	0.0646374562	0.0219581164	-0.0481848987	-0.0125029819	-0.0110592267	-0.0337991374	-0.028162842	-0.0240452888	-0.0311863846	0.0337587145	0.0146058138	0.0574980127	-0.0281778531	-0.0535140399	0.0295070586	-0.0148232331	-0.0664482672	0.0216183648	0.03147905	-0.0313506865	0.0138246673	-0.0159315176	0.0267784349	0.0637973327	-0.0095928422	0.0439725253	-0.0266309759	0.0075192112	-0.0193005211	0.0303446717	-0.0300830567	-0.0145960276	0.0082432629	0.0294324382	0.028409323	-0.0322635093	0.0401796327	-0.0261716911	-0.0145404169	0.0319691878	-0.0034970447	0.0728320053	-0.0082300474	-0.0219453904	-0.0339664247	0.0223621678	0.0521831204	-0.0059062107	-0.0718898774	-0.0547018435	0.0258618011	-0.0071348431	-0.0677632084	0.0078483563	-0.0292451541	-0.02736572	-0.0260160819	-0.0058226596	-0.0396052167	0.0367455004	-0.0644303517	-0.0113062618	0.0208201455	0.01343067	-0.0191481466	0.006266875	0.0073047456	-0.0003287518	-0.0611364948	-0.043956959	0.032131912	0.01999229	0.0572785933	0.0349644833	0.0250957053	-0.0347007325	-0.0254252908	0.0002514137	0.017013915	0.0014572652	0.0252598394	-0.0828398398	0.0706763289	-0.0262745864	-0.0202516813	-0.0368621282	0.0219018458	0.0080552921	-0.0028002132	0.0153668682	0.0522688134	-0.021316701	0.0152174926	-0.0067194597	-0.0072550434	0.0555532651	0.0263662932	0.0217048995	-0.0430464442	-0.0385790661	-0.0212771848	-0.0255263105	-0.0391325919	0.0052360431	-0.027412432	0.047319756	0.0440980162	0.0095762095	-0.0109691787	0.0492256998	-0.0220481678	0.0697248163	-0.0312027697	-0.0303264554	-0.0350870311	-0.0168188294	-0.0459234925	0.0422924744	0.0378362584	-0.0005946436	-0.0410626852	-0.0380490487	-0.0468610964	0.0116425376	-0.0094028006	-0.0280809936	-0.010302261	-0.0075351966	0.0294661312	0.0673416096	-0.0006366849	0.0413668571	0.0150265863	-0.0189125868	0.0104631794	-0.0562134309	0.0582173313	0.0469986664	0.0254060059	-0.0046284437	0.0083600028	-0.0405463917	0.026992748	-0.0333059082	-0.1013543144	0.0133911722	-0.0514619975	-0.0037777911	-0.0483873377	0.0112434423	0.0466525943	-0.018441441	-0.0438072762	0.0252004375	0.0399191169	-0.0313595323	-0.0350806749	0.036772107	0.0294071302	-0.0413093142	-0.0230335427	0.0448631447	0.016111637	-0.0473489988	-0.0088061905	0.0487077002	0.0012911108	-0.0489069049	0.0062547041	0.0479418706	-0.0136516244	-0.0458355703	-0.0725395	0.0144817	0.00020971963489	0.00526197906025	-2.51282	-0.04658	6.3142643524	0.0021696964	-0.212302	0.033758	0.001139602564	0.0450721392039999	-0.0132428	-0.0013618	0.00017537175184	1.854499240000004e-06	0.00154047	0.0003288199999999	2.3730478209e-06	1.081225923999999e-07	-0.00109593	0.0	1.2010625648999998e-06	0.0	0.0	0.0	0.0	0.0	0.0	0.0	0.0	0.0	0.0	0.0	0.0	0.0	0.0	0.0	0.0	0.0	0.0	0.0	0.0	0.0	0.0	0.0	0.0	0.0	0.0	0.0	0.0	0.0	0.0	0.0	0.0	0.0	0.0	0.0	0.0	0.0	0.0	0.0	0.0	0.0	0.0	0.0	0.0	0.0	0.0	0.0	0.0	0.0	0.0	0.0	0.0	0.0	0.0	0.0	0.0	0.0	0.0	0.0	0.0	0.0	0.0	0.0	0.0	0.0	0.0	0.0	0.0	0.0	0.0	0.0	0.0	0.0	0.0	0.0	0.0	0.0	0.0	0.0	0.0	0.0	0.0	0.0	0.0	0.0	0.0	0.0	0.0	0.0	0.0	0.0	0.0	0.0	0.0	0.0	0.0	0.0	0.0	0.0	0.0	0.0	0.0	0.0	0.0	0.0	0.0	0.0
54961.93800412784	-3.661717154325743	3020814629.1695924	13.408172518283417	67559.9705078125	-570.0090617675742	4564349615.016495	324910.3304971502	55516.72079568121	-1.6426857924307114	3082106287.905623	2.6984166126537144	55677.40045009217	55132.51327046977	1.097622	25.14529	0.1493808500000001	0.0968864	-0.0067939871	-0.0129425674	-0.0037932678	0.0035014557	0.0330202512	-0.0117026269	-0.033877251	-0.0132584057	0.0232441524	-0.0685400188	-0.0067768467	-0.0062743292	-0.0055234857	0.0014006169	-0.0302344347	0.0202013076	-0.0491338737	-0.0327648271	0.0057447187	0.001265193	-0.0290106464	-0.0044949967	0.0173466903	-0.0107423804	0.0389719656	0.0480171136	-0.0003796824	-0.0651003103	0.0014898872	-0.0295548657	-0.0321571531	0.0262216986	-0.061942441	-0.0826203854	-0.0052359588	-0.0177804812	-0.0163643875	-0.0135026669	-0.0472820275	0.0175428393	0.0073132499	-0.0324944512	0.0061433966	-0.0130731296	0.0529039482	-0.0177466792	-0.0017691875	-0.0263020233	-0.0168751809	-0.0091467587	0.0054024985	-0.0250027132	0.0204257294	-0.0328280409	-0.0178839866	0.0158888508	-0.0441837059	0.0733016948	-0.0175833395	0.0545950542	-0.0225292583	-0.0384876888	-0.031228764	0.0748340278	0.0057875214	0.009241468	0.0070975775	0.0268883838	-0.0584960279	-0.0096263789	0.0569785471	-0.0293605619	-0.002451216	-0.0259932459	-0.0192628635	-0.0019944451	0.0723445676	-0.0181625374	-0.0272229372	0.0140606083	0.0042506826	0.0097169888	-0.0043348146	0.0202327672	0.0188068501	0.0790337905	-0.0655750275	0.0088809126	0.0297662675	-0.0314398676	0.0055271395	0.0318438464	0.0090593597	-0.0126148972	-0.0543145059	0.0022115272	-0.0140192463	0.0686729986	-0.0032780171	-0.1116489715	0.0597949995	-0.0122070249	0.0083918146	-0.0299486811	-0.0481106573	0.0208868741	-0.0048403264	0.0095885866	-0.0129229231	0.0228167214	0.0303868104	-0.0096864509	-0.031528697	-0.0027447257	-0.000203432	0.029248964	0.0056218594	-0.0117908587	0.0088358999	-0.0454304168	-0.0487318097	-0.0024230849	-0.0617272891	-0.0007933176	-0.045061014	-0.0318968796	0.0141085088	-0.0654906088	-0.0768462917	0.0007590732	-0.0215087331	0.0181494844	-0.0158024741	-0.0392460263	-0.0253634496	-0.0117528944	0.0333911569	-0.0185601881	0.0082620798	-0.0483670706	0.0273158664	-0.0181829424	0.0168058122	0.0174219381	0.0111034684	-0.0011049534	0.0143190542	-0.0196026237	-0.0168953352	-0.0238960445	0.0267450997	-0.0724297531	0.0586576197	0.0129746201	-0.0322538787	0.0395245861	0.0140186914	0.018476842	-0.0880742253	-0.0143137275	-0.0072235331	-0.0026791145	-0.0264293221	0.0475427429	-0.0212418351	-0.0468955054	0.0360292916	-0.0065223468	-0.0332225552	-0.0118862318	-0.0060904624	0.0422187653	0.0382926994	-0.0476173483	0.0091575892	-0.0029422093	-0.0072957999	-0.0208625891	0.0232400311	0.005444454	0.0956324637	-0.0466492805	-0.0044833777	0.0331148878	-0.0191150933	0.0251647114	0.0038122511	0.0080345395	-0.0296062179	0.0404885996	-0.0149875582	-0.0285046684	-0.0657816991	0.0269224357	-0.0532544616	0.0917421369	-0.0067473616	-0.0085893858	-0.0208790949	-0.0296823117	-0.0598212253	-0.0045005094	-0.0122917159	-0.0002412139	-0.0168411505	0.031315115	-0.0523214984	-0.0103533468	-0.0011602206	0.0111560349	-0.0338897164	-0.0247586122	-0.0041776598	0.0083566185	0.0481142215	0.0626768312	-0.0101324011	-0.0107110082	0.0893344314	0.038406245	-0.0526030978	0.0314154872	0.034850138	-0.0039099488	-0.0096063535	-0.0306121635	0.0158440631	0.0215066767	-0.0492329941	-0.0336447278	-0.0148693805	-0.0436043365	-0.0039616799	-0.0483292125	0.0117813266	0.0464229987	-0.0192925486	-0.0433014723	0.026298709	0.0390463521	-0.0326163926	-0.0337690332	0.0380802083	0.0276076712	-0.0425471181	-0.020723565	0.0459001824	0.0132969345	-0.0480516209	-0.005522202	0.0489451109	-0.0023970967	-0.0485572616	0.0102536416	0.0468982266	-0.0178417553	-0.044011438	-0.0779841	-0.0054445999999999	2.9643669159999933e-05	0.00608151985281	-2.52374	-0.01092	6.369263587600001	0.0001192464	-0.225337	-0.013035	0.000169911225	0.050776763569	-0.011593	0.0016498	0.0001343976489999	2.721840040000005e-06	0.0008797549999999	-0.000660715	7.73968860024824e-07	4.365443112251321e-07	-0.00118504	-8.91100000000001e-05	1.4043198016000002e-06	7.940592100000019e-09	0.0	0.0	0.0	0.0	0.0	0.0	0.0	0.0	0.0	0.0	0.0	0.0	0.0	0.0	0.0	0.0	0.0	0.0	0.0	0.0	0.0	0.0	0.0	0.0	0.0	0.0	0.0	0.0	0.0	0.0	0.0	0.0	0.0	0.0	0.0	0.0	0.0	0.0	0.0	0.0	0.0	0.0	0.0	0.0	0.0	0.0	0.0	0.0	0.0	0.0	0.0	0.0	0.0	0.0	0.0	0.0	0.0	0.0	0.0	0.0	0.0	0.0	0.0	0.0	0.0	0.0	0.0	0.0	0.0	0.0	0.0	0.0	0.0	0.0	0.0	0.0	0.0	0.0	0.0	0.0	0.0	0.0	0.0	0.0	0.0	0.0	0.0	0.0	0.0	0.0	0.0	0.0	0.0	0.0	0.0	0.0	0.0	0.0	0.0	0.0	0.0	0.0	0.0	0.0	0.0	0.0
55079.70761859511	117.76961446726636	3033774191.349924	13869.682091768556	67872.93110302734	312.9605952148413	4606734776.516295	97944.33415722776	55627.15160141139	110.43080573017504	3094379995.2864056	12194.962854215662	55785.68320163832	55251.62501141437	1.014875	23.24963	0.0227400000000002	0.0123435	-0.007175809	-0.0127924885	0.0009116752	0.0104816562	0.0696576755	0.0024244386	-0.0481963421	-0.0051852234	0.0277809343	0.0288151099	0.0101654212	0.0291204567	-0.0219943787	0.0070069653	-0.0275456523	0.0225259363	0.0732830991	-0.0467835316	0.0550837235	-0.0017113362	0.0249953888	0.0185284708	-0.031812232	0.025344752	0.0077984599	-0.0022546839	-0.0100788405	-0.0104472237	0.0086856309	-0.0553075731	0.0592773859	0.0686410856	0.0215745503	-0.0482455976	0.0127384116	-0.0442600327	-0.0773622254	-0.0035308376	-0.022213362	0.0098211773	0.0014409731	0.0482983527	0.0802987852	-0.0524019765	0.0293923734	0.0002267378	0.0251995794	0.0115547418	-0.000171025	0.0435129064	-0.0377917554	0.0427501989	0.0205874963	0.0553734016	-0.0211376346	-0.0213390835	-0.0178516493	0.0515588628	0.034045322	0.0633646577	0.0051316014	-0.0394686495	0.0709732088	-0.0484377037	-0.0075452284	0.0163463722	0.0183439509	-0.0179585764	0.0156929642	-0.050217144	0.01181633	0.0338938018	0.0093082713	-0.0319664621	-0.0118806386	0.022967859	0.003574654	-0.0069578115	-0.0181966194	0.0367550044	0.0145019987	0.0030488846	0.0091109564	0.1074787475	-0.0034107257	0.0475119	0.0350930513	-0.0397928351	-0.0499211556	-0.0175013513	-0.0143989922	0.0435156318	0.0420606306	-0.0152013888	0.0595957209	0.0138843873	0.0069954547	-0.0145912061	0.0199739105	0.0321195975	-0.0037850024	5.43097e-05	0.012944282	-0.0554277598	-0.0487588469	0.0614466265	-0.0064740752	0.0164327164	-0.022881547	-0.0483092163	0.0588779892	0.0410797314	-0.0472313899	-0.0527017777	0.0013619392	-0.0233095918	-0.0213512698	0.0399390774	0.0258292265	0.0049353381	0.0049129411	0.0059455759	-0.0105342171	0.0153203771	-0.0521243965	0.0492375431	0.079058397	0.019180086	-0.0504542207	0.0134073675	-0.0424836542	0.0783718011	0.0003289563	-0.0179027182	-0.0230173321	-0.005119744	-0.0377430947	-0.030148993	0.0912104262	-0.0226267652	-0.0063218825	-0.0183331972	-0.0134639471	-0.0186501539	-0.0330262727	0.0233633975	-0.0478933143	0.0343478291	0.053467316	0.0241715785	0.0422831195	0.0005232053	0.0345973615	0.0371234687	-0.0705120377	0.0289930018	0.026672755	-0.0726792545	0.0429712103	-0.0047036361	-0.0113981201	-0.0079127967	-0.0067240705	-0.0298296896	-0.0629131013	-0.0153669788	-0.0386083076	0.0130409924	-0.0244296972	-0.0051948045	0.0289029615	0.0139530721	0.0084618051	-0.0334763458	0.0099758394	0.0017594884	-0.0007942254	0.0051701586	0.1041132185	-0.0351929229	0.0237175851	0.0328602635	0.0420058062	-0.0647382486	-0.0056840559	0.0126576622	0.0207186158	0.0164803811	-0.0666795043	-0.054230108	-0.0021849236	0.011167584	0.0453542495	0.0059021742	-0.000861682	-0.0336109926	-0.0147154632	0.042064603	-0.0241895151	-0.020653026	-0.0797783944	-0.0143919614	0.0104075226	0.0247936531	0.0430268267	0.0561384707	-0.0361771995	0.0545164344	0.0069323313	0.010278068	-0.0300778196	-0.0113488586	-0.0115853053	0.0485877211	0.0367942183	0.0594239776	0.0028550655	0.0471562789	-0.0421450413	0.0149939176	-0.0851645431	0.0384970066	0.0479816071	0.0013184732	0.005902694	-0.0078492604	-0.0118520636	0.0167614115	-0.0431330658	-0.0595057685	0.0238962779	-0.0233113217	-0.0041455125	-0.0482683442	0.0123177063	0.0461828639	-0.0201368126	-0.04277355	0.0273786964	0.0381381307	-0.0338357689	-0.0324094805	0.0393229378	0.0257518113	-0.0436829132	-0.0183559655	0.0467907162	0.0104339452	-0.0485572616	-0.0022128355	0.0489319113	-0.0060717052	-0.047903926	0.0141822002	0.0455027728	-0.021886162	-0.0417972809	-0.0757146	0.0022694999999999	5.150630249999972e-06	0.00573270065316	-2.51294	0.0108000000000001	6.3148674436	0.00011664	-0.228097	-0.0027599999999999	7.617599999999916e-06	0.0520282414089999	-0.0116421	-4.910000000000157e-05	0.00013553849241	2.410810000000154e-09	0.0008797549999999	0.0	7.73968860024824e-07	0.0	-0.00109593	8.91100000000001e-05	1.2010625648999998e-06	7.940592100000019e-09	0.0	0.0	0.0	0.0	0.0	0.0	0.0	0.0	0.0	0.0	0.0	0.0	0.0	0.0	0.0	0.0	0.0	0.0	0.0	0.0	0.0	0.0	0.0	0.0	0.0	0.0	0.0	0.0	0.0	0.0	0.0	0.0	0.0	0.0	0.0	0.0	0.0	0.0	0.0	0.0	0.0	0.0	0.0	0.0	0.0	0.0	0.0	0.0	0.0	0.0	0.0	0.0	0.0	0.0	0.0	0.0	0.0	0.0	0.0	0.0	0.0	0.0	0.0	0.0	0.0	0.0	0.0	0.0	0.0	0.0	0.0	0.0	0.0	0.0	0.0	0.0	0.0	0.0	0.0	0.0	0.0	0.0	0.0	0.0	0.0	0.0	0.0	0.0	0.0	0.0	0.0	0.0	0.0	0.0	0.0	0.0	0.0	0.0	0.0	0.0	0.0	0.0	0.0	0.0	0.0	0.0
55077.44702302471	-2.2605955703984364	3033525170.5740933	5.110292332905032	67997.81344482422	124.88234179688152	4623702633.277118	15595.59929267314	55549.80128180912	-77.35031960226479	3085780422.4484825	5983.071942572508	55714.45910702604	55483.45229682427	1.087374	24.910503	0.1538447999999998	0.0967845	-0.0071430493	-0.0198752844	0.0019084831	0.0145484437	0.0502118938	-0.0168865789	-0.0575503799	-0.0264492944	0.0452255165	-0.0251889892	-0.052823863	-0.0026643368	0.0069190673	0.0130450163	0.0486154321	0.0250592954	-0.0331751356	-0.0056895451	0.0419991944	0.0117439133	-0.0141558596	0.0065283977	0.0249243993	0.0055899618	-0.025516426	0.0314670834	-0.0465798028	-0.0369076187	-0.0069799483	-0.0552467762	0.012543355	0.0465841067	0.0003735781	-0.0499092003	-0.0299054471	0.0151368721	0.0097396781	0.0036153208	0.0172823975	0.0358290076	0.003615529	0.0063733854	0.0033788451	0.0651792055	0.0449587771	-0.0038948224	0.0181410385	-0.0219187952	-0.0331908411	0.0316895954	0.0385806838	-0.0643398179	-0.0380584774	0.0452179791	-0.0117071507	0.0279179912	0.0249873809	0.0203076508	0.0177531886	0.0079022222	0.0857742459	-0.0376255406	-0.0188798209	0.0056889197	0.0003536263	-0.0787399129	0.001532383	-0.0013899543	-0.0487711555	0.0091795423	-0.0648431144	-0.0301970422	-0.0266815706	-0.0336560907	0.0207544439	-0.0223069158	0.0664982435	0.0577494325	-0.0106078853	-0.0234402156	0.0377320797	-0.0205247894	0.0036248515	-0.009054742	-0.0715783314	0.00527866	0.0480247485	0.012538349	0.0035828582	0.0075512748	-0.0300086194	0.0216882123	-0.014456265	-0.030255511	-0.0323310851	-0.0185084751	-0.0485383499	0.0223330546	-0.0137603422	-0.0339222314	0.0164353558	0.0250859907	0.0425070619	2.0334e-06	-0.0018391535	0.0031205336	0.0315558961	0.0126764163	-0.0171966886	0.0394821633	0.0685337414	0.0513571405	-0.0068720921	-0.0398443223	-0.014153847	0.016159558	-0.0084255652	-0.0247295959	0.002108325	0.0241800813	-0.0326204889	0.0412636732	-0.0290572582	0.0011512764	-0.0646242251	0.0082001698	0.0432340879	-0.0078157689	-0.053205546	-0.0233111442	0.0158951535	-0.0065185559	0.0024857551	0.0133189929	-0.0361134021	0.004850746	-0.0115168297	0.0589622078	-0.0040365411	-0.0463734386	0.0265245402	-0.0329669229	0.0137295309	0.0321275768	-0.0315910397	-0.0049484572	0.0832556586	-0.0066275168	0.0368697484	0.0364394603	-0.0103658828	-0.0386392948	-0.0121434784	0.0309934816	-0.021410649	-0.0642909711	0.0327429842	0.0097348807	-0.0068323347	-0.0198004816	0.085118002	-0.0226153254	0.029386586	0.0482387043	0.0276288721	0.0633603678	0.0205725578	0.0075515222	-0.0524335077	0.0160694429	-0.0267366316	0.0638456292	-0.0521270785	-0.0109838634	0.0045868207	-0.0008696164	-0.0541700629	0.0096163154	-0.0295526328	-0.0565028061	-0.0062122369	0.0206084926	-0.0236554577	-0.0317237704	-0.0200848353	-0.0256058495	0.0135899912	-0.0182317475	-0.0261090615	0.013940191	-0.0321380356	-0.0392232449	-0.0366425944	-0.004125954	-0.013395564	0.0170536065	-0.0299088793	-0.0157359522	-0.0387368734	-0.0044087197	-0.0007396825	0.0413950467	-0.0102611218	0.008991738	-0.0461284286	0.0730372107	-0.0396846557	-0.0118041013	0.0100828572	-0.0252967478	-0.0184075535	-0.0367734599	-0.0437861334	0.0148812196	0.0793357218	0.0169178757	0.0633854001	-0.0185504414	0.0820267696	0.0083832198	-0.0605081062	0.0240511902	0.0129669114	0.0117534374	0.0224116454	-0.0091260301	0.0065918926	0.0331852627	-0.0501743312	-0.0586368761	0.0060925379	-0.1016127976	-0.0043292863	-0.0482047363	0.0128525131	0.0459322442	-0.0209739336	-0.0422237789	0.028439649	0.0371952777	-0.0350162597	-0.0310039458	0.0404981621	0.0238433419	-0.0447139763	-0.0159373271	0.0475319038	0.0075330659	-0.0488638482	0.0011067004	0.0486681691	-0.0097118681	-0.046950984	0.0180134151	0.0437659771	-0.0257518113	-0.0392127206	-0.0657803	0.0099343	9.869031649000012e-05	0.00432704786809	-2.59522	-0.0822799999999999	6.7351668484	0.0067699983999999	-0.194255	0.0338419999999999	0.0011452809639999	0.037735005025	-0.0121287	-0.0004865999999999	0.0001471053636899	2.3677955999999854e-07	0.0008797549999999	0.0	7.73968860024824e-07	0.0	-0.00102676	6.916999999999991e-05	1.0542360976e-06	4.784488899999987e-09	0.0	0.0	0.0	0.0	0.0	0.0	0.0	0.0	0.0	0.0	0.0	0.0	0.0	0.0	0.0	0.0	0.0	0.0	0.0	0.0	0.0	0.0	0.0	0.0	0.0	0.0	0.0	0.0	0.0	0.0	0.0	0.0	0.0	0.0	0.0	0.0	0.0	0.0	0.0	0.0	0.0	0.0	0.0	0.0	0.0	0.0	0.0	0.0	0.0	0.0	0.0	0.0	0.0	0.0	0.0	0.0	0.0	0.0	0.0	0.0	0.0	0.0	0.0	0.0	0.0	0.0	0.0	0.0	0.0	0.0	0.0	0.0	0.0	0.0	0.0	0.0	0.0	0.0	0.0	0.0	0.0	0.0	0.0	0.0	0.0	0.0	0.0	0.0	0.0	0.0	0.0	0.0	0.0	0.0	0.0	0.0	0.0	0.0	0.0	0.0	0.0	0.0	0.0	0.0	0.0	0.0
55154.232856995855	76.78583397114562	3041989402.043721	5896.064298644341	68047.00971484375	49.19627001952904	4630395531.13204	2420.272983834412	55650.001875680005	100.2005938708826	3096922708.7631884	10040.159012077553	55819.573956722765	55526.195258598826	1.069851	24.509068	0.1854212499999998	0.102321	-0.0097145788	-0.015528053	0.0023849255	0.0208499164	0.0837070838	0.0016753089	-0.0565095553	0.0410090651	0.0208770383	0.0153816146	0.0188930488	0.0447924323	-0.0519837251	0.0161074874	0.0130229258	0.0210379859	0.0430012948	-0.0429488517	0.0461783684	0.0212814528	0.0215103756	0.0358684142	-0.0462149296	0.0258278265	0.0451577571	0.0028922077	0.0002377449	-0.050233066	-0.0138786889	-0.0636867301	0.0251417892	0.0388136047	-0.0091197655	0.0173388151	-0.034357865	-0.0012380282	0.01730491	0.0238223847	-0.018905991	-0.0128436548	-0.0067826782	-0.0372963007	0.0066178182	-0.0036090141	0.0057560044	-0.0570538235	-0.0016483128	0.0531999083	0.0170844315	0.0024512927	0.007681021	0.0179778836	-0.0617269293	0.0365885634	-0.046166614	-0.0423447241	-0.0483142825	0.013078573	-0.026942841	-0.0296217582	0.0295685228	-0.0417213262	-0.0032496929	-0.0063850206	-0.0352570819	-0.0246216132	-0.0216261294	0.0241681454	0.0387525501	-0.0014528328	-0.0166028228	0.0078250004	0.0332270683	0.0007538587	-0.0117277289	0.008430541	0.0346252514	-0.0122982115	0.0087906237	-0.0166727709	0.0626153463	0.0378088007	0.0398079569	0.0351584569	0.0026079227	-0.0049162509	-0.0639618674	0.0108478911	-0.0066871998	0.0007046517	-0.0105820103	-0.047256391	-0.0052024962	-0.0454853403	-0.0406731052	0.0941426082	-0.0004494882	-0.0917888457	0.0014718031	-0.0108892828	-0.0153380302	0.0443096118	-0.0339769158	0.0156959944	0.0585391776	-0.0554138237	0.0062832648	-0.0482802349	-0.0219730474	0.0075335759	0.0007929739	0.0523009531	-0.0457796142	-0.045797818	-0.0208883086	-0.0201578311	-0.0346232213	0.0541602719	0.0296538551	-0.0306160082	0.0007483373	0.0037871997	-0.0482700882	-0.0175373136	-0.0632406461	0.0242421798	0.040173581	-0.004236169	0.0120971005	-0.0402409128	0.0037698457	-0.0222497404	0.0199161226	-0.0197612988	0.0159551657	0.0087574808	0.0420818974	-0.0148531636	0.0063179949	0.0019356357	0.043399671	0.0243450606	-0.0488964989	-0.0366660124	-0.0002829737	0.0003457883	0.0194492937	0.0488982028	0.0123298675	0.0600551708	0.014488472	0.0027921533	0.0634068052	-0.0261232687	0.0112028897	-0.046607737	0.0472529251	-0.0148379553	-0.0003408148	-0.0219176179	0.0147260671	0.0405547197	-0.0264790238	-0.0410250675	0.0116428454	-1.6702e-05	-0.0175026691	0.0281646814	0.0092964266	-0.0115631277	0.0121191698	0.0343394686	0.0136862659	-0.0159624721	-0.0250477961	0.0745516456	-0.0283153905	0.0288200993	0.045826515	0.0038290771	0.0202769304	-0.0651670324	-0.0168138495	0.0152787829	0.0074556003	-0.0170951066	-0.0415144168	-0.0540324275	-0.0035501401	0.0320362663	0.0697277159	-0.0522618885	0.0767580309	-0.0482161355	0.0308675898	0.0132139893	-0.0398419462	-0.0015736816	0.0342190662	0.0430595918	0.0804844366	0.0085115595	-0.0059755068	-0.0344716695	0.0003038189	0.0527292855	0.0217354961	-0.0135492817	0.0093762878	-0.0020392931	-0.028989703	-0.0094494581	-0.0227492369	0.0569262452	0.0367944653	0.0730139213	0.0033187763	0.04936289	-0.0032728777	0.0408434174	-0.084328579	0.0627575744	0.0693165367	0.0004551152	0.0217278132	0.003207375	-0.019273726	0.0719698714	-0.0123962246	-0.0574923225	0.0104228996	-0.0539434338	-0.0045129987	-0.0481383925	0.0133856785	0.0456711967	-0.0218036145	-0.0416524399	0.0294808289	0.036218649	-0.0361565084	-0.0295544231	0.0416038638	0.021886162	-0.0456378354	-0.013474375	0.0481213794	0.004604831	-0.0489701238	0.0044211503	0.0481552347	-0.0132969345	-0.0457043959	0.0217209896	0.0417008682	-0.0294071302	-0.0362806612	-0.0814208	-0.0156405	0.00024462524025	0.00662934667264	-2.50699	0.0882299999999998	6.2849988601	0.0077845328999999	-0.241322	-0.047067	0.002215302489	0.058236307684	-0.0123306	-0.0002019	0.00015204369636	4.0763610000000564e-08	0.00127446	0.0003947050000001	1.6242482916e-06	1.55792037025079e-07	-0.00111983	-9.307e-05	1.2540192289e-06	8.6620249e-09	0.0	0.0	0.0	0.0	0.0	0.0	0.0	0.0	0.0	0.0	0.0	0.0	0.0	0.0	0.0	0.0	0.0	0.0	0.0	0.0	0.0	0.0	0.0	0.0	0.0	0.0	0.0	0.0	0.0	0.0	0.0	0.0	0.0	0.0	0.0	0.0	0.0	0.0	0.0	0.0	0.0	0.0	0.0	0.0	0.0	0.0	0.0	0.0	0.0	0.0	0.0	0.0	0.0	0.0	0.0	0.0	0.0	0.0	0.0	0.0	0.0	0.0	0.0	0.0	0.0	0.0	0.0	0.0	0.0	0.0	0.0	0.0	0.0	0.0	0.0	0.0	0.0	0.0	0.0	0.0	0.0	0.0	0.0	0.0	0.0	0.0	0.0	0.0	0.0	0.0	0.0	0.0	0.0	0.0	0.0	0.0	0.0	0.0	0.0	0.0	0.0	0.0	0.0	0.0	0.0	0.0
55172.68938081219	18.456523816334084	3044025653.511586	340.64327138290724	68388.64332128907	341.6336064453208	4677006535.326496	116713.52105283632	55643.72941663141	-6.27245904859592	3096224623.391292	39.34374251631283	55808.9045273103	55852.07377929687	1.259827	28.861223	0.1864656499999997	0.0923175	-0.0077818978	-0.0188876895	0.0023563258	0.0130143291	0.0631416471	-0.0277101092	-0.0590063643	-0.0467800171	0.0361649984	0.0058155173	-0.0647034849	-0.0057863903	0.0089305357	0.0265610743	0.1181323941	0.0213567509	-0.0484974735	0.0057253135	0.0781649616	0.0005500424	-0.0309148963	0.04629818	-0.001016411	0.0281682549	-0.0225813756	0.0824503984	-0.0201264274	-0.0074414214	0.0078882572	-0.0248289557	0.017230522	-0.0140838345	-0.0019196754	-0.1304306486	-0.0317175277	-0.013614176	0.0461909967	0.0104929029	0.0147567341	0.0080226553	0.0306304827	0.0236721457	-0.0172131327	-0.0177573632	-0.0117674078	0.0511051336	-0.0585060491	-0.0866286455	0.0115835679	0.003710785	0.0486442664	-0.0101365194	0.0164452754	0.0126121156	0.0143514088	0.0380989021	0.0298974984	-0.030964772	-0.0488998761	0.061830995	0.0801509277	0.013402535	0.0070265337	0.0209479285	-0.0188754028	0.0455150959	0.0372053898	0.026724668	-0.0812898974	-0.0384540934	-0.0364826049	-0.0121625367	-0.0044972937	0.045137972	-0.0178494869	0.0061002708	0.0277778979	0.0711091895	-0.0403194044	0.0620637809	0.0312758127	-0.0111630957	-0.0452386132	-0.0187502886	0.0066605616	-0.1027916336	0.006345881	0.0019710255	0.059913215	-0.042434426	-0.0214264443	-0.0576127524	-0.0060911162	0.0083635329	-0.0556413147	-0.0251630735	-0.0179984754	0.0129101803	0.0008302775	0.0206977034	0.0468717924	0.0179779029	-0.0637737191	0.0575913526	-0.013443815	-0.0774825606	-0.0192900589	0.0073656913	0.034814768	-0.0671570236	0.015300662	0.0123730982	0.0029440861	-0.0723747507	-0.0081752906	0.0363540936	-0.0517329524	0.0002562344	0.0183874425	0.0383907595	-0.0810827972	0.0162909751	-0.0070234317	0.0096926172	-0.0253016041	0.0191916049	-0.0097931233	-0.0004175525	-0.1299498322	-0.0188601943	-0.0171399396	-0.0454091438	0.0023034482	0.0130600376	-0.0183456473	-0.0284799837	-0.0219715405	0.0010208877	-0.0103633699	-0.0070440202	-0.0438924168	0.0147036331	0.1207340443	0.0101502561	0.0005043969	-0.0384512086	0.0286368581	-0.0100306328	0.0200745958	-0.0233563017	-0.0134897835	-0.0242273221	-0.0316043117	-0.0451196866	-0.0843059151	-0.0443363263	-0.0380386954	0.0078852308	-0.0002383602	-0.0301282367	-0.0355772234	-0.0494658759	-0.0238715315	0.08113819	-0.020467288	0.0529678873	0.0050409963	-0.0009569852	0.0212111881	-0.018451217	-0.0005403114	0.0196208063	-0.0408386456	-0.0822520295	0.0367573003	-0.0184136179	-0.0293544383	-0.0274547814	-0.021817275	0.0223239195	-0.1113234781	-0.0158376581	-0.0360534338	0.0148622454	-0.0340335034	0.021655445	-0.0609596737	0.0124483263	0.0365565669	0.0432550371	-0.0163515026	0.0026623605	-0.019399702	-0.0193948548	-0.0505476588	-0.0281555737	0.001088254	-0.053012007	0.0550232606	-0.0464669447	0.0856045999	-0.0190288156	0.0534621218	0.0421771211	0.048899975	0.0272004678	-0.0160248408	-0.0413522572	0.0130270646	-0.0334554369	-0.0009468463	-0.0311378345	-0.0560141851	0.0006622774	0.0873423456	0.0116526851	0.0952393274	-0.0080233585	0.0542352408	-0.0209791135	-0.0423438011	0.0006211498	-0.0080013302	0.0150352407	0.0281327419	0.0082473234	0.0014195536	0.0282221746	-0.0249565711	-0.0372812294	-0.0278296939	-0.1300584694	-0.004696647	-0.0480693164	0.0139171345	0.0453997805	-0.022625561	-0.0410598248	0.0305015125	0.0352091317	-0.0372552045	-0.0280629691	0.0426381448	0.0198842699	-0.0464522756	-0.0109739574	0.0485572616	0.0016598739	-0.0488756528	0.0077152822	0.0473957345	-0.0168065656	-0.044171958	0.0252794756	0.0393229378	-0.0328222635	-0.0330270864	-0.0609822	0.0204386	0.00041773636996	0.00371882871684	-2.57684	-0.0698499999999997	6.640104385599999	0.0048790224999999	-0.188147	0.053175	0.002827580625	0.035399293609	-0.0119252	0.0004054	0.00014221039504	1.6434916000000017e-07	0.00136699	9.252999999999996e-05	1.8686616601e-06	8.561800899999992e-09	-0.000757719	0.000362111	5.74138082961e-07	1.3112437632100001e-07	0.0	0.0	0.0	0.0	0.0	0.0	0.0	0.0	0.0	0.0	0.0	0.0	0.0	0.0	0.0	0.0	0.0	0.0	0.0	0.0	0.0	0.0	0.0	0.0	0.0	0.0	0.0	0.0	0.0	0.0	0.0	0.0	0.0	0.0	0.0	0.0	0.0	0.0	0.0	0.0	0.0	0.0	0.0	0.0	0.0	0.0	0.0	0.0	0.0	0.0	0.0	0.0	0.0	0.0	0.0	0.0	0.0	0.0	0.0	0.0	0.0	0.0	0.0	0.0	0.0	0.0	0.0	0.0	0.0	0.0	0.0	0.0	0.0	0.0	0.0	0.0	0.0	0.0	0.0	0.0	0.0	0.0	0.0	0.0	0.0	0.0	0.0	0.0	0.0	0.0	0.0	0.0	0.0	0.0	0.0	0.0	0.0	0.0	0.0	0.0	0.0	0.0	0.0	0.0	0.0	0.0
55140.4230835068	-32.266297305388434	3040466257.82813	1041.113941799717	68276.05884082032	-112.58448046875128	4661620210.835158	12675.265242418638	55663.71640020552	19.986983574111942	3098449323.482509	399.4795123918207	55838.93689789486	55900.14615478516	1.822052	41.741158	0.69997595	0.434223	-0.0193372015	0.0329743567	-0.0321314127	-0.033548132	0.0317815772	0.0230264858	-0.0703905409	0.0562892414	-0.0833180859	-0.0138277212	0.1701348099	0.0523933517	0.0532366889	-0.0376196676	0.0642189266	-0.0509523382	-0.1216367595	-0.1296464782	0.037472913	0.0379827251	0.0128338025	0.0086418513	-0.0322411945	-0.0603078602	0.0323060994	0.0507493979	0.0348608814	-0.0247652138	0.0608558536	-0.013451873	-0.0488154386	-0.1569343276	0.0572216692	-0.0927903367	0.0489706135	-0.0059931588	0.1193685637	-0.0395606662	-0.0220074752	0.0303699364	0.1056050332	-0.0804582082	-0.0081073376	0.0512121638	0.0126372382	-0.0031052434	0.0227512072	-0.0428877363	0.0063141064	0.0766135145	-0.0841463244	0.0112553984	-0.0527255466	-0.046705955	-0.02314008	-0.0593066133	-0.0048401435	-0.0612312609	-0.0467043525	-0.0986162126	0.0720217764	-0.0201682836	-0.0504109074	-0.0795370998	-0.0355968389	-0.0053596345	0.0039167665	0.0076103573	-0.0223527529	0.0384837721	0.0244478179	-0.0188897058	-0.0396291356	0.0290713224	-0.0409387894	-0.0775035069	-0.0348011655	0.0288620214	0.0545796285	-0.0074408229	-0.0365363564	-0.0098601155	-0.0954913134	-0.0318065251	0.0566051775	0.0479383459	-0.0135949289	-0.0007309211	-0.0123773347	0.0157940291	-0.0757170389	0.0363584256	0.0390739814	0.0685608291	0.009373281	-0.0579850557	-0.0440709861	0.0593265716	0.0202184446	0.0355778789	-0.0364505583	0.0313757009	0.0603314749	0.0160080261	0.0125809628	0.0260393099	0.0892753891	-0.0460769007	0.0015727046	-0.0487580296	-0.0879457421	0.0385757198	-0.1327213179	-0.0344131153	-0.0353851078	-0.0160441017	-0.0068793735	0.0340239741	-0.0456049353	-0.0532020829	-0.0537877499	-0.0399517806	-0.0285055495	0.044256779	-0.0090329586	-0.0223472314	-0.161554125	0.0663857521	-0.0862934439	0.0641676694	-0.0052533167	-0.1158988587	-0.0453647539	-0.0299909406	-0.0347281384	-0.0907313003	0.0840589766	0.0677718055	-0.0174775746	-0.0144341575	0.0120418024	-0.0381193608	0.0361753862	-0.0026027596	-0.0601992814	0.0885676802	-0.0271463551	0.0299503019	-0.0559158435	0.0284530058	0.012298095	0.0418737323	-0.0012038083	-0.0721114859	0.0760586149	-0.1101208672	0.0644907457	0.0269549931	0.0522829648	-0.0092711184	0.0060176876	-0.0080478327	-0.0068841743	0.0262594058	0.0153788836	-0.021991708	0.023185106	-0.0528209305	-0.0012767958	-0.0492431489	-0.0810036059	-0.0494167749	-0.0257719269	0.0425919976	0.0352188628	0.007993959	0.0072569362	-0.1018948115	-0.0191275489	0.0673423251	0.0212235356	0.0107784942	0.0161830269	-0.0229686593	-0.0218704693	-0.0705380784	0.0014669786	0.0966943447	-0.0230707204	0.0001948133	-0.0885799325	0.0010700841	-0.0242072266	0.047581524	0.0124464573	-0.0365511785	-0.0296697857	-0.0083845273	-0.0409084596	0.0331792961	-0.0193363635	0.0872423754	0.0663715817	-0.0185578961	0.0399507423	-0.0294990106	0.1083973585	-0.0138690286	-0.0437544808	0.1186758696	0.0812483363	0.0202558875	-0.0301042628	-0.1324369155	-0.0757660509	0.1669619498	0.0041625394	-0.0645757889	0.0117039051	-0.1459927941	0.0931078107	-0.0103677622	-0.0332626904	-0.0336512044	-0.071184183	0.1488172219	0.1119879753	-0.017156539	-0.0138434727	0.1262588677	-0.0608084318	-0.0921362437	-0.0048802286	-0.0479975119	0.0144468132	0.0451180572	-0.0234394817	-0.0404462362	0.03150099	0.0341676424	-0.0383110855	-0.0265316999	0.0435992294	0.0178417553	-0.0471553442	-0.0084430267	0.0488381591	-0.0012911108	-0.0485808224	0.0109739574	0.0463935571	-0.0202208511	-0.0423632548	0.0286644484	0.0366500239	-0.0359693177	-0.0294808289	0.0016553	0.0626375	0.0039234564062499	2.74001809e-06	-2.45069	0.1261499999999999	6.005881476099999	0.0159138224999999	-0.229946	-0.041799	0.001747156401	0.052875162916	-0.00466254	0.00726266	2.17392792516e-05	5.2746230275600007e-05	0.0008797549999999	-0.0004872350000001	7.73968860024824e-07	2.3739794522509745e-07	0.0008801749999999	0.0016378939999999	7.74708030624824e-07	2.6826967552356725e-06	0.0	0.0	0.0	0.0	0.0	0.0	0.0	0.0	0.0	0.0	0.0	0.0	0.0	0.0	0.0	0.0	0.0	0.0	0.0	0.0	0.0	0.0	0.0	0.0	0.0	0.0	0.0	0.0	0.0	0.0	0.0	0.0	0.0	0.0	0.0	0.0	0.0	0.0	0.0	0.0	0.0	0.0	0.0	0.0	0.0	0.0	0.0	0.0	0.0	0.0	0.0	0.0	0.0	0.0	0.0	0.0	0.0	0.0	0.0	0.0	0.0	0.0	0.0	0.0	0.0	0.0	0.0	0.0	0.0	0.0	0.0	0.0	0.0	0.0	0.0	0.0	0.0	0.0	0.0	0.0	0.0	0.0	0.0	0.0	0.0	0.0	0.0	1.0	0.0	0.0	0.0	0.0	0.0	0.0	0.0	0.0	0.0	0.0	0.0	0.0	0.0	0.0	0.0	0.0	0.0	0.0
55100.20430449584	-40.21877901096013	3036032514.397182	1617.5501851324475	68776.91366259765	500.854821777335	4730263852.952412	250855.55249760603	55599.76709456601	-63.94930563951493	3091334100.969985	4089.513691776097	55758.74453273668	55268.5949199726	1.506551	34.513371	0.1834491200000004	0.110674	-0.0102238918	0.0272256874	-0.0144753943	-0.033709384	0.0244027398	0.0226734756	-0.0511086492	-0.0498342518	0.0213714132	0.1178120208	0.0815337245	-0.0001883213	0.091007461	-0.0138815307	0.014577515	-0.0439977056	0.1337448754	-0.0530699065	-0.0149199102	-0.0094243519	0.0172770218	0.0846419873	-0.0387328864	0.1219066689	0.0254995755	-0.044032852	-0.0193335662	0.0523125671	-0.0318837733	0.0042881299	0.0176696633	-0.0432680108	0.0817182829	0.0483979946	0.0517320455	0.0022187039	0.0146945582	0.036500568	0.0032556934	0.0456909001	-0.0165251381	0.0130423693	-0.0119092014	0.0362211596	0.0363704031	0.0119062218	-0.0698880575	-0.0381486229	0.0201226693	-0.0566853457	-0.0367762475	-0.0629583562	-0.0045480968	0.0071280644	0.0139937438	-0.106326697	0.0059721473	-0.0360637974	0.0287600457	-0.030288704	0.0262993303	0.0494873307	0.0253779295	-0.0057603389	0.0572582214	-0.0157417182	0.0027162183	0.0490203725	0.0006459238	0.0005020499	0.035938208	0.0623260746	0.0145231617	-0.0222948086	-0.0232500227	0.0291302355	-0.0949214705	-0.0543082567	0.0868807965	-0.0299732224	0.0352650966	-0.0141848575	0.0078951301	-0.0048639393	0.0264916353	-0.0002650347	0.0156889406	-0.0528297786	0.0138598522	-0.0562755831	0.0164291247	0.0182387894	-0.0712180468	-0.0145441949	-0.0820173943	-0.0378856433	0.0018534065	-0.0394249026	-0.0016673904	-0.0396027972	-0.0130858534	0.0215260593	0.0233552234	-0.0222735793	0.0086633576	-0.0604825722	0.0423748028	-0.0341342053	0.0096684085	0.083932299	-0.038931494	-0.0335745283	-0.0501107949	0.0185641101	0.0111240371	-0.016429553	-0.0864733623	0.0513187903	0.1107748312	0.0303224732	0.0462864498	0.0268600586	0.0581291765	-0.0338345252	0.0090470643	0.015468031	-0.0314955427	0.0819233671	0.0454351535	0.0489390475	0.0128786152	-0.0180924585	0.0429516409	-0.0114559858	-0.0431041203	0.0311602922	-0.0082124042	0.0451641497	-0.0168318242	-0.0354971514	0.0020964198	0.0563216462	0.0428355252	-0.0008170443	0.0736182114	0.0593698545	0.0321522794	-0.051706876	-0.0006182244	-0.0018840142	0.0664836115	0.0982206084	0.0141449059	0.0013940525	-0.0008370176	-0.0482655069	-0.0380230577	-0.0075020991	0.0263273221	0.0618991105	0.0197393899	0.0167208568	-0.0433682944	-0.0017007019	0.0007313257	-0.0320331494	-0.0538581454	-0.0203061436	-0.002376637	-0.0192597481	0.0515017262	-0.0759884801	0.0431130298	0.0822900042	0.0063710812	0.05189199	-0.0263422937	0.0183568335	-0.0007792094	0.033719911	-0.0043474584	0.013755879	-0.0044882456	-0.0359118802	-0.0695590136	0.0382293888	0.0152725478	-0.0448681948	0.0375512035	0.0728615522	-0.0466718005	0.0040782244	0.0005316782	-0.0215585121	0.00680835	0.045099483	-0.0309007909	0.0293023403	-0.0140916988	0.0018861224	0.0473404398	0.0280826124	-0.0129437119	-0.0672385286	-0.0875576041	-0.0389820583	0.0011045336	0.0388607866	-0.0265085075	0.0906407994	0.0454339132	0.0099286646	0.007139331	-0.097848187	0.0244417817	0.0485761486	0.0574035012	0.0307835352	-0.1127870045	-0.0910041127	0.0315621938	-0.0687777633	-0.0023962755	0.0506996711	-0.0472029709	0.1252991776	0.0427088615	0.0172991438	-0.0229806217	0.0466204376	0.0636276513	-0.0102079766	-0.005063741	-0.0479229833	0.014974647	0.044826091	-0.0242450877	-0.0398119877	0.0324785665	0.0330951267	-0.0393229378	-0.0249627879	0.0444854679	0.0157627911	-0.0477453555	-0.0058886202	0.0489631754	-0.0042374069	-0.0480868413	0.0141822002	0.0451538342	-0.0235204212	-0.0402895985	0.0318526742	0.0337021777	-0.0388225891	-0.0256733154	-0.00656837	-0.0082236699999999	6.762874826889998e-05	4.31434844569e-05	-2.4761	-0.0254100000000003	6.131071210000001	0.0006456681	-0.218533	0.011413	0.000130256569	0.047756672089	-0.00648376	-0.00182122	4.20391437376e-05	3.3168422884000005e-06	0.00114329	0.000263535	1.3071120240999998e-06	6.945069622505267e-08	0.000196881	-0.0006832939999999	3.8762128161e-08	4.668906904358634e-07	0.0	0.0	0.0	0.0	0.0	0.0	0.0	0.0	0.0	0.0	0.0	0.0	0.0	0.0	0.0	0.0	0.0	0.0	0.0	0.0	0.0	0.0	0.0	0.0	0.0	0.0	0.0	0.0	0.0	0.0	0.0	0.0	0.0	0.0	0.0	0.0	0.0	0.0	0.0	0.0	0.0	0.0	0.0	0.0	0.0	0.0	0.0	0.0	0.0	0.0	0.0	0.0	0.0	0.0	0.0	0.0	0.0	0.0	0.0	0.0	0.0	0.0	0.0	0.0	0.0	0.0	0.0	0.0	0.0	0.0	0.0	0.0	0.0	0.0	0.0	0.0	0.0	0.0	0.0	0.0	0.0	0.0	0.0	0.0	0.0	0.0	0.0	0.0	1.0	0.0	0.0	0.0	0.0	0.0	0.0	0.0	0.0	0.0	0.0	0.0	0.0	0.0	0.0	0.0	0.0	0.0
54917.634353957415	-182.56995053842547	3015946563.034964	33331.786839603126	67702.48544189453	-1074.428220703121	4583626535.009941	1154396.0014432746	55500.49931810626	-99.26777645974651	3080305424.559113	9854.091443262208	55669.347245554825	56290.88903776887	1.793644	41.090366	0.5118179899999997	0.316076	-0.0081339286	-0.0203813529	0.0315877024	0.02946391	0.0276913338	-0.0317517705	-0.0275355937	-0.0113385124	0.0218948525	-0.0346958743	0.043151764	-0.0608395769	0.0166463327	0.1096511727	-0.0149523236	0.0084891676	-0.0717900189	-0.0256628233	0.0297644632	0.017093234	-0.0834749593	-0.0023175684	0.0808082772	-0.0127050612	0.043844204	0.046450287	0.0018981232	0.0217635724	0.0338763771	-0.0033669738	-0.031706908	0.026774628	-0.0088926797	0.0812269505	0.013409264	-0.0917385025	0.013389216	0.0284280574	0.0445837848	0.0158024467	0.027085887	-0.049357502	-0.0504561166	0.0508519275	0.0508803642	-0.0215548713	0.0231433971	-0.0127443953	0.0376337465	-0.0408357234	-0.0298899511	-0.0131761454	-0.0213166065	0.0534421985	0.0833518691	0.0071823727	-0.0400202118	0.0215798857	-0.0135976743	-0.0322648114	0.0129675047	0.0004788526	-0.0002250395	0.0887492496	0.068899902	0.022002394	-0.0095348929	0.0087684988	0.0399505896	0.0092653423	-0.0234751045	-0.0339968922	0.0032238245	0.0005877971	-0.0142047181	-0.0121971069	-0.0228666986	0.0177182233	0.0430507874	0.0024940714	-0.0002529321	-0.023427395	-0.0102693309	0.0005931744	-0.0023911256	-0.0550760711	0.0506642034	0.0238148406	0.0214197454	0.0221048934	-0.0102557711	0.1115408047	0.0427120046	0.0400276611	0.0404941466	-0.0213610044	0.0173081962	0.0190941674	-0.0312858259	0.0346792185	-0.0238485705	0.0296123408	-0.0210733494	-0.0071950876	0.0287962679	-0.0189845434	0.03154796	-0.0004430275	0.0013135442	-0.045563313	0.0081149231	0.0162933975	-0.02774261	-0.0272921131	-0.0203808841	0.0840853494	0.0015842675	-0.0746833237	0.0211621949	-0.0515749341	-0.0499703445	-0.0052186159	0.0204829655	0.0367657027	-0.0049400534	-0.0291856324	0.0193500431	-0.0057725542	0.0858509786	0.0050328832	-0.0855590501	-0.0197742512	0.036316318	0.0387929344	-0.0118860564	-0.0115019814	0.0414589362	0.0573624544	-0.0598344888	-0.0604262438	0.020330756	-0.022910815	-0.0053819078	-0.0377747769	0.0511782214	0.042114242	0.0265346258	0.0132358546	0.0719251424	-0.052504284	-0.0353388666	0.0118447673	0.0460563395	0.0084167971	0.0360563899	-0.0189535011	-0.0349774977	-0.0010459223	-0.0717853399	0.0410785633	-0.02069438	0.0059132223	0.0074028697	-0.0384175531	0.0365377814	0.0329986217	0.0287720647	0.0193729912	-0.003484482	-0.0166765717	-0.0099990942	-0.0293121254	-0.0038055601	0.0355787019	0.0361986256	-0.0093626162	-0.0171239745	-0.0006894208	-0.0065412693	-0.0092796029	-0.0656659906	0.0379300943	-0.0242239092	0.0151875025	-0.0041864899	-0.0040923179	0.0818162764	0.0812109277	-0.0468110794	-0.0374749998	0.0148054973	0.0476429622	-0.037546247	0.0036678784	0.0257158671	-0.0294081051	-0.0367825785	0.0168774893	0.0256322519	0.0115778775	0.0238751515	0.0218407461	0.016951533	0.0118371685	0.0325027379	-0.0031892297	0.0157455091	0.0031782466	0.001065922	-0.066633272	0.0187250253	-0.0582902639	-0.0791872488	-0.0906089215	0.0259811003	0.0028525967	-0.042465791	-0.0353464809	0.0645639745	-0.095673995	0.0003588208	-0.0473075564	-0.0401163548	0.0151103858	0.0201228419	0.0551479988	0.0210611036	0.0351631711	-0.0136803336	0.0075141277	0.0694808279	-0.0998629578	-0.0052471816	-0.0478457346	0.0155005685	0.0445239479	-0.0250420933	-0.0391574033	0.0334335625	0.0319925587	-0.0402895985	-0.023358459	0.0452953387	0.0136516244	-0.048220895	-0.0033178403	0.0489319113	-0.0071683153	-0.0473957345	0.0173252667	0.0436829132	-0.026686557	-0.0379639583	0.0348222698	0.0305015125	-0.0413587732	-0.0216382877	-0.0206478	-0.01407943	0.0001982303491249	0.00042633164484	-2.65033	-0.1742299999999996	7.024249108899999	0.0303560928999998	-0.0802376999999999	0.1382953000000001	0.01912559000209	0.0064380885012899	-0.0100246	-0.00354084	0.0001004926051599	1.25375479056e-05	0.00119335	5.005999999999999e-05	1.4240842224999995e-06	2.5060035999999993e-09	8.35158e-05	-0.0001133651999999	6.974888849640001e-09	1.2851668571039997e-08	0.0	0.0	0.0	0.0	0.0	0.0	0.0	0.0	0.0	0.0	0.0	0.0	0.0	0.0	0.0	0.0	0.0	0.0	0.0	0.0	0.0	0.0	0.0	0.0	0.0	0.0	0.0	0.0	0.0	0.0	0.0	0.0	0.0	0.0	0.0	0.0	0.0	0.0	0.0	0.0	0.0	0.0	0.0	0.0	0.0	0.0	0.0	0.0	0.0	0.0	0.0	0.0	0.0	0.0	0.0	0.0	0.0	0.0	0.0	0.0	0.0	0.0	0.0	0.0	0.0	0.0	0.0	0.0	0.0	0.0	0.0	0.0	0.0	0.0	0.0	0.0	0.0	0.0	0.0	0.0	0.0	0.0	0.0	0.0	0.0	0.0	0.0	0.0	0.0	1.0	0.0	0.0	0.0	0.0	0.0	0.0	0.0	0.0	0.0	0.0	0.0	0.0	0.0	0.0	0.0	0.0
54903.42796634989	-14.206387607526269	3014386402.456171	201.8214488552759	68184.65157324218	482.16613134765066	4649146710.164437	232484.17821875992	55532.774655842	32.275337735736684	3083889060.976527	1041.6974259558683	55705.85354907528	55592.208451704544	1.477644	33.851158	0.29960861	0.151393	-0.0111584282	-0.0046207145	0.0050319403	0.0160001682	0.0199222441	0.0011577895	-0.0131200316	0.0215496172	-0.0309091291	-0.0267317817	0.047275989	0.0453067351	-0.0874453057	0.0145174076	0.015241486	0.0464328765	-0.0073552028	-0.0494890169	0.0386193144	0.0367056225	-0.0381650939	-0.0449245891	-0.0866903866	-0.0534959552	0.0136752835	-0.0019509612	-0.0300740117	0.0501134091	0.0422765832	0.0375948839	0.0052689357	0.0120596942	0.0070595704	0.0514549298	-0.0388955046	-0.0700003978	-0.0055722582	-0.0431407886	-0.036868315	-0.0098071107	-0.0677551428	0.1102518262	-0.0803246493	0.0097361283	-0.0323739011	0.019826503	0.0235728762	0.0138153861	0.0451063434	-0.0006723376	-0.0157948966	-0.0281962962	-0.0915126131	0.0160488694	-0.0016323867	-0.0507844773	0.008488588	-0.0540800942	0.0799733599	-0.0097195557	-0.0061686496	-0.0396719524	-0.0250896622	0.0156961427	0.0024210523	-0.0484809244	-0.0312136788	0.0136049857	0.0497797814	-0.0100321465	-0.0459695858	0.0124743665	0.0094253075	-0.0188200747	-0.0386568671	0.0110062519	-0.021398651	0.0268269346	-0.0024211937	-0.0213028093	0.0083460643	-0.061816124	0.0480120603	-0.0291966294	-0.0079293664	-0.0503089212	-0.0034619879	0.0195655034	0.0013097128	0.0039516981	0.0355616314	0.0311265233	-0.0061659454	-0.058771283	0.0634597095	0.030381369	0.053964847	0.0260774676	-0.011208828	0.0105261303	0.0275148691	-0.0070636664	0.0735380306	-0.0120541149	0.0111305914	0.0128318403	-0.0471342039	-0.0004627873	-0.0088778597	0.0523906094	0.013148119	-0.0116988857	-0.0524119819	-0.0365473798	-0.0358137587	0.0362523953	0.0480100915	0.0803455811	-0.0546902777	-0.0242071193	0.0002333636	0.0256080685	0.0399530823	0.0490089397	0.0472685272	0.0041830693	0.0120084462	0.007116331	0.0503620723	-0.0457606965	-0.0661467022	0.0063220058	-0.0338312151	-0.0471072064	0.013351805	0.0531506433	-0.1214539458	-0.0005107658	-0.0788997689	0.0374592484	-0.0150664869	-0.0110117103	-0.0089788717	-0.0377990923	0.0026785827	0.043404362	0.0441728206	0.0069197734	-0.028991984	0.0561292236	-0.0266263994	0.1054558751	-0.0059517477	0.0439058269	0.0012643486	-0.0176445406	0.0409649482	-0.0016160357	-0.033634365	0.003599746	0.0458443644	0.0420066083	-0.006188503	-0.0351221685	0.0184597008	0.037960759	-0.0247434433	0.0252110725	-0.0109575165	-0.0390425697	0.0267127262	-0.0091433378	-0.0358801983	0.0189260384	-0.0031570712	-0.0389714495	-0.0371639894	0.0538934222	-0.0208108426	0.0154300643	-0.0349701219	-0.0222810452	-0.026968208	0.0126712982	0.0150636268	0.0190545629	0.031086523	-0.0547780892	-0.0284579024	-0.0611994568	0.0611636153	0.0243049045	-0.0072495531	0.0305058625	-0.0141452775	-0.0057887409	-0.0022038062	0.0006006973	-0.0724648547	0.0187012407	-0.0148252582	-0.0303056551	-0.0369167207	-0.0249112956	-0.0382317186	0.0027240622	-0.0155243693	-0.0451657142	0.0021880661	-0.0191885533	0.0050162314	-0.0174456886	-0.0207227719	0.0411535266	-0.0770637684	0.0309119249	-0.0257373985	-0.0050381765	-0.0061994461	-0.0120260222	0.0220443713	-0.0100651681	-0.0107881989	-0.0428699612	-0.0228031744	0.0322296625	0.001018976	0.0288418357	0.0167509764	0.0093319765	-0.0164929636	-0.0327606624	-0.0054305477	-0.0477657704	0.0160245105	0.0442116967	-0.0258302158	-0.0384828171	0.0343653138	0.0308609395	-0.0412099568	-0.0217209896	0.0460274517	0.0115125682	-0.0485808224	-0.0007378352	0.0487444668	-0.0100731925	-0.046510335	0.0203887125	0.0419883256	-0.0297012967	-0.0354008796	0.0375528523	0.0270720383	-0.0435571555	-0.0174115036	-0.0478255	-0.0271777	0.00073862737729	0.00228727845025	-2.5643	0.08603	6.575634489999999	0.0074011609	-0.195661	-0.1154233000000001	0.01332253818289	0.038283226921	-0.0102788	-0.0002541999999999	0.0001056537294399	6.461763999999978e-08	0.00032015	-0.0008732	1.024960225e-07	7.6247824e-07	0.000375668	0.0002921522	1.41126446224e-07	8.535290796484001e-08	0.0	0.0	0.0	0.0	0.0	0.0	0.0	0.0	0.0	0.0	0.0	0.0	0.0	0.0	0.0	0.0	0.0	0.0	0.0	0.0	0.0	0.0	0.0	0.0	0.0	0.0	0.0	0.0	0.0	0.0	0.0	0.0	0.0	0.0	0.0	0.0	0.0	0.0	0.0	0.0	0.0	0.0	0.0	0.0	0.0	0.0	0.0	0.0	0.0	0.0	0.0	0.0	0.0	0.0	0.0	0.0	0.0	0.0	0.0	0.0	0.0	0.0	0.0	0.0	0.0	0.0	0.0	0.0	0.0	0.0	0.0	0.0	0.0	0.0	0.0	0.0	0.0	0.0	0.0	0.0	0.0	0.0	0.0	0.0	0.0	0.0	0.0	0.0	0.0	0.0	0.0	0.0	0.0	0.0	0.0	0.0	0.0	0.0	0.0	0.0	0.0	0.0	0.0	0.0	0.0	0.0
54788.87180221697	-114.55616413291864	3001820473.359766	13123.114740848196	67697.23223486329	-487.4193383788952	4582915252.261013	237577.61142571992	55473.57058450193	-59.20407134006382	3077317033.3937182	3505.122063239366	55639.62620792697	54887.22389914773	1.065966	24.420069	0.0801306000000001	0.0416581	-0.0051745633	-0.0056126258	0.0027786507	0.0107230002	0.0052595325	0.0170817653	0.0128521628	0.0323000218	0.0041060943	0.0677440732	-0.0259346875	-0.0245781309	-0.0128330435	-0.0058949723	0.0648264966	-0.0179687915	0.0432207441	-0.0148755423	0.0063227629	-0.023644515	0.0143018463	0.0420545625	0.0110462277	0.0233577253	-0.0503835188	-0.0306212437	0.0060906389	-0.0308938693	0.0407686637	-0.0171288138	0.0327965194	-0.0434640101	-0.0079751393	-0.0001155715	-0.0244956214	-0.0260874728	-0.0315145514	-0.0079556088	0.0371858448	-0.0980321191	0.0137644327	0.0291332588	0.0018914847	-0.0429871038	0.0634846094	-0.0195736029	-0.049230887	-0.0070116942	0.0221207103	0.0580915795	-0.0219636712	0.0369611169	0.0029500969	0.0232844353	0.0169420847	-0.0510324045	0.0162585794	-0.0205377904	0.0468859236	0.0540786435	0.0009876186	-0.0195964671	-0.0001727781	-0.0329428703	0.0020673248	-0.0203500197	-0.0209554424	0.0265057881	-0.0224187131	0.0140196925	0.0115941281	0.0497426743	0.0057554257	-0.00125362	-0.0307583788	0.0322112812	-0.0357126751	0.0273980539	-0.0010378525	-0.070644135	0.0093763167	0.0133448553	-0.0208035275	0.0160490025	-0.0148697601	0.0112032475	-0.009171221	-0.0458336601	-0.0399445078	0.0351059395	-0.0228946744	0.0176877215	-0.0127763671	0.0327757269	0.0018536756	-0.0560814851	-0.0325821909	-0.0009173593	0.0086404036	-0.0187310155	0.0562160233	-0.0309145503	-0.0336009425	-0.0261100126	-0.0002425132	-0.0134828737	0.0280602426	-0.00117158	-0.0231018016	-0.0253038119	-0.0146122938	-0.0434619743	-0.0149366474	-0.0062739593	0.0231709296	-0.0130440928	-0.0442876029	-0.0144733655	0.0054782743	0.0497262846	0.0340187973	-0.009778809	-0.0378965055	0.0362062893	-0.0073352116	0.0423422731	-0.0389195241	-0.0007830185	-0.0025277211	-0.0248535377	-0.0294121734	0.0289453051	-0.0106813197	0.0333146047	0.0921520794	-0.020573414	-0.0240036909	-0.0412794836	0.0217181456	-0.0654636729	0.0169446705	0.0377230054	0.0322178008	-0.0259095161	-0.0446560193	0.0234507811	-0.022440335	0.0280400527	0.0214976185	-0.0045106544	0.0260484219	0.0723555151	-0.014901136	0.0182570829	-0.0608570882	0.0162177997	0.0316853449	-0.0087732987	0.0141976858	0.0099603193	0.0226529598	0.0269679463	-0.0155532002	0.0289772015	0.004009692	-0.0230658151	-0.0455018673	-0.0160189094	0.0037189528	-0.0320474719	0.0341816498	-0.0059201245	-0.0490661579	0.0432109934	-0.0341686053	0.0205671731	-0.0125766592	-0.0373990494	0.0074551089	-0.0202137487	0.01065597	-0.0111005523	0.0448622185	-0.0352146924	-0.003283506	-0.030981836	0.0272481061	0.0182161869	0.0156802315	-0.0096707064	-0.0333945766	-0.0026989737	-0.0445677079	-0.0540748175	-0.0571319944	0.0246351428	0.0277856552	0.0295436324	0.014184894	-0.0080130782	0.0017749958	0.0456145154	-0.0190247809	-0.0116964953	0.0381935301	-0.0481171412	-0.011195951	0.0428863138	0.0014542131	-0.0153113434	0.0076545427	-0.0255999615	-0.0073858332	-0.0006077887	0.0028030945	-0.04728091	0.0098210653	0.0146498652	-0.0843729365	-0.00746356	0.0393804949	0.0126837977	-0.023608315	0.0034375254	-0.0352276794	0.0269745138	-0.0102451339	0.0129902749	0.0364054732	-0.0340164635	0.0066113281	-0.0384426069	-0.0056138368	-0.047683095	0.0165464061	0.0438894081	-0.0266091756	-0.0377885739	0.0352731729	0.0297012967	-0.0420829549	-0.0200527028	0.04668055	0.0093499925	-0.048824275	0.0018442215	0.04840144	-0.0129414898	-0.0454342724	0.023358459	0.0400787482	-0.0325475373	-0.0326163926	0.0400256797	0.0234394817	-0.0453997805	-0.0130304206	-0.0336436	0.0141818999999999	0.0002011262876099	0.00113189182096	-2.56928	-0.0049800000000002	6.6011997184	2.4800400000002057e-05	-0.195711	-4.999999999999449e-05	2.499999999999449e-09	0.038302795521	-0.010019	0.0002597999999999	0.000100380361	6.749603999999961e-08	0.000911954	0.000591804	8.31660098116e-07	3.502319744160001e-07	0.000742438	0.00036677	5.51214183844e-07	1.345202329e-07	0.0	0.0	0.0	0.0	0.0	0.0	0.0	0.0	0.0	0.0	0.0	0.0	0.0	0.0	0.0	0.0	0.0	0.0	0.0	0.0	0.0	0.0	0.0	0.0	0.0	0.0	0.0	0.0	0.0	0.0	0.0	0.0	0.0	0.0	0.0	0.0	0.0	0.0	0.0	0.0	0.0	0.0	0.0	0.0	0.0	0.0	0.0	0.0	0.0	0.0	0.0	0.0	0.0	0.0	0.0	0.0	0.0	0.0	0.0	0.0	0.0	0.0	0.0	0.0	0.0	0.0	0.0	0.0	0.0	0.0	0.0	0.0	0.0	0.0	0.0	0.0	0.0	0.0	0.0	0.0	0.0	0.0	0.0	0.0	0.0	0.0	0.0	0.0	0.0	0.0	0.0	0.0	0.0	0.0	0.0	0.0	0.0	0.0	0.0	0.0	0.0	0.0	0.0	0.0	0.0	0.0
54782.1509544964	-6.720847720571328	3001084063.2012305	45.16979408310881	67650.40346582032	-46.82876904297154	4576577089.088273	2192.93361007997	55421.72991341272	-51.8406710892159	3071568146.595266	2687.4551789802654	55588.575385793294	55158.54839247667	1.125744	25.789526	0.1295559000000001	0.0837717	-0.004592492	-0.0103913789	0.007075548	0.0073324628	-0.0194679362	-0.0282016011	0.0149134751	-0.049652538	0.0060258032	-0.0262884813	-0.0206511825	-0.0063280435	0.0176587111	0.0444174136	-0.0003357799	0.0150962641	-0.0567928752	0.0128529806	-0.0035603303	-0.0365593685	-0.0400081448	0.0080076245	-6.85354e-05	0.0020175548	-0.0450570614	0.0776158953	-0.0313353887	-0.0166810747	0.0193041581	-0.0443448179	0.0421598111	0.003563549	0.0245414703	0.0417287068	-0.0087331801	-0.0304326436	-0.078840889	0.0298511614	-0.0057961146	0.0466319283	-0.0401086073	0.0411604134	-0.058390982	-0.0065319495	0.0556054723	0.0425348565	-0.0774887348	0.0243844889	-0.0485691442	0.0121455621	0.0160713722	0.0046268268	-0.0141370966	0.0268730347	-0.0096494889	0.0612495802	0.0480157672	-0.0361581185	-0.0300072827	-0.0762109894	-0.0378785233	-0.0185051913	0.0725997093	-0.0122652769	-0.0443691587	-0.0471424214	-0.0133485426	0.010317281	-0.0015920735	0.0299502909	-0.0018580083	0.0149887923	0.0073492793	-0.005689726	0.0285936266	-0.0204970089	0.028184801	0.0033308404	-0.0682794961	-0.0557612143	-0.0052051137	-0.0302854604	0.0224680877	0.0349937859	-0.0331236352	-0.0428899574	-0.066668511	-0.0132290108	-0.0276339914	-0.0773923247	-0.002942193	0.0331219857	0.0053271348	0.0082533583	0.0078925781	-0.0479212067	-0.0214480478	-0.0164917412	0.0455936059	0.0437588413	0.0333840657	-0.007524422	0.0064902337	0.032818352	-0.0490396571	0.0071569438	0.0319204829	-0.073942028	0.0101428649	-0.0607515058	0.005744036	0.0688859596	0.0130453361	0.0058503234	0.0319238572	0.0437159718	-0.0093105321	-0.0088888447	-0.0151386226	0.0464106612	-0.0767359958	0.0302110468	-0.0200322897	0.0205749831	-0.0345031786	0.0450150686	0.0109992182	0.0305109021	0.0371375652	-0.0163055851	-0.0307971475	0.0773011992	0.0374556236	-0.0015293503	-0.0425731549	0.0347936023	-0.0432326572	-0.0245922272	-0.0549270131	-0.062092286	-0.0202648129	0.0765224472	-0.0051611006	0.0559744381	-0.019455176	-0.0137204185	0.0103406627	0.0054732919	0.0059955668	0.0356852698	-0.0423153365	-0.0124795276	-0.0629168798	-0.0310295403	0.0679081462	0.0115235681	-0.0372735787	-0.0721043781	0.029862495	-0.0373288593	0.0556394307	0.0154077305	-0.0137808906	0.0018674638	0.0298998241	-0.025943551	-0.0297883704	0.0175355615	-0.0087796775	0.0232174143	-0.0237673278	0.0163467227	-0.0196459413	-0.0196297886	-0.0696991759	-0.0526356239	-0.0298585388	0.005741724	0.0397383419	-0.0265615021	-0.0121206741	-0.1089391743	-0.021835671	-0.0322607016	-0.0155598518	0.0324988937	0.0063578346	0.0283930943	-0.0150168416	-0.0070647981	-0.0564230796	0.0171809625	0.0246493834	-0.0202794951	-0.0410372883	-0.0318875307	0.0300564283	-0.0126082883	0.0050669108	-0.0055221776	-0.0210787187	0.0067948238	0.1002363156	-0.0380189014	0.0316282148	0.0653021036	0.0393284764	0.0007254583	0.0019717034	-0.0513991835	0.0183952781	-0.0322437338	-0.0333104147	-0.0069799773	-0.0041491376	-0.0697413516	0.0070640298	-0.0480762542	0.0196856282	-0.0282896317	0.0296493936	-0.0626359163	-0.0389196276	0.0137936215	-0.0138378002	0.0366881449	-0.0108937065	0.0113503836	0.0121555389	-0.0413079647	0.0158008162	-0.0846878578	-0.0057970462	-0.0475977133	0.0170661886	0.0435571555	-0.0273786964	-0.0370750283	0.0361565084	0.0285146833	-0.0429075896	-0.0183559655	0.0472535125	0.0071683153	-0.0489506689	0.0044211503	0.047903926	-0.0157627911	-0.044171958	0.0262208584	0.0379639583	-0.0352091317	-0.0296279125	0.0422237789	0.0196310923	-0.0468715983	-0.0085338634	-0.0337342	-9.059999999999624e-05	8.208359999999319e-09	0.00113799624964	-2.63837	-0.0690900000000001	6.960996256900001	0.0047734281	-0.156079	0.039632	0.001570695424	0.024360654241	-0.010297	-0.000278	0.000106028209	7.728400000000027e-08	0.00104882	0.000136866	1.1000233924e-06	1.8732301956000012e-08	0.000742438	0.0	5.51214183844e-07	0.0	0.0	0.0	0.0	0.0	0.0	0.0	0.0	0.0	0.0	0.0	0.0	0.0	0.0	0.0	0.0	0.0	0.0	0.0	0.0	0.0	0.0	0.0	0.0	0.0	0.0	0.0	0.0	0.0	0.0	0.0	0.0	0.0	0.0	0.0	0.0	0.0	0.0	0.0	0.0	0.0	0.0	0.0	0.0	0.0	0.0	0.0	0.0	0.0	0.0	0.0	0.0	0.0	0.0	0.0	0.0	0.0	0.0	0.0	0.0	0.0	0.0	0.0	0.0	0.0	0.0	0.0	0.0	0.0	0.0	0.0	0.0	0.0	0.0	0.0	0.0	0.0	0.0	0.0	0.0	0.0	0.0	0.0	0.0	0.0	0.0	0.0	0.0	0.0	0.0	0.0	0.0	0.0	0.0	0.0	0.0	0.0	0.0	0.0	0.0	0.0	0.0	0.0	0.0	0.0	0.0	0.0
54770.05601364922	-12.094940847178805	2999759035.738273	146.28759409675433	67506.68108007812	-143.72238574219227	4557151990.447378	20656.124163427517	55472.82961345503	51.09970004231582	3077234825.323414	2611.179344414651	55646.59937708135	55015.974055778206	1.171993	26.849037	0.18939785	0.101509	-0.0085903477	0.0033778322	0.0028756863	0.0087125856	-0.0045410806	0.0099775196	0.0171894681	0.0573231521	-0.0171962514	-0.0450593927	0.0557682024	0.0065255707	-0.0416925092	-0.0182034076	-0.0335221289	-0.0024528572	0.003652344	-0.0417247524	-0.0035224363	0.0155573507	-0.020296321	-0.0240387481	-0.0250180061	-0.0157579162	0.0046134964	-0.0073842593	-0.0026623875	-0.0461883066	0.0169577935	-0.0210203568	-0.0320074057	-0.0025187473	-0.0235869865	-0.0103322214	0.0258262826	0.0075361485	-0.0634640957	0.0144645813	-0.0161746622	-0.0591405669	0.0251006013	-0.024020355	-0.0384835477	-0.0581565393	0.0135671918	-0.0568105351	0.0088297159	0.0485968109	0.0334772332	0.0776165048	-0.0022965838	-0.0245352894	-0.0745176422	0.0324714764	0.0418627545	-0.0559058291	0.0147323527	-0.07524673	-0.0083665828	0.0213754825	0.0538466626	-0.0017269421	-0.0193982021	0.0127875816	0.0066580722	-0.0372006252	-0.046912227	0.009465241	-0.0037212192	-0.0539089321	0.019485303	0.0451540925	-0.0437771967	0.007948403	0.0381130982	-0.0027058853	0.0027868195	-0.0191715456	0.0153234736	-0.0064547468	-0.0197659587	-0.0368564393	0.0157607544	-0.0158015569	0.0544915013	0.0155072396	0.0448784923	0.0101361309	-0.0133050318	0.020586978	0.0543810438	-0.0180274797	-0.0795500556	0.0799287361	0.0140822483	-0.0109706468	0.0221254995	0.0014829055	-0.006760191	-0.0693223929	0.0082179987	-0.1000377293	-0.0072546316	-0.05487925	0.0477571632	0.014750308	-0.0631402529	0.0248052693	-0.0050063707	-6.46563e-05	-0.0332413824	0.031415427	-0.042999829	0.0030455423	-0.013639958	0.0179113455	0.026253088	0.02273645	-0.0171513625	-0.0129942117	0.0075113922	0.0018340727	-0.0478742389	0.0135984162	-0.025599759	-0.0243091458	-0.0146636962	-0.0240541513	-0.0056200886	0.0240804709	0.0022663767	0.0612655419	0.0193246648	-0.0135101173	0.0617452916	-0.037876963	0.0222326015	-0.0601061735	-0.0295226148	-0.0069972201	0.0242111719	0.0058341211	-0.0345317192	-0.0581836643	-0.069190889	0.0474527862	0.0713713711	0.0440356673	0.0224374632	0.001806691	-0.0103686171	0.0847039549	-0.0155472893	-0.0427554903	-0.0405618717	-0.0585484918	0.0136032979	0.0224110382	-0.0196914557	0.0089336143	0.0349846144	0.0515411159	0.0114224574	0.0015784433	-0.0473642711	0.0221517768	-0.0254602722	-0.0587250915	0.0014992371	0.0443629215	-0.0106373455	-0.0022368539	0.0200799719	0.0233229973	0.0064004852	-0.0333350933	-0.0031878403	0.0130319022	-0.002558934	0.0480469976	0.021204772	0.0533964531	-0.0139133835	-0.0066500637	0.0349171065	0.0162648065	0.0415764347	0.0026104337	0.114451083	-0.0034492559	0.006699848	0.0118704803	-0.0281111214	-0.0040462084	0.0062556063	0.0878448731	0.0776333749	0.0671796384	-0.0209431231	0.0199473988	-0.0082346338	-0.0547481642	-0.0461956927	0.0332710735	0.0173557272	0.0066676485	0.0429228319	-0.0047997891	-0.0025585397	-0.0066580325	0.0060013541	-0.0086801187	0.0062348666	-0.0006801781	-0.0536474602	-0.0042421769	-0.0578298419	-0.0086426698	0.0059131911	0.0407887527	0.0252878107	-0.0048644616	-0.0042878077	-0.0451406688	-0.0573944273	0.0245059052	0.0145741055	0.0138238523	0.0242802582	-0.0136609928	-0.0041305494	-0.0041180249	-0.0059801733	-0.04750963	0.0175837917	0.0432150141	-0.0281385053	-0.0363425447	0.0370147062	0.0273021769	-0.0436829132	-0.016633185	0.0477453555	0.0049719936	-0.0489597013	0.0069857861	0.0472535125	-0.0185268512	-0.0427285664	0.0289627561	0.0356547843	-0.0376709804	-0.02645413	0.0441320627	0.0156754391	-0.0479605879	-0.0039616799	-0.033201	0.0005331999999999	2.843022399999974e-07	0.001102306401	-2.5809	0.0574699999999999	6.661044810000001	0.0033028008999999	-0.219537	-0.063458	0.004026917764	0.048196494369	-0.0098026	0.0004944	9.609096676e-05	2.444313600000007e-07	0.000434487	-0.000614333	1.88778953169e-07	3.77405034889e-07	0.000492438	-0.00025	2.42495183844e-07	6.25e-08	0.0	0.0	0.0	0.0	0.0	0.0	0.0	0.0	0.0	0.0	0.0	0.0	0.0	0.0	0.0	0.0	0.0	0.0	0.0	0.0	0.0	0.0	0.0	0.0	0.0	0.0	0.0	0.0	0.0	0.0	0.0	0.0	0.0	0.0	0.0	0.0	0.0	0.0	0.0	0.0	0.0	0.0	0.0	0.0	0.0	0.0	0.0	0.0	0.0	0.0	0.0	0.0	0.0	0.0	0.0	0.0	0.0	0.0	0.0	0.0	0.0	0.0	0.0	0.0	0.0	0.0	0.0	0.0	0.0	0.0	0.0	0.0	0.0	0.0	0.0	0.0	0.0	0.0	0.0	0.0	0.0	0.0	0.0	0.0	0.0	0.0	0.0	0.0	0.0	0.0	0.0	0.0	0.0	0.0	0.0	0.0	0.0	0.0	0.0	0.0	0.0	0.0	0.0	0.0	0.0	0.0
54753.736405594056	-16.31960805516428	2997971650.373276	266.3296070741829	67999.53109057617	492.8500104980485	4623936228.538236	242901.1328479265	55391.82917617414	-81.00043728089076	3068254739.482457	6561.070839695519	55557.27274712327	54893.05600585938	0.975745	22.353209	0.0381414999999998	0.0226806	-0.003868942	0.0016541408	0.0022903507	0.0070107426	0.0047934123	0.0008803228	0.0135937303	-0.0040701577	-0.0170179243	0.0621714076	0.0081058676	0.0142365757	-0.0328142016	-0.0007283533	0.0170483768	0.0205965577	0.0634100415	0.0081165871	0.0038642264	-0.0370790691	0.0472046395	0.0166314905	-0.0393853233	0.0084931821	-0.0295961363	-0.1094535569	-0.0107978391	-0.0037007982	0.0068192829	-0.0242566892	-0.0271991657	-0.0032674618	-0.0311086731	0.010091663	-0.0287245608	-0.0162390353	-0.0333488045	-0.0486028652	0.0549577688	-0.0176130322	-0.0371300957	-0.0290860398	-0.0559305481	0.0146167003	-0.0029697747	0.0593265613	-0.0350735489	0.0329406423	-0.0176216375	0.0493492554	-0.0146060211	-0.0174004329	-0.0276450155	0.0109333558	-0.0118516072	-0.0748443083	-0.0266322771	-0.0253570952	-0.0583740506	0.0827069166	-0.0576187186	0.0138562608	0.0201202008	0.0368655251	-0.0101090659	-0.0108036118	0.0267443593	-0.0180740742	-0.0660171154	-0.0624698505	-0.0261956669	-0.0446632015	0.0195208696	0.047897173	0.0498223734	0.022929449	-0.0250030561	-0.0082340307	0.032341607	0.0091546046	-0.0319132972	0.0190364725	0.0202227036	0.0263991836	-0.0125564585	0.0025104479	-0.0176248805	0.0446013425	-0.0569601493	0.0006314761	0.0251485899	-0.0012872418	0.0034255188	0.0317259596	0.0188890493	0.0050593993	0.0693273756	-0.0599467633	0.0233145792	0.0589007981	0.0311223415	0.0292131033	0.0328981925	0.0088109433	0.0175676446	0.0462050442	0.0418396329	0.0311832299	-0.0155818117	-0.0349152114	-0.0138310098	-0.0411969364	0.0075108326	-0.0054600756	0.0359245704	-0.0449969266	-0.0193532453	0.034595056	-0.0155071599	0.0340586661	0.1090259856	0.008601855	0.0007756861	0.0102310421	-0.0300772993	-0.0219330694	-0.0116886261	-0.0258509065	0.0112937828	-0.0317518704	-0.0205369367	0.0315956516	-0.0434593748	0.0486919649	0.031490178	0.0356118124	0.0151374233	0.0205735157	-0.0671244511	-0.0062421618	-0.055983516	0.032549821	-0.0118042986	0.0285147298	-0.0511012496	0.0310742359	0.0265289551	0.0071869433	-0.0089255422	0.014669979	0.04292688	0.0441128035	0.0418744911	-0.0867811288	-0.0546207305	0.0718355197	-0.0167294443	-0.0024834231	-0.0278087973	-0.0303165189	0.0105313097	-0.0298394998	0.0021601119	0.0473912648	-0.0572503978	0.0558327814	0.0381497015	0.020515683	0.0455357891	0.0448747926	0.0244257264	-0.035792332	0.0198632406	0.0209080908	0.0146867175	0.0082089089	0.0278607209	0.0036941338	0.0368532933	-0.024869239	0.016170874	-0.0360213324	-0.0304106624	-0.0140784892	0.0610659124	0.0001659073	0.0212706449	0.0134588287	0.0169722409	-0.0027568059	0.0427172646	0.0688363565	0.0670475544	-0.0233743141	-0.0205487049	-0.0551313836	-0.0153657086	-0.0160072613	-0.0266610496	0.0371984327	-0.031239857	0.042494166	-0.0103938934	0.0333930584	0.0146001236	-0.0288623847	-0.0083129827	0.0331801003	0.0041565017	-0.0185298443	0.0130832745	-0.0035666516	-0.0024131467	0.028131845	-0.0507141221	-0.0367440203	-0.0173010971	0.0265175592	-0.0813620211	0.0063192003	0.0203456033	-0.0016820293	-0.0153643866	-0.0013270184	-0.0309492088	0.0281781401	-0.0080691782	0.0125511731	0.0233448964	-0.014044883	-0.0191094559	-0.0114271211	-0.0061632156	-0.0474188502	0.0180991493	0.0428630618	-0.0288883326	-0.0355914973	0.0378471697	0.0260648785	-0.0444080345	-0.0148868057	0.0481552347	0.0027655145	-0.0488513503	0.0095309979	0.0464522756	-0.0212236325	-0.0411100147	0.0315715513	0.0331630496	-0.0399191169	-0.0231148951	0.045737433	0.0116021956	-0.0486578547	0.0006456115	-0.0333848	-0.0001837999999999	3.378243999999921e-08	0.00111454487104	-2.58529	-0.0043899999999998	6.6837243841000005	1.927209999999907e-05	-0.217584	0.001953	3.81420900000004e-06	0.047342797056	-0.00997356	-0.0001709599999999	9.94718990736e-05	2.9227321599999835e-08	0.000817094	0.000382607	6.67642604836e-07	1.46388116449e-07	0.000571165	7.872700000000001e-05	3.26229457225e-07	6.197940529000001e-09	0.0	0.0	0.0	0.0	0.0	0.0	0.0	0.0	0.0	0.0	0.0	0.0	0.0	0.0	0.0	0.0	0.0	0.0	0.0	0.0	0.0	0.0	0.0	0.0	0.0	0.0	0.0	0.0	0.0	0.0	0.0	0.0	0.0	0.0	0.0	0.0	0.0	0.0	0.0	0.0	0.0	0.0	0.0	0.0	0.0	0.0	0.0	0.0	0.0	0.0	0.0	0.0	0.0	0.0	0.0	0.0	0.0	0.0	0.0	0.0	0.0	0.0	0.0	0.0	0.0	0.0	0.0	0.0	0.0	0.0	0.0	0.0	0.0	0.0	0.0	0.0	0.0	0.0	0.0	0.0	0.0	0.0	0.0	0.0	0.0	0.0	0.0	0.0	0.0	0.0	0.0	0.0	0.0	0.0	0.0	0.0	0.0	0.0	0.0	0.0	0.0	0.0	0.0	0.0	0.0	0.0
54640.158272786255	-113.578132807801	2985546896.0751324	12899.992252106484	67309.46722314453	-690.0638674316433	4530564377.863567	476188.14113471657	55314.26100096712	-77.56817520702316	3059667470.083112	6016.821804947443	55480.55073664962	54118.824283431415	1.038946	23.801077	0.1031886499999997	0.0524499	-0.0009211852	-0.0032459316	-0.0003078309	0.0020979164	-0.0309216337	-0.0079810847	0.0325031519	-0.0379751004	6.28199e-05	-0.0045441157	-0.0617932797	-0.0235233391	0.0011585734	-0.0182545268	0.0289816402	-0.0015856523	-0.0012903667	0.0186484407	-0.0307070443	-0.0011736233	-0.0113889057	-0.0073565139	0.0235789534	0.0114153604	-0.0678816495	-0.0024274851	-0.0131670259	0.0062680535	0.025069386	-0.0007355824	-0.005448555	-0.0327589519	-0.0058424099	0.0239744515	-0.0049165165	-0.0244417055	-0.0949218174	-0.0720440214	0.0171525472	0.0554945538	0.0134189926	-0.0247721364	-0.0252509839	0.0544421267	0.0360361234	-0.020046131	0.0051152656	0.0253286256	-0.0022251056	-0.0007916528	-0.0299883883	-0.0055065589	0.0485231074	0.0033098721	7.73764e-05	0.0137204327	0.0021790158	0.0068101139	-0.0020685189	0.0712255891	0.0260053369	-0.010292713	0.0920811772	-0.0129931117	0.0054396497	0.0072749367	0.0385478726	-0.0345337048	-0.0597821247	-0.0207855757	-0.0120551013	0.0123050114	0.0343457078	-0.0084802234	-0.0609853629	-0.0213068866	-0.0553043601	0.0108976019	0.0044831885	-0.0363217866	-0.0225177593	0.0019469346	-0.0183638351	-0.0016495172	-0.0045121151	-0.0379114353	0.0604016261	0.0116321572	0.0066128984	0.0023854731	-0.003610273	0.0160056231	0.048481973	0.0379874005	-0.0171827044	-0.0317724165	-0.0247767049	0.0013944016	-0.0252534785	0.0125001441	0.0062828527	-0.0111915802	0.0113993106	0.0190926845	-0.044361317	0.0760259594	0.0029907521	-0.0190605592	0.031722465	0.0119972512	-0.0084940464	-0.0030339334	0.0195679983	0.0330104816	-0.0002293273	0.0120580259	0.0051478958	-0.0325398461	-0.008368239	0.0672946558	0.0025232033	0.006226122	0.0053471393	0.0269216165	0.0025898508	0.0029716878	-0.0336636978	-0.00470056	0.0253890781	-0.0082968807	-0.027712753	0.0978785122	-0.0598298106	0.0174886577	-0.0498927842	-0.0077697614	0.0276659807	0.056175876	-0.0362087377	-0.0323418561	0.0358637884	0.0020064669	-0.0322979165	0.0084634987	-0.0057526617	0.0140166513	-0.0316759966	-0.0317174632	0.0206229651	-0.0236202743	0.0056741514	-0.0213218556	0.0071803817	-0.0045327915	-0.0858575636	0.0097199658	-0.0292257557	-0.0764670158	0.026029845	-0.013469428	0.0065801341	-0.0504070139	0.0240678129	0.0437817988	-0.0367607046	0.001864088	-0.0262833538	0.0333173462	-0.0131585753	-0.0600306125	-0.0074400478	-0.0490980911	-0.0238925211	0.0305451572	-0.0099937491	-0.004561228	0.013123945	-0.0199251252	-0.0171478184	-0.0154963003	-0.0386560726	0.0455955278	-0.0153536896	0.0018575712	0.0108847398	0.0239752012	0.006036663	0.0565835629	-0.0206569194	0.0184959414	-0.0048497425	0.0028790879	-0.03244356	-0.0365789974	0.0113716746	-0.0184705901	0.0276876812	-0.0274641683	0.0021727097	0.0044752431	-0.0785430884	-0.0026839986	0.0279880696	-0.0165138544	-0.030604629	-0.0072310325	0.003286178	0.0092040628	4.09922e-05	-0.0187938518	0.019762878	-0.0127717791	0.0011555676	0.008241907	-0.0108496115	-0.0763642925	0.0287931967	-0.0236570175	-0.0147612584	0.0169697748	0.0381399899	-0.0280555738	-0.0456159742	0.0305677185	-0.0382557834	-0.0001190584	-0.0058482788	0.0161345499	5.35702e-05	0.004013437	-0.0124784467	-0.0091613177	-0.0063461704	-0.0473253789	0.0186121956	0.0425013783	-0.0296279125	-0.0348222698	0.0386533201	0.0248039116	-0.0450821203	-0.0131193052	0.0484824465	0.0005533855	-0.0486258757	0.0120497088	0.0455027728	-0.0238433419	-0.0393229378	0.0340352549	0.0305015125	-0.0419407874	-0.0196310923	0.0470288708	0.0074419176	-0.0489577037	0.0052471816	-0.0276403	0.0057445	3.299928025e-05	0.00076398618409	-2.61914	-0.0338499999999997	6.859894339599999	0.0011458224999999	-0.221297	-0.0037129999999999	1.3786368999999957e-05	0.0489723622089999	-0.00940078	0.00057278	8.837466460839999e-05	3.280769284000002e-07	0.00136321	0.0005461159999999	1.8583415041e-06	2.982426854559999e-07	0.000492438	-7.872700000000001e-05	2.42495183844e-07	6.197940529000001e-09	0.0	0.0	0.0	0.0	0.0	0.0	0.0	0.0	0.0	0.0	0.0	0.0	0.0	0.0	0.0	0.0	0.0	0.0	0.0	0.0	0.0	0.0	0.0	0.0	0.0	0.0	0.0	0.0	0.0	0.0	0.0	0.0	0.0	0.0	0.0	0.0	0.0	0.0	0.0	0.0	0.0	0.0	0.0	0.0	0.0	0.0	0.0	0.0	0.0	0.0	0.0	0.0	0.0	0.0	0.0	0.0	0.0	0.0	0.0	0.0	0.0	0.0	0.0	0.0	0.0	0.0	0.0	0.0	0.0	0.0	0.0	0.0	0.0	0.0	0.0	0.0	0.0	0.0	0.0	0.0	0.0	0.0	0.0	0.0	0.0	0.0	0.0	0.0	0.0	0.0	0.0	0.0	0.0	0.0	0.0	0.0	0.0	0.0	0.0	0.0	0.0	0.0	0.0	0.0	0.0	0.0
54639.58165341513	-0.5766193711242522	2985483883.26022	0.3324898991557281	67455.00777294922	145.54054980468936	4550178073.64864	21182.051637451263	55330.73520422812	16.474203261001094	3061490258.240409	271.3993730847791	55494.54080748989	54593.96822367086	0.963189	22.065565	0.027378	0.01804	-0.0021013252	-0.0017286302	0.0012516298	0.0031492345	-0.0262557555	-0.0188915967	0.0159100229	0.0074880603	-0.003797973	-0.0392673614	-0.0103391802	-0.0264978469	-0.0056050944	0.0262584253	-0.0070273391	-0.0166447936	-0.0400494802	0.0115095148	-0.0134414688	0.0081250419	-0.0164328634	-0.0442736027	0.0278601936	-0.0259919709	0.0034845392	0.0232139441	0.0312570323	0.0007875646	0.0608799491	-0.0055452713	-0.0015439455	-0.0091728589	0.0483660525	-0.0019010554	-0.0697915704	0.0292990928	-0.0214297448	-0.0009037197	0.0092630291	0.045364365	-0.0040125481	0.014900442	0.0169443479	-0.0154969576	-0.0439105029	-0.0179786781	0.0604126239	0.0054260303	0.0053920273	0.049158743	-0.085343705	0.0102461232	-0.0639922232	-0.098974853	-0.0095898531	0.0264800877	0.0014893081	0.0081478038	-0.0088344664	-0.0669050359	-0.0670655574	0.0265372875	-0.0060218978	0.027420664	0.0253416108	0.0161577579	-0.0071237059	-0.0392397962	-0.0264872805	-0.0356954968	-0.0366998785	-0.0066524276	0.0208234623	-0.0148022291	0.0651324574	-0.0230435954	-0.0368799452	-0.0551274489	-0.0746275162	-0.0037633527	0.0587727883	-0.0021658147	-0.044167526	0.0437710537	0.0543017782	-0.0207296253	-0.0896907871	-0.0128809089	0.0465331476	0.0032351795	-0.0181275712	-0.0283735895	-0.0012919958	-0.0175424944	0.0407340059	0.025182544	-0.0339603953	-0.0251890749	0.0273310776	-0.0023826513	0.0780790853	0.0536496	0.0114950785	-0.0351734052	0.0441930832	0.0050095085	0.0341173157	0.012574613	-0.0224576202	-0.0181147912	0.0208920079	0.0122754827	0.0116833699	0.0120797	-0.0073783567	0.0136473471	0.0446939564	-0.0296161482	-0.0144038947	-0.0147015879	-0.0234834925	-0.0357924048	-0.0085712237	0.053638125	0.0052286767	0.0007995908	-0.0105743552	0.0531465112	-0.0075842361	-0.0667746703	0.0325540051	0.0219507043	-0.0026771337	0.0107507416	-0.0392908847	0.0090390693	-0.0093216691	-0.0009355984	0.0126022894	0.0506167225	0.0115198815	-0.0424787032	-0.0197215877	-0.0176310165	-0.0455367875	0.0965813444	-0.020108379	0.0425541862	-0.106716833	-0.0132298824	-0.0221386039	-0.0225961408	-0.0016140513	0.0054621973	0.0848688225	0.0264094674	-0.0398365641	0.0034641546	-0.0257085497	0.0326449407	-0.0229235694	0.0024498541	0.0244315891	0.0077896592	-0.0320918097	0.0251997942	-0.0153991674	0.0456975259	-0.0176816963	0.0599918465	0.0021513546	-0.0482517391	0.0334233556	-0.068537928	-0.081690833	0.0231700613	-0.0386218524	-0.0516866625	0.0456118719	0.0401001699	-0.0176253172	-0.043200883	0.0294404332	0.0669031799	-0.0205172534	-0.0111635823	-0.048451925	-0.0149037688	0.0039724986	-0.046937155	-0.0001617809	-0.0282539731	0.0253843527	-0.0493530171	-0.0665462137	0.003654309	-0.0695686323	0.0239420137	-0.0173148069	0.0470039383	-0.0083584033	0.0377409042	-0.0005769713	0.0304127859	0.0178525748	0.0304387978	-0.0087107193	0.0263863557	9.45287e-05	-0.0249409772	0.0143471653	-0.0139803124	-0.0074302018	-0.016512466	-0.0352462769	-0.0434186998	-0.0304472353	-0.0237903549	0.0323004978	0.0208469967	0.0266058947	-0.0293874871	-0.0413110487	-0.0108900467	-0.0302426997	-0.0115950563	-0.0110100108	0.0094654954	-0.0019864106	0.0062170152	0.0080895139	-0.0096558289	-0.0065290352	-0.0472292216	0.019122865	0.0421300458	-0.0303569825	-0.0340352549	0.039432597	0.0235204212	-0.0457043959	-0.0113331913	0.0487264292	-0.0016598739	-0.0482838183	0.0145349155	0.0444080345	-0.0263764663	-0.0373746616	0.0363425447	0.0276838006	-0.0437245227	-0.0160245105	0.0479975119	0.0032258135	-0.0488576859	0.0098022517	-0.0276003	3.999999999999837e-05	1.5999999999998694e-09	0.00076177656009	-2.6258	-0.0066600000000001	6.89482564	4.435560000000147e-05	-0.204055	0.017242	0.000297286564	0.0416384430249999	-0.00934714	5.36399999999989e-05	8.73690261796e-05	2.8772495999998813e-09	0.00137829	1.5079999999999998e-05	1.8996833241e-06	2.2740639999999996e-10	0.000492438	0.0	2.42495183844e-07	0.0	0.0	0.0	0.0	0.0	0.0	0.0	0.0	0.0	0.0	0.0	0.0	0.0	0.0	0.0	0.0	0.0	0.0	0.0	0.0	0.0	0.0	0.0	0.0	0.0	0.0	0.0	0.0	0.0	0.0	0.0	0.0	0.0	0.0	0.0	0.0	0.0	0.0	0.0	0.0	0.0	0.0	0.0	0.0	0.0	0.0	0.0	0.0	0.0	0.0	0.0	0.0	0.0	0.0	0.0	0.0	0.0	0.0	0.0	0.0	0.0	0.0	0.0	0.0	0.0	0.0	0.0	0.0	0.0	0.0	0.0	0.0	0.0	0.0	0.0	0.0	0.0	0.0	0.0	0.0	0.0	0.0	0.0	0.0	0.0	0.0	0.0	0.0	0.0	0.0	0.0	0.0	0.0	0.0	0.0	0.0	0.0	0.0	0.0	0.0	0.0	0.0	0.0	0.0	0.0	0.0	0.0
54573.39611795727	-66.18553545785835	2978255563.847474	4380.525103843425	67298.62210693359	-156.3856660156307	4529104537.49185	24456.476535152397	55221.585167772304	-109.150036455816	3049423468.44153	11913.730458305963	55390.29235642394	54301.77941482346	0.939117	21.514112	0.0623537	0.035238	-0.0024803344	0.0072193293	-0.0006489657	0.0059619229	-0.0205796604	0.0047490064	0.0319918445	0.0398386097	-0.013731176	-0.0259584498	0.0177781283	0.0230238734	-0.03240023	-0.0065738136	-0.0015343016	0.0086873488	0.0140565568	0.0193325204	-0.0310106335	0.0101309526	0.0376436329	-0.0753386494	-0.0084663318	-0.0372418189	-0.0340888513	-0.0543069857	-0.0142052035	0.0279628881	-0.0039878269	-0.009917294	0.0034702747	0.0085522104	-0.0110781317	-0.0412714119	-0.0334918289	-0.0304654667	0.0492196707	-0.0975393234	-0.0154963624	0.0186169747	0.0163408139	0.0075409407	0.0214800002	-0.0526724197	-0.0508347211	0.0174245746	0.0247937682	0.0038756231	0.0328797659	-0.0137848606	0.015375895	-0.0225505885	-0.0369872918	-0.0353738324	0.0511689015	-0.009592547	-0.0528361231	0.01586807	-0.013548986	-0.028460309	-0.0436401319	-0.0180298787	0.0165038499	0.0286249017	-0.016312245	0.0582687633	-0.0346090398	0.0040406788	-0.0151231238	0.0001896392	-0.0089892899	-0.0131054599	-0.046162931	0.0570336397	-0.0996059168	-0.045125615	0.0253823314	0.0485188524	-0.0107152811	0.0474315322	0.0461280661	0.0213192679	-0.0319546263	0.0083850432	-0.0121302288	0.0259930434	0.0439319133	-0.0924626088	0.0024515965	-0.0090622821	0.0553052608	0.0376726562	-0.0126522343	-0.07139038	0.0338724348	-0.011991802	0.0224969604	-0.0033730887	0.03640125	0.0516014242	-0.0002184129	0.0027985715	0.0013712203	0.038818478	0.0327442895	-0.0356745805	-0.0061288065	-0.0034023385	-0.0396896412	0.0492416837	-0.011714712	-0.016417685	0.0186700972	0.0270122238	-0.0071902338	-0.041403843	0.076234496	-0.0023966201	-0.0503971348	0.0183796009	0.0537849422	0.0086737183	0.0279736484	0.0055914507	-0.0059244827	0.0021808943	0.0089991883	-0.0121035957	-0.0406716409	-0.0321176515	-0.032801792	-0.0406475811	-0.1014643126	-0.0199182205	-0.0225041222	-0.0196254477	-0.0048792929	-0.0257701366	0.0219391252	0.0496676436	-0.044341102	-0.013597321	-0.0082509721	-0.0368168642	0.0139622101	0.0058457347	0.0434180127	0.0057858728	-0.0298657149	-0.0506432061	-0.025190065	0.0149857122	0.0549062111	-0.0069260609	0.0497989104	0.0239483078	-0.0020285366	-0.0289144963	-0.0272739543	-0.0131486805	-0.0639436424	0.0304462622	0.0073431362	0.0163447853	0.0002750076	0.0191953672	0.0237041972	-0.0496987834	0.0187737771	-0.0941260597	-0.0429457645	0.007928561	-0.0425322284	-0.0682876444	0.0375093561	0.0344967846	-0.0239868888	-0.0190130149	-0.0060288456	-0.0092744275	0.0013800504	0.0288828297	0.0610627398	-0.0421787228	-0.046449833	0.0601565567	0.0523914593	-0.0710536677	-0.0325654103	-0.0331971352	0.0020227319	0.0346565474	0.0344981157	0.0137930368	-0.0222888967	-0.0445986352	0.0145920352	-0.0164520809	0.0125527489	0.0130720168	0.0518695604	0.0196458611	-0.0315947014	-0.0196940422	-0.021347455	0.0107240783	0.0065489641	0.0076489585	0.0028256846	-0.0065708195	0.0105894521	0.0032233651	0.0172223006	0.0076639521	-0.0447924234	-0.0276544203	-0.0240506032	-0.0036407879	-0.017101808	0.0101314516	0.0177917583	0.0164494816	0.0047278086	-0.040547259	-0.0407153197	0.0025531325	-0.0105838217	0.0185848211	-0.0058911834	-0.0232769261	-0.016220908	-0.0057744658	-0.0067118073	-0.0471303837	0.0196310923	0.0417491486	-0.031075284	-0.0332308549	0.0401844584	0.0222155728	-0.0462741461	-0.0095309979	0.0488867639	-0.0038697424	-0.047825998	0.0169797078	0.043171555	-0.0288138067	-0.0352731729	0.0384828171	0.0247243413	-0.0452602033	-0.0123177063	0.0486367079	-0.0010144892	-0.0483586182	0.0142704553	-0.0289247	-0.0013243999999999	1.7540353599999998e-06	0.00083663827009	-2.59537	0.0304299999999999	6.7359454369	0.0009259848999999	-0.221894	-0.017839	0.000318229921	0.049236947236	-0.00941632	-6.918000000000028e-05	8.866708234240001e-05	4.785872400000039e-09	0.00146131	8.302000000000006e-05	2.1354269161e-06	6.892320400000009e-09	0.000595444	0.000103006	3.54553557136e-07	1.0610236036e-08	0.0	0.0	0.0	0.0	0.0	0.0	0.0	0.0	0.0	0.0	0.0	0.0	0.0	0.0	0.0	0.0	0.0	0.0	0.0	0.0	0.0	0.0	0.0	0.0	0.0	0.0	0.0	0.0	0.0	0.0	0.0	0.0	0.0	0.0	0.0	0.0	0.0	0.0	0.0	0.0	0.0	0.0	0.0	0.0	0.0	0.0	0.0	0.0	0.0	0.0	0.0	0.0	0.0	0.0	0.0	0.0	0.0	0.0	0.0	0.0	0.0	0.0	0.0	0.0	0.0	0.0	0.0	0.0	0.0	0.0	0.0	0.0	0.0	0.0	0.0	0.0	0.0	0.0	0.0	0.0	0.0	0.0	0.0	0.0	0.0	0.0	0.0	0.0	0.0	0.0	0.0	0.0	0.0	0.0	0.0	0.0	0.0	0.0	0.0	0.0	0.0	0.0	0.0	0.0	0.0	0.0
54598.40619074724	25.01007278996985	2980985958.5698266	625.5037409595905	67480.08772851563	181.46562158204324	4553562239.8481655	32929.77181615732	55304.70008197837	83.11491420606762	3058609851.1575785	6908.088963481981	55464.49572765521	54285.786246956166	0.958275	21.953005	0.0727238999999999	0.0388542	0.0017584466	-0.0031106822	0.0049624103	0.0117356447	-0.0227394178	0.006500685	0.032756389	0.0084913514	0.0126250823	0.0488742385	-0.0453327562	-0.0210468677	0.0107178822	0.0033535621	-0.0145366736	-0.017691244	-0.0130518966	0.0313732196	0.0048421837	-0.0305698642	0.0123722351	0.0022417747	0.0451605279	-0.0320399402	-0.0017787288	0.0490753638	0.0186134758	0.0412780879	-0.0231183024	-0.0282509345	0.0418827985	-0.0229740311	-0.0420465274	0.010735476	-0.0142057808	-0.0589355078	-0.0377809424	-0.0475204822	0.028747563	0.0414015296	-0.0182380851	0.0185406843	-0.0303979229	0.0045996775	-0.0623970206	-0.0065479505	-0.0429298287	-1.20978e-05	0.0171125064	-0.0118908379	-0.0016206844	-0.0280422729	-0.0140152957	-0.005660243	0.0159727098	-0.0610866272	-0.0230871737	0.0171195431	-0.0268557252	-0.0587458328	0.0429239505	0.0643102825	-0.0373078175	-0.070364638	0.0354309535	-0.0213323481	0.0598110331	-0.0319366096	0.051673553	0.034670365	-0.0107897057	-0.0457397313	0.0303381218	-0.0233901202	0.0292431514	0.013410651	-0.0233675166	-0.0140826577	0.0155703709	0.0310413314	-0.0466458419	-0.094626996	-0.0083679506	0.0478227453	0.0236487574	0.0418825361	-0.02263534	-0.004490735	0.0729386786	0.0721845975	-0.0228886925	-0.0078199674	0.0841405811	-0.0701308413	-0.02932412	-0.0385042572	0.0013237427	-0.021383508	0.0336146003	0.0127398422	0.0062445355	-0.0320757095	-0.0152998891	0.0404980193	-0.0286387021	0.0313182507	-0.0091360953	0.0014190903	0.0047017673	-0.0320546069	0.0686010042	-0.0675512365	0.0325556818	-0.0065673689	0.0302353821	-0.0103542174	-0.003775563	-0.0476603935	-0.0185564446	-0.0103565739	-0.0504554478	-0.0189894865	0.0415821982	-0.0133720171	-0.0173071164	0.0540081672	-0.0123185834	-0.0319526417	0.0116167824	-0.01809339	-0.0637200568	0.0350245305	-0.0433629997	0.0306185905	-0.0307210998	0.018786095	-0.014156621	0.0080819697	-0.03707597	0.0688074215	0.0029381358	0.0469284324	0.0162965612	-0.0142617215	0.0132450537	0.0099488854	0.0198345275	-0.0155683865	-0.0099393683	-0.0029618372	0.0344158987	0.0329134559	0.0291479156	-0.0186990415	0.0476791638	-0.0497856043	0.0184206624	0.0648798967	0.0865050162	0.036952728	0.0179248593	-0.0686874645	0.0200851935	-0.0640985022	0.0333019566	-0.0118315219	0.0324882195	0.0443865139	-0.003158601	0.0209272293	0.0178034854	-0.0269336526	0.0496265135	0.0248035677	0.0393116436	-0.0880959122	-0.0258600531	-0.0164238947	0.0507496563	0.0013194398	0.0198552883	0.0415770961	0.0506682345	0.0961237494	-0.0209556875	-0.0372436478	-0.0405088756	-0.0183757642	-0.0967656865	0.0378346131	-0.0052809481	0.0309828489	0.0242567123	-0.0186092409	-0.0205125001	-0.016773687	0.0499569644	-0.0251222004	0.0246666032	-0.0052280911	-0.0191136124	-0.0061021086	0.021798135	0.0061173812	0.0221095233	0.0046981437	-0.0938977775	-0.0225804776	0.0025247718	-0.0233597998	0.0147195637	-0.0060292652	0.0052777874	-0.0159258975	-0.0109319906	-0.0632573603	-0.0026758384	-0.0032591195	-0.0198037608	0.0192320444	0.0285612239	0.040494117	-0.0182792507	0.03496783	-0.0401480648	-0.0069827075	-0.005761047	0.0110717353	-0.0044441698	-0.0093083636	0.0191458956	-1.08248e-05	-0.0068944842	-0.0470288708	0.0201368126	0.0413587732	-0.0317825624	-0.0324094805	0.0409083818	0.0208905514	-0.0467907162	-0.0077152822	0.0489631754	-0.0060717052	-0.0472535125	0.019377288	0.0417972809	-0.0311465121	-0.0330270864	0.0404462362	0.0216382877	-0.0465391172	-0.0085338634	0.0489420714	-0.0052471816	-0.0474645768	0.0186121956	-0.0225302	0.0063945	4.088963025000001e-05	0.00050760991204	-2.62397	-0.0285999999999999	6.885218560899999	0.0008179599999999	-0.213297	0.008597	7.390840900000037e-05	0.045495610209	-0.00949452	-7.819999999999876e-05	9.01459100304e-05	6.1152399999998065e-09	0.00102116	-0.00044015	1.0427677455999998e-06	1.9373202250000006e-07	0.000659742	6.429800000000007e-05	4.352595065640001e-07	4.1342328040000095e-09	0.0	0.0	0.0	0.0	0.0	0.0	0.0	0.0	0.0	0.0	0.0	0.0	0.0	0.0	0.0	0.0	0.0	0.0	0.0	0.0	0.0	0.0	0.0	0.0	0.0	0.0	0.0	0.0	0.0	0.0	0.0	0.0	0.0	0.0	0.0	0.0	0.0	0.0	0.0	0.0	0.0	0.0	0.0	0.0	0.0	0.0	0.0	0.0	0.0	0.0	0.0	0.0	0.0	0.0	0.0	0.0	0.0	0.0	0.0	0.0	0.0	0.0	0.0	0.0	0.0	0.0	0.0	0.0	0.0	0.0	0.0	0.0	0.0	0.0	0.0	0.0	0.0	0.0	0.0	0.0	0.0	0.0	0.0	0.0	0.0	0.0	0.0	0.0	0.0	0.0	0.0	0.0	0.0	0.0	0.0	0.0	0.0	0.0	0.0	0.0	0.0	0.0	0.0	0.0	0.0	0.0
54560.498480711045	-37.907710036197386	2976847994.463672	1436.99448018842	67325.34765673827	-154.7400717773562	4532702437.100674	23944.489813661352	55241.45239966151	-63.24768231686176	3051618063.224068	4000.269318454667	55397.09057965628	54128.41847225041	1.079486	24.729805	0.1203412999999998	0.0645091	0.0005700451	0.0079515926	0.0005223927	-0.0090238606	-0.0194484387	-0.0281077761	0.0320347299	-0.0528748786	-0.0187939427	-0.0438957406	0.0167765875	0.0096240542	-0.0240277113	0.00328356	-0.0503307795	-0.002521838	-0.0133629108	0.0277488411	-0.0524435515	0.0281565615	-0.0252087155	0.0068742319	0.0246420748	-0.032355834	0.015756624	0.0046356875	0.0372844584	-0.0262872002	0.014553188	-0.0156043002	-0.0485469189	-0.0160854272	-0.0171272167	0.0336696843	0.0008279998	-0.0008055411	-0.026509174	-0.0228276292	-0.0202735141	0.0691409284	-0.0198507423	-0.0366040812	-0.0175978571	-0.0023683797	0.0198004462	-0.0303970419	0.0235575947	0.0628923287	-0.0221576663	0.0439880084	0.0012336574	-0.0326474197	0.020377945	-0.053755079	-0.006430289	-0.0164977933	0.0261880454	0.0485361464	-0.0109852842	0.0256133834	0.0437738368	0.0707001415	-0.0122624941	0.0068656806	-0.0434479955	0.0050211585	-0.0016018318	0.0483218602	-0.0147435697	-0.0976839664	0.0136213392	-0.019522862	-0.0092602445	0.0469225455	-0.0169840725	0.0689702486	-0.0342869271	-0.0113542022	-0.0135864752	-0.0279821207	0.0125332438	0.0122768561	-0.0508343802	-0.0194691094	0.0638575028	0.0128878131	-0.034693163	0.0198417029	-0.0103636089	-0.0337483508	-0.0205161369	0.018612541	0.0010290615	0.0402923222	-0.0093095653	-0.0161196267	-0.0404364047	-0.0157613655	-0.06380319	-0.0112568588	-0.0023073149	0.0043823894	-0.0239785212	-0.0241909478	0.0320748317	-0.1099533524	-0.009530187	-5.43349e-05	-0.0165788943	-0.040984538	-0.0538897374	-0.0691834826	0.0292156909	0.0532019179	-0.0264011698	0.0215118724	-0.00302939	-0.0215261971	-0.017654444	-0.0363422869	-0.0047159993	-0.0400377196	-0.0267366512	0.0095461356	-0.01868197	-0.038337337	-0.0272811688	-0.0131385648	0.0357647619	-0.0028458641	-0.0048147131	0.031381113	-0.0225397384	-0.0155707897	-0.0628716697	0.0175939891	0.0328613619	-0.0097896112	-0.0254320611	-0.0087042454	0.0240833921	-0.0046373911	-0.0674452946	0.0010928784	-0.0554031706	0.0129057517	0.0245310693	-0.0102187597	-0.0276765447	-0.0369191015	0.065787955	-0.0471018105	-0.016620911	0.0083094449	-0.030864754	-0.0244094023	-0.0260796588	0.0482581594	0.0402088694	-0.0425321918	-0.0170227644	0.027848691	-0.0472817616	0.0104517534	-0.0742637396	0.0408820764	0.0361292358	-0.0267509937	0.0435146463	-0.0132594445	0.0712690373	-0.0243934134	0.0082827672	0.0003160004	-0.0274784831	0.0135338218	-0.0030648443	-0.0598507257	-0.0174067153	0.0554586786	0.0195557587	-0.0182649202	-0.0190556816	0.0055233994	0.0137419147	0.0108890479	-0.0039408878	0.0487757072	0.0106344979	-0.0115423403	-0.0312712261	-0.0194605144	-0.0566610448	-0.0486579211	0.0242641452	0.0059946437	-0.0295380724	0.0207374616	0.0057839849	-0.0261605833	0.1016862989	-0.0036439514	-0.0438488655	-0.0154909267	0.0467295325	-0.0851217619	0.0024825648	0.0534292492	-0.0007492129	-6.73574e-05	0.0126167492	0.0090947108	0.0201513062	-0.0027807939	-0.0598017749	-0.0093227424	-0.0392783674	0.0017857333	0.033368521	0.0250290993	0.002768849	-0.043823651	-0.0063923557	0.0133548138	-0.0515957383	-0.0041150302	0.0074804374	0.0093792436	-0.0198231811	0.0142968933	-0.0115301967	0.0041981857	-0.0070770633	-0.0469246886	0.0206399614	0.0409590082	-0.0324785665	-0.0315715513	0.0416038638	0.0195465601	-0.0472535125	-0.0058886202	0.0489555324	-0.0082612638	-0.0465677344	0.0217209896	0.0402895985	-0.0333661115	-0.0306456097	0.0422237789	0.018441441	-0.047554009	-0.004696647	0.0489115064	-0.009440512	-0.0461828639	0.0227889965	-0.0304312	-0.0079009999999999	6.242580099999997e-05	0.0009260579334399	-2.59932	0.0246499999999998	6.7564644624	0.0006076224999999	-0.228488	-0.015191	0.000230766481	0.052206766144	-0.0086622999999999	0.00083222	7.503544128999828e-05	6.925901284001643e-07	0.000434487	-0.0005866729999999	1.88778953169e-07	3.441852089289999e-07	0.000626649	-3.30930000000001e-05	3.9268896920100004e-07	1.0951466490000063e-09	0.0	0.0	0.0	0.0	0.0	0.0	0.0	0.0	0.0	0.0	0.0	0.0	0.0	0.0	0.0	0.0	0.0	0.0	0.0	0.0	0.0	0.0	0.0	0.0	0.0	0.0	0.0	0.0	0.0	0.0	0.0	0.0	0.0	0.0	0.0	0.0	0.0	0.0	0.0	0.0	0.0	0.0	0.0	0.0	0.0	0.0	0.0	0.0	0.0	0.0	0.0	0.0	0.0	0.0	0.0	0.0	0.0	0.0	0.0	0.0	0.0	0.0	0.0	0.0	0.0	0.0	0.0	0.0	0.0	0.0	0.0	0.0	0.0	0.0	0.0	0.0	0.0	0.0	0.0	0.0	0.0	0.0	0.0	0.0	0.0	0.0	0.0	0.0	0.0	0.0	0.0	0.0	0.0	0.0	0.0	0.0	0.0	0.0	0.0	0.0	0.0	0.0	0.0	0.0	0.0	0.0
54594.598718894704	34.1002381836588	2980570209.277139	1162.826244182262	67504.26978613282	178.92212939454475	4556826439.359004	32013.128387078217	55271.202796331	29.750396669493057	3054905858.5531483	885.0861019921836	55431.51852402474	54025.73412388393	0.978878	22.42498	0.1196271999999999	0.0563373	-0.0005577947	0.0019568939	0.0032115892	0.0077097314	-0.0140214239	-0.0005423043	0.0190779927	0.0012372781	-0.0086042069	-0.0013209044	-0.0122755745	0.0019311906	-0.0031896147	0.0117435259	0.0159446552	0.0036745902	0.035150862	0.0435899167	-0.0054392455	-0.0058521539	0.0076162881	-0.0329398542	0.0297786873	0.0163956412	-0.0460150869	-0.0251607638	0.0185102703	0.040611276	0.0298767727	0.016595758	-0.0131901244	-0.0162489583	0.0023525086	0.0148306951	0.0016695479	-0.0166802846	0.0098817605	-0.0874620584	-0.0572001126	0.0119518277	-0.0278154769	-0.0008017299	0.0500287284	0.0212569783	-0.0187067636	0.031278541	0.030939375	0.0509781404	0.0189475524	0.0009031877	-0.0103933606	0.0107007857	0.0510019799	0.0094959949	0.0412131115	-0.006419983	-0.0356182852	0.0074359699	0.0190074009	0.0295697925	-0.0499283682	0.0206781416	0.025174604	0.0057261943	-0.0031151017	0.0508145262	-0.0118191027	0.0710972267	-0.0267976572	0.0317829716	-0.0358953593	-0.0371528948	0.006674751	-0.0103839196	-0.0065714232	0.0219466623	-0.0546252256	-0.0344096681	-0.024051329	-0.0191268193	-0.0001179868	0.0398224106	-0.0122856585	-0.0030323712	-0.0004751218	0.0345079969	-0.0134906328	0.0552826658	0.0161571565	0.0130622301	-0.0009415469	-0.0129248411	-0.0131383562	-0.0863997295	0.0055738818	-0.0163212758	-0.0041001129	-0.0026286292	-0.0182012558	-0.0102349942	0.0333820822	-0.0157888252	-0.0807083286	-0.0438545334	0.0267657919	0.0394719569	-0.0210058006	0.0116569504	-0.0490829983	0.0355358941	0.0104861943	-0.027705269	0.0433770834	0.0037159465	0.0048611913	-0.007530012	0.0305817601	-0.0326486072	0.0051542074	0.0462038236	0.0247491068	-0.0249465479	0.0348039756	0.034657165	0.0208465229	-0.0140289614	-0.0165491764	0.0042194676	0.0156940304	2.07648e-05	-0.0178458087	-0.0027433352	-0.0818274067	-0.0585288106	-0.0150572857	0.0230740211	-0.006389811	0.0288992077	0.0400005433	0.0217896206	-0.0335402488	-0.0153621051	-0.0601743389	-0.00436742	-0.0123650186	-0.011910439	-0.0384011689	-0.0297420055	0.0289776976	-0.0461308293	-0.0089317482	0.0243741013	0.0313318758	0.0119171086	-0.0170623096	0.0550584992	-0.018628872	-0.0154210213	0.0061765484	-0.0018588334	-0.0459108029	0.0285873162	-0.0499068007	0.0432744955	0.0509168243	0.0239616287	0.0282475989	0.0138745336	-0.0082624087	-0.0092517709	0.0391544837	-0.041248948	0.0251671791	-0.0004251534	-0.0453290457	0.0251286759	0.020877851	-0.0254443915	-0.0140450193	-0.0106243306	0.0352813268	0.0172305998	-0.0288889428	0.0477198433	0.0151759693	-0.0263361212	-0.0178510413	-0.0748878211	-0.0337372954	-0.0200568455	0.0046592012	0.0056247059	-0.0292500643	-0.027613601	-0.0115543797	0.0025961092	0.023430127	0.0250107307	0.0706151951	0.0246621228	-0.0340792759	-0.009391975	-0.0757841566	-0.0088883179	-0.0015559854	0.0031683823	-0.0322384905	-0.0067481529	0.0061931042	-0.0187246551	0.0158250752	0.0059665911	-0.0083648086	0.0073657012	-0.0335513498	-0.0402353823	-0.0053144251	0.0160898234	-0.0513247667	0.0050700898	-0.000782853	-0.0188443083	-0.0390800226	-0.0417133838	-0.0218086471	-0.0247441648	-0.0161161043	-0.0033765362	-0.0303701235	-0.0217882452	0.0275236591	0.0310156838	-0.0072595419	-0.046817843	0.0211404744	0.0405499443	-0.0331630496	-0.0307174953	0.0422704209	0.0181848193	-0.0476620031	-0.0040536034	0.0488638482	-0.0104339452	-0.0457703078	0.024004296	0.0386533201	-0.0354645447	-0.0281385053	0.0438072762	0.01515017	-0.048299121	-0.0008300562	0.0485452228	-0.0135630238	-0.0445239479	0.0267638437	-0.0138082	0.016623	0.0002763241289999	0.00019066638724	-2.63232	-0.0329999999999999	6.9291085824	0.0010889999999999	-0.214325	0.014163	0.000200590569	0.0459352056249999	-0.0089374199999999	-0.00027512	7.987747625639823e-05	7.569101440000012e-08	0.00114198	0.0007074929999999	1.3041183203999998e-06	5.005463450489999e-07	0.000492438	-0.0001342109999999	2.42495183844e-07	1.8012592520999993e-08	0.0	0.0	0.0	0.0	0.0	0.0	0.0	0.0	0.0	0.0	0.0	0.0	0.0	0.0	0.0	0.0	0.0	0.0	0.0	0.0	0.0	0.0	0.0	0.0	0.0	0.0	0.0	0.0	0.0	0.0	0.0	0.0	0.0	0.0	0.0	0.0	0.0	0.0	0.0	0.0	0.0	0.0	0.0	0.0	0.0	0.0	0.0	0.0	0.0	0.0	0.0	0.0	0.0	0.0	0.0	0.0	0.0	0.0	0.0	0.0	0.0	0.0	0.0	0.0	0.0	0.0	0.0	0.0	0.0	0.0	0.0	0.0	0.0	0.0	0.0	0.0	0.0	0.0	0.0	0.0	0.0	0.0	0.0	0.0	0.0	0.0	0.0	0.0	0.0	0.0	0.0	0.0	0.0	0.0	0.0	0.0	0.0	0.0	0.0	0.0	0.0	0.0	0.0	0.0	0.0	0.0
54580.41632636239	-14.182392532311496	2979021846.3590465	201.1402579405649	67191.90504101562	-312.3647451172001	4514752103.04086	97571.73399213336	55301.29427587041	30.091479539405555	3058233148.586417	905.4971408704632	55471.71946732279	54162.51956517604	0.941664	21.572456	0.0555539500000001	0.0313825	0.0005471927	-4.3469e-05	-0.0021904034	0.0095506872	-0.008713539	0.0019434806	0.014237987	0.0416311809	-0.0145454964	0.0127623306	-0.0336340183	-0.01738661	-0.0121239384	0.0097225615	-0.027704873	-0.0394015304	-0.0391548331	0.0244171338	0.0048420692	-0.0323052083	0.0110177769	-0.003025619	0.0442495542	-0.0373745222	0.017860263	0.0012553463	0.0035963757	0.033555705	-0.0320958524	0.0304558953	-0.0136920739	-0.0172200387	-0.0310485787	0.0206515153	-0.011206071	-0.0154694327	0.0087535534	-0.0023925095	-0.0045164961	-0.0042708294	-0.0387738518	-0.0021332918	-0.0599822795	0.026572622	0.0146867442	-0.0478094228	-0.0298407507	-0.0056589393	0.0090699803	0.0093039203	0.0315249013	-0.0546183513	0.0077811028	0.0089480914	-0.0111118594	0.0385158317	-0.0050589423	0.0570403709	0.0568144805	8.99681e-05	-0.0163165663	0.0582136596	-0.0639850353	-0.0455645239	0.0138764297	0.0214797006	-0.0147972012	-0.0211737607	-0.0065411366	-0.0193604411	0.0385760543	-0.075185841	0.0308230505	0.0320256726	-0.015983121	0.0639654739	-0.0518376978	-0.0259239227	-0.0179919751	0.0086415928	0.0278392595	-0.0061381892	-0.0390008318	0.0170844424	0.0176434772	0.0052507048	-0.0249843873	0.0011498809	0.0374868644	-0.0101569146	0.0127072059	-0.0310672237	0.0507800161	0.0189894634	0.020623347	0.0079062434	-0.0544731319	0.0223445167	0.0444896222	0.0127790072	-0.0108177575	0.034119647	0.025741458	0.0564796189	-0.027042572	0.0236772249	-0.0132177319	-0.0373632396	-0.0014328973	0.014583526	-0.0630107015	-0.0144732148	0.0239048793	-0.007395021	0.0313626009	-0.0095314855	0.0036075624	-0.0480731081	-0.0285092202	-0.0322094612	-0.0025279918	0.0014380318	0.0345678601	-0.0297991622	0.0309013188	-0.0103843353	-0.0169733297	-0.0275095937	0.0230379923	-0.012846425	-0.0179204255	-0.0102800091	-0.0065328005	-0.0029987943	0.0129320398	0.0333671299	-0.0013029849	-0.0109595915	-0.0591026299	-0.0082216951	0.0593029597	0.0240315243	0.0114691531	-0.0022760994	-0.0147085286	-0.0187451856	0.0387841628	-0.0493376214	0.0079724399	0.0192151152	-0.0090149563	-0.0310702112	0.0069432688	0.07661891	0.0156240436	0.0340968438	0.0119957155	0.0781556724	0.0499493529	0.0256048143	-0.0272416684	0.0006279761	0.0257408982	0.0146600364	-0.0239546699	-0.0229032197	0.0735428084	0.0230916955	0.0480651214	-0.0188150727	0.0686376676	-0.0495304628	0.033670159	-0.0098788283	-0.0112083206	-0.0019427038	-0.0190272306	-0.0303573683	0.0033180582	0.0038442661	-0.0035787337	0.0006988617	0.0271431148	0.0476736801	0.0057405924	0.0361015302	-0.0317027895	0.0454000526	-0.0097499932	-0.0263907033	-0.0434515088	-0.0414021375	0.0254725276	0.0248716966	-0.0178538666	-0.0169706296	-2.27528e-05	-0.0785608568	0.0010717422	0.0132373081	-0.0127032726	-0.0070477095	0.0072730822	-0.0530070259	0.0002767611	-0.0343488495	0.0572031368	-0.0264481078	0.003593819	-0.0283066584	0.0210905232	-0.0073843223	-0.0015175303	-0.0187770552	-0.0373840994	-0.0451139243	-0.0271008182	-0.0231731572	-0.009336329	0.0462295818	0.060235815	0.0501578442	-0.0251989064	0.0043742553	-0.049688765	-0.0071723169	-0.0093286725	-0.0042143508	0.0257225825	0.0050112221	-0.010085	-0.0103027817	-0.0074419176	-0.0467083402	0.0216382877	0.0401316745	-0.0338357689	-0.0298477488	0.0429075896	0.0168065656	-0.0480157186	-0.0022128355	0.0486882801	-0.0125853106	-0.0448631447	0.0262208584	0.0368936684	-0.0374341914	-0.0255160508	0.0451894509	0.0117813266	-0.0487702262	0.0030417259	0.0478457346	-0.0175837917	-0.0425013783	0.0305015125	-0.0141523	-0.0003440999999999	1.1840480999999999e-07	0.00020028759529	-2.63973	-0.0074100000000001	6.9681744729	5.490810000000206e-05	-0.221883	-0.007558	5.712336400000014e-05	0.049232065689	-0.00946086	-0.00052344	8.95078719396e-05	2.739894336001035e-07	0.00112693	-1.504999999999996e-05	1.2699712249e-06	2.265024999999988e-10	0.000758785	0.000266347	5.75754676225e-07	7.0940724409e-08	0.0	0.0	0.0	0.0	0.0	0.0	0.0	0.0	0.0	0.0	0.0	0.0	0.0	0.0	0.0	0.0	0.0	0.0	0.0	0.0	0.0	0.0	0.0	0.0	0.0	0.0	0.0	0.0	0.0	0.0	0.0	0.0	0.0	0.0	0.0	0.0	0.0	0.0	0.0	0.0	0.0	0.0	0.0	0.0	0.0	0.0	0.0	0.0	0.0	0.0	0.0	0.0	0.0	0.0	0.0	0.0	0.0	0.0	0.0	0.0	0.0	0.0	0.0	0.0	0.0	0.0	0.0	0.0	0.0	0.0	0.0	0.0	0.0	0.0	0.0	0.0	0.0	0.0	0.0	0.0	0.0	0.0	0.0	0.0	0.0	0.0	0.0	0.0	0.0	0.0	0.0	0.0	0.0	0.0	0.0	0.0	0.0	0.0	0.0	0.0	0.0	0.0	0.0	0.0	0.0	0.0
54700.17498061086	119.75865424846415	2992109142.909446	14342.13526740318	67560.19003759765	368.2849965820351	4564379277.916309	135633.8387074296	55377.619473071805	76.3251972013968	3066680738.5043416	5825.535727832111	55526.864771646055	54403.62032930448	1.046115	23.965307	0.0591099500000001	0.0305257	0.0018156332	0.0066090093	-0.0021628649	-0.0082027934	-0.0018082383	-0.037644148	0.0044190924	-0.0807578586	0.0058270984	-0.0053973191	0.0046925139	-0.0050114404	-0.0229776124	0.011680104	-0.0448176311	-0.0281643095	0.0253540473	0.0188999395	-0.0052853661	-0.0076815405	-0.0104531117	0.0524057956	-0.0313542186	-0.0053808151	0.0016895457	-0.0220034129	-0.0027015177	0.0408663574	-0.0036744338	0.0182022135	-0.0040254493	0.000759211	0.0040614372	0.0399678121	0.0078721835	0.006452778	0.0050171853	-0.0202613709	-0.0266069163	0.0140433328	0.0227559439	0.0225504067	-0.0090500826	-0.0138123608	-0.0265295895	0.0732297244	0.0049979896	-0.0059081411	-0.0303105209	-0.0134771855	0.0246655141	-0.0241533043	-0.0056456924	-0.0603339471	0.001617003	0.0109309304	0.0448345839	-0.0044017902	0.0843578439	0.0468225949	-0.0285879827	0.0058728438	-0.029243295	-0.0129088596	-0.0152630723	-0.0351419921	0.0401028758	0.0095133509	0.0229153321	0.0258960835	-0.0083806328	0.0682935738	-0.0291031311	0.0006445955	0.0279632053	0.0300452316	0.036808579	-0.0391982363	-0.0195307253	-0.0315896923	-0.0004269109	-0.0643177141	-0.0158817357	-0.0672263441	-0.0091882763	0.0101996993	-0.0690951263	0.0563882809	0.0080369452	-0.074406255	-0.0024400797	-0.0359894479	0.032101061	-0.0223243043	-0.0061761307	0.0026974601	-0.0458394397	-0.0015435466	0.0279619694	0.0186654133	-0.0928057997	-0.005031901	-0.0038249811	-0.0478553757	-0.0328499717	-0.0366810458	-0.0933617042	0.003185377	0.062177655	0.0220607392	-0.0956331512	-0.0424741478	0.0209995599	0.0097563094	0.0061767152	0.0122609767	-0.0518099273	0.0330538563	-0.0102442277	-0.0011542201	0.0209555459	0.0016087778	0.0406396303	0.0008067361	0.0196269693	-0.0079237124	0.0052547366	0.0051952582	0.0422549428	0.0049644543	0.0085370824	-0.0017097208	-0.0191700018	-0.0232222644	-0.0201911034	-0.0234186999	-0.020995857	-0.0058038384	-0.0068472918	0.0231548607	-0.0603112683	-0.0105552491	0.0066273652	0.0455523309	0.0038904038	-0.0141070762	0.0161542836	-0.0297502376	-0.0722325506	-0.0103271948	-0.005360113	0.0193157088	-0.0434866433	0.0791191624	-0.0384941974	0.0425331409	0.0133185137	0.0284402258	-0.0003797162	-0.0021840026	0.032578548	-0.0339010461	-0.0234481803	-0.0215542627	0.026937317	-0.0060641269	-0.0552967321	-0.0410297592	0.0005919922	0.0281965837	0.0147086351	0.0466467808	0.0272131384	0.0016986273	-0.0400324317	-0.0476927082	-0.0379074563	-0.0010107974	-0.0691212939	0.0235316398	0.0284893077	-0.066247556	-0.0571575733	0.0190081305	0.0057008765	0.0274340112	-0.07158731	0.0049673667	-0.0260925913	0.0173313059	-0.0645143504	-0.0427906369	0.0434639074	0.0359614846	0.0402558049	-0.014102805	-0.0168274961	0.0614429448	0.0104806215	-0.0655660665	0.0142451597	-0.0883553249	-0.0181717712	-0.0166013806	-0.024414256	-0.0758886439	0.06847056	-0.007084427	0.0034207754	-0.0133830903	0.0266218994	0.0027942699	0.0014783879	-0.0014726696	-0.0534180441	-0.0229794081	-0.0245177471	0.0252418662	0.0058091909	0.053820287	0.0395485266	-0.0584846136	-0.0102357641	0.0505573627	-0.0566813185	0.0128758743	-0.0121819414	-0.0113762849	0.0176448671	0.0024007707	-0.0238689402	0.0418643257	-0.0076241876	-0.0465961863	0.0221333376	0.0397042937	-0.0344964857	-0.0289627561	0.043514927	0.0154130506	-0.0483142525	-0.0003689281	0.0484291295	-0.014710965	-0.0438484199	0.0283645137	0.0350162597	-0.0392678988	-0.0227889965	0.046363951	0.0083521601	-0.0489646519	0.0068944842	0.046817843	-0.0214726538	-0.0401316745	0.03396888	-0.0143978	-0.0002455	6.027025000000045e-08	0.00020729664484	-2.63075	0.0089800000000002	6.920845562499999	8.064040000000377e-05	-0.242905	-0.021022	0.000441924484	0.059002839025	-0.00929451	0.0001663499999999	8.63879161401e-05	2.7672322499999712e-08	0.00091572	-0.0002112099999999	8.385431183999999e-07	4.4609664099999994e-08	0.000958474	0.0001996889999999	9.18672408676e-07	3.987569672099999e-08	0.0	0.0	0.0	0.0	0.0	0.0	0.0	0.0	0.0	0.0	0.0	0.0	0.0	0.0	0.0	0.0	0.0	0.0	0.0	0.0	0.0	0.0	0.0	0.0	0.0	0.0	0.0	0.0	0.0	0.0	0.0	0.0	0.0	0.0	0.0	0.0	0.0	0.0	0.0	0.0	0.0	0.0	0.0	0.0	0.0	0.0	0.0	0.0	0.0	0.0	0.0	0.0	0.0	0.0	0.0	0.0	0.0	0.0	0.0	0.0	0.0	0.0	0.0	0.0	0.0	0.0	0.0	0.0	0.0	0.0	0.0	0.0	0.0	0.0	0.0	0.0	0.0	0.0	0.0	0.0	0.0	0.0	0.0	0.0	0.0	0.0	0.0	0.0	0.0	0.0	0.0	0.0	0.0	0.0	0.0	0.0	0.0	0.0	0.0	0.0	0.0	0.0	0.0	0.0	0.0	0.0
54666.55474312084	-33.620237490016734	2988432207.4826274	1130.3203688851268	66858.98138427734	-701.208653320311	4470123391.743144	491693.5754912841	55248.237023241054	-129.38244983075128	3052367694.176224	16739.818324206874	55411.32686132255	53897.12369432326	1.005016	23.023787	0.05957508	0.0317088	0.0001957783	0.0117025717	-0.002466898	-0.0015853654	0.001650791	-0.0096301017	0.0162926159	0.0179513995	-0.0120735281	-0.0722279211	0.0018193073	0.0202971084	-0.0069619414	-0.0038953538	0.0074375108	-0.0037076987	0.027660175	0.0252500929	-0.032456856	0.0283206045	-0.0238789596	-0.0585443799	-0.0312130941	0.0558435803	-0.0011490775	-0.0439924049	0.0159812983	-0.0023553733	-0.0044543364	0.0267277767	-0.0082396515	-0.0438186264	-0.0195681851	0.044849059	-0.0333345114	0.0382706929	0.0557953226	-0.0268446674	-0.0065777923	-0.0205815294	-0.0488348679	-0.0395572589	0.0375514052	0.0178574367	-0.0338563863	-0.0122534089	0.015499258	-0.014638588	-0.0020656645	0.0683775392	-0.0372532606	0.0801280797	-0.0446871619	-0.0237433857	-0.0029835633	0.0337820361	0.0033325347	0.0089390251	-0.0131669452	0.049680744	0.004339893	0.0245511206	0.0094535852	0.0637519855	-0.0552339225	0.0501134709	-0.0232939721	0.0025649749	-0.0112420641	0.0784077616	0.0437914398	-0.0025238553	-0.0171967521	0.0376357294	-0.027071446	-0.0688742449	0.0349670454	-0.0406199348	0.0156548136	-0.0286863575	-0.0225201171	-0.0189849855	-0.0268879982	0.0181364415	-0.0603467796	0.0032100054	-0.0397029879	5.97064e-05	-0.0148209174	-0.0193213867	-0.0010095408	0.0223476282	-0.0511903026	-0.022019755	-0.0340616099	0.0433831681	-0.0121608234	-0.008907564	-0.0061852265	-0.0373504084	0.0097401025	0.0254979612	-0.0305281734	-0.0066875741	0.0307496743	0.022061565	-0.0573167473	0.0860366206	0.0164134583	0.005473003	-0.0401090415	-0.0539067494	0.026109018	0.0303294306	-0.0251215308	0.0199137894	0.0589277869	0.0313261714	0.0466200815	0.0227220297	0.0459730529	-0.0131958634	-0.0030563223	-0.0109132254	0.0273383413	-0.0004957309	-0.046906932	-0.0199595522	0.0429106463	-0.0341559532	0.0411845285	-0.0542602434	-0.0298296886	-0.0166026062	0.0278386939	0.0497517176	0.034664929	0.017950168	0.0282285482	0.0315094484	0.0045311359	-0.0207631786	0.0111819808	0.0027203172	-0.0582665474	0.0309987371	-0.0318974715	0.0904966359	-0.0232140767	-0.0057989834	-0.0225023405	-0.0197763143	-0.0034915022	-0.0004285775	-0.0349898321	0.0204485693	-0.0451575583	0.0072855664	-0.0363573278	-0.0659796517	-0.0599596246	0.0194984738	0.016810988	0.0161012542	0.0555888571	-0.0493098977	0.0127511625	-0.0467116245	0.0106436221	-0.0317148641	-0.0923280749	-0.0013505238	0.043966138	0.0238951984	-0.0099362218	-0.0092412948	-0.0101722538	-0.0358302238	-0.0021742239	-0.0567386981	0.0119742444	-0.0572174211	-0.0237950058	-0.0195201728	-0.0138976058	-0.0064804966	0.0252446417	-0.0368039621	0.014039156	0.0181172563	0.0148608973	-0.0500922355	-0.0006024442	-0.0040552639	-0.0027472457	0.0322539909	-0.025492738	-0.0204858829	0.0327090154	0.013040934	-0.0048763692	-0.0453144993	-0.076208893	0.0611359643	-0.0117216814	-0.0770758755	-0.000314079	0.0050086187	0.0008460711	0.0030246686	0.0219387664	0.0107229691	0.0071704453	0.0031911147	-0.0472228197	-0.0105601389	0.0046680347	0.0046537129	0.0045094995	0.0270744016	0.039088423	-0.0384421507	-0.0106334717	-0.0547475105	-0.0369179552	-0.0164151556	-0.0080936137	-0.0144257763	0.0005735121	-0.007604953	-0.0027178461	0.0043815357	-0.0078063495	-0.0464813877	0.022625561	0.0392678988	-0.0351449656	-0.0280629691	0.0440920108	0.0140055395	-0.0485572616	0.0014755028	0.0480868413	-0.0168065656	-0.0427285664	0.0304293015	0.0330270864	-0.0409590082	-0.0199685217	0.0473253789	0.0048802286	-0.0488812951	0.0107041222	0.0454686032	-0.0252004375	-0.0374341914	0.0371352188	0.00232433	0.01672213	0.0002796296317369	5.402509948899999e-06	-2.62337	0.0073799999999999	6.8820701569	5.4464399999999146e-05	-0.240364	0.002541	6.456681000000079e-06	0.057774852496	-0.00881921	0.0004753	7.777846502409998e-05	2.2591009000000135e-07	0.00109171	0.00017599	1.1918307241e-06	3.097248010000004e-08	0.000951125	-7.348999999999919e-06	9.04638765625e-07	5.4007800999998804e-11	0.0	0.0	0.0	0.0	0.0	0.0	0.0	0.0	0.0	0.0	0.0	0.0	0.0	0.0	0.0	0.0	0.0	0.0	0.0	0.0	0.0	0.0	0.0	0.0	0.0	0.0	0.0	0.0	0.0	0.0	0.0	0.0	0.0	0.0	0.0	0.0	0.0	0.0	0.0	0.0	0.0	0.0	0.0	0.0	0.0	0.0	0.0	0.0	0.0	0.0	0.0	0.0	0.0	0.0	0.0	0.0	0.0	0.0	0.0	0.0	0.0	0.0	0.0	0.0	0.0	0.0	0.0	0.0	0.0	0.0	0.0	0.0	0.0	0.0	0.0	0.0	0.0	0.0	0.0	0.0	0.0	0.0	0.0	0.0	0.0	0.0	0.0	0.0	0.0	0.0	0.0	0.0	0.0	0.0	0.0	0.0	0.0	0.0	0.0	0.0	0.0	0.0	0.0	0.0	0.0	0.0
54731.07991601167	64.52517289083335	2995491108.772856	4163.497936591934	67563.40098925782	704.4196049804741	4564813153.235245	496206.9798808472	55342.26562877781	94.02860553675418	3062766364.9262013	8841.37865918652	55500.93761150095	54423.91351112266	0.877588	20.104559	0.0452478699999997	0.0245569	0.0017568207	0.0026536452	-0.0034088376	0.0063910287	0.0097863514	-0.000394875	-0.003766972	0.0318606571	0.0096126892	0.0270570397	-0.0386122207	0.0030751679	0.0004042144	-0.0078342924	-0.0203746383	-0.0108068894	0.0169002716	0.0141525346	0.0116902911	0.004490924	0.0329660023	-0.0089121748	-0.0040299554	0.0076854555	-0.0174743016	-0.013890671	-0.0109630852	0.0146610308	0.0011651831	0.0283000836	-0.0040391349	0.0078028215	-0.0601973457	-0.0536056509	-0.0146524479	0.0007253138	-0.018683468	-0.0582011564	0.0138869837	0.0126958449	-0.0076848247	0.0440118206	0.0109465987	-0.0512313199	-0.0510158499	-0.004666544	0.0650031255	-0.0047386563	0.0203036279	-0.0145676919	-0.0045111992	0.0007467728	0.0211777937	0.0415912924	0.0355864667	0.0280576624	0.0172719143	0.0117370611	0.0381930802	-0.0076163474	-0.015358498	-0.0071910039	-0.0467281004	-0.0594583611	-0.0288161419	0.0606981906	-0.0112478978	0.0096515605	0.0259066404	0.0018402434	0.0331602553	-0.0533990027	0.0226690163	0.0329044195	0.0937933169	0.0303498452	-0.0400556677	-0.0197842028	-0.0525995518	0.0126218927	-0.0087042253	-0.0294072666	0.0593489999	-0.0088527024	0.0096090171	-0.0550388477	0.0226129463	-0.0789204309	-0.0255570849	0.0300801427	-0.0568304621	0.0200468779	0.0465635313	0.0318998487	-0.0225725369	-0.0263968468	0.0102350615	-0.0202220969	-0.0167891783	0.0281163532	-0.0449230409	-0.004527424	0.0081422806	0.0204103587	-0.0231129639	-0.0096687459	-0.0145735093	-0.0358956112	0.0355259694	0.0171082907	-0.0426850039	-0.0456995965	0.0139302688	-0.0125513032	-0.0042845477	-0.0333695109	0.0082481961	0.0045145853	0.0008688277	0.0189391499	0.0151698927	0.0084994824	0.011504132	0.006436489	0.0253930446	-0.0098069273	0.005508887	-0.0570302224	-0.0519035479	-0.0104337813	-0.0065853771	0.0228583816	-0.0600672786	0.0242895858	-0.0181842717	-0.0009516666	-0.0424742662	-0.0399705297	0.0163990695	0.0632552501	-0.0130162949	-0.0572245463	-0.0130887077	-0.0325403022	0.0140244643	-0.0012579379	-0.0136808389	-0.0119153907	0.0482129044	-0.008058802	-0.0275627798	0.0083220213	-0.0311323902	0.0415857591	0.0164644176	0.0198429598	0.0486324294	0.0308580118	0.0428480601	-0.0038673876	-0.0585157612	0.0096823577	-0.0194737027	0.0008385532	0.001852755	-0.0308344232	0.0470095395	0.0334034616	0.0500217303	0.0855550227	0.0206045729	-0.0296470567	-0.0007775075	-0.0093121656	-0.0463036665	-0.0593552615	0.007099873	0.0677542191	0.0203793564	0.0230095414	-0.0635214071	0.0026692087	0.0665445553	-0.0550601347	-0.0324876678	-0.0437849002	0.0026665157	0.0568646045	-0.0247469651	0.0271983876	-0.002042501	0.0270503662	0.0037980755	-0.0135073265	0.0409072175	-0.0227890339	0.0128765425	-0.0151433814	0.0049827817	-0.0166010994	0.0094677605	-0.013816345	0.0189753123	-0.0415838176	-0.0113775033	-0.0531555549	0.0174253279	-0.057139116	0.0023227689	-0.0139457556	0.0225582575	-8.0954e-06	-0.0079415235	-0.0155825023	-0.0200885919	-0.036063239	0.0050435178	0.0057750092	-0.0359232365	0.0270717469	0.0512219355	0.0062432929	-0.0248387505	-0.0296796053	-0.0296344874	-0.0095259151	-0.0041301558	-0.0183157446	0.0051596365	0.0002777801	0.002747525	0.0043697326	-0.0079884006	-0.046363951	0.0231148951	0.0388225891	-0.0357809787	-0.0271488476	0.0446384398	0.0125853106	-0.0487444668	0.0033178403	0.0476620031	-0.0188678315	-0.0415062691	0.0324094805	0.0309324975	-0.0425013783	-0.0170661886	0.0480693164	0.0013833093	-0.0485206286	0.0144468132	0.0438072762	-0.0287391785	-0.0344309608	0.0399724692	-0.00419599	-0.00652032	4.251457290239999e-05	1.76063320801e-05	-2.63839	-0.0150199999999998	6.961101792099999	0.0002256003999999	-0.222445	0.0179189999999999	0.0003210905609999	0.049481778025	-0.00880994	9.269999999998724e-06	7.761504280360001e-05	8.593289999997634e-11	0.00105016	-4.155000000000001e-05	1.1028360256000002e-06	1.7264025000000003e-09	0.000886174	-6.495100000000005e-05	7.85304358276e-07	4.2186324010000075e-09	0.0	0.0	0.0	0.0	0.0	0.0	0.0	0.0	0.0	0.0	0.0	0.0	0.0	0.0	0.0	0.0	0.0	0.0	0.0	0.0	0.0	0.0	0.0	0.0	0.0	0.0	0.0	0.0	0.0	0.0	0.0	0.0	0.0	0.0	0.0	0.0	0.0	0.0	0.0	0.0	0.0	0.0	0.0	0.0	0.0	0.0	0.0	0.0	0.0	0.0	0.0	0.0	0.0	0.0	0.0	0.0	0.0	0.0	0.0	0.0	0.0	0.0	0.0	0.0	0.0	0.0	0.0	0.0	0.0	0.0	0.0	0.0	0.0	0.0	0.0	0.0	0.0	0.0	0.0	0.0	0.0	0.0	0.0	0.0	0.0	0.0	0.0	0.0	0.0	0.0	0.0	0.0	0.0	0.0	0.0	0.0	0.0	0.0	0.0	0.0	0.0	0.0	0.0	0.0	0.0	0.0
54726.56526795545	-4.514648056225269	2994996946.027788	20.3820470715786	67491.0384453125	-72.36254394531716	4555040270.42665	5236.337766237957	55268.91856375423	-73.34706502357585	3054653359.2068973	5379.791947572664	55431.96880017543	54432.06320832488	0.864313	19.800442	0.0694930300000001	0.0343456	0.000473581	0.006861277	-0.0030808636	0.0048532372	0.0142517128	-0.009173622	0.0070465274	-0.0041811502	-0.0072205928	0.03407407	-0.011863951	0.0111634397	-0.0238478911	0.0056544307	-0.0233343513	-0.029889352	-0.0301162741	0.0215761915	-0.0172513403	-0.0103341556	0.0166514663	0.0456521955	0.0123818692	-0.0079697585	0.029677653	-0.0278378979	-0.0180774681	-0.0167239965	-0.0239332586	0.0167198041	0.0111276012	-0.0551656083	-0.0446190278	0.0460178923	-0.0138436935	-0.0175839451	-0.0177640977	-0.0038928114	0.0070546201	-0.0410243532	-0.0671616169	-0.0167672112	-0.024953811	0.0564670733	-0.0442400257	0.037341952	-0.026952692	0.0651501854	-0.0009052968	0.0484886079	-0.0382031499	0.035952191	0.0572514968	0.0419739354	0.0447848461	-0.0236060546	0.021850181	0.0484715908	-0.0043393037	-0.0356422546	-0.0114973508	0.0235452284	0.0866512243	-0.0318240153	-0.0276102265	-0.0111436137	-0.033914565	-0.0356212338	0.0023883852	0.0327386755	0.0509267987	0.0035419701	-0.0660022145	-0.0420057965	0.0309770524	0.0151099642	0.0070497633	0.039782803	-0.0214586358	0.0157914076	-0.0531183634	0.0038622121	0.0025401914	-0.0006920069	0.0097920475	0.027790431	-0.0135921649	0.0176252832	0.0289405705	0.0325362134	0.0040730833	0.0116822133	0.0199063739	-0.0155620882	-0.0871964246	-0.0147467364	-0.0256617672	0.0079163242	0.005222314	-0.0013314021	0.0108459731	0.0780137187	-0.0785415563	0.0595953757	0.0367026982	-0.0026922289	0.0645810322	0.0049315503	-0.025129916	0.052246518	0.0120969127	-0.0133465359	0.0222682871	0.0148023967	0.0110315723	-0.0168508537	-0.0447516152	-0.0108715364	0.0010932724	-0.0335082106	0.0273855272	0.0212910354	-0.0110191985	-0.0260019558	0.0141537033	0.0222426956	-0.0538960721	-0.044745005	0.0455626723	-0.0164475475	-0.016515702	0.0125178911	0.0003826504	-0.0043358508	0.057019243	0.0701988871	0.0036710773	0.0479267534	-0.0375035307	0.0314299888	-0.0317449038	0.0418004727	-0.0372444904	0.0129971264	-0.0587405347	0.0102409839	-0.0565529628	0.0058861769	0.0694801804	-0.0441867504	0.0375922817	0.0057137635	-0.0029541197	0.0132934213	0.0359573086	0.0176427063	-0.0261693374	-0.065158211	0.0656021712	-0.0253161181	0.0103203013	0.0166270477	0.0524187096	-0.0111341288	0.0173209383	-0.0501902594	0.0176525542	-0.0560110124	-0.0464124194	0.046361088	0.0185978239	0.0136390345	-0.0347861222	-0.0168148936	0.0195821986	-0.0404566615	0.0384352807	-0.0108550248	0.0044979136	0.0050402468	0.0320109209	0.0043302152	-0.0001323359	0.0468370394	-0.0019190271	-0.0126699447	0.0097779336	-0.0018994527	-0.0240073218	0.0804587873	-0.0117271975	-0.021545049	-0.0212131553	-0.0126065456	-0.0176200416	-0.0130976171	-0.044903786	-0.0506876839	0.0951142168	0.039553052	0.0319439405	0.0696472257	-0.0081730146	-0.0030951024	-0.044193146	0.0049489211	-0.0246093043	0.0110560988	0.0025499583	-0.0209321006	0.0242254446	0.0017238275	-0.0116622845	-0.0080756797	-0.0444012897	-0.0185671371	-0.003851491	0.0027958134	-0.021944588	0.0394196194	0.0703083898	0.0254283133	-0.0027346565	0.0357262805	-0.0309283547	0.0133516858	-0.0110564974	-0.0105948215	0.0293158627	-0.0035314246	-0.0168742754	0.0303550168	-0.0081703383	-0.0462438827	0.0236012772	0.0383684655	-0.0364042993	-0.0262208584	0.0451538342	0.0111536535	-0.0488756528	0.0051554705	0.0471553442	-0.0208905514	-0.0401844584	0.0342995449	0.0287391785	-0.0438894081	-0.0140938949	0.0485923444	-0.002120693	-0.0478846987	0.0180991493	0.0418452649	-0.0320623308	-0.0311465121	0.0424554877	-0.00771217	-0.00351618	1.2363521792399998e-05	5.94775661089e-05	-2.65435	-0.0159600000000001	7.0455739225	0.0002547216	-0.237551	-0.015106	0.000228191236	0.056430477601	-0.00935451	-0.0005445699999999	8.75068573401e-05	2.9655648489999935e-07	0.000976817	-7.334300000000002e-05	9.541714514890002e-07	5.379195649000003e-09	0.000966478	8.030400000000001e-05	9.34079724484e-07	6.448732416000002e-09	0.0	0.0	0.0	0.0	0.0	0.0	0.0	0.0	0.0	0.0	0.0	0.0	0.0	0.0	0.0	0.0	0.0	0.0	0.0	0.0	0.0	0.0	0.0	0.0	0.0	0.0	0.0	0.0	0.0	0.0	0.0	0.0	0.0	0.0	0.0	0.0	0.0	0.0	0.0	0.0	0.0	0.0	0.0	0.0	0.0	0.0	0.0	0.0	0.0	0.0	0.0	0.0	0.0	0.0	0.0	0.0	0.0	0.0	0.0	0.0	0.0	0.0	0.0	0.0	0.0	0.0	0.0	0.0	0.0	0.0	0.0	0.0	0.0	0.0	0.0	0.0	0.0	0.0	0.0	0.0	0.0	0.0	0.0	0.0	0.0	0.0	0.0	0.0	0.0	0.0	0.0	0.0	0.0	0.0	0.0	0.0	0.0	0.0	0.0	0.0	0.0	0.0	0.0	0.0	0.0	0.0
54775.299528098265	48.73426014281722	3000333438.392882	2375.028111667783	67359.34123583985	-131.6972094726516	4537280851.726315	17344.154982883472	55280.67819337826	11.759629624029913	3055953381.519847	138.2888888943619	55433.85027838071	54247.77338565975	0.974195	22.317719	0.03837808	0.0189301	0.0027199397	0.0050943638	-0.008434612	-0.0056760645	0.0125059699	-0.039964475	0.0023620479	-0.0514321988	0.0217085125	-0.0319069552	-0.0171778281	-0.0050217265	0.0057091164	0.0020693443	0.000645177	-0.0205098697	0.0194433609	0.0280327515	-0.0347937086	0.0078838278	-0.0464775004	0.0225380905	0.0212449037	-0.016350834	0.0139743047	0.0456393755	0.0143222414	0.0005715511	0.0100508891	-0.0044657472	0.0160680181	-0.0381671263	0.0200183702	0.0131153314	-0.0072003603	-0.0054919286	-0.0112848481	-0.0363885964	0.024969571	0.0042784244	-0.0030245205	0.0255699666	-0.0001641444	-0.0197356273	0.0120231093	0.0239428764	-0.0334832115	-0.028315054	-0.0189795586	0.0108281328	0.0746641653	0.0318253274	-0.0298065723	0.0371792875	0.0337230798	-0.0044420886	0.0224491729	0.0273850186	0.0463685311	-0.0031302844	-0.0048560089	-0.0238869173	0.0442062549	-0.0131116443	0.050694018	0.0212532152	0.0122652833	0.0589333548	0.0198983522	0.0360277156	0.0293944959	-0.0090054367	-0.0738787354	-0.0682306923	0.0719212805	0.0284328767	-0.0089555264	-0.0107044209	0.0406095548	-0.0011033246	-0.0556928783	0.0258954828	-0.05032861	-0.0622750726	0.0101217475	0.0284288556	0.0678107584	-0.0393816183	0.010120563	-0.0191490444	0.0184176543	-0.016693961	0.0280446487	0.050435177	-0.0401974372	0.0203591084	0.0595716895	0.0450851353	-0.0321576323	-0.0110291467	-0.0346427781	-0.0435712902	0.0165725601	0.0615043152	0.0253152656	0.0498753543	0.041152163	-0.0341513901	-0.0190066734	0.0102704139	-0.0003626623	0.0615499681	0.0300761481	0.0362466586	-0.0085268826	0.0448811237	-0.0196474772	-0.0169446827	-0.0027324187	-0.023754383	-0.0454650282	-0.0157642805	-0.0023973892	0.0078500083	0.0036440516	0.0223905062	-0.0315915349	0.0247142208	0.0132269187	-0.0069761952	-0.0043209009	0.0155820217	-0.0375376283	0.0232456189	-0.011210646	0.0061090263	-0.024049117	-0.0103452155	0.008001584	-0.0202466442	-0.0248702649	0.0186346959	0.0402099579	0.0176771999	-0.001916115	-0.0569212816	0.042780573	0.0522628093	0.0332664722	-0.0057694753	-0.001418757	0.0248519101	-0.0121873609	0.054240764	-0.0064273598	0.0108836636	0.0104509263	-0.0538193601	0.0082790162	0.058663528	-0.0093847219	0.0024441209	-0.0430200222	-0.0156938096	0.0484536285	-0.0185299318	0.0312827581	-0.0573455009	-0.0713830105	0.0803048253	0.0267025183	0.0069818952	0.0139711889	0.049662593	0.0232839507	-0.0065697113	0.0532015766	-0.0388529673	-0.0611944503	0.017718225	0.0108902831	0.055495822	0.0278552762	-0.0336234341	-0.0231969844	0.0377684695	-0.0100530107	0.0434659514	0.0198217332	0.0599925871	0.0425123261	0.0296346918	-0.0229150671	0.0585499937	0.052918856	0.0065359947	0.0483941829	-0.0326955257	-0.017117895	0.049303888	-0.0246575831	0.0356322821	0.0355604449	-0.0024716079	0.0024412713	0.0411613732	0.0202873609	-0.0089737059	0.0048922506	-0.0169078011	0.0296765539	0.0008637298	-0.0015804628	-0.0070461204	-0.0288300035	-0.0302868604	0.0154846365	0.0178095608	0.0147766083	0.0536404095	0.0435103971	-0.0840096558	-0.0166470784	0.001331127	-0.0345910413	-0.0002052838	-0.0163529785	-0.0108169769	0.0166399301	0.0018237097	-0.009584376	0.0270704085	-0.0083521601	-0.0461211897	0.0240846454	0.0379056313	-0.0370147062	-0.0252794756	0.0456378354	0.0097118681	-0.0489506689	0.0069857861	0.0465677344	-0.0228705931	-0.0387663036	0.0360942395	0.02645413	-0.0451180572	-0.0110638251	0.0488920593	-0.0056138368	-0.046977113	0.0216382877	0.0395960362	-0.0351449656	-0.0276076712	0.04456227	-0.0106773	-0.00296513	8.791995916900004e-06	0.00011400473529	-2.66494	-0.0105900000000001	7.1019052036	0.0001121481	-0.249715	-0.0121639999999999	0.0001479628959999	0.0623575812249999	-0.00929349	6.102000000000017e-05	8.636895638009999e-05	3.723440400000021e-09	0.00093879	-3.802700000000005e-05	8.813266641e-07	1.4460527290000035e-09	0.00112061	0.0001541319999999	1.2557667721e-06	2.375667342399999e-08	0.0	0.0	0.0	0.0	0.0	0.0	0.0	0.0	0.0	0.0	0.0	0.0	0.0	0.0	0.0	0.0	0.0	0.0	0.0	0.0	0.0	0.0	0.0	0.0	0.0	0.0	0.0	0.0	0.0	0.0	0.0	0.0	0.0	0.0	0.0	0.0	0.0	0.0	0.0	0.0	0.0	0.0	0.0	0.0	0.0	0.0	0.0	0.0	0.0	0.0	0.0	0.0	0.0	0.0	0.0	0.0	0.0	0.0	0.0	0.0	0.0	0.0	0.0	0.0	0.0	0.0	0.0	0.0	0.0	0.0	0.0	0.0	0.0	0.0	0.0	0.0	0.0	0.0	0.0	0.0	0.0	0.0	0.0	0.0	0.0	0.0	0.0	0.0	0.0	0.0	0.0	0.0	0.0	0.0	0.0	0.0	0.0	0.0	0.0	0.0	0.0	0.0	0.0	0.0	0.0	0.0
54807.51875274212	32.21922464385716	3003864111.8321795	1038.0784366513326	67481.6240703125	122.28283447264404	4553769587.166979	14953.091606664058	55287.243596621134	6.56540324287198	3056679304.5121245	43.10451974151391	55451.98533390818	54431.93430778206	1.062511	24.340935	0.0556156600000001	0.0308228	-0.0004937518	0.0048467275	-0.0101883672	0.0097018314	0.0362587376	0.0011312289	-0.0183811797	0.0680823228	-0.0030907067	-0.0238001214	-0.0255929531	0.0152099708	-0.0121746295	0.0031494202	-0.019662905	-0.0134929567	-0.0234589539	0.0113506829	-0.0117859431	0.016993948	0.0420627322	-0.0677711499	-0.0277374686	0.0447270442	0.019486328	0.0367006377	-0.0043597156	0.0367283888	0.0274146066	0.0270233082	-0.0112006742	0.0349174287	-0.0515408179	-0.0049931935	0.0163448154	0.0337419772	0.0298565434	-0.0429974585	0.01991596	-0.028871614	0.0261050423	-0.0504658185	0.0118794429	0.0332423929	-0.0156755075	-0.0238739711	-0.0168794806	-0.0113344231	-0.0177635125	-0.042001729	0.0417259374	-0.0054253942	-0.0415542641	0.0343020859	-0.0186109447	-0.0167128941	-0.0506296558	0.0304918788	0.0505511131	-0.0769101191	-0.0688062449	-0.0158831963	0.02724297	0.0461334786	0.0117674956	-0.0495500302	-0.0153657295	-0.0260128556	0.0591020517	-0.0028118186	0.0067932193	-0.0199247924	-0.0130968106	-0.0616256532	-0.0294168243	-0.0131972745	0.0388825047	0.0178476935	0.0926166665	-0.0649780849	0.0282213848	0.0117330148	-0.0340194193	0.0401640376	-0.0634221851	0.0460786824	-0.0354882077	0.0257591906	-0.0058172343	0.0015567759	0.0515541513	-0.0663269139	0.0284903633	0.0085074178	-0.036881078	-0.0218215259	0.0447116015	-0.0774565787	0.0323589499	-0.0147325129	-0.0649666189	0.0492099294	0.0213972923	0.0512586621	-0.0377979058	-0.0127433219	0.049517935	0.037179671	-0.0220645194	0.0298448478	-0.0066076103	-0.0490718984	0.0114568875	0.0070955942	-0.0117226593	-0.0443299184	0.0685065227	0.0307054212	0.0434412082	0.0013530298	-0.0351386457	0.0049473472	0.0269846906	0.0282093838	0.0294865872	-0.0186117617	0.0267869292	-0.0483775405	-0.0029497614	0.0141715269	0.032139874	-0.0299804331	-0.0438773285	0.0194381486	0.0379902855	-0.0249420337	0.0539917948	0.0231031121	0.001511933	0.0215180129	0.0236094372	0.0171035606	-0.0067897293	0.023898588	0.0501726189	-0.028133798	0.0438975734	0.0136993486	0.0054049603	0.0457893518	-0.004037888	0.0267380505	0.0554793631	0.0501323206	0.0920937715	0.0396960943	-0.0142975835	-0.0360457581	-0.0367976121	0.004902133	0.0466455015	0.0288516329	0.0136880611	-0.068654775	-0.0040984859	-0.0078396067	0.023728048	0.0103576488	-0.0614687803	-0.0246709435	-0.0109461731	0.0303721345	-0.0122330838	0.0852109371	0.0294295267	0.0595374664	-0.0468226744	-0.0282574127	0.0076334197	-0.0826372268	0.051654607	-0.0286653264	0.0032094868	0.029278528	0.0481978082	0.0302777828	-0.0342141281	-0.0038938993	0.0169524572	0.058669514	-0.0183866677	0.0436596699	0.0992881999	0.0022747477	0.0369086479	0.0144088217	-0.0226253109	-0.0631510074	0.0058195896	-0.0375771615	0.0175587382	0.0705355417	-0.0294138684	-0.0005319366	-0.0366439476	-0.0347422065	-0.0179068191	-0.0081657509	0.0017994837	-0.0117642059	0.028302429	-0.0025426791	-0.011977202	-0.0078992591	-0.0467665736	0.011724164	-0.0007967426	0.0040322389	0.0056804207	0.0415274759	0.0734955344	0.015127603	-0.0103262009	-0.0519578142	-0.0334730206	-0.0255936387	-0.0037894642	-0.012094544	0.0169237747	0.0129795223	-0.0075066785	0.0323164015	-0.0085338634	-0.045995879	0.0245649379	0.0374341914	-0.037611983	-0.02432518	0.0460901072	0.0082612638	-0.048969429	0.0088061905	0.0459001824	-0.0248039116	-0.0372552045	0.0377885739	0.0240846454	-0.0461828639	-0.0079884006	0.0489670838	-0.0090782364	-0.0458030203	0.0250420933	0.0370750283	-0.0379639583	-0.0238433419	0.0462741461	0.00200336	0.01268066	0.0001607991380356	4.0134512896e-06	-2.64742	0.0175200000000002	7.008832656399999	0.0003069504	-0.251895	-0.0021799999999999	4.752399999999945e-06	0.0634510910249999	-0.0089163	0.0003771899999999	7.950040569000001e-05	1.422722960999996e-07	0.0009043	-3.4489999999999976e-05	8.1775849e-07	1.1895600999999984e-09	0.00117363	5.301999999999998e-05	1.3774073768999998e-06	2.811120399999997e-09	0.0	0.0	0.0	0.0	0.0	0.0	0.0	0.0	0.0	0.0	0.0	0.0	0.0	0.0	0.0	0.0	0.0	0.0	0.0	0.0	0.0	0.0	0.0	0.0	0.0	0.0	0.0	0.0	0.0	0.0	0.0	0.0	0.0	0.0	0.0	0.0	0.0	0.0	0.0	0.0	0.0	0.0	0.0	0.0	0.0	0.0	0.0	0.0	0.0	0.0	0.0	0.0	0.0	0.0	0.0	0.0	0.0	0.0	0.0	0.0	0.0	0.0	0.0	0.0	0.0	0.0	0.0	0.0	0.0	0.0	0.0	0.0	0.0	0.0	0.0	0.0	0.0	0.0	0.0	0.0	0.0	0.0	0.0	0.0	0.0	0.0	0.0	0.0	0.0	0.0	0.0	0.0	0.0	0.0	0.0	0.0	0.0	0.0	0.0	0.0	0.0	0.0	0.0	0.0	0.0	0.0
54919.48161252683	111.96285978471133	3016149460.588673	12535.681971170929	68132.63055664062	651.0064863281295	4642055346.567679	423809.44524129713	55321.25580837464	34.01221175350656	3060441344.215625	1156.83054836537	55471.97822943923	54956.90244616224	1.01535	23.260527	0.0500060700000002	0.0299993	-0.0001634144	-0.0010553935	-0.0149932288	0.0016890559	0.0534184867	-0.0195420356	-0.0434944041	-0.0276235167	0.0323105611	0.0500733289	-0.0181762043	-0.0004935071	-0.0099702653	0.0090652365	-0.0078996081	-0.0252366341	0.0015952827	0.0394235357	-0.0012626746	-0.0326527418	0.0181909602	0.0449366484	-0.0152108063	0.0213744368	0.0645616654	-0.0052978131	0.0227649979	0.0189900665	-0.0317900932	-0.0533691826	-0.00442181	-0.0362563727	0.0252010046	-0.0055732957	-0.0110341163	-0.0369618301	0.0214538094	-0.0140297554	-0.0125000033	-0.0124018706	-0.046223895	0.0135182284	-0.0579263813	-0.0350311645	0.0167242941	0.0361072788	-0.0346064021	-0.0279098031	-0.0066552676	-0.0416865913	-0.0179806457	-0.0383435238	0.0003057929	-0.0263574601	-0.0117432252	0.0622764906	-0.0012725872	-0.0055664711	0.0620927698	0.0268229348	0.0169173771	-0.0364607818	0.0083255953	-0.0018519717	0.0379610978	-0.0034090696	0.0295465797	-0.0629672637	0.0381167322	0.0259861864	-0.0129718	0.03765608	0.0091029889	0.0578320928	-0.0064461002	0.01545419	0.0160974529	0.0053747722	0.0205487571	0.0587844051	-0.0376904407	0.0492282109	0.0190107514	-0.0024122646	-0.055491903	0.0027432547	-0.0026526012	0.0340221139	-0.0171086244	-0.0598173038	-0.0524362284	-0.0500523565	-0.0045947343	0.0238188952	-0.0429491923	-0.0701073235	0.0541016571	0.0147589364	-0.0033235461	-0.0012434191	-0.0192932956	0.0357218246	0.0225704096	-0.0039088039	0.0208089098	0.007654947	-0.0769057667	-0.0052324322	-0.0083518778	-0.0109060023	0.0247327482	0.0200868054	0.0411819753	-0.0021768389	0.032865952	-0.0167723824	-0.0461690008	0.0247947274	0.0401129977	-0.0492697916	0.0043777141	-0.0170995349	0.0271109879	-0.0322518168	-0.0483714647	0.0095986882	-0.033238526	0.0316714985	-0.0034732041	-0.0117092933	-0.0379972875	-0.0207751816	-0.0175253078	-0.0160507422	0.01099963	0.0384288308	-0.019474021	-0.045049594	-0.0496437059	-0.0262411096	-0.0325980039	0.0203178608	0.0369573641	0.0190862373	0.0377974435	0.0164045491	-0.000738945	-0.045254165	-0.0314956295	0.010401811	-0.0538607607	-0.0257151396	-0.0077603774	0.0604977703	-0.0387593423	-0.0044934121	0.0139052012	-0.0230789785	-0.0150237907	0.0276565227	0.0091072536	-0.0493527178	0.0437964348	-0.0402583728	0.0063223277	0.0044553878	-0.0340222472	-0.0122353743	0.0641186326	-0.0145048554	-0.0063995186	0.0229817983	-0.0006868255	-0.0102277854	0.0383786378	0.010908579	0.0654745819	0.0259437283	-0.0002542212	-0.0514320185	-0.0015849196	-0.0162038486	-0.0495559369	-0.0386243457	-0.0058002561	-0.0343157054	-0.0708960367	0.0217729278	0.0253006776	0.0496774299	-0.0455863201	0.0766278038	-0.0048441683	0.0342857302	0.00346921	-0.0053280629	-0.0259203444	-0.0107012068	-0.0085453132	0.01402858	0.0049061011	-0.0731330747	-0.0262606888	0.004826543	0.0100780764	0.0361065547	-0.0136601838	0.007061879	0.0043483872	-0.0209683827	0.0314601901	-0.0056889722	-0.0232954599	-0.0165146748	-0.0321797951	0.0082606927	0.0103102938	0.054802383	-0.0474096147	0.0435571523	0.0595911434	-0.0122625176	-0.0228771254	0.0463451197	-0.031540264	0.0024569148	-0.0139913596	-0.0132326979	0.0222349517	0.0297048804	-0.0088953869	0.0588385742	-0.0087154456	-0.0458679577	0.0250420933	0.0369542528	-0.0381959179	-0.023358459	0.046510335	0.0068031578	-0.0489319113	0.0106141007	0.0451538342	-0.026686557	-0.0356547843	0.0393778372	0.0216382877	-0.0470799613	-0.0048802286	0.0488170731	-0.0124961534	-0.0443690814	0.0282892778	0.0342995449	-0.0404981621	-0.0198842699	0.0475759455	0.00210433	0.00010097	1.0194940900000029e-08	4.4282047489000005e-06	-2.6655	-0.0180800000000003	7.104890250000001	0.0003268864	-0.2487	0.0031949999999999	1.0208024999999844e-05	0.06185169	-0.00886716	4.91399999999996e-05	7.862652646560001e-05	2.414739599999961e-09	0.000434488	-0.000469812	1.88779822144e-07	2.20723315344e-07	0.00111998	-5.364999999999992e-05	1.2543552004e-06	2.8783224999999917e-09	0.0	0.0	0.0	0.0	0.0	0.0	0.0	0.0	0.0	0.0	0.0	0.0	0.0	0.0	0.0	0.0	0.0	0.0	0.0	0.0	0.0	0.0	0.0	0.0	0.0	0.0	0.0	0.0	0.0	0.0	0.0	0.0	0.0	0.0	0.0	0.0	0.0	0.0	0.0	0.0	0.0	0.0	0.0	0.0	0.0	0.0	0.0	0.0	0.0	0.0	0.0	0.0	0.0	0.0	0.0	0.0	0.0	0.0	0.0	0.0	0.0	0.0	0.0	0.0	0.0	0.0	0.0	0.0	0.0	0.0	0.0	0.0	0.0	0.0	0.0	0.0	0.0	0.0	0.0	0.0	0.0	0.0	0.0	0.0	0.0	0.0	0.0	0.0	0.0	0.0	0.0	0.0	0.0	0.0	0.0	0.0	0.0	0.0	0.0	0.0	0.0	0.0	0.0	0.0	0.0	0.0
54783.73144653959	-135.75016598724324	3001257231.2065706	18428.10756556409	67119.49845166015	-1013.1321049804684	4505027072.40241	1026436.6621421546	55220.16532806456	-101.09048031007842	3049266658.858784	10219.285209322352	55376.89024589677	54301.87630123783	1.015135	23.255604	0.0300347599999996	0.0150461	7.25094e-05	0.0054994527	-0.0094968668	-0.000342975	0.0377887497	-0.0182913773	-0.015623324	-0.0003121667	-0.0027562892	-0.0710101929	0.0021233544	0.0286487906	-0.0148993227	0.0275682469	0.0285136236	-0.0035175679	-0.0048643758	0.0534822604	-0.0112794679	-0.019283504	0.0417427322	-0.0459019944	-0.0201185561	0.020437065	0.0168590201	-0.0161423458	0.0402785922	0.0051834598	-0.0201992147	-0.0222386172	-0.0483766738	-0.0241394689	-0.058104187	-0.0047604085	-0.0326420118	0.0319683756	0.0452800877	-0.0336410672	0.0194994394	0.0044106432	0.019643	-0.0275421615	0.0180516849	-0.0084809394	0.0467050948	0.019236203	-0.0128651232	0.0193055498	-0.0879516078	-0.0072418765	-0.0051185374	-0.0058132159	0.0374321357	-0.0060761943	0.02541819	0.0480612461	0.037861069	0.0257050119	0.0742186434	0.0260393138	-0.0250380081	-0.0043112589	-0.0039137944	0.0353826547	-0.0084233553	0.0618234884	-0.0533231131	-0.0278649432	0.0176033075	0.0514965861	0.0055380145	-0.0659114151	0.0539625024	-0.0087730475	-0.0171854804	-0.0435692699	0.0007323499	0.0724423658	-0.0310617565	0.0367544538	-0.0153204109	0.061419252	-0.0114062777	0.0384328132	0.0100014799	-0.0033090256	-0.0007272822	0.0054661897	-0.1058229777	-0.0315360295	0.0395042746	0.0033311967	0.013523013	0.0033237567	-0.0314283094	-0.031760103	-0.0480603997	0.0740220952	-0.0150480204	-0.06018781	0.0081143002	-0.0082479404	-0.0793692341	0.0098258941	0.0349194473	-0.0256526555	0.0136467828	-0.0182969118	0.0334089729	0.0122616661	0.0327353447	0.0203877002	0.054315284	0.0056363077	0.020074514	-0.04198505	0.044823238	0.023144683	0.0199633423	-0.0063847213	0.0154264813	-0.0369534533	0.0097330336	-0.0218966189	-0.0276445973	-0.0385651077	-0.0331235531	-0.049326875	-0.0036821397	-0.0318315457	0.0260264295	-0.0434959194	-0.039950942	0.0309594153	-0.0066350498	-0.021534793	0.0323745302	-0.0187168571	0.0218043933	-0.0450542749	-0.009848823	0.0118920505	-0.033614673	0.0903726102	0.0016622523	-0.0002662225	-0.01242109	-0.0159168139	0.0114852227	-0.0266227613	-0.0167248962	-0.0189618983	-0.0453643497	0.084915704	-0.0167305669	0.0378906834	-0.0071466729	-0.0061902618	-0.02566495	-0.0081447956	-0.0628924808	0.0304260069	0.0383566051	0.0031191634	0.0482076976	-0.0176346384	0.0494416389	0.0638004661	0.0078939476	-0.020030725	-0.0346507565	-0.0095701309	-0.0614884802	-0.048146908	0.0382167662	0.0277311786	0.0475549201	-0.0220414956	0.0475310085	-0.0053119833	0.0085331091	-0.0224135203	0.0027837212	-0.0715127412	0.0885102901	0.0291443051	0.0059008672	-0.007195596	-0.0076672219	0.0198458027	-0.0460531687	-0.0280906084	-0.0979886898	0.0166785655	-0.0047404251	0.0469466215	0.0140125765	0.0065835307	0.0771185938	0.0304400687	0.0294277653	0.0042039348	0.0257695569	0.0104004608	-0.0160251722	0.0142955197	-0.0241591076	-0.0125028593	0.0013647437	-0.0173890516	0.0326204623	0.0033067396	-0.0292087576	-0.0008542313	-0.0565017999	0.0317556649	0.0220142655	0.0042079118	0.0081876239	0.0226768302	0.0676810335	-0.0362357968	-0.0212757393	-0.0356112783	-0.0003747229	-0.0271322525	0.0002706566	-0.002391487	0.0059462378	0.0418854665	-0.0271468563	0.0439803656	-0.0088969041	-0.045737433	0.0255160508	0.0364659247	-0.0387663036	-0.0223798066	0.0468982266	0.0053388741	-0.0488381591	0.0124069519	0.044329971	-0.0285146833	-0.03396888	0.0408576104	0.019122865	-0.0478060917	-0.0017520508	0.0484427166	-0.0158500872	-0.0426834313	0.0313595323	0.0312886365	-0.0427285664	-0.0157627911	0.0484561318	0.00189582	-0.00020851	4.347642010000004e-08	3.5941334724e-06	-2.67154	-0.0060399999999996	7.137125971599999	3.648159999999518e-05	-0.258567	-0.0098669999999999	9.735768899999974e-05	0.066856893489	-0.0088293599999999	3.780000000009991e-05	7.795759800959825e-05	1.428840000007553e-09	0.000524933	9.044499999999998e-05	2.75554654489e-07	8.180298024999996e-09	0.00127012	0.00015014	1.6132048144e-06	2.25420196e-08	0.0	0.0	0.0	0.0	0.0	0.0	0.0	0.0	0.0	0.0	0.0	0.0	0.0	0.0	0.0	0.0	0.0	0.0	0.0	0.0	0.0	0.0	0.0	0.0	0.0	0.0	0.0	0.0	0.0	0.0	0.0	0.0	0.0	0.0	0.0	0.0	0.0	0.0	0.0	0.0	0.0	0.0	0.0	0.0	0.0	0.0	0.0	0.0	0.0	0.0	0.0	0.0	0.0	0.0	0.0	0.0	0.0	0.0	0.0	0.0	0.0	0.0	0.0	0.0	0.0	0.0	0.0	0.0	0.0	0.0	0.0	0.0	0.0	0.0	0.0	0.0	0.0	0.0	0.0	0.0	0.0	0.0	0.0	0.0	0.0	0.0	0.0	0.0	0.0	0.0	0.0	0.0	0.0	0.0	0.0	0.0	0.0	0.0	0.0	0.0	0.0	0.0	0.0	0.0	0.0	0.0
54971.84259079145	188.1111442518595	3021903477.8267527	35385.8025917439	68243.83799804687	1124.33954638672	4657221424.703667	1264139.4155690954	55452.93248307544	232.76715501087887	3075027720.972523	54180.548451858536	55594.41696152474	55143.1540217412	1.367625	31.330734	0.1878929900000002	0.114429	0.0027868693	-0.0135637803	0.0039237903	0.0255345053	0.0483528436	-0.0174564221	-0.0668961288	0.0153693725	0.0870972111	0.0623892971	-0.0130888824	-0.0850411288	0.0350217359	0.072252243	-0.0255083672	-0.0549429039	0.0298020268	0.0495144406	0.0594542341	-0.0399595434	0.0118110503	0.0376324121	0.0064806444	0.1306163602	0.0540910185	-0.0531553083	0.041842421	-0.01874103	-0.0127484648	0.0652330615	-0.0572749282	-0.0689305636	0.0114558378	0.0469019176	0.0234190483	-0.0333157384	0.0270357875	-0.0086506415	-0.0374715637	0.0031118186	0.0331634139	-0.0281904511	0.033404469	-0.0243546887	-0.0078801616	0.0303604902	0.0245774032	0.0221835254	0.0198727299	-0.0404573486	-0.0429637789	-0.0146600753	-0.027814217	-0.017862913	0.0178290277	-0.0623850992	0.0144983692	-0.0047781671	-0.024186057	-0.0208945181	0.0213197551	-0.0486816925	0.0126236316	-0.0158113126	-0.0457364078	-0.0166019879	-0.0561588557	0.0411447068	-0.0067006215	-0.0152521857	-0.0022516486	0.119851876	0.03373666	-0.0442827899	-0.0202266659	0.0230600794	-0.0075158614	-0.0575932661	-0.0344881173	0.0194187412	0.0504367316	0.0253194789	-0.0554603486	-0.0189043132	-0.0421435005	-0.0123048851	-0.0591471609	0.0399832392	0.0444335025	-0.0091415495	-0.0276819887	0.0329498785	-0.0187245644	0.0500997101	0.0226545454	-0.0159110786	0.0129856827	0.005106864	0.0889993582	-0.0372608133	-0.0800085385	-0.0596563305	0.0585950622	0.0188256323	-0.0199813603	-0.0156961097	0.0029563863	0.0287831033	-0.0034983043	0.0672333022	0.0286603179	0.0055040565	0.0502337656	-0.0626471828	0.0413694291	-0.0080236153	-0.0420165305	0.009769973	0.139401217	-0.0028591826	0.0593092584	-0.0303190586	-0.0198212645	-0.0333070272	0.0621767893	-0.052700238	-0.0730237604	0.0176797294	0.0503824821	0.0184821371	-0.0325603713	-0.0281547612	-0.0013735981	-0.0356544607	-0.0122262036	-0.0345818227	0.0288121202	-0.001932596	0.0292510066	0.0098513805	-0.0469150374	-0.0170675334	-0.0313281136	-0.0185252218	0.0412723485	0.0506123699	0.0065962562	-0.0017959505	-0.017577303	-0.0175452704	0.0242984863	0.0342208069	-0.0031374939	-0.0292422008	0.0050470547	-0.040822279	0.0536649564	-0.0370343663	0.0064105433	-0.0369342375	0.0105762631	0.0721324603	-0.0212501828	0.0064349769	-0.0017974139	-0.0237752303	-0.1240027825	0.0074715745	-0.0262967816	-0.0117846936	0.0496758669	-0.0029379135	0.0612580518	-0.0564575058	-0.0209298073	0.0366004786	-0.0130502531	-0.0368478435	-0.0520284109	-0.0336808034	-0.0131374956	-0.0457261552	-0.0190474139	0.0504847348	-0.0210819599	-0.0283801752	0.0172854672	0.0549782673	0.0146079429	-0.023627883	-0.0529733423	0.005637177	0.0627405293	0.0801469475	0.0206950976	0.0509335292	0.0601511941	0.0156192235	-0.0342293484	-0.008948947	0.010473945	0.021007929	-0.0214713761	-0.009936797	-0.0672645592	0.0198640364	-0.0252728792	0.0070174815	0.0108964988	-0.0665216093	0.023456169	-0.019455853	-0.0492864895	-0.0772960098	0.0519770651	0.0007603287	-0.018434001	0.0790442219	-0.050632864	0.0159138703	0.0243395034	-0.018459507	-0.0516679778	0.0134222595	0.0171695131	-0.025936152	-0.016155904	-0.0276732619	-0.025382369	0.0269435873	0.0554554095	0.0769016158	-0.0090782364	-0.0456043123	0.0259867497	0.0359693177	-0.0393229378	-0.0213897225	0.0472535125	0.0038697424	-0.0486882801	0.0141822002	0.0434300072	-0.0302845558	-0.0322015336	0.0422237789	0.0165464061	-0.0483586182	0.0013833093	0.0478457346	-0.019122865	-0.0407556328	0.0342336544	0.0280629691	-0.0446384398	-0.0115125682	0.0489069049	0.00180963	-8.61900000000001e-05	7.428716100000016e-09	3.2747607369e-06	-2.75014	-0.0786000000000002	7.5632700196	0.00617796	-0.188191	0.070376	0.0049527813759999	0.035415852481	-0.00929426	-0.0004649	8.63832689476e-05	2.1613201000009265e-07	0.000826649	0.000301716	6.833485692010001e-07	9.103254465600002e-08	0.00126012	-1.0000000000000026e-05	1.5879024144e-06	1.0000000000000052e-10	0.0	0.0	0.0	0.0	0.0	0.0	0.0	0.0	0.0	0.0	0.0	0.0	0.0	0.0	0.0	0.0	0.0	0.0	0.0	0.0	0.0	0.0	0.0	0.0	0.0	0.0	0.0	0.0	0.0	0.0	0.0	0.0	0.0	0.0	0.0	0.0	0.0	0.0	0.0	0.0	0.0	0.0	0.0	0.0	0.0	0.0	0.0	0.0	0.0	0.0	0.0	0.0	0.0	0.0	0.0	0.0	0.0	0.0	0.0	0.0	0.0	0.0	0.0	0.0	0.0	0.0	0.0	0.0	0.0	0.0	0.0	0.0	0.0	0.0	0.0	0.0	0.0	0.0	0.0	0.0	0.0	0.0	0.0	0.0	0.0	0.0	0.0	0.0	0.0	0.0	0.0	0.0	0.0	0.0	0.0	0.0	0.0	0.0	0.0	0.0	0.0	0.0	0.0	0.0	0.0	0.0
54916.315367412426	-55.52722337902378	3015801693.533098	3083.2725361840053	67507.31406103515	-736.5239370117197	4557237451.735234	542467.5097912436	55384.93911123368	-67.99337184175965	3067491480.3550625	4623.098614411794	55539.467848700646	48964.39749359527	3.376644	77.35510999999998	0.9047327799999998	0.537658	0.1031471975	-0.2323672238	0.2236201592	0.1253516651	0.1312205055	0.0929351247	-0.0840226148	0.0049344656	0.0505504109	0.0185479555	0.0297380928	0.0388924147	0.0643673084	0.4017594904	0.0041155124	-0.0188355126	-0.1104713926	0.0506998244	0.221008799	-0.0319270762	-0.1467809638	0.0375474114	0.0205350586	-0.0162292952	0.0164308446	0.0059439003	0.0025445596	0.1345400681	0.1265631722	-0.0379149304	-0.1357725457	-0.0439216745	0.0027841143	-0.0022949015	-0.0830086745	0.0067304253	0.0379503817	0.1469590874	0.0581309124	-0.0251714895	-0.03063742	0.0981578198	-0.0047754729	0.0852413959	-0.0168837146	0.0249055709	0.0003639242	0.0380999993	-0.028922849	-0.0333908244	0.0534933953	0.0107891538	0.0052973829	-0.0097467295	-0.0559886293	0.0025292584	-0.0154296583	0.0346127531	-0.0964419098	-0.0094932192	-0.0852704973	0.0244896893	0.0235360875	0.0460055334	0.0162785933	-0.0034452534	0.0790438664	-0.0446926397	-0.0538589102	0.0384062236	0.0610703332	-0.0009458902	0.0149617506	0.0744568362	0.0489598382	-0.0672794758	-0.0166434756	-0.0447686089	-0.0603299102	-0.0388206326	0.0065771504	0.0287409607	0.0437008475	0.0165611615	-0.0406983729	0.051539359	0.054113959	0.0487415672	-0.0687612998	-0.0460043254	-0.0160006295	-0.0064141804	-0.0261820828	0.0153888503	0.0304818655	0.0576537998	0.0988259551	0.0067331063	-0.0190361141	-0.0263270013	0.0206800776	0.0286478639	0.0224705593	-0.1171087581	0.0241236173	-0.0498819705	0.0181647103	-0.0261941032	0.0254969251	0.0178637215	0.0531572394	-0.0169465487	0.0444058391	-0.2205868944	0.0173770884	0.1569790214	-0.0435025765	-0.0105893201	0.0045148698	-0.0271870291	-0.0190863976	-0.0242773297	0.128694687	0.1471869652	-0.0443190589	-0.1245019267	-0.077418971	0.0054709594	-0.0063820518	-0.0761751808	0.0127162337	-0.0528393664	0.144146499	0.0552499211	0.0365426979	0.0410546311	-0.1074566866	0.0787237106	-0.008819638	0.0022662781	0.0006315894	0.0160724354	-0.0238678975	0.0277477353	0.0141461036	-0.0619321547	0.0114449694	0.0134768403	-0.0181250022	0.0181406323	0.0350135116	-0.0764118051	0.0351669634	-0.0729222339	0.0376179762	0.0682061815	-0.0590889753	-0.0150976553	-0.0400314077	0.0009062903	0.0016164748	-0.0894873243	0.0059457125	0.0310273362	-0.0062232337	-0.0671883121	0.0113907761	-0.0113996547	0.0649142171	0.0462725663	-0.0629426325	-0.0385444174	-0.0042909467	-0.0371925944	-0.0862342156	0.0240531728	0.0175611008	0.0284103275	0.0085911939	-0.0542551465	0.0648022314	0.0368219617	-0.0643905412	-0.0771254894	0.0428293784	-0.0060702314	-0.0249938937	-0.0129928737	0.0192275869	-0.0221704879	0.0855733372	0.034318335	-0.0080335569	0.0326732259	-0.0084255853	0.0412590898	-0.0832819003	0.1224471	-0.0493755579	0.0082785306	0.0126425899	-0.0194321174	0.0161956937	-0.0222257079	-0.0270550917	-0.0059764535	-0.0401759789	0.0324531267	0.050832855	-0.2725959319	0.0917345415	0.0181075608	-0.238166697	-0.1024923201	0.0463580118	0.055060826	-0.0809436458	-0.1037334227	-0.0456549023	-0.2017592448	-0.2252877913	-0.0325849396	-0.013284023	0.0182308426	0.1699794037	-0.0474665499	-0.0069887411	-0.0783787916	-0.0877585132	-0.0018735342	0.0041811257	-0.0140639396	-0.0092594399	-0.0454686032	0.02645413	0.0354645447	-0.039865623	-0.0203887125	0.0475759455	0.0023970967	-0.0484824465	0.0159373271	0.0424554877	-0.0319925587	-0.0303569825	0.0434725442	0.0139171345	-0.0487355344	0.0045129987	0.0470288708	-0.0222977292	-0.0385966226	0.0368936684	0.0246446833	-0.0462134553	-0.0071683153	0.04892427	-0.0209931	-0.02280273	0.0005199644954529	0.00044071024761	-3.0294	-0.2792599999999998	9.17726436	0.0779861475999999	0.183198	0.3713889999999999	0.1379297893209999	0.033561507204	-0.012607	-0.0033127399999999	0.000158936449	1.0974246307599998e-05	0.00201822	0.0011915709999999	4.073211968399999e-06	1.4198414480409995e-06	0.00113881	-0.0001213099999999	1.2968882161e-06	1.4716116099999978e-08	0.0	0.0	0.0	0.0	0.0	0.0	0.0	0.0	0.0	0.0	0.0	0.0	0.0	0.0	0.0	0.0	0.0	0.0	0.0	0.0	0.0	0.0	0.0	0.0	0.0	0.0	0.0	0.0	0.0	0.0	0.0	0.0	0.0	0.0	0.0	0.0	0.0	0.0	0.0	0.0	0.0	0.0	0.0	0.0	0.0	0.0	0.0	0.0	0.0	0.0	0.0	0.0	0.0	0.0	0.0	0.0	0.0	0.0	0.0	0.0	0.0	0.0	0.0	0.0	0.0	0.0	0.0	0.0	0.0	0.0	0.0	0.0	0.0	0.0	0.0	0.0	0.0	0.0	0.0	0.0	0.0	0.0	0.0	0.0	0.0	0.0	0.0	0.0	0.0	0.0	1.0	0.0	0.0	0.0	0.0	0.0	0.0	0.0	0.0	0.0	0.0	0.0	0.0	0.0	0.0	0.0
54923.26428521735	6.948917804926168	3016564959.743832	48.28745865961992	67212.76556616211	-294.54849487304455	4517555855.051868	86758.81583197595	55365.79401331298	-19.14509792070021	3065371146.724604	366.5347743931995	55525.91753203794	56125.03592925629	3.462762	79.32795699999998	0.7696005999999996	0.456628	-0.0069720106	-0.0118132369	0.0134421462	0.0392446651	0.0762348327	-0.0386106089	-0.0325466651	0.0103323876	-0.0492821604	0.0055783777	-0.1374301337	0.1536199048	-0.0511116295	0.0940237206	-0.003317913	0.0702782097	-0.0553054371	0.0583396915	0.0747586231	-0.0317535859	-0.0110347718	-0.0388001272	-0.1392673557	-0.0921179854	-0.0915318267	0.0524629247	-1.34795e-05	0.082810089	-0.009311448	0.0538647031	0.0225903215	-0.0260812196	-0.0582320822	0.0399190663	-0.0200590718	0.0263581675	-0.0269513949	0.022346522	-0.0110763276	-0.0305668348	0.0375167227	0.0284737549	-0.0527414519	-0.0138150944	0.1100327769	-0.00517432	0.0238887061	-0.0276022702	-0.062410168	-0.0240568955	-0.0373910084	0.0188489185	-0.0437989526	0.0457168245	-0.0075563715	-0.0062563144	0.050193452	0.0760032358	-0.039415343	-0.0217035703	0.0166478287	0.0298298425	-0.0799329094	-0.0154666401	0.0207290413	-0.020713182	-0.0028198072	-0.0502845342	-0.0428062651	-0.0419236502	-0.011193184	-0.0474135364	-0.0408041513	0.0493574426	-0.0713163183	0.0410740726	0.0778647427	-0.0237673614	-0.0278570083	-0.0092030171	0.0661483191	0.0476651568	-0.0109840665	-0.0543650832	-0.0062804538	0.0064865303	0.0684824741	-0.0029422706	0.0060607913	0.0363870968	-0.0084479989	-0.0075751685	0.0439204083	-0.0210498231	-0.005449173	0.0588700599	0.0454913897	0.0452367837	0.0022380153	0.0067270134	0.0226361621	0.02974096	-0.0246952893	0.0395194825	-0.017857458	-0.0164351936	-0.0255225188	0.0441049761	-0.0161880978	-0.0088867392	0.0400826468	0.0014142841	0.0564752933	-0.0767805746	0.0264574719	0.01494791	0.0367475692	0.1183398135	-0.1291539614	0.0676484718	-0.0602925839	-0.0097716028	0.0843149559	0.0048903333	0.0573051667	0.0228019997	-0.0267336307	-0.0658424998	0.0362074365	-0.0215447531	0.0269205972	0.0268820523	0.028585695	-0.0046987768	0.0196780716	-0.0451087106	-0.0428768253	-0.0213328005	-0.0431212875	-0.1096837743	0.0110247185	-0.0403214786	-0.0002638944	0.0298000508	0.0433244275	0.050959371	0.0221503754	0.0729458293	0.045839819	0.0248646277	0.0492602985	-0.0598100842	-0.0263175867	0.0019886069	0.0399751814	-0.008307151	0.0284501654	0.0795851584	0.0107721839	0.0135194972	0.0115670541	-0.0313197275	0.0569864848	0.0364761804	-0.0496116108	0.0260776439	0.0611873431	-0.0312175173	0.0249187144	-0.0740984622	0.0217646176	0.0744323802	0.0148074637	-0.0456014206	-0.0437198732	0.0494852723	-0.0208903617	0.0204534834	-0.0669774208	-0.0077385947	-0.0081377239	0.055460841	0.0240096779	-0.0049633267	0.0124575813	0.0010043985	-0.0002500862	0.0208158752	-0.0365761813	0.0115915087	0.0668844953	0.0003831661	0.0041565964	0.0528513538	-0.0278974539	-0.0206468961	-0.0148852613	-0.0640308381	0.0140157407	-0.0310956323	0.0122882086	-0.0272069977	-0.0087766344	0.0425572302	0.0242618071	0.0146936968	-0.0295443176	-0.0173754904	0.015253874	-0.1119249432	0.0184149721	0.022116258	-0.0949197617	0.0904118479	-0.0315636439	0.0393330985	0.0613141785	-0.0933020122	-0.0060057627	-0.0490344651	-0.0102481277	0.041296213	-0.0073946181	0.0694782692	0.1351874472	-0.0502364011	-0.0066418866	-0.0095032513	-0.057664584	-0.0389076338	0.0080257573	-0.0828605141	-0.009440512	-0.0453303135	0.026918132	0.0349517203	-0.0403941669	-0.019377288	0.0478653016	0.0009222743	-0.048220895	0.0176698424	0.0414080854	-0.0336352026	-0.028439649	0.044600434	0.0112434423	-0.0489354716	0.0076241876	0.045995879	-0.025358424	-0.036218649	0.0393229378	0.0210572413	-0.0474417976	-0.0027655145	0.0485080733	-0.0287113	-0.0077181999999999	5.957061123999997e-05	0.00082433874769	-2.80331	0.2260899999999996	7.858546956100001	0.0511166880999998	-0.152178	-0.335376	0.112477061376	0.023158143684	-0.0102683	0.0023387	0.0001054379848899	5.469517690000004e-06	0.0007569649999999	-0.0012612550000001	5.729960112248486e-07	1.590764175025252e-06	0.000730437	-0.000408373	5.33538210969e-07	1.6676850712900006e-07	0.0	0.0	0.0	0.0	0.0	0.0	0.0	0.0	0.0	0.0	0.0	0.0	0.0	0.0	0.0	0.0	0.0	0.0	0.0	0.0	0.0	0.0	0.0	0.0	0.0	0.0	0.0	0.0	0.0	0.0	0.0	0.0	0.0	0.0	0.0	0.0	0.0	0.0	0.0	0.0	0.0	0.0	0.0	0.0	0.0	0.0	0.0	0.0	0.0	0.0	0.0	0.0	0.0	0.0	0.0	0.0	0.0	0.0	0.0	0.0	0.0	0.0	0.0	0.0	0.0	0.0	0.0	0.0	0.0	0.0	0.0	0.0	0.0	0.0	0.0	0.0	0.0	0.0	0.0	0.0	0.0	0.0	0.0	0.0	0.0	0.0	0.0	0.0	0.0	0.0	0.0	1.0	0.0	0.0	0.0	0.0	0.0	0.0	0.0	0.0	0.0	0.0	0.0	0.0	0.0	0.0
54799.48644330539	-123.77784191196406	3002983714.450011	15320.954148383167	67217.1549248047	4.389358642583829	4518145916.185196	19.26646929322536	55360.0262859647	-5.767727348284097	3064732510.3827024	33.2666787641443	55512.92511596099	55186.28049395673	1.551177	35.535717	0.2592319500000002	0.14597	-0.0013500856	-0.0055169933	-0.0111369084	0.0130415322	0.0384478447	-0.0413840534	-0.0099691253	-0.0009479998	0.035218421	-0.0436490987	-0.0424491494	-0.0301176331	-0.0253566147	0.0079689051	-0.0019057271	-0.0489563077	0.0075360424	0.0333434223	0.0276573696	0.029445267	0.0331013467	-0.0043542041	-0.0037475224	0.0641005008	0.0410729298	0.0161541307	-0.0023203587	0.0169593288	-0.0448242003	-0.0452467805	-0.0194781807	0.0066937361	-0.0192189369	0.0110895315	0.0019955839	0.022923658	0.0381849601	0.0503282272	-0.0628220548	0.0270480892	-0.002277657	-0.0394348864	-0.0412989106	-0.0575138583	0.0423015108	-0.0613525052	-0.023332225	-0.0040169548	-0.0545476539	-0.0374253149	-0.0466962393	-0.0317132685	-0.0079878208	-0.0365987612	-0.0010374487	0.0549721511	0.0162057521	-0.018352204	0.0070438789	0.0119431382	0.0307738788	-0.0363342167	0.006365846	-0.0077989148	0.0327337138	0.0336516736	0.0267001892	-0.0083300596	0.0817657306	-0.001853982	-0.0812932599	-0.0362458947	0.0572788118	-0.0115522324	0.0374293306	-0.0198407836	0.0279678467	-0.0043693052	-0.0356014637	0.0502016533	0.0232613536	-0.071328291	0.0267094225	0.0235665613	0.0492726891	-0.0194127853	-0.0212444585	0.0145757359	0.0242115169	-6.25938e-05	-0.0157932073	0.0113955476	-0.0081917884	0.0199563824	0.0091476628	0.02423383	-0.0108768912	0.0040658514	-0.0281204191	-0.0456189651	0.0025038938	0.0471785949	-0.0673104281	0.0173707144	0.039999336	-0.0261310302	-0.0429247473	-0.0148020111	-0.0581324682	-0.005432782	0.0676189692	0.0386736755	0.0326423492	-0.0283946428	-0.0280742674	-0.0331627916	0.0033105279	0.0114822005	0.0703640553	-0.0110620552	-0.0137957604	0.0084562806	0.0240756332	-0.0445578294	-0.0448598473	-0.0164108823	0.0039415268	-0.0121774644	0.0107100432	-0.0026930098	0.0213727921	-0.0373933729	0.0389431878	-0.0486106058	-0.0336748414	-0.0069605317	0.0493381905	-0.096929396	-0.0293609782	-0.0314573611	0.0599267353	0.0211597876	-0.0107840237	0.0447458365	0.037655163	0.0515908097	-0.0031877725	-0.0224452967	-0.0319824309	-0.0074324512	-0.0460968371	-0.035417304	-0.0290045082	0.0087974595	-0.0279475339	-0.0251956756	0.0186338345	-0.0210819703	-0.0048940101	0.0324554386	-0.0260031594	-0.0276252257	-0.0051415738	-0.0715577746	0.0330868637	0.060309918	0.0052884315	0.0933899323	0.0022960453	0.023312203	-0.0255191541	0.0187035034	0.0239912392	-0.0471765568	0.0091676858	-0.0524029506	-0.0483241603	0.0273608466	0.0456481832	0.05040021	-0.0236682076	-0.0025269617	-0.0114311609	0.0226866327	-0.0113659504	-0.0198244789	0.0013272859	0.0169203448	0.0114804799	-0.014701751	0.0069724722	-0.0143168012	-0.0175810197	-0.0058406152	0.012811305	0.0414350808	-0.0521249377	-0.0215180454	0.0549833385	0.02539321	0.0441698323	-0.0285343249	-0.0282119273	-0.0090608698	0.054260557	0.0630871581	-0.0405977768	-0.0286209124	0.0112299767	-0.0395395287	0.0017655041	-0.0028684138	-0.0101898245	-0.0027295919	0.0226981356	0.0259946764	0.0236131495	0.041512544	0.0689555486	0.0606017859	-0.0107679072	0.0162624745	-0.0022622503	-0.0149569937	0.0658720996	-0.070167488	0.0213676661	0.0354069314	0.0153495141	0.0426946975	0.0251429067	0.0412344146	-0.0096214501	-0.0451894509	0.0273786964	0.0344309608	-0.0409083818	-0.0183559655	0.0481213794	-0.0005533855	-0.047903926	0.019377288	0.0402895985	-0.0352091317	-0.02645413	0.0456043123	0.0085338634	-0.0489577037	0.0107041222	0.0447515066	-0.0282892778	-0.0336352026	0.0415062691	0.0173252667	-0.0483142525	0.0016598739	0.0476620031	-0.0318896	-0.0031782999999999	1.010159088999999e-05	0.0010169465881599	-2.72355	0.0797600000000002	7.4177246025	0.0063616576	-0.249026	-0.0968479999999999	0.0093795351039999	0.062013948676	-0.00965292	0.0006153799999999	9.31788645264e-05	3.786925443999984e-07	-0.000198307	-0.0009552719999999	3.9325666249e-08	9.125445939838088e-07	0.000748698	1.8260999999999997e-05	5.605486952040001e-07	3.334641209999997e-10	0.0	0.0	0.0	0.0	0.0	0.0	0.0	0.0	0.0	0.0	0.0	0.0	0.0	0.0	0.0	0.0	0.0	0.0	0.0	0.0	0.0	0.0	0.0	0.0	0.0	0.0	0.0	0.0	0.0	0.0	0.0	0.0	0.0	0.0	0.0	0.0	0.0	0.0	0.0	0.0	0.0	0.0	0.0	0.0	0.0	0.0	0.0	0.0	0.0	0.0	0.0	0.0	0.0	0.0	0.0	0.0	0.0	0.0	0.0	0.0	0.0	0.0	0.0	0.0	0.0	0.0	0.0	0.0	0.0	0.0	0.0	0.0	0.0	0.0	0.0	0.0	0.0	0.0	0.0	0.0	0.0	0.0	0.0	0.0	0.0	0.0	0.0	0.0	0.0	0.0	0.0	0.0	1.0	0.0	0.0	0.0	0.0	0.0	0.0	0.0	0.0	0.0	0.0	0.0	0.0	0.0
54832.91834061079	33.431897305403254	3006648933.748091	1117.6917574390293	67263.09302978516	45.93810498046514	4524323683.933533	2110.3094891962364	55350.03361868351	-9.992667281185277	3063626221.589395	99.85339939247076	55503.46933723834	54852.90396585836	1.024212	23.463533	0.1033862850000001	0.0605924	-0.0002956023	0.0096072816	-0.0112039554	0.0056595602	0.0356542317	-0.0155304832	0.0015754691	0.0104757475	-0.0320880836	0.0072687002	-0.0203310099	0.070042757	-0.0644933778	-0.0218269405	0.0230375662	-0.0250670569	0.0036622614	0.0005095358	0.022801986	0.0271053875	0.0297221239	0.0009238332	-0.0510784422	-0.0522298786	0.0347969675	-0.0389004571	-0.0176230955	0.0597842001	-0.0016985091	0.0362339806	0.0414261893	-0.0333558401	-0.011088434	-2.05435e-05	0.0202896562	-0.0012418995	0.0129812821	0.046279398	0.0280266352	-0.0879162244	-0.0446973058	-0.0103853839	0.0076054825	-0.0258370338	0.0028397697	-0.0310773967	0.0126517717	-0.0479794398	0.0497823658	0.0089847132	-0.0265624492	-0.0378602835	-0.0725810802	-0.055584364	0.0026743347	0.0027699235	0.0068463412	-0.0192152781	-0.0574207665	-0.0436493206	0.0547325018	-0.0899771924	-0.016507178	-0.0504526421	-0.0592713403	0.0590987957	0.0854566278	0.0447607725	0.0159587495	-0.0237442827	-0.0535276628	-0.0054028589	0.0304136786	-0.0434494354	0.0045940266	0.0235719801	0.0494769322	-0.0038316728	0.0350958701	0.0314279473	-0.0347303353	-0.0105846768	0.0776787341	0.0075692926	-0.0104235652	-0.0039653196	0.0144523567	-0.0291864748	-0.0512389385	0.0053853703	-0.0314958351	-0.0174367831	-3.005e-07	0.0559018222	0.0350556177	0.0339871086	0.0152235973	0.0099726743	-0.0228078212	0.0142756336	0.0158731609	0.0087253597	0.0021494919	-0.0157890307	-0.0415216928	0.0707233684	0.0669826402	0.0256779241	0.0751205952	-0.0439398558	-0.0048009293	0.0452485842	0.0011253729	-0.0211187382	-0.0247540844	-0.0286890497	0.0011521806	0.0509106681	-0.0383444706	-0.0432806957	0.0347391949	0.0188785494	0.0624487104	0.003911143	0.0445896447	0.0457741771	-0.0218024922	-0.0109196132	0.002310967	0.0226225324	-0.0028567572	-0.0177007063	0.0376712411	0.0224340434	0.083927866	0.0380713206	0.0056691912	-0.0337552194	0.0163609235	-0.0039425202	0.0240090077	-0.0357114539	0.0585746542	-0.0558139778	-0.0071757728	0.0452360488	0.0381092971	0.0008014048	-0.0607895937	-0.0009015899	-0.0378709846	-0.0255128678	-0.006867409	-0.0605638382	0.0258863147	-0.0761026405	0.102344001	-0.0346659516	0.0262029895	-0.0450407145	-0.0489328788	-0.0651951969	-0.081360366	-0.0063634991	-0.0001429232	0.0398296582	-0.0119191282	0.0523702774	-0.0303064245	0.0003491549	0.0122070653	0.0546657278	0.0264976769	0.0196123494	0.0417976481	-0.0268051964	0.0243229407	0.0731899537	0.0287730682	-0.0077693898	0.0063069093	-0.0050882449	0.0120058983	-0.0450354081	0.008999373	-0.021195321	-0.0110502001	0.0378209896	0.030789326	-0.0197012645	0.0487955194	-0.0023433801	-0.0137087389	-0.0057691218	0.0085716801	-0.0141252068	-0.0091613696	0.0019937038	-0.0046171483	-0.0095800467	-0.0932474692	0.0174014683	0.0889679793	0.0665754345	-0.0192612191	0.0089138765	0.0404371573	0.0541287596	0.0067704924	-0.0080089174	0.0052680938	0.0291463488	0.0060115979	0.0518951115	-0.0352133324	0.0380698779	0.02516097	0.0280184164	0.0036180252	0.0332947742	0.0118117792	0.0635443416	0.042807137	0.003771144	0.0520346132	-0.039390083	0.0438291644	0.0458208997	0.0481132108	0.0315293614	-0.0124919849	0.0187187596	-0.0098022517	-0.0450460234	0.0278357645	0.0339023846	-0.0414080854	-0.0173252667	0.0483440011	-0.0020285429	-0.0475319038	0.0210572413	0.039101947	-0.0367111306	-0.0244051859	0.0464813877	0.0057970462	-0.0488021499	0.0137401766	0.0433014723	-0.031075284	-0.0308609395	0.0434300072	0.013474375	-0.048824275	0.0060717052	0.0463935571	-0.0326763	-0.0007867	6.188968900000021e-07	0.00106774058169	-2.68538	0.03817	7.211265744399999	0.0014569489	-0.293457	-0.044431	0.001974113761	0.086117010849	-0.00955374	9.91800000000008e-05	9.12739479876e-05	9.836672400000158e-09	-8.31723e-05	0.0001151347	6.91763148729e-09	1.3255999144089998e-08	0.000934355	0.000185657	8.73019266025e-07	3.4468521649e-08	0.0	0.0	0.0	0.0	0.0	0.0	0.0	0.0	0.0	0.0	0.0	0.0	0.0	0.0	0.0	0.0	0.0	0.0	0.0	0.0	0.0	0.0	0.0	0.0	0.0	0.0	0.0	0.0	0.0	0.0	0.0	0.0	0.0	0.0	0.0	0.0	0.0	0.0	0.0	0.0	0.0	0.0	0.0	0.0	0.0	0.0	0.0	0.0	0.0	0.0	0.0	0.0	0.0	0.0	0.0	0.0	0.0	0.0	0.0	0.0	0.0	0.0	0.0	0.0	0.0	0.0	0.0	0.0	0.0	0.0	0.0	0.0	0.0	0.0	0.0	0.0	0.0	0.0	0.0	0.0	0.0	0.0	0.0	0.0	0.0	0.0	0.0	0.0	0.0	0.0	0.0	0.0	0.0	0.0	0.0	0.0	0.0	0.0	0.0	0.0	0.0	0.0	0.0	0.0	0.0	0.0
54771.54918311859	-61.36915749220498	2999922599.9187784	3766.173491303058	67542.64422460938	279.55119482422015	4562008788.852159	78148.8705276491	55344.18979123852	-5.843827444994531	3062979343.6486297	34.15031920687131	55501.03012941544	54854.50617802607	1.011886	23.18116	0.036100285	0.0244844	0.0014108347	0.0074380787	-0.0155031118	-0.008849376	0.0210243251	-0.0346867504	0.0070126477	-0.032657874	0.0073737723	-0.0206794944	0.0087775688	-0.0112214773	0.0190475968	0.005331618	0.086157687	-0.0408913988	0.030033139	-0.004611176	-0.0407989879	0.0781739899	-0.0208977984	0.0522072852	0.0052372622	0.026081893	-0.0128946313	0.0144800546	-0.0037891209	-0.0024806072	-0.0510708684	0.0171506645	-0.0606717525	-0.0071233828	0.0072222352	0.0156796214	0.0191354095	-0.0595726509	-0.0176588961	-0.0263029788	0.0288195403	-0.0109880683	-0.0610880869	0.0271727216	0.034287345	0.0009718441	-0.005261971	-0.0457030519	0.0495047296	0.0237262361	0.0183444465	0.0701390808	0.0288190933	0.0081498193	0.0279131532	-0.0063375454	0.0069048336	0.0157967976	0.0175843648	-0.0094830459	0.0374974453	0.027585055	0.0188426757	-0.0300351806	0.0443065381	0.1365916308	-0.0066877895	0.0293600395	-0.0507109511	0.0090662351	0.0424653848	0.0102587086	0.0033525974	0.0156566035	-0.0043351434	-0.0302538153	0.01195204	-0.0296115408	-0.0166970666	0.0554665402	0.0716713262	0.0014748177	-0.0133004129	0.0110932844	0.0128342152	0.0070432601	0.0338742739	-0.040254901	-0.0308684951	0.0253715146	0.0607452033	0.0125314151	0.005481295	-0.0197716512	-0.0167739191	0.0137899497	0.0010834406	-0.0168106246	-0.007370028	0.035349018	0.0209953404	0.0411381344	-0.0414187404	-0.0368360558	-0.0106035103	-0.053596984	-0.0039689321	-0.0082104583	0.0235716813	-0.0116488082	-0.0329559414	-0.0249404009	-0.00489294	0.0530714525	-0.0052310457	0.0447697343	-0.079389407	0.0179514201	-0.0479369744	-0.0002176935	0.0230903181	0.0163466014	-0.0123629923	0.0075891148	-0.0004078834	-0.0476280981	0.0098467111	-0.0603185738	-0.0105552995	0.0058431152	0.0237672009	0.0188777411	-0.06192267	0.0195251924	-0.0297821111	0.021650932	0.0111888245	0.0606634416	-0.0282992988	-0.0045141368	0.0367591249	0.01283249	0.036819408	-0.0389939113	-0.0227730593	-0.0327772438	-0.0725604347	-0.0219405666	0.0063769988	0.007764854	0.0178505059	-0.0218339497	0.0104638527	-0.0009681641	-0.0231982978	0.0457628222	-0.0401257066	-0.0249469898	-0.0551810415	-0.047199157	-0.1133324805	-0.033455861	-0.0315189049	0.0626984519	0.0002639787	-0.0376398293	0.0206778988	0.0085541933	-0.0130007374	0.0010534375	-0.0205655439	0.0181548924	-0.024787284	-0.0138969971	-0.0449676913	0.0569118322	0.0626736489	0.0213976081	0.0149315363	0.0115649731	0.0210878342	0.0324219423	-0.0323141391	-0.0121743234	-0.0105232287	0.0736304278	-0.0092966889	-0.005128811	-0.0183434778	0.0013251136	0.0278108809	-0.0032846487	-0.0262158728	0.0019713195	-0.0050016145	0.0442168188	0.0191340289	-0.0362775701	0.0262093408	0.0727798852	0.0033653899	-0.0128615723	-0.0055329108	0.0264078163	0.0069692123	-0.0015923744	0.027857772	0.0682822271	0.0308018777	0.0190542738	0.0042165443	0.0037468237	0.0045339597	0.0191342207	0.0278948442	0.002316678	0.0138599926	0.0012106301	0.0375318261	0.051746762	0.0422806375	0.0528471746	0.006674475	-0.0323133691	0.0276166487	-0.0054124764	0.037014215	-0.0503450911	0.0332581228	0.0674295665	0.0516188384	0.050385541	-0.01857289	0.0112736993	-0.0099829142	-0.0449000392	0.0282892778	0.0333661115	-0.0418931005	-0.0162857183	0.0485330118	-0.0035018582	-0.047105256	0.022707319	0.0378471697	-0.0381381307	-0.0222977292	0.0472292216	0.0030417259	-0.0484693751	0.016719905	0.0416524399	-0.0337021777	-0.0279115985	0.0450821203	0.0095309979	-0.0489680393	0.0104339452	0.0447139763	-0.032108	0.0005683	3.229648900000008e-07	0.001030923664	-2.68695	-0.00157	7.2197003025	2.464900000000224e-06	-0.295057	-0.0015999999999999	2.559999999999969e-06	0.087058633249	-0.00933354	0.0002202	8.711496893159999e-05	4.848804000000012e-08	-0.000499468	-0.0004162957	2.49468283024e-07	1.7330210983848998e-07	0.000945099	1.0744000000000031e-05	8.932121198010001e-07	1.1543353600000068e-10	0.0	0.0	0.0	0.0	0.0	0.0	0.0	0.0	0.0	0.0	0.0	0.0	0.0	0.0	0.0	0.0	0.0	0.0	0.0	0.0	0.0	0.0	0.0	0.0	0.0	0.0	0.0	0.0	0.0	0.0	0.0	0.0	0.0	0.0	0.0	0.0	0.0	0.0	0.0	0.0	0.0	0.0	0.0	0.0	0.0	0.0	0.0	0.0	0.0	0.0	0.0	0.0	0.0	0.0	0.0	0.0	0.0	0.0	0.0	0.0	0.0	0.0	0.0	0.0	0.0	0.0	0.0	0.0	0.0	0.0	0.0	0.0	0.0	0.0	0.0	0.0	0.0	0.0	0.0	0.0	0.0	0.0	0.0	0.0	0.0	0.0	0.0	0.0	0.0	0.0	0.0	0.0	0.0	0.0	0.0	0.0	0.0	0.0	0.0	0.0	0.0	0.0	0.0	0.0	0.0	0.0
54586.004289179175	-185.54489393941185	2979631864.2582874	34426.907666987594	67228.6368864746	-314.00733813477564	4519689617.613454	98600.60840248733	55385.10671542553	40.91692418701132	3067510045.879074	1674.194684925632	55559.18702797931	54836.22552252435	1.068154	24.470203	0.0667763000000002	0.0354364	0.0003814368	0.0142153321	-0.0069271006	0.0021538407	-0.0007422152	-0.001836224	0.0495955543	0.0348077787	-0.0377173012	0.0074980792	-0.0106267637	0.0266859353	-0.0344182912	0.0293892782	0.0629204589	0.0021934545	0.0163846571	-0.0343305483	0.0243919188	0.0630231582	0.0660909357	0.0062943851	-0.0026677398	-0.0053291931	-0.0578969286	-0.0494523241	0.0022527591	0.0347091978	-0.0206575973	0.0127950369	9.84503e-05	0.0532972193	0.0180739772	0.0213682869	0.008247339	-0.0378122072	0.0126932171	-0.0335818619	0.0515622053	-0.0762949622	-0.0115187231	0.0030812727	0.0133912413	-0.020787814	-0.0588887414	0.0172308871	-0.0139157543	0.009361145	0.0108403094	-0.0582392957	-0.0074350342	0.0269011205	0.036088662	-0.0102837648	0.011650176	0.063315917	0.0408489996	-0.059469606	-0.0508465061	-0.0339144471	-0.097214655	0.0030017925	0.0282742038	-0.0076968334	0.0147011833	-0.0100719813	-0.0250403026	0.0214425137	0.0167580005	0.0031523618	-0.0630575196	-0.0023322233	-0.0137493701	0.0478523853	0.0577963359	-0.0431532568	0.041048484	0.0313301781	0.0467872989	-0.0363391292	0.0044869096	0.0134793766	0.0050751922	-0.0134798201	-0.0300673892	-0.0439384132	0.008967961	-0.062076606	-0.0380126865	0.0296376191	-0.0435677854	-0.0310107982	0.0324320805	0.0173099794	-0.0455354361	-0.0349559977	-0.094712597	-0.0223448318	0.0481794342	0.0167866577	0.0327349819	0.025258221	0.0161566115	-0.0007297466	0.0267029541	0.0402603133	-0.0268201276	0.0102369507	-0.0063239162	-0.0133768369	-0.038157189	0.0411024353	-0.0380614865	-0.0235415854	-0.0631233155	-0.0667765117	-0.006478866	-0.0028600388	-0.0275897575	0.0492948259	0.0481254264	-0.0023550969	0.0335089539	-0.0113652513	0.0113022103	-0.0135521731	0.0537470787	0.0134784811	0.0203996065	0.0047205512	-0.037021258	-0.012694593	-0.0327731985	0.0411369785	0.0815557543	0.0084470724	-0.0090945069	-0.0078729304	0.0140536687	0.0506011061	-0.0399617479	0.0226077413	-0.0019746401	-0.0177753655	0.050176852	-0.020186715	-0.0396470474	-0.0110684088	0.0013973641	-0.0158550486	-0.0493426047	-0.026046753	-0.0702871824	-0.0676618803	0.0620938539	0.0658252903	-0.0370640643	-0.0278597484	-0.0068660691	0.020711932	0.0185641779	0.0315716256	-0.015481002	0.0050355351	0.0160546081	0.063285612	0.0042524376	-0.002266066	0.0447578027	0.0422241925	-0.0643408279	0.045244109	-0.0417983006	0.0476897979	0.0015727006	0.025523487	-0.0090780674	0.0220506571	-0.0102264611	-0.0207378142	-0.051438752	-0.0123863466	0.0650706589	-0.0378414981	-0.0064548345	-0.0331513568	-0.0336475559	0.031881797	-0.0141272748	0.0510937352	-0.062126971	-0.0552161422	0.0134896288	-0.0530407853	-0.0467857982	-0.0241480355	0.00133801	-0.0083795968	-0.0004015389	0.0412129461	-0.0246107761	-0.0181055361	-0.0153738979	0.0200345497	-0.0010401905	0.0392444844	0.0621067958	-0.0098476294	0.0071138371	-0.015762383	0.0006897943	0.0317359391	0.0222019754	0.0287956924	-0.0189894333	-0.0111260202	0.038010294	0.0298699332	-0.0176515979	-0.0046349842	0.0124765681	0.0418671683	0.020880155	-0.0467864908	0.0801852013	-0.0433908871	0.026474364	0.0420500083	0.0596536493	0.0241196703	-0.0373558674	0.0477868872	-0.0101634351	-0.0447515066	0.0287391785	0.0328222635	-0.0423632548	-0.015237851	0.0486882801	-0.0049719936	-0.046624473	0.02432518	0.0365274207	-0.0394872168	-0.0201368126	0.0478457346	0.0002766972	-0.0479605879	0.0196310923	0.0398119877	-0.0361565084	-0.0248039116	0.0464522756	0.005522202	-0.0487444668	0.014710965	0.0426381448	-0.0336831	-0.0015751	2.480940010000009e-06	0.00113455122561	-2.70535	-0.0184000000000001	7.318918622500001	0.00033856	-0.275868	0.019189	0.000368217721	0.076103153424	-0.00965583	-0.00032229	9.32350529889e-05	1.0387084410000073e-07	-0.000571924	-7.245600000000004e-05	3.27097061776e-07	5.249871936000006e-09	0.0007876009999999	-0.0001574980000001	6.203153352008425e-07	2.4805620004031505e-08	0.0	0.0	0.0	0.0	0.0	0.0	0.0	0.0	0.0	0.0	0.0	0.0	0.0	0.0	0.0	0.0	0.0	0.0	0.0	0.0	0.0	0.0	0.0	0.0	0.0	0.0	0.0	0.0	0.0	0.0	0.0	0.0	0.0	0.0	0.0	0.0	0.0	0.0	0.0	0.0	0.0	0.0	0.0	0.0	0.0	0.0	0.0	0.0	0.0	0.0	0.0	0.0	0.0	0.0	0.0	0.0	0.0	0.0	0.0	0.0	0.0	0.0	0.0	0.0	0.0	0.0	0.0	0.0	0.0	0.0	0.0	0.0	0.0	0.0	0.0	0.0	0.0	0.0	0.0	0.0	0.0	0.0	0.0	0.0	0.0	0.0	0.0	0.0	0.0	0.0	0.0	0.0	0.0	0.0	0.0	0.0	0.0	0.0	0.0	0.0	0.0	0.0	0.0	0.0	0.0	0.0
54524.464079509584	-61.540209669590695	2972917183.157731	3787.197406177184	67259.25554052735	30.61865405274148	4523807455.865958	937.501976001462	55306.82995345745	-78.2767619680817	3058845439.500658	6127.251464207722	55475.29533628687	54436.83110605215	1.062178	24.3333	0.0933657499999996	0.0442788	0.0044793725	0.0097628413	-0.0065192933	-0.0036498905	-0.0461109955	-0.0059975364	0.0426174269	-0.0246861681	0.0102257325	0.0319462919	-0.0303277594	-0.0658845621	0.0155341847	0.0268055024	0.0259549636	-0.03704289	-0.0475020475	0.0032574556	0.0049921048	0.0297693291	0.0152042802	0.0494628264	0.1060905873	-0.037795051	-0.0161882825	0.0668147247	-0.025061673	0.0251575386	-0.0276855013	0.0337146982	-0.0334230682	0.0231950875	0.033077998	0.0318203202	0.0117614741	-0.0321950491	0.0526914868	0.0169946936	0.0153311645	0.0066058548	-0.0283217414	0.0131895862	0.0114967651	-0.0154196688	0.0008874547	0.0220211477	-0.0040455737	-0.0175081954	0.0147303646	0.0828073659	-0.0074690941	0.0227837528	-0.0415171801	-0.0935535205	0.0133600087	0.0245578854	0.0307164806	0.0136089235	0.0123525884	0.0379588491	0.0200771288	-0.014644488	0.0618435689	-0.0826375102	0.0578300861	-0.0346532451	-0.0469037837	0.0185706569	0.0873884291	0.0305260871	0.0066629807	0.0015415524	-0.0080733526	-0.0243440921	-0.0142459877	0.0794131898	0.0134651777	0.0361874477	0.0172159414	0.057728276	0.0213951884	-0.0557835277	0.0261105166	0.003818884	0.0130199048	0.0139104071	0.0264023213	0.0597928951	-0.0063761087	0.0522431838	-0.0064562094	0.0011320258	-0.0316708445	0.0307269926	0.0563677029	0.0028330914	0.0167953364	-0.0030293785	0.0029973379	0.025443081	0.0327206147	0.0334246514	0.0401781386	-0.0221362565	-0.0188877487	0.0233632342	-0.047735292	0.0115273065	-0.0188220759	-0.0199325759	0.0090402953	-0.0014881317	0.0007316813	-0.0022689774	-0.0339343708	-0.013521089	-0.0526941029	-0.1098999954	-0.0234629608	-0.0030330351	-0.0686637968	0.0220484373	0.0254076129	-0.0173882151	0.0279387314	-0.0376529522	0.0259143577	0.022985917	0.0367050216	0.0096821872	-0.0290884188	-0.0519928975	0.0090617454	0.004893077	-0.010821023	0.0346116517	-0.0122377445	-0.0013833042	0.0156294043	-0.0083355791	-0.0196569334	-0.0063318035	0.0428603546	-0.0126270399	-0.0801994971	0.0180776266	-0.0043695376	0.0401514387	-0.0864219506	-0.039579448	-0.0162563331	-0.0182318948	-0.023867567	0.0126646644	-0.0553280095	-0.0031647463	0.0235918137	-0.0577662842	0.0707366005	0.073942085	0.0323160594	0.053785466	0.0181262658	-0.0687497544	0.0430302979	-0.0202807321	0.0061743016	-0.0083077429	-0.0038973499	-0.0144759384	0.0760737063	0.0414457818	-0.0049783936	-0.0067133936	0.059445434	-0.0357787041	-0.0368926903	0.0373992375	0.0175772249	0.0162051544	-0.0039425387	0.0442747552	-0.0300168774	0.0097632351	0.0346430313	-0.0576580488	0.0331068635	0.0096628709	0.037756851	-0.04660547	0.0111937861	0.0259448413	0.0234535482	-0.0020460618	-0.0322583483	-0.0239805736	-0.0417380006	-0.0083448427	-0.0489707314	-0.0230703294	-0.0238688765	-0.0288499537	-0.014086658	0.0124420089	0.0421242348	0.0132414954	-0.0039607528	-0.0380163908	0.0061344794	-0.0216365488	-0.0042376939	0.0112004408	0.0365169657	-0.0306479733	0.0313279242	-0.0586898177	0.0290181613	0.0092944287	0.0357763097	0.0106817168	0.0307128772	0.0428633134	0.0178132664	0.0757108641	0.0579790306	-0.0399447393	0.0255681683	0.0354533561	0.0492218329	0.0289899141	-0.0117309492	0.0771565879	-0.0103438118	-0.044600434	0.029185409	0.0322709638	-0.0428183818	-0.0141822002	0.0488096981	-0.0064376142	-0.0460901072	0.0259085287	0.0351449656	-0.0407556328	-0.017927617	0.0483292125	-0.0024892147	-0.0472776357	0.0224618045	0.0377885739	-0.0384257095	-0.021555509	0.0475319038	0.0014755028	-0.0481552347	0.0188678315	0.0401844584	-0.0314411	0.002242	5.026564000000004e-06	0.00098854276921	-2.73729	-0.0319399999999996	7.492756544099999	0.0010201635999999	-0.255689	0.020179	0.000407192041	0.065376864721	-0.00936094	0.00029489	8.762719768359999e-05	8.696011210000047e-08	-0.000148857	0.000423067	2.2158406448999995e-08	1.7898568648900005e-07	0.0008497389999999	6.2138e-05	7.2205636812083e-07	3.861131043999999e-09	0.0	0.0	0.0	0.0	0.0	0.0	0.0	0.0	0.0	0.0	0.0	0.0	0.0	0.0	0.0	0.0	0.0	0.0	0.0	0.0	0.0	0.0	0.0	0.0	0.0	0.0	0.0	0.0	0.0	0.0	0.0	0.0	0.0	0.0	0.0	0.0	0.0	0.0	0.0	0.0	0.0	0.0	0.0	0.0	0.0	0.0	0.0	0.0	0.0	0.0	0.0	0.0	0.0	0.0	0.0	0.0	0.0	0.0	0.0	0.0	0.0	0.0	0.0	0.0	0.0	0.0	0.0	0.0	0.0	0.0	0.0	0.0	0.0	0.0	0.0	0.0	0.0	0.0	0.0	0.0	0.0	0.0	0.0	0.0	0.0	0.0	0.0	0.0	0.0	0.0	0.0	0.0	0.0	0.0	0.0	0.0	0.0	0.0	0.0	0.0	0.0	0.0	0.0	0.0	0.0	0.0
54429.1588164407	-95.3052630688835	2962533329.4653244	9083.09316862909	66655.39728710937	-603.8582534179732	4442941987.502387	364644.7902210051	55269.23276943303	-37.59718402441649	3054688090.92177	1413.5482465658388	55438.13833923049	54141.13815030185	1.11807	25.613729	0.1226855999999996	0.0625938	0.0036584151	0.016709875	-0.0009811428	-0.0073843654	-0.0422576628	-0.0191458991	0.0618750559	0.0030724489	-0.0417825561	-0.0554785344	0.022107786	0.0253662314	-0.047000322	0.0141551919	-0.0099179699	0.0040509654	0.0273982916	0.0098845641	-0.0143394259	0.1070852391	-0.0102195797	-0.0001828297	-0.0038463309	-0.0698087431	-0.0251160681	-0.0135515092	0.0588545314	-0.0214090781	0.0627206666	0.0110515315	-0.0099694138	0.0075004193	0.0041459718	0.0248477853	-0.0043177669	0.0310404053	-0.0431785244	-0.0107757316	0.0289322113	-0.0456944802	0.043738152	-0.0021335498	-0.0074905927	0.0210114159	-0.0049161032	0.0107090928	-0.0242695506	-0.0083444586	-0.003765631	0.0188625541	0.0143660116	-0.0223244541	0.035040193	-0.0163027265	-0.0435742052	0.0499734619	-0.0016077558	-0.0295052017	0.0619751583	0.0375114612	0.0143893631	-0.0236780052	-0.0387893105	0.0237313763	-0.0038580057	0.0189761098	-0.0274043293	0.0212361959	-0.0174531173	-0.0655986376	0.0202883616	0.0096078472	0.0057510503	-0.0305053818	-0.01582506	0.0415416747	0.0080576321	-0.0221017464	-0.0230517225	-0.0241324449	-0.0213545736	0.0006033522	-0.0106762574	0.041927957	0.0152760763	-0.0458293663	-0.0612849209	-0.0277139891	-0.0089727912	0.0663284829	0.0087815193	-0.0619037947	-0.0381263559	0.0538635692	0.0339654534	-0.0031354904	-0.0114429795	-0.0531557553	-0.0168179785	-0.0595572615	0.0315391801	-0.0384048162	0.0198912267	-0.0123971006	-0.0189303301	-0.0310048673	-0.0284513174	0.051546636	-0.011429434	0.0014439107	0.0302003581	0.0330933316	0.0060806016	0.0176288774	-0.1091114817	0.0065917862	0.0045641506	-0.0002798152	-0.0686122409	-0.0103642533	0.0127436499	-0.0657847911	-0.0322137062	0.0568033456	0.0147516423	-0.0078495252	0.0035919165	0.0068538727	0.0261629737	-0.0056004839	0.0281453911	0.0422847579	-0.0083567177	0.0316809513	0.0457334754	-0.0445860404	0.0025745008	0.0174451349	-0.0053525537	-0.0029671957	-0.0025572273	0.0158242045	0.0245393868	0.0170214513	-0.026648695	-0.0226873377	-0.0137005	-0.0491739808	-0.0138507201	0.0289829233	-0.0270948617	-0.0218676861	-0.0194072163	0.0481177358	-0.0487872276	-0.0131471185	0.0097651786	0.0228319487	-0.0453285401	0.0011924142	-0.0164233991	0.0438447034	-0.0299293127	0.0250542124	-0.0682822092	0.0029858927	-0.0102181151	0.0058429634	-0.0180762091	-0.0106606708	0.0310880699	0.0176784974	0.0131488913	0.0181650822	-0.0303559067	-0.0211993777	0.0194361962	-0.0157113665	0.044413372	0.0041283375	-0.0316350412	-0.0419346763	0.060903777	0.0344005165	0.0410169264	-0.0240097488	-0.0164981524	0.003485297	0.0862249221	-0.0304265816	0.0071278344	-0.0133192908	0.0033975843	-0.0617770031	-0.0086679988	0.0682897947	0.0259470161	0.0033163239	-0.0449555298	-0.04874985	0.0262720373	-0.0105527197	-0.036350266	0.0361202962	-0.0015301192	0.0231162767	-0.0128309863	-0.0177181744	0.005025224	-0.0029015288	-0.0125616422	0.03675126	0.0477974108	0.0312998194	-0.0566439848	0.0057196999	-0.0125285132	0.0407663978	0.0476496541	-0.0048503387	-0.0127488134	-0.0170034672	0.0266794251	-0.0253899274	0.046128636	-0.0734843105	0.0357112602	0.0293600343	0.025862525	0.0168679373	-0.0256908734	0.0675409222	-0.0105240416	-0.04444683	0.0296279125	0.0317123377	-0.0432583199	-0.0131193052	0.0488971813	-0.007897389	-0.0455027728	0.0274551188	0.0337021777	-0.0419407874	-0.0156754391	0.048678311	-0.0052471816	-0.0464229987	0.0252004375	0.0355914973	-0.0404981621	-0.0181848193	0.0483142525	-0.0025813239	-0.0472047632	0.0228705931	0.0373746616	-0.0419008	-0.0104597	0.00010940532409	0.00175567704064	-2.68895	0.0483399999999996	7.230452102500001	0.0023367555999999	-0.282077	-0.026388	0.000696326544	0.079567433929	-0.00919553	0.0001654099999999	8.45577719809e-05	2.736046809999984e-08	-0.000601353	-0.000452496	3.61625430609e-07	2.0475263001600007e-07	0.000981791	0.0001320520000001	9.63913567681e-07	1.7437730704026433e-08	0.0	0.0	0.0	0.0	0.0	0.0	0.0	0.0	0.0	0.0	0.0	0.0	0.0	0.0	0.0	0.0	0.0	0.0	0.0	0.0	0.0	0.0	0.0	0.0	0.0	0.0	0.0	0.0	0.0	0.0	0.0	0.0	0.0	0.0	0.0	0.0	0.0	0.0	0.0	0.0	0.0	0.0	0.0	0.0	0.0	0.0	0.0	0.0	0.0	0.0	0.0	0.0	0.0	0.0	0.0	0.0	0.0	0.0	0.0	0.0	0.0	0.0	0.0	0.0	0.0	0.0	0.0	0.0	0.0	0.0	0.0	0.0	0.0	0.0	0.0	0.0	0.0	0.0	0.0	0.0	0.0	0.0	0.0	0.0	0.0	0.0	0.0	0.0	0.0	0.0	0.0	0.0	0.0	0.0	0.0	0.0	0.0	0.0	0.0	0.0	0.0	0.0	0.0	0.0	0.0	0.0
54530.93091576925	101.77209932854748	2973622426.540398	10357.560201739736	67112.06069091796	456.6634038085904	4504028690.181456	208541.46437804768	55212.30836708172	-56.92440235130925	3048398995.221722	3240.3875830537427	55383.65160784372	53831.57883808087	1.004906	23.021254	0.0974081499999997	0.0534897	0.0062298742	0.0088112002	0.0017591068	0.0024174091	-0.0523206864	0.009776256	0.0619186824	0.0460283157	-0.0003719326	0.0403388901	-0.0676007274	-0.0218439789	0.0274301829	-0.0099721756	-0.0087220532	0.0097242028	0.0338183084	0.0381159614	-0.0012104944	0.0227319111	0.0415094801	-0.0110242438	0.0629874202	-0.0110078869	-0.0299165864	0.0059343642	0.0435632464	0.0011419655	0.0138857138	0.0128193673	0.0085994237	-0.0248078892	0.0302601966	-0.0087034049	0.0392807969	-0.0275458685	0.0395716327	0.0509628794	0.0037683443	-0.0038629209	-0.0199474272	-0.0295272607	0.0244360667	0.0210198406	-0.0025406593	-0.0295459132	0.004400744	0.0238181862	-0.0019338513	-0.0016332521	-0.0233257615	0.0145023127	0.0111714186	0.0316772558	-0.0744351402	0.006222924	0.0078314845	-0.0081376586	0.0040800099	0.0083614716	0.0434758401	-0.0398839707	-0.0189909457	0.0073922876	-0.039380593	0.0084598197	-0.0299347274	-0.0141722212	0.0301550305	0.0065943927	-0.030456205	-0.0482663131	-0.0460449979	-0.0403374849	0.0157611971	0.0821381069	0.0089041283	0.0893134886	-0.0125368106	-0.0489866618	-0.0121890885	-0.0341526445	0.0353635737	-0.0465430494	-0.0341839037	0.0322997618	0.0106922229	0.0015606782	-0.0261296814	0.0272004606	0.0077848498	-0.040573235	-0.0280205117	-0.0645021975	0.0326866095	0.0193489044	0.0097220443	0.0044420109	0.013475599	0.010057335	-0.0100933192	-0.0559393732	0.0143523403	-0.0030583454	-0.0061710481	0.0275262376	-0.0314690226	-0.0390439856	-0.0009313217	-0.0235807146	-0.013778087	-0.0442929122	0.0359007611	-0.0022123581	-0.0229061418	-0.0436279143	0.0098937359	-0.0676965716	-0.0128436336	0.0184124792	-0.0049546358	-0.0436287235	-0.0047189018	0.0079579838	0.0189681877	0.0098217402	-0.020522923	0.0333735445	-0.0092007803	0.0397121863	-0.0283851135	-0.0435903647	0.0466690438	-0.0018177956	0.0104392274	0.025798412	0.0315328156	0.0091979781	0.0196678409	0.0124570379	0.0293180178	0.0071657515	-0.0266179401	-0.00714141	-0.0026952279	0.0026086594	-0.039087832	-0.0053797787	0.0149975501	0.0759537323	0.0064117584	-0.025595238	-0.0158349093	-0.0030232077	-0.0184776745	-0.0382636386	0.0385204016	0.0015310129	-0.0115053035	-0.0449600968	-0.0114199868	0.021156152	0.0251546525	-0.0160000168	0.0228570205	0.0352667683	0.0520430035	-0.0051063638	-0.0401104664	0.0167049088	0.0718173324	0.0473074966	-0.0949678647	0.0478580063	-0.0021092167	-0.0514593483	-0.0246297462	0.0248181719	-0.040572742	-0.015729299	0.0331614067	0.0005673431	0.0132362107	-0.0197290731	0.021522717	-0.0234975084	-0.0096744647	-0.0722423929	0.0044235817	-0.0386830282	0.0148446687	-0.009543643	0.0217222822	0.025533216	0.005706968	-0.0112375322	0.0559585508	-0.0021582944	-0.0163098662	-0.0049631132	-0.0198177562	-0.0258070507	-0.0104616823	-0.0313144524	0.0307096199	-0.0499411502	-0.0169701676	0.0162370864	0.0085053607	-0.0198564527	-0.0112147322	0.028946146	0.0369735177	-0.0030285177	0.0190967236	-0.0594348709	0.0320157255	0.0437309772	-0.0215784269	-0.0229953875	0.0075179727	0.0552038201	0.0023637092	-0.0342714318	0.0545911436	-0.0786244959	0.0216167632	0.0126483385	0.0104339212	0.007281663	-0.0076425219	0.0758380191	-0.0107041222	-0.0442907033	0.0300666323	0.0311465121	-0.0436829132	-0.0120497088	0.0489506689	-0.0093499925	-0.0448631447	0.0289627561	0.0322015336	-0.0430402594	-0.0133856785	0.0488920593	-0.0079884006	-0.0453997805	0.0278357645	0.0332308549	-0.0423632548	-0.014710965	0.0487944286	-0.006620433	-0.0459001824	0.026686557	0.0342336544	-0.0351524	0.0067484	4.554090256000002e-05	0.00123569122576	-2.73393	-0.0449799999999998	7.4743732449	0.0020232003999999	-0.259456	0.022621	0.000511709641	0.067317415936	-0.00935597	-0.0001604399999999	8.75341746409e-05	2.574099359999985e-08	-0.000495188	0.0001061649999999	2.452111553440001e-07	1.1271007224999992e-08	0.0007872209999999	-0.0001945700000001	6.197169028408425e-07	3.785748490003896e-08	0.0	0.0	0.0	0.0	0.0	0.0	0.0	0.0	0.0	0.0	0.0	0.0	0.0	0.0	0.0	0.0	0.0	0.0	0.0	0.0	0.0	0.0	0.0	0.0	0.0	0.0	0.0	0.0	0.0	0.0	0.0	0.0	0.0	0.0	0.0	0.0	0.0	0.0	0.0	0.0	0.0	0.0	0.0	0.0	0.0	0.0	0.0	0.0	0.0	0.0	0.0	0.0	0.0	0.0	0.0	0.0	0.0	0.0	0.0	0.0	0.0	0.0	0.0	0.0	0.0	0.0	0.0	0.0	0.0	0.0	0.0	0.0	0.0	0.0	0.0	0.0	0.0	0.0	0.0	0.0	0.0	0.0	0.0	0.0	0.0	0.0	0.0	0.0	0.0	0.0	0.0	0.0	0.0	0.0	0.0	0.0	0.0	0.0	0.0	0.0	0.0	0.0	0.0	0.0	0.0	0.0
54632.43378631436	101.50287054511136	2984702821.416023	10302.832728897636	67510.07316699218	398.0124760742183	4557609979.012638	158413.9311107302	55233.187623723104	20.879256641383108	3050705015.0773997	435.9433578967406	55394.69517776968	54634.119844352426	1.12044	25.668016	0.0252834999999999	0.0137979	0.0023835664	0.0157568549	0.0014340641	-0.0094044306	-0.0416553082	-0.0262514536	0.0333038087	-0.0665557785	-0.0187677401	0.0189350332	0.0157435577	0.0063094979	-0.0271946117	0.0004050396	-0.0767464356	-0.0071198297	-0.058314238	0.0628267758	-0.0546116446	0.0148813214	-0.0240491951	0.0591683508	0.0498751658	-0.026843182	0.0288436804	0.0109873171	0.0433814294	-0.0368043379	0.0002776352	0.0258322459	-0.0417723467	0.0096444914	0.0246081454	0.0136246854	0.0695632589	-0.0030313658	0.0005810132	0.0517987307	-0.020358597	0.0407185496	0.0124654024	-0.0338697854	-0.0399953535	-0.0308535225	0.001615096	-0.0101655651	-0.052623981	-0.043698754	0.0086722766	-0.0079638359	0.0642429854	0.0548041279	-0.007585567	-0.0074893896	0.0208275901	0.0151985316	0.0088501433	0.0471653329	0.066557069	0.0008172647	0.04113598	0.0357409207	-0.0325440923	0.041742729	0.0236136578	-0.0531692645	0.0466609446	-0.1019494783	0.0164560896	0.0407976531	0.0343638584	-0.0668783629	-0.0448264811	0.0162456688	0.0386435205	-0.0088492857	-0.0122007021	-0.010907757	-0.0108502501	0.0927993819	-0.0086250779	0.035033972	0.0170533029	-0.0243888828	-0.0052852674	-0.0048242813	0.0027627471	-0.0365444791	0.1332621317	-0.0131302562	-0.0016601626	-0.0320532242	-0.0735946085	-0.0794121686	-0.0230596454	0.0274418317	-0.0030050637	0.0277731808	0.0088754199	0.047041666	-0.04783494	-0.0538569572	0.0099743202	-0.0059292047	-0.0247495102	0.0562330372	0.0443009691	0.0100256579	-0.0527914693	0.0417723679	-0.0058930378	0.0361529131	0.0627827375	0.052152931	-0.0163950346	0.0210680976	-0.0541296166	-0.0469269755	-0.0105263421	-0.0503121457	-0.0096694344	-0.039749363	-0.0417874015	-0.0099876828	0.0213546595	-0.0471220337	0.0037803545	0.0212308223	0.0205789835	0.0677943637	-0.0015015415	0.0001875275	0.0485625543	-0.0190765911	-0.0403652117	-0.0087960227	0.037175525	-0.0386050513	-0.0351825261	-0.0105037443	0.0032813017	0.0379834317	0.058319571	-0.0103004933	0.0156289053	-0.0639675825	0.0086965826	0.0520398195	-0.00394467	-0.0186263999	0.0045849198	-0.0031758799	-0.0033316004	0.0959085516	0.0009733909	-0.0138747354	-0.02190141	0.0511252225	-0.0270519132	0.0014526742	0.0424867258	-0.0836064895	0.0902083362	-0.0460202689	0.0161706686	-0.0214324392	0.0790028059	-0.039392271	0.0028363027	0.0404157175	-0.0086746216	-0.0272171452	0.0254946348	-0.0583347117	0.0305053981	0.0141092577	0.0508375525	0.0201677203	-0.0179888145	0.0162579214	-0.0224586759	0.013953646	-0.0006712877	0.0569206108	-0.1230574063	0.0038025851	-0.0227938127	-0.0956560346	0.0299240465	0.0049266092	0.0061035379	-0.0269834825	0.0156238987	0.0539270358	0.0365780611	-0.0484604051	0.0582316298	0.0032835743	-0.002956457	-0.0097490765	-0.0519875215	0.0598309704	-0.0308283144	-0.0155875566	-0.0168074089	0.0360955625	0.0232510791	-0.0025797282	0.0043797077	-0.0175331976	-0.0186129024	0.0277263212	0.033745271	0.0028003436	-0.0390922591	-0.0121831081	-0.0203504665	0.0192540075	0.0533111766	-0.0073696365	0.0077835086	0.0091125096	0.0390511241	0.0797950294	0.0530661358	-0.04370401	0.0036899173	0.0050164001	0.0392580837	-0.0039693519	-0.0197147262	0.0849709643	-0.0108840509	-0.0441320627	0.0305015125	0.0305736153	-0.0440920108	-0.0109739574	0.0489701238	-0.0107941057	-0.044171958	0.0304293015	0.0306456097	-0.0440518025	-0.0110638251	0.0489698633	-0.0107041222	-0.0442116967	0.0303569825	0.0307174953	-0.044011438	-0.0111536535	0.048969429	-0.0106141007	-0.0442512785	0.0302845558	0.030789272	-0.0334131	0.0017392999999999	3.025164489999997e-06	0.00111643525161	-2.73398	-4.999999999988347e-05	7.4746466404	2.499999999988347e-09	-0.255727	0.003729	1.3905441000000282e-05	0.0653962985289999	-0.00941048	-5.451000000000067e-05	8.855713383040001e-05	2.971340100000073e-09	-0.000279434	0.000215754	7.8083360356e-08	4.654978851600001e-08	0.000662181	-0.0001250399999999	4.3848367676100006e-07	1.5635001599974997e-08	0.0	0.0	0.0	0.0	0.0	0.0	0.0	0.0	0.0	0.0	0.0	0.0	0.0	0.0	0.0	0.0	0.0	0.0	0.0	0.0	0.0	0.0	0.0	0.0	0.0	0.0	0.0	0.0	0.0	0.0	0.0	0.0	0.0	0.0	0.0	0.0	0.0	0.0	0.0	0.0	0.0	0.0	0.0	0.0	0.0	0.0	0.0	0.0	0.0	0.0	0.0	0.0	0.0	0.0	0.0	0.0	0.0	0.0	0.0	0.0	0.0	0.0	0.0	0.0	0.0	0.0	0.0	0.0	0.0	0.0	0.0	0.0	0.0	0.0	0.0	0.0	0.0	0.0	0.0	0.0	0.0	0.0	0.0	0.0	0.0	0.0	0.0	0.0	0.0	0.0	0.0	0.0	0.0	0.0	0.0	0.0	0.0	0.0	0.0	0.0	0.0	0.0	0.0	0.0	0.0	0.0
54598.98326357912	-33.450522735241975	2981048973.4165926	1118.9374712609404	66541.86859472656	-968.2045722656184	4427820276.077857	937420.0937560492	55255.54006739603	22.35244367292762	3053174708.1396084	499.631738151402	55414.6114414843	53681.78763633827	1.11706	25.59058	0.1398523999999999	0.0725031	0.0035688401	0.0138187445	-0.0015475536	-0.0059563722	-0.0411036111	0.0018791664	0.0530311374	0.0166566513	-0.003591967	-0.0513012111	-0.0115541035	-0.017444178	0.0261955042	-0.0046092905	0.0408532964	0.022413998	0.0663534346	0.0352527954	-0.0145940087	0.0196644236	0.0105288304	-0.049118448	0.0036516084	0.0338681944	-0.0366065877	-0.0160437524	0.0469494639	-0.0114300243	0.0360235907	-0.0160484657	0.0270467553	0.0298344188	0.0636910371	-0.0223471653	0.0098199238	0.0699158625	-0.009215246	0.0585766878	0.0103749807	-0.0531864767	0.0045559303	0.024092393	0.0275643873	-0.0257293143	-0.0451815512	0.0075843465	0.0005075928	-0.0516683711	-0.0820691606	-0.0105898496	0.0182553145	0.0069224735	-0.0420462424	-0.002143956	0.0195176897	0.0455200706	0.0290642767	0.0084079148	0.0308182871	-0.0024454537	0.0105171778	-0.0268811306	0.0484666815	-0.0401843315	-0.0444111363	-0.0073646572	0.0059925533	0.0070273021	-0.0622812034	0.0142214904	0.0069598855	-0.0102833542	-0.0071089456	0.0733839921	0.0683995139	0.0291525135	-0.0183632995	0.0050338203	0.0359119784	0.0422101113	0.0632474718	-0.0709269596	-0.0309518783	0.0215359316	-0.0309659356	0.0232007487	0.0200838996	-0.0081629719	0.0034150748	0.0594139612	0.0774741406	-0.0553281773	-0.0488009224	-0.0648456829	-0.0330882942	-0.0216461438	0.0664319418	-0.0066391052	-0.0521746658	-0.0259503228	-0.0107666085	-0.0533957456	-0.0531890023	-0.0062930469	-0.0159010134	0.0408728277	0.0345562664	0.0151344929	0.0087008975	-0.0455961455	-0.0018927989	0.0159503172	0.035720317	0.0137655361	-0.0193291928	-0.0117852833	0.0474957309	-0.0041796621	0.0208088285	0.0458523699	0.0189430147	-0.0471166056	-0.0181989862	0.028990246	-0.0089070049	0.0214625875	0.0349507685	0.0640760399	-0.025569737	0.0130750807	0.0672776133	0.0085001826	0.0544071184	0.0148370164	0.0500268044	-0.0133673276	-0.0219866876	-0.0365247494	0.0342705303	0.0382559033	-0.0095777225	-0.0188076798	0.0447241163	0.0763362287	0.0143242449	-0.0094363231	0.0273969259	0.0422131721	-0.0066101922	0.0005706315	-0.0465822235	-0.0271847829	-0.0329682571	0.0325549133	-0.0009088973	-0.0013722991	0.0223582556	-0.0572985025	0.0480829241	-0.0445112921	0.0121372554	-0.017933491	0.0060487056	0.0621795369	0.0030672926	0.0062751245	0.0210273902	-0.0363934495	0.0703813349	0.0603535201	0.0215706364	-0.0202943578	0.0301094447	-0.0059875152	0.0448770541	-0.0017981717	-0.0914633086	-0.0115760651	0.001995671	-0.033441127	-0.0083724874	0.0490681056	0.0237150936	0.0206649151	0.0251190171	-0.0015465752	-0.0005505508	-0.1319358473	0.0346335549	0.0504102521	0.0295041015	0.059081818	-0.0244798398	-0.0102490657	0.0306545415	0.0315114736	0.0385606173	0.0210607053	0.0280687079	-0.0215631093	-0.0362018855	0.0141637759	0.0301473855	0.0395421841	0.032503186	-0.0005248816	0.0080764723	0.042841816	0.0026230437	0.0152819388	-0.0127782339	0.0297796495	0.0445844124	0.0177923457	0.0030420368	-0.0211836678	0.0239998277	0.0394748428	0.0101411489	-0.0124386205	-0.0365513607	-0.0168773757	0.0031084302	-0.0449954439	0.0346532738	-0.0703328632	0.0056801373	0.0068441874	-0.0082024734	0.0193643033	0.0043510652	0.0533648559	-0.0110638251	-0.0439709173	0.0309324975	0.0299937775	-0.0444854679	-0.0098926005	0.0489555324	-0.0122284171	-0.0434300072	0.0318526742	0.0290370768	-0.0449733504	-0.0087154456	0.0489115064	-0.0133856785	-0.0428630618	0.032753756	0.0280629691	-0.0454342724	-0.0075330659	0.0488381591	-0.0145349155	-0.0422704209	0.0336352026	0.0270720383	-0.047214	-0.0138008999999999	0.0001904648408099	0.0022291617959999	-2.71075	0.0232299999999998	7.3481655625	0.0005396328999999	-0.294635	-0.038908	0.0015138324639999	0.0868097832249999	-0.00872211	0.00068837	7.60752028521e-05	4.738532569000009e-07	-0.0008632499999999	-0.0005838159999999	7.452005624998274e-07	3.408411218558833e-07	0.000656097	-6.083999999999951e-06	4.3046327340900004e-07	3.7015055999999393e-11	0.0	0.0	0.0	0.0	0.0	0.0	0.0	0.0	0.0	0.0	0.0	0.0	0.0	0.0	0.0	0.0	0.0	0.0	0.0	0.0	0.0	0.0	0.0	0.0	0.0	0.0	0.0	0.0	0.0	0.0	0.0	0.0	0.0	0.0	0.0	0.0	0.0	0.0	0.0	0.0	0.0	0.0	0.0	0.0	0.0	0.0	0.0	0.0	0.0	0.0	0.0	0.0	0.0	0.0	0.0	0.0	0.0	0.0	0.0	0.0	0.0	0.0	0.0	0.0	0.0	0.0	0.0	0.0	0.0	0.0	0.0	0.0	0.0	0.0	0.0	0.0	0.0	0.0	0.0	0.0	0.0	0.0	0.0	0.0	0.0	0.0	0.0	0.0	0.0	0.0	0.0	0.0	0.0	0.0	0.0	0.0	0.0	0.0	0.0	0.0	0.0	0.0	0.0	0.0	0.0	0.0
54701.77999818684	102.79673460772028	2992284734.9700336	10567.168646010075	67762.43709960938	1220.5685048828163	4591747881.678517	1489787.4751118736	55415.47553304824	159.93546565220458	3070874928.553868	25579.353173387517	55589.115914530805	54670.4240345348	1.042419	23.880642	0.04362395	0.031168	0.0028685411	0.0086164609	-0.0079041754	-0.0017931338	-0.041013187	0.0065417841	0.008411746	0.045392057	-0.0160462533	0.049633629	-0.0385711896	-0.0079544029	0.006981023	-0.0093152896	-0.0084500282	-0.001211289	-0.0548651275	-0.0111096367	0.0410927527	0.0091247298	0.0390177239	0.0173576908	0.0499153763	-0.0369968923	-0.0062556598	0.065870916	-0.0051574634	-0.003316935	-0.0074122332	0.0048918399	0.0359475073	0.0074531233	0.0243017701	0.0075905468	0.014668855	0.0271603092	-0.0028347243	0.033443863	-0.0067891235	-0.0164904962	-0.0263472571	-0.0116678332	-0.0101711694	-0.0129522477	-0.0518416507	-0.0254598825	0.0665125838	-0.0244573965	0.0270214585	-0.0190716372	-0.0629506766	0.0094130233	-0.0220301411	0.0297373962	0.0021348269	0.0256253279	-0.0212193641	-0.0031155982	-0.0003260899	-0.0781386712	-0.0214141593	-0.0141206329	-0.0584055419	0.0061257088	0.0207554855	-0.0459035129	-0.0059448083	0.0027349876	-0.0199745369	-0.0069524113	-0.0178255923	-0.0062613844	-0.0256141768	-0.0302544775	0.0266682475	0.0053240286	-0.006534036	-0.0619806718	0.0192192989	0.0149946273	0.089073237	0.0323473427	0.0503712143	0.0005501445	0.0300275961	0.0640083317	0.0488217965	-0.0438463826	0.0384562388	0.0212640113	-0.0037648466	-0.0147134471	-0.0224933567	-0.0015205475	-0.0115773576	-0.011735815	-0.0080252601	-0.0364317043	0.0148047561	0.0201174312	0.0503704577	-0.0575331623	0.0083938176	0.0589948786	-0.0424859448	-0.0487373287	-0.0303819785	-0.012641606	0.0043331344	0.0012860755	-0.0417750034	0.0294676192	-0.0134654998	-0.0420328389	-0.0090945322	-0.036724007	-0.0178276423	-0.0539790309	-0.0282542385	-0.009098158	-0.0656830861	0.0082663394	-0.0072035867	-0.0076565285	0.0137003069	0.0372602837	0.0154116156	0.0234684424	0.0069698061	0.0134753753	0.0265662968	0.0035332417	0.0284319813	-0.006879497	0.019895666	0.0230712707	0.0101104064	-0.0272473824	-0.0079211444	0.0563713688	0.0137308624	-0.0605462443	0.0036611548	-0.0342916187	0.0233288647	0.0451928889	-0.037275909	0.0110669077	0.0207165102	0.0276783786	-0.0507322429	-0.0091598352	0.0148315269	0.0018423091	0.0905122441	-0.008755285	0.0287821129	0.0347839476	-0.0243856507	0.0241179337	0.0420017641	0.0029026927	0.0078323644	0.0132017387	0.0041099297	0.0272801159	0.0039924512	-0.0176740233	-0.031939701	0.0302060879	0.0216476302	-0.0124248495	0.0528291904	-0.0169845968	-0.0156089935	0.0796659039	-0.0305462641	0.0612096212	0.0017683251	0.0193586914	0.0531268472	0.0742843271	0.0322820314	0.0066677552	-0.041736519	0.0057553344	0.0037895346	-0.015784294	0.0227477448	-0.0034913925	0.0032699785	-0.007468436	0.0032308228	-0.0479696633	-0.0406463568	-0.0083285418	0.0747925635	-0.0396688931	-0.0156325889	-0.0315986768	0.0519458457	-0.0151572681	0.0106500988	-0.0332708452	-0.010488526	-0.0070803253	0.0407925085	0.017679923	-0.0020441046	0.0049706854	-0.019256987	0.0196437534	0.034270359	-0.0044903834	0.0137355438	-0.0131515902	0.017613523	-0.0130258333	0.0444927691	-0.0006206657	0.00149081	0.1008562723	-0.0169108552	0.0151939391	0.0377083852	-0.0015087249	-0.0340261355	0.0174100201	-0.017604247	0.0564055784	-0.0115371363	0.0126631311	-0.0112434423	-0.0438072762	0.0313595323	0.0294071302	-0.0448631447	-0.0088061905	0.0489069049	-0.0136516244	-0.0426381448	0.0332308549	0.0273786964	-0.0458030203	-0.0063461704	0.0487171511	-0.0160245105	-0.0413587732	0.0350162597	0.0252794756	-0.046624473	-0.0038697424	0.04840144	-0.0183559655	-0.0399724692	0.0367111306	0.0231148951	-0.047253	-3.900000000000431e-05	1.521000000000336e-09	0.002232846009	-2.71053	0.0002200000000001	7.346972880899999	4.8400000000047967e-08	-0.272102	0.0225329999999999	0.0005077360889999	0.074039498404	-0.00872603	-3.919999999999271e-06	7.614359956089998e-05	1.5366399999994288e-11	-0.000456061	0.0004071889999999	2.07991635721e-07	1.6580288172091857e-07	0.000650567	-5.53000000000001e-06	4.23237421489e-07	3.0580900000000105e-11	0.0	0.0	0.0	0.0	0.0	0.0	0.0	0.0	0.0	0.0	0.0	0.0	0.0	0.0	0.0	0.0	0.0	0.0	0.0	0.0	0.0	0.0	0.0	0.0	0.0	0.0	0.0	0.0	0.0	0.0	0.0	0.0	0.0	0.0	0.0	0.0	0.0	0.0	0.0	0.0	0.0	0.0	0.0	0.0	0.0	0.0	0.0	0.0	0.0	0.0	0.0	0.0	0.0	0.0	0.0	0.0	0.0	0.0	0.0	0.0	0.0	0.0	0.0	0.0	0.0	0.0	0.0	0.0	0.0	0.0	0.0	0.0	0.0	0.0	0.0	0.0	0.0	0.0	0.0	0.0	0.0	0.0	0.0	0.0	0.0	0.0	0.0	0.0	0.0	0.0	0.0	0.0	0.0	0.0	0.0	0.0	0.0	0.0	0.0	0.0	0.0	0.0	0.0	0.0	0.0	0.0
54739.4262039118	37.646205724959145	2996404781.1335053	1417.236805485947	67268.9384897461	-493.4986098632799	4525110085.537244	243540.8779369897	55373.472335136605	-42.003197911632014	3066221438.450139	1764.268634803728	55534.32211509872	54462.22083470729	1.034529	23.699886	0.09151515	0.048842	0.0021288794	0.0184588023	-0.0049965288	-0.0153424696	-0.03073973	-0.0158681383	0.0191532417	-0.0357625963	-0.0021310566	-0.010744645	0.0113691602	0.0123931822	0.0017357336	-0.0332906262	-0.0419465189	-0.001390362	0.0439590652	0.0026814004	-0.0120700083	0.0345101817	-0.0072462634	0.0448197925	0.0008305405	-0.0319065793	0.0342516639	0.0200718586	0.0462786289	-0.0549008366	0.0008633755	-0.0574944328	-0.0374288329	0.0185690938	0.0578648735	-0.0422793208	0.019409539	0.0329756386	-0.0709922228	-0.0319693859	-0.031396576	0.0071730549	-0.0179688873	-0.0765362745	0.0086597937	-0.049187583	-0.0313271237	-0.013813794	0.0136637314	0.008985752	-0.0131131713	0.0130695913	0.0187774663	-0.0193048008	0.0112425367	-0.0193918518	-0.0400432988	-0.0054575996	-0.0019068343	0.0102368448	-0.0156252472	0.0657953091	-0.006942428	0.0068866182	-0.0292165383	-0.1047363171	-0.0008668854	-0.0331234742	-0.047560868	0.0151870417	0.0366694845	0.0080215283	0.0323972641	0.0564855095	0.0190911383	0.0197154454	-0.0230296778	-0.0099978584	-0.0866522496	-0.0144157987	0.03051701	-0.0077074978	-0.0781877424	-0.0338866675	0.0061194503	-0.02053733	-0.0381768687	-0.0407540367	0.0482639997	0.0035297483	0.0428567275	-0.0117649787	0.0489230934	0.0148315301	-0.0081753098	-0.0468868673	0.0450425702	0.0187972359	0.0262786032	0.0677234251	-0.0225637789	0.0336841014	0.0192091704	-0.0169064901	-0.0771082154	0.0279802358	0.0393062186	-0.0125583526	-0.0123115816	0.0407506594	-0.0256333464	-0.0657436405	0.0081784522	-0.0266401584	0.0019378971	0.0151576811	-0.0361924952	0.0060002459	-0.0422642844	0.0014412147	-0.0192566401	-0.0458821336	-0.0197462855	-0.0423178059	-0.0532889712	-0.0109394304	-0.0595068256	-0.033220437	0.0131126555	0.0613478073	-0.0384125291	0.0223313312	0.0279740275	0.0748713322	-0.0312386947	-0.0259927154	-0.0031767884	0.0102421141	0.078041513	-0.0450028545	0.0046655286	0.038879887	-0.0026119589	-0.0144234542	-0.0152413527	0.0073670381	-0.0166098852	-0.015316878	0.0076966901	-0.016991042	-0.0266443905	0.0181718689	0.020779581	-0.020080125	-0.003208278	-0.0272672878	-0.0599993987	0.0358694367	0.0583725649	0.039907845	0.0776151662	0.0190560871	0.0303040447	0.0612785447	0.0051597746	-0.0213826951	0.0011270912	-0.0416517037	-0.0577744261	-0.0054300969	0.0291983499	-0.0234402891	-0.004434919	-0.0747206734	-0.0003045636	0.0600395719	0.0132768495	-0.0586041391	0.0435296518	0.0091565565	-0.0339614813	-0.0295542316	-0.0462215264	0.0366165761	-0.0268499333	0.0188152966	-0.0237335351	0.0497348074	0.0196445562	-0.0456113587	-0.0059414737	-0.0417083672	0.0505105585	0.0147952707	-0.0511670101	0.0368709644	-0.0171057834	-0.0368231986	0.016740205	-0.0016460018	0.0630853434	0.0064139979	0.0328792233	-0.0079247895	-0.006106723	0.0563961615	0.0699707418	-0.0027056631	-0.024143757	-0.0055272452	0.001719938	0.0316518492	-0.0141101176	0.0286864759	0.0426051061	0.0157547297	-0.0107085154	0.0046105462	0.0034748224	0.0361020508	0.0225847783	0.0035328851	-0.0450559108	-0.0228971994	0.0291629734	0.0460472988	0.0090368459	-0.0059070541	-0.0219990573	0.0091695748	-0.0176876726	0.0432874477	0.0042946878	0.0581125783	-0.0114229	-0.0436411487	0.0317825624	0.0288138067	-0.0452249073	-0.0077152822	0.048824275	-0.0150624352	-0.0417972809	0.0345618882	0.0256733154	-0.0465391172	-0.0039616799	0.0483873377	-0.0186121956	-0.0397042937	0.0371352188	0.0223798066	-0.0475759455	-0.0001844653	0.0476620031	-0.0220510239	-0.0373746616	0.0394872168	0.01895291	-0.0370769	0.0101761	0.00010355301121	0.00137469651361	-2.69067	0.0198599999999999	7.239705048899999	0.0003944195999999	-0.312318	-0.0402159999999999	0.0016173266559999	0.0975425331239999	-0.00875595	-2.9920000000000987e-05	7.666666040250001e-05	8.95206400000059e-10	-0.0007581279999999	-0.0003020669999999	5.747580643838483e-07	9.124447248893959e-08	0.000557293	-9.327399999999996e-05	3.105754878490001e-07	8.700039075999992e-09	0.0	0.0	0.0	0.0	0.0	0.0	0.0	0.0	0.0	0.0	0.0	0.0	0.0	0.0	0.0	0.0	0.0	0.0	0.0	0.0	0.0	0.0	0.0	0.0	0.0	0.0	0.0	0.0	0.0	0.0	0.0	0.0	0.0	0.0	0.0	0.0	0.0	0.0	0.0	0.0	0.0	0.0	0.0	0.0	0.0	0.0	0.0	0.0	0.0	0.0	0.0	0.0	0.0	0.0	0.0	0.0	0.0	0.0	0.0	0.0	0.0	0.0	0.0	0.0	0.0	0.0	0.0	0.0	0.0	0.0	0.0	0.0	0.0	0.0	0.0	0.0	0.0	0.0	0.0	0.0	0.0	0.0	0.0	0.0	0.0	0.0	0.0	0.0	0.0	0.0	0.0	0.0	0.0	0.0	0.0	0.0	0.0	0.0	0.0	0.0	0.0	0.0	0.0	0.0	0.0	0.0
54725.20318224305	-14.223021668745789	2994847863.337785	202.29434538961215	67421.87665283203	152.93816308592795	4545709451.389696	23390.08172809789	55298.211574060086	-75.26076107651897	3057892203.2895126	5664.182157816874	55464.95244298585	54656.85559494216	1.013385	23.2155	0.19709294	0.10609	0.0024623816	0.0174491048	-0.0062720021	-0.0089108441	-0.0268872439	-0.0082940289	0.0195956002	0.0113644109	-0.0050965923	-0.0226330729	-0.0175134243	0.021031186	0.0167249634	-0.0434606735	0.0051673743	0.0214748092	0.0208941982	0.0038040742	-0.021928911	0.0319975183	0.0203899374	-0.0452084343	-0.0099435156	-0.0325890011	-0.0343171536	0.0303803472	0.0033479653	0.0502557931	-0.0343380244	-0.0107630934	-0.0340534325	0.023263856	0.0693208851	-0.1294403511	0.1077995475	0.0694375674	0.0619011153	-0.0056576984	0.0010967794	-0.0388000294	0.0235210791	0.0212276496	0.1274499264	-0.0490581814	-0.0002825193	0.0381440284	-0.0583408887	0.0169170543	-0.0476733915	-0.0423707403	-0.0252593305	0.0225051575	0.0026212443	0.0560208835	0.0244725582	0.0040895923	-0.0605271696	0.0076557052	-0.046589231	0.0226315703	-0.0646453739	0.0657246463	-0.0100567959	-0.0383306549	-0.0184354069	-0.0561911421	-0.0153061687	-0.0767607634	0.0684213898	-0.0733345071	-0.0187956807	-0.0104102087	0.0156407414	-0.0117165766	-0.0338575077	-0.009914291	0.009044013	-0.0085883237	-0.009460035	-0.0771451228	-0.0227469848	0.0666075629	0.0217458766	0.0381995339	0.0206544929	-0.1017821225	0.0237756429	-0.0199835589	0.0065052164	0.043058027	0.041650622	-0.0187172626	0.0032952105	-0.0143502102	-0.0192019872	0.0319395353	-0.0003168618	-0.0095039623	-0.0330207421	-0.0367583504	-0.0122906572	-0.0005107125	-0.0289964945	-0.0337396618	-0.053715939	-0.0096109294	0.0352006775	-0.0712799226	-0.0704387665	-0.0535064585	0.0311030853	0.0189717396	0.0035737692	0.0218331822	-0.0318649229	-0.0221343873	0.0463917257	0.0026428429	-0.0425347741	0.0241091826	-0.0343723563	-0.0029604639	0.0544408321	-0.0266276757	-0.0129325194	-0.0447619631	0.02128809	0.0572257493	-0.1208506098	0.1214305697	0.0658031455	-0.0540541316	-0.017615766	0.0042482172	0.0250378971	-0.0212149157	-0.0111639325	-0.0281115673	0.1359650021	-0.0093060685	-0.0536198906	0.0610642997	-0.0063725107	0.0487800548	0.0469676512	0.0129849181	-0.0209688944	0.0245352857	0.0531604702	-0.0058552876	-0.0216722355	0.0026695499	0.0467722052	-0.0469391961	0.012030389	0.0725352926	-0.0234381472	0.0549678237	0.0444954149	-0.0084638135	0.0368061503	0.0242693224	0.0500829112	-0.0836602087	-0.0815042228	0.0111092613	0.0053201173	0.0472776314	-0.012894571	-0.0318339502	-0.0088132941	0.0292903298	-0.0366913467	0.028382217	-0.0835557222	0.0435222467	0.0530548238	0.0155460547	0.0361848454	-0.0015817139	-0.083241691	0.0090871744	0.0048082971	0.0297540541	0.0201277944	0.0305523835	0.0073860998	-0.0331500759	0.0084372101	0.031690195	0.0563436861	-0.015951077	-0.0117998737	-0.0340907765	0.0204635939	0.037261501	-0.0126734282	0.0195512944	0.0204712657	-0.0413558361	-0.0391045377	0.0419370505	0.0237030655	-0.0684045487	0.089628137	0.0522885273	-0.0043894009	-0.0296523979	0.0087219228	0.0070694613	-0.0338828825	0.0389371572	0.0252509528	0.0338757996	0.0079159769	-0.0240951876	0.049641596	-0.0490087984	0.0272590873	0.0561742842	-0.0769656296	0.0516360668	0.0328774208	-0.0638203731	0.0661559763	0.1552133977	-0.2384437658	-0.0250570541	-0.0683275299	0.0685076271	0.0481780762	0.0485494871	-0.0116021956	-0.0434725442	0.0322015336	0.0282139416	-0.0455706274	-0.006620433	0.0487077002	-0.0164595684	-0.0409083818	0.0358438856	0.0239238614	-0.0471801374	-0.0015676912	0.0479229833	-0.0211404744	-0.0379056313	0.039101947	0.019377288	-0.0482838183	0.0035018582	0.046624473	-0.0255947285	-0.0344964857	0.0419407874	0.0146229661	-0.061295	-0.0242181	0.00058651636761	0.003757077025	-2.7321	-0.04143	7.46437041	0.0017164449	-0.289992	0.0223259999999999	0.0004984502759999	0.084095360064	-0.0102257	-0.00146975	0.00010456494049	2.1601650625000016e-06	-8.897019999999998e-05	0.0006691577999999	7.915696488039998e-09	4.477721613007061e-07	0.000600762	4.346899999999997e-05	3.6091498064400003e-07	1.889553960999997e-09	0.0	0.0	0.0	0.0	0.0	0.0	0.0	0.0	0.0	0.0	0.0	0.0	0.0	0.0	0.0	0.0	0.0	0.0	0.0	0.0	0.0	0.0	0.0	0.0	0.0	0.0	0.0	0.0	0.0	0.0	0.0	0.0	0.0	0.0	0.0	0.0	0.0	0.0	0.0	0.0	0.0	0.0	0.0	0.0	0.0	0.0	0.0	0.0	0.0	0.0	0.0	0.0	0.0	0.0	0.0	0.0	0.0	0.0	0.0	0.0	0.0	0.0	0.0	0.0	0.0	0.0	0.0	0.0	0.0	0.0	0.0	0.0	0.0	0.0	0.0	0.0	0.0	0.0	0.0	0.0	0.0	0.0	0.0	0.0	0.0	0.0	0.0	0.0	0.0	0.0	0.0	0.0	0.0	0.0	0.0	0.0	0.0	0.0	0.0	0.0	0.0	0.0	0.0	0.0	0.0	0.0
54769.7018566747	44.4986744316484	2999720241.469036	1980.1320261738388	67060.91462207031	-360.9620307617152	4497166269.948604	130293.5876516214	55389.83689706238	91.62532300229212	3068034031.483173	8395.199815274364	55553.01812262131	54550.39396877537	1.022753	23.430117	0.19109344	0.107073	0.001414159	0.0209086424	-0.0099799741	-0.016268947	-0.0127377652	0.0009439499	0.0225829182	-0.0030754053	0.0030888413	-0.0097858843	0.0247224482	0.0057931043	0.0077122187	-0.0659302258	-0.0110671346	-0.032473669	0.006244626	-0.0136497893	-0.0084746779	0.026098069	0.0214457179	0.0331981782	0.007591355	0.0297212013	-0.0132757304	-0.0015335209	0.02903139	-0.0529081218	-0.0274779141	-0.0477108818	0.0200593386	0.0216115382	0.0196323589	-0.0361324197	0.0811859833	0.0742831165	0.0623826914	-0.0055954911	0.029554033	-0.0301653909	0.0176129696	-0.0573503551	0.0476019726	-0.0126746291	-0.0233574232	-0.0807348477	0.0144666745	-0.034384369	-0.0043097233	-0.0055114243	0.0268617332	-0.035006051	-0.0329684877	-0.0118466645	-0.0410960016	-0.0363324266	-0.0013335059	0.0373373016	-0.0243120878	0.0057755061	-0.0028736944	-0.0361854059	-0.0208107914	-0.0020634664	0.0027029326	-0.0776001856	-0.0368955083	-0.0358984252	-0.0611694667	-0.0189321773	0.0625130031	-0.0007362524	-0.0716184529	0.0267587427	-0.0415380035	0.0049825239	-0.017324425	0.0160451827	-0.0072995535	0.0036813558	0.0381408834	-0.0106954652	0.003479817	0.0205074765	0.025174245	0.0103678689	0.0537861285	0.0460456218	0.0094630048	0.0225662304	-0.0456976401	0.0553678242	-0.0575859479	-0.0232869504	0.0548781249	-0.0058711419	-0.0217254687	0.016506692	-0.0400285595	-0.0132542975	0.0053000474	0.0116057863	-0.0224937047	-0.0361304835	-0.1160858027	0.0182954326	0.0295744982	-0.0152514367	0.0284226492	0.036431548	-0.0309614032	0.0291082874	-0.0137827757	0.0099293685	-0.0249963604	-0.0213677624	-0.0346789643	-0.0053437528	0.0249142328	0.0187790082	0.0040591761	-0.0246315884	-0.0492506505	-0.0328010355	-0.0496927305	0.0211376851	0.0246744848	0.0168561369	-0.0298174327	0.084563051	0.0712784766	-0.0579096136	-0.0158008192	0.0276874202	0.0300495994	-0.0151984551	0.0651452386	-0.0219529332	0.0462125436	0.0300576603	0.0565926633	-0.0191285712	0.0185184502	-0.0107241497	0.0164921594	0.000127981	0.0600565086	0.0090940749	-0.0144809988	0.0266899853	0.0392902302	-0.0329941527	0.0226910287	-0.0161738305	0.0082038269	0.0011169093	0.0466794775	0.0004491468	-0.0312401394	-0.0013751837	0.063866596	0.0233753923	0.0615616067	0.0414233649	-0.0504685155	-0.0389030009	0.0261066635	-0.0913275783	-0.0062982255	-0.0351177565	0.0156793007	-0.0199235001	-0.0150015437	-0.0293307291	-0.0050982689	0.0184601617	-0.0329487048	-0.0079749354	0.0169090236	0.0138856769	-0.0002423072	0.0615092962	-0.0653936878	-0.0028879821	-0.0156515611	-0.0494935811	0.0496840663	-0.0179650006	-0.0037524774	-0.0686385127	0.0076537081	-0.0112713544	-0.0442937001	-0.0239083153	-0.0008124988	0.0119713294	-0.0177694155	0.0020792396	0.0241913857	-0.0892662159	-0.0764937845	0.010638815	0.0328824136	-0.0477678723	-0.0488718653	-0.0011709664	0.0375927638	-0.0736560565	-0.0004279609	0.0576921768	-0.0243054514	0.0370270636	0.0471264444	0.0112997023	0.0190455842	0.0078623645	-0.0068540763	0.0100612167	0.0319600166	0.063851917	-0.0812259716	0.0515923075	0.0415029764	-0.006276018	-0.0210800067	0.1121252236	-0.1078082646	-0.0002606389	-0.0331591324	0.0588135345	-0.0106158325	-0.0403310901	-0.0117813266	-0.0433014723	0.0326163926	0.0276076712	-0.0459001824	-0.005522202	0.0485572616	-0.0178417553	-0.0399724692	0.0370750283	0.0221333376	-0.0477247713	0.0008300562	0.0473253789	-0.0236012772	-0.0359693177	0.0409083818	0.0162857183	-0.0487444668	0.0071683153	0.0452953387	-0.0289627561	-0.0313595323	0.0440518025	0.0101634351	-0.0610258	0.0002692	7.246864000000224e-08	0.0037241482656399	-2.67103	0.0610699999999999	7.1344012609	0.0037295448999999	-0.335858	-0.0458659999999999	0.0021036899559999	0.112800596164	-0.00914223	0.00108347	8.358036937289999e-05	1.173907240900003e-06	-0.000560322	-0.0004713518	3.1396074368400005e-07	2.221725193632401e-07	0.000477819	-0.000122943	2.28310996761e-07	1.5114981249000006e-08	0.0	0.0	0.0	0.0	0.0	0.0	0.0	0.0	0.0	0.0	0.0	0.0	0.0	0.0	0.0	0.0	0.0	0.0	0.0	0.0	0.0	0.0	0.0	0.0	0.0	0.0	0.0	0.0	0.0	0.0	0.0	0.0	0.0	0.0	0.0	0.0	0.0	0.0	0.0	0.0	0.0	0.0	0.0	0.0	0.0	0.0	0.0	0.0	0.0	0.0	0.0	0.0	0.0	0.0	0.0	0.0	0.0	0.0	0.0	0.0	0.0	0.0	0.0	0.0	0.0	0.0	0.0	0.0	0.0	0.0	0.0	0.0	0.0	0.0	0.0	0.0	0.0	0.0	0.0	0.0	0.0	0.0	0.0	0.0	0.0	0.0	0.0	0.0	0.0	0.0	0.0	0.0	0.0	0.0	0.0	0.0	0.0	0.0	0.0	0.0	0.0	0.0	0.0	0.0	0.0	0.0
54799.28351746928	29.58166079458169	3002961474.0279803	875.0746553656917	67651.46469628907	590.5500742187578	4576720675.553247	348749.39015978033	55328.77979554521	-61.0571015171663	3061273873.663932	3727.969645677552	55498.25556018078	54530.770473252334	0.892345	20.442619	0.0852712999999997	0.0500708	0.002579181	0.0188966798	-0.0083200037	-0.0146429399	-0.0153420481	0.0122828431	0.0111743616	0.020576039	-0.0134742547	0.0296681225	-0.014874779	0.0232737849	0.0109972469	-0.0637523174	0.0166074685	0.0124888261	0.0280914665	0.0215615131	-0.0162621793	0.0135966577	0.0552315158	-0.0024231647	-0.0321067015	0.0151511842	-0.0361079173	0.0264600468	0.0233136599	-0.0324281219	-0.0935064658	0.0042933805	0.0198823653	-0.0226625277	0.0301482833	-0.0968599288	0.0014441614	0.0302223049	0.0259006431	-0.005607475	-0.0220207331	0.0063604713	-0.0063604081	0.0149174407	0.037554698	0.0104063011	0.0557013449	0.0014113232	-0.0163192041	0.0262119883	0.0565663082	-0.0766480896	-0.0122355035	0.026878974	0.060672061	-0.038821767	-0.0003213009	-0.0247017629	-0.0841041585	-0.0327150432	-0.0668864636	0.0227678705	-0.0121298944	-0.0435596326	0.0168268727	-0.0442458575	0.0310205307	-0.00630316	0.0131164879	-0.0195871585	0.012686872	0.0215468321	0.0393111868	-0.0704813732	-0.048968344	0.0713025123	0.009091414	0.0236637527	-0.0540224522	-0.0334843178	0.0195068197	-0.0663082607	-0.017639676	-0.0057774055	-0.0259700642	-0.0095561271	0.0386897712	-5.01361e-05	-0.0039518872	-0.0222563638	-0.0695525791	0.0515604943	0.0279967794	0.0905886481	0.0462725563	-0.0452578518	0.0294434324	0.0152540013	-0.0275182286	-0.0237077279	0.0748525162	0.0047143047	0.0314323776	-0.0183473891	-0.0049988653	0.0074990234	0.0837440263	0.0125095276	0.0082058123	0.035759724	0.0587673989	0.0053430673	-0.0156465815	-0.0316876646	0.0217411083	0.0135707435	-0.011928055	-0.0561777991	0.0032815153	0.0274428828	-0.00827915	0.0446244618	-0.0245377461	-0.0131316493	-0.0210988511	-0.1018637058	0.0007080132	0.0176616649	-0.0177169126	0.0218151616	-0.0990015849	0.0119943979	0.0290247833	-0.0222415371	-0.0126689553	-0.0215569324	-0.0064042596	0.0089680362	-0.0153840007	0.0107633641	0.0411037279	-0.051225602	0.0071477913	0.0272224429	-0.027848276	-0.0430412423	0.0644370552	-0.0340080123	-0.0759967072	-0.045732373	-0.0273815163	-0.0305070739	-0.0115908798	0.0036987339	0.068879293	-0.0902962863	-0.0131073076	0.0119143002	0.0428933862	-0.0221203563	0.0042540293	0.0241868709	0.0137168579	-0.0196127448	0.0219114899	-0.0126983067	0.0011474986	-0.016619995	0.084958692	-0.0554408746	0.0565680644	0.0036499696	0.0026858401	-0.0462913626	0.0007094492	0.0814797644	-0.0552355356	-0.0117263458	0.0026624859	-0.0236469761	-0.0032573276	0.0390220733	-0.0051723809	-0.0017926789	0.0562932684	-0.0187213802	0.0447571532	-0.0004547201	0.0870188506	-0.0073220089	-0.0944033107	-0.0293661401	-0.0108825911	-0.0270870408	0.0446391339	-0.0150571193	-0.0533194132	0.0037730936	0.0199955996	0.0309403809	0.0081296767	0.0763464713	0.0271784361	-0.0157331081	0.0167590931	0.0646130949	-0.0227996394	-0.0621722284	-0.0019424797	0.0241061484	-0.0039901169	0.0595543942	-0.0122455721	0.0235990231	0.0303355779	0.0211839031	0.021602193	0.0079302327	0.0248436347	0.0117077292	-0.0104587422	-0.0151945037	-0.035794443	0.0241959055	0.0200147573	-0.0104020951	-0.0016666415	0.0144391072	-0.0195523647	-0.0081018813	-0.0138358226	0.0020724436	0.0160512663	-0.0294392175	-0.0119602904	-0.0431279427	0.0330270864	0.0269951331	-0.0462134553	-0.0044211503	0.0483730638	-0.0192077409	-0.0389906186	0.0382535695	0.0203048178	-0.0481719062	0.0032258135	0.0465961863	-0.0259867497	-0.0339023846	0.0425471181	0.0131193052	-0.0489555324	0.0107941057	0.0436829132	-0.0321319892	-0.0279873335	0.0458030203	0.0056138368	-0.0554705	0.0055552999999999	3.086135808999999e-05	0.00307697637025	-2.68184	-0.0108099999999997	7.192265785599999	0.0001168560999999	-0.329571	0.0062869999999999	3.952636899999984e-05	0.108617044041	-0.0082702	0.0008720299999999	6.839620804e-05	7.604363208999989e-07	-0.000569581	-9.25899999999996e-06	3.24422515561e-07	8.572908099999924e-11	0.00084891	0.000371091	7.206481881e-07	1.3770853028100005e-07	0.0	0.0	0.0	0.0	0.0	0.0	0.0	0.0	0.0	0.0	0.0	0.0	0.0	0.0	0.0	0.0	0.0	0.0	0.0	0.0	0.0	0.0	0.0	0.0	0.0	0.0	0.0	0.0	0.0	0.0	0.0	0.0	0.0	0.0	0.0	0.0	0.0	0.0	0.0	0.0	0.0	0.0	0.0	0.0	0.0	0.0	0.0	0.0	0.0	0.0	0.0	0.0	0.0	0.0	0.0	0.0	0.0	0.0	0.0	0.0	0.0	0.0	0.0	0.0	0.0	0.0	0.0	0.0	0.0	0.0	0.0	0.0	0.0	0.0	0.0	0.0	0.0	0.0	0.0	0.0	0.0	0.0	0.0	0.0	0.0	0.0	0.0	0.0	0.0	0.0	0.0	0.0	0.0	0.0	0.0	0.0	0.0	0.0	0.0	0.0	0.0	0.0	0.0	0.0	0.0	0.0
54731.35247302188	-67.93104444740311	2995520943.526158	4614.626799715057	67300.4795029297	-350.98519335937453	4529354541.32426	123190.60595751752	55309.87441066247	-18.905384882738872	3059182207.3232555	357.41357756449145	55468.60048094077	54439.7931409167	1.035227	23.715887	0.0595180999999995	0.0301693	0.0022751326	0.0298818546	-0.0070611925	-0.0282379481	-0.0313118331	-0.0030783785	0.0215563444	-0.0393739226	-0.0031587351	-0.0342440667	0.040027199	-0.0024092235	0.0434547213	-0.0663832795	0.0235394382	-0.0124329228	-0.0232845769	-0.0446267791	-0.0632269118	-0.0282201536	-0.014649508	-0.0194352821	0.0433388694	-0.0290937919	-0.0046910588	-0.0036742811	-0.113221139	-0.0473489115	0.021361004	-0.0327729761	0.0800710518	0.1142911182	-0.0085458633	-0.0502029755	-0.0205490084	-0.0053653355	-0.0150152367	0.0122841615	0.017310257	0.0163255035	-0.0055980747	-0.0566202653	-0.0264334239	0.0845137969	0.0764776256	0.062900031	0.0076956608	-0.0569908184	0.0849856131	-0.0164832316	0.0139759376	0.0280028511	0.1028968519	0.0396707336	-0.037917981	0.0180578671	-0.0041881316	-0.0266951642	-0.0765487156	0.0022010908	0.0271911285	-0.0258813025	0.039826844	0.0245157918	0.0350258439	0.0434526309	-0.0554116977	0.025363527	-0.0324806634	-0.0080108825	-0.0078059313	0.0529785679	0.0943277343	0.0545103085	-0.0518406699	-0.0090139116	-0.0334791247	0.0545322465	0.0406885484	-0.0274570379	-0.1222488622	0.0033823004	0.020210655	-0.0605868291	0.0149193242	-0.0782292098	0.0043340128	-0.0113197075	-0.0092357399	-0.0057333422	0.0675535531	0.0591171931	-0.0187068714	0.0090506052	-0.0038624272	0.0928190883	-0.0270693939	0.0052913976	-0.0081634814	-0.0517153841	-0.034307953	-0.0221652168	0.0679238762	-0.0389951225	0.0241471107	-0.0248882803	0.0244687098	0.1084193177	-0.0032538181	0.0903533007	0.0161379666	-0.0609596503	-0.0412118199	0.0657010558	0.0298999719	0.0139531837	0.0203923816	-0.0457765519	-0.022843172	-0.0101484593	0.0028497125	0.105501265	-0.0435586155	0.0367150498	-0.0419950734	0.0593126795	0.1220304524	-0.026654533	-0.0572004277	-0.0151750564	5.08228e-05	0.0156214435	0.0150582217	0.0053639654	-0.0148830891	0.0220170304	0.042935884	0.0926066061	-0.0378204467	-0.0973992494	-0.0289200826	-0.0354733254	0.0584937597	-0.0496412924	0.0121478863	-0.0614485123	-0.0751267085	-0.0608076798	0.0515293495	0.0119326978	0.0174904667	-0.0323068777	0.0021100597	-0.0756252377	-0.0148614592	-0.0227288914	-0.0353849323	-0.0457467722	-0.0300682818	0.0138569293	-0.0276650209	0.0399530131	0.0039264459	0.0533061481	0.0072142976	0.0055061151	-0.0659459061	0.0576081544	0.0831446473	-0.0527856472	-0.0192559057	-0.0269773413	-0.0520781554	0.0749279084	0.0505079011	-0.0573071245	0.0857012983	-0.0017141044	-0.0451939082	0.0388533543	-0.0456812879	-0.0440318282	-0.0101340339	0.0006292359	0.0059017962	0.0679580911	0.0832923121	0.0054016444	0.0100260974	-0.0041430693	0.0532469617	-0.0821446577	0.0048436491	0.0257438053	0.0374191371	0.0410292623	-0.0056648982	0.0207282834	-0.0643844698	-0.0111995209	0.0085620591	0.0404919432	-0.0980768251	0.0515474437	-0.0883176599	-0.0527340422	-0.0455500635	-0.0227072301	-0.0026081265	0.0738666301	-0.0149196283	0.0185890865	0.052453789	-0.00909447	0.0432305493	0.0068199588	0.0025709767	-0.041640726	0.0429538255	0.0363582501	-0.0462660524	-0.018582822	0.0779640832	0.0068370773	-0.0670543409	0.0185796881	0.0728167006	-0.0329522807	0.0233320871	-0.0398504345	0.0420374478	-0.1357809374	-0.0121390845	-0.0429519653	0.0334335625	0.0263764663	-0.046510335	-0.0033178403	0.0481552347	-0.0205562846	-0.0379639583	0.0393778372	0.018441441	-0.0485206286	0.0056138368	0.045737433	-0.0282892778	-0.0317123377	0.044011438	0.0098926005	-0.0489159345	0.0143586597	0.0417972809	-0.0350806749	-0.0244051859	0.0471801374	0.0010144892	-0.0615257	-0.0060552	3.6665447040000045e-05	0.00378541176049	-2.65628	0.0255599999999995	7.055823438400001	0.0006533135999999	-0.341482	-0.011911	0.000141871921	0.116609956324	-0.0083976099999999	-0.0001274099999998	7.051985371209831e-05	1.6233308099974282e-08	-0.0007581289999999	-0.0001885479999999	5.747595806408484e-07	3.5550348303962295e-08	0.0008450299999999	-3.880000000100014e-06	7.140757008998311e-07	1.5054400000776108e-11	0.0	0.0	0.0	0.0	0.0	0.0	0.0	0.0	0.0	0.0	0.0	0.0	0.0	0.0	0.0	0.0	0.0	0.0	0.0	0.0	0.0	0.0	0.0	0.0	0.0	0.0	0.0	0.0	0.0	0.0	0.0	0.0	0.0	0.0	0.0	0.0	0.0	0.0	0.0	0.0	0.0	0.0	0.0	0.0	0.0	0.0	0.0	0.0	0.0	0.0	0.0	0.0	0.0	0.0	0.0	0.0	0.0	0.0	0.0	0.0	0.0	0.0	0.0	0.0	0.0	0.0	0.0	0.0	0.0	0.0	0.0	0.0	0.0	0.0	0.0	0.0	0.0	0.0	0.0	0.0	0.0	0.0	0.0	0.0	0.0	0.0	0.0	0.0	0.0	0.0	0.0	0.0	0.0	0.0	0.0	0.0	0.0	0.0	0.0	0.0	0.0	0.0	0.0	0.0	0.0	0.0
54644.27276410376	-87.07970891811419	2985996545.9177723	7582.875705263496	67361.10275585938	60.62325292968308	4537518164.485446	3675.178795776328	55217.36697027624	-92.50744038623088	3048957615.1301537	8557.62652681206	55384.24644869469	54360.93576850396	0.921094	21.101215	0.0317493499999999	0.0203272	0.0028865832	0.028973691	7.0909e-06	-0.0184278984	-0.0214555161	0.0211595947	0.0179951899	0.0272961284	0.0010078821	-0.0055159592	0.0497359257	0.0155785917	0.0223831297	-0.0588745227	-0.0194096093	0.0026414993	0.0243877475	-0.0362412951	-0.0901586181	-0.0965198343	-0.0152790388	-0.1083169856	-9.45934e-05	-0.0210557678	0.0096887788	-0.0541343017	-0.1348342227	-0.0688046441	0.0365365779	-0.031894043	0.0401756573	0.0754793346	0.0433204531	-0.0142195938	-0.0461586319	-0.0309040978	-0.0518095229	-0.0412519399	0.0298208339	-0.0066673684	0.0453043482	0.0297252705	0.0003756484	0.0636611844	-0.0247041873	0.0126419687	0.0071813798	0.029197731	0.1080274851	0.0156678107	0.0148153367	0.0150685788	0.0389102685	0.0083230779	-0.0604385661	-0.0419628145	-0.0091194346	-0.0358920645	-0.1052239401	-0.0043744659	0.0069814486	0.0438957065	0.0904443331	-0.0224697559	-0.0750295238	-0.0605057945	-0.0533974685	0.0560187055	-0.008756355	0.0078081526	-0.0462457796	0.0257304568	0.0444246035	-0.0526037011	-0.055434532	-0.1049556016	-0.010400209	-0.0248713609	0.0338027965	0.0553840003	-0.0605643857	0.0447592149	-0.020734942	0.0188384624	0.0264672349	-0.0030049519	-0.0248220281	-0.008065509	-0.0079328248	-0.00435028	0.018490874	-0.0471464858	0.0079028962	-0.0496094652	0.0076293588	-0.0260059718	0.0091945967	-0.0400029524	-0.0354513981	-0.0432121556	0.0340585944	0.0144339889	-0.0074816765	-0.0073160389	-0.0262337827	-0.0112411538	-0.0029074934	-0.0399401361	-0.0471185081	0.0045107891	-0.0016946286	0.0109003276	-0.0313082045	0.0854229073	0.0996287248	0.0116308511	0.1096740645	-0.0052549939	-0.0261003509	-0.0089951644	0.0540114576	0.1323899014	-0.063719183	0.0415446903	-0.0416094273	0.0290027793	0.0759201753	0.0344198941	-0.0226748442	-0.0433206558	-0.0234474205	0.0490208227	-0.0270038423	0.0192459458	0.0147142628	-0.0362749882	-0.0348685865	0.1045290859	-0.0115224265	0.0184963707	-0.0108684278	0.0096417896	-0.0104233028	-0.099342094	-0.0216548422	-0.0351756926	-0.0326082188	-0.0250747665	-0.0006453917	0.0264757143	0.055210329	0.0040022569	0.0170904382	-0.1219069438	-0.0055413691	-0.0061025327	-0.0644778022	-0.0424768943	0.0653533915	-0.0699574192	0.0581115201	0.0809960765	-0.0240933699	0.0109328934	0.0302231325	0.0232180412	-0.0499582321	0.0468394502	-0.0556734663	-0.0545335816	-0.0794272409	-0.0336561606	0.0352323319	-0.0140244363	0.0512556724	0.0282611842	0.0804629734	-0.0251835656	0.0248646249	0.023091692	0.0010448964	-0.009777639	0.0083542844	0.0076628428	0.0139830315	0.0102643411	-0.0455059809	-0.0542821032	-0.0117735308	0.0069225949	2.3936e-06	0.0256923795	0.0021084263	-0.0540172253	-0.0046805196	0.0455596925	-0.0186357732	-0.0128028723	-0.0007608649	-0.0313452638	-0.0045265649	0.0050130154	-0.002014602	-0.0422627297	0.0193444714	0.0408476187	0.0008991853	-0.0471862056	-0.0011453624	0.0690343261	-0.0233627529	0.0127701595	0.0442090129	0.0041352069	0.0182440075	0.016562193	-0.0113264109	-0.0338060846	-0.0062607397	0.0229954062	-0.0641704015	-0.0044921638	0.0902097333	-0.0438004592	-0.085323141	0.019643381	0.1073569083	-0.092024328	0.0345089363	-0.0759292051	0.0065493788	-0.1251612342	-0.0123177063	-0.04277355	0.0338357689	0.0257518113	-0.0467907162	-0.0022128355	0.047903926	-0.021886162	-0.0368936684	0.0404462362	0.0165464061	-0.0487702262	0.0079884006	0.0447515066	-0.0305015125	-0.0294071302	0.0452953387	0.006620433	-0.0486258757	0.0178417553	0.0396502352	-0.0377885739	-0.0206399614	0.0481719062	-0.0035938487	-0.0616262	-0.0001004999999999	1.0100249999999282e-08	0.00379778852644	-2.67295	-0.0166699999999999	7.1446617025000005	0.0002778888999999	-0.338005	0.003477	1.2089529000000055e-05	0.114247380025	-0.0085647599999999	-0.00016715	7.33551138575983e-05	2.7939122500000444e-08	-0.0007581289999999	0.0	5.747595806408484e-07	0.0	0.000907917	6.288700000009993e-05	8.243132788889999e-07	3.954774769012569e-09	0.0	0.0	0.0	0.0	0.0	0.0	0.0	0.0	0.0	0.0	0.0	0.0	0.0	0.0	0.0	0.0	0.0	0.0	0.0	0.0	0.0	0.0	0.0	0.0	0.0	0.0	0.0	0.0	0.0	0.0	0.0	0.0	0.0	0.0	0.0	0.0	0.0	0.0	0.0	0.0	0.0	0.0	0.0	0.0	0.0	0.0	0.0	0.0	0.0	0.0	0.0	0.0	0.0	0.0	0.0	0.0	0.0	0.0	0.0	0.0	0.0	0.0	0.0	0.0	0.0	0.0	0.0	0.0	0.0	0.0	0.0	0.0	0.0	0.0	0.0	0.0	0.0	0.0	0.0	0.0	0.0	0.0	0.0	0.0	0.0	0.0	0.0	0.0	0.0	0.0	0.0	0.0	0.0	0.0	0.0	0.0	0.0	0.0	0.0	0.0	0.0	0.0	0.0	0.0	0.0	0.0
54707.60701777748	63.334253673718194	2992922265.611576	4011.2276884068874	67555.11404101562	194.0112851562444	4563693433.094626	37640.37876797759	55231.315101018496	13.948130742253852	3050498167.787994	194.55035120300695	55394.97045410621	54360.14686136617	0.901851	20.660398	0.0136483499999999	0.00930012	0.003028227	0.0287257472	-0.0025946063	-0.0233668209	-0.0303143478	0.0253896797	0.0169659153	-0.0260495677	0.0084104875	0.0444129529	0.0462797531	-0.022421694	0.0333640813	-0.0708280658	-0.0252549488	-0.0102731746	-0.029471791	-0.0168046518	-0.0832996347	-0.1160603307	0.0080653527	-0.0146025411	0.0409566684	0.0048490449	0.0152006986	-0.0619930864	-0.1069219059	-0.0533946605	0.0096649149	-0.0104657162	0.0699050527	0.0848608551	0.0022233103	-0.0043860896	-0.0508782584	-0.0001147664	-0.0183581878	0.0427728167	0.06074384	-0.0024168299	0.0122279361	-0.0715414202	-0.0883849727	-0.0250747449	0.0137150079	-0.0330094666	-0.0252176765	0.0107127438	0.0619323677	0.0870529978	-0.0175185557	0.0303375263	0.0435050834	0.039690044	-0.0408666595	0.036760339	-0.0504717786	-0.0518918835	0.0201949869	-0.0597443953	0.0430277294	0.0610311044	0.0670331259	0.0365901194	-0.0300472396	0.0007215753	0.0195353411	0.0177303914	-0.0319803329	0.0449729641	0.0205734762	0.0168307399	0.0539669501	-0.0165689857	-0.0115135036	-0.045912186	0.0785470085	0.0212556324	0.0122266107	0.007331025	0.0144943184	-0.003921946	-0.0220165168	0.0056805248	0.0596118638	-0.0339474388	-0.0260840794	0.0335717895	-0.0500697722	0.0255784621	-0.0014724675	-0.0135888664	0.0725116374	-0.0209313705	0.0178459438	-0.0520408819	0.0615410393	-0.0481609159	-0.0144710618	0.0393592233	-0.0273750358	-0.0692787056	0.0453599353	-0.0025164483	0.0036769149	0.0457852168	0.0189703032	-0.0287800366	0.0171750517	0.0332528061	-0.0241581002	-0.0138735597	-0.0118479279	0.0791837843	0.1180745078	-0.0074231202	0.0129926965	-0.0434950928	0.0071157843	-0.0110690949	0.0636250539	0.1077928914	-0.0502291478	0.0155679578	-0.0155922215	0.0527550887	0.0920288218	-0.0051878812	-0.0150032963	-0.0525002419	0.0053185501	0.013015325	0.0441751763	0.0561293672	0.007738674	-0.0057137113	0.0710578033	-0.0247677731	-0.0864856972	-0.0249586746	0.0188827196	0.0253625294	0.0238595981	-0.0695290784	-0.0821682162	-0.0047547872	-0.055269004	-0.0051827599	0.0425145602	0.0362262473	-0.0180423305	0.0111647748	0.0323808809	0.0068200543	0.0190029471	-0.0646546003	-0.1194170895	-0.0233802005	0.0136949439	-0.0328629516	0.0119420863	-0.0029678039	-0.0338153828	0.0300058742	0.0114555299	-0.0475282873	-0.0232143635	0.0330067009	-0.0055867452	-0.0134156186	-0.0666589138	0.0632409415	0.0095365638	0.0019713484	0.0269699991	0.0202165502	-0.0195290344	-0.0242932931	0.0253345873	0.0536339822	-0.024747938	-0.019652453	0.0070529246	0.0039891815	0.0822346809	-0.0258357454	-0.0288975792	0.0039115042	-0.057567897	-0.001760384	0.007216606	0.0899861675	0.0268063413	-0.0196105567	0.0503917064	-0.025523719	0.0712119583	0.0211095732	-0.0395353075	0.0250037475	-0.0341204039	0.0212818862	0.0068209129	-0.0300096273	-0.0349455129	-0.0342259429	0.0066414694	-0.0097392247	-0.0037753374	0.0700694954	-0.0217568758	0.0045852546	0.0530460918	-0.0200161533	0.0420809777	0.0047335974	-0.0092797534	-0.0267258103	-0.0056513592	0.0165526008	-0.0242340817	0.0329695403	0.0831019507	0.052867038	-0.1011587961	0.0315094081	0.0881717435	-0.0842853273	0.0488757073	-0.077793643	0.0161115288	-0.1301588325	-0.0124961534	-0.042592707	0.0342336544	0.0251213099	-0.0470544995	-0.0011067004	0.0476193122	-0.0231961654	-0.0357809787	0.0414572508	0.0146229661	-0.048920189	0.0103438118	0.0436411487	-0.0326163926	-0.0269951331	0.0463935571	0.0033178403	-0.0480868413	0.0212236325	0.0372552045	-0.0402370998	-0.016719905	0.0487702262	-0.0081703383	-0.0618394	-0.0002132	4.5454240000001563e-08	0.00382411139236	-2.67289	5.999999999994898e-05	7.144340952100001	3.599999999993878e-09	-0.332285	0.00572	3.271840000000004e-05	0.110413321225	-0.0085802299999999	-1.5470000000000067e-05	7.36203468528983e-05	2.3932090000000205e-10	-0.0007581289999999	0.0	5.747595806408484e-07	0.0	0.00104555	0.0001376329999999	1.0931748024999998e-06	1.894284268899999e-08	0.0	0.0	0.0	0.0	0.0	0.0	0.0	0.0	0.0	0.0	0.0	0.0	0.0	0.0	0.0	0.0	0.0	0.0	0.0	0.0	0.0	0.0	0.0	0.0	0.0	0.0	0.0	0.0	0.0	0.0	0.0	0.0	0.0	0.0	0.0	0.0	0.0	0.0	0.0	0.0	0.0	0.0	0.0	0.0	0.0	0.0	0.0	0.0	0.0	0.0	0.0	0.0	0.0	0.0	0.0	0.0	0.0	0.0	0.0	0.0	0.0	0.0	0.0	0.0	0.0	0.0	0.0	0.0	0.0	0.0	0.0	0.0	0.0	0.0	0.0	0.0	0.0	0.0	0.0	0.0	0.0	0.0	0.0	0.0	0.0	0.0	0.0	0.0	0.0	0.0	0.0	0.0	0.0	0.0	0.0	0.0	0.0	0.0	0.0	0.0	0.0	0.0	0.0	0.0	0.0	0.0
54689.64215565874	-17.96486211874435	2990956959.114005	322.73627094549573	67030.456734375	-524.6573066406272	4493082130.018918	275265.2894113971	55198.1394009913	-33.17570002719731	3046834593.331268	1100.6270722945794	55355.91241600262	54273.42928704596	1.010163	23.141699	0.0598538000000001	0.0349497	0.0028241782	0.0266945977	-0.0046012648	-0.0312203867	-0.0322938495	-0.0022814642	0.0226284796	-0.0370105991	-0.0021635033	-0.0470129573	0.0570230626	0.0153655223	0.0377635954	-0.0579001523	-0.0211538712	0.0196688818	0.015086341	-0.0158717871	-0.1130689512	-0.0646524707	-0.0528303577	-0.0501694708	-0.0078139395	-0.0279563952	-0.016337319	-0.0366423662	-0.0878100007	0.0127643988	0.0933167742	-0.1056691548	0.0709103565	0.0789790841	0.0118227988	-0.0126361193	-0.0169094065	0.0715449516	0.026502074	0.0063569382	-0.0561532977	0.014099762	0.0219995674	0.0126168298	-0.0278875594	-0.0405533043	0.0460721321	0.0519747675	0.0348389992	-0.0096424275	0.0791383148	-0.0016412781	0.0163004201	-0.0244841329	0.0259740629	0.0108357342	-0.0304900566	-0.0228409709	0.0243900894	-0.0264799241	-0.030754303	0.0438735265	0.024433014	0.0153235077	0.0081161928	0.0202050539	-0.0577569642	-0.0535092656	0.0279574368	0.0204254475	-0.0581162357	-0.0222045615	-0.0321322757	0.0368598603	0.0090072598	-0.0035168174	-0.0450722742	-0.0220409883	0.0121305825	-0.0449487615	0.0025422874	0.011537867	-0.0335370277	-0.0473455637	0.0674898718	0.0277161141	0.0215762449	0.0096437743	-0.0020298045	0.0384218255	-0.0177192819	-0.0158188028	-0.0163674272	-0.0191669255	-0.0488956164	-0.0055535935	-0.0478081667	-0.0236508722	-0.0068542883	0.0341022353	0.0213287111	0.002833897	-0.013208392	-0.034042214	0.051478062	-0.0035486267	-0.0354896699	-0.0318682338	0.0417289016	0.0121316154	0.1094823646	-0.0057461783	-0.021124879	0.0519218907	-0.0098747213	0.1120338945	0.066483524	0.0495364735	0.0541472656	0.0047119734	-0.0325574055	0.0043640055	0.0332421772	0.0735143597	0.0082676673	0.1137781243	-0.0977853313	0.0627171053	0.080669425	0.0116917593	-0.021530083	-0.0150701694	0.0771654211	-0.0216384903	0.0057260991	-0.0518240032	-0.0235334099	-0.0296505575	-0.023260516	-0.0260993607	-0.0217358015	-0.0510833738	-0.0542635752	-0.0390928092	0.003391843	-0.0729038027	-0.0002829413	-0.0138221163	0.0069254038	-0.0412292317	-0.0016117638	0.0180182045	0.0389235805	0.0107764815	-0.0161949653	-0.0390296495	-0.0446193974	-0.001124483	-0.0270008413	0.0140886232	-0.00421322	-0.0691572231	0.0552840962	-0.0205169761	-0.0201447252	0.0467043326	-0.017016012	0.0314334259	-0.0487677435	-0.0013747949	-0.014857649	-0.0468040904	-0.0295465902	-0.0004950349	0.0493048932	0.0034434603	-0.0024630632	-0.0483377369	0.0092004965	0.0516796195	0.0430324771	0.0235922858	0.0206350418	0.0013016438	-0.0521993967	-0.0048734202	0.0004615295	-0.0211318935	-0.0067723163	-0.0274718135	0.0246937475	0.0375789539	-0.0513054294	-0.0233431371	-0.0104655972	0.0436150636	-0.0129935923	-0.0011414112	0.0309339234	0.0114536923	-0.0534697663	-0.0341177343	0.00939053	-0.0071953525	0.079221014	0.0277720418	-0.0558621698	-0.0464196132	0.0473988649	0.0612240012	-0.0043738977	0.0790582494	-0.0187098113	0.0055854918	0.0422067851	0.0015223108	0.0022565326	0.0247122428	-0.0121202569	-0.0318844855	0.0199341869	-0.0046576284	-0.0481821242	-0.0856032951	0.0664601483	-0.0049911057	-0.085259892	0.0238272273	0.0809429076	-0.0761477263	0.0023380871	-0.0611534874	-0.0026982573	-0.1054999336	-0.0126744232	-0.0424094465	0.0346271681	0.0244851053	-0.0473015912	-0.0	0.0473015912	-0.0244851053	-0.0346271681	0.0424094465	0.0126744232	-0.0489702107	0.0126744232	0.0424094465	-0.0346271681	-0.0244851053	0.0473015912	-0.0	-0.0473015912	0.0244851053	0.0346271681	-0.0424094465	-0.0126744232	0.0489702107	-0.0126744232	-0.0616567	0.0001827	3.3379290000000335e-08	0.00380154865489	-2.65599	0.0169000000000001	7.054282880100001	0.00028561	-0.350359	-0.0180739999999999	0.0003266694759999	0.1227514288809999	-0.0082232699999999	0.0003569599999999	6.762216949289837e-05	1.2742044159999994e-07	-0.0007581289999999	0.0	5.747595806408484e-07	0.0	0.000908568	-0.0001369819999999	8.25495810624e-07	1.8764068323999973e-08	0.0	0.0	0.0	0.0	0.0	0.0	0.0	0.0	0.0	0.0	0.0	0.0	0.0	0.0	0.0	0.0	0.0	0.0	0.0	0.0	0.0	0.0	0.0	0.0	0.0	0.0	0.0	0.0	0.0	0.0	0.0	0.0	0.0	0.0	0.0	0.0	0.0	0.0	0.0	0.0	0.0	0.0	0.0	0.0	0.0	0.0	0.0	0.0	0.0	0.0	0.0	0.0	0.0	0.0	0.0	0.0	0.0	0.0	0.0	0.0	0.0	0.0	0.0	0.0	0.0	0.0	0.0	0.0	0.0	0.0	0.0	0.0	0.0	0.0	0.0	0.0	0.0	0.0	0.0	0.0	0.0	0.0	0.0	0.0	0.0	0.0	0.0	0.0	0.0	0.0	0.0	0.0	0.0	0.0	0.0	0.0	0.0	0.0	0.0	0.0	0.0	0.0	0.0	0.0	0.0	0.0
54730.59511326996	40.95295761122543	2995438041.45269	1677.1447371068268	67545.31147558594	514.8547412109474	4562369102.333922	265075.40454739163	55341.03985395008	142.90045295878372	3062630692.116492	20420.53945582556	55503.15194792162	54240.15553850446	1.0843	24.840097	0.1043810499999997	0.0567136	0.0013290328	0.0181033399	-0.0047161	-0.015208614	-0.0374965059	0.0328777605	0.0004014685	0.0419526929	0.0209279768	0.0061216565	0.0032410626	-0.0401300764	0.0592421536	-0.0713457389	-0.0187231685	0.0117512512	-0.0287783086	-0.0242500698	-0.024679279	-0.0541447504	0.0049106933	-0.0720380095	0.0225802237	0.0388176411	0.0048759192	-0.0240375762	-0.0622373575	-0.0283340784	0.0002679872	-0.0093762763	0.0697623129	0.0486478457	-0.0533812462	-0.0066580635	-0.0487706059	-0.0076602681	-0.0046391144	0.0059638985	0.0372444779	-0.0188453561	0.0931259773	0.0155072572	-0.0102571033	0.08630773	-0.0365235269	0.002514755	0.0102120939	-0.0323012576	0.0713682517	-0.0146411469	0.0113493214	0.0142333609	0.0082887214	-0.0321213571	0.0522091458	0.0243756979	-0.0237876528	-0.0542745466	0.0187345918	0.0035966328	0.0456760115	0.0358482992	-0.0343993214	0.020143625	0.0347887004	-0.0329615899	-0.0031195537	-0.0055296282	0.0051697863	0.0043226781	-0.0415888207	-0.013740576	-0.0472027762	-0.0302916203	-0.0322764854	-0.0165022336	0.0347752419	-0.0054512333	-0.0037922351	-0.0208012532	-0.017445296	-0.0527815034	-0.0034467591	-0.0779560759	0.0323158111	0.0881624668	0.0345542108	0.01907276	0.0167603668	0.0282148889	0.0309250829	0.0411644578	0.0161650225	0.0504863919	0.0348193342	0.0052834545	-0.0218257038	-0.0078994418	-0.0055181294	0.0059347064	-0.0450285072	0.0638544271	0.0110958506	-0.0590905601	0.0051549162	0.0678406444	0.0222140964	0.0029349048	0.0464408803	-0.02944028	0.0433031466	0.0502643707	-0.0205463024	0.0230974051	0.05816054	-0.0050712155	0.0705066802	-0.0208934808	0.0384621329	0.0147143163	0.0241647358	0.0623437686	-0.0221066662	0.0039856005	-0.0148783694	0.0610193172	0.0526466244	-0.0540288058	-0.0128022458	-0.0466042875	-0.0031982035	-0.0023608727	0.0137507148	0.0375490061	0.0211180567	-0.0815099042	-0.0163661424	0.102456469	-0.0208712264	0.0313146897	0.0154479174	-0.0182540227	0.0392316076	-0.0486816209	0.011311585	-0.0224899919	-0.0172229023	-0.0191450187	-0.0211969291	-0.0490093055	-0.0555330159	0.0372116754	0.0001261161	0.0074303121	-0.0083984224	-0.0412441584	-0.0307900039	0.0583001049	-0.0169709768	0.0183323562	0.0367171739	-0.0066101948	0.0197719242	-0.0036681999	0.0169595819	0.044898176	0.0161382339	-0.0179408958	-0.0464211316	-0.0300670533	-0.0277618517	0.0303358982	-0.0006196561	0.0196543756	-0.0026939151	-0.0525960459	-0.0227578502	0.0054621676	-0.0690359686	0.043449282	0.0783777922	0.0559517702	0.0247948246	0.022494222	0.0121586832	0.0093306961	0.0507946676	0.0552380861	0.0024506396	-0.0161815331	-0.0223567235	0.0001421329	0.028439025	0.0139648482	0.0419772664	-0.0164002752	-0.0842426588	0.0413270551	-0.0071972427	0.0101917296	-0.0678508404	-0.0097481591	0.0388114659	0.0457153925	-0.0065562972	0.0325181235	-0.0131766098	0.0398510083	-0.0074655697	0.066059237	-0.0196505217	-0.0168284734	0.0332352029	-0.0337685868	0.0602737161	-0.0091872261	0.0024861175	-0.0258750118	0.0048569025	-0.0247998517	-0.0035649246	0.0229924047	0.0171220521	-0.0482974007	-0.0715023497	0.0045018477	0.048030022	-0.0423576387	0.0050758721	-0.0541803066	0.0206669513	-0.0356981672	-0.0128525131	-0.0422237789	0.0350162597	0.0238433419	-0.0475319038	0.0011067004	0.046950984	-0.0257518113	-0.0334335625	0.0433014723	0.0107041222	-0.048920189	0.014974647	0.0410598248	-0.0365274207	-0.021886162	0.0480157186	-0.0033178403	-0.0462741461	0.0276076712	0.0317825624	-0.0442907033	-0.0085338634	0.0487702262	-0.0170661886	-0.053068	0.0085887	7.376576769000008e-05	0.002816212624	-2.70462	-0.0486299999999997	7.314969344399999	0.0023648768999999	-0.330895	0.0194639999999999	0.0003788472959999	0.109491501025	-0.00836299	-0.0001397200000001	6.993960174010002e-05	1.952167840002796e-08	-0.000456898	0.0003012309999999	2.08755782404e-07	9.074011536093974e-08	0.000795552	-0.0001130159999999	6.32902984704e-07	1.2772616255999992e-08	0.0	0.0	0.0	0.0	0.0	0.0	0.0	0.0	0.0	0.0	0.0	0.0	0.0	0.0	0.0	0.0	0.0	0.0	0.0	0.0	0.0	0.0	0.0	0.0	0.0	0.0	0.0	0.0	0.0	0.0	0.0	0.0	0.0	0.0	0.0	0.0	0.0	0.0	0.0	0.0	0.0	0.0	0.0	0.0	0.0	0.0	0.0	0.0	0.0	0.0	0.0	0.0	0.0	0.0	0.0	0.0	0.0	0.0	0.0	0.0	0.0	0.0	0.0	0.0	0.0	0.0	0.0	0.0	0.0	0.0	0.0	0.0	0.0	0.0	0.0	0.0	0.0	0.0	0.0	0.0	0.0	0.0	0.0	0.0	0.0	0.0	0.0	0.0	0.0	0.0	0.0	0.0	0.0	0.0	0.0	0.0	0.0	0.0	0.0	0.0	0.0	0.0	0.0	0.0	0.0	0.0
54829.17454981216	98.57943654219709	3006238381.8137693	9717.90530897706	67714.97084277344	169.65936718750163	4585317276.237658	28784.300874463504	55353.07662143375	12.036767483667065	3063963091.4583154	144.88377145586472	55503.42567346575	54880.39611816406	1.096694	25.124031	0.0469352500000002	0.0286384	-0.0014192696	0.0161020987	-0.0041758913	-0.0194692491	-0.0137194557	0.0118057064	-0.0178704728	-0.0231905378	0.005134141	0.0274634656	0.0625919602	0.0061286473	-0.0215812415	-0.0386889543	-0.0837900794	0.009408662	-0.0138198001	0.0018514533	-0.0445902393	-0.0653599864	-0.0010461755	-0.0001065207	-0.0240474964	0.0014318791	0.0876657101	-0.0390398168	-0.0127477194	-0.0849450221	-0.0023347474	0.0284902898	-0.0304916209	0.007413838	-0.0065588692	-0.0124966716	-0.0421684431	0.0140023895	-0.0179216955	0.0401348986	-0.0429452223	-0.035957551	0.0315590691	0.0561471494	-0.0153339144	-0.0107378607	-0.0464550716	-0.0136777682	-0.041162634	0.0157190959	0.0250959438	0.0302033492	0.0201967008	-0.0271321083	0.0357993282	0.0426779458	0.025613074	-0.0532729808	-0.0035696369	-0.016740618	0.0020724902	-0.001736615	0.0097265184	0.0441055597	-0.0482456995	-0.0148896522	0.0249788091	-0.036393721	0.0269396723	-0.0044829549	-0.035365829	0.0245151637	0.0024700967	0.0062120285	-0.0431528706	-0.0353763683	0.0185270911	0.0132478375	0.0321538189	-0.0210433143	-0.0297607385	0.0237587179	-0.0048534566	0.0066841117	-0.0365323519	-0.0091040494	0.0068342343	-0.0023743431	-0.0769147481	0.0143213959	0.0295642964	0.0167650304	-0.0504782434	0.0322924197	-0.0049097205	0.0560990181	-0.0444605305	-0.0326610107	0.0115655602	-0.0039562021	0.0020667209	0.0084222437	0.0467189633	0.0826119953	-0.0134966068	-0.0073206556	0.0359605726	0.040357857	0.0134907153	-0.0694435712	0.0307430833	0.0024178292	0.0403807267	-0.0427121897	0.006073824	0.0391075811	0.0693781313	-0.0008378973	0.003357309	0.0343507236	0.0228054793	-0.0858000411	0.0404686332	0.0203597271	-0.0833101186	-0.015805982	0.0118284143	-0.0373037491	-0.0010763189	-0.0136770968	-0.0181488342	-0.0392723549	0.0174258019	0.012308642	0.0468004396	-0.0378399663	0.0329752169	-0.0385416761	-0.050482862	-0.0100711035	-0.0058824415	0.0438602735	0.0073149217	0.0467499303	0.0128047746	-0.0198845425	-0.0300639773	-0.0143174698	0.0116189318	-0.0350584558	0.0504945238	-0.0109832357	0.0314286961	0.0577082659	0.0089226166	-0.0069813598	0.0004555235	-0.0087471508	-0.0054289808	0.0624003903	0.0095759708	0.0301268926	0.0327111766	-0.0367592135	0.009086838	0.0213701332	0.012652221	-0.0115765389	4.90523e-05	-0.0382783084	-0.047006874	0.0194393214	0.012682858	0.0316192505	0.0315335319	-0.0446178154	-0.0107813666	-0.0048246656	0.008431006	-0.0408446312	-0.0014515853	0.0111254667	0.0011358527	-0.0505152619	-0.0018735999	0.0407580455	-0.0256183917	-0.0629192015	0.0003292468	0.0551116543	0.0161012264	0.0425691371	-0.0137093658	0.0299719613	-0.0223868591	-0.027426936	-0.0420260448	-0.0056462313	-0.0796946675	0.0125109896	0.0226331405	0.0747516535	-0.0226502805	-0.0145041584	0.04504923	-0.0407386758	-0.017804461	-0.0115011314	-0.0561943474	0.0329741681	-0.0053411793	0.0508349243	-0.0239512344	-0.0183580432	0.0177396839	-0.0029849578	-0.0149671053	0.0607053565	-0.0594126919	0.0197711094	-0.004774864	-0.0241998617	-0.0162126764	0.008764798	0.0271195421	0.0398349475	-0.046497427	0.0228337177	0.0222045983	-0.0464166442	0.0100223704	-0.0370227262	-0.0160652407	-0.0066295338	-0.0130304206	-0.0420357148	0.0354008796	0.0231961654	-0.0477453555	0.0022128355	0.0465677344	-0.0269951331	-0.0322015336	0.0441320627	0.0087154456	-0.0487702262	0.0172389684	0.0395960362	-0.0383110855	-0.0192077409	0.0485330118	-0.006620433	-0.0450097667	0.0305736153	0.0287391785	-0.0458679577	-0.0043292863	0.0481719062	-0.0213067153	-0.0516848	0.0013831999999999	1.913242239999984e-06	0.00267131855104	-2.71124	-0.0066200000000002	7.3508223376	4.382440000000387e-05	-0.332528	-0.0016329999999999	2.6666889999999853e-06	0.110574870784	-0.0088077399999999	-0.0004447499999999	7.757628390759825e-05	1.9780256249991118e-07	-0.0007581289999999	-0.0003012309999999	5.747595806408484e-07	9.074011536093974e-08	0.000795552	0.0	6.32902984704e-07	0.0	0.0	0.0	0.0	0.0	0.0	0.0	0.0	0.0	0.0	0.0	0.0	0.0	0.0	0.0	0.0	0.0	0.0	0.0	0.0	0.0	0.0	0.0	0.0	0.0	0.0	0.0	0.0	0.0	0.0	0.0	0.0	0.0	0.0	0.0	0.0	0.0	0.0	0.0	0.0	0.0	0.0	0.0	0.0	0.0	0.0	0.0	0.0	0.0	0.0	0.0	0.0	0.0	0.0	0.0	0.0	0.0	0.0	0.0	0.0	0.0	0.0	0.0	0.0	0.0	0.0	0.0	0.0	0.0	0.0	0.0	0.0	0.0	0.0	0.0	0.0	0.0	0.0	0.0	0.0	0.0	0.0	0.0	0.0	0.0	0.0	0.0	0.0	0.0	0.0	0.0	0.0	0.0	0.0	0.0	0.0	0.0	0.0	0.0	0.0	0.0	0.0	0.0	0.0	0.0	0.0	0.0
54811.94127930384	-17.23327050831722	3004348906.8058524	296.985612412836	66957.49074804687	-757.4800947265758	4483305567.274782	573776.0939069822	55304.575401202856	-48.50122023089352	3058596060.307332	2352.368363885635	55455.45463769624	54002.01069494471	1.061482	24.317358	0.0610547499999998	0.0368591	-0.0002115072	0.0095323209	-0.0016849812	-0.0177756023	-0.0137781334	0.0217558665	-0.003959996	-0.0283792372	0.0075522875	-0.029194589	-0.0003146528	-0.0125328796	0.0376480292	-0.038803517	0.040819663	0.044467114	0.0690981022	0.0262232757	-0.0326007769	-0.0498391795	0.0130300378	-0.0235060877	-0.0017038612	0.0715983227	-0.0037620067	-0.0562383554	0.0525306246	0.0374109742	-0.0504027485	-0.0601391217	0.047066434	-0.0191483529	-0.0403971322	-0.0028861866	-0.0056966661	0.0265475201	0.0422759701	-0.0161120099	0.0062721882	0.0261189114	-0.034303803	0.0396818936	-0.0108720564	0.0413875829	-0.0118676135	-0.0073124264	-0.0151431035	-0.0164186895	-0.0483865183	0.0522997908	0.007205342	-0.0022060596	0.0097442681	0.0711430899	-0.0513337298	-0.0561880473	0.028560103	-0.0603037852	0.039307343	0.0245547496	0.0346858113	0.006025709	-0.0263548262	0.0362504618	0.0321296074	0.0240548515	0.0548674919	-0.0084769324	-0.0066421968	-0.0364975299	-0.0534494808	-0.0198276506	-0.0221826705	0.0151394951	-0.0164514022	-0.0827426475	0.0155896885	0.0278839664	-0.0466094837	-0.0281172353	-0.0028164241	0.0404595741	0.0139710812	-0.0286700564	-0.0319166843	0.0342813409	0.0185777268	0.0239126333	0.0186082506	-0.0500999079	-0.0298984072	0.024089327	-0.017249889	0.0235908229	0.0167329033	0.0483706605	-0.0554203873	0.0268122427	-0.0060741526	0.0039683298	-0.0123121247	-0.0609550096	0.0045409761	0.0245708623	0.0415838693	-0.0328099349	-0.0206948462	-0.0355804539	0.0268749244	-0.0207175767	0.034372245	0.0346188474	0.0305864864	0.030393365	0.0519339074	-0.0137183616	0.0198425985	0.0063387873	0.0642886527	0.0321407886	0.0574089549	-0.0507526787	0.0451528766	-0.0435540862	-0.0553693162	0.0555167413	-0.0071522628	-0.032377205	-0.0036819169	-0.0038496623	0.0252356195	-0.0425381142	-0.0205545956	0.0053403949	-0.0219735022	0.0345251367	-0.0334698576	0.0167024343	-0.0099018036	0.019465728	0.0299599998	0.0088330121	0.0170754668	0.0584829924	-0.0463818571	-0.0023055523	-0.0012808128	-0.0056650133	0.0449524952	0.0828959366	0.0373107673	0.0694987359	-0.026417726	0.0079212155	-0.0453578734	-0.0318792137	-0.0118540697	0.0192578926	-0.0414531397	0.0263464136	-0.0171751963	-0.0575801314	-0.0141503524	-0.0008826366	-0.0194751435	0.072272754	0.0164230833	0.002679551	-0.0141748219	-0.0174535243	-0.0763345039	-0.0033305936	-0.0514942435	-0.0420300401	-0.0317833353	0.0145032378	0.018956386	-0.0025837357	-0.0391212577	-0.0240964839	0.0469137825	-0.0006279637	-0.0488878152	-0.014498342	-0.0326247645	0.0080466334	0.0021509226	0.0280249127	0.0048423604	-0.0395938477	0.0061600567	-0.0718278404	-0.0280860873	0.0145866202	0.0273528888	-0.0060491623	0.0520472973	0.0198164965	-0.0095279128	0.0425612087	0.0473200745	-0.0268338153	0.0336502321	-0.0082395631	0.008357834	0.0318732812	-0.0133001183	-0.0030346382	-0.0050306492	0.0551924899	-0.0183227992	-0.0121718467	0.0006262052	0.0174969082	0.0288259176	0.0168773634	0.027333675	0.0083920451	-0.0392591807	-0.0464937785	-0.0236093245	-0.048937203	-0.0254736291	-0.0199170971	-0.0324055489	-0.022895506	-0.0017245957	-0.0244751983	-0.0431603346	-0.036504019	0.0176199296	-0.0267540305	-0.0132081433	-0.0418452649	0.0357809787	0.0225437227	-0.0479418706	0.0033178403	0.0461521087	-0.0282139416	-0.0309324975	0.0449000392	0.0067118073	-0.0485206286	0.0194619585	0.0380221508	-0.0399724692	-0.0164595684	0.0488513503	-0.0098926005	-0.043514927	0.0333661115	0.0255160508	-0.0471303837	-9.22328e-05	0.0471801374	-0.025358424	-0.0526362	-0.0009513999999999	9.051619599999964e-07	0.00277056955044	-2.74207	-0.0308299999999999	7.5189478849	0.0009504888999999	-0.345134	-0.012606	0.000158911236	0.119117477956	-0.00853247	0.0002752699999999	7.280304430090001e-05	7.57735728999452e-08	-0.000700052	5.807699999989995e-05	4.900728027040001e-07	3.372937928988378e-09	0.000795552	0.0	6.32902984704e-07	0.0	0.0	0.0	0.0	0.0	0.0	0.0	0.0	0.0	0.0	0.0	0.0	0.0	0.0	0.0	0.0	0.0	0.0	0.0	0.0	0.0	0.0	0.0	0.0	0.0	0.0	0.0	0.0	0.0	0.0	0.0	0.0	0.0	0.0	0.0	0.0	0.0	0.0	0.0	0.0	0.0	0.0	0.0	0.0	0.0	0.0	0.0	0.0	0.0	0.0	0.0	0.0	0.0	0.0	0.0	0.0	0.0	0.0	0.0	0.0	0.0	0.0	0.0	0.0	0.0	0.0	0.0	0.0	0.0	0.0	0.0	0.0	0.0	0.0	0.0	0.0	0.0	0.0	0.0	0.0	0.0	0.0	0.0	0.0	0.0	0.0	0.0	0.0	0.0	0.0	0.0	0.0	0.0	0.0	0.0	0.0	0.0	0.0	0.0	0.0	0.0	0.0	0.0	0.0	0.0	0.0	0.0
54901.20651788637	89.26523858252767	3014142477.119609	7968.282819195587	67577.99543212891	620.5046840820432	4566785466.624836	385026.0629677563	55374.82431886182	70.24891765896609	3066371168.3448105	4934.910432256198	55535.30329931316	54943.49216689073	1.064113	24.377617	0.03389925	0.0183748	-0.0036166184	0.0049281178	-0.0130119442	-0.0125151197	-0.0086433296	0.0310742873	-0.0579008832	0.0488882377	0.0314515193	-3.01399e-05	-0.005253289	0.0031018885	0.0277863042	-0.0726443255	-0.0750768379	-0.0067817432	-0.0303087351	-0.0069439127	-0.0190721844	-0.0301988939	0.0011596223	-0.0343460832	0.0116054768	-0.0059362116	0.0602411749	0.0527630022	-0.0047155054	-0.015306535	-0.0567844253	0.0912294141	0.0139454962	-0.0089567409	-0.0308313621	0.0143844661	0.0519981595	-0.015969934	0.0384794769	0.0193637305	-0.0417705364	-0.0205962159	0.0637830439	0.0448309396	0.0556918659	0.0116220926	0.0070731437	-0.0190534869	0.0639879389	0.0216076883	-0.0171022058	-0.0369061053	0.0156793371	0.026630176	0.0001941211	0.0138091468	0.049223938	-0.0262446083	-0.0500876222	-0.0441025603	0.0023302073	-0.0591781569	-0.0076896947	-0.0287260221	-0.1095317752	0.008652625	0.0105890087	0.0705948926	0.0154425103	0.1093629479	-0.0053202293	0.0206841863	0.0073957144	-0.0163604743	-0.0398670963	-0.0141309062	0.0366761873	-0.0489643508	-0.0230177406	-0.0160074398	-0.0202569626	-0.0200419512	0.0379555989	0.020066745	-0.0319059175	-0.0220658973	0.0765765935	0.0187116387	-0.0424375248	0.0162040559	0.0077183316	-0.0184178037	-0.0528087868	0.0483543308	0.0231216322	-0.0114930078	0.0316288784	-0.0081092483	0.0261176604	-0.0897066318	0.0245879451	0.0818981361	0.0374601515	0.0187158981	0.0153410614	0.0236776424	-0.0215617892	-0.0069521664	-0.0223834009	-0.0069365596	0.0442074235	0.0127927934	0.0698131025	-0.0489757486	-0.0049765813	0.0153238109	0.0352898177	-0.0016450278	0.0357704881	-0.0069691959	0.0189831012	-0.0545912145	-0.0522451153	0.0147808996	-0.0099154154	-0.0672259634	0.0867951812	0.0064438854	-0.0047836341	-0.0355562978	0.0185468585	0.0494348459	-0.0140914837	-0.0393240869	0.0216140872	-0.0301356689	0.0017661934	-0.0662561807	-0.038816966	0.0057169285	0.0617809119	0.0023165002	0.0232290489	-0.0480932861	-0.0517290058	0.0122017582	0.0378085787	-0.0279354091	-0.0187156904	0.01072815	0.0231014562	-0.0236210438	-0.036489011	0.0563048342	0.0292792207	-0.0134051573	0.0596148886	-0.0391802164	0.0564058772	0.0661060456	-0.0503615229	0.0405838435	-0.0690608813	0.0163900857	-0.1129646898	0.0263581657	0.0413467328	-0.0059654433	0.016617724	-0.0260551113	-0.0352464592	0.040057388	-0.0318291586	-0.0328359266	-0.0004164728	-0.025657834	-0.0464724998	0.0408091627	-0.0225864455	-0.0349747595	-0.0008873048	0.080641899	0.0211280323	-0.0234625816	-0.0176368143	0.0098619716	-0.0234537514	-0.0307747769	0.0047556668	0.0322833886	-0.0518212206	-0.0258551523	0.0131567753	0.0501656872	0.0749060124	-0.0613237797	-0.0305662075	-0.0665680654	-0.0063092948	-0.0054785348	-0.0103818854	-0.0030553655	0.0164660336	-0.0428687091	0.040063817	-0.0124910944	-0.0302161307	-0.0007156414	-0.0792047148	-0.0316703859	-0.0127066882	0.0604357094	-0.0164437405	-0.0366961901	-0.0055716532	-0.0100462769	0.0496987125	0.026557479	-0.0116747606	-0.0392109961	0.0372955037	-0.0181554019	0.0142550151	0.0322023264	-0.0242085419	0.0120827529	-0.0284682391	0.0180980104	-0.0008359643	-0.0324540621	-0.0066015589	-0.006723786	0.0241524136	0.0102835807	-0.0133856785	-0.0416524399	0.0361565084	0.021886162	-0.0481213794	0.0044211503	0.0457043959	-0.0294071302	-0.0296279125	0.0456043123	0.004696647	-0.0481719062	0.0216382877	0.0363425447	-0.0415062691	-0.0136516244	0.048969429	-0.0131193052	-0.0417972809	0.0359693177	0.0221333376	-0.0480693164	0.0041455125	0.0458030203	-0.029185409	-0.0564196	-0.0037833999999999	1.4314115559999994e-05	0.00318317126416	-2.75896	-0.01689	7.6118602816	0.0002852721	-0.339658	0.0054759999999999	2.998657599999979e-05	0.115367556964	-0.00843555	9.692000000000034e-05	7.11585038025e-05	9.393486400000066e-09	-0.0007581289999999	-5.807699999989995e-05	5.747595806408484e-07	3.372937928988378e-09	0.000795552	0.0	6.32902984704e-07	0.0	0.0	0.0	0.0	0.0	0.0	0.0	0.0	0.0	0.0	0.0	0.0	0.0	0.0	0.0	0.0	0.0	0.0	0.0	0.0	0.0	0.0	0.0	0.0	0.0	0.0	0.0	0.0	0.0	0.0	0.0	0.0	0.0	0.0	0.0	0.0	0.0	0.0	0.0	0.0	0.0	0.0	0.0	0.0	0.0	0.0	0.0	0.0	0.0	0.0	0.0	0.0	0.0	0.0	0.0	0.0	0.0	0.0	0.0	0.0	0.0	0.0	0.0	0.0	0.0	0.0	0.0	0.0	0.0	0.0	0.0	0.0	0.0	0.0	0.0	0.0	0.0	0.0	0.0	0.0	0.0	0.0	0.0	0.0	0.0	0.0	0.0	0.0	0.0	0.0	0.0	0.0	0.0	0.0	0.0	0.0	0.0	0.0	0.0	0.0	0.0	0.0	0.0	0.0	0.0	0.0	0.0
55022.88589351571	121.67937562934094	3027517972.0508504	14805.87045354625	67597.49075976563	19.49532763671596	4569420757.0166	380.06779966290094	55527.35792432302	152.53360546119802	3083287478.055878	23266.50079499242	55675.03702946599	55126.85164557122	0.967061	22.154285	0.0581322999999999	0.039939	-0.0050803464	0.0070064248	-0.0131673501	-0.0189912323	0.0167688519	0.0092784425	-0.0453350397	-0.0281965927	0.0218521093	-0.0161143086	0.0546219747	-0.0055149581	-0.0099008357	-0.0373110923	-0.0012005677	-0.0005906717	0.0222076475	-0.0296836173	-0.0052718428	-0.0036749217	-0.0073610663	0.0170505249	-0.0265070406	0.06674066	0.062268309	0.0466944915	-0.0389755592	-0.0081575966	-0.0242449917	0.0134515799	0.0091472886	0.0240224387	-0.0316949394	0.0303319739	-0.0151572729	0.0361025629	0.0266535735	0.0317083683	-0.0208070199	0.0535103553	0.0229884339	-0.0174364401	0.010705312	0.054544258	-0.0244172233	0.0330455411	-0.0063629744	0.0374862801	-0.0392998929	-0.0030156418	-0.0025126294	-0.0039094089	0.0181109343	-0.0174279022	0.0104408523	0.0399228715	-0.0191270691	0.0477729777	0.0418251495	0.0100907684	-0.0015607814	-0.0033965942	-0.0131344393	0.0002661312	0.0272893932	0.0543562566	0.02151068	0.0157207596	-0.0072900359	-0.0122646323	0.0344959034	0.0240333857	0.0104616889	-0.0421904374	-0.0103245162	0.02629668	0.0668514841	0.0006580735	0.0202486308	0.0372241656	-0.0150759527	-0.0175527778	-0.0246773537	-0.0487588511	0.0492949474	0.0115716087	-0.0538802163	-0.0266942541	-0.049012208	-0.0479928752	-0.0099149315	0.0310844568	-0.0127780261	0.0105140043	-0.0297470408	0.0130427211	-0.0044559926	0.0095633435	0.0104455949	-0.0040186106	-0.0040771579	0.0282170225	0.0047751605	-0.0489396558	0.0397385581	-0.0009538335	-0.0294230306	0.0208844864	-0.0058577758	0.0373025575	-0.0492108199	0.0800854311	-0.0267740565	0.0064639847	0.0077177384	0.007989636	-0.015358457	0.0403942435	0.0813238352	-0.0320973244	-0.0433093779	0.0446098664	-0.0093034718	-0.021646047	0.0082860157	0.0030441254	0.0275511053	-0.0348945815	0.0271899122	-0.01765467	0.0386707428	-0.0294871381	0.0320873309	-0.0198188345	-0.0470468537	-0.0121387369	0.0217124841	0.0493537145	-0.0002233684	0.0239428651	-0.016259471	0.0184722024	-0.0317042743	0.0504642988	-0.0131852804	-0.0059290638	-0.0143991037	-0.0161654641	-0.0060539358	-0.0193659098	-0.01789383	-0.0385802663	0.0185230812	0.0649934968	-0.0104399188	0.0116922377	0.0078447065	0.0060976777	-0.0047360117	0.0332833289	-0.0511666885	-0.0195797675	-0.0274162492	0.000163704	-0.0166496583	-0.0282166973	-0.0173647341	-0.0033724012	-0.024871144	0.0026307421	0.0196391632	0.0566525765	0.0325584497	-0.0104587732	0.0597624182	-0.0143685726	0.0024080255	-0.0248663873	-0.0217663322	0.0742101966	0.0307979372	-0.0682812406	0.0085957113	-0.0472252906	0.0017692915	0.0139163849	0.0069095153	0.016657862	0.0010040396	0.0190996275	-0.007894673	-0.0198694095	-0.0091564887	0.0119365371	-0.0066485829	-0.0005753331	-0.0400317722	0.0450930899	0.0022416761	0.0251570513	-0.0053749353	-0.0255254785	-0.04822472	0.0177862519	-0.047311234	0.0389365263	0.0721936238	0.0046380416	-0.0107773704	0.0630000875	-0.0139280232	-0.0290473569	-0.0162119851	0.0127542052	0.0394607002	0.0374670097	-0.0309683362	0.010937835	-0.0037821681	0.0079027067	-0.0119328607	-0.0221602394	-0.0277308643	-0.0129258342	-0.0312497418	0.0228093344	-0.0180884981	-0.0137552725	-0.011306167	0.0013238107	0.029663911	-0.0235475119	-0.0135630238	-0.0414572508	0.0365274207	0.0212236325	-0.0482838183	0.005522202	0.0452249073	-0.0305736153	-0.0282892778	0.0462438827	0.0026734239	-0.0477247713	0.0237627379	0.0345618882	-0.0429075896	-0.0107941057	0.0488867639	-0.0162857183	-0.039865623	0.0383684655	0.0186121956	-0.048678311	0.0083521601	0.0440518025	-0.032753756	-0.0565194	-9.979999999999711e-05	9.960039999999425e-09	0.0031944425763599	-2.76181	-0.00285	7.6275944761	8.122500000000109e-06	-0.380322	-0.0406639999999999	0.0016535608959999	0.144644823684	-0.00872592	-0.0002903699999999	7.61416798464e-05	8.431473689999992e-08	-0.0007581289999999	0.0	5.747595806408484e-07	0.0	0.000795552	0.0	6.32902984704e-07	0.0	0.0	0.0	0.0	0.0	0.0	0.0	0.0	0.0	0.0	0.0	0.0	0.0	0.0	0.0	0.0	0.0	0.0	0.0	0.0	0.0	0.0	0.0	0.0	0.0	0.0	0.0	0.0	0.0	0.0	0.0	0.0	0.0	0.0	0.0	0.0	0.0	0.0	0.0	0.0	0.0	0.0	0.0	0.0	0.0	0.0	0.0	0.0	0.0	0.0	0.0	0.0	0.0	0.0	0.0	0.0	0.0	0.0	0.0	0.0	0.0	0.0	0.0	0.0	0.0	0.0	0.0	0.0	0.0	0.0	0.0	0.0	0.0	0.0	0.0	0.0	0.0	0.0	0.0	0.0	0.0	0.0	0.0	0.0	0.0	0.0	0.0	0.0	0.0	0.0	0.0	0.0	0.0	0.0	0.0	0.0	0.0	0.0	0.0	0.0	0.0	0.0	0.0	0.0	0.0	0.0	0.0
55041.76696880912	18.881075293407772	3029596111.0486865	356.4950042353335	67655.21681445313	57.72605468750408	4577228362.210662	3332.297389784711	55495.01428576825	-32.343638554768404	3079696610.5776224	1046.1109549615012	55652.50136216996	55308.61628925274	0.8573549999999999	19.641041	0.02217375	0.0104631	-0.0068072474	0.0025387165	-0.0138612927	-0.0152252027	0.020977101	0.0137350556	-0.0503222626	0.0103835185	0.0091617076	0.0055484452	0.047552089	0.0082587962	-0.0205466805	-0.0680105764	0.0037968676	0.0010230148	0.0051473389	-0.0269576983	0.0206617792	-0.024385055	-0.0099373695	-0.0058393514	-0.0262643286	-0.0229066585	0.062489938	-0.000542183	-0.0046378302	-0.0714825063	-0.0348569053	0.0235208948	0.0453687832	-0.0206976756	0.000621104	-0.0058859493	0.0149496689	0.0078703402	0.0050166965	-0.0057344183	0.0476233732	0.0078006117	0.1168118521	0.0545757755	-0.0052986864	0.0200354724	-0.0060299979	0.0097927524	0.0095825429	-0.0370546744	-0.011444765	-0.0392847534	-0.0559821431	-0.0106720181	-0.0266393892	-0.0020735428	0.0392191171	-0.0341251735	-0.0398657732	0.0599827819	-0.0521199051	0.0449882942	-0.0329030071	-0.0294258711	0.0037922438	0.0032117199	0.0615384265	0.0518387855	0.0624561749	-0.0530920722	0.0305346049	-0.0191625394	0.0412148711	0.0297032567	0.0233321359	-0.0102096761	0.0374814982	-0.0431334903	0.006305435	0.0145207809	-0.0556798587	-0.0270775422	0.0405334227	-0.0248377414	0.0077240975	0.0071645551	-0.0660067413	-0.0037014641	-0.029687266	0.0290215118	-0.0062401567	0.0008276055	-0.0360832529	0.0961014516	-0.0635785864	-0.0213600651	-0.0088289631	-0.0382483362	-0.0508525318	-0.0030693482	-0.0235265635	-0.0213839028	0.0143616252	-0.0297564982	0.0685869004	0.0456022459	0.0163406101	-0.0037976942	-0.0460724871	-0.0079186061	-0.0490888043	-0.0411555119	-0.0832487326	-0.0218171966	-0.0262765751	-0.0198214921	0.0251026575	0.0108808212	0.0070845425	0.0304950954	-0.0043902958	-0.0577450424	0.002342558	0.0150063269	-0.0611592361	-0.051630548	0.0203048218	0.0472138058	-0.0090125952	0.0039147731	-0.0052495302	0.0174251342	0.0089060298	-0.0074908679	-9.29205e-05	0.055611661	-0.0198606022	-0.1092782067	-0.0461865712	0.0454477789	-0.0007838695	0.0017949471	-0.0047076843	-0.0166001654	0.0289180479	0.0132666287	0.0520587254	0.0666495246	0.0075984778	0.0186536171	0.0080975237	-0.0471337803	0.0203619162	-0.0128347965	0.0673440231	-0.0277101016	-0.0220016294	0.0483237435	0.0277349115	-0.0179339928	-0.0260305632	0.0542366306	-0.0530633921	-0.0670657769	0.0153470432	-0.0554506111	-0.0327910137	-0.0476156005	-0.032118483	0.0276448247	-0.010929248	0.041594498	-0.0358967536	-0.0108431805	-0.0230584108	-0.038345547	-0.0333720476	-0.0155027545	-0.0482146273	0.0011192988	-0.0163056598	-0.052829207	-0.0012801889	-0.048393922	-0.0420240877	-0.0083631207	-0.0311495272	-0.0472023237	0.0811609515	-0.0200371171	-0.0214526993	-0.0251517949	-0.0593573138	-0.0268851084	-0.0428976274	-0.0263445239	0.0028369393	0.0142835209	0.0303694263	-0.0407088455	-0.0629991339	0.0167058042	0.0275146993	-0.0188699471	-0.046131333	-0.021641424	0.0404528187	-0.0180639629	0.0490476423	0.0068582573	-0.0135901415	0.06401627	-0.0071769439	-0.0419377984	-0.0225768533	0.0190203765	0.030798446	0.0365003067	-0.0242223143	-0.0214996224	-0.0116642898	-0.0110567441	0.0146388975	0.0126820968	-0.0379893027	-0.0020738374	-0.031511286	0.0357491001	-0.01066919	-0.0236502237	0.0110019124	0.0029662811	0.020295186	-0.0136364156	-0.0137401766	-0.0412597087	0.0368936684	0.0205562846	-0.0484291295	0.006620433	0.0447139763	-0.0317123377	-0.026918132	0.046817843	0.0006456115	-0.0471801374	0.0258302158	0.0326851323	-0.044171958	-0.007897389	0.0486036939	-0.019377288	-0.0377298441	0.0405499443	0.014974647	-0.0489531875	0.0124961534	0.0419407874	-0.0360318425	-0.0523282	0.0041911999999999	1.7566157439999993e-05	0.00273824051524	-2.76881	-0.0070000000000001	7.666308816100001	4.900000000000164e-05	-0.374924	0.005398	2.913840400000015e-05	0.1405680057759999	-0.00861423	0.0001116899999999	7.420495849290001e-05	1.2474656099999856e-08	-0.00075813	-1.0000000999791855e-09	5.747610968999999e-07	1.0000001999583812e-18	0.000795552	0.0	6.32902984704e-07	0.0	0.0	0.0	0.0	0.0	0.0	0.0	0.0	0.0	0.0	0.0	0.0	0.0	0.0	0.0	0.0	0.0	0.0	0.0	0.0	0.0	0.0	0.0	0.0	0.0	0.0	0.0	0.0	0.0	0.0	0.0	0.0	0.0	0.0	0.0	0.0	0.0	0.0	0.0	0.0	0.0	0.0	0.0	0.0	0.0	0.0	0.0	0.0	0.0	0.0	0.0	0.0	0.0	0.0	0.0	0.0	0.0	0.0	0.0	0.0	0.0	0.0	0.0	0.0	0.0	0.0	0.0	0.0	0.0	0.0	0.0	0.0	0.0	0.0	0.0	0.0	0.0	0.0	0.0	0.0	0.0	0.0	0.0	0.0	0.0	0.0	0.0	0.0	0.0	0.0	0.0	0.0	0.0	0.0	0.0	0.0	0.0	0.0	0.0	0.0	0.0	0.0	0.0	0.0	0.0	0.0	0.0
55138.18424010259	96.4172712934742	3040219361.295498	9296.290203679402	67885.30263183593	230.0858173828019	4608414313.415951	52939.48336071207	55649.55493683511	154.54065106686176	3096872964.667829	23882.81283216952	55803.84975246789	55111.83854314631	0.897475	20.56015	0.0422326499999999	0.0293064	-0.0066238462	0.0026653796	-0.01477836	-0.0186164038	0.0313802761	0.0203562976	-0.0656691882	-0.0305126021	0.0265980768	-0.0091532127	0.0256016872	-0.027415013	0.0133609166	-0.0588487946	0.0460554531	0.0182511512	0.0254309749	-0.0493836891	0.0212758729	-0.0034304391	-0.0249680054	0.0162536255	-0.0841890343	0.0773370557	0.0414103785	0.0219617141	0.0351479145	-0.0402999247	0.0417406037	0.0330895074	0.0198706786	-0.0226766612	-0.02642977	0.0240174662	0.0619829015	0.0141552984	-0.0028949292	0.0274853227	-0.0134648886	0.0672361653	-0.0042382612	0.0382792909	-0.0128428417	0.0275316999	-0.018821684	-0.0145747891	0.015837995	-0.0434589474	-0.0145734635	-0.0483307367	0.0490076297	0.0080962028	0.0060792115	-0.0180026211	0.0024818507	0.003140598	0.0032608768	-0.0253014504	0.018106265	-0.0441635555	0.0257770877	0.0227043152	0.0084383839	0.0099260719	0.0164604646	0.0291087152	0.012515736	-0.0310557124	-0.0093014428	-0.0026223271	0.02740748	-0.0366692443	-0.0095052867	0.0196929029	-0.0344514486	-0.023880563	0.0162519826	-0.0069470264	-0.013443396	0.0185097075	0.0140202149	-0.0355034232	-0.0100347822	-0.0050507081	0.0314332122	0.0278967371	0.008568554	-0.0007222016	0.0247191327	-0.0371715743	0.0137073811	0.0128289056	0.0015108743	0.064297426	0.0089925384	0.0018872031	-0.0094710157	0.0153549884	-0.0001313275	0.0627705624	-0.0041800271	0.0140205638	-0.0163803033	-0.0038273087	-0.0258535559	0.0274367509	-0.0076305682	-0.0191832814	0.014947715	-0.0545257044	0.0008749257	-0.0086593957	-0.0478306923	-0.0190723755	0.0059770037	0.0251277451	-0.0165147321	0.0942972731	0.0776819511	-0.0053284229	-0.0166735177	-0.0288826793	-0.0502833487	0.0226846766	0.0370291113	0.0215358277	-0.0205109328	-0.0191824938	0.0284137693	0.0595483901	0.0154590455	-0.0005795614	0.0333354431	-0.0042558453	-0.0643807674	0.0056164417	-0.0287102894	0.0136710446	-0.0167453359	0.0290732923	0.0324516042	-0.0165823956	0.0131387612	0.0285215801	0.0529127754	-0.0467175003	0.0086141668	-0.0106437132	-0.0261146063	0.0009679834	-0.0107534555	0.0292121179	-0.0137359339	0.017715033	0.0280493542	-0.033425244	-0.0385176944	-0.0045826826	-0.0020878145	0.0180370257	-0.0288661448	-0.0271562411	0.0244061807	-0.0026065564	-0.0167679799	-0.020432327	0.0356844759	-0.0092373617	0.0008131458	-0.0347885538	-0.033015197	-0.0089521351	0.0223802363	-0.0301652287	0.0077523361	-0.0256565973	-0.0330485873	-0.0175461335	0.0047907796	0.0318592376	0.0243121386	0.009272555	-0.0174214273	-0.0021358194	-0.026465438	0.0281948144	0.0199232483	0.0586777714	0.0375547144	-0.0077535005	-0.0103322396	0.0130176996	0.0065243927	0.0069524375	0.0015200872	-0.0618352241	-0.008901412	-0.0109590634	0.0150747143	-0.0029128764	-0.0336258508	-0.0155419151	0.0375014076	-0.0027070291	0.0680248489	-0.0167618014	0.0125739654	-0.0344164589	-0.0142003782	0.0756387166	-0.0026603621	-0.0459844584	-0.0311390041	0.0148261538	0.0464735751	0.0360456916	-0.0153986342	-3.51188e-05	-0.0336926309	-0.0158172705	-0.0044152112	-0.0450632769	-0.0388519697	-0.0212651138	-0.0154497339	0.0010758066	0.0145303478	-0.0176150748	0.0006795359	-0.0163692381	0.0131968988	-0.0263662722	-0.0139171345	-0.0410598248	0.0372552045	0.0198842699	-0.0485572616	0.0077152822	0.044171958	-0.0328222635	-0.0255160508	0.0473253789	-0.0013833093	-0.0465391172	0.0278357645	0.0307174953	-0.0452953387	-0.0049719936	0.0481213794	-0.0223798066	-0.0354008796	0.0425013783	0.0112434423	-0.0488920593	0.0165464061	0.0394872168	-0.0389906186	-0.0614983	-0.0091701	8.409073401000001e-05	0.0037820409028899	-2.7711	-0.0022899999999999	7.678995210000001	5.2440999999995565e-06	-0.38113	-0.006206	3.851443600000056e-05	0.1452600769	-0.0081229	0.0004913299999999	6.598150441e-05	2.414051688999999e-07	-0.0007581289999999	1.0000000999791855e-09	5.747595806408484e-07	1.0000001999583812e-18	0.000795552	0.0	6.32902984704e-07	0.0	0.0	0.0	0.0	0.0	0.0	0.0	0.0	0.0	0.0	0.0	0.0	0.0	0.0	0.0	0.0	0.0	0.0	0.0	0.0	0.0	0.0	0.0	0.0	0.0	0.0	0.0	0.0	0.0	0.0	0.0	0.0	0.0	0.0	0.0	0.0	0.0	0.0	0.0	0.0	0.0	0.0	0.0	0.0	0.0	0.0	0.0	0.0	0.0	0.0	0.0	0.0	0.0	0.0	0.0	0.0	0.0	0.0	0.0	0.0	0.0	0.0	0.0	0.0	0.0	0.0	0.0	0.0	0.0	0.0	0.0	0.0	0.0	0.0	0.0	0.0	0.0	0.0	0.0	0.0	0.0	0.0	0.0	0.0	0.0	0.0	0.0	0.0	0.0	0.0	0.0	0.0	0.0	0.0	0.0	0.0	0.0	0.0	0.0	0.0	0.0	0.0	0.0	0.0	0.0	0.0	0.0
55109.0013748096	-29.182865292990755	3037002032.5287666	851.6396267088444	67872.59040722657	-12.712224609364055	4606688528.587144	161.60065451892115	55573.69880885819	-75.8561279769201	3088435999.2976866	5754.152151650881	55733.17242692971	55377.16552829495	0.901398	20.650013	0.0874432000000001	0.0490308	-0.0098786313	-0.0069050833	-0.0171768993	-0.0099268077	0.0384993421	0.0265044892	-0.0772306641	0.032477297	0.0074548782	0.0117917235	0.0501957243	0.0110694743	-0.0043638219	-0.0578081549	-0.0064572757	0.0340969423	0.0016532348	-0.0405379818	0.0268293529	-0.0257815689	0.0206092374	0.0183192352	-0.0264050599	0.0184367435	0.0352420561	-0.0063028257	-0.0203582843	-0.0664162104	-0.0092336231	0.0197450359	0.0088278703	-0.0530096835	-0.0415209199	-0.0191396871	-0.0120181227	-0.0052409062	-0.0830921945	-0.0624608972	0.0020096304	0.0390357142	0.0586126001	0.0177557023	0.022341895	-0.0099210672	0.0382616047	0.021971044	0.0034953941	0.0396001202	-0.0833800711	-0.0425739545	0.0388386494	0.0280283676	0.0513593466	-0.0014233209	-0.0510461583	-0.0309071199	0.0009411213	0.0180134625	-0.048201654	-0.0149376463	0.0206605271	-0.0306914978	-0.0849827018	-0.069662435	0.0023201734	0.0751498793	0.0291360291	0.0411257381	-0.0119556154	0.0324119824	0.0225496396	0.0018475461	0.0227143947	-0.0422254216	0.0217475575	0.0137673124	-0.0556084714	0.100457634	-0.0521232006	-0.0787186643	0.0025481159	0.0019730048	0.0201845134	0.0175798808	-0.0002612893	0.0001163935	-0.0595080655	-0.0120395324	-0.0108305149	0.035312766	-0.0176920045	-0.0012755608	0.0166283163	-0.0032207431	-0.015596526	-0.0206262915	-0.0161980949	0.0056858219	0.0436805703	-0.012211178	0.0374523194	-0.0008287516	-0.0207216622	-0.0467618072	0.0199443789	-0.0665895104	0.0207150423	0.0145469003	-0.005457656	-0.0031204554	0.0087037731	0.0057825641	-0.0400483103	-0.0275978843	0.0289993575	-0.0186888927	-0.018781808	0.0307258017	0.0260293464	-0.0239011986	0.008981106	0.0257890698	-0.0600916966	-0.0238641199	0.0177033429	0.0192351996	-0.0550901189	-0.0376026511	-0.0173814823	-0.011447649	-0.0124717445	0.0859617148	-0.0538683325	0.0176316827	-0.044821511	-0.0618958557	-0.0110161433	0.0008845396	0.0222948812	-0.0328941813	-0.0097714177	0.0077265441	-0.0568041081	0.0727180318	0.0332914564	-0.0599112689	-0.0306892052	-0.0013346414	0.0021775646	0.0205497046	0.0573810551	-0.0346710938	-0.0024363881	-0.0431747255	0.0037945563	-0.0292679838	0.0754284177	0.0482124604	0.0259901862	0.027230216	-0.0686753646	-0.0294263409	-0.0560715466	0.0376762816	0.0288055513	-0.0577666913	-0.0132090569	0.0426036723	-0.0243367752	0.0218575236	0.03509134	-0.0194540966	-0.1285392313	0.0148094795	-0.0460071478	-0.0209611637	-0.0189923968	-0.0105899878	0.0254261431	-0.0010015005	0.0150758066	-0.0420391754	0.027713755	0.0269945988	0.0029187546	-0.0418455273	-0.002072359	0.0043590314	-0.0138246767	0.0154303277	-0.0135183627	-0.0073167338	-0.0065342886	-0.0155755457	-0.0676899115	0.0202437558	-0.0018909761	0.0459545445	0.0122578623	-0.0108083428	0.0405019445	0.0221186474	-0.0090690936	0.0120540626	0.0126781921	0.0131246972	0.0140737746	0.0055505946	-0.0193381546	0.0625290275	-0.0070599633	-0.0607387095	-0.0486479001	0.0218442319	0.0313573208	0.0555338403	-0.0364607115	-0.0551229545	-0.0459159674	-0.023586475	-0.0076871453	0.0047976756	-0.0662976228	-0.0100272843	-0.0096536455	0.0322726161	-0.0046790623	-0.016762014	-0.0077403898	0.0195185594	0.0275636793	-0.0111024794	-0.0140938949	-0.0408576104	0.037611983	0.0192077409	-0.0486681691	0.0088061905	0.0435992294	-0.0339023846	-0.0240846454	0.0477657704	-0.0034098553	-0.0458030203	0.0297745756	0.0286644484	-0.0462741461	-0.0020285429	0.0474417976	-0.0252794756	-0.0328906545	0.0442116967	0.0074419176	-0.0484953459	0.0204725349	0.0367111306	-0.0416038638	-0.0505154	0.0109828999999999	0.0001206240924099	0.00255180563716	-2.81551	-0.04441	7.927096560100001	0.0019722481	-0.364077	0.017053	0.000290804809	0.132552061929	-0.0079872699999999	0.0001356300000001	6.379648205289841e-05	1.8395496900027143e-08	-0.000593813	0.0001643159999999	3.52613878969e-07	2.6999747855967132e-08	0.000795552	0.0	6.32902984704e-07	0.0	0.0	0.0	0.0	0.0	0.0	0.0	0.0	0.0	0.0	0.0	0.0	0.0	0.0	0.0	0.0	0.0	0.0	0.0	0.0	0.0	0.0	0.0	0.0	0.0	0.0	0.0	0.0	0.0	0.0	0.0	0.0	0.0	0.0	0.0	0.0	0.0	0.0	0.0	0.0	0.0	0.0	0.0	0.0	0.0	0.0	0.0	0.0	0.0	0.0	0.0	0.0	0.0	0.0	0.0	0.0	0.0	0.0	0.0	0.0	0.0	0.0	0.0	0.0	0.0	0.0	0.0	0.0	0.0	0.0	0.0	0.0	0.0	0.0	0.0	0.0	0.0	0.0	0.0	0.0	0.0	0.0	0.0	0.0	0.0	0.0	0.0	0.0	0.0	0.0	0.0	0.0	0.0	0.0	0.0	0.0	0.0	0.0	0.0	0.0	0.0	0.0	0.0	0.0	0.0	0.0	0.0
55111.93943681827	2.938062008666748	3037325868.487525	8.632208366770884	68071.83173144532	199.24132421874677	4633774275.274205	39697.10527643976	55637.74233105658	64.0435221983862	3095558371.6970453	4101.572735575186	55789.298053193386	55071.28221831879	1.148539	26.311741	0.12701245	0.0656425	-0.0093526923	-0.0015057432	-0.0144937175	-0.0165545243	0.0333209138	0.0292128944	-0.0620687741	-0.038460379	0.0042013558	0.0142968985	0.0357219802	-0.0071055617	0.0255807749	-0.046870604	0.0966573954	0.0258860529	0.0044534883	-0.0875695913	0.0390021826	0.005575313	-0.0210658707	0.0474064792	-0.0171609391	0.0551860968	-0.0420897186	0.0431853969	0.0232277759	0.0329754403	0.0357827507	-0.0679150586	0.0359586733	0.0615749731	0.008540252	0.0664543228	0.0381467181	0.0527747087	-0.0260568828	-0.0071916095	-0.0295812592	0.0119991789	-0.0318104367	-0.000423271	0.0188057371	0.0172367212	-0.0253643239	-0.0575843365	0.0539976819	0.0097001874	-0.0116435615	0.0360850133	0.0661059842	-0.044758178	-0.0383553055	0.0014112481	-0.0157925151	-0.0721886803	0.0400650799	-0.0024505112	0.0225421228	-0.0453294036	0.0200602282	0.027661332	-0.0029652029	0.0301190724	-0.005883235	0.0944319728	0.0313401911	-0.0411274074	-0.0530990041	0.0633411546	0.098322593	-0.0006950497	0.0580398009	0.0344515128	-0.0482654273	0.0548470509	-0.0350340369	-0.0053457427	-0.0137348199	0.044621498	0.0042440542	-0.0113655895	0.0398853475	0.0262634896	0.0092849468	0.0341911128	0.0403058619	-0.053421761	0.0729685952	-0.0380409976	-0.0470170574	-0.0071756633	-0.0014133376	-0.0041932227	-0.0154399819	0.0414550248	0.0434246269	-0.1006510842	0.0272135533	-0.003387127	-0.0152401355	-0.0059635251	-0.0387177834	-0.0028966274	0.0457418703	0.0091657702	0.0579955879	-0.0435426303	0.0232535156	-0.0384727928	-0.0114523046	-0.0116056812	-0.0856685001	-0.0308668993	-0.0050271226	0.0244837787	-0.0485692109	0.0248480392	0.0453309044	0.0576711965	-0.041999326	-0.0321989195	0.0249797014	0.0472440665	-0.0590763252	0.0295981546	0.0679057739	0.0107115296	0.0646152535	0.0317176198	0.0559663729	0.0288923263	-0.0062732138	-0.0315309748	-0.0115067118	0.0296761532	0.0083688452	-0.0027075331	0.0142880437	0.0410819776	0.0590917232	-0.0418791825	-0.0303187039	-0.0044593851	-0.0322411192	-0.0260447885	0.082419296	0.0010441414	-0.0095109075	0.028373189	0.058483701	0.0479599002	-0.0151694705	0.0302094288	0.0279428416	-0.0547049754	-0.0269890728	-0.0067681561	-0.0149998338	-0.0022580564	-0.0994932045	-0.0561274044	0.0204292898	0.047601171	0.0131810388	-0.125231897	0.0101980999	0.0118205381	0.0553582829	-0.0421976097	0.0528697444	-0.0222420811	0.0169559792	-0.0346888173	0.016042523	-0.0035694286	0.0081101284	0.0246900181	0.03445323	0.0053902405	0.0233494721	0.0456451633	-0.0042627865	-0.0099613636	-0.1083961476	0.0123033407	-0.0408280842	-0.0100370245	-0.0015163551	0.0172347504	0.0621298964	0.018519118	0.0799236425	-0.049109948	0.024237965	0.0181016748	-0.0014479548	0.0527060452	0.0344004901	0.0590570719	0.0142210791	0.0387243354	0.0506374307	-0.0062186452	0.019837088	-0.0065229045	-0.0016615173	0.0435457322	-0.016563192	0.0817026425	-0.0040854304	-0.0531979498	-0.0416853483	0.0266350128	0.0509617901	0.0330044862	0.0078905069	-0.0314766113	-0.0537046245	-0.0069187586	-0.0277108868	-0.0427059249	-0.0566120013	-0.0157981641	-0.0232095059	0.10297236	-0.0717515664	-0.005933487	-0.0555608449	0.0345623311	0.0130434931	-0.0607113326	-0.0142704553	-0.040653077	0.0379639583	0.0185268512	-0.0487618127	0.0098926005	0.0429961886	-0.0349517203	-0.022625561	0.0481383925	-0.0054305477	-0.0449733504	0.0316420006	0.0265316999	-0.047105256	0.0009222743	0.0465677344	-0.0280629691	-0.0302120217	0.0456711967	0.0035938487	-0.0477657704	0.0242450877	0.0336352026	-0.0438484199	-0.061496	-0.0109806	0.00012057357636	0.003781758016	-2.77056	0.04495	7.676002713600001	0.0020205025	-0.412006	-0.047929	0.002297189041	0.169748944036	-0.00843495	-0.00044768	7.11483815025e-05	2.004173824000891e-07	-0.00060919	-1.5377000000000012e-05	3.7111245610000003e-07	2.364521290000004e-10	0.000795552	0.0	6.32902984704e-07	0.0	0.0	0.0	0.0	0.0	0.0	0.0	0.0	0.0	0.0	0.0	0.0	0.0	0.0	0.0	0.0	0.0	0.0	0.0	0.0	0.0	0.0	0.0	0.0	0.0	0.0	0.0	0.0	0.0	0.0	0.0	0.0	0.0	0.0	0.0	0.0	0.0	0.0	0.0	0.0	0.0	0.0	0.0	0.0	0.0	0.0	0.0	0.0	0.0	0.0	0.0	0.0	0.0	0.0	0.0	0.0	0.0	0.0	0.0	0.0	0.0	0.0	0.0	0.0	0.0	0.0	0.0	0.0	0.0	0.0	0.0	0.0	0.0	0.0	0.0	0.0	0.0	0.0	0.0	0.0	0.0	0.0	0.0	0.0	0.0	0.0	0.0	0.0	0.0	0.0	0.0	0.0	0.0	0.0	0.0	0.0	0.0	0.0	0.0	0.0	0.0	0.0	0.0	0.0	0.0	0.0	0.0
54960.01135402455	-151.9280827937182	3020602848.034508	23082.142341374893	67349.75343774413	-722.0782937011827	4535989288.124928	521397.0622344115	55482.36072556516	-155.3816054914205	3078292351.681735	24143.443325091437	55658.69777109598	55216.226979758525	1.177491	26.974989	0.0522852000000002	0.0264443	-0.0082272612	0.0038763741	-0.0231752696	-0.0200015795	0.0148323302	0.0401414657	-0.044093099	0.03893087	0.0047305473	0.0115903039	0.0307917031	-0.0065737161	0.0154302651	-0.0868255977	-0.0131334996	0.0002904152	-0.0669589012	-0.0516868845	-0.0141439437	0.0229154138	0.0104503934	0.0222945178	-0.0160006235	-0.0384702371	0.020603772	0.0401789919	-0.0107468673	0.0196006876	-0.0545155449	0.0468222866	0.0220559254	-0.0687893274	-0.0460030334	0.0280732257	0.0547086928	-0.0544900027	0.0493117857	-0.0130567785	-0.0056838613	0.0342731074	0.0327391416	0.0081093956	0.0342286475	0.0024254076	0.0454464607	-0.0475968045	-0.0205366349	0.0384137115	-0.016609761	0.0083023744	-0.0055707274	-0.0400164252	0.1101403415	0.0889610646	-0.0001318844	-0.0040793318	0.0226411666	0.0367929896	-0.0169239996	-0.0239345155	-0.0239237395	0.041173905	0.0019003343	0.0157439318	0.0312973354	0.0055395621	-0.0282894294	0.0023177287	0.0082929195	0.0297833479	-0.0674511383	0.051609214	0.0274989433	0.0606053804	0.0120028939	0.0487219087	-0.010940853	-0.0253791368	-0.0319779122	0.0297082748	0.0141091244	0.0336498116	-0.0853320884	0.0204046053	0.0390745747	0.0273791677	0.0305139491	-0.0112170216	0.0118331073	-0.0142054416	0.0088207987	0.0058923168	0.088060955	0.0566113095	0.005003875	0.012105496	0.0227954643	0.0413021397	0.0133048385	0.0686424006	0.0205225532	-0.0192166891	0.0817741896	0.0458812156	0.0133817513	-0.0780457621	-0.0159533097	0.0027061718	-0.0099715047	0.0401673476	-0.0088621926	0.0080745606	-0.0536753475	0.013407032	-0.0222360374	-0.013345826	-0.0195646665	0.012177577	-0.0318776422	-0.0303742393	-0.041322312	0.0144311407	0.0243418049	-0.0544137119	0.0492429157	0.0283676412	-0.0587677979	-0.0432852423	0.0326115663	0.0517714136	-0.0535179817	-0.0506986532	-0.0146731367	-0.0066134146	-0.03899115	-0.0288279471	0.0018800533	-0.0010124965	0.0382348543	-0.0341864024	0.044143311	0.0351482127	-0.041096816	0.0041004368	-0.0106001115	0.0019996664	-0.0079676376	-0.0643481442	0.1164458997	-0.0031107766	0.0667310537	-0.0243604872	-0.0164038788	0.0014732242	0.0280509454	0.0296829862	-0.0472642782	0.0096273142	0.0037617287	0.0296600425	-0.0099304536	0.0123264932	0.0134094235	-0.0074962328	0.0450948692	0.0518136311	-0.0624507695	-0.0002396282	0.0781018512	0.0030061971	0.043346285	0.0030771572	0.0264815473	-0.0418078192	-0.01645781	0.026322345	0.0086631125	-0.0813915101	0.0156924733	0.0191728924	0.0054898891	0.0412875415	0.0414367857	-0.0077299342	0.0111198263	0.0396349682	-0.0100570255	0.0937832471	-0.0259203499	0.0037740479	0.0158192649	0.0179305854	-0.000797544	0.0495174413	-0.019059958	-0.0678334278	0.0171048498	-0.022865078	-0.0854140312	-0.0041074381	0.0888664783	0.0127732131	-0.0046384902	-0.0144409762	-0.0312441764	0.014054433	0.0018239319	-0.0138306486	-0.0214784895	0.0955581393	0.0006806327	-0.070759828	-0.0321437816	-0.0020887913	0.049602911	0.031502077	-0.0182891969	-0.0765995226	0.0055342879	-0.0210567245	0.0318021988	0.0107050753	-0.021505511	0.007190647	-0.026737863	0.0724224753	-0.0057617835	-0.0136520641	0.00226192	0.0038549451	0.0192872824	-0.0109594711	-0.0144468132	-0.0404462362	0.0383110855	0.0178417553	-0.0488381591	0.0109739574	0.0423632548	-0.0359693177	-0.0211404744	0.0484427166	-0.0074419176	-0.0440518025	0.0334335625	0.02432518	-0.0477860158	0.0038697424	0.0455027728	-0.0307174953	-0.0273786964	0.0468715983	-0.0002766972	-0.0467083402	0.0278357645	0.0302845558	-0.0457043959	-0.0513628	0.0101332	0.00010268174224	0.00263813722384	-2.76564	0.0049200000000002	7.6487646096	2.4206400000002533e-05	-0.39597	0.0160359999999999	0.0002571532959999	0.1567922409	-0.00801925	0.0004156999999999	6.43083705625e-05	1.7280648999999978e-07	-0.00061741	-8.219999999999972e-06	3.811951081e-07	6.756839999999955e-11	0.000795552	0.0	6.32902984704e-07	0.0	0.0	0.0	0.0	0.0	0.0	0.0	0.0	0.0	0.0	0.0	0.0	0.0	0.0	0.0	0.0	0.0	0.0	0.0	0.0	0.0	0.0	0.0	0.0	0.0	0.0	0.0	0.0	0.0	0.0	0.0	0.0	0.0	0.0	0.0	0.0	0.0	0.0	0.0	0.0	0.0	0.0	0.0	0.0	0.0	0.0	0.0	0.0	0.0	0.0	0.0	0.0	0.0	0.0	0.0	0.0	0.0	0.0	0.0	0.0	0.0	0.0	0.0	0.0	0.0	0.0	0.0	0.0	0.0	0.0	0.0	0.0	0.0	0.0	0.0	0.0	0.0	0.0	0.0	0.0	0.0	0.0	0.0	0.0	0.0	0.0	0.0	0.0	0.0	0.0	0.0	0.0	0.0	0.0	0.0	0.0	0.0	0.0	0.0	0.0	0.0	0.0	0.0	0.0	0.0	0.0	0.0
55062.54233082726	102.5309768027073	3031883567.9341435	10512.601204117302	68158.93506347656	809.1816257324244	4645640428.987214	654774.9034229694	55628.75433125303	146.3936056878738	3094558308.446903	21431.087786296677	55792.38831135526	55188.58278919567	1.208392	27.682892	0.11786585	0.0716826	-0.0074674616	-0.0057178244	-0.010912307	-0.0136487523	0.0232227747	0.0235812284	-0.063272967	-0.020816938	0.0345678817	0.0185763889	0.084131714	-0.0681879486	0.0099998621	-0.0292288904	-0.0058139179	0.0214714251	0.0609093772	-0.0532594665	0.0183371097	-0.0028930428	-0.0197546125	0.0146696282	-0.0356951187	0.0964644888	0.0363060036	-0.0702840724	0.0128292368	-0.0115904866	0.0330069882	0.0444970468	0.0006053725	-0.0688411332	0.077271465	-0.0327338233	0.0347760063	-0.0811327106	0.0106198871	0.0067348974	-0.004611846	0.071869015	0.0229502755	0.0226947159	0.0152205649	0.0541628621	0.0125750315	-0.0181541544	0.0005552331	0.032804212	-0.0817515329	0.0133420003	-0.005674881	-0.0406469401	0.0423695471	-0.0101557157	-0.0113310278	-0.0251523315	0.0173535778	0.0027545441	-0.0058231439	-0.0039247799	-0.0585486421	0.0302894852	0.0081334953	0.0340968798	-0.0062445203	-0.0540125308	0.0483686413	0.0462013658	-0.0776367694	-0.0783143003	-0.0211388627	0.0615756131	0.0464731446	-0.0148574269	0.0202161577	-0.021729785	-0.0068858511	0.0268596561	0.0290070342	0.0271798514	0.0521746079	0.0084009009	-0.0401420108	-0.0418710116	-0.0753029259	0.0248054718	-0.0069963733	-0.0339541374	0.01505233	-0.0077128836	-0.0624015307	0.010965437	0.0145450473	-0.0482997464	0.0487126169	0.0058832033	-0.0247461602	0.0471254228	-0.0050464847	-0.0318208458	-0.0022475713	0.0247491326	0.0224367185	0.0075316718	-0.0389855241	0.0395532525	-0.0367769784	0.0367297331	-0.0118492706	-0.0554678992	0.0180419152	-0.0456148823	-0.0538441716	-0.0141187502	0.0039965238	0.020677255	-0.0145055325	0.0448037962	0.086044691	0.0076687916	0.0765618647	-0.0016674247	-0.0157455525	0.007941149	0.0533684247	0.0005862543	-0.0613569781	0.0924902528	-0.0300798767	0.0369055473	-0.0802140831	-0.0128536259	0.012475794	-0.0033632994	-0.0675879066	-0.0178124768	-0.0150000356	0.0451826237	0.0049824842	0.0021793828	0.0422278782	0.0095834256	-0.0498637644	0.0834440489	-0.0185914057	0.0158149753	0.0153319168	-0.0358042908	-0.0050174703	-0.0115078418	0.0573991488	-0.0003338307	-0.0086763951	-0.0130671788	0.0202601553	0.0521463111	-0.0506608637	0.0054715615	-0.0187168871	-0.012084515	0.0615724811	-0.0260624319	-0.0655871008	0.0630047808	-0.0626712586	0.0382912271	-0.0668819669	0.0287807187	-0.0057317387	0.0250656171	0.0071600742	-0.0159705836	-0.0064374467	-0.0218043566	0.0582040414	0.0471386501	-0.0339149825	-0.0220269285	-0.0756450862	-0.0487781509	0.0069738577	-0.0147616829	0.0140195089	-0.0267996293	-0.056229426	-0.0287593061	-0.0221832968	-0.0098051933	-0.0525276718	-0.0594903717	-0.0189286614	-0.0296578544	-0.0189997854	0.0288249881	-0.0147754694	0.0235205464	-0.0271377036	-0.0504553328	-0.0190307124	-0.0418251867	-0.0455401211	-0.0206003428	-0.0188379857	0.032792775	0.0670218036	-0.0427605597	-0.0186774158	-0.0163708593	-0.0161928153	0.0613112891	-0.0129255843	-0.0726669664	-0.0356162265	-0.0200734706	0.0685807323	0.0312537762	-0.0740055196	0.0380370899	-0.0669342057	-0.011169733	-0.0350403152	-0.0762718284	-0.0526712066	-0.0239247243	-0.0057974569	0.0539739461	-0.0124601194	-0.0182009845	-0.0041311911	-0.0125023438	0.0070998388	0.0421888041	-0.0146229661	-0.0402370998	0.0386533201	0.0171526089	-0.0488971813	0.0120497088	0.0417008682	-0.0369542528	-0.0196310923	0.048678311	-0.009440512	-0.0430402594	0.0351449656	0.0220510239	-0.0483142525	0.0068031578	0.0442512785	-0.0332308549	-0.0244051859	0.0478060917	-0.0041455125	-0.0453303135	0.0312176297	0.026686557	-0.0471553442	-0.0540861	-0.0027232999999999	7.416362889999989e-06	0.00292530621321	-2.80578	-0.04014	7.8724014084	0.0016112196	-0.371421	0.0245489999999999	0.0006026534009999	0.137953559241	-0.0088903999999999	-0.0008711499999999	7.903921215999824e-05	7.589023224998266e-07	-0.000479489	0.000137921	2.2990970112100003e-07	1.9022202241e-08	0.000795552	0.0	6.32902984704e-07	0.0	0.0	0.0	0.0	0.0	0.0	0.0	0.0	0.0	0.0	0.0	0.0	0.0	0.0	0.0	0.0	0.0	0.0	0.0	0.0	0.0	0.0	0.0	0.0	0.0	0.0	0.0	0.0	0.0	0.0	0.0	0.0	0.0	0.0	0.0	0.0	0.0	0.0	0.0	0.0	0.0	0.0	0.0	0.0	0.0	0.0	0.0	0.0	0.0	0.0	0.0	0.0	0.0	0.0	0.0	0.0	0.0	0.0	0.0	0.0	0.0	0.0	0.0	0.0	0.0	0.0	0.0	0.0	0.0	0.0	0.0	0.0	0.0	0.0	0.0	0.0	0.0	0.0	0.0	0.0	0.0	0.0	0.0	0.0	0.0	0.0	0.0	0.0	0.0	0.0	0.0	0.0	0.0	0.0	0.0	0.0	0.0	0.0	0.0	0.0	0.0	0.0	0.0	0.0	0.0	0.0	0.0
55022.697520680726	-39.84481014653284	3027497242.452325	1587.608895613246	67677.76643896484	-481.1686245117162	4580280070.167076	231523.2452144969	55693.3633662506	64.60903499757114	3101750723.0452247	4174.327403317373	55882.807967486326	56188.24367517248	1.381776	31.654936	0.3497851000000003	0.224959	-0.0150276831	-0.0278119652	-0.01903188	0.0140616475	0.0175485778	0.009786702	-0.0594155914	0.0307825993	-0.0158566512	0.0449904107	-0.005603156	-0.0338729326	-0.0321638803	0.0472712337	0.0702800415	0.0826699661	-0.0648557203	-0.0353647054	0.091660535	-0.0865403182	-0.0789266345	0.0248076085	0.007869722	-0.0341310056	-0.0583343173	0.0551806189	-0.0025672979	-0.0474100961	-0.0085444444	0.0280804959	-0.0077841592	-0.0557987503	-0.0059096266	0.0131184276	-0.031661162	-0.003857618	-0.0047669155	0.001845852	-0.0150833058	0.0057314996	-0.0262735069	0.0166583698	0.1014367352	0.0256373734	0.0281788878	0.0498158865	-0.0230353565	-0.0456491805	-0.0257339779	-0.0458635868	-0.0123377726	-0.0589903844	-0.0073137602	6.16613e-05	-0.0895550964	0.0236018383	0.0849313491	0.0606781425	0.0417704577	0.027641385	-0.0590360852	0.0449218664	-0.0136717698	0.0244994145	-0.0438866107	-0.0362597442	0.0222625705	0.0248688059	-0.0105761818	0.006133663	0.0281584061	0.0782734546	-0.0111063283	-0.0418558679	-0.0013297991	0.0634417857	0.0048422613	0.0413007587	0.0042990876	-0.021718095	0.0225751907	0.0028199008	-0.0613137462	0.0436736116	-0.1218125296	-0.0750462319	0.0473362358	-0.0214092161	0.0065266579	-0.0550435563	0.0395254725	-0.0080468235	0.039161092	-0.0001960007	-0.002681394	-0.0153618562	-0.0473439784	0.0103481807	0.0073765204	0.0230926938	-0.0152762134	0.0138824438	-0.0046768089	0.0625239618	-0.0161857725	0.0049994271	-0.0791834202	-0.017717136	-0.0601255214	0.011728314	0.0557090831	0.0090870095	-0.0400014402	-0.0905057887	0.0791413517	0.0857249227	-0.02931231	-0.0240713287	-0.0576794645	0.0435525655	-0.0535712264	0.0022747833	-0.0498561809	-0.0166822965	0.0268854879	0.0015386073	-0.0591350368	-0.0079173009	0.0108042749	-0.0329119482	-0.0008098938	0.0046425979	0.0061732118	-0.0200240305	-0.0063054018	0.0315978834	-0.0153259839	0.0365702823	0.0926639425	-0.0222174117	-0.0326694382	0.0035341845	0.0279033633	0.0454497313	0.0532125843	0.0317585763	0.0354260929	-0.0443988149	-0.0314481105	0.0804633551	0.0581246425	-0.0535246959	-0.0599748189	0.0648176581	-0.0016706489	0.0764201304	-0.0349208325	0.0292168078	-0.0006030853	-0.0399580773	0.0275154924	-0.0037713257	-0.0264517845	0.0132357487	0.0020576985	-0.0381066776	-0.0657111823	-0.03185121	-0.0317977483	0.0066492327	0.0714164896	0.0300324223	-0.0230179925	0.0156944404	0.0147677754	0.0062916929	-0.0268355921	-0.0330757398	-0.0190547217	-0.1298447496	-0.0911365593	-0.0040522916	-0.0054079215	-0.0294681199	0.0001317435	0.0833309738	-0.0063278515	0.0144905891	-0.0215262086	0.0040952242	-0.0348455957	-0.0197055514	0.0050747637	0.0027143118	0.0078561521	-0.0243966094	0.030227976	-0.0773599586	0.0233748332	0.0016824136	0.0163278996	-0.0528508392	-0.0280921758	-0.0403217338	0.0272319382	0.0824439882	-0.0353640822	-0.0414054503	-0.0271528066	-0.0484493999	-0.0170356179	-0.0862147375	-0.0689098225	0.0264695022	0.0493480556	0.0063895162	0.0162708161	-0.1040496084	-0.0728017766	-0.1071777593	0.0499365409	-0.0030497811	-0.1056359691	0.0563045051	0.1495597009	-0.0227782891	-0.0227747362	0.0150521328	-0.0022433469	-0.0403426945	-0.0812567446	0.1076586451	-0.0147989116	-0.0400256797	0.0389906186	0.0164595684	-0.0489388583	0.0131193052	0.0410094892	-0.0379056313	-0.0180991493	0.0488448413	-0.0114229	-0.0419407874	0.036772107	0.0197155549	-0.0486882801	0.0097118681	0.0428183818	-0.0355914973	-0.0213067153	0.0484693751	-0.0079884006	-0.0436411487	0.0343653138	0.0228705931	-0.0481884067	-0.0445522	0.0095338999999999	9.089524920999996e-05	0.00198489852484	-2.99264	-0.1868600000000002	8.9558941696	0.0349166596	-0.270026	0.101395	0.010280946025	0.0729140406759999	-0.00973388	-0.00084348	9.47484198544e-05	7.114585104001678e-07	-0.000283045	0.000196444	8.0114472025e-08	3.8590245136e-08	0.000795552	0.0	6.32902984704e-07	0.0	0.0	0.0	0.0	0.0	0.0	0.0	0.0	0.0	0.0	0.0	0.0	0.0	0.0	0.0	0.0	0.0	0.0	0.0	0.0	0.0	0.0	0.0	0.0	0.0	0.0	0.0	0.0	0.0	0.0	0.0	0.0	0.0	0.0	0.0	0.0	0.0	0.0	0.0	0.0	0.0	0.0	0.0	0.0	0.0	0.0	0.0	0.0	0.0	0.0	0.0	0.0	0.0	0.0	0.0	0.0	0.0	0.0	0.0	0.0	0.0	0.0	0.0	0.0	0.0	0.0	0.0	0.0	0.0	0.0	0.0	0.0	0.0	0.0	0.0	0.0	0.0	0.0	0.0	0.0	0.0	0.0	0.0	0.0	0.0	0.0	0.0	0.0	0.0	0.0	0.0	0.0	0.0	0.0	0.0	0.0	0.0	0.0	0.0	0.0	0.0	0.0	0.0	0.0	0.0	0.0	0.0
54986.08804561182	-36.60947506890807	3023469878.559775	1340.2536648210014	67369.2634116211	-308.5030273437442	4538617652.624389	95174.11788025495	55582.46004971591	-110.90331653469184	3089409865.1782656	12299.545618394051	55743.28376248811	55294.23365748022	1.362322	31.209255	0.4334117000000003	0.260999	-0.0088927916	-0.0038381936	-0.0171438802	-0.0191031949	-0.0041821917	0.0092600891	-0.0228877216	-0.0240481822	0.0052647118	-0.0530019935	0.0157148246	-0.0151176282	-0.017379859	-0.0813704356	0.011753925	0.0179561057	-0.0241073255	-0.0546082948	-0.0036442528	0.0090662497	-0.0353592722	-0.0014144615	-0.0587813216	0.0379133196	-0.0202093663	0.0608441903	0.0004277596	0.0237414374	-0.014616161	0.0010809836	-0.0263035599	-0.036050471	-0.0034401017	0.0161601684	-0.0426939282	0.0095423343	0.0044260417	0.0106379849	-0.0520730456	0.0628495307	0.0129577787	0.0482036509	-0.0140732771	-0.0471079208	-0.0229386122	0.0757096822	0.0476736912	-0.0030119815	-0.0046157721	0.0012139982	0.0202494469	-0.0171115672	0.0361650148	-0.0424192742	0.0760121901	-0.0262566431	0.0160949001	-0.0611026078	-0.0041417573	0.0421887318	0.0197760294	0.021109563	-0.0085509542	-0.0190580491	-0.0168422543	-0.0046840901	-0.0545211336	0.0413189784	0.0443805406	-0.0169996191	-0.0072151785	0.0502852123	-0.0301357944	-0.0089656297	0.0562192678	0.0806241542	0.0466998015	-0.0584497623	0.0007130211	-0.0051257306	-0.0281511848	0.0358843538	0.0679325621	-0.004673019	0.0164182333	0.0263997336	-0.0361735672	0.0178749583	-0.0346667433	-0.0519598276	0.0499471554	-0.0227505297	-0.0441264459	0.0595694543	0.0397002675	0.0426765974	-0.0411811159	0.018282331	-0.0863495712	0.014017522	0.0040213566	-0.0135476037	0.0385854338	0.0473610067	0.0496556801	-0.0418707215	0.0426582958	-0.0621234099	0.0064462635	0.0265260974	-0.0002339538	-0.0459871528	-0.0538251401	0.0085468123	-0.0079331143	0.0365687539	0.0016690872	0.057910962	0.0234660662	0.0376134837	-0.0603404943	-0.0011689764	0.0220040259	-0.0129643236	0.003043529	-0.0234291328	-0.0381255745	-0.0005411385	0.0118535639	-0.0461408532	0.0089835362	-0.0021338722	0.0129120168	-0.0414122967	-0.0759417109	-0.0195413102	-0.0446280994	-0.0382009515	-0.0068991755	0.022996143	-0.0705186156	-0.0459469993	-0.0049683029	0.0172233025	-0.0106617234	-0.0178833133	-0.0052103432	-0.0430767573	-0.0228645949	-0.0728733395	-0.0132858241	0.0662642967	-0.0398055835	-0.0275755334	-0.0473019578	-0.014605707	0.0064401558	0.0239725029	0.0211643627	-0.0007224476	-0.0085907243	0.0663191126	-0.0172867853	-0.0348746961	0.0050425043	0.020768056	-0.0323071262	-0.0422858995	0.0095368471	0.0624327113	0.0646945191	0.0661996203	0.050165291	0.007715744	-0.0277221365	0.0023688614	0.0504699835	0.0526937345	0.0211240931	0.0163947546	0.0626832711	-0.0491068341	-0.0268509613	-0.0152213612	0.0311914225	0.0446072253	0.0056700019	0.0127415316	0.0808852925	-0.0382116779	0.0107755862	-0.0359968342	-0.0448093103	-0.0182771718	0.0570366281	-0.0182574383	-0.0081683688	-0.0181206124	-0.0505049565	0.0463464911	0.0503959895	0.0272522326	0.0538237693	-0.0408898932	4.56962e-05	-0.0083959639	-0.0173951699	-0.0288815006	-0.0197680003	0.0811936863	0.0008004996	-0.0704567637	-0.0200978619	0.0294241759	0.0491168841	0.0073355681	-0.0203043607	-0.0409362906	0.0201057756	-0.0472308742	0.0207606707	-0.068724711	-0.046037409	-0.0063872178	-0.0172723988	0.0144485413	0.024752511	0.0576958098	0.0283621293	-0.0098171122	-0.0120767296	0.0032888599	-0.014974647	-0.0398119877	0.0393229378	0.0157627911	-0.0489631754	0.0141822002	0.0402895985	-0.0388225891	-0.0165464061	0.0489420714	-0.0133856785	-0.0407556328	0.0383110855	0.0173252667	-0.0489069049	0.0125853106	0.0412099568	-0.0377885739	-0.0180991493	0.0488576859	-0.0117813266	-0.0416524399	0.0372552045	0.0188678315	-0.0487944286	-0.0445623	-1.0099999999999e-05	1.0200999999997978e-10	0.00198579858129	-2.80977	0.1828700000000003	7.894807452899999	0.0334414369000001	-0.430682	-0.160656	0.025810350336	0.185486985124	-0.00895391	0.0007799699999999	8.017250428810001e-05	6.083532008999994e-07	-0.00124832	-0.000965275	1.5583028224e-06	9.31755825625e-07	0.000743285	-5.226700000000005e-05	5.52472591225e-07	2.7318392890000047e-09	0.0	0.0	0.0	0.0	0.0	0.0	0.0	0.0	0.0	0.0	0.0	0.0	0.0	0.0	0.0	0.0	0.0	0.0	0.0	0.0	0.0	0.0	0.0	0.0	0.0	0.0	0.0	0.0	0.0	0.0	0.0	0.0	0.0	0.0	0.0	0.0	0.0	0.0	0.0	0.0	0.0	0.0	0.0	0.0	0.0	0.0	0.0	0.0	0.0	0.0	0.0	0.0	0.0	0.0	0.0	0.0	0.0	0.0	0.0	0.0	0.0	0.0	0.0	0.0	0.0	0.0	0.0	0.0	0.0	0.0	0.0	0.0	0.0	0.0	0.0	0.0	0.0	0.0	0.0	0.0	0.0	0.0	0.0	0.0	0.0	0.0	0.0	0.0	0.0	0.0	0.0	0.0	0.0	0.0	0.0	0.0	0.0	0.0	0.0	0.0	0.0	0.0	0.0	0.0	0.0	0.0
54853.83344521738	-132.25460039443715	3008943043.6356487	17491.279325492254	67492.52568017578	123.2622685546812	4555241022.689187	15193.586849246352	55591.67637625423	9.216326538320573	3090434482.322183	84.94067486095207	55767.36537560954	55263.34701260654	1.313784	30.097305	0.3920939500000001	0.237235	-0.0079972318	-0.0278791782	-0.0022651876	0.0172116142	-0.0057998885	0.0292054011	-0.0447221877	0.0611684579	0.004995892	0.0146359595	0.0345229278	-0.106285213	-0.027967551	0.0375526077	-0.0075330182	0.0255218773	-0.010323175	-0.0528285983	0.0534918241	-0.0208638531	-0.05987657	-0.0276973008	0.0147703175	-0.0138351845	0.0290395087	-0.0536250401	0.0095342731	0.0359646155	0.0492798816	0.0644298243	0.019247207	-0.0160262872	0.0029380616	0.0087530575	0.0277109861	-0.0237293019	-0.0151151948	0.0412990775	-0.0295020268	-0.0092217326	0.0412080667	0.0322525742	0.0202261563	0.0131767243	0.0769569615	-0.0081659922	-0.0201931366	0.0173189567	0.0044036863	-0.0376767775	0.0156968379	-0.0468624929	-0.0214054049	0.0322276422	-0.0022135182	0.0596839183	0.079394815	-0.0324958352	-0.0094851886	-0.0306719372	-0.0246351448	0.0114028145	-0.0732785043	-0.0508407067	0.0418651727	0.0381950776	0.055524951	-0.0502763307	-0.015414398	-0.0380404185	0.0516143469	0.0071183277	0.0302255975	-0.0553627629	0.0388704255	0.0283609085	0.0503757756	-0.0342691107	0.0115660133	-0.023479359	0.0465889791	0.0467683056	-0.0160724458	0.0872430366	-0.0456714264	-0.0564976342	0.0314770184	-0.0519156092	-0.0165851274	-0.0322949106	-0.0283430853	0.0544016983	0.0394046601	-0.0543412361	-0.0127390611	0.0251473286	-0.0007116944	0.0344545154	-0.0083924809	-0.0336523191	0.004963549	0.0502242451	0.0260872152	0.0208164377	0.0115372119	-0.0443881204	-0.0214758067	0.0489114421	0.0032906567	0.0349315352	-0.0053297513	0.0475677283	-0.0551189257	-0.0528353426	0.0201162829	0.0602585845	0.0283119878	-0.0121103831	-0.0007856292	-0.0323617219	0.0528405808	-0.0085464127	0.0277000093	0.0449357147	0.0713807017	0.0150739337	-0.0150814194	0.0052025261	0.0071864367	0.0272845016	-0.0225074617	0.0107464433	0.0496253124	-0.0235447975	0.0051958365	-0.044387905	-0.036687967	0.0131885325	0.0221833473	-0.0663652507	0.0148891436	0.0226265302	-0.0247765557	-0.011061998	0.0344867836	0.004762035	0.0495398419	-0.0283751568	0.0148422332	0.0401311265	-0.0393014368	-0.0180070361	-0.0994853905	-0.0097081269	0.0402970532	0.0106741909	0.021958163	0.0571640684	0.019147131	0.057449148	-0.0285797223	-0.0647795696	0.0050073208	0.0111172832	-0.0699867841	-0.053737793	-0.0132759003	0.0379981042	-0.0316301933	0.0435941971	0.0130202741	0.0497811101	0.033511977	0.020060927	-0.0248344368	0.0572616655	-0.0099810134	0.0023583946	0.0549954218	-0.0690184759	-0.0696642393	-0.0035680886	0.0309190325	-0.0474551886	-0.0244193455	0.0359889567	0.0105230651	0.0055350081	-0.086217395	-0.0082451723	0.003574947	-0.031404942	-0.0314493486	0.0402105132	-0.0038082683	0.0176662903	-0.0425983645	-0.0434433392	-0.0135735368	-0.0132610207	0.0502084418	-0.0215538175	-0.0368993576	0.0415944755	-0.0718087055	0.0525187988	0.0109381734	0.0505017314	-0.0218217885	-0.0333412679	-0.0313638556	-0.1121175832	-0.0401148599	-0.0435944926	0.0643521061	-0.0017042548	-0.0635058386	-0.0400437972	-0.0941425395	-0.1064010361	0.0234239348	-0.0065585161	-0.1020843719	-0.0379985008	0.115511625	-0.0364130669	0.0060863554	0.0024060678	-0.0143809542	-0.0130369728	-0.0716110692	0.1059957438	-0.01515017	-0.0395960362	0.0396502352	0.0150624352	-0.0489701238	0.015237851	0.0395416966	-0.0397042937	-0.014974647	0.0489698633	-0.015325478	-0.0394872168	0.0397582112	0.0148868057	-0.048969429	0.0154130506	0.039432597	-0.0398119877	-0.0147989116	0.048968821	-0.0155005685	-0.0393778372	0.039865623	0.014710965	-0.0489680393	-0.044987	-0.0004247	1.8037009000000005e-07	0.002023830169	-2.95108	-0.1413100000000002	8.7088731664	0.0199685161	-0.260579	0.170103	0.028935030609	0.067901415241	-0.00973491	-0.0007809999999999	9.476847270809998e-05	6.09960999999998e-07	-0.000647363	0.000600957	4.19078853769e-07	3.611493158490001e-07	0.000966453	0.000223168	9.34031401209e-07	4.9803956224000026e-08	0.0	0.0	0.0	0.0	0.0	0.0	0.0	0.0	0.0	0.0	0.0	0.0	0.0	0.0	0.0	0.0	0.0	0.0	0.0	0.0	0.0	0.0	0.0	0.0	0.0	0.0	0.0	0.0	0.0	0.0	0.0	0.0	0.0	0.0	0.0	0.0	0.0	0.0	0.0	0.0	0.0	0.0	0.0	0.0	0.0	0.0	0.0	0.0	0.0	0.0	0.0	0.0	0.0	0.0	0.0	0.0	0.0	0.0	0.0	0.0	0.0	0.0	0.0	0.0	0.0	0.0	0.0	0.0	0.0	0.0	0.0	0.0	0.0	0.0	0.0	0.0	0.0	0.0	0.0	0.0	0.0	0.0	0.0	0.0	0.0	0.0	0.0	0.0	0.0	0.0	0.0	0.0	0.0	0.0	0.0	0.0	0.0	0.0	0.0	0.0	0.0	0.0	0.0	0.0	0.0	0.0
54999.773356507896	145.93991129051574	3024975069.267236	21298.4577074836	67710.78919335938	218.2635131835996	4584750973.187553	47638.96118724735	55508.43585476608	-83.24052148815099	3081186451.0426807	6928.984417619326	55677.88795083552	55467.80284312855	1.364702	31.263775	0.3540976500000002	0.21087	-0.0115768146	-0.0050291528	-0.0130990832	-0.0132767018	-0.0131187917	0.0211596923	-0.0248551461	-0.0566304998	-0.039512275	0.031128987	0.0080928595	0.0279907392	-0.0581983479	-0.0832727109	-0.0136106906	0.0444403164	-0.0718351745	-0.0606836835	-0.01923593	-0.0408924974	-0.0032835141	0.0250400708	-0.0695820843	-0.0748111332	0.0074591687	-0.003883706	-0.0369437713	0.0337863602	-0.0444817342	-0.0422140676	0.0402158994	-0.0505116411	0.0093948943	0.0272720987	0.0610881064	-0.0263465703	-0.0269450057	0.0055328565	0.0060241724	0.0446730554	0.0309856845	-0.0213725078	0.0165269471	-0.0172521875	0.014170201	-0.0286417138	-0.0004170207	-0.0515400506	0.0090929679	0.0568113105	0.0504124542	-0.0250567193	-0.0239253615	-0.0192613409	0.0209146653	-0.0427961457	0.0474499268	0.00631662	-0.0321601292	-0.0267367405	-0.0225978013	0.0267119751	0.0271524961	0.0112165432	-0.0133355908	0.0040074082	-0.0392058936	-0.0034587578	0.0468002681	0.0095487911	0.0236181598	0.0150771315	0.0043093695	-0.0065413072	0.0124045736	0.0106866957	0.0152900945	-0.0004375212	0.0288875677	0.0141282114	0.0473802075	-0.0070206214	-0.0480563225	0.0144683534	0.016832141	0.0058796887	0.0568028238	-0.0143014679	0.0119894857	-0.0194080152	-0.0314760938	-0.0509812075	0.0490831428	0.0755552067	-0.021378133	0.0044225607	0.0245208802	0.0110262061	-0.0650422676	0.0337418979	0.021563815	-0.0048527249	0.0262567307	-0.0182907618	-0.0536382476	0.0509752125	-0.0213230186	-0.0770793983	-0.029471388	0.0695626807	-0.0374864897	0.0167709792	-0.0591555731	0.0229087128	0.0414471309	0.0070108888	-0.0241311701	0.0606184749	-0.0768823948	-0.0222932668	-0.0027996802	0.0388233721	0.0480657679	-0.0345238351	-0.0358016181	0.0554379835	-0.0376298393	0.0110740277	0.0316172911	0.0553589048	-0.0286972671	0.0278607965	0.0095355245	0.0064355576	-0.050010227	-0.0282813296	0.0305108099	-0.0102033163	0.0173957156	-0.0084984299	0.0239908367	-0.0156704041	0.0463129143	-0.0154098616	-0.0427899726	-0.0139328042	0.0681478538	0.0123771057	-0.0188047492	-0.0157459025	0.0427737887	0.0217791073	-0.0356932489	-0.0276664938	0.0363862029	0.0115563498	-0.0192378624	-0.0201496628	0.0099951053	-0.0067517543	-0.0182014971	0.0410083994	0.0201230464	-0.0454454663	0.0115139157	-0.0229086062	-0.0001692434	-0.0107619835	0.0052033874	0.0140749907	0.0145049118	0.0148056804	0.0264643562	-0.0080126249	0.0327633818	0.037055766	-0.0456553655	-0.0290609126	-0.0001550022	-0.0071208642	-0.0087414049	0.0633467226	0.004562423	-0.0169384649	0.0050145889	0.0205824583	-0.0649397907	0.0815347732	0.0260970376	0.0314942112	0.042648956	0.0189336532	-0.0494424115	-0.0229290404	0.0201067695	-0.0286973046	0.0150564112	-0.0234780732	-0.0294790197	-0.005996502	-0.0721165991	-0.0231696899	-0.0156531142	-0.1123597168	-0.0318990207	-0.0138649983	0.0397388899	-0.0086967186	-0.0226567481	0.0706489808	-0.0024961864	-0.0770280714	-0.0171486069	0.0687819131	-0.0171288506	0.0096658799	-0.0335916985	-0.0873575228	-0.0046630528	-0.0808179612	0.0424186796	-0.0258164208	-0.0273847666	0.0711479957	-0.0151603715	0.0523954494	0.0340685133	0.0547331521	0.0533828639	-0.0446347989	-0.0323816801	0.0289310199	-0.015325478	-0.0393778372	0.0399724692	0.0143586597	-0.0489597013	0.0162857183	0.0387663036	-0.0405499443	-0.0133856785	0.0489281774	-0.0172389684	-0.0381381307	0.0411100147	0.0124069519	-0.0488756528	0.0181848193	0.0374935883	-0.0416524399	-0.0114229	0.0488021499	-0.019122865	-0.036832953	0.0421769872	0.0104339452	-0.0487077002	-0.0443762	0.0006108	3.73076640000002e-07	0.00196924712644	-2.83493	0.1161500000000002	8.0368281049	0.0134908225	-0.422913	-0.1623339999999999	0.0263523275559999	0.1788554055689999	-0.00941534	0.0003195699999999	8.864862731559999e-05	1.0212498489999997e-07	-0.001483	-0.000835637	2.199289e-06	6.98289195769e-07	0.000621603	-0.00034485	3.86390289609e-07	1.1892152250000005e-07	0.0	0.0	0.0	0.0	0.0	0.0	0.0	0.0	0.0	0.0	0.0	0.0	0.0	0.0	0.0	0.0	0.0	0.0	0.0	0.0	0.0	0.0	0.0	0.0	0.0	0.0	0.0	0.0	0.0	0.0	0.0	0.0	0.0	0.0	0.0	0.0	0.0	0.0	0.0	0.0	0.0	0.0	0.0	0.0	0.0	0.0	0.0	0.0	0.0	0.0	0.0	0.0	0.0	0.0	0.0	0.0	0.0	0.0	0.0	0.0	0.0	0.0	0.0	0.0	0.0	0.0	0.0	0.0	0.0	0.0	0.0	0.0	0.0	0.0	0.0	0.0	0.0	0.0	0.0	0.0	0.0	0.0	0.0	0.0	0.0	0.0	0.0	0.0	0.0	0.0	0.0	0.0	0.0	0.0	0.0	0.0	0.0	0.0	0.0	0.0	0.0	0.0	0.0	0.0	0.0	0.0
54850.73822872106	-149.03512778683944	3008603484.235681	22211.46931443956	67399.2317993164	-311.5573940429749	4542656447.137983	97068.00978284956	55540.7299833021	32.29412853602116	3084772687.078073	1042.9107379010563	55702.0458361828	54973.73569272524	1.229559	28.167814	0.0624587499999997	0.0329216	-0.0070459965	-0.0061332728	-0.016300479	-0.0263231575	-0.0261534907	0.016210291	-0.0181741037	-0.0382355466	0.0145154146	-0.0474939481	0.0655007691	-0.0865916162	-0.0023983751	-0.0703939091	0.0625494745	0.0180153209	0.0336203233	-0.061609828	-0.0232619146	0.0267123867	-0.0234144684	-0.0097389704	0.0337039683	0.0665884836	-0.0181763956	-0.0148512086	-0.0353894153	0.0097044595	-0.0082966938	0.0086510359	-0.0168179938	-0.0156212821	0.0210208962	0.0476200519	0.003237248	-0.0263477653	-0.0056644911	0.0399435748	-0.0506242264	0.012537167	0.0125291273	-0.0754779891	0.0585205475	-0.0226885829	0.0733943824	0.0142959013	0.0230670043	0.0069833259	-0.0084168005	0.0490472691	-0.0178881097	-0.0278370304	0.0810103293	0.0042768553	0.0059465084	0.031257634	0.0191438653	-0.0358092374	-0.0347348837	0.0151862533	-0.0004940278	0.0241413774	0.0292877208	-0.0119695073	-0.0221318672	0.018035851	0.0397257706	0.0279399953	0.0231955599	-0.0262896046	-0.0131700822	-0.0103535506	0.0024175359	0.0411343802	0.0183633335	-0.0347287221	0.018928485	0.0196019006	0.0011792493	-0.0141442814	-0.0455892861	-0.0156176424	-0.0157135621	0.036092784	0.0038645189	0.0657028251	0.0169152578	0.0484758686	0.0339787013	-0.0261121966	-0.0070860655	-0.0337720819	-0.0128021307	0.0371141116	0.0156306354	0.0270533313	0.0330570724	0.0037295354	-0.0141965621	-0.0024379936	0.0496759912	0.0333291385	-0.0775943238	-0.0149827421	0.0636542766	-0.0050260393	0.0415993396	-0.0405928759	-0.0189798297	0.0252147999	0.0009382913	-0.0409727265	-0.0605924981	0.0297077286	-0.0255528806	0.023282871	0.0090525993	-0.031361102	0.0593671326	0.0392612496	0.016831169	0.0369026552	0.0100579266	-0.0058760483	0.007911521	-0.0159245069	-0.01229277	0.0206039405	0.0479611024	-0.0003707125	-0.0263703788	0.0063366377	0.0383805349	-0.0500352281	-0.0199212598	-0.0102663112	0.077455254	-0.0193354534	0.0611023882	-0.0716702514	-0.0081478568	-0.0326010543	-0.0164050206	0.0119012801	-0.0589226697	0.0081751925	-0.0296919592	-0.0629864559	0.0248205333	-0.0218923986	-0.0025191383	-0.0201467429	-0.0415951839	-0.046441961	-0.0198033903	0.0116061177	-0.0342752528	-0.0090208241	0.0282822992	-0.0168471482	-0.0115680087	-0.0213168062	-0.0461143969	-0.0202541171	-0.0167710689	0.0306760455	0.0165023998	0.0002038978	0.0336547352	0.0150785157	-0.0461555069	0.0086405946	-0.0151555555	0.007880138	0.0089053629	-0.0320054181	0.0065887487	-0.042667382	0.025826371	-0.0185678878	0.0656561515	0.0399302576	-0.0555221537	0.021706159	-0.0031669921	0.0055874991	-0.0356862768	0.0158785891	0.0403126423	-0.0134197292	0.0459079651	0.0106097016	-0.0159795721	-0.0061421386	-0.0227730696	0.0116406724	-0.036402798	0.0236675111	0.0568448164	0.0559066638	0.0225859687	0.0350118365	0.0001181865	-0.0286059032	0.0041284714	-0.0264880847	-0.0227280605	0.0436651762	-0.0210637935	0.0809553832	-0.0103497624	-0.1011410739	-0.0084874741	-0.0263333693	0.0778546245	-0.03704244	-0.0454934894	-0.0134765998	-0.0216727807	-0.0594041214	0.010611801	-0.0862556055	-0.0544061964	-0.0292045111	-0.018203586	0.0088810537	0.0317170559	0.0666480172	0.0398602162	-0.0192957682	-0.0178957743	-0.0003527804	-0.0155005685	-0.0391574033	0.0402895985	0.0136516244	-0.0489319113	0.0173252667	0.0379639583	-0.0413587732	-0.0117813266	0.0488170731	-0.019122865	-0.0367111306	0.0423632548	0.0098926005	-0.0486258757	0.0208905514	0.0354008796	-0.0433014723	-0.0079884006	0.0483586182	-0.022625561	-0.0340352549	0.044171958	0.0060717052	-0.0480157186	-0.044471	-9.479999999999904e-05	8.98703999999982e-09	0.0019776698409999	-2.82228	0.0126499999999998	7.9652643984	0.0001600224999999	-0.400687	0.0222259999999999	0.0004939950759999	0.160550071969	-0.00932908	8.625999999999946e-05	8.70317336464e-05	7.440787599999907e-09	-0.0010816	0.0004013999999999	1.16985856e-06	1.611219599999999e-07	0.000683702	6.209900000000003e-05	4.67448424804e-07	3.8562858010000035e-09	0.0	0.0	0.0	0.0	0.0	0.0	0.0	0.0	0.0	0.0	0.0	0.0	0.0	0.0	0.0	0.0	0.0	0.0	0.0	0.0	0.0	0.0	0.0	0.0	0.0	0.0	0.0	0.0	0.0	0.0	0.0	0.0	0.0	0.0	0.0	0.0	0.0	0.0	0.0	0.0	0.0	0.0	0.0	0.0	0.0	0.0	0.0	0.0	0.0	0.0	0.0	0.0	0.0	0.0	0.0	0.0	0.0	0.0	0.0	0.0	0.0	0.0	0.0	0.0	0.0	0.0	0.0	0.0	0.0	0.0	0.0	0.0	0.0	0.0	0.0	0.0	0.0	0.0	0.0	0.0	0.0	0.0	0.0	0.0	0.0	0.0	0.0	0.0	0.0	0.0	0.0	0.0	0.0	0.0	0.0	0.0	0.0	0.0	0.0	0.0	0.0	0.0	0.0	0.0	0.0	0.0
54694.62529364448	-156.11293507657683	2991502036.0121746	24371.248498223493	67345.34581640625	-53.8859829101566	4535395603.131347	2903.699154193689	55495.74860410119	-44.9813792009154	3079778113.1295986	2023.3244748165444	55670.98703801439	55645.64574180702	1.409094	32.280762	0.3934572	0.240051	-0.010438421	-0.0177371227	-0.0076664434	0.014110642	-0.001729599	0.0004454217	0.0035172497	0.0209229638	-0.0321514419	-0.018889988	0.0477895546	0.0156011738	-0.0731630442	0.0279340902	-0.0448610946	0.0284701257	0.0610052117	-0.0477886204	0.0098695888	0.0500153961	0.0033652602	-0.0097073697	-0.0363114899	-0.0598428328	-0.0455177804	0.0069946051	0.0293847256	0.0095147723	0.0001407398	0.0092791624	-0.044735278	0.0344664789	-0.0006481562	0.0139593105	-0.0129905324	-0.0623874698	0.0519532971	-0.0471054328	0.0019678065	-0.0037801899	-0.0495704804	0.0397543382	-0.0028116308	-0.0501479594	-0.0182842005	-0.0219062936	-0.0181870213	0.0746340749	0.0394852347	-0.0021645366	-0.002933868	0.0205013997	-0.0581114171	0.0194033452	-0.0202090733	0.0130606107	-0.0731491564	-0.0181740035	-0.0215509652	-0.0494106251	-0.0512619915	-0.0003422645	0.0002480425	0.0354004873	-0.0042940017	-0.0078084969	-0.0260777884	0.0086732529	-0.0108422288	-0.0070572618	0.0595968789	-0.0034637144	0.0057925844	-0.025340929	-0.0021516304	-0.0080801445	-0.0244439921	0.0166897048	0.0159683091	0.0275697317	-0.0572876952	-0.0035258388	-0.0157938518	-0.0153286728	-0.0928476424	0.0462965259	0.0447838315	0.0052387829	-0.1147080736	0.0058270298	0.0062120349	0.0316661146	-0.0042697554	0.0233314802	0.0171387616	-0.0053926717	0.0177250933	-0.0004550188	-0.0873199181	-0.0350119446	-0.0227757795	-0.0229597638	0.0172066755	0.0571370149	-0.0150662591	-0.0925720828	-0.0232574533	0.0063294752	-0.0118691837	-0.0272208737	-0.0546458938	-0.0873388374	-0.0509698329	-0.0055589958	-0.0514240347	-0.0042353169	0.0109812469	0.0255452147	-0.0754684706	0.0213434117	-0.0076728914	-0.0313361448	0.0048682457	0.002508665	0.0076624824	-0.0467089879	0.0272094243	-0.0007722341	0.0167951702	-0.0177141194	-0.0651861313	-0.0488160261	-0.0521414757	0.0008885899	0.007340922	0.0411327106	-0.0395115029	-0.047687219	0.0010650786	0.0250940049	-0.003089378	0.0513205951	-0.0578495227	-0.0532052449	-0.0032436458	0.0021586623	0.0025286874	0.0330062102	-0.0107692292	0.0406428481	-0.0522223343	0.0158606495	0.0631910821	-0.0311482378	0.0546091027	0.0179463871	-0.0226324997	-0.0024180459	-0.0281719377	-0.0051367581	0.0061831331	0.0380486279	-0.0117733808	0.0072218731	-0.0157848334	-0.0482353706	0.0074361606	0.0003109634	-0.0230105602	0.0053361475	0.0096794495	-0.0411795833	-0.0035865771	0.0119099522	0.0538771714	-0.031659701	0.0374125393	-0.0140314629	-0.0342549492	-0.0861857428	0.0387689105	0.0043669448	-0.0090041263	-0.1089231032	0.0630231386	-0.0194993071	0.0472629129	0.0031529126	-0.0018761955	-0.0113957595	0.0210550695	0.027362509	-0.0508779836	-0.0158048936	0.059890205	0.027696025	0.0092583778	-0.0588830736	-0.0295150462	-0.053975518	0.0794768737	0.004311267	-0.0256127308	-0.021598287	0.0481957061	-0.0924855916	-0.0002490144	0.017954966	-0.0046808035	-0.0155501028	-0.0120873093	-0.0329662298	-0.005334066	0.0257133603	-0.0444700181	0.019990965	-0.0618323607	0.0510860269	0.0028998203	-0.0099177412	0.0294829091	-0.0089947942	-0.0228855556	-0.0152281181	-0.000691406	0.0092929321	0.0164709014	0.1589178361	0.0556187153	0.0285988643	0.0661225263	0.0917741057	-0.0156754391	-0.0389347468	0.0406015827	0.0129414898	-0.0488867639	0.0183559655	0.0371352188	-0.0421300458	-0.0101634351	0.0486367079	-0.0209739336	-0.0352091317	0.043514927	0.0073507428	-0.048220895	0.0235204212	0.0331630496	-0.0447515066	-0.0045129987	0.0476407421	-0.0259867497	-0.0310039458	0.0458355703	0.0016598739	-0.0468982266	-0.0392582	0.0052127999999999	2.7173283839999965e-05	0.00154120626724	-2.91033	-0.0880499999999999	8.4700207089	0.0077528024999999	-0.470928	-0.070241	0.004933798081	0.221773181184	-0.0135917	-0.00426262	0.00018473430889	1.81699292644e-05	-0.0010816	0.0	1.16985856e-06	0.0	0.00102015	0.000336448	1.0407060225e-06	1.1319725670400005e-07	0.0	0.0	0.0	0.0	0.0	0.0	0.0	0.0	0.0	0.0	0.0	0.0	0.0	0.0	0.0	0.0	0.0	0.0	0.0	0.0	0.0	0.0	0.0	0.0	0.0	0.0	0.0	0.0	0.0	0.0	0.0	0.0	0.0	0.0	0.0	0.0	0.0	0.0	0.0	0.0	0.0	0.0	0.0	0.0	0.0	0.0	0.0	0.0	0.0	0.0	0.0	0.0	0.0	0.0	0.0	0.0	0.0	0.0	0.0	0.0	0.0	0.0	0.0	0.0	0.0	0.0	0.0	0.0	0.0	0.0	0.0	0.0	0.0	0.0	0.0	0.0	0.0	0.0	0.0	0.0	0.0	0.0	0.0	0.0	0.0	0.0	0.0	0.0	0.0	0.0	0.0	0.0	0.0	0.0	0.0	0.0	0.0	0.0	0.0	0.0	0.0	0.0	0.0	0.0	0.0	0.0
54654.08008200242	-40.54521164205653	2987068469.609934	1643.9141870991564	66611.22094506836	-734.1248713378882	4437054755.792713	538939.3267168709	55562.19499516441	66.44639106322575	3087157512.680673	4415.122885327126	55740.45192822312	55048.18878062855	1.357443	31.097485	0.3956533999999998	0.243655	-0.0027076679	-0.0151778022	0.0177169423	0.0335624981	0.0049309927	2.45615e-05	0.0522676793	0.0578325601	-0.0053640613	0.0531554592	-0.0760774712	-0.0025741628	-0.0023046242	0.0659555095	0.0600251449	-0.0252626643	0.0720366138	0.0027963341	0.0650439974	0.0571509109	0.0311981417	0.045569627	0.0287203787	0.0271917968	-0.0858525072	0.0176863762	0.0261690148	-0.0181701784	0.0230348496	-0.0233393314	-0.0049664392	0.0040591486	-0.0028797205	0.009442186	-0.0407959168	-0.0901754167	-0.0113698326	-0.0080984295	0.0028768477	0.0395340694	-0.0042666255	-0.019486885	0.001175463	0.0241151619	0.0247031143	-0.0181535086	-0.014798887	0.0778889562	-0.069152512	-0.0362321629	-0.0173071008	0.0265575284	-0.0453340867	0.0045394273	0.0034601214	-0.0499628394	-0.0093823102	0.0189269596	0.0202768723	0.0035508808	0.00488158	0.0010166917	0.0148335071	-0.0251213462	0.0228826556	-0.0309645141	-0.0275330968	-0.0578744325	-0.0281464337	-0.0515825746	-0.070948102	-0.0350924042	0.0587379373	0.045984996	-0.0435467667	0.0651926323	-0.0449210272	-0.0670655831	0.0256711118	-0.0156931462	-0.0482919171	0.0563825734	-0.0157854229	-0.0162816519	0.0177622369	-0.0146937682	-0.0358342146	0.010082327	0.0072241666	0.0119972079	0.0166338965	-0.0246051051	-0.0036134715	-0.0647329483	0.0092955489	-0.0392519304	-0.1011343978	0.007878136	0.0370368556	-0.0077755609	-0.0557399056	0.0409010017	-0.0030252188	-0.0381973111	-0.0029224944	0.0087527611	-0.0248193825	0.0787529381	0.0090796442	0.0424793724	-0.0121341595	-0.0117267834	-0.0031884406	-0.0615250739	-0.0621400194	-0.0284541499	-0.0493426246	-0.0350682627	-0.0010445183	0.0859553086	-0.0137420349	-0.0294535085	-0.0256692498	0.0212253788	-0.0173396291	-0.0019864207	0.0018507315	0.0070042382	0.0057514843	-0.0470246145	-0.0922017276	0.0094396103	-0.0040784864	0.0047694009	-0.0301341787	0.0056983453	0.0189828742	0.014967838	-0.0079123399	-0.0136423083	0.0179074397	0.041059216	-0.0883074755	0.0505232706	0.0315506693	0.0177783416	0.0075621717	0.0557382756	-0.005966422	0.0093974476	0.0232317423	0.0218812787	0.0217967068	0.0113019245	-0.0033385843	-0.0014860385	0.0268357873	-0.0117781907	0.0296588288	0.0068912655	0.0321034327	0.0017799995	0.0635699357	0.0213119086	-0.040817385	0.0810827811	0.016297655	0.0556067301	0.0657175525	-0.0521305247	0.0633013437	-0.0300462376	0.0482397376	0.0491872732	-0.0282518011	0.0280780375	0.07950619	-0.018154445	-0.0180739099	0.0128426785	-0.0098899209	-0.0207375624	0.0224140431	0.0414986117	0.0179310521	0.0118433782	-0.0223563146	-0.0454150449	-0.0250881068	-0.028963804	-0.1016824601	-0.0574947827	0.0129814788	0.0069319879	0.0104116062	-0.0175266793	-0.0355645901	0.0064428473	0.0298412564	-0.0192632661	-0.0187451731	0.0026171974	-0.0876884588	0.0388160422	-0.0564348305	-0.0340870274	-0.0028711545	0.0152740444	0.0239234466	-0.107396603	-0.001724934	0.0453226432	0.0040363546	0.0191829403	-0.0375195917	-0.0631969933	0.0781359209	0.0807975463	-0.0672965106	-0.0027352075	0.0456998204	0.0418018867	0.0184832468	-0.02448725	0.0411347301	-0.036048816	0.0098276049	0.056221911	0.0357715576	0.02822783	-0.0445718626	-0.009124566	-0.0158500872	-0.0387098805	0.0409083818	0.0122284171	-0.048824275	0.019377288	0.0362806612	-0.0428630618	-0.0085338634	0.0483873377	-0.0227889965	-0.0336352026	0.04456227	0.0047884463	-0.0476620031	0.0260648785	0.030789272	-0.045995879	-0.0010144892	0.0466525943	-0.029185409	-0.0277598318	0.0471553442	-0.0027655145	-0.0453651274	-0.0556056	-0.0163473999999999	0.0002672374867599	0.00309198275136	-2.98514	-0.0748099999999998	8.9110608196	0.0055965360999999	-0.507946	-0.0370179999999999	0.0013703323239999	0.258009138916	-0.0179939	-0.0044022	0.00032378043721	1.9379364840000003e-05	-0.00166725	-0.0005856499999999	2.7797225624999995e-06	3.429859224999998e-07	0.00138186	0.0003617099999999	1.9095370596e-06	1.3083412409999993e-07	0.0	0.0	0.0	0.0	0.0	0.0	0.0	0.0	0.0	0.0	0.0	0.0	0.0	0.0	0.0	0.0	0.0	0.0	0.0	0.0	0.0	0.0	0.0	0.0	0.0	0.0	0.0	0.0	0.0	0.0	0.0	0.0	0.0	0.0	0.0	0.0	0.0	0.0	0.0	0.0	0.0	0.0	0.0	0.0	0.0	0.0	0.0	0.0	0.0	0.0	0.0	0.0	0.0	0.0	0.0	0.0	0.0	0.0	0.0	0.0	0.0	0.0	0.0	0.0	0.0	0.0	0.0	0.0	0.0	0.0	0.0	0.0	0.0	0.0	0.0	0.0	0.0	0.0	0.0	0.0	0.0	0.0	0.0	0.0	0.0	0.0	0.0	0.0	0.0	0.0	0.0	0.0	0.0	0.0	0.0	0.0	0.0	0.0	0.0	0.0	0.0	0.0	0.0	0.0	0.0	0.0
54524.17566675272	-129.90441524970083	2972885732.13891	16875.157101366705	66561.64404394531	-49.57690112304408	4430452457.832881	2457.8691249640897	55434.4481571869	-127.7468379775164	3072978042.491842	16319.254613253828	55612.10296369529	54936.2230700208	1.256907	28.794319	0.1522168999999999	0.0926422	0.0014510046	-0.0171323381	0.0032417542	0.0087848822	-0.0447838642	-0.0257301448	0.0708960274	-0.0486767743	-0.0237272614	-0.0010136496	-0.081405741	-0.0482931853	-0.0358784534	0.0640716589	-0.025121272	-0.0260725292	-0.093256469	0.011182085	0.0154185225	0.0217209139	-0.0258822148	0.0711559457	0.0717056081	-0.0747424358	-0.0221432345	0.0565939572	-0.0109292939	0.0383497417	-0.0132759571	0.000744914	-0.0289800875	0.0513778264	-0.0095388798	0.0192881099	-0.0057876113	-0.0115924007	0.0064651861	0.0129780809	-0.0053208169	0.0147462672	-0.0754714885	-0.0397126006	-0.0482183535	-0.0071889076	0.015625206	0.0293332124	-0.0385863201	-0.0240066142	0.0597649609	-0.0105698594	-0.0165906033	0.0033288158	-0.0421741395	-0.0202587974	-0.0256482679	-0.0607227077	-0.0066029494	-0.0040492562	0.0055175677	0.0166985367	0.0093513114	-0.0808324813	-0.0302850467	0.0026603494	0.0225292359	-0.0462079355	0.0360009792	0.0025392563	0.0361085393	-0.0474998472	-0.0023183999	0.0313210495	-0.0197975015	0.0290170631	-0.0060961742	-0.0226742603	-0.0117429463	0.0096566845	-0.0853953389	0.0196225378	-0.0157162458	0.0107920731	0.0097786998	0.0571432862	-0.0199317946	-0.0112702938	0.0092381324	-0.0396913131	-0.0610496389	-0.0499599946	-0.0657502299	0.0456962841	-0.0142453839	0.0118802912	0.025148959	0.0022352634	0.0337792696	-0.035610407	0.004331329	0.0589431947	-0.0035996795	0.010216961	-0.0477038039	0.0114817927	0.0147575285	0.0237416512	-0.0453487668	0.0317939583	-0.0040313911	0.0012379754	0.0041954242	0.0269619764	0.0071915017	-0.0127453561	-0.0295710066	0.0263419624	-0.0713164517	-0.0791280635	-0.066609657	-0.0130090513	-0.0597808457	0.0052033209	0.0355190788	0.0024546327	-0.00333073	-0.0374525363	0.0485695749	-0.0170833845	0.0185240838	-0.0075741054	-0.0078760698	-0.0062062486	0.0102435525	-0.0142627213	-0.008582456	0.080895585	0.0300876452	-0.0056314062	-0.0493025381	-0.0244954543	-0.0331945495	0.0269207892	0.0387179239	-0.0458014903	0.0180297319	0.0229564193	0.0043068376	0.0070580786	-0.0399100586	0.0259370323	0.0255090235	0.038042315	0.0187059606	-0.0083791109	-0.0213391825	-0.011334839	0.081920065	-0.010907968	-0.0465520961	0.0200727244	0.0447068482	-0.0154278531	-0.0270698384	-0.0535950455	-0.0381131762	0.0165680324	-0.0320619713	-0.0212158786	0.0079158021	-0.0105810894	-0.0165704918	-0.0227789247	-0.0215986262	-0.0725781712	-0.0384985484	-0.0305970304	0.0240405731	-0.0124135343	0.0572133272	-0.0284668934	-0.0166165962	-0.0276612766	-0.0061842348	-0.094412821	-0.0326140667	-0.0242274225	0.0199989235	0.0257779353	-0.0156543497	-0.0370013738	0.0132190116	0.0293039873	0.0233131648	-0.0127197094	0.0067628755	-0.0473342324	0.0143846948	-0.0135720868	0.04916712	0.0218927716	-0.0018025172	-0.0499099736	-0.0317158096	0.0191781743	0.0021919622	-0.0011810323	0.0168685297	0.0234911904	0.0046783525	-0.0729600296	-0.0109671759	0.007619972	0.0263573822	-0.0116915676	-0.0194456792	-0.0598645683	0.0089445813	-0.0067186389	0.0909916762	0.0187352411	0.0546570188	0.0299642946	-0.0011166801	0.0840795248	0.0220277791	-0.0201628696	0.0041314107	0.0610478362	0.0459422734	0.0230418001	-0.0694376057	0.0619922176	-0.0160245105	-0.0384828171	0.0412099568	0.0115125682	-0.0487444668	0.0203887125	0.0354008796	-0.0435571555	-0.0068944842	0.0480693164	-0.0245649379	-0.0319925587	0.0455027728	0.0022128355	-0.046950984	0.0285146833	0.0282892778	-0.0470288708	0.0024892147	0.0453997805	-0.0322015336	-0.02432518	0.0481213794	-0.0071683153	-0.0434300072	-0.0551805	0.0004250999999999	1.8071000999999809e-07	0.00304488758025	-2.98136	0.0037799999999998	8.8885074496	1.4288399999999202e-05	-0.486489	0.021457	0.000460402849	0.236671547121	-0.016269	0.0017249	0.0002646803609999	2.975280010000005e-06	-0.0020215	-0.0003542499999999	4.08646225e-06	1.254930625e-07	0.000929914	-0.0004519459999999	8.64740047396e-07	2.0425518691599997e-07	0.0	0.0	0.0	0.0	0.0	0.0	0.0	0.0	0.0	0.0	0.0	0.0	0.0	0.0	0.0	0.0	0.0	0.0	0.0	0.0	0.0	0.0	0.0	0.0	0.0	0.0	0.0	0.0	0.0	0.0	0.0	0.0	0.0	0.0	0.0	0.0	0.0	0.0	0.0	0.0	0.0	0.0	0.0	0.0	0.0	0.0	0.0	0.0	0.0	0.0	0.0	0.0	0.0	0.0	0.0	0.0	0.0	0.0	0.0	0.0	0.0	0.0	0.0	0.0	0.0	0.0	0.0	0.0	0.0	0.0	0.0	0.0	0.0	0.0	0.0	0.0	0.0	0.0	0.0	0.0	0.0	0.0	0.0	0.0	0.0	0.0	0.0	0.0	0.0	0.0	0.0	0.0	0.0	0.0	0.0	0.0	0.0	0.0	0.0	0.0	0.0	0.0	0.0	0.0	0.0	0.0
54490.69493622264	-33.480730530085566	2969235834.632479	1120.9593168282038	66189.17139111328	-372.4726528320316	4381006409.442169	138735.87710773112	55426.252995799085	-8.195161387811822	3072069521.154327	67.1606701722818	55599.42433173763	54541.64106223366	1.099831	25.195889	0.0342673999999998	0.019459	-0.001031837	-0.0186060452	0.0057698917	0.0144221166	-0.0385906031	-0.0152372997	0.0683601898	0.0221549977	-0.0375394788	-0.0597443061	0.0185665939	-0.0128622837	-0.0342179042	0.0605759845	-0.0284214889	0.000419684	0.0387614357	0.0020200898	-0.0163243466	0.0383909202	-0.031637875	-0.0078249637	0.0395457159	-0.0336784163	0.0027524489	-0.0265763897	0.077202647	-0.0114819178	0.0696533184	0.014760209	-0.0448728593	0.0373464699	-0.0103700943	0.0421261366	0.0047245593	-0.020218815	0.0165671992	0.0090261281	0.0227521951	-0.0265970829	-0.0620745806	0.016144869	-0.0363013874	0.0142716421	0.0321060578	-0.005125389	-0.0113367159	0.0240943399	-0.0357971048	0.0492729683	-0.0583732761	0.0284424121	-0.0129886269	0.0025707658	0.0094004755	-0.0159112883	-0.0591189989	0.0330780708	0.00880776	0.005277679	-0.0661077422	0.0005873306	0.0495439685	0.0166444789	-0.0213397756	0.0322435097	-0.0530866282	0.0018133292	0.0093656625	0.0470741085	-0.014207489	-0.014522962	-0.0393844506	-0.0109752719	-0.0190864332	0.015049571	0.0184724139	0.0481944298	0.0076376373	-0.0300438254	0.0376605315	-0.0207148529	0.0320602786	-0.0029368843	0.0301902567	-0.0153035158	-0.0384443508	0.0286964335	0.024688425	-0.0217700777	0.0169158926	-0.0415335704	-0.0032537737	-0.0145111365	0.0326114892	-0.0034102476	0.0064023892	0.0147701719	-0.0122182669	-0.0263005165	0.0166841045	-0.0201846778	-0.0052755207	-0.049070972	-0.0165813515	-0.0314672655	0.0279665942	0.0051240658	-0.0044045925	-0.0372502612	0.0515546956	-0.0411725291	-0.000462411	0.0158082443	-0.0396295993	0.0290530222	0.008190833	-0.0381228337	-0.0194179429	-0.0261909099	0.0260526181	-0.084843436	-0.023572374	0.0636268722	0.0132572476	-0.0469739029	0.0237457237	-0.0081758234	0.0456961127	-0.0016187186	-0.0187447304	-0.0195075066	0.0081742687	0.0211362214	0.0307811537	0.0588178048	-0.0224103893	-0.0083457576	-0.0348505064	-0.0344344047	0.0159993541	0.0168978375	-0.0234962865	0.0369486315	-0.040073419	0.0469048724	-0.0384946777	0.0343073399	0.0057258632	-0.0072751258	0.0013007064	0.0126695998	0.0687543723	0.0070739459	0.0176734441	0.0598867399	-0.0146428626	-0.0437135689	0.0005397437	-0.0160466315	-0.0384951547	0.0552571936	0.0160217415	-0.0008665669	0.041682246	0.0003013541	0.0189282581	-0.0270439087	-0.0217850822	-0.0188432415	0.012219994	0.0308285088	-0.0478428539	0.0160210104	-0.0047687695	0.0097821408	-0.0492842697	0.0273755458	0.0177385958	0.0309920351	0.0027997524	-0.0324334295	-0.0250773785	0.0341988111	0.0151784182	0.0157282848	-0.0446845171	-0.0244794279	0.0173303149	-0.0287586984	0.0047234858	0.0166392413	-0.0124194099	0.0013927373	-0.0032912067	0.0254488098	-0.0014097882	0.0372688825	-0.0144727433	-0.0313849852	-0.0003280367	0.0253495299	0.0201454982	0.0105472214	0.0468270426	-0.0045675509	-0.0614786435	-0.0366554542	0.003566566	-0.0611190852	-0.0153153265	0.0120947283	0.0244197559	0.0178408558	-0.0608354667	-0.0352067754	-0.0425258596	0.0564451946	0.0389243131	0.0064494528	-0.0087278226	-0.0285300737	-0.0142423627	-0.0359982911	0.0093187313	-0.0470411862	0.0257167045	0.0450147196	0.0149678632	-0.0015477299	-0.0559507914	0.0821998194	-0.0161987064	-0.0382535695	0.0415062691	0.0107941057	-0.0486473676	0.0213897225	0.0344964857	-0.0442116967	-0.0052471816	0.047683095	-0.026298709	-0.0302845558	0.0463341804	-0.0003689281	-0.0460901072	0.0308609395	0.0256733154	-0.0478457346	0.0059801733	0.0438894081	-0.0350162597	-0.020723565	0.0487264292	-0.0115125682	-0.0411100147	-0.0522396	0.0029409	8.648892810000019e-06	0.0027289758081599	-2.97379	0.0075699999999998	8.8434269641	5.73048999999978e-05	-0.49165	-0.0051609999999999	2.6635920999999703e-05	0.2417197224999999	-0.0159949	0.0002740999999999	0.00025583682601	7.513080999999964e-08	-0.00211931	-9.781000000000026e-05	4.491474876100001e-06	9.566796100000051e-09	0.000929914	0.0	8.64740047396e-07	0.0	0.0	0.0	0.0	0.0	0.0	0.0	0.0	0.0	0.0	0.0	0.0	0.0	0.0	0.0	0.0	0.0	0.0	0.0	0.0	0.0	0.0	0.0	0.0	0.0	0.0	0.0	0.0	0.0	0.0	0.0	0.0	0.0	0.0	0.0	0.0	0.0	0.0	0.0	0.0	0.0	0.0	0.0	0.0	0.0	0.0	0.0	0.0	0.0	0.0	0.0	0.0	0.0	0.0	0.0	0.0	0.0	0.0	0.0	0.0	0.0	0.0	0.0	0.0	0.0	0.0	0.0	0.0	0.0	0.0	0.0	0.0	0.0	0.0	0.0	0.0	0.0	0.0	0.0	0.0	0.0	0.0	0.0	0.0	0.0	0.0	0.0	0.0	0.0	0.0	0.0	0.0	0.0	0.0	0.0	0.0	0.0	0.0	0.0	0.0	0.0	0.0	0.0	0.0	0.0	0.0	0.0
54555.64553346841	64.95059724577004	2976318459.5734515	4218.580082582231	66969.74687792969	780.5754868164076	4484946996.893973	609298.0906186717	55448.94638161871	22.69338581962802	3074585654.831627	514.9897599584941	55618.5484843304	54582.81806672332	0.936196	21.447189	0.0811514500000001	0.044375	0.0001368037	-0.0163831878	0.0008523999	0.0083339175	-0.0515323378	0.0070884068	0.0598984823	0.0146477665	-0.04217821	0.021544375	-0.0431086488	0.0028880974	-0.0553321728	0.027913065	-0.0169802174	0.0216510395	0.0037003069	0.0013203878	0.0116576031	0.03056994	0.0265753645	-0.0029084865	-0.0087300296	-0.0188238209	-0.023338331	-0.035931119	0.0192842399	-0.0531060966	-0.0097631332	-0.0068915238	0.0044866082	-0.0403985516	0.0065526306	0.0051081316	-0.0297946724	-0.0364552597	0.0062373918	0.0533337979	0.0096570858	-0.0683546429	-0.0135964974	0.0003810011	0.0275282477	-0.0287381627	-0.0386046075	0.0189398097	0.0911073361	-0.0322650288	-0.0915275323	-0.0290903615	0.0327532649	-0.001010515	-0.0014696795	-0.0383990092	0.0073640818	-0.0497053101	-0.0114924016	0.0449371726	0.0707221182	0.0258696956	0.0167404675	-0.0370173918	0.056750996	-0.0207802385	-0.0529170262	0.023375177	-0.0116393199	-0.0669128783	0.0544851627	0.0055805468	0.0190544371	-0.0198205856	-0.0057067806	-0.0555647764	-0.0131065464	-0.0704538869	0.0069485654	-0.0653381575	-0.0559325565	0.0379641831	0.0183698184	0.0522367134	0.0066300919	0.0213548533	0.0085367584	-0.0268789229	-0.0349149878	-0.0350149369	-0.0776872168	-0.0169183024	0.0530507656	-0.0397119605	0.0160347129	0.0474826233	0.0106482827	-0.0736924356	-0.0031301849	0.037504819	0.0617204126	-0.0315843202	-0.0101879335	0.0308970425	0.0089813465	0.0268656941	-0.0394089448	0.0593997088	-0.014794359	0.0186413838	0.0343460308	0.0329194603	0.0226525266	-0.0602998524	-0.0006197205	-0.0110206871	-0.0305762539	-0.0263553372	0.0038088044	0.0044801536	-0.0295294916	0.0127879923	0.0368966851	-0.0159417109	-0.0505450898	-0.0190780902	-0.0078823355	0.0102360487	-0.0373392378	0.0138285432	0.0024322848	-0.0319399181	-0.0373018981	-0.0130011304	0.0513536711	0.0145628676	0.0609096085	0.0053529956	-0.0016832427	-0.0401987231	0.0322357847	0.0449102432	-0.0161801368	-0.0993451454	-0.0112093597	0.0790910212	0.0326657053	-0.028534714	0.0141658854	0.0100081801	-0.0362100269	-0.0177738946	0.0392472934	0.0177191847	0.0215887672	0.0707525526	-0.0275437285	0.0002789608	0.0423187054	-0.0651898492	0.0297099902	-0.0531417692	-0.0303120707	0.0026430579	0.0468189551	-0.0635772081	-0.0144460808	-0.0277689796	0.0167948029	0.0202153044	-0.058318238	-0.0046100052	-0.0553150414	-0.0134821042	0.034509511	-0.0666137086	-0.0353524267	0.0377814664	0.0395084976	0.0324368347	0.0280407816	-0.0039674263	-0.0134776034	-0.0370218469	0.0736569352	-0.0363965876	0.0785443625	0.0404567856	-0.0195604471	0.0312063262	0.036728925	0.0025694165	-0.0787781921	0.0329299493	0.0064042651	0.0440751405	-0.0350197067	0.027778902	-0.0035554497	-0.0349016485	0.0233314441	0.0010354475	-0.0616154944	-0.007887824	-0.0028874236	0.0029844714	-0.0544645134	-0.0311974343	-0.0508546819	0.0142585084	-0.0028693146	-0.0373372632	-0.0133868923	0.0099293417	0.0252814089	0.0307071307	-0.0336568227	-0.0601112238	-0.0230736731	0.0259082856	0.0143633638	-0.0008781601	0.0226040484	0.0357815349	-0.0253891131	-0.0159423577	-0.0157192528	-0.0275194737	-0.0218863471	0.0360107547	0.0057593193	-0.0224380787	-0.0561659872	0.0539412822	-0.0163726724	-0.0380221508	0.0417972809	0.0100731925	-0.0485330118	0.0223798066	0.0335681082	-0.044826091	-0.0035938487	0.0472292216	-0.0279873335	-0.0285146833	0.0470544995	-0.0029496658	-0.0450821203	0.0330951267	0.0229521086	-0.0484427166	0.009440512	0.0421300458	-0.037611983	-0.0169797078	0.0489659547	-0.0157627911	-0.0384257095	-0.0552295	-0.0029899	8.939502010000022e-06	0.00305029767025	-2.96272	0.0110700000000001	8.7777097984	0.0001225449	-0.517853	-0.026203	0.000686597209	0.268171729609	-0.0155907	0.0004041999999999	0.00024306992649	1.6337763999999893e-07	-0.00170574	0.00041357	2.9095489476e-06	1.7104014490000006e-07	0.000929915	1.000000000015745e-09	8.64741907225e-07	1.0000000000314906e-18	0.0	0.0	0.0	0.0	0.0	0.0	0.0	0.0	0.0	0.0	0.0	0.0	0.0	0.0	0.0	0.0	0.0	0.0	0.0	0.0	0.0	0.0	0.0	0.0	0.0	0.0	0.0	0.0	0.0	0.0	0.0	0.0	0.0	0.0	0.0	0.0	0.0	0.0	0.0	0.0	0.0	0.0	0.0	0.0	0.0	0.0	0.0	0.0	0.0	0.0	0.0	0.0	0.0	0.0	0.0	0.0	0.0	0.0	0.0	0.0	0.0	0.0	0.0	0.0	0.0	0.0	0.0	0.0	0.0	0.0	0.0	0.0	0.0	0.0	0.0	0.0	0.0	0.0	0.0	0.0	0.0	0.0	0.0	0.0	0.0	0.0	0.0	0.0	0.0	0.0	0.0	0.0	0.0	0.0	0.0	0.0	0.0	0.0	0.0	0.0	0.0	0.0	0.0	0.0	0.0	0.0
54586.85389636739	31.2083628989858	2979724618.30336	973.9619148347932	66669.40472607422	-300.3421518554678	4444809526.529088	90205.4081811729	55442.48534022908	-6.461041389629827	3073869180.7015166	41.74505583850972	55612.75135845326	54955.34812423904	1.330437	30.478817	0.5723775999999997	0.441372	0.0047561599	0.0111568007	0.0507969913	0.0323600796	-0.005075205	-0.030185355	0.0662583109	0.0047577	0.0292406245	0.0784446406	-0.0073588253	0.0310761777	0.024424523	0.1540371006	-0.0375246333	-0.040113657	0.0693945604	0.0818701324	0.043060961	0.0152479268	0.0122786886	0.0387241391	0.0354662315	0.0030416985	0.0088538553	-0.0499393998	0.0570810082	0.0561773398	-0.0289969599	-0.0038543083	-0.0137762208	-0.0249535831	0.0099342301	0.0180407568	-0.0059812658	-0.006242989	-0.0392028075	-0.0389038495	-0.0104624409	0.0219844098	-0.0877561959	-0.0515135213	-0.0387146304	-0.0714537072	-0.0760559713	-0.0099605571	-0.0296526658	0.0367254377	0.0321159053	-0.0288088328	-0.0381706771	0.0500235509	-0.0121094473	0.0076586591	0.0415010711	0.033899293	-0.0997544417	-0.0082134296	0.0268050889	0.0561337004	-0.0293372962	0.0270492759	0.0232953553	0.0039883598	0.0165532392	-0.0416872495	0.0126373586	0.0301806077	-0.0306037064	-0.0015602101	-0.0377467983	-0.0224498295	-0.038403899	-0.0307615274	-0.0870867989	-0.0507389487	-0.0265775365	-0.0581196324	-0.0228370678	-0.0086469697	-0.0359445864	-0.041060272	0.0341241809	0.0744305685	-0.0264940477	0.018845129	-0.0052031346	0.0477112099	-0.0782276061	0.0016641366	-0.0092003046	-0.0106129713	0.0135821349	0.104817895	-0.0978206188	-0.0090804741	0.0061803773	0.0290319589	-0.0353633623	0.0105839544	-0.028461605	0.0324878636	0.017522614	-0.0245789294	0.0444517416	0.032907052	-0.0126760229	0.0589443129	-0.0152933114	-0.0813747542	0.0415201253	-0.0465408014	0.0794893627	-0.0440039236	-0.0185642386	-0.0117342708	-0.0413368236	-0.0343725443	0.0054232701	-0.0069026296	0.0502377345	-0.0550648967	0.0599079772	-0.030022924	0.0029160064	-0.0057322869	-0.0249761122	0.0159502265	0.0184351068	-0.0107983435	-0.0071964503	0.042738422	-0.039996718	-0.012034645	-0.0097458723	0.0822696637	0.0486241989	-0.0633340322	-0.041388286	0.0772422823	-0.0255974523	0.0445634462	-0.0213469923	-0.0373947339	0.028442321	0.0138689355	-0.0454714234	0.0347971595	0.006702666	-0.0384810173	-0.0696505138	0.0216619342	0.0861388864	0.0068340613	-0.047309364	0.0565570801	-0.0343810255	0.0099214891	0.0109600455	0.0058393635	0.0524086395	0.0043862549	-0.028970455	0.0231945594	0.0004430343	0.0377205079	0.007052914	-0.0134986056	-0.0655852354	-0.0890728666	-0.042510261	-0.0466305899	0.0355764065	0.0045738461	-0.0342076677	-0.049713076	0.003314128	0.0260632426	0.0748100289	-0.0528619863	0.0259740998	-0.0036990896	-0.0178048503	-0.0327841601	0.0707015071	-0.026297719	0.000705051	0.074308441	0.0406373667	0.0938666251	-0.0202708682	-0.0035415787	-0.036121853	0.0232407048	0.0311931981	-0.0293503598	-0.0457447926	0.0066112027	-0.0225809533	0.0375342233	-0.0164183106	-0.0053599278	-0.0452469893	0.0633543904	0.078478506	-0.0504634336	-0.0612051029	0.035843751	0.0521843758	-0.1551188662	0.0205037656	0.1177665953	0.0278865357	-0.1070332208	-0.054092103	-0.0573010343	0.0483211642	0.0719621494	-0.0354697252	0.0190434239	0.0056379298	0.0157006936	0.0743177595	0.021583271	0.0658661497	0.0415576966	-0.0437835816	0.0432497023	-0.0137045154	-0.0640606119	0.0994839955	0.0385356372	-0.0165464061	-0.0377885739	0.0420829549	0.0093499925	-0.04840144	0.023358459	0.0326163926	-0.0453997805	-0.0019363856	0.0467083402	-0.0296279125	-0.026686557	0.0476620031	-0.005522202	-0.0439302406	0.0352091317	0.0201368126	-0.0488170731	0.0128525131	0.0401316745	-0.0399724692	-0.0131193052	0.0488381591	-0.0198842699	-0.0354008796	-0.0472699	0.0079596	6.335523216000007e-05	0.00223444344601	-3.12695	-0.1642299999999998	9.7778163025	0.0269714928999999	-0.521799	-0.003946	1.557091600000004e-05	0.272274196401	-0.0232314	-0.0076406999999999	0.00053969794596	5.838029648999998e-05	-0.00198988	-0.0002841399999999	3.9596224144e-06	8.073553959999989e-08	0.000929915	0.0	8.64741907225e-07	0.0	0.0	0.0	0.0	0.0	0.0	0.0	0.0	0.0	0.0	0.0	0.0	0.0	0.0	0.0	0.0	0.0	0.0	0.0	0.0	0.0	0.0	0.0	0.0	0.0	0.0	0.0	0.0	0.0	0.0	0.0	0.0	0.0	0.0	0.0	0.0	0.0	0.0	0.0	0.0	0.0	0.0	0.0	0.0	0.0	0.0	0.0	0.0	0.0	0.0	0.0	0.0	0.0	0.0	0.0	0.0	0.0	0.0	0.0	0.0	0.0	0.0	0.0	0.0	0.0	0.0	0.0	0.0	0.0	0.0	0.0	0.0	0.0	0.0	0.0	0.0	0.0	0.0	0.0	0.0	0.0	0.0	0.0	0.0	0.0	0.0	0.0	0.0	0.0	0.0	0.0	0.0	0.0	0.0	1.0	0.0	0.0	0.0	0.0	0.0	0.0	0.0	0.0	0.0	0.0	0.0	0.0
54555.04388491145	-31.810011455942004	2976252813.284614	1011.8768288271616	66060.1890859375	-609.2156401367247	4363948582.069816	371143.6961871992	55374.79562832447	-67.68971190461161	3066367990.878703	4581.897097729319	55546.47393851094	54769.979069221794	1.312912	30.077343	0.42320365	0.213215	0.0086966467	0.0341763778	0.0695269621	0.0243385543	0.0001508766	-0.0708084672	0.0735639639	-0.0451080118	0.0323565479	-0.0040733961	-0.0831542598	0.106005416	0.0830988549	0.2001343888	0.0109305702	-0.0111725043	-0.0455595339	0.1422139755	0.048649102	0.0482083876	-0.0109593105	-0.0019332222	0.0298228114	-0.0668135139	0.0143024388	0.0151208142	-0.0226299294	0.0819233866	-0.0539573516	-0.0448671561	-0.0915982746	0.0073492373	0.0413447081	-0.0293559232	-0.0068789784	0.040907016	-0.0570676716	-0.0614500647	-0.009304642	-0.0131511837	-0.0855152659	-0.022460682	-0.0779181565	0.070202478	-0.0429351203	-0.0563186562	-0.0061469034	-0.0178826557	-0.0470853484	-0.0131892976	0.0306301313	0.000149057	-0.0579776046	0.0340958801	0.0555547134	0.0004654512	0.0044759694	0.0523245906	0.0652751292	0.0019011665	0.1147458762	-0.0549167685	0.001057785	0.0839752955	-0.0264124309	-0.0308546186	0.0314295688	0.0619330458	-0.0106002361	-0.0347066635	-0.0188164464	-0.0393192602	-0.0353593709	0.0373890152	-0.0417248033	-0.0975485174	-0.024502315	0.0211772064	0.0616377805	-0.0048495537	0.0676972051	-0.0772679954	0.0237572624	0.004839173	-0.015854369	-0.042415509	0.0169569931	-0.0016387852	-0.0429675865	-0.0081124236	0.0073521715	0.0355579311	0.0027153725	0.0024728687	0.0179040431	-0.0054263409	-0.0228689016	-0.0241101406	-0.0057400286	-0.057379225	-0.0065356787	-0.0096403071	-0.0207759779	0.028147493	-0.0125256312	-0.0020026748	0.0524641098	-0.0179107545	0.0250014068	-0.0186866329	-0.047499393	0.0291101663	0.1362171471	-0.0524471115	-0.0587244438	0.0113592614	0.0009387597	-0.036062502	-0.0584288693	-0.0339250318	-0.024136053	0.0186032693	0.0969429084	-0.0338817452	-0.0582544625	-0.090347766	-0.0059280819	0.0323292624	-0.0272484637	-0.0017482739	0.0390606683	0.060305533	-0.0529483442	-0.0214937081	0.0267921939	0.0800949395	0.0032058217	0.0466071367	-0.0951773924	0.0400675353	0.0508019692	-0.0061782542	0.0126956204	0.0364207391	0.0236183827	-0.0032271698	0.0755980607	0.0654948951	0.0567597066	-0.0301982723	-0.0046942662	-0.0104243612	0.0097774623	0.0872126031	-0.0354811194	-0.0954711711	0.0300898083	-0.0199016953	-0.0521629532	-0.0590058485	0.0362709236	-0.0094167123	-0.061490205	0.0057599476	-0.0095324966	0.0624809561	0.0383647324	-0.0317662873	-0.0035496378	-0.0509098557	-0.0824265688	-0.070094709	-0.0051345626	0.0295859538	0.0482334035	0.0027688532	-0.1049801472	0.0462052048	0.0062257806	-0.0110821891	-0.0414682418	-0.008830005	-0.0090190463	-0.0395553684	0.0275782028	0.003022933	0.0306935176	0.0118550268	-0.0147953308	-0.0150774784	-0.0135480476	-0.0050163613	0.0010495761	-0.0247533893	0.0217042567	0.0612626533	0.0132431426	-0.0203124289	0.0249552408	0.0017645807	0.0002009996	0.0247989091	0.0556811156	-0.0009579015	-0.0048907398	-0.0045513235	0.0479187921	-0.0141718069	0.0698994327	-0.1599394345	0.0403481383	0.2046146974	0.0116989809	-0.0920533263	-0.1068422742	-0.0028834569	0.1278133426	-0.0456684275	0.0541944625	0.0097865976	0.0299958527	-0.0247441379	0.1119421031	0.0225176797	0.0668457236	-0.040970775	0.0585012677	-0.1172526061	-0.1174767261	0.1263491997	0.0105795473	-0.1191652743	-0.016719905	-0.0375528523	0.0423632548	0.0086246698	-0.048252699	0.02432518	0.0316420006	-0.0459322442	-0.0002766972	0.0461211897	-0.0312176297	-0.0248039116	0.0481552347	-0.0080793838	-0.0426381448	0.0371952777	0.0172389684	-0.0489670838	0.0161987064	0.0379056313	-0.0420829549	-0.0091688544	0.0483440011	-0.0238433419	-0.0320623308	-0.0480993	-0.0008294	6.879043600000016e-07	0.00231354266049	-3.24103	-0.1140799999999999	10.5042754609	0.0130142463999999	-0.647039	-0.12524	0.0156850576	0.418659467521	-0.0260862	-0.0028548	0.00068048983044	8.149883040000006e-06	-0.00212154	-0.00013166	4.5009319716e-06	1.7334355600000006e-08	0.00160454	0.000674625	2.5745486116e-06	4.55118890625e-07	0.0	0.0	0.0	0.0	0.0	0.0	0.0	0.0	0.0	0.0	0.0	0.0	0.0	0.0	0.0	0.0	0.0	0.0	0.0	0.0	0.0	0.0	0.0	0.0	0.0	0.0	0.0	0.0	0.0	0.0	0.0	0.0	0.0	0.0	0.0	0.0	0.0	0.0	0.0	0.0	0.0	0.0	0.0	0.0	0.0	0.0	0.0	0.0	0.0	0.0	0.0	0.0	0.0	0.0	0.0	0.0	0.0	0.0	0.0	0.0	0.0	0.0	0.0	0.0	0.0	0.0	0.0	0.0	0.0	0.0	0.0	0.0	0.0	0.0	0.0	0.0	0.0	0.0	0.0	0.0	0.0	0.0	0.0	0.0	0.0	0.0	0.0	0.0	0.0	0.0	0.0	0.0	0.0	0.0	0.0	0.0	0.0	0.0	0.0	0.0	0.0	0.0	0.0	0.0	0.0	0.0
54651.32198832088	96.2781034094296	2986766995.071125	9269.47319611682	66244.87059521484	184.6815092773468	4388382880.176761	34107.259868958725	55519.66184681758	144.86621849310905	3082432851.584972	20986.22126049321	55680.28153804413	54655.90600205459	1.230181	28.182062	0.4377906999999999	0.262483	0.0041780649	0.0026935662	0.0324626582	0.0348829089	0.0168544409	-0.0266160738	0.0716519979	0.0370962823	-0.0201483004	-0.0083652491	-0.0729900318	0.0222230443	0.0380622212	0.0954256424	0.0303349013	-0.0207524455	-0.0238355976	0.0523272617	0.0519911102	0.0716158921	0.023273095	-0.0053994633	-0.0163435024	0.0171634582	-0.072934019	-0.0233273921	0.0435580426	-0.0274676339	0.0243020134	0.0329893318	-0.0899225199	0.0028645606	-0.0060567051	-0.0321168469	-0.0246677847	0.0257430289	-0.0793453339	-0.012520056	0.0436527204	0.0018397503	-0.0549376987	-0.0697473052	-0.0727731845	-0.0321747322	0.0380487325	0.0233004275	-0.0324423387	0.0107072068	0.0599218737	0.0171304471	-0.0772193084	0.0359889232	-0.0398594631	0.0359573232	0.0462638146	0.0073108278	-0.0038866344	0.041225399	-0.0341471415	-0.0440666243	0.0153124234	-0.0393697632	-0.0281213758	0.0386658161	-0.0290860295	-0.0739598066	-0.0028615883	-0.0364026853	-0.0605938325	0.0452733386	-0.0537132946	-0.0381736932	0.0195523917	0.0131642064	0.0431092527	0.0132376844	0.0279267646	0.0014872925	0.0272446463	0.0321150751	0.0433490819	-0.0181072398	-0.0054902165	-0.002249049	-0.0028810587	-0.006973555	0.018981663	0.0226562199	0.0054029169	0.0069274353	0.016676549	-0.0601416413	0.0315313606	-0.0191684059	-0.0298864443	-0.0365419941	0.0227876718	-0.034597932	0.0152801941	-0.0423998194	-0.0061441571	-0.0097342984	0.0069733862	-0.0067523634	0.0429233082	0.0097295385	0.0044742006	-0.0234224048	-0.0026177779	0.047664123	0.0105553077	0.0477813879	0.0494690294	-0.0520346854	-0.0718466194	-0.0246174334	0.0033724797	0.0151146005	-0.0053435186	0.063146752	0.0246759861	-0.0550620059	-0.0326222388	0.0218886917	0.0191523035	-0.0934316499	-0.0202195412	-0.0228849134	-0.0302126982	-0.0209599775	0.0247624041	0.084952579	-0.0134031956	0.0323808644	0.0089592013	0.064363575	0.0554323124	-0.0163277873	-0.0752723691	-0.0577451962	-0.0434577879	0.0291698209	0.019795614	-0.070173608	-0.009775756	0.0698434591	-0.0230833311	0.0606778124	0.0426115009	-0.023915856	-0.0189739437	-0.0223703714	0.0233014873	-0.0062371703	0.057417401	-0.0191337492	0.0308004232	0.0104837711	-0.0400486789	-0.0488472845	0.0715904444	-0.0348397278	0.0563400656	0.0495247915	0.0483907207	0.0323218228	0.0215753803	0.0250280898	0.0119357524	0.0327555828	0.0129409013	0.0228713783	0.0257941077	-0.0167696201	0.0266601733	0.0265129043	-0.0461298144	0.0075803964	0.000855767	-0.0004511522	-0.0147595922	0.0211035936	-0.0159718595	0.0042660937	0.0224463707	0.001232285	-0.0532966951	-0.0254533853	-0.0056428282	0.0498937059	-0.0090948054	0.0394329116	0.0291605612	-0.0197343986	0.0045706131	0.0453902845	0.0095059925	0.0225475615	-0.0059383011	0.0380222257	0.0043832573	0.0117548724	-0.0007560386	-0.0076474736	-0.0325655618	0.0451705758	0.0136008771	-0.038283949	0.0384595682	-0.1148405339	0.0106228918	0.1317988561	0.006783498	-0.0454141897	-0.0838170278	-0.0012400923	0.0459879612	0.0404863381	0.0273576218	0.0607304201	-0.0174993753	0.0366805358	0.0597176074	-0.0427253993	0.0310127326	0.0237744738	-0.0518377753	-0.0319595411	-0.0752988675	0.0536181075	-0.0019620058	-0.092186583	-0.0168931667	-0.0373149993	0.0426381448	0.007897389	-0.0480868413	0.0252794756	0.0306456097	-0.0464229987	0.0013833093	0.0454686032	-0.032753756	-0.0228705931	0.0485330118	-0.0106141007	-0.0412099568	0.0390463521	0.0142704553	-0.0488920593	0.0194619585	0.0354645447	-0.0439302406	-0.0051554705	0.0474871876	-0.0276076712	-0.028439649	-0.0698705	-0.0217712	0.00047398514944	0.00488188677025	-3.07681	0.1642199999999998	9.4667597761	0.0269682083999999	-0.610628	0.036411	0.001325760921	0.3728665543839999	-0.0223272	0.003759	0.00049850385984	1.4130081000000014e-05	-0.00179106	0.0003304799999999	3.2078959236e-06	1.0921703039999997e-07	0.00138625	-0.00021829	1.9216890625e-06	4.7650524100000056e-08	0.0	0.0	0.0	0.0	0.0	0.0	0.0	0.0	0.0	0.0	0.0	0.0	0.0	0.0	0.0	0.0	0.0	0.0	0.0	0.0	0.0	0.0	0.0	0.0	0.0	0.0	0.0	0.0	0.0	0.0	0.0	0.0	0.0	0.0	0.0	0.0	0.0	0.0	0.0	0.0	0.0	0.0	0.0	0.0	0.0	0.0	0.0	0.0	0.0	0.0	0.0	0.0	0.0	0.0	0.0	0.0	0.0	0.0	0.0	0.0	0.0	0.0	0.0	0.0	0.0	0.0	0.0	0.0	0.0	0.0	0.0	0.0	0.0	0.0	0.0	0.0	0.0	0.0	0.0	0.0	0.0	0.0	0.0	0.0	0.0	0.0	0.0	0.0	0.0	0.0	0.0	0.0	0.0	0.0	0.0	0.0	0.0	0.0	0.0	0.0	0.0	0.0	0.0	0.0	0.0	0.0
54783.29369885054	131.9717105296586	3001209268.4945173	17416.532380124	67053.44792163085	808.5773264160089	4496164878.178861	653797.292794061	55478.68709010819	-40.97475670938729	3077884721.2421374	1678.930687393479	55651.76686823561	55145.65717678318	0.968763	22.193262	0.0726175999999997	0.0410038	0.0024710444	0.0020699495	0.0237088132	0.0204924851	0.0049510917	-0.02748148	0.0460631499	-0.0120504479	-0.0070075939	0.0683471907	-0.0433439367	0.0551962641	0.0230377138	0.0952173269	-0.0086302111	0.0051330659	0.0001463447	0.0593250701	0.029152635	0.0173191423	0.0423269175	0.0168968808	0.0079243591	0.0074243183	-0.066861681	-0.0106043978	0.029882856	-0.0035602507	-0.026568469	-0.0543705965	0.0019837262	-0.0179940454	-0.0103756372	-0.0287399977	-0.0482641738	-0.0202872081	-0.1040316328	-0.0349843592	0.027414281	-0.0163193549	0.0353740797	-0.0434384894	-0.0262670263	-0.0393332325	-0.0104849953	0.0858093107	0.0007210964	0.0197767548	0.0202431609	-0.021258	0.000349252	0.0475869668	-0.0485191636	-0.001275207	0.0540884808	0.0210225811	-0.026638008	0.0053579031	-0.0082502097	0.062196829	0.0486864088	0.0363642531	0.0133575203	-0.0240915189	0.0100778491	-0.0279269567	-0.0230594825	-0.0044890115	-0.0142566678	0.0234863152	-0.0391191235	-0.0161441413	0.0242110598	-0.0004097249	-0.0191824247	-0.0146404224	0.0321867277	-0.0350952339	0.0279047926	-0.0112435896	0.0266555898	0.0461791681	0.0626782989	0.0111802141	0.0020344385	-0.003031893	-0.0332970326	0.0125270879	0.0493211344	-0.053256982	0.0229691554	-0.0391506628	-0.0146760091	-0.0104896809	-0.0245408165	-0.0334114757	0.0016812772	-0.046265888	0.0280365158	-0.0462650918	-0.0717305251	-0.0049690237	-0.0774336667	0.037170513	0.0697503415	-0.013693031	0.0405949537	-0.039133144	0.0338357501	0.0412569362	-0.0017222431	0.0359056951	0.0559069536	-0.0317846609	-0.0206349897	-0.0399717328	-0.0195323719	-0.0157551288	-0.0170385468	0.0620190024	0.0104154572	-0.0321707055	0.0026772631	-0.0235043332	-0.0507836277	0.0102334964	-0.0196759184	-0.0071818386	-0.0302871448	-0.0486242913	-0.0263656301	0.1050963923	-0.0257959397	0.0275315089	0.0195047345	-0.0340284837	0.0346116757	-0.0045286894	-0.0270385121	-0.0111205737	-0.1047894332	0.0003278909	-0.005725799	-0.0175199498	0.0175031219	-0.0016140944	0.0019422184	0.0639651377	0.0006610873	-0.0455829389	-0.0472252256	0.0017756902	0.0320157813	-0.0017295576	-0.0694424555	-0.00999194	-0.0140138079	0.0211137639	0.0383437949	0.0040029513	0.0264216546	0.0067083257	0.0354603878	0.0158803058	0.0326057656	0.0245642242	0.0071676057	0.0227762359	0.0034646409	-0.0227883488	-0.0181065245	0.0272166917	0.0347114401	0.0060469129	-0.0130784802	0.0590749437	0.0089897915	0.0515486894	0.0169228842	0.0042168439	0.0221335562	-0.0314791594	-0.0392448018	0.0405021659	-0.0343728243	0.0342401216	-0.0365846588	-0.0259060592	0.0250587196	0.0227291327	-0.0387842857	0.0108656515	0.0409256885	-0.0033448157	0.0503595052	0.0596106399	0.0272908541	0.0087556628	0.100046793	0.0608094373	0.0518430792	0.0311498339	0.0250117971	-0.0112651676	-0.0440520167	0.0027429559	0.0228842228	-0.0119026036	0.0312171813	-0.1096128894	0.0097830091	0.1136740713	0.0062617242	-0.0216165621	-0.0707145257	-0.0311328738	0.063557009	0.0526075316	-0.0119719386	0.0376947311	0.0042351038	0.0284492759	0.0683275218	0.0307666511	0.033342081	0.0092963999	-0.0316549414	-0.0059992228	-0.0331140371	-0.0110726506	0.008060189	-0.045929389	-0.0170661886	-0.0370750283	0.0429075896	0.0071683153	-0.047903926	0.0262208584	0.0296279125	-0.0468715983	0.0030417259	0.0447515066	-0.0342336544	-0.0208905514	0.0487944286	-0.0131193052	-0.0396502352	0.0407556328	0.0112434423	-0.0485923444	0.022625561	0.0328222635	-0.0455027728	-0.0011067004	0.0462741461	-0.0311465121	-0.0245649379	-0.0667569	0.0031136	9.69450496000005e-06	0.0044564836976099	-3.09565	-0.0188399999999999	9.5830489225	0.0003549455999999	-0.604739	0.0058889999999999	3.468032099999908e-05	0.365709258121	-0.0215959	0.0007312999999999	0.00046638289681	5.34799689999996e-07	-0.00172951	6.154999999999984e-05	2.9912048401000003e-06	3.788402499999981e-09	0.0012836	-0.0001026499999999	1.64762896e-06	1.0537022499999984e-08	0.0	0.0	0.0	0.0	0.0	0.0	0.0	0.0	0.0	0.0	0.0	0.0	0.0	0.0	0.0	0.0	0.0	0.0	0.0	0.0	0.0	0.0	0.0	0.0	0.0	0.0	0.0	0.0	0.0	0.0	0.0	0.0	0.0	0.0	0.0	0.0	0.0	0.0	0.0	0.0	0.0	0.0	0.0	0.0	0.0	0.0	0.0	0.0	0.0	0.0	0.0	0.0	0.0	0.0	0.0	0.0	0.0	0.0	0.0	0.0	0.0	0.0	0.0	0.0	0.0	0.0	0.0	0.0	0.0	0.0	0.0	0.0	0.0	0.0	0.0	0.0	0.0	0.0	0.0	0.0	0.0	0.0	0.0	0.0	0.0	0.0	0.0	0.0	0.0	0.0	0.0	0.0	0.0	0.0	0.0	0.0	0.0	0.0	0.0	0.0	0.0	0.0	0.0	0.0	0.0	0.0
54727.70534899303	-55.58834985750582	2995121732.7662005	3090.064639880467	66369.73422363281	-683.7136979980423	4404941620.915656	467464.4208301582	55429.38267272123	-49.30441738696391	3072416463.4789686	2430.9255738679485	55595.112147657	54393.5717954165	0.935265	21.425856	0.0647118000000002	0.0385441	0.0037113121	-0.0020099866	0.0217439853	0.0173180226	-0.0074756257	-0.0286796406	0.0368684922	-0.0022921081	0.0036771313	-0.0374931154	-0.0611982864	0.0186744644	0.0445711729	0.0972626775	0.0465999964	-0.0032505612	0.0085621176	0.0583598957	0.0054675635	0.030015659	0.0116748116	-0.0291080247	0.0346065898	-0.0022406651	-0.0527723733	0.0348279327	0.0321082163	0.0307971128	0.0330521207	-0.034797462	-0.0206937613	0.0419664854	0.0149516823	-0.0387290173	-0.0569624031	0.0073907193	-0.0068421956	0.0004431508	0.0486147235	0.0339300248	0.0027104627	0.0232355731	-0.0244755544	0.0167628328	-0.0831868627	0.0051458084	-0.0558947707	-0.0357203092	0.0065760375	0.0135253202	-0.0189548323	0.0329979773	-0.051119418	-0.0448259404	-0.0123808325	0.0694216712	-0.0235529222	0.0148571469	0.0339419846	-0.0103278043	-0.0254653088	-0.0392878517	0.0958474277	0.0217198227	-0.0076107374	0.0453350949	-0.0020621386	0.0214632659	-0.0110130423	-0.0489146396	-0.0541453613	-0.0261454264	-0.0615290416	0.0048339519	-0.0218531221	-0.0283452335	-0.0139705805	0.0403648972	-0.0375835838	0.0049146268	0.0230491094	0.0278143013	0.0132534106	-0.037152631	-0.014573329	0.0360065235	0.0265529529	-0.040996976	0.0349596583	0.0241483521	0.0231148788	-0.0303191058	0.0107619018	-0.0070733044	0.000982767	-0.0056385322	-0.0179980226	-0.0030443745	0.0414728257	0.0357618627	-0.0118599962	0.015218086	0.0195352188	-0.0209718548	-0.0638455046	0.0189707496	-0.0047544321	0.0919272122	0.0038862877	-0.0712169891	0.0515511395	0.0402985815	0.056929872	-0.0065166244	-0.0333569653	-0.0119672358	0.0268153557	-0.0392376988	-0.0119113439	0.0438955862	-0.0367088011	-0.0418038958	0.0247912891	0.0411201107	-0.0344349597	-0.0271972031	0.03613007	0.014631321	-0.0424348392	-0.0528144002	0.0077187335	0.0057830007	-0.0020671638	0.0451897797	-0.0252420299	0.004089376	-0.0169368714	0.0250950719	-0.0285172017	0.0674127056	-0.0054422294	0.0485518184	0.0688096777	0.0022945153	-0.0141439512	0.0132713699	-0.0130658191	0.0431354794	-0.0512081279	0.0017987856	-0.0638995076	-0.0427198942	0.0237505643	0.0402861442	0.006538674	0.0182854646	-0.0281315782	-0.1048340892	-0.0074352002	-0.0143875885	-0.033458982	0.0134312362	-0.0256237046	0.0143775487	-0.023990306	0.0731433215	0.0290141467	-0.0208957286	-0.0267451093	-0.0202567556	-0.0151418631	-0.0124887628	-0.0637842763	-0.0426755399	-0.0134384587	0.0046584637	0.0002867173	0.0254132368	-0.0403190876	-0.0095270529	0.0236831524	0.0330802846	0.0556511962	0.0200036458	-0.0255574391	0.0160882884	-0.0056148687	-0.0047817894	0.0069013918	0.0116594754	-0.0162259573	-0.0002312729	0.0482715828	0.0076071399	-0.020647377	-0.0457948747	-0.0062826683	-0.0053233698	-0.0091719435	-0.0682538667	-0.0459650711	0.0019141435	0.0058625909	0.094619734	0.0306339272	0.0627517255	-0.0082519084	-0.0556828047	0.0238589552	-0.093780877	0.0061090826	0.0940847089	0.0073241396	-0.037133748	-0.037833906	-0.0302905844	0.0614188763	0.0333569165	0.0550953193	0.0488405467	0.0085870321	0.0019647827	0.0403819519	-0.0312975782	0.0228974171	-0.0241008184	-0.0234596163	-0.0078329962	-0.0340480857	-0.0077582544	0.0038132363	-0.047021402	-0.0172389684	-0.036832953	0.043171555	0.0064376142	-0.0477040178	0.0271488476	0.0285896166	-0.0472776357	0.004696647	0.0439709173	-0.0356547843	-0.0188678315	0.0489388583	-0.0155880314	-0.0379639583	0.0423169129	0.0081703383	-0.0480693164	0.0256733154	0.0299937775	-0.0467907162	0.0029496658	0.0447139763	-0.0344309608	-0.0204725349	-0.0716205	-0.0048636	2.365460496000009e-05	0.00512949602025	-3.0927	0.0029500000000002	9.56479329	8.702500000001359e-06	-0.608616	-0.003877	1.503112900000015e-05	0.370413435456	-0.0209907	0.0006052	0.00044060948649	3.662670400000002e-07	-0.00158106	0.00014845	2.4997507236e-06	2.2037402500000015e-08	0.000976826	-0.0003067739999999	9.54189034276e-07	9.411028707599993e-08	0.0	0.0	0.0	0.0	0.0	0.0	0.0	0.0	0.0	0.0	0.0	0.0	0.0	0.0	0.0	0.0	0.0	0.0	0.0	0.0	0.0	0.0	0.0	0.0	0.0	0.0	0.0	0.0	0.0	0.0	0.0	0.0	0.0	0.0	0.0	0.0	0.0	0.0	0.0	0.0	0.0	0.0	0.0	0.0	0.0	0.0	0.0	0.0	0.0	0.0	0.0	0.0	0.0	0.0	0.0	0.0	0.0	0.0	0.0	0.0	0.0	0.0	0.0	0.0	0.0	0.0	0.0	0.0	0.0	0.0	0.0	0.0	0.0	0.0	0.0	0.0	0.0	0.0	0.0	0.0	0.0	0.0	0.0	0.0	0.0	0.0	0.0	0.0	0.0	0.0	0.0	0.0	0.0	0.0	0.0	0.0	0.0	0.0	0.0	0.0	0.0	0.0	0.0	0.0	0.0	0.0
54791.35200587893	63.646656885895936	3002092254.632133	4050.896932750965	66840.90793310547	471.1737094726559	4467706973.321881	222004.6644982228	55417.89462758402	-11.488045137208246	3071143044.9540057	131.97518107453402	55584.02130225678	55067.44320591518	0.905679	20.748079	0.1818642999999998	0.10918	0.0011026729	-0.009270242	0.0073559223	0.0193881948	-0.0014264834	-0.0029353653	0.0198346907	0.044422685	-0.0168982392	-0.0028696696	-0.0367267871	0.0447183611	-0.0023316503	0.0698287388	-0.0064039234	-0.00807705	-0.0079243325	0.0358096568	0.0057434473	0.0227687473	0.026465564	-0.0236430689	0.0372789728	-0.0554399271	0.0016638831	0.0028398708	0.0309120096	-0.0043429438	0.046771683	-0.0118223148	-0.0081809618	0.0028573489	-0.0053712469	-0.0211795472	-0.0349302565	0.0329857129	-0.0124965047	-0.0334745309	-0.051668795	-0.0172573375	-0.0234727365	8.07908e-05	-0.0041280882	0.0061424174	-0.0503377033	-0.0098018475	0.0388787643	-0.0405490226	0.0022134415	-0.0085574742	-0.0417306784	0.0252733071	-0.0203195768	-0.0144537641	0.0464874523	0.0453633763	0.0574148349	0.0154327079	0.0331890079	-0.0507116872	0.0266371959	-0.0064441952	-0.0517573199	-0.0005633482	0.0291812377	0.0255222608	-0.0053927227	-0.0268916249	0.046853145	0.0566186614	0.0350630656	0.0251946052	0.0228079052	-0.0272234735	-0.0118849298	0.0395431861	-0.0572220898	0.0056240266	-0.0401776177	0.0074989786	-0.0067437688	0.0456401328	0.0305746273	-0.0323801566	-0.0283493691	-0.0403218059	-0.009975175	0.0321283255	0.005924493	-0.0123124906	0.0464359738	-0.0096801286	-0.0119574263	-0.0700429222	-0.0072268888	0.0351344448	-0.004574593	-0.0189830012	-0.0134825926	-0.0297366896	0.0347663711	-0.0207067897	-0.0647460663	0.0035486823	0.004133473	0.0293673059	0.0261727723	-0.0570637122	-0.0280561963	0.004099177	-0.0376101805	0.0314040288	0.0346310814	-0.0104202311	-0.0209987122	-0.0300809373	0.0241591718	-0.038500773	-0.0393257154	-0.0327502338	-0.0042752575	-0.0412469488	-0.0135063616	0.0509693737	-0.0098155396	-0.0062584072	-0.0011511304	-0.0103237727	-0.0239375298	-0.0316498863	0.032987009	0.0168502492	-0.032623483	-0.0566017341	0.0143288943	0.0201465976	-0.0001084905	0.0009047277	-0.0037221799	0.0513488781	0.006145143	-0.046495928	0.0290709736	-0.0018133956	0.0168320835	0.0360931756	-0.0243398917	0.0291820596	0.0037427822	-0.0293700666	-0.0425082326	-0.0102895307	-0.0607684888	0.0598819493	0.0403917472	-0.044579293	0.0221321514	0.0265114449	-0.0092605205	0.0415439416	-0.0356248286	-0.0095465516	0.0285470056	-0.0401571222	0.0509410076	-0.0630094767	-0.0273264706	0.0119218406	-0.004623556	-0.0086118275	0.0616937976	-0.0333464176	-0.0240427369	-0.023572526	-0.0219941939	0.012939867	0.0488344405	0.0307115424	-0.0365682986	-0.0132997433	-0.0217269124	-0.0247443868	-0.0399531259	0.0174789434	0.0163781428	0.0255830415	7.57071e-05	-0.0783790363	-0.0135089664	-0.0002176733	0.0394758997	-0.0265432257	-0.0065939014	-0.0348361054	-0.0038018188	0.032515288	0.0226960336	0.0086037029	0.0529629084	0.0307954774	-0.0251799805	0.0223553467	0.0181216037	-0.0413184557	0.0154335429	0.0227254614	0.0335112828	0.0336174665	0.0133005036	-0.0623700998	0.0016728502	0.0648245296	0.0014150574	-0.0050422862	-0.0455106	-0.00397302	0.0098029076	0.0436731981	0.0326189652	0.0459043044	0.0158785739	0.0787641678	0.0438844797	-0.0182644081	-0.0281114988	-0.0304852242	0.0003804365	0.01152041	-0.0107794166	0.0089687375	-0.0154558041	-0.0383317677	-0.0174115036	-0.0365887872	0.0434300072	0.0057054516	-0.0474871876	0.0280629691	0.0275314438	-0.0476407421	0.0063461704	0.0431279427	-0.0370147062	-0.0168065656	0.0489659547	-0.0180134151	-0.0361565084	0.0437245227	0.005063741	-0.0473253789	0.0285896166	0.0269951331	-0.0477860158	0.0069857861	0.0428183818	-0.0374341914	-0.0161987064	-0.0740775999999999	-0.0024570999999998	6.037340409999473e-06	0.0054874908217599	-3.02549	0.0672099999999997	9.1535897401	0.0045171840999999	-0.623188	-0.0145719999999999	0.0002123431839999	0.3883632833439999	-0.019558	0.0014327	0.0003825153639999	2.0526292900000057e-06	-0.00189824	-0.00031718	3.6033150976e-06	1.0060315240000003e-07	0.00117945	0.000202624	1.3911023025000002e-06	4.1056485376e-08	0.0	0.0	0.0	0.0	0.0	0.0	0.0	0.0	0.0	0.0	0.0	0.0	0.0	0.0	0.0	0.0	0.0	0.0	0.0	0.0	0.0	0.0	0.0	0.0	0.0	0.0	0.0	0.0	0.0	0.0	0.0	0.0	0.0	0.0	0.0	0.0	0.0	0.0	0.0	0.0	0.0	0.0	0.0	0.0	0.0	0.0	0.0	0.0	0.0	0.0	0.0	0.0	0.0	0.0	0.0	0.0	0.0	0.0	0.0	0.0	0.0	0.0	0.0	0.0	0.0	0.0	0.0	0.0	0.0	0.0	0.0	0.0	0.0	0.0	0.0	0.0	0.0	0.0	0.0	0.0	0.0	0.0	0.0	0.0	0.0	0.0	0.0	0.0	0.0	0.0	0.0	0.0	0.0	0.0	0.0	0.0	0.0	0.0	0.0	0.0	0.0	0.0	0.0	0.0	0.0	0.0
54861.66392514148	70.31191926255269	3009802168.6351705	4943.765990383728	67007.49536657715	166.5874334716791	4490004435.301858	27751.372990681117	55425.20415445176	7.309526867742534	3071953255.562657	53.42918303024998	55584.5623866407	54839.70446301745	0.917972	21.029692	0.1298104999999999	0.0723782	0.0037268525	-0.002472029	0.0182174975	0.0119626545	0.0043724376	-0.0232483834	0.0252447179	-0.0600905246	0.0133776238	0.0347186176	-0.0283919365	0.0206220448	0.027172939	0.0540735343	-0.0244574621	-0.0227685548	0.0130795083	0.0473688002	-0.0229238602	0.0091482584	0.0164582357	0.031867291	0.0301752272	0.0062730113	0.0011442358	-0.0049245512	-0.0138025625	0.0670704886	-0.0114101111	-0.0062522113	0.0005993055	0.0315749434	0.0133741316	0.0236613704	-0.025005718	0.0828615489	-0.0398311714	0.0201257853	-0.019912138	-0.0542143629	-0.0226780077	-0.030306848	-0.0458909929	0.0066774922	-0.0219196358	-0.0014409742	0.0005118029	-0.034663698	0.0063662882	0.0225258809	0.0157194331	-0.0021568907	-0.0266054565	-0.0779390535	0.0410872128	-0.0056682157	0.0104501702	0.0484925681	0.0091910905	-0.0019612998	0.0519809002	-0.0725294273	-0.006154131	0.0210138419	0.0133344412	-0.0197590592	-0.0152921683	0.0129241929	-0.0036207656	-0.0502198741	-0.0121664557	-0.0143528733	0.0407352009	-0.038873649	0.0064459322	0.0571429158	-0.019182478	0.0425500218	0.0448719961	-0.0065204297	-0.0141935581	-0.0265669589	0.0223203388	-0.0681804485	0.0056392774	-0.0210023444	-0.0285906545	0.0390345205	-0.0225843947	0.0572433735	-0.0103327016	0.0308802084	-0.0050611804	-0.0092902006	0.0200351733	-0.0086297074	0.0001017371	0.0305221824	-0.0134821848	0.0237587805	-0.0193323541	0.030606134	0.0112252816	0.0294964482	-0.0299271191	-0.0292834861	-0.0553877501	0.0069095561	0.0525532428	0.0240912253	-0.0855324193	-0.0380200243	0.0490941258	0.0230616566	-0.0087920624	-0.0177315419	-0.0328597788	-0.0270962361	0.0104309642	-0.0001443016	0.0027099622	0.0070843132	0.0694495345	0.0026913252	-0.0056465618	-0.0042545306	0.030708378	0.0045374462	0.0206829787	-0.0242055178	0.08616828	0.0429551258	0.0168885691	-0.0305077284	0.0566848506	0.020231767	0.0189403039	-0.0017982796	-0.0451320796	0.0100423959	-4.37585e-05	-0.0228939903	0.051110736	-0.0060676435	-0.0210617123	-0.0005404637	0.0323267502	0.0291864634	-0.0473522088	-0.0750598079	0.0136614908	-0.0356188537	0.0079684148	0.0302116437	-0.0073755476	-0.0511021438	0.0575343917	-0.0256458099	-0.0372191298	0.001885267	0.0254992159	0.0150353784	-0.0043929806	0.0096832136	-0.0235568509	0.0257772094	0.0062629298	0.0525546167	-0.0128644557	0.0093280227	0.0635600911	0.000812545	-0.029679154	0.0541385835	0.0475184179	-0.0227034349	-0.0022124638	0.0267934806	-0.0542427701	0.0368519829	-0.0095908708	-0.0293729857	-0.0121194761	0.0212652459	0.0345718817	-0.0504193841	0.0410025016	0.0003303119	-0.0139274267	-0.0195597314	-0.0064107964	-0.0049802482	-0.0211269116	0.0232222583	-0.0011048294	-0.0242964445	-0.0271318346	-0.0288852424	-0.0025728886	-0.0503306738	0.0275839711	-0.0512744685	0.0040145084	-0.003516679	-0.0394132701	-0.0621564437	0.0536613539	0.0098436272	0.019911552	-0.0700817565	0.0026787539	0.0730392605	0.0028419623	-0.0238030719	-0.0298376215	-0.0298836678	0.0376106116	0.0540980663	0.0235440387	0.0585071058	-0.0048807558	0.0014114134	0.0513095085	0.0479226755	0.0018372597	0.0010468997	-0.0401344381	-0.0150773039	-0.0078447241	-0.0381356236	0.0179786543	-0.0150366519	-0.0175837917	-0.0363425447	0.0436829132	0.0049719936	-0.0472535125	0.0289627561	0.02645413	-0.0479605879	0.0079884006	0.0422237789	-0.0383110855	-0.014710965	0.0488756528	-0.0203887125	-0.0342336544	0.0449733504	0.0019363856	-0.046363951	0.0313595323	0.0238433419	-0.0484824465	0.0109739574	0.0406015827	-0.0401316745	-0.0117813266	-0.0764206	-0.0023430000000001	5.489649000000511e-06	0.00584010810436	-3.07035	-0.0448599999999999	9.4270491225	0.0020124195999999	-0.613271	0.0099169999999999	9.834688899999907e-05	0.376101319441	-0.0204129	-0.0008549	0.00041668648641	7.308540100000037e-07	-0.00143789	0.00046035	2.0675276521000003e-06	2.119221225e-07	0.00104089	-0.00013856	1.0834519921e-06	1.9198873600000008e-08	0.0	0.0	0.0	0.0	0.0	0.0	0.0	0.0	0.0	0.0	0.0	0.0	0.0	0.0	0.0	0.0	0.0	0.0	0.0	0.0	0.0	0.0	0.0	0.0	0.0	0.0	0.0	0.0	0.0	0.0	0.0	0.0	0.0	0.0	0.0	0.0	0.0	0.0	0.0	0.0	0.0	0.0	0.0	0.0	0.0	0.0	0.0	0.0	0.0	0.0	0.0	0.0	0.0	0.0	0.0	0.0	0.0	0.0	0.0	0.0	0.0	0.0	0.0	0.0	0.0	0.0	0.0	0.0	0.0	0.0	0.0	0.0	0.0	0.0	0.0	0.0	0.0	0.0	0.0	0.0	0.0	0.0	0.0	0.0	0.0	0.0	0.0	0.0	0.0	0.0	0.0	0.0	0.0	0.0	0.0	0.0	0.0	0.0	0.0	0.0	0.0	0.0	0.0	0.0	0.0	0.0
54933.69508636616	72.03116122468055	3017710855.84185	5188.488187375922	66626.94429711915	-380.5510694580007	4439149706.371417	144819.1164656281	55569.59689880017	144.39274434840627	3087980099.495141	20849.26462046421	55725.525624777	55155.92712402344	0.914027	20.939335	0.0649754500000001	0.0348489	-6.29625e-05	-0.0044602794	0.0119402605	0.0162243765	0.0215932756	-0.0227082273	0.0080173328	0.0290276398	-0.0042942258	-0.056249824	-0.0134488693	0.0305686963	0.0158548934	0.0398757497	-0.0464872072	-0.0203781224	0.0179831695	0.0113855138	0.0221823482	0.0425661471	0.0170233691	-0.0252074594	-0.0087111478	0.0150331458	0.0208755654	-0.0487101274	0.0341706968	-0.0101215314	0.0180190357	-0.0172476467	-0.0574854849	-0.0008686412	-0.0420447295	-0.0290254413	0.0001091192	-0.0146834477	-0.0036873642	-0.0141702933	0.027506508	-0.0250963681	0.0446594481	-0.0346386144	-0.0302424554	0.0333550234	-0.0025731212	-0.014321987	0.0423017073	-0.0316443398	-0.0441867617	0.0327423236	-0.0265666142	-0.0111434687	-0.0667327762	-0.0317125786	0.0581850998	0.0178175601	-0.033056198	0.0060022825	0.009170945	0.0189441902	-0.0089967587	-0.0357758387	-0.0004582106	-0.0229385632	0.0283394768	0.041839409	0.008171804	0.0194074115	-0.0162478633	0.0205209793	-0.0275558276	0.0193557309	-0.0487233656	0.0205345089	0.0756962684	0.0149405535	0.0308317944	0.0221141385	0.0387151329	0.0307484795	-0.0135293245	0.0157111018	0.0129125482	0.0601465007	-0.0015990267	0.0165416185	-0.032214745	0.0306053816	0.0855773718	0.007165527	0.0020207372	0.0302028102	-0.0023946188	-0.0357443518	0.0013761576	-0.0101565849	0.0209685432	0.0179979971	0.0335065881	-0.014445769	-0.0027062833	-0.0335626281	-0.0421804403	-0.0728868586	-0.0052174938	-0.0470661136	0.0114685461	-0.0159891308	0.0482435093	0.0532220881	-0.0243992394	-0.0179871352	0.0118608704	-0.0218269468	-0.0395812323	-0.0187900499	0.0261636154	0.0149832916	0.0223279679	-0.0184278323	0.0471467488	-0.037178081	-0.0068874191	0.0144325571	-0.0278297924	-0.0517059178	-0.0163722335	-0.0392227944	-0.0223278324	0.0038754675	-0.0193600054	0.0013973258	-0.0144326738	0.0286788013	0.027210391	-0.0442117328	0.0342040996	0.0280326039	-0.0352148582	0.0013291812	0.0274436382	-0.0563750318	0.0169675189	0.0400027666	-0.0269846265	0.0461364788	0.0315217626	0.0384498058	-0.0270052209	-0.0398647446	-0.0561954115	0.0018371273	0.0330293537	0.0077694147	-0.0035675644	0.0111059193	0.0412285473	-0.0171581232	0.0026901838	0.0267198665	-0.0341489849	-0.0173955659	-0.0077810396	0.0259593535	0.0272858225	0.033467219	-0.0038217256	-0.046464758	0.0139381835	0.0722784074	-0.0012752722	0.0414601577	-0.0121063585	0.0052293965	0.0395560181	0.0094664479	0.010294201	0.0041497361	0.0561227091	-0.0216107136	0.0078881499	0.0016830714	-0.0198656416	0.0843053501	-0.0496079701	-0.0019929649	0.0069607876	-0.0186876562	-0.0334163857	0.0051346187	-0.0117816274	0.0123288502	0.0064911924	0.0352616646	-0.0282299785	0.0306153123	-0.0018098052	0.0972636055	0.0233762697	-0.0455662619	0.027359452	-0.010054582	0.0266101111	-0.0107897347	-0.0427473388	-0.0352496304	0.0019996838	-0.0111785907	0.0139359632	-0.0648127351	0.0069374296	0.0537996318	-0.0031593266	-0.0174704199	-0.0461513347	0.0170690878	0.0041551574	0.0434685527	0.0560664334	0.0566042954	0.0033014886	0.0066968075	0.0299627874	-0.0394101376	-0.0056461241	-0.0096547135	-0.0250893391	0.0068063343	-0.0250106958	-0.0112104651	0.0150410651	-0.0309260622	-0.0177558304	-0.0360942395	0.0439302406	0.0042374069	-0.0470030752	0.0298477488	0.025358424	-0.0482368825	0.0096214501	0.0412597087	-0.0395416966	-0.0125853106	0.0486681691	-0.022707319	-0.0322015336	0.0460588611	-0.0011989077	-0.0451894509	0.03396888	0.0205562846	-0.0488756528	0.0148868057	0.0380802083	-0.0425013783	-0.0072595419	-0.0715513	0.0048693	2.371008249000007e-05	0.00511958853169	-3.06159	0.0087600000000001	9.3733333281	7.673760000000177e-05	-0.603145	0.0101259999999999	0.0001025358759999	0.363783891025	-0.0197879	0.000625	0.00039156098641	3.906250000000007e-07	-0.00159588	-0.00015799	2.5468329744e-06	2.49608401e-08	0.000999477	-4.141300000000013e-05	9.989542735289995e-07	1.7150365690000103e-09	0.0	0.0	0.0	0.0	0.0	0.0	0.0	0.0	0.0	0.0	0.0	0.0	0.0	0.0	0.0	0.0	0.0	0.0	0.0	0.0	0.0	0.0	0.0	0.0	0.0	0.0	0.0	0.0	0.0	0.0	0.0	0.0	0.0	0.0	0.0	0.0	0.0	0.0	0.0	0.0	0.0	0.0	0.0	0.0	0.0	0.0	0.0	0.0	0.0	0.0	0.0	0.0	0.0	0.0	0.0	0.0	0.0	0.0	0.0	0.0	0.0	0.0	0.0	0.0	0.0	0.0	0.0	0.0	0.0	0.0	0.0	0.0	0.0	0.0	0.0	0.0	0.0	0.0	0.0	0.0	0.0	0.0	0.0	0.0	0.0	0.0	0.0	0.0	0.0	0.0	0.0	0.0	0.0	0.0	0.0	0.0	0.0	0.0	0.0	0.0	0.0	0.0	0.0	0.0	0.0	0.0
55038.315420523366	104.62033415720362	3029216164.32902	10945.414319164944	67070.74306176757	443.7987646484253	4498484574.857643	196957.3435034684	55604.07602076281	34.47912196264224	3091813270.12277	1188.8098513147584	55766.12532335276	55267.47162293273	0.9414340000000002	21.567184	0.1028202499999999	0.0700418	-0.0015463863	-0.0085245203	0.0080262815	0.0183744921	0.0379742063	-0.0035410417	-0.0076790979	0.0260043991	-0.0112643177	0.0278324278	-0.0269677612	0.030348228	-0.0127361004	0.0246205023	0.0207770925	-0.0034442236	0.034663192	0.0282583854	0.051385998	0.0123343693	0.0293333244	0.0113694353	-0.0335598535	-0.0205980195	0.0011565583	-0.0496306641	0.0173249492	0.047798455	-0.0157294736	0.0300452803	0.0185846757	-0.0489167817	0.0029491652	-0.0201681767	0.0061670166	0.0049417772	-0.0092277718	0.0277605108	-0.0123577516	-0.0141794148	-0.0441496753	-0.0051688982	-0.0206667436	0.0086529336	0.0035865517	0.0458539959	0.0028673635	-0.0302613425	0.0414576643	0.0385372678	-0.0231800866	0.0109516129	-0.0053975938	0.056256744	-0.0802737219	0.0197261467	0.0340065336	0.0196663084	0.0333747403	-0.0188990922	0.0275391123	-0.0217486279	-0.0275016678	-0.001132444	-0.0164053841	0.0001353381	0.0081806275	-0.0327104179	0.0026789983	0.0001838907	-0.0976303971	0.0180167426	-0.0389577706	0.0360464069	-0.0088227297	-0.0246519045	-0.0184772482	-0.0051451309	-0.0067199945	0.015667871	-0.0259787636	-0.0510315882	0.0271937174	-0.0395161327	-0.0460163153	0.0441915726	0.0354312143	0.005043404	0.0486116365	0.0223455233	-0.0210590816	-0.0618911073	-0.0127963243	-0.0509233975	-0.0172915981	0.0079812019	-0.0332247392	-0.0036380306	0.0090874643	0.0139304795	0.0536838742	0.0089605269	0.0269874663	-0.0235055618	-0.0180899459	0.050556347	0.0111471356	0.069706502	-0.0581299362	0.0253332775	-0.0723658474	0.0177269462	0.0269477597	-0.0519381546	-0.0141291656	-0.0270205662	-0.0125082231	0.0338342739	-0.0223834822	-0.0062995714	0.0485224845	-0.0147120191	0.0489546783	-0.0127203169	0.0361472291	0.0258083579	-0.0393228516	0.0002598803	-0.0183054502	0.0119695548	0.0033813375	0.0083240639	0.0225206364	-0.0134608955	0.0198197207	0.0453255937	-0.0023561993	0.0005676224	-0.0167801971	-0.0154609663	-0.0339296913	-0.0137981147	0.0408662164	-0.0252914677	-0.0395268903	0.004794519	-0.0389431788	-0.005709731	0.0203832135	0.1028735594	0.0019124265	-0.0239006679	-0.0160417954	0.0443701498	0.012957678	-0.012584133	0.0312701183	0.0061484661	-0.0009936524	-0.0185388557	-0.0003347998	-0.0345416732	0.0431169044	-0.0026752372	0.0312904104	0.1000152359	-0.0287204843	-0.0210073044	0.0095304619	-0.0154250707	-0.0257423977	-0.0244451403	0.0021728225	-0.0118049162	0.0041579404	-0.0597815886	-0.0054147285	0.0310339969	-0.0515628469	-0.0298873341	0.0309574759	0.0496346186	-0.0205041699	0.0249188389	-0.0419943042	-0.0227383662	-0.047504551	-0.0539492923	0.0045256667	0.0125010108	0.0063943006	-0.0337819326	0.0021208711	-0.0343742784	-0.0513107616	-0.0274892855	0.0033205763	-0.0208721235	-0.0326201397	-0.0092915078	-0.0619929121	0.0319674236	-0.0736938543	0.0350587563	-0.0185833359	0.0227185969	0.0692025954	0.0569178285	0.0061840525	-0.043880937	0.0124715842	0.0376197559	-0.0101653577	0.0167299251	-0.0384307453	0.0097313079	0.0272445518	0.0574058729	-0.0549330051	0.0192964292	0.0111007403	0.0475834366	0.0059441572	-0.0189726181	-0.022333423	-0.0312203187	-0.0059750903	0.0019868773	-0.0167192463	0.0157137855	-0.0214457386	-0.0510023322	-0.017927617	-0.0358438856	0.044171958	0.0035018582	-0.0467359647	0.0307174953	0.0242450877	-0.0484693751	0.0112434423	0.0402370998	-0.0407044271	-0.0104339452	0.0483440011	-0.0249627879	-0.0300666323	0.046977113	-0.0043292863	-0.0438072762	0.0364042993	0.0171526089	-0.0489631754	0.018697474	0.0352731729	-0.0445239479	-0.0026734239	-0.0657882	0.0057630999999999	3.3213321609999925e-05	0.00432808725924	-3.0502	0.01139	9.303720039999998	0.0001297321	-0.618849	-0.0157039999999999	0.0002466156159999	0.382974084801	-0.0186097	0.0011782	0.00034632093409	1.388155240000002e-06	-0.00164824	-5.235999999999999e-05	2.7166950976e-06	2.741569599999999e-09	0.00116818	0.000168703	1.3646445124e-06	2.8460702209000023e-08	0.0	0.0	0.0	0.0	0.0	0.0	0.0	0.0	0.0	0.0	0.0	0.0	0.0	0.0	0.0	0.0	0.0	0.0	0.0	0.0	0.0	0.0	0.0	0.0	0.0	0.0	0.0	0.0	0.0	0.0	0.0	0.0	0.0	0.0	0.0	0.0	0.0	0.0	0.0	0.0	0.0	0.0	0.0	0.0	0.0	0.0	0.0	0.0	0.0	0.0	0.0	0.0	0.0	0.0	0.0	0.0	0.0	0.0	0.0	0.0	0.0	0.0	0.0	0.0	0.0	0.0	0.0	0.0	0.0	0.0	0.0	0.0	0.0	0.0	0.0	0.0	0.0	0.0	0.0	0.0	0.0	0.0	0.0	0.0	0.0	0.0	0.0	0.0	0.0	0.0	0.0	0.0	0.0	0.0	0.0	0.0	0.0	0.0	0.0	0.0	0.0	0.0	0.0	0.0	0.0	0.0
55002.23427651017	-36.08114401319472	3025245775.40811	1301.848953300897	67266.89596520996	196.15290344238747	4524835292.79438	38475.96152887858	55519.01104252297	-85.06497823983955	3082360587.139788	7236.050522944376	55680.9269371432	55412.35890193791	1.005289	23.030029	0.0697484500000004	0.0373458	-0.0007106827	-0.0125247521	-0.0027432199	0.0066492976	0.0118196626	-0.0145331484	-0.0153330931	-0.0475703444	0.0042425479	0.0035640382	-0.0533302363	0.015781219	0.0166888358	0.0247339244	0.0131065059	-0.0272801531	-0.0274973614	0.0188926203	-0.016728734	0.0133627464	0.0005694724	0.0305146105	0.0122287983	-0.0383378347	-0.0205158717	0.0744446785	0.0017102703	0.0053159971	-0.0465802519	-0.0064393701	0.0115176635	-0.0102274733	0.0022941992	-0.0013539317	-0.02857257	0.0210860701	-0.0178734845	-0.0062536746	-0.0245531132	-0.0276828811	-0.0188360522	-0.0079631531	0.0180577139	-0.0395573935	0.0420662804	0.0043288948	-0.0085357109	0.0398670206	0.0464905221	0.0174279325	-0.0044209579	-0.0422832207	0.0164291183	-0.0565190087	-0.0487587816	0.0052963869	0.0391586864	-0.0333807325	0.0101881912	0.0419640739	-0.0061899439	0.0018209581	0.0433595989	-0.0205833988	0.0286126528	0.0337894569	-0.052117505	0.0184180841	0.0047399521	0.0278568518	0.0561167162	-0.0653288953	0.0026863163	-0.0263330968	0.0009609751	-0.0477491158	0.0139695757	0.0093229091	0.0319427206	0.0317168384	0.0092345997	0.0123302339	0.0204166204	0.029597428	0.0338654847	-0.041551958	0.0819014743	0.003627419	0.0146078785	-0.0241988481	0.0153463025	0.036818327	-0.0024870639	-0.0236019637	-0.0385602897	-0.0327659861	-0.0387150697	-0.0032209866	0.066418254	0.0353198703	0.0258875908	0.0530767542	0.0241788182	0.0210271908	-0.0081770644	0.0008783535	0.0262354193	-0.0033741367	-0.0174433522	-0.0877562186	-0.0018597316	0.003022826	0.0197245004	0.0197336407	-0.0147810419	-0.0009225621	-0.0305967069	-0.0188369961	-0.038292544	0.0078566692	-0.0754622862	-0.0019743861	0.0124603295	-0.0454737662	-0.0045690437	0.014956622	-0.0066162751	-0.0013171808	-0.0047609589	-0.0263914866	0.0204294511	0.0216793487	-0.010722535	-0.0243211783	0.0221777469	0.0146583326	0.0070457042	-0.0352620376	0.0243747702	-0.0419602658	-0.0091113855	0.0146897523	-0.0240750327	-0.0437018717	-0.0283981126	0.0104600653	0.0010386172	-0.0564516653	-0.059632852	0.0095574691	0.0144970214	-0.0066485902	-0.0354246249	-0.0053542421	-0.0560828335	0.0018404794	-0.0221459895	-0.0358232381	0.009123815	0.0352159088	-0.0211717803	0.0568201149	0.0054760058	0.0242745862	0.0207557787	-0.0605679011	0.067157786	0.0247910506	-0.0291452124	0.0048765434	-0.0525339025	0.0017179596	-0.0086647354	0.0004128321	0.0293967783	0.0197436024	0.0131340152	0.0372841041	0.0326686774	0.0241133242	-0.0625260802	0.0653151646	-0.0307074039	-0.0170247037	-0.0245719529	0.0371909647	0.0371453001	-0.0045415225	-0.0297529987	0.0322456058	-0.0617678286	-0.007320095	0.0386201248	0.001171971	-0.0606648269	-0.04423752	-0.0339342827	-0.0323337933	-0.0046015427	0.0067416869	0.002992354	0.027035262	0.0337398561	0.0168671138	0.0713299806	0.0143395676	0.0103241272	-0.0199944748	-0.0027368645	-0.0322279964	0.0181169027	0.0256556408	-0.0063175606	0.0102369111	-0.0045197206	-0.0138731996	0.0405273072	-0.000928336	0.0523419956	0.0426407076	0.0292841731	-0.0011560931	0.0036191707	0.0624950656	-0.0195963948	-0.0133255712	-0.0220803096	0.0084836777	-0.0002080877	0.0112390482	0.0130626407	-0.0235130786	-0.0180991493	-0.0355914973	0.0444080345	0.0027655145	-0.0464522756	0.0315715513	0.0231148951	-0.0486578547	0.0128525131	0.0391574033	-0.0417972809	-0.0082612638	0.047903926	-0.0271488476	-0.0278357645	0.0477247713	-0.0074419176	-0.0422237789	0.0386533201	0.0136516244	-0.0487444668	0.0223798066	0.0322015336	-0.0461828639	0.0019363856	-0.065218	0.0005702	3.2512804000000777e-07	0.004253387524	-3.07304	-0.0228400000000004	9.443574841600002	0.0005216656	-0.620201	-0.001352	1.8279040000000536e-06	0.384649280401	-0.0181039	0.0005058	0.0003277511952099	2.558336400000007e-07	-0.00154611	0.0001021299999999	2.3904561321e-06	1.0430536899999994e-08	0.000876385	-0.0002917949999999	7.680506682250001e-07	8.5144322025e-08	0.0	0.0	0.0	0.0	0.0	0.0	0.0	0.0	0.0	0.0	0.0	0.0	0.0	0.0	0.0	0.0	0.0	0.0	0.0	0.0	0.0	0.0	0.0	0.0	0.0	0.0	0.0	0.0	0.0	0.0	0.0	0.0	0.0	0.0	0.0	0.0	0.0	0.0	0.0	0.0	0.0	0.0	0.0	0.0	0.0	0.0	0.0	0.0	0.0	0.0	0.0	0.0	0.0	0.0	0.0	0.0	0.0	0.0	0.0	0.0	0.0	0.0	0.0	0.0	0.0	0.0	0.0	0.0	0.0	0.0	0.0	0.0	0.0	0.0	0.0	0.0	0.0	0.0	0.0	0.0	0.0	0.0	0.0	0.0	0.0	0.0	0.0	0.0	0.0	0.0	0.0	0.0	0.0	0.0	0.0	0.0	0.0	0.0	0.0	0.0	0.0	0.0	0.0	0.0	0.0	0.0
54958.73193114166	-43.50234536851349	3020462215.4790897	1892.454052561427	66865.6565180664	-401.23944714355457	4471016021.592036	160993.09394406533	55560.47675894584	41.46571642287017	3086966577.681361	1719.4056384618852	55733.61325894981	54969.08560553216	0.95403	21.855751	0.0786826000000003	0.0544894	0.0007285639	-0.0093628686	0.0045598063	0.0147334681	0.0254258797	0.0029897253	-0.0035102842	0.0346165034	0.0002107951	-0.0501032106	-0.0164908114	0.0143241238	0.0249158828	0.0190401179	0.0132904253	-0.0117855303	0.0331472136	-0.0105456202	-0.0077086112	0.0315941518	0.011075326	-0.0330028573	-0.0148463028	0.0243939577	-0.0303813439	0.022593656	0.0388629335	0.0279426077	0.0209830494	-0.0159055775	-0.0040953246	0.0607362528	-0.0071905256	-0.0210592072	-0.0380519532	-0.034415083	0.0384388334	-0.0578333083	0.0135702425	-0.0335964197	0.0223304174	0.0145293816	-0.0178532298	-0.0466377307	-0.0212152133	-0.0236991119	-0.0321409014	-0.018179108	0.0548758963	0.0105239485	-0.0174645333	0.0066517903	-0.046819421	-0.001088207	0.0496847429	-0.0286071471	-0.014532601	-0.0309568925	0.0156897425	0.0333229047	-0.0195791832	0.0194513148	0.0163982353	0.0108965045	0.0011702306	0.0160396197	-0.03636785	0.0307619951	0.0383276169	-0.0487565043	0.003258074	0.0090921962	-0.0320222559	0.0556395881	-0.0191982286	-0.0174936997	0.038990352	0.0099376911	-0.0032441726	-0.0261907642	-0.0169402698	-0.0500001887	0.0147885437	-0.0184149674	0.0217089061	0.0285325978	0.0173927389	-0.0248030611	0.0142009872	0.0437706103	0.0312770855	-0.0511618884	-0.0005326417	-0.0414503637	0.0421620054	0.0602934952	0.0542933667	-0.0591598317	0.0596414474	-0.0461775163	-0.0162770673	-0.0267883011	0.0287234238	-0.0390815648	-0.0376946095	0.0415052885	0.0211555694	-0.0141802063	-0.0186790949	-0.0337415877	0.0322595826	0.021721794	-0.0115939426	0.0069821714	-0.0317417972	-0.0136964087	0.0329603852	0.0144891123	0.0117387107	0.0380314504	-0.0216872487	-0.0413618342	0.0188564332	0.0251505611	-0.0120665776	-0.0125072211	0.0567122956	-0.0032950192	-0.0218118772	-0.0369554827	-0.0334271913	-0.0377345651	-0.0605852337	0.0094674108	0.0351760276	-0.0272950877	-0.0147058486	-0.0249112317	-0.0108185385	0.0199904602	-0.0027026734	0.0296393591	0.033045849	-0.0626234472	0.0047164909	0.0378653496	0.0251580588	0.0357053058	-0.0038891908	-0.0282675433	-0.0145095539	0.0641809132	0.0084968493	-0.0064652089	-0.0226188715	0.0233495338	-0.0141601599	0.0032924126	-0.0025656293	0.0042682522	-0.0150186823	0.0596496563	-0.0221413994	-0.0272751136	-0.037141819	0.0319812745	0.013442668	-0.0386387209	0.0389907774	-0.0192500763	-0.046163046	0.0339919664	-0.0153362149	0.0216354018	-0.0025658705	-0.0551876285	-0.0209451287	0.0171425689	-0.0157204647	0.0190297413	0.0245479582	0.033758806	0.0422154615	0.0196690145	0.0085443302	0.0104431438	-0.0174915139	-0.0518205648	0.0035508853	-0.0243303474	0.0535750168	0.0071934425	0.1122127227	0.011760929	-0.0038996775	0.0573265368	0.0176898756	0.0241710593	-0.0366802159	-0.0153993785	-0.0602667571	0.0089159609	0.0144404052	-0.0017190369	0.0380392894	0.0211030802	-0.0133909791	0.0139177053	0.0014791146	-0.0187338082	0.0082413906	0.0156357859	-0.0144142737	0.0060423788	-0.0224431305	-0.003143336	0.007262165	0.0400317727	0.0124465393	0.0334429855	0.0027020537	0.0019031764	0.0257152629	-0.0433719931	-0.0389082561	-0.0258209686	-0.0079020843	-0.004285727	-0.0086647672	-0.0089490221	0.0035007232	-0.0131780427	-0.0182704248	-0.0353370889	0.0446384398	0.0020285429	-0.0461521087	0.0324094805	0.0219686319	-0.0488021499	0.0144468132	0.0380221508	-0.0428183818	-0.0060717052	0.0473489988	-0.02925942	-0.0255160508	0.048299121	-0.0105240416	-0.0404462362	0.0407044271	0.0100731925	-0.048220895	0.0259085287	0.0288883326	-0.0474645768	0.0065290352	-0.0659645	-0.0007464999999999	5.572622499999958e-07	0.0043513152602499	-3.01971	0.0533300000000003	9.1186484841	0.0028440889	-0.623694	-0.0034929999999999	1.220104899999978e-05	0.3889942056359999	-0.0182946	-0.0001907	0.00033469238916	3.636649000000076e-08	-0.00172003	-0.0001739199999999	2.9585032009e-06	3.0248166399999974e-08	0.000818743	-5.7642e-05	6.703401000490001e-07	3.322600164e-09	0.0	0.0	0.0	0.0	0.0	0.0	0.0	0.0	0.0	0.0	0.0	0.0	0.0	0.0	0.0	0.0	0.0	0.0	0.0	0.0	0.0	0.0	0.0	0.0	0.0	0.0	0.0	0.0	0.0	0.0	0.0	0.0	0.0	0.0	0.0	0.0	0.0	0.0	0.0	0.0	0.0	0.0	0.0	0.0	0.0	0.0	0.0	0.0	0.0	0.0	0.0	0.0	0.0	0.0	0.0	0.0	0.0	0.0	0.0	0.0	0.0	0.0	0.0	0.0	0.0	0.0	0.0	0.0	0.0	0.0	0.0	0.0	0.0	0.0	0.0	0.0	0.0	0.0	0.0	0.0	0.0	0.0	0.0	0.0	0.0	0.0	0.0	0.0	0.0	0.0	0.0	0.0	0.0	0.0	0.0	0.0	0.0	0.0	0.0	0.0	0.0	0.0	0.0	0.0	0.0	0.0
55056.859056098685	98.12712495702726	3031257729.123116	9628.932652332043	67159.58700097656	293.9304829101602	4510410126.14174	86395.12878379998	55540.42566980476	-20.05108914108132	3084738883.5831075	402.0461757435892	55708.9589806583	55415.56646030971	0.8671569999999998	19.865593	0.1303451500000002	0.0706474	-0.0012956138	-0.0133198359	-0.0057992499	0.011141044	0.0195314618	0.0111732295	-0.0186699948	0.029467677	-0.0019778775	0.0198552864	-0.055771356	-0.0016004491	0.0118429442	-0.0139929723	-0.0085369001	-0.0151529969	-0.0290615389	0.0203081933	0.0074161289	-0.0262522985	0.0074270564	0.0148142482	0.0208435906	-0.0020373235	-0.018372273	0.012300737	-0.0242378423	0.0274799626	-0.0290342678	0.0167881289	0.0235741579	0.0064607928	-0.0198034099	0.032113853	-0.0323276241	0.0212552327	0.0033569847	0.0262890041	0.0014928815	-0.0159489721	-0.033713075	0.0227440694	-0.0590278444	-0.0269872566	0.065060029	-0.028188706	-0.003975194	0.0394815958	0.0500051303	0.0477629556	-0.030068952	0.0378374764	0.0090063326	-0.0350166593	0.0331522687	0.0354598759	0.0306824734	-0.032810849	0.0252495499	-0.0290528566	-0.0080212645	0.0468144861	-0.0513893045	-0.0387464568	-0.0147268823	-0.0021517279	-0.0041199029	-0.015227134	0.0194767286	-0.051517339	0.0639179873	0.0110344194	0.0016372258	0.0561934757	0.0383482286	0.0041682726	0.0049404741	-0.0389094272	0.0274287595	-0.0196126871	-0.054151339	0.0002517352	-0.0054519008	0.0311972037	-0.0052434329	-0.0186465371	-0.0076271035	-0.0199732202	0.0033923449	0.0230735428	0.0177762274	-0.03096905	-0.03411256	-0.0046035485	-0.0064902148	-0.0479474104	0.0625890072	-0.0129843934	0.0017612482	0.0115701396	0.0118363361	0.0314512228	0.0205505192	-0.0443920656	0.0016483115	-0.0292390021	0.012297763	0.0216433125	0.0109034366	-0.0884992125	0.0300156477	-0.0274874977	0.020839164	-0.0101116507	0.0259211307	-0.0070389067	-0.017222017	-0.0226543401	-0.0039123854	0.0157378175	-0.0133552544	0.0222195438	0.0293519247	-0.0188517188	0.0172744873	0.0218813486	0.0083312805	-0.0278774154	0.0276716669	-0.0336974371	0.0250012465	-0.0038670802	0.0214214866	-0.0013825407	0.0185115732	0.0321803895	-0.031112605	-0.0361535651	-0.0483823529	-0.0622057882	0.0243283643	0.0169099312	-0.0219089487	-0.0661604216	-0.0494522385	0.0195500739	-0.0433311387	0.0184546016	-0.0217818796	-0.0297808307	-0.0303715599	0.0155383065	-0.0594531483	0.0184071704	0.0297371929	-0.0065595329	-0.0058658014	0.0660203293	0.0342576912	0.0117111766	-0.0011396041	0.0166892799	-0.0097373998	-0.0171296993	-0.075896843	-0.0355342385	0.0061453157	-0.021944576	0.0585013951	0.0369918311	-0.0223167259	0.0018909936	0.0252614766	0.0475751613	-0.0175095817	-0.0197025438	0.0379803429	-0.0065059927	0.0290776963	-0.0169134418	-0.0224903183	-0.0010438742	0.0115201179	0.0032828185	-0.0042892689	-0.0043654492	-0.0101339112	-0.0379037674	0.0379405263	0.024467082	-0.0082581039	0.0722806819	0.0141704181	-0.0016511247	-0.0254824406	-0.002961431	-0.0488489402	0.0380128375	-0.0300718402	-0.0313635791	0.0096683737	0.0076561352	0.0180013264	0.0434349657	0.0569617146	-0.0195082233	-0.0307500935	0.0444816075	-0.0092157901	-0.0122442835	0.0181659147	-0.0110488312	-0.0065434523	-0.0012554883	0.0061374819	-0.0139710868	0.0186699687	0.0007608217	-0.0081484452	0.0119764173	0.0386195569	0.0630940907	-0.0090509502	0.0238658117	-0.0397569743	-0.0273821783	0.0157825822	0.0024019655	-0.0016819554	0.014620683	-0.0020612067	-0.0358198117	-0.018441441	-0.0350806749	0.0448631447	0.0012911108	-0.0458355703	0.0332308549	0.0208070951	-0.0489021298	0.0160245105	0.036832953	-0.0437659771	-0.0038697424	0.04668055	-0.0312886365	-0.0231148951	0.0486980765	-0.0135630238	-0.0384828171	0.0425471181	0.0064376142	-0.0473957345	0.02925942	0.025358424	-0.0483586182	0.0110638251	-0.0549847	0.0109797999999999	0.0001205560080399	0.0030233172340899	-3.05195	-0.0322400000000002	9.3143988025	0.0010394176	-0.6112	0.012494	0.000156100036	0.3735654399999999	-0.0170614	0.0012332	0.00029109136996	1.5207822400000007e-06	-0.00164824	7.178999999999996e-05	2.7166950976e-06	5.153804099999995e-09	0.00100638	0.000187637	1.0128007044000002e-06	3.5207643769000026e-08	0.0	0.0	0.0	0.0	0.0	0.0	0.0	0.0	0.0	0.0	0.0	0.0	0.0	0.0	0.0	0.0	0.0	0.0	0.0	0.0	0.0	0.0	0.0	0.0	0.0	0.0	0.0	0.0	0.0	0.0	0.0	0.0	0.0	0.0	0.0	0.0	0.0	0.0	0.0	0.0	0.0	0.0	0.0	0.0	0.0	0.0	0.0	0.0	0.0	0.0	0.0	0.0	0.0	0.0	0.0	0.0	0.0	0.0	0.0	0.0	0.0	0.0	0.0	0.0	0.0	0.0	0.0	0.0	0.0	0.0	0.0	0.0	0.0	0.0	0.0	0.0	0.0	0.0	0.0	0.0	0.0	0.0	0.0	0.0	0.0	0.0	0.0	0.0	0.0	0.0	0.0	0.0	0.0	0.0	0.0	0.0	0.0	0.0	0.0	0.0	0.0	0.0	0.0	0.0	0.0	0.0
55071.6275508863	14.768494787611417	3032884161.1035385	218.1084382917056	67246.32170410156	86.73470312499558	4522067782.731521	7522.908726181117	55593.35324551197	52.92757570721005	3090620925.0802765	2801.328270242452	55750.68542422396	55466.02261059253	0.987451	22.621397	0.0556760000000001	0.0391311	-0.0002220369	-0.0128655725	-0.0078277088	-0.0026349839	0.0227929889	-0.0283138705	-0.0165337583	-0.0366638469	-0.0123791773	-0.0422712566	0.0027704843	0.0089389442	-0.0191042813	-0.0127784868	-0.011519976	-0.0079405278	0.0081104991	-0.0099899136	-0.0165923442	0.0179399822	-0.0109058174	0.0197355414	-0.0373153839	0.001193409	0.0304400968	0.0158561705	0.0104916218	0.0009821719	0.0205746903	0.0228444656	-0.0421543339	-0.0083578809	0.0052398138	0.0170284853	0.0205003046	-0.0366047609	-0.0076184001	-0.05017337	0.02078262	0.0091901027	0.0456817642	0.0399545663	-0.0231063863	0.006256784	0.0036684919	0.0272522194	-0.0028317195	-0.0071594567	-0.0685075255	0.0241499449	-0.0178770593	-0.0054687016	-0.0415357254	-0.0312081865	-0.0426401567	0.0053598126	-0.0547181644	-0.0586070317	-0.0258432649	-0.0105959454	-0.0382420239	-0.0115118254	0.0292750151	0.0045489	-0.0309493443	-0.0098006469	-0.0055509645	-0.0134511989	0.0074721864	0.0144610648	0.0584500911	-0.0035461013	0.060013059	0.0360749559	0.0148464081	0.0357715264	-0.0032956379	0.0664223378	0.0126673984	0.0073837016	-0.0217734854	0.0005608058	0.0111866674	-0.0806147706	0.0234537676	-0.0091192072	0.0371090742	0.0028131031	0.0134509789	-0.0001679436	0.04033938	0.0384589127	-0.0131624477	-0.014835328	0.009510961	-0.009217723	-0.0083189532	-0.0178232694	0.0021959585	-0.0053781259	0.0046964853	0.0441693643	-0.0266181969	0.0080281237	0.0126832891	0.0074748514	0.0095067603	-0.0166587565	0.0027582874	0.0314990446	-0.0031690048	0.0569349227	-0.0079634184	0.019053234	-0.0170751108	0.0099592671	-0.0164686392	0.0410261432	0.0093490766	-0.0243046103	-0.0166229142	-0.0060861151	-0.0026251879	0.01309498	0.0226481116	-0.0376356528	-0.0140657542	0.0116379498	0.0252991073	0.0203885053	-0.0407245823	0.0083849054	-0.0462307047	0.0257492122	-0.009322072	-0.0529761332	-0.037406541	0.008870478	-0.0229027339	-0.0021069924	-0.007883059	-0.0026890266	0.0036372864	0.0704074875	-0.026185367	0.0231872175	0.0032243176	0.0110227624	-0.0622244233	0.0447935691	-0.03429186	0.013602451	0.0303530941	-0.0534765143	0.0159571685	0.0132111215	-0.0194257142	-0.0223583541	-0.0081785953	-0.0396360274	0.0147140436	0.0100790091	-0.0042491272	-0.002108875	-0.0122973451	-0.0645817745	0.0114459104	0.0345735277	0.068403625	0.0149500347	0.0199154855	0.0151695878	-0.056740212	0.0217926167	0.0432370126	-0.0184596826	0.0202851919	0.007872957	-0.0632072263	0.0440532482	-0.007271046	0.0236742528	-0.0074997253	-0.0017222473	-0.0023483626	0.0236271009	0.0472103642	-0.0122457859	0.004901291	-0.0141462065	-0.0043532704	0.0124910673	0.0018587335	-0.0172653442	0.0045824106	-0.0026130938	-0.0352978153	-0.010455251	0.04059219	0.0231037376	0.0047570781	0.0061098895	0.0015877193	-0.006431365	-0.0399889568	0.0326312965	0.0238529368	-0.0270565188	-0.0078474291	0.0033003286	0.0126634315	-0.020967806	-0.0094335442	0.0098082192	-0.0174331825	0.0080410119	-0.0154716177	0.0211347549	0.0503383408	0.0250110074	0.0113502151	-0.045118538	-0.0132703077	0.0066041142	-0.0498815493	-0.017639807	-0.0032157428	0.023090271	0.0077474665	0.0170660724	-0.0012936074	-0.0311251518	-0.0186121956	-0.0348222698	0.0450821203	0.0005533855	-0.0455027728	0.0340352549	0.0196310923	-0.0489577037	0.0175837917	0.0355914973	-0.0446384398	-0.0016598739	0.0459001824	-0.0332308549	-0.0206399614	0.048920189	-0.0165464061	-0.0363425447	0.044171958	0.0027655145	-0.0462741461	0.0324094805	0.0216382877	-0.0488576859	0.0155005685	-0.0564697	-0.001485	2.205225000000001e-06	0.0031888270180899	-3.01558	0.0363700000000002	9.0937227364	0.0013227769	-0.608817	0.0023829999999999	5.678688999999585e-06	0.370658139489	-0.0168242	0.0002371999999999	0.00028305370564	5.626383999999996e-08	-0.00164824	0.0	2.7166950976e-06	0.0	0.00107794	7.156000000000003e-05	1.1619546436000002e-06	5.120833600000004e-09	0.0	0.0	0.0	0.0	0.0	0.0	0.0	0.0	0.0	0.0	0.0	0.0	0.0	0.0	0.0	0.0	0.0	0.0	0.0	0.0	0.0	0.0	0.0	0.0	0.0	0.0	0.0	0.0	0.0	0.0	0.0	0.0	0.0	0.0	0.0	0.0	0.0	0.0	0.0	0.0	0.0	0.0	0.0	0.0	0.0	0.0	0.0	0.0	0.0	0.0	0.0	0.0	0.0	0.0	0.0	0.0	0.0	0.0	0.0	0.0	0.0	0.0	0.0	0.0	0.0	0.0	0.0	0.0	0.0	0.0	0.0	0.0	0.0	0.0	0.0	0.0	0.0	0.0	0.0	0.0	0.0	0.0	0.0	0.0	0.0	0.0	0.0	0.0	0.0	0.0	0.0	0.0	0.0	0.0	0.0	0.0	0.0	0.0	0.0	0.0	0.0	0.0	0.0	0.0	0.0	0.0
55055.114596322936	-16.512954563360836	3031065643.2142506	272.67766841161944	67373.98774902344	127.66604492187616	4539254225.20556	16298.619025994503	55638.88015103663	45.52690552466083	3095684984.461418	2072.6991266513933	55811.14811600559	55518.54620091822	0.8715589999999999	19.966442	0.0361419499999998	0.0218309	-0.0023302204	-0.0105412663	-0.0082515472	0.0064461382	0.0267952863	0.0074805246	-0.0137283841	0.0330822726	-0.0147045945	-0.0068098587	-0.0007273992	0.0128958975	-0.0226390711	-0.0126630927	0.007922917	0.0051165515	0.0023049304	-0.0343225669	0.003703941	0.0351489596	0.0102416745	-0.0061442887	-0.0081588291	0.0084372848	-0.0031848749	0.0398756579	-0.0110424867	0.0150067107	0.0027449067	0.0645373062	0.0122461743	-0.0264941597	-0.0203858411	0.0316792234	-0.019241097	0.020814808	-0.000227415	-0.0242947346	0.0056257734	0.0017794814	0.0001682837	0.0107008444	0.019723258	-0.054939658	-0.0414226465	-0.0087866983	-0.0076931507	-0.0305557392	0.0276537512	-0.0042704952	-0.0552188233	-0.0301391547	0.010479454	-0.0228559847	0.0245446434	0.0084568623	0.0479014512	-0.0169817774	-0.0028141837	0.0063080984	-0.0367970357	0.0282451096	0.0676568269	0.0366900636	-0.0495023393	-0.040636783	-0.0246346424	-0.0394522359	-0.0368006125	0.0068328021	0.0115958	-0.059395337	0.0369782301	0.0393090611	0.0400521434	-0.0160815405	0.0001271166	-0.048311993	-0.0343739163	0.0279230147	-0.0485453726	0.0225188022	-0.0034737668	0.0094630545	0.0297081922	-0.0392703372	-0.0938611424	-0.0122152653	0.0295960534	0.0362595499	0.0167694822	-0.0461462912	0.0239235693	-0.0248877292	0.040182187	0.0377336846	0.0175822524	0.0275533577	0.0171659158	-0.0509100478	-0.002025404	0.0056663934	0.02910245	0.0420194227	-0.0720223275	0.0515938346	-0.0375249776	-0.0038969363	-0.0169570479	-0.0165966715	0.0287420732	-0.0370495126	-0.0360267462	-0.0031394111	-0.0336323038	-0.0117859462	0.0081336418	0.0087139463	0.0063460037	0.0059571866	-0.0373915555	0.0140688159	0.0075888676	-0.0015276286	0.0710789072	0.0085815426	-0.0233274953	-0.0160282724	0.0284264575	-0.021424089	0.0201089541	0.0035011086	-0.0261397908	0.0106083627	-0.0040208019	-0.0049796012	-0.0079249839	-0.0456201617	0.0236785717	0.0437185569	-0.0135919474	0.0032124648	0.0263247113	-0.0277268043	0.0118309865	0.0637746705	-0.0009184597	-0.0267936273	-0.0115912587	-0.0303312719	0.0043572671	0.0063653927	-0.0458589716	-0.0023240747	0.0133197149	0.0378111793	-0.0612623867	-0.0388063337	-0.0053457397	-0.0663584959	0.0360707601	0.0121080535	0.0504407706	0.0277541593	-0.0055332998	-0.006002804	0.0531509956	0.0287290207	0.0430849296	0.0323292067	-0.0274488357	-0.0204157419	0.0574095495	-0.0249691907	-0.0229484226	-0.0171847321	0.0604248689	-0.0144657343	0.0223049163	0.03041599	-0.0245955233	-0.0702963601	0.0462858436	0.0740911665	0.0139514225	-0.0042467258	-0.037540464	-0.0282773682	-0.0101190835	-0.0330601859	0.0287813939	-0.0055484364	0.0187366628	0.0399511356	-0.0079376586	0.0499816617	0.0108417599	-0.0798241945	-0.0209153978	-0.0209572791	-0.0602983054	-0.0234014349	-0.0056107082	-0.0308456565	0.0364642125	-0.0225437616	-0.0309583301	-0.0139509	-0.0104744602	0.0052480812	0.0171248705	-0.0201391007	-0.0111319795	0.0112038431	-0.0140649697	0.0043133651	-0.0128402359	0.0132639302	-0.0011741033	0.0108583751	0.0221765973	0.0309724326	-0.0182481495	-0.0399353958	-0.0437004545	-0.0287767438	-0.0105357469	0.0151862446	-0.0049550294	0.0029351742	0.0113257319	-0.0058243629	-0.018782686	-0.0345618882	0.0452953387	-0.0001844653	-0.0451538342	0.0348222698	0.018441441	-0.048968821	0.019122865	0.0342995449	-0.0454342724	0.0005533855	0.0450097667	-0.0350806749	-0.0180991493	0.0489646519	-0.0194619585	-0.0340352549	0.0455706274	-0.0009222743	-0.0448631447	0.0353370889	0.0177558304	-0.0489577037	0.0197999475	-0.0549333	0.0015364	2.360524960000001e-06	0.0030176674488899	-3.03576	-0.0201799999999998	9.215838777599998	0.0004072323999999	-0.607516	0.0013010000000001	1.69260100000028e-06	0.3690756902559999	-0.0168631	-3.889999999999797e-05	0.00028436414161	1.5132099999998414e-09	-0.00153873	0.0001095099999999	2.3676900129000004e-06	1.1992440099999989e-08	0.000963859	-0.000114081	9.29024171881e-07	1.3014474561000033e-08	0.0	0.0	0.0	0.0	0.0	0.0	0.0	0.0	0.0	0.0	0.0	0.0	0.0	0.0	0.0	0.0	0.0	0.0	0.0	0.0	0.0	0.0	0.0	0.0	0.0	0.0	0.0	0.0	0.0	0.0	0.0	0.0	0.0	0.0	0.0	0.0	0.0	0.0	0.0	0.0	0.0	0.0	0.0	0.0	0.0	0.0	0.0	0.0	0.0	0.0	0.0	0.0	0.0	0.0	0.0	0.0	0.0	0.0	0.0	0.0	0.0	0.0	0.0	0.0	0.0	0.0	0.0	0.0	0.0	0.0	0.0	0.0	0.0	0.0	0.0	0.0	0.0	0.0	0.0	0.0	0.0	0.0	0.0	0.0	0.0	0.0	0.0	0.0	0.0	0.0	0.0	0.0	0.0	0.0	0.0	0.0	0.0	0.0	0.0	0.0	0.0	0.0	0.0	0.0	0.0	0.0
55146.16050656465	91.04591024171532	3041099018.615791	8289.357771742483	67830.71516308594	456.7274140625086	4601005919.535697	208599.93075622615	55622.127359239	-16.752791797633108	3093821051.9674034	280.6560330148432	55791.09393769327	55498.55562649021	0.861855	19.744133	0.0316518500000002	0.0185064	0.0005624243	-0.0117277392	-0.0051422454	0.0011997817	0.0280605699	-0.0065955067	-0.027863211	-0.0541733679	-0.0041973397	0.0400030494	-0.004911319	-0.0022875347	-0.0263995719	-0.0130710095	-0.012002832	0.0003406716	-0.0139876223	0.0070344525	0.0113403977	0.0073834314	0.0129786035	0.0504573661	-0.0200596115	-0.003762123	0.0189088388	0.0056443398	-0.0117164671	-0.0100121116	-0.0104224814	0.0700322451	-0.0048718969	0.005939331	-0.0217140237	0.0107789881	-0.0256361981	0.0378497712	-0.0037624774	0.0095648727	0.0122932734	0.007746361	-0.0425152753	0.0338273024	0.0016636018	-0.0047570837	0.0255925127	-0.0091430322	-0.0227110717	0.015724876	0.0372576011	0.011282297	0.0235528042	-0.0273208392	0.0227883269	0.027298023	0.0463890078	0.0431103923	0.0031743554	0.0151519266	-0.0347171997	0.0630977215	0.0053996734	0.0095958538	-0.0045962655	-0.0113997228	0.0213756795	-0.0062713566	-0.0239187702	0.0114293365	-0.0008459829	0.0005464974	0.0474213602	0.0246068178	0.011967083	-0.0453089096	0.026898929	0.0171774613	-0.0446315711	-0.033032961	-0.0136718658	-0.0053878294	-0.0139794721	0.0454227617	-0.0264547564	0.0174777066	0.0056555272	-0.0385535246	0.0405198223	-0.0521042304	0.0009567732	0.0848066757	0.0410267067	-0.0443941797	0.0437631143	0.0029980196	-0.0281566254	-0.0058425146	-0.0108052691	-0.0011279168	0.0095250453	-0.0102807982	-0.0015803911	-0.0037445691	-0.0584154545	0.0208862886	-0.043055833	-0.0176738709	-0.005581152	-0.0338798129	-0.0256491632	0.0289842123	-0.0447085406	-0.0084422522	0.0061758808	-0.0099895669	-0.0077242763	-0.0104446549	-0.0517334749	0.019561496	0.0008332766	-0.0154049541	-0.0061498082	0.0146758063	-0.0088968807	-0.0162249857	0.0651174771	-0.0120152407	0.0022337079	-0.0299815699	0.0096480361	-0.0261709484	0.0396410066	0.0056698984	0.0100329444	0.0130140846	-0.0126359855	0.0396562764	-0.0383913751	-0.0074375088	0.005159649	-0.0296453499	0.0058284786	0.0191505522	0.0048883043	-0.0296242414	-0.0179840036	-0.0148871574	0.0298776082	-0.0239585602	0.0501545131	-0.0484613144	-0.0292681191	-0.0308767197	-0.0037576894	-0.0233146174	-0.0567705546	0.0239882113	-0.0032705319	0.0175090856	0.0063238186	0.0198234011	0.0064177633	0.0271920213	0.0066011939	0.0063338126	-0.0027164826	-0.0496817448	-0.0227069214	0.0061630502	-0.027645598	0.0358383187	0.032323029	-0.0322966629	0.0163931686	0.0105828545	-0.0224935274	0.0184331505	0.0459950629	-0.0105256837	-0.0015135651	-0.0183415834	-0.0487610519	0.0544528455	0.0854712104	0.0261622552	0.0400125735	0.0185418742	-0.0021491164	-0.0006303108	0.0021986631	0.0398859475	0.021989797	-0.0153797737	-0.0062041585	-0.0231870379	-0.0186211227	0.0159128772	0.027413047	-0.0322275017	0.0645745044	-0.0456755587	0.0056362443	0.0192394691	-0.0148512837	-0.0558824517	0.0011136542	-0.0175667091	0.0390748016	-0.0166724918	-0.0073553681	0.002533933	0.0148645172	-0.0152671265	-0.0152054129	0.0176099593	-0.0149579248	0.0039264304	-0.0065868587	0.0247262437	-0.0134695025	0.0141535604	0.0131023391	-0.0068254509	-0.0058252969	0.0722709216	-0.043965977	-0.009697025	-0.0218063103	-0.0203887961	-0.012181369	0.0012677512	-0.0033466768	-0.0012225154	-0.01895291	-0.0342995449	0.0455027728	-0.0009222743	-0.0447888782	0.0355914973	0.0172389684	-0.0489354716	0.0206399614	0.0329589289	-0.0461521087	0.0027655145	0.044011438	-0.036832953	-0.0155005685	0.0488313037	-0.0222977292	-0.0315715513	0.0467359647	-0.004604831	-0.043171555	0.0380221508	0.0137401766	-0.0486578547	0.0239238614	-0.0539229	0.0010103999999999	1.0209081599999892e-06	0.00290767914441	-3.05106	-0.0153000000000003	9.3089671236	0.00023409	-0.60854	-0.001024	1.048576000000051e-06	0.3703209315999999	-0.0168965	-3.33999999999994e-05	0.0002854917122499	1.11555999999996e-09	-0.00158988	-5.114999999999981e-05	2.5277184143999995e-06	2.61632249999998e-09	0.0007620599999999	-0.000201799	5.807354435998476e-07	4.0722836401040356e-08	0.0	0.0	0.0	0.0	0.0	0.0	0.0	0.0	0.0	0.0	0.0	0.0	0.0	0.0	0.0	0.0	0.0	0.0	0.0	0.0	0.0	0.0	0.0	0.0	0.0	0.0	0.0	0.0	0.0	0.0	0.0	0.0	0.0	0.0	0.0	0.0	0.0	0.0	0.0	0.0	0.0	0.0	0.0	0.0	0.0	0.0	0.0	0.0	0.0	0.0	0.0	0.0	0.0	0.0	0.0	0.0	0.0	0.0	0.0	0.0	0.0	0.0	0.0	0.0	0.0	0.0	0.0	0.0	0.0	0.0	0.0	0.0	0.0	0.0	0.0	0.0	0.0	0.0	0.0	0.0	0.0	0.0	0.0	0.0	0.0	0.0	0.0	0.0	0.0	0.0	0.0	0.0	0.0	0.0	0.0	0.0	0.0	0.0	0.0	0.0	0.0	0.0	0.0	0.0	0.0	0.0
55096.95899813326	-49.20150843138981	3035674890.8419776	2420.7884319241225	67027.48570751953	-803.2294555664121	4492683840.271735	645177.5582895147	55598.4916963854	-23.63566285360139	3091192278.913036	558.6445585291125	55757.36739935181	55114.2929113611	0.95263	21.823666	0.0557320499999996	0.0372993	0.0002093749	-0.012846356	-0.0107171509	0.0017991878	0.0215727394	-0.0040042897	-0.023593715	0.0186099047	0.0014139363	-0.0663196385	-0.0073776079	-0.0047773713	0.0100738322	-0.0193774088	0.0330874435	0.0121417285	-0.0073381843	0.0074972658	-0.0186810469	0.013787818	-0.0211574889	-0.0133503851	-0.0142630612	0.0045167558	0.0156415704	-0.0105327275	-0.0399601603	0.0036112866	-0.0123556856	0.012583428	0.0283641536	-0.0397545275	-0.0413727988	-0.0310424944	0.048862944	0.0202118732	0.0873620542	-0.0557889135	0.0253962525	-0.0041065415	-0.0141070402	0.0166613627	0.0293583071	-0.0092048654	-0.0188225609	-0.027878219	0.0186255955	-0.0114386912	0.0241615459	-0.0667542909	-0.0492180903	-0.009244596	-0.0036682868	-0.002819083	-0.0231170063	0.0316746242	-0.0645080228	0.0177353621	-0.0079761767	0.0248325511	0.0220474254	0.0222678954	0.055666068	-0.0341318259	0.0065795818	-0.0009037253	0.0396690564	0.0600927087	0.0515753698	0.0029307591	-0.0200496904	-0.0417116974	-0.0373781554	-0.0303204435	0.0310552257	0.0175450809	0.0150730477	0.0479120135	0.0196805971	-0.0498026688	0.0756532931	0.0202283331	-0.004988579	-0.0353317068	0.0034619815	-0.0130079128	-0.0112464437	0.005178173	0.0336806736	-0.0446872028	-0.0230596964	-0.0346967858	0.0224630373	0.0261141126	0.0020165848	0.0049929764	-0.0010781547	0.0786807263	0.0112119378	-0.0438430942	-0.0165153385	-0.0349002989	-0.0261955013	-0.02988445	0.03985424	0.0070073987	0.0301081037	0.040223362	-0.0783999781	0.0552683651	0.013522497	-0.0255340181	0.0094205907	0.0203846647	-0.0125168745	0.0200869201	0.0163799308	0.017273798	0.0073667544	-0.0110469055	0.0116059103	0.0404650517	0.0062543064	-0.0087053307	0.0122390769	0.0342097784	-0.032134918	-0.0389908124	-0.0253023092	0.0531611445	0.0158759047	-0.0825803213	-0.0680535468	0.0229735954	0.0002864568	0.0127037854	-0.0129274276	-0.0070030645	0.030976124	0.0287976246	0.0199745187	-0.0176066998	0.0048493265	-0.029308714	0.0623494576	0.0341071342	-0.0253156515	-0.0206159952	-0.0072908934	0.0084915794	-0.0324587776	-0.0436439854	0.0624131121	-0.0080679874	-0.0408063918	-0.0029259591	-0.0203977493	-0.0285033639	0.0595365056	0.0039704854	0.0061941299	-0.0114847413	-0.0628314489	-0.0439012625	0.0283435555	0.0284152348	0.0526496745	-0.0093632492	-0.0298395541	0.0342932422	0.026144142	0.0326094133	-0.053370254	0.021292218	-0.0096047188	0.0586765483	-0.0577022139	0.0062237598	-0.0384361292	0.0112201802	-0.0055224409	-0.0127133788	-0.007500242	0.0183350598	-0.0139547812	0.0204720647	-0.0593455975	0.0432906091	0.0105425069	-0.0144697516	0.0008155297	-0.0153528248	-0.050393467	0.0656125786	-0.0037358151	0.0324065568	0.0287532982	0.0292376056	0.0231934397	0.0214572482	-0.0064798486	0.0600650466	-0.0847172112	0.0133139329	-0.0152624074	0.0394470477	-0.0339349754	-0.0126860878	-0.0116845912	0.0139201609	0.0191549505	-0.0342195694	-0.0133226598	0.0214808359	-0.0052828924	0.0102663142	0.004752354	-0.0006524509	0.0254085099	0.0126846031	0.0138071941	-0.0252240842	-0.0361864076	-0.0366565141	-0.0433189807	-0.0251938971	-0.0143382685	0.0165511812	-0.0175277346	0.0122466055	0.0145202764	-0.0251181042	-0.019122865	-0.0340352549	0.0457043959	-0.0016598739	-0.0444080345	0.0363425447	0.0160245105	-0.0488576859	0.0221333376	0.0315715513	-0.0467907162	0.0049719936	0.0429075896	-0.0384828171	-0.0128525131	0.0485206286	-0.0250420933	-0.0289627561	0.0476620031	-0.0082612638	-0.0412099568	0.0404462362	0.0096214501	-0.0479605879	0.0278357645	-0.0552965	-0.0013735999999999	1.886776959999988e-06	0.0030577029122499	-3.04172	0.0093399999999999	9.252060558400002	8.72355999999982e-05	-0.607925	0.0006149999999999	3.7822499999990316e-07	0.369572805625	-0.0162428	0.0006536999999999	0.00026382855184	4.273236899999956e-07	-0.00155731	3.2569999999999995e-05	2.4252144361e-06	1.0608048999999996e-09	0.000963859	0.000201799	9.29024171881e-07	4.0722836401040356e-08	0.0	0.0	0.0	0.0	0.0	0.0	0.0	0.0	0.0	0.0	0.0	0.0	0.0	0.0	0.0	0.0	0.0	0.0	0.0	0.0	0.0	0.0	0.0	0.0	0.0	0.0	0.0	0.0	0.0	0.0	0.0	0.0	0.0	0.0	0.0	0.0	0.0	0.0	0.0	0.0	0.0	0.0	0.0	0.0	0.0	0.0	0.0	0.0	0.0	0.0	0.0	0.0	0.0	0.0	0.0	0.0	0.0	0.0	0.0	0.0	0.0	0.0	0.0	0.0	0.0	0.0	0.0	0.0	0.0	0.0	0.0	0.0	0.0	0.0	0.0	0.0	0.0	0.0	0.0	0.0	0.0	0.0	0.0	0.0	0.0	0.0	0.0	0.0	0.0	0.0	0.0	0.0	0.0	0.0	0.0	0.0	0.0	0.0	0.0	0.0	0.0	0.0	0.0	0.0	0.0	0.0
55190.15368848598	93.1946903527205	3045953064.158703	8685.250309939456	67751.28219262695	723.7964851074212	4590236238.74497	523881.3518538573	55662.75718727333	64.26549088793399	3098342537.6893487	4130.053319067127	55827.0072494202	55680.79945591518	0.937033	21.466373	0.0911084	0.0401285	-9.11715e-05	-0.0100297544	-0.0125899145	0.0050301545	0.0378825604	0.0162583721	-0.0430266935	0.0307334729	0.0055669931	0.0231449282	-0.0001535167	-0.0140382322	-0.0139332434	-0.0283816538	-0.004884877	-0.0104343383	-0.0189080704	-0.0111402206	0.0200396853	-0.0375365627	0.0321444914	-0.0144660942	-0.0154320546	0.0132178225	0.0499288429	0.0236923155	-0.0107726039	0.0011588318	0.0024323089	-0.0028380243	0.017894897	-0.0149315275	-0.0186076151	0.0210164706	-0.0433574051	-0.0291153444	0.0055694143	-0.0312759614	-0.008642907	-0.0181090044	0.0160935509	0.0549985992	-0.0172470649	0.0234365418	-0.0001914815	0.002551756	0.0069677688	-0.014258351	0.0123743733	-0.0036451458	0.1124953721	0.0456677392	0.0128126949	0.0128103422	-0.0043963369	-0.019631491	0.0076647228	-0.0140188925	0.026873414	-0.0099169527	-0.0014606116	-0.035795446	-0.0011709598	-0.0188198985	-0.024877849	0.0173643892	-0.0432661442	-0.0132073112	0.0210134872	-0.0126696289	0.0208792627	-0.0067369808	0.0139496661	-0.0736005608	-0.0115887166	0.0195438772	-0.0221074096	0.0452833661	0.0216215423	-0.0297389771	0.0117817874	0.0076353996	-0.0103739581	-0.0129167478	0.0097345074	0.0118171909	-0.019894971	0.0002876439	-0.0242065181	0.0226285373	-0.0224387497	-0.0438904401	-0.0241094968	-0.0543671337	-0.0754351102	-0.0377535119	0.0105812165	0.016141866	0.0313639573	0.0567532701	0.0038444819	0.0121731106	-0.0387969851	-0.0262418657	-0.0071409003	0.0015586317	-0.0174729196	0.0236133215	0.0259074259	0.007719749	0.0141952721	0.0053751192	-0.0098270067	-0.0231664066	0.0408516489	-0.0311561262	0.0129593423	0.0215494962	0.0291914372	-0.0345597154	-0.0227477948	0.0148299082	0.0017908965	-0.000494534	0.003012556	0.0283505391	-0.0138701795	-0.0117147016	0.019579752	-0.045437373	-0.0288586767	-0.0059721109	-0.0290251054	-0.0057890587	0.0139961588	-0.0239937047	-0.0562750874	0.0172251994	-0.0136215214	0.0007448034	0.0114906136	-0.011015461	0.0157633087	-0.0060975071	0.0012620096	-0.1199238882	0.0083499837	0.0179297124	0.0037092946	0.0151435089	0.005996674	0.0397566562	-0.0202030414	0.015539121	0.005225814	-0.0062153793	0.0351518835	-0.0180180696	0.0022727346	-0.0148549672	-0.0183161441	0.0445762125	0.0140015761	-0.0113925985	-0.0156341045	-0.0304783477	-1.86307e-05	0.035687501	-0.0542795322	-0.0030252402	0.0347993087	-0.0015316419	-0.0488105752	0.0374585901	0.0117718281	0.0172278608	-0.0090983402	-0.00880761	-0.0090477618	0.0162541155	0.0108144199	-0.0056454778	0.0127002335	-0.0009252832	0.0148967233	-0.0420033957	-0.0332452474	-0.0537204999	-0.0003262596	0.0625410209	-0.0321927087	0.0015023355	-0.0019887951	0.0175705406	-0.0428149866	-0.0593689587	0.0076794055	0.0186099829	0.0438326913	-0.0203129761	-0.0019117574	-0.0280032236	-0.0197726852	0.0181370295	-0.0339560055	-0.0182752393	-0.0102549271	0.0510325504	-0.0120880321	0.012337899	0.0174621807	-0.040180324	-0.0149713255	0.00751763	-0.0013859728	0.0236402326	-0.0216343787	0.0202696957	-0.0430492065	-0.0137898405	0.0126085751	0.0289407024	-0.0372342197	-0.0059966332	-0.0288373909	-0.0139907412	-0.0055180568	0.0012846799	-0.0019935474	0.0149288904	-0.0110051897	0.0008182612	-0.0192925486	-0.0337690332	0.0459001824	-0.0023970967	-0.044011438	0.0370750283	0.0147989116	-0.0487355344	0.0236012772	0.0301393805	-0.0473489988	0.0071683153	0.0417008682	-0.0400256797	-0.0101634351	0.0480337549	-0.0276838006	-0.0262208584	0.0483440011	-0.0118708295	-0.0389906186	0.042592707	0.0054305477	-0.0468715983	0.03150099	-0.0492273	0.0060691999999999	3.683518863999996e-05	0.00242332706529	-3.06265	-0.0209299999999998	9.3798250225	0.0004380648999999	-0.595624	0.012301	0.000151314601	0.354767949376	-0.0161251	0.0001177	0.00026001885001	1.3853290000000432e-08	-0.00204886	-0.00049155	4.1978272996e-06	2.4162140250000013e-07	0.000536945	-0.0004269139999999	2.883099330250001e-07	1.8225556339599996e-07	0.0	0.0	0.0	0.0	0.0	0.0	0.0	0.0	0.0	0.0	0.0	0.0	0.0	0.0	0.0	0.0	0.0	0.0	0.0	0.0	0.0	0.0	0.0	0.0	0.0	0.0	0.0	0.0	0.0	0.0	0.0	0.0	0.0	0.0	0.0	0.0	0.0	0.0	0.0	0.0	0.0	0.0	0.0	0.0	0.0	0.0	0.0	0.0	0.0	0.0	0.0	0.0	0.0	0.0	0.0	0.0	0.0	0.0	0.0	0.0	0.0	0.0	0.0	0.0	0.0	0.0	0.0	0.0	0.0	0.0	0.0	0.0	0.0	0.0	0.0	0.0	0.0	0.0	0.0	0.0	0.0	0.0	0.0	0.0	0.0	0.0	0.0	0.0	0.0	0.0	0.0	0.0	0.0	0.0	0.0	0.0	0.0	0.0	0.0	0.0	0.0	0.0	0.0	0.0	0.0	0.0
55109.71839559308	-80.43529289290018	3037081061.6415706	6469.836342766638	67435.41464208985	-315.8675505371066	4547535147.950585	99772.30948231158	55587.44936986219	-75.30781741114333	3089964527.4469924	5671.267363230103	55749.73581336228	55839.98229156098	0.8854699999999999	20.285126	0.0786535999999998	0.0355758	-0.000808678	-0.0076055002	-0.0134358131	-0.0054942234	0.0155785367	-0.010853225	-0.0285388362	-0.0300692319	-0.0012577235	-0.0078881253	0.0073275147	-0.0095317982	-0.0327087457	-0.0190856777	0.0261864016	0.0069258598	-0.0162923536	0.0209283812	-0.020208008	-0.0172347301	-0.0125867586	0.0178002526	-0.0205892879	0.0136825742	-0.0119466221	8.2506e-06	0.0258061787	-0.0163398202	0.0308419622	-0.0517474023	-0.0055996033	-0.0297471313	0.042178235	0.0120642097	0.0308626891	0.0442263283	0.0583186093	0.0438009383	0.044924328	-0.0610196411	-0.030556546	-0.005839077	0.0418628688	-0.04711749	0.0054293036	-0.0066833561	0.016618694	0.0063904061	-0.0709056514	0.0042057299	0.021443484	-0.0255534699	0.0130302972	-0.0063129598	0.0181416606	0.0209642309	-0.007147829	-0.0303475915	0.0190117521	0.052238865	-0.0363992885	0.012517119	-0.0024756947	0.0166597136	-0.0097916809	-0.0095401103	0.0197721939	-0.0129004551	0.0505653375	0.0729591145	-0.0109174772	0.0087187213	-0.0166655132	0.0421705841	-0.0268404844	0.0592579295	-0.0294167168	-0.0322512483	0.0294493931	-0.0412103195	0.0126969852	0.0531583324	-0.044180241	-0.0497410509	0.0184947673	-0.0389279135	0.0008092801	0.0047221952	0.0656992758	0.0041034281	-0.0149877433	-0.0117880956	-0.0106036623	-0.0086277057	-0.0619541338	0.0169412181	-0.0124092332	0.0699095853	0.0079257745	0.0373572459	0.0018899579	0.0017596878	0.0558697918	0.0406277159	0.0013511357	-0.0157633921	0.00154554	-0.0301546641	-0.0002177163	0.0605836912	0.0186739056	0.0091970169	0.0219269524	0.0207133922	0.0161856823	0.0138402786	-0.0173290115	0.0184813038	0.0040987311	0.0174561418	0.0014117917	-0.0231556701	-0.0189955458	0.0214318029	-0.0413755369	0.0050802244	-0.0292701709	0.0569095848	0.0143854285	0.0301330794	0.03961543	-0.0582408777	0.0306036961	0.0480108069	0.0564167801	0.02135991	0.0104248704	-0.0719563813	0.0506814569	-0.0030484266	0.0023943448	-0.0195843107	-0.0178702785	0.0665715341	-0.0106578495	-0.0107284108	0.0237151263	-0.018918169	-0.00226265	-0.015680685	-0.0287562662	0.0113331047	-0.0128966665	0.0053939305	-0.035833135	0.044088866	-0.019063328	0.0113993167	-0.017915456	-0.0193353053	-0.0007801949	-0.0184190087	0.0084427078	-0.0409761331	0.0599460436	-0.0100595963	0.0009349634	-0.0347408613	0.0493840563	-0.0330084603	0.0450175583	0.0066960437	0.0016943352	0.0528301404	-0.0495005491	0.0609670625	0.0248088072	-0.0253587213	-0.0547890593	0.0272381246	-0.0485471459	0.0140229655	-0.0008987836	0.0479347493	-0.0354569389	-0.0036465907	-0.0212908865	-0.0003419871	0.009309382	0.047064553	-0.0045086951	-0.0349748253	-0.0324001353	0.0612473609	-0.0154959421	-0.0503112538	0.0008202812	-0.0299674156	-0.0406994025	0.0158314433	0.0250455953	0.0078290328	0.00724873	-0.0414603985	-0.0580773071	0.0168651735	-0.0258277999	0.0063382989	-0.0148377833	0.0179370995	0.0225124925	-0.0469684721	-0.0073576852	0.0301763512	-0.0038112036	0.0155209627	-0.0022009744	-0.0138643602	-0.0153668252	-0.0184666652	-0.0003664597	-0.0528365729	-0.0514149073	0.0282212458	-0.0081750484	-0.0016948074	-0.0196578393	0.0004972975	-0.0070185873	0.013542238	-0.0190929919	0.0131386398	-0.0194619585	-0.0335008948	0.0460901072	-0.0031337753	-0.0435992294	0.0377885739	0.0135630238	-0.0485691282	0.0250420933	0.0286644484	-0.047825998	0.0093499925	0.0403941669	-0.0414572508	-0.0074419176	0.0473724506	-0.0302120217	-0.023358459	0.0487784667	-0.0154130506	-0.0365274207	0.04444683	0.0011989077	-0.0453997805	0.0348870569	-0.0446962	0.0045311	2.053086721000003e-05	0.0019977502944399	-3.07522	-0.0125699999999997	9.4569780484	0.0001580048999999	-0.575283	0.020341	0.000413756281	0.330950530089	-0.0157893	0.0003358	0.0002493019944899	1.1276164000000047e-07	-0.0015857	0.00046316	2.51444449e-06	2.145171856e-07	0.000562215	2.526999999999998e-05	3.16085706225e-07	6.385728999999991e-10	0.0	0.0	0.0	0.0	0.0	0.0	0.0	0.0	0.0	0.0	0.0	0.0	0.0	0.0	0.0	0.0	0.0	0.0	0.0	0.0	0.0	0.0	0.0	0.0	0.0	0.0	0.0	0.0	0.0	0.0	0.0	0.0	0.0	0.0	0.0	0.0	0.0	0.0	0.0	0.0	0.0	0.0	0.0	0.0	0.0	0.0	0.0	0.0	0.0	0.0	0.0	0.0	0.0	0.0	0.0	0.0	0.0	0.0	0.0	0.0	0.0	0.0	0.0	0.0	0.0	0.0	0.0	0.0	0.0	0.0	0.0	0.0	0.0	0.0	0.0	0.0	0.0	0.0	0.0	0.0	0.0	0.0	0.0	0.0	0.0	0.0	0.0	0.0	0.0	0.0	0.0	0.0	0.0	0.0	0.0	0.0	0.0	0.0	0.0	0.0	0.0	0.0	0.0	0.0	0.0	0.0
55056.94272448937	-52.77567110371456	3031266942.1677027	2785.271460447452	67709.32001660156	273.9053745117126	4584552017.11056	75024.15418640153	55522.21488530585	-65.23448455633479	3082716345.7700787	4255.5379753306825	55693.76322772954	55304.345681564526	0.934941	21.41844	0.0767595499999999	0.040056	0.0029432648	-0.0078750538	-0.0091747038	0.0006749361	0.0110302804	0.0134493969	-0.0297207301	0.0348495416	0.0104988889	-0.0007587538	-0.0168308527	-0.0284156479	0.0071205754	-0.0413815267	-0.0151468068	-0.019333042	-0.0106769844	0.0149830024	-0.0328522943	-0.0411529714	0.0303764845	-0.0649027929	0.0169567559	0.0523350083	-0.001047552	0.0180239204	0.0129160324	0.0115820298	0.0166096094	-0.0072742102	-0.0089174919	0.0121552227	-0.0285481236	-0.0127947411	0.0082886489	0.0316555034	0.0410426586	-0.0067725761	0.0086824423	0.0303194513	-0.0008114176	-0.0010313505	0.0261280952	-0.0055683131	-0.0628407579	-0.0099006485	-0.0565302531	0.0295190719	0.0231461873	0.0177350711	0.0465295409	-0.0385604311	-0.0086402355	-0.0203423925	-0.0126884979	-0.0061936712	-0.0451188465	-0.0077711413	-0.0158764238	-0.0327331795	0.0284971397	0.0264016446	-0.0286999793	0.0013845067	0.0010458229	-0.035784972	0.0656037671	-0.0233442818	0.0316514699	0.0265347292	0.0196104452	0.0003564568	0.0081322524	0.0409877224	-0.0009122267	-0.0374484406	0.0056294962	-0.0114732376	-0.0755139194	-0.0469780634	0.0283820018	-0.0670257678	0.0242973618	-0.0599020967	-0.0053459989	0.0125628031	-0.0192488887	-0.03123857	-0.0100566598	0.0467010765	-0.0143713707	0.0228594566	0.0506741651	-0.0625319759	-0.0439219158	-0.0409661285	-0.0083431863	0.0113577075	-0.052800781	0.0494796422	0.0245339573	-0.0656123294	-0.0247760437	0.0261210105	0.0250105769	-0.0590052387	-0.0051038429	-0.0053504547	-0.0698103268	0.0089583473	0.0525975414	0.0002770284	0.0178736829	0.0273389933	0.0444285868	-0.0316890975	0.0645675112	-0.0131690074	0.045884359	0.0222829544	-0.0176532288	-0.0129488035	0.0082223849	0.0155474211	-0.0096593259	-0.0113630779	0.0052483993	-0.0225978219	-0.0107059255	0.0102395569	0.0338867949	-0.0428750976	-0.0122828974	0.0099063062	-0.0182802264	0.0035415695	0.005008861	0.0053020681	0.0177644346	0.0675466225	-0.0006737688	0.0657332143	-0.0028156766	-0.0207132996	-0.0248245048	-0.0304113422	0.0464307294	-0.0201768519	-0.0291951037	0.0021484495	0.0082794993	-0.0026169434	0.0449575182	-0.0148676096	0.0265782895	-0.0337775327	-0.0167672367	0.0474565443	0.0070727185	-0.0065265375	0.0408313843	-0.0633664511	-0.0077522225	-0.0370456717	0.0079801863	-0.0278169428	-0.0027344968	0.0028137848	0.0364703062	-0.0050247691	-0.0538531906	-0.0064969339	-0.0130570652	-0.0106179296	-0.0712615536	-0.0624717877	-0.0601299751	0.0361851461	-0.0535261802	0.0204002657	0.0168352081	-0.0121152942	0.0546716004	0.0010362967	0.00759785	-0.0315535632	0.0028323211	-0.0265270118	-0.0720863124	0.0309014111	0.0011202082	0.0139814585	-0.0664470777	-0.0349226598	0.0030933071	-0.050529643	0.0651693966	0.0009514609	0.0059040053	-0.0148367431	0.0803196161	0.0157941198	-0.0291200159	-0.0146603496	0.030606633	0.0499416508	-0.0539356704	-0.0605144414	-0.0136989953	0.0222089981	0.0159544639	-0.0438862765	-0.007819668	-0.005739513	0.0332356237	-0.0070760552	-0.0033646255	-0.0335561036	-0.0099411159	-0.0031703873	0.0067626861	0.005329539	-0.0278985048	-0.0246483433	-0.0102455711	-0.0058396819	-0.0345246905	-0.0095842275	-0.0022675434	-0.0352658132	-0.0063637105	0.0373110902	-0.0196310923	-0.0332308549	0.0462741461	-0.0038697424	-0.043171555	0.0384828171	0.0123177063	-0.0483586182	0.02645413	0.0271488476	-0.048220895	0.0115125682	0.0389906186	-0.04277355	-0.004696647	0.0465391172	-0.0326163926	-0.0203887125	0.0489631754	-0.0188678315	-0.0338357689	0.045995879	-0.0030417259	-0.0435571555	0.0379639583	-0.0582201	-0.0135238999999999	0.0001828958712099	0.0033895800440099	-3.07745	-0.0022299999999999	9.4706985025	4.972899999999796e-06	-0.5748	0.000483	2.3328900000001082e-07	0.33039504	-0.0161608	-0.0003715	0.00026117145664	1.3801225000000022e-07	-0.000996747	0.0005889529999999	9.93504582009e-07	3.468656362089999e-07	0.000812215	0.00025	6.59693206225e-07	6.25e-08	0.0	0.0	0.0	0.0	0.0	0.0	0.0	0.0	0.0	0.0	0.0	0.0	0.0	0.0	0.0	0.0	0.0	0.0	0.0	0.0	0.0	0.0	0.0	0.0	0.0	0.0	0.0	0.0	0.0	0.0	0.0	0.0	0.0	0.0	0.0	0.0	0.0	0.0	0.0	0.0	0.0	0.0	0.0	0.0	0.0	0.0	0.0	0.0	0.0	0.0	0.0	0.0	0.0	0.0	0.0	0.0	0.0	0.0	0.0	0.0	0.0	0.0	0.0	0.0	0.0	0.0	0.0	0.0	0.0	0.0	0.0	0.0	0.0	0.0	0.0	0.0	0.0	0.0	0.0	0.0	0.0	0.0	0.0	0.0	0.0	0.0	0.0	0.0	0.0	0.0	0.0	0.0	0.0	0.0	0.0	0.0	0.0	0.0	0.0	0.0	0.0	0.0	0.0	0.0	0.0	0.0
55060.13555814062	3.192833651250112	3031618527.680821	10.194186724555122	67253.92134423828	-455.3986723632843	4523089936.176989	207387.95079024197	55561.45314766683	39.23826236097375	3087075075.880376	1539.6412331086092	55710.19824869172	55556.16398830662	0.9906	22.69352	0.15427495	0.0752058	0.0003869298	-0.0105711331	-0.0076302461	-0.0005638114	0.0149723585	-0.0090249445	-0.0382856853	-0.0257360026	0.0094690767	-0.015232598	0.0134706867	-0.036583177	-0.0360013962	-0.0279300787	-0.0908959613	-0.0167780504	-0.0254074753	0.0142949479	-0.0210884241	-0.0409603675	-0.0168145677	-0.0064393095	0.0015692244	-0.0160175785	0.0776155329	-0.0412365224	0.0075060203	-0.0206178828	-0.0054019121	0.0091243068	-0.0069182384	-0.0024894913	-0.0690785781	0.0531817373	0.0571687474	-0.0657109404	0.007240336	0.001762502	0.0370191926	-0.0305566557	0.020993537	-0.0521597228	0.0485497903	-0.0150734441	0.0246475464	-0.0041168431	0.0131354516	0.0108983153	-0.0366554662	0.0042260454	-0.0143225231	-0.026190818	0.0264740082	-0.0439978279	-0.0362131112	0.0639160362	-0.0202902407	0.0011409835	-0.0349796618	-0.0811615879	-0.0078960655	0.0086142848	-0.0685936415	-0.0467242136	-0.0100582193	0.040785242	-0.021289351	0.0007586422	-0.0339760479	0.0419544872	-0.004386804	-0.0173775903	-0.0343433712	-0.0247262214	-0.0221034405	0.0315839371	-0.0684971165	0.0025623307	0.0178352069	-0.0375857454	0.0064473276	-0.0372952615	-0.0582733977	0.0432604135	0.0100078986	-0.0104185264	-0.0148340528	-0.0286680311	-0.0064485737	-0.0176080731	-0.0097376841	0.0241095224	-0.0610891821	0.0326147628	0.0538823721	0.0338893453	-0.0065905853	0.0100898584	-0.009095714	0.0392088574	0.0009927571	-0.0265015119	0.0191143295	0.0249596613	-0.0398219516	-0.0619562882	-0.0235340588	-0.0364499017	-0.0082337235	-0.0231687464	0.0837962677	0.0219770495	0.0179366399	0.0195723782	0.0437665876	0.0166868131	0.0083913887	0.0069751299	0.0139229178	-0.0803248162	0.041288768	-0.0032243784	-0.0157559334	-0.01100865	0.0049820691	0.0012823659	-0.0033252055	-0.060508339	0.0625667699	0.0501492356	-0.0703581297	-0.0115535656	-0.0011288988	0.0439151052	0.0267955341	-0.0207210181	0.0605227852	-0.0189407572	0.0499272139	-0.0222179479	0.0084365141	-0.0123869186	-0.0232571989	0.0332450861	-0.0121682325	0.0011092929	-0.0236324996	-0.0435020974	-0.0347057822	0.0130915214	-0.0299715178	-0.0660665231	-0.000764824	-0.0216538193	0.0821632207	-0.0254348068	0.0183403622	0.051505282	0.0321981433	0.0128886616	-0.0459357477	0.0091078919	0.0013181689	0.0418581007	0.0284554823	-0.0180183941	0.0006093489	-0.0197306437	-0.0324393325	-0.0287283674	0.0433330092	-0.0541406927	-0.0124403428	0.0443627186	-0.0245407521	-0.0103743506	-0.0390157505	-0.061988562	0.0469766856	0.0070399407	-0.0244146744	-0.0162366768	0.0151508394	-0.0243017282	-0.027111473	-0.0031064921	0.0249782195	0.0079186483	0.0469831114	-0.0492395737	0.0062965341	-0.0142400397	0.0039960754	0.0169575122	0.0065416467	-0.0340705825	0.0072354736	0.0138416026	-0.0380167722	-0.0416628063	0.044583134	-0.0386901253	0.0602051074	-0.0277276682	0.0278877401	0.0729641037	-0.0550191115	0.0068819185	-0.0151393814	0.017312021	0.0101036484	-0.0613133704	-0.0002116401	-0.0015693293	0.001568022	0.0375293733	-0.0541254992	-0.0232695232	-0.0005378086	-0.001899761	-0.0125027043	-0.0094163336	-0.0268276124	0.0511890124	-0.0180332227	-0.0163131353	0.016782573	-0.0182865974	-0.0141167181	0.007450229	0.0029493913	0.0622837084	-0.0197999475	-0.0329589289	0.0464522756	-0.004604831	-0.0427285664	0.0391574033	0.0110638251	-0.0481041957	0.0278357645	0.0255947285	-0.0485330118	0.0136516244	0.0374935883	-0.0439709173	-0.0019363856	0.0455367808	-0.0348870569	-0.0173252667	0.0488971813	-0.0222155728	-0.0309324975	0.0472292216	-0.0072595419	-0.0413587732	0.0407044271	-0.0532303	0.0049897999999999	2.489810403999996e-05	0.00283346483809	-3.0919	-0.01445	9.55984561	0.0002088025	-0.553196	0.0216039999999999	0.0004667328159999	0.306025814416	-0.0152859	0.0008748999999999	0.00023365873881	7.654500099999994e-07	-0.00213647	-0.001139723	4.5645040609000005e-06	1.298968516729e-06	0.000562215	-0.00025	3.16085706225e-07	6.25e-08	0.0	0.0	0.0	0.0	0.0	0.0	0.0	0.0	0.0	0.0	0.0	0.0	0.0	0.0	0.0	0.0	0.0	0.0	0.0	0.0	0.0	0.0	0.0	0.0	0.0	0.0	0.0	0.0	0.0	0.0	0.0	0.0	0.0	0.0	0.0	0.0	0.0	0.0	0.0	0.0	0.0	0.0	0.0	0.0	0.0	0.0	0.0	0.0	0.0	0.0	0.0	0.0	0.0	0.0	0.0	0.0	0.0	0.0	0.0	0.0	0.0	0.0	0.0	0.0	0.0	0.0	0.0	0.0	0.0	0.0	0.0	0.0	0.0	0.0	0.0	0.0	0.0	0.0	0.0	0.0	0.0	0.0	0.0	0.0	0.0	0.0	0.0	0.0	0.0	0.0	0.0	0.0	0.0	0.0	0.0	0.0	0.0	0.0	0.0	0.0	0.0	0.0	0.0	0.0	0.0	0.0
55094.9309820313	34.79542389068229	3035451419.9147925	1210.7215237322637	67275.59680419922	21.675459960941225	4526005925.361179	469.8255645183662	55552.15876224008	-9.294385426750525	3086042343.145127	86.3856004609925	55704.22716088844	55511.26581301999	0.922843	21.141281	0.0506913999999998	0.0257868	0.0026132439	-0.0057960558	-0.0064444986	-0.0029211087	0.012051411	-0.0023074896	-0.020710397	-0.0018973032	0.0012982591	-0.0171220079	0.0006276538	0.0059963835	-0.0303237874	-0.025736511	-0.0237759857	0.020825666	0.0200894948	0.0231281692	-0.0305950921	-0.0489833535	-0.0152214667	-0.0502139231	-0.0496725387	0.0141113544	-0.0168115096	-0.0316094986	0.007535124	-0.0163901055	0.0068692569	-0.0389532386	0.0140265149	-0.022901582	0.0053645856	-0.02665393	0.0313102294	-0.0274605337	0.0209497763	-0.0009412054	0.0134799839	0.0408412983	-0.0555628034	0.0105303209	-0.0060111896	-0.0320551036	0.0016611082	-0.0151985733	-0.0399435953	0.0153860769	-0.0264957702	-0.0293400654	0.0474384389	0.0357090595	0.0071437403	-0.0029939462	0.0002616768	0.0115570422	0.0199510272	-0.0004843988	-0.0150073229	0.0144223264	-0.0027789976	-0.0246466493	-0.021000814	-0.0276930742	-0.0256921228	0.0175751321	-0.0196173029	-0.0333204513	0.0182984277	0.0803768229	0.0024006745	-0.0267967925	-0.0093489011	0.0159435093	-0.0228063569	-0.0332383302	-0.0525333664	-0.0257261594	0.001129888	0.0167970775	0.034418849	-0.0715113904	-0.0378661308	-0.0299932086	0.0168045147	-0.0265080727	-0.0480133826	-0.0271696667	0.0191229786	0.0642600024	-0.0295846812	0.0516467438	-0.0850951648	-0.0223348432	0.0194408323	0.0130748142	0.029677419	0.0084934065	-0.018353875	0.0211519118	0.0272030354	0.0108363688	-0.0092231953	0.0041180231	-0.0035392298	0.0316692026	0.012630712	-0.0142910094	-0.0679934347	-0.0023940651	0.0054638242	0.0179582584	0.0264725426	0.0275720915	0.0502634219	0.0144761637	0.0519546388	0.0481408979	0.0015381788	0.0235609229	0.0326110388	-0.0060930715	-0.0161072694	0.0050376446	-0.0326016663	0.0181676769	-0.0168766546	0.0132310716	-0.0235464136	0.0328505788	-0.0311191707	-0.0191124743	-0.0075218716	0.0162277028	-0.0400203813	0.0543955839	-0.0052315757	-0.0470390274	0.0003080209	-0.0004724787	0.0097377664	0.0467101788	-0.0119294448	0.0233722719	0.0234217588	-0.0529040819	-0.0005141499	0.0210380324	-0.0033012518	-0.0034889021	-0.0105589134	-0.0056761369	-0.0324691462	-0.0077703626	-0.0111386641	0.013531523	0.0374381805	0.0054323477	0.0056413006	-0.0170429157	-0.0276473822	0.0004661461	0.0441565871	-0.0232925801	0.0656108054	-0.0348876017	0.0117803225	-0.0111419783	0.0006467712	-0.0322709774	-0.0274277726	-0.0652469276	0.0310443471	-0.0093491709	-0.008108976	-0.0181770929	-0.0649515184	-0.0375950119	-0.0164618567	0.0514539374	-0.0393290952	-0.0297589793	0.0187549635	0.0187020465	-0.053752918	-0.0844844985	0.0616360433	-0.0570314552	0.0316678925	-0.0252757214	0.0401119642	0.0096269021	-0.023747853	-0.0071156736	-0.0119918183	-0.0171535837	-0.0154225377	0.0034009904	0.0065609196	0.0130792979	-0.0304787613	0.0330773892	-0.0188894517	-0.0250115678	0.0259054505	0.0420129401	0.0144629542	-0.0133441844	-0.0112328696	0.025728365	0.0084507252	-0.0493314477	-0.0119551562	0.0374660726	-0.0039994267	0.0154332923	-0.0118420831	-0.020703288	-0.0298727008	-0.0133459399	-0.0342805549	-0.0255863792	-0.0186305497	-0.0199387836	-0.0062418678	-0.0202346705	0.0091907918	-0.0217268353	-0.0179819565	-0.020567262	0.0052612083	0.0412514684	-0.0199685217	-0.0326851323	0.046624473	-0.0053388741	-0.0422704209	0.0398119877	0.0098022517	-0.0478060917	0.029185409	0.024004296	-0.0487618127	0.0157627911	0.0359066654	-0.0450460234	0.0008300562	0.0443690814	-0.0370147062	-0.0141822002	0.0485808224	-0.0254372825	-0.0278357645	0.0481383925	-0.0114229	-0.0388225891	0.0430841775	-0.0541427	-0.0009124	8.324737600000013e-07	0.00293143196329	-3.08263	0.0092699999999998	9.5026077169	8.593289999999795e-05	-0.573495	-0.0202989999999999	0.0004120494009999	0.3288965150249999	-0.0156608	-0.0003748999999999	0.00024526065664	1.405500099999994e-07	-0.00216577	-2.92999999999999e-05	4.6905596929e-06	8.58489999999994e-10	0.000562215	0.0	3.16085706225e-07	0.0	0.0	0.0	0.0	0.0	0.0	0.0	0.0	0.0	0.0	0.0	0.0	0.0	0.0	0.0	0.0	0.0	0.0	0.0	0.0	0.0	0.0	0.0	0.0	0.0	0.0	0.0	0.0	0.0	0.0	0.0	0.0	0.0	0.0	0.0	0.0	0.0	0.0	0.0	0.0	0.0	0.0	0.0	0.0	0.0	0.0	0.0	0.0	0.0	0.0	0.0	0.0	0.0	0.0	0.0	0.0	0.0	0.0	0.0	0.0	0.0	0.0	0.0	0.0	0.0	0.0	0.0	0.0	0.0	0.0	0.0	0.0	0.0	0.0	0.0	0.0	0.0	0.0	0.0	0.0	0.0	0.0	0.0	0.0	0.0	0.0	0.0	0.0	0.0	0.0	0.0	0.0	0.0	0.0	0.0	0.0	0.0	0.0	0.0	0.0	0.0	0.0	0.0	0.0	0.0	0.0	0.0
55030.82028531993	-64.11069671136647	3028391181.27518	4110.181432816816	67113.89006933593	-161.7067348632845	4504274240.238908	26149.0681001446	55660.030634217845	107.87187197776802	3098039010.202069	11636.340763987972	55813.20374568863	55376.23308549361	1.016558	23.288202	0.0678861999999999	0.041258	0.003308026	-0.0106809041	-0.0112871366	-1.71325e-05	0.0090137944	0.002837405	-0.0150968917	-0.0268427758	0.0098918092	-0.0161305403	-0.0274572367	-0.0486385345	-0.0132036418	-0.0146165669	-0.0126955952	-0.0262941424	-0.0545041535	0.0074867783	0.0040164298	-0.0349284957	-0.0130818174	0.0049146526	0.0455149118	0.0138932683	0.0046023877	0.021778174	-0.0096501644	0.0268817248	0.0290237247	0.0270176925	0.019170454	-0.0037829612	0.0009297932	-0.0265028917	0.0269429585	-0.0052421096	0.0256951837	-0.0086475287	0.0282985331	-0.0063092344	0.0585933955	-0.0583047637	0.0253788403	-0.00608614	0.0278887492	-0.0370402224	-0.0207344732	-0.0511555658	0.0066893085	-0.0614531059	0.0481162588	0.0016362856	-0.0342544323	-0.001730829	-0.0180281974	0.0042178854	0.0893942203	0.0266707843	0.0034483833	0.0325396966	0.0586053858	-0.0983964255	0.0002759518	-0.0022322565	-0.0293107156	-0.020513837	0.0104735905	0.0117484831	-0.062789829	-0.0312056718	-0.025225903	0.0419598563	0.0075669653	0.0255581029	0.026392065	-0.0516794838	-0.0045413643	-0.016541933	-0.0144132938	-0.0038822999	0.0476750085	-0.0345790446	-0.0473604723	0.0019032679	0.0111122586	0.0489641178	0.0035439403	0.0305082821	0.0119530983	0.0035999495	-0.0469037927	0.0137043752	0.0350938421	0.0571059637	-0.0090623635	0.0223926017	0.0377495026	-0.0197948009	-0.0473261258	-0.0254339659	0.0119744086	-0.006508569	0.0198297468	-0.0164662051	0.0681192689	0.0513414299	0.0136659199	0.0009302654	0.0508771127	0.0453232709	0.0083822843	-0.0196281837	0.0099251001	-0.0038247299	0.0362370898	0.0145527559	-0.0070559863	-0.0421147491	0.0278650356	-0.0033316372	-0.0200079822	0.0062343657	0.0174043265	0.033922364	0.0341465656	0.0182795607	0.0037636786	-0.0011186291	-0.0233385613	0.0300017725	-0.0069726665	-0.0253293434	-0.0130278156	0.0242906127	0.0011838953	-0.0502683767	0.0659783663	0.0076117288	0.0258363935	-0.027716176	0.0255355561	0.0009258805	0.0516926689	-0.0199228265	0.0660927021	-0.0273609462	0.0531515366	0.0277059381	-0.0068718814	0.0169935466	0.0173884585	-0.0432746901	-0.0782555393	0.0164762411	-0.0495516227	-0.0368439063	0.0844067626	-0.047320715	-0.0256765809	-0.0350056472	0.0266658318	-0.0174176008	-0.0060235763	0.0487605314	-0.022926321	0.0308732181	-0.0493191493	-0.0058514378	0.0064380754	0.0245297204	-0.0373033995	-0.0280938371	0.0230421459	-0.0368669502	-0.0077332552	0.0107475335	-0.0673538293	-0.0509831532	-0.0105381763	0.0019963256	0.0403456055	0.0239680213	-0.0207486615	0.0055749618	-0.003426368	-0.0321457182	-0.0141625659	0.0669870794	-0.0091329259	0.0100903639	0.0452512232	0.0170633449	-0.0144460068	-0.0217261176	0.0331401702	0.0281725773	-0.0112353352	0.0196214976	-0.0298080398	0.0773969989	-0.0279933769	-0.0038954402	-0.0010756846	0.0178332155	-0.0517885039	-0.0522755501	-0.0270559226	-0.0044598676	-0.0123748549	0.0153724358	0.002330274	-0.0579414673	-0.00115707	-0.0038301967	0.0430753471	0.002667089	0.0033179837	-0.0546089678	0.0064725082	0.0088839699	-0.0047236027	0.0184166667	-0.0365385129	0.0384576895	0.0043731343	-0.0322658738	0.0122287605	-0.0039754459	-0.0038946202	-0.0008958765	0.0272486056	0.0123480408	-0.0201368126	-0.0324094805	0.0467907162	-0.0060717052	-0.0417972809	0.0404462362	0.0085338634	-0.0474645768	0.0305015125	0.0223798066	-0.0489069049	0.0178417553	0.0342336544	-0.045995879	0.0035938487	0.0430402594	-0.0389906186	-0.0109739574	0.0480157186	-0.0285146833	-0.0245649379	0.0487171511	-0.0155005685	-0.0359693177	0.0450821203	-0.0560644	-0.0019216999999999	3.692930889999994e-06	0.00314321694736	-3.09408	-0.0114499999999999	9.5733310464	0.0001311024999999	-0.554306	0.019189	0.000368217721	0.307255141636	-0.0156257	3.5099999999999715e-05	0.00024416250049	1.2320099999999801e-09	-0.00149436	0.00067141	2.2331118096e-06	4.507913881000002e-07	0.000562215	0.0	3.16085706225e-07	0.0	0.0	0.0	0.0	0.0	0.0	0.0	0.0	0.0	0.0	0.0	0.0	0.0	0.0	0.0	0.0	0.0	0.0	0.0	0.0	0.0	0.0	0.0	0.0	0.0	0.0	0.0	0.0	0.0	0.0	0.0	0.0	0.0	0.0	0.0	0.0	0.0	0.0	0.0	0.0	0.0	0.0	0.0	0.0	0.0	0.0	0.0	0.0	0.0	0.0	0.0	0.0	0.0	0.0	0.0	0.0	0.0	0.0	0.0	0.0	0.0	0.0	0.0	0.0	0.0	0.0	0.0	0.0	0.0	0.0	0.0	0.0	0.0	0.0	0.0	0.0	0.0	0.0	0.0	0.0	0.0	0.0	0.0	0.0	0.0	0.0	0.0	0.0	0.0	0.0	0.0	0.0	0.0	0.0	0.0	0.0	0.0	0.0	0.0	0.0	0.0	0.0	0.0	0.0	0.0	0.0	0.0
55069.014795193645	38.19450987371238	3032596390.5132565	1458.8205844931122	66987.44363769531	-126.4464316406229	4487317605.113406	15988.700074646722	55605.00389869439	-55.02673552345368	3091916458.573818	3027.941622368119	55765.84755961584	55754.70501724838	1.082828	24.806364	0.1952533000000003	0.116999	0.0024313765	0.0088438559	0.0014690474	-0.0015112476	0.0111690353	-0.0060884452	-0.0135443865	0.0336800603	0.0105410231	-0.0183808153	0.0628649549	0.0269946348	-0.0241035395	-0.0020739104	-0.0568677545	-0.0256291292	0.0450155903	0.0147104934	-0.0184235986	-0.0212375329	-0.0040870995	-0.0178468244	-0.0024093768	-0.0264085363	0.0698621824	-0.0248116757	0.0135950752	-0.0260335923	0.0126874145	-0.0272560417	-0.0504935452	-0.0011254815	0.0547990045	-0.0258939291	0.0150402021	0.008272485	0.0206761195	-0.0158859387	-0.0602371192	-0.0489632216	-0.0122334683	-0.0101286442	-0.0061904881	0.0017073191	-0.0059218566	-5.82372e-05	-0.0054238087	0.0667400146	-0.0007224101	-0.0131536958	0.003980845	-0.0625914008	0.0300168368	0.0283720511	-0.0394359101	-0.0169095821	0.0288696906	-0.0037188667	-0.0560312353	-0.044741778	0.0043811019	0.0236322536	0.0354440648	-0.0783630592	-0.0031557531	0.0099833522	-0.031828219	0.0027516546	0.0144080436	0.0077232078	-0.0064978489	0.0430388499	-0.0155005026	-0.0292490099	0.050995111	0.036829632	0.0136507115	0.0037361368	0.0372249593	0.002295241	0.0103070662	0.0122605655	-0.0529218544	0.0215422637	-0.054520096	-0.0057983269	-0.0529772225	0.0379784703	-0.053935425	-0.009812199	0.0154775551	-0.0156283049	-0.0670816826	-0.0215422683	-0.0007141663	0.0122159483	0.0038439001	0.0200955997	-0.0247117296	0.0518485391	-0.0154427184	0.0456982884	0.0749398689	0.0203761229	0.0461327136	-0.0193475873	-0.0003118731	0.0166489154	0.0315444374	-0.0033211577	-0.0561186806	-0.0266838375	0.0159706885	0.0148874366	0.0233247646	0.0028755911	0.0201604489	0.0095397052	-0.0024646634	-0.0764490534	0.0226590588	-0.0106854788	-0.0223353538	0.0054451375	-0.0327645893	-0.0466948918	-0.0113741217	0.052270102	-0.0244577692	0.0170610629	0.0078140404	-0.0186123024	-0.0147148945	-0.0630118299	0.0494215071	0.0006257452	8.26255e-05	-0.0077791996	-0.0089939175	0.0048686016	-0.0106404544	0.0244201784	-0.0588304374	-0.0019156329	-0.001183372	-0.0021296806	0.0201300199	-0.0598185007	0.0265794185	0.0317796819	0.0319413571	-0.0260822479	-0.0194334166	-0.0607776504	0.0286516792	-0.0187269854	0.002591231	-0.028771442	0.0854876189	0.0197599821	-0.0087102344	0.0319903338	0.0121946366	-0.0072377987	0.0104394708	-0.0020114112	-0.0383694091	-0.0171495997	-0.0166845374	0.0546233623	0.0345110578	0.0272711309	0.0137178736	0.0170612575	0.0214321387	0.0296082835	-0.0105033529	-0.045493268	7.12875e-05	-0.0529606078	-0.0094240369	-0.0512708612	-0.0292404451	-0.0110459396	0.0420273732	-0.0256324445	0.0043423769	-0.0575334467	0.0389417231	0.0016332168	-0.020688913	-0.0097642678	-0.0080245561	0.0330903351	0.0189640456	-0.0523393928	-0.0488677162	-0.018212191	-0.0603869859	0.0274850552	0.0407193453	-0.0236031274	0.0127895226	0.0200563329	-0.0223341155	-0.0514188908	0.055630605	0.0107289978	7.1985e-05	0.0033902015	0.0049026692	-0.014514964	0.0051101694	-0.003620139	-0.020403394	0.039134465	-0.0377738995	-0.010546265	-0.0112963772	0.0063840285	-0.0337029907	-0.0233191723	0.0285263958	-0.0162276452	0.0310542147	0.0500012042	0.0081468798	-0.0275772296	0.0277603207	-0.0436302965	0.0081509817	0.0695108269	-0.0203048178	-0.0321319892	0.046950984	-0.0068031578	-0.0413093142	0.0410598248	0.0072595419	-0.0470799613	0.0317825624	0.020723565	-0.0489680393	0.0198842699	0.0324785665	-0.046817843	0.0063461704	0.0415551402	-0.040806694	-0.0077152822	0.0472047632	-0.0314303169	-0.0211404744	0.0489615251	-0.0194619585	-0.0328222635	0.04668055	-0.0629902	-0.0069257999999999	4.796670563999994e-05	0.00396776529604	-3.12632	-0.0322400000000002	9.7738767424	0.0010394176	-0.569089	-0.0147829999999999	0.0002185370889999	0.3238622899209999	-0.0176357	-0.00201	0.00031101791449	4.040100000000006e-06	-0.00231045	-0.00081609	5.3381792025e-06	6.660028881e-07	0.000562215	0.0	3.16085706225e-07	0.0	0.0	0.0	0.0	0.0	0.0	0.0	0.0	0.0	0.0	0.0	0.0	0.0	0.0	0.0	0.0	0.0	0.0	0.0	0.0	0.0	0.0	0.0	0.0	0.0	0.0	0.0	0.0	0.0	0.0	0.0	0.0	0.0	0.0	0.0	0.0	0.0	0.0	0.0	0.0	0.0	0.0	0.0	0.0	0.0	0.0	0.0	0.0	0.0	0.0	0.0	0.0	0.0	0.0	0.0	0.0	0.0	0.0	0.0	0.0	0.0	0.0	0.0	0.0	0.0	0.0	0.0	0.0	0.0	0.0	0.0	0.0	0.0	0.0	0.0	0.0	0.0	0.0	0.0	0.0	0.0	0.0	0.0	0.0	0.0	0.0	0.0	0.0	0.0	0.0	0.0	0.0	0.0	0.0	0.0	0.0	0.0	0.0	0.0	0.0	0.0	0.0	0.0	0.0	0.0	0.0	0.0
55199.1071939464	130.0923987527567	3046941435.008785	16924.032213246253	67799.59075927734	812.1471215820347	4596784507.125485	659582.9470939843	55678.74323206298	73.73933336859045	3100122447.9019995	5437.489285644117	55830.4153280358	55594.52900929637	1.107347	25.368065	0.0889111999999998	0.0533154	0.0020603447	0.0027073224	-0.0031543244	-0.0020754716	0.0109677947	0.0014176023	-0.0204324694	-0.0385716485	0.0048524602	0.0088658544	-0.0099358049	-0.0009407048	0.0017999542	0.0012135757	0.0653399617	0.0237501053	0.0132878006	0.0147011988	-0.00287305	-0.024322376	0.0129581413	-0.0183391496	-0.038612613	0.0565401974	-0.0187235994	0.0007505572	-0.0012420016	-0.0012911853	0.0235015007	0.0216499319	0.0117053282	-0.0107740064	0.0124260402	0.0226929827	-0.0344271031	-0.0138876723	-0.0206298717	0.0078545369	0.0367783146	0.0215682677	0.0142983612	-0.0096199681	0.0443699336	0.0828763002	-0.0134629069	-0.0141341587	-0.0275963657	0.0340678807	-0.010067201	0.0323972782	0.0218234637	-0.0113596171	-0.0552221877	0.0030580373	-0.04083582	-0.0260327311	0.042823917	0.0115171637	0.0238381263	0.0394132985	0.0195922036	0.0230356609	0.0190434078	0.0223167131	-0.042205853	0.0343033877	0.0699429751	-0.0271165288	0.0298954491	0.019547708	0.005988138	-0.059755007	0.0139201126	-0.0590058042	-0.0028890583	-0.0048638257	-0.0402728924	0.021314526	0.0380079028	-0.0141619595	-0.0444711977	-0.0136707518	-0.0368035143	0.008202647	0.0684074073	-0.0275204372	0.0293593012	0.0263456044	0.032952595	0.0069820079	0.0416602494	-0.0067573231	0.012675331	0.0607573279	-0.056692369	0.0175636653	0.0346029021	0.0223153814	-0.0152654583	-0.022874213	0.0121823438	-0.0098174577	0.0080242434	0.0235305755	-0.0018788717	-0.0029893033	0.0055886733	-0.0099667326	0.0068757771	-0.0158875971	-0.0156379901	0.0350806774	0.0175377487	0.0009099808	0.025968232	-0.0118763023	0.0173365234	0.0433067726	0.0467273481	0.0431122287	0.0011204187	0.0004925794	-0.0068499981	0.0226230726	0.0234560713	0.0090957636	-0.0056234147	0.0121696931	0.0187351923	-0.0333141167	-0.0099659098	0.013572191	0.0150194896	0.0278067262	-0.0102592223	0.002849121	0.0130316393	0.0961589412	0.0267433898	0.016109561	0.0249805622	0.0363986642	-0.0170479857	0.0084381128	-0.0368949225	0.00493891	0.0506320129	0.0279372778	-0.0209099386	0.0473257678	0.0331110837	0.0042100366	-0.0257793309	0.0304409266	-0.0494259853	-0.0071696845	-0.0153749546	-0.006333405	0.0060307882	-0.0473536542	-0.0396977504	-0.0629096632	-0.0075213585	-0.0391717569	0.0141124754	-0.0203760669	0.0498105672	0.0430000886	-0.0522484089	0.0003267654	0.0083094515	-0.0324207767	-0.0111909458	0.0485558651	0.0171466615	-0.0070084593	0.0175487912	-0.0416323448	0.0202896679	0.0532056424	-0.0280735007	0.0436376296	-0.0231146355	0.0442775773	0.0236271803	0.0363980911	0.0011127648	0.0294843153	0.0343681133	0.0754753348	0.0499046291	0.0201979312	-0.0321367832	0.0147796881	0.0083502525	0.0181138224	0.0073648867	-0.0061674129	-0.0106489805	0.0150893672	0.0015079873	0.0043996757	0.0366607196	0.007166325	0.0028597568	0.0519219353	0.0208043748	-0.0099762757	-0.003269007	0.0043223631	0.0085363371	-0.0170442066	0.0030512516	0.0140667057	0.021654971	-0.0078357988	0.0347858831	-0.0332044054	-0.0553163187	-0.0122847536	-0.0155421685	-0.0202338562	-0.0212794773	-0.0204120309	0.0374925547	-0.010920329	-0.0047153162	-0.0004430416	0.0072237836	-0.0230627277	0.0059248909	-0.0068988295	-0.0204725349	-0.0318526742	0.047105256	-0.0075330659	-0.040806694	0.0416524399	0.0059801733	-0.0466525943	0.0330270864	0.0190379212	-0.0489451109	0.021886162	0.0306456097	-0.04750963	0.0090782364	0.0399191169	-0.0424554877	-0.0044211503	0.0461521087	-0.0341676424	-0.0175837917	0.0488698372	-0.0232773535	-0.0294071302	0.0478653016	-0.062405	0.0005851999999999	3.424590399999931e-07	0.003894384025	-3.14751	-0.0211899999999998	9.9068192001	0.0004490160999999	-0.568055	0.0010339999999999	1.0691559999999574e-06	0.3226864830249999	-0.0167859	0.0008498	0.0002817664388099	7.221600400000022e-07	-0.00183821	0.0004722399999999	3.3790160041e-06	2.2301061759999986e-07	0.000562215	0.0	3.16085706225e-07	0.0	0.0	0.0	0.0	0.0	0.0	0.0	0.0	0.0	0.0	0.0	0.0	0.0	0.0	0.0	0.0	0.0	0.0	0.0	0.0	0.0	0.0	0.0	0.0	0.0	0.0	0.0	0.0	0.0	0.0	0.0	0.0	0.0	0.0	0.0	0.0	0.0	0.0	0.0	0.0	0.0	0.0	0.0	0.0	0.0	0.0	0.0	0.0	0.0	0.0	0.0	0.0	0.0	0.0	0.0	0.0	0.0	0.0	0.0	0.0	0.0	0.0	0.0	0.0	0.0	0.0	0.0	0.0	0.0	0.0	0.0	0.0	0.0	0.0	0.0	0.0	0.0	0.0	0.0	0.0	0.0	0.0	0.0	0.0	0.0	0.0	0.0	0.0	0.0	0.0	0.0	0.0	0.0	0.0	0.0	0.0	0.0	0.0	0.0	0.0	0.0	0.0	0.0	0.0	0.0	0.0	0.0
55102.59019979254	-96.51699415386248	3036295446.7262726	9315.530160496724	66855.22361132813	-944.3671479492186	4469620924.120686	891829.3101257414	55613.95203132556	-64.79120073741797	3092911660.5425806	4197.899692996391	55783.89399047039	55760.35263132864	1.068469	24.477409	0.1421300000000002	0.0808033999999999	0.0012253702	-0.000108322	-0.0108636655	-0.0035908502	-0.0001130242	0.0058359874	-0.0057889805	0.0272535638	0.0028952129	-0.0021184649	-0.0084269332	-0.0076036968	-0.0013413945	-0.0317178738	-0.0417508492	-0.0529061333	-0.0410101096	-0.0096363289	-0.0226828615	-0.0217518904	0.0005136597	-0.0079615268	0.0440072034	-0.0147653249	0.0115740741	-0.0026245468	-0.0380002689	-0.0042569338	0.012186529	0.0276732199	-0.0391151531	-0.0080641085	-0.0086856954	0.0167116217	-0.0249238645	-0.0655637586	0.0277765011	0.0355571567	-0.0524110484	0.0199366394	0.030748443	0.0038329275	-0.0131183297	0.0320985851	0.0069614467	0.0614384974	-0.03228894	0.0251194552	0.0631817312	-0.0056080092	-0.0204770643	0.0632455863	0.0123065304	0.0605117185	-0.0381195194	-0.0186428035	0.0193654768	0.0084328684	-0.0522942795	0.0222988094	-0.0088051633	0.0152873418	-0.0482149204	-0.0029787343	-0.0298612305	0.0001101278	0.0389834757	0.0261887268	0.0113201296	0.0212407581	0.019991461	-0.0264727604	0.0126317822	0.0714118763	-0.020868713	0.0110123425	0.0080521544	-0.0039006036	-0.038021884	0.0052555002	0.0037867424	0.0440279823	0.0222503117	-0.0276415123	-0.0405840061	0.0146480399	0.0114688534	-0.0232624434	0.0467751251	0.0231460757	0.0272309384	0.039420095	-0.0241778401	0.0294135298	-0.0139152939	0.0319686107	0.0016359984	-0.0373201904	-0.0831443709	-0.0020129264	-0.0221343505	-0.0639820375	-0.0247643548	-0.0097760164	0.0565172859	-0.0077952388	-0.0263122838	-0.0032469745	0.0380383446	-0.0081243449	0.035399382	0.0349415653	-0.0091060912	0.021148518	0.0222875683	-0.0005229144	0.0070756684	-0.043169166	-0.0034856982	-0.0201021403	0.0002208781	0.0339771057	-0.0034304488	0.0171208572	0.0168389228	-0.0391458902	-0.0169484787	-0.0174577355	0.0149502026	-0.0261741888	-0.0591896808	-0.0320704095	0.0419389141	-0.0566201596	-0.0218965685	-0.0230636952	-0.0129793024	0.0557037108	-0.0178673501	-0.0228069504	-0.0570797069	0.0372228437	0.0046835066	-0.0536578987	6.97438e-05	-0.0126825886	-0.0607565753	0.0264791277	0.04384944	0.0456907289	0.0268953896	-0.0099123307	-0.007686873	-0.0462912783	-0.0118764228	0.0220336736	0.0165265607	0.0492768942	-9.43611e-05	-0.0274202634	-0.0043333321	-0.0332750615	-0.0349199409	-0.0026895913	0.0265710305	-0.0216178259	0.0339873049	-0.0050488506	0.0654832171	-0.0232628443	0.0012630437	0.0054145738	-0.0009324759	-0.0442187592	-0.0267927486	0.012192484	0.0266047687	0.0202611626	-0.038503481	-0.0364432191	0.0148256023	0.0042655217	0.0064320916	0.0239646453	-0.0430935034	0.0099012492	0.0558633246	0.0010600094	0.0287156851	0.0135221359	0.0489947485	-0.002385103	-0.0302851284	-0.0506023598	0.0804110625	0.0059448953	0.0386041303	0.0391502732	0.0002977195	0.0273551033	0.0270538001	-0.0434883779	0.0170020399	0.033853772	0.0087927425	0.0138066644	-0.0187183224	-0.0560637526	-0.0138277421	0.032126243	0.0104331193	-0.0387285818	0.0045393357	0.0028643297	0.0203810388	0.0147747777	-0.0178208899	-0.0582793286	0.0237146084	0.0021438023	0.0008209327	0.0254115966	0.0019804031	0.0349860344	-0.0099489686	-0.0022913185	0.0331551121	-0.0056393005	0.0180330266	0.0160406875	0.0207417667	0.0303893166	-0.0206399614	-0.0315715513	0.0472535125	-0.0082612638	-0.0402895985	0.0422237789	0.004696647	-0.0461828639	0.0342336544	0.0173252667	-0.0488381591	0.0238433419	0.0287391785	-0.0480693164	0.0117813266	0.0381381307	-0.0439302406	-0.0011067004	0.0448631447	-0.0367111306	-0.0139171345	0.0484427166	-0.026918132	-0.0257518113	0.0486258757	-0.0547	0.007705	5.936702500000005e-05	0.0029920899999999	-3.10579	0.0417200000000002	9.645931524099998	0.0017405584	-0.595114	-0.027059	0.000732189481	0.354160672996	-0.0157986	0.0009873	0.00024959576196	9.7476129e-07	-0.00216383	-0.0003256199999999	4.682160268899999e-06	1.0602838439999985e-07	0.000562215	0.0	3.16085706225e-07	0.0	0.0	0.0	0.0	0.0	0.0	0.0	0.0	0.0	0.0	0.0	0.0	0.0	0.0	0.0	0.0	0.0	0.0	0.0	0.0	0.0	0.0	0.0	0.0	0.0	0.0	0.0	0.0	0.0	0.0	0.0	0.0	0.0	0.0	0.0	0.0	0.0	0.0	0.0	0.0	0.0	0.0	0.0	0.0	0.0	0.0	0.0	0.0	0.0	0.0	0.0	0.0	0.0	0.0	0.0	0.0	0.0	0.0	0.0	0.0	0.0	0.0	0.0	0.0	0.0	0.0	0.0	0.0	0.0	0.0	0.0	0.0	0.0	0.0	0.0	0.0	0.0	0.0	0.0	0.0	0.0	0.0	0.0	0.0	0.0	0.0	0.0	0.0	0.0	0.0	0.0	0.0	0.0	0.0	0.0	0.0	0.0	0.0	0.0	0.0	0.0	0.0	0.0	0.0	0.0	0.0	0.0
55176.156837175695	73.56663738315547	3044408283.32061	5412.050135864687	67616.27320068359	761.0495893554616	4571960401.549481	579196.4774581168	55712.628624803554	98.67659347799054	3103896988.28528	9737.070100420604	55878.139240529854	56066.47094092431	0.949676	21.756008	0.0772365999999997	0.0467035	0.000413798	0.0064171675	-0.0089878126	-0.0104915147	0.0047408495	-0.0033701394	-0.0004655192	-0.0166684258	-0.0138674962	-0.0096252988	0.0634811461	0.0094212148	-0.0210420007	-0.0080018154	0.0230602829	-0.0015641223	0.0076584049	-0.0334555216	-0.0313905768	0.0031664653	-0.0144165548	-0.00637149	-0.0254604138	0.0030614778	0.0112412132	0.005951152	-0.0129665047	0.0071865282	0.0497833786	0.0163775448	0.0221192502	0.0446394945	-0.0402688652	-0.0080901043	-0.0047188133	0.0080897715	-0.0202914468	-0.0085320784	0.0131066507	-0.0047166456	0.0118735852	-0.0161502166	0.0404818772	0.0309886621	-0.0328716183	0.0008661727	0.0407689662	0.0121063558	-0.0174525498	-0.0195195355	-0.0643656154	-0.0271180225	-0.0165907906	-0.0140664635	0.0033180832	-0.049807231	-0.0096505601	0.0122018151	0.0335293788	-0.0062635879	-0.0500587266	-0.0262430269	-0.0423840657	0.0180595081	0.0687464142	-0.0205595992	-0.0302231618	0.0179399796	-0.0026516859	-0.0518224053	-0.0247113994	-0.0459978383	0.0333496505	0.0416418904	0.0297260739	0.0582895973	0.070137795	0.049418434	-0.0063467808	0.0259868818	-0.0114206911	-0.0205303158	-0.030974769	0.0184813458	0.0740153069	-0.0011344342	0.0173066166	0.007556763	-0.0475711985	-0.006938494	-0.0446822324	0.0149541257	0.0109279072	0.0294064981	0.0427934097	0.0305039251	0.0556519258	-0.0282136267	-0.0065609743	-0.0400251405	-0.0180189548	-0.0039650325	-0.0243866769	-0.0047830803	0.0219348761	-0.0294452436	0.0354330076	-0.0443330704	-0.0292297924	-0.0353884778	-0.0097624039	0.0417826826	-0.0322978278	0.0315743346	-0.001563773	0.0136928319	0.0084742201	0.0292893064	0.0067051088	-0.0100478231	-0.0057592993	0.0108016471	-0.0015514961	0.0522176445	0.0190772628	0.0141146433	0.0431950298	-0.0379929111	-0.0081381522	-0.00449586	0.0061382155	0.0177948998	-0.0038611563	0.0167483095	0.0131801302	-0.0080449179	0.0145422466	0.0361736458	0.0300063382	0.037509285	-0.0036326151	-0.0287436505	-0.0393104916	0.0203430828	0.0217396197	0.0690357481	-0.0036066993	-0.0086785188	-0.0137797233	-0.0017916344	0.0220867239	0.02101056	0.0270746854	0.0230644535	0.0261897044	0.0305053148	0.0403581874	0.0130929494	-0.0555347091	0.0647135972	0.0215959722	0.0295944818	-0.0009693913	0.0169132984	-0.0285665471	0.050193001	0.0519487167	0.0300881598	0.0630836493	0.0213319375	0.0367839191	0.0740912556	-0.0082644058	-0.0213933003	0.0370310289	-0.0251572251	-0.0097300954	-0.0453796983	0.037148041	0.0634213139	-0.003287878	0.0157129538	-0.0160986501	-0.0400678256	0.0319014147	-0.0223206226	-0.0041071106	0.0374841884	-0.0099157642	-0.0321661265	0.0484100993	0.0256147828	0.0144606048	0.0015845123	0.0227131779	0.0610659218	-0.0007305635	0.0161933069	0.0163690986	0.0102620307	0.0289653037	0.011868585	0.0266865465	-0.0262005578	0.0419471359	0.0228225165	0.0481670007	0.0257030297	-0.0077722492	0.0344850837	0.0062391851	-0.0160369991	0.0035612858	0.0157272028	0.0115707549	0.0092677959	-0.037459074	-0.00118858	-0.0045339158	0.00905346	-0.0432424988	-0.0193640407	0.0082118063	-0.0200861875	0.0239984336	0.0178146747	0.0040260818	0.0068459949	0.0253349653	-0.0156364344	-0.0008014674	0.0129752262	-0.0208070951	-0.0312886365	0.0473957345	-0.0089875862	-0.0397582112	0.04277355	0.0034098553	-0.0456711967	0.0354008796	0.0155880314	-0.0486473676	0.0257518113	0.0267638437	-0.0484953459	0.0144468132	0.036218649	-0.0452249073	0.0022128355	0.0433444711	-0.0390463521	-0.0101634351	0.047683095	-0.0303569825	-0.021886162	0.0489555324	-0.0687086	-0.0140085999999999	0.0001962408739599	0.0047208717139599	-3.10265	0.0031399999999996	9.6264370225	9.859599999998107e-06	-0.595038	7.6000000000076e-05	5.776000000011553e-09	0.3540702214439999	-0.016398	-0.0005993999999999	0.000268894404	3.592803599999999e-07	-0.00156299	0.0006008399999999	2.4429377401e-06	3.610087055999998e-07	0.000562215	0.0	3.16085706225e-07	0.0	0.0	0.0	0.0	0.0	0.0	0.0	0.0	0.0	0.0	0.0	0.0	0.0	0.0	0.0	0.0	0.0	0.0	0.0	0.0	0.0	0.0	0.0	0.0	0.0	0.0	0.0	0.0	0.0	0.0	0.0	0.0	0.0	0.0	0.0	0.0	0.0	0.0	0.0	0.0	0.0	0.0	0.0	0.0	0.0	0.0	0.0	0.0	0.0	0.0	0.0	0.0	0.0	0.0	0.0	0.0	0.0	0.0	0.0	0.0	0.0	0.0	0.0	0.0	0.0	0.0	0.0	0.0	0.0	0.0	0.0	0.0	0.0	0.0	0.0	0.0	0.0	0.0	0.0	0.0	0.0	0.0	0.0	0.0	0.0	0.0	0.0	0.0	0.0	0.0	0.0	0.0	0.0	0.0	0.0	0.0	0.0	0.0	0.0	0.0	0.0	0.0	0.0	0.0	0.0	0.0	0.0
55129.15828365858	-46.99855351711449	3039224093.064681	2208.8640327010744	67351.98369921875	-264.2895014648384	4536289708.219828	69848.94058453281	55679.48914258946	-33.13948221409373	3100205511.1797376	1098.2252814182348	55850.86974830519	55701.48188381443	0.867974	19.884302	0.0696630999999999	0.0413937	0.0011027038	0.0036416323	-0.0102920225	-0.0024964844	-0.0034928379	0.0206289799	0.0187533665	0.0272629881	-0.024101111	0.0423419171	0.0228433249	-0.0107178422	-0.0188902638	-0.0231252319	0.0573498916	-0.0019350653	0.0160946375	-0.019784368	-0.0048362083	-0.0218094324	0.0228776957	0.0071972595	0.0179799595	-0.0068166884	-0.0318227329	-0.0243546476	-0.0317676088	0.0341310992	0.0068133395	-0.0121742887	0.0553520542	0.0492661661	-0.0051873258	-0.0198624527	0.0451631911	0.0159882447	0.0415828883	0.020319794	-0.0038990123	0.0022022742	-0.004248066	0.053529815	-0.0230887903	-0.012212606	0.0176986733	0.0044390381	0.0322271947	0.0201833455	0.0215301216	0.0133599853	0.0006114913	0.0387887981	0.0586792796	-0.0013567732	-0.0294375852	0.0059056509	0.0423655186	-0.0125014077	-0.0074379566	-0.0230815406	0.0069703997	0.0204535763	0.0192332182	0.007271495	0.0498736054	0.0217406566	-0.0246489943	-0.0516931301	-0.0396682369	0.0118936719	0.0107440544	0.0383962005	-0.0112836707	0.0146028965	-0.0259295332	0.0694740231	0.0015748041	-0.0381271447	-0.0304498466	-0.0150236753	0.0109143694	0.0228229878	0.0042519205	0.0038116346	-0.0217745647	0.0291581196	0.0491117054	-0.0151392193	0.029164361	-0.0702360756	0.0145610585	0.0521005459	0.022738246	-0.0231154172	0.0017834443	-0.0162133767	-0.015236843	0.0121626936	0.0020145345	-0.0027939693	-0.0434228955	-0.0253063465	-0.0474704891	-0.0410392636	-0.0121889997	-0.0012117321	0.0142491319	-0.0087463504	0.0117808938	0.0113257927	0.0031737729	-0.1084045309	-0.0196528581	0.0038963154	0.0224665836	-0.0224019684	-0.0082678088	-0.0222624719	-0.0147336173	0.0258032411	0.0246145975	0.0279948622	0.0310261123	0.0197888399	-0.0052025191	0.0450508245	0.0577728797	-0.0085183784	-0.0198244206	0.0452569508	0.0152616687	-0.0394717083	0.014442962	-0.001885292	-0.0068895478	-5.86721e-05	-0.052966839	-0.027046938	-0.0140039482	-0.0148901033	0.0008586932	-0.0165844952	-0.0223127098	-0.024935527	-0.0178453848	-0.0282883414	-0.0622308312	-0.0110058823	0.0064173878	0.0110079549	0.0263688078	-0.0072394258	-0.0413123764	-0.002610947	0.0112830803	-0.0168610558	-0.0439423006	-0.01808646	-0.0079315529	0.0477562822	-0.0219583566	-0.0074570814	0.0647541016	0.0310182368	-0.0067663682	-0.0165340612	-0.030965684	-0.0308470968	0.0177117058	-0.0208494415	0.0601228185	0.0187175669	0.0199122946	-0.010665516	-0.0432885945	0.00914166	0.0117899059	0.0004300843	-0.0134571891	-0.0257726315	0.0243287455	0.0279554638	-0.0182325531	-0.0283049566	-0.0505982	0.0694700381	0.0212163616	0.0093920299	-0.0443967456	-0.0185109984	-0.0286046315	-0.0032733177	-0.0107966276	0.0173975049	0.0267511482	-0.0006912709	0.0096805137	0.0457170128	0.0474385452	-0.0200026331	-0.0051207897	0.0231144645	-0.0275708146	-0.0243988709	0.0035589252	-0.0862245082	-0.0652477226	-0.022731617	-0.0084323826	0.0350335256	0.0067102308	-0.0152298125	0.0036888923	0.0298949247	0.0133040443	-0.0111303344	-0.0085946152	-0.0213369838	-0.0559338971	-0.011959586	-0.023407875	0.0301638711	0.0026659855	0.015852059	0.0040003362	-0.0019581675	0.0267003984	0.0179735725	0.0230449416	0.0188108753	-0.000881301	-0.0202831959	-0.0209739336	-0.0310039458	0.0475319038	-0.0097118681	-0.0392127206	0.0433014723	0.002120693	-0.0451180572	0.0365274207	0.0138286801	-0.0483730638	0.0276076712	0.0247243413	-0.0487865342	0.0170661886	0.0341676424	-0.0463341804	0.005522202	0.0416038638	-0.0411600588	-0.0063461704	0.0465961863	-0.0335681082	-0.0178417553	0.0488513503	-0.0646285	0.0040800999999999	1.664721600999991e-05	0.00417684301225	-3.11863	-0.0159799999999998	9.7258530769	0.0002553603999999	-0.601734	-0.006696	4.483641600000048e-05	0.362083806756	-0.0157234	0.0006746	0.0002472253075599	4.550851600000012e-07	-0.00174653	-0.00018354	3.0503670409e-06	3.368693160000002e-08	0.000562215	0.0	3.16085706225e-07	0.0	0.0	0.0	0.0	0.0	0.0	0.0	0.0	0.0	0.0	0.0	0.0	0.0	0.0	0.0	0.0	0.0	0.0	0.0	0.0	0.0	0.0	0.0	0.0	0.0	0.0	0.0	0.0	0.0	0.0	0.0	0.0	0.0	0.0	0.0	0.0	0.0	0.0	0.0	0.0	0.0	0.0	0.0	0.0	0.0	0.0	0.0	0.0	0.0	0.0	0.0	0.0	0.0	0.0	0.0	0.0	0.0	0.0	0.0	0.0	0.0	0.0	0.0	0.0	0.0	0.0	0.0	0.0	0.0	0.0	0.0	0.0	0.0	0.0	0.0	0.0	0.0	0.0	0.0	0.0	0.0	0.0	0.0	0.0	0.0	0.0	0.0	0.0	0.0	0.0	0.0	0.0	0.0	0.0	0.0	0.0	0.0	0.0	0.0	0.0	0.0	0.0	0.0	0.0	0.0	0.0	0.0
54992.98962977432	-136.1686538842623	3024228908.420465	18541.902300652026	67005.94472167968	-346.03897753906494	4489796628.044793	119742.97397628149	55592.62197114513	-86.86717144433351	3090539617.626648	7545.905474739231	55752.75391832927	55584.865679218245	1.00731	23.076324	0.0331008000000001	0.0184145	0.0052020571	0.0037530755	-0.0091246781	-0.0181213459	-0.0332411566	-0.0190061308	0.0296565057	-0.0335921022	0.0029770267	-0.0385985886	0.0182810196	-0.0248139081	0.0045432891	-0.0209983019	-0.0145482996	-0.0254890592	-0.0192210006	0.0043251766	-0.0567191423	-0.0087448277	-0.0097646119	-0.0126471439	0.007218897	0.0024261439	-0.0138950977	-0.0103986911	0.0106907113	0.0153512985	-0.0116240758	-0.0485805138	-0.0386766415	0.0302695326	0.0382451185	-0.0364918608	0.0013056983	-0.0521418299	0.0118530435	0.0315416813	-0.062505864	-0.0082388629	0.0389808694	0.0331114599	0.0103742491	0.0203172579	0.0285775801	0.0043055837	0.0550136187	-0.0197033059	-0.0517260841	0.028584909	-0.0189620589	-0.0485857209	0.029144221	-0.0222648802	0.0031260413	0.0247299629	-0.0507249481	0.0710214925	0.0252000725	-0.0134703758	0.0043226101	0.0469575853	0.005820972	-0.0026884841	0.0229633724	-0.0211264536	-0.0336546264	0.0071483596	0.0024621557	-0.0141506817	-0.0110447929	-0.0003693513	0.0350492635	0.0229409982	0.011579352	0.0579238019	0.035161986	-0.037304645	0.0206270927	0.0180919059	-0.0494043122	0.0178384063	0.030195848	-0.0301667227	0.0545642722	0.0036750877	-0.0191632642	-0.0006146387	0.0036770524	0.0427293134	0.0333382923	0.0837307699	0.0385410268	0.0217883832	0.0149657872	0.0350185829	0.0174471877	-0.0143637873	-0.0097091963	0.0432588297	-0.0147247607	-0.0214677142	-0.0784669914	-0.0113213741	-0.0696871137	-0.0169258043	0.005351227	0.0319413402	-0.0072363993	-0.025174874	-0.0462462561	0.0637862579	0.0067580861	0.0575436462	0.010060097	0.0094050268	0.0145952141	-0.0079601745	-0.002236179	0.0101166395	0.008550098	-0.0125061978	0.0170925743	-0.0039024208	-0.0518647923	-0.0440889197	0.026682766	0.0386182419	-0.0331865762	0.0015221749	-0.0525328988	-0.0129549999	0.031724706	-0.0570699159	-0.0062519017	-0.0447547567	-0.0310001989	-0.0017482224	0.0165499626	-0.0239207916	0.0202754774	-0.0643319609	-0.0030241114	0.0566055708	-0.0278049406	0.0220642144	0.00197271	-0.0406201944	-0.0011024618	-0.0219687833	0.0123208685	-0.0504142138	0.0589884182	0.0561824669	0.0175289321	0.0014442044	-0.0266672944	0.0229148514	0.0268138438	0.0225144646	0.0139824448	0.0341241284	0.0122191167	-0.0074444966	-0.0071360164	0.0156614202	0.0009132899	0.0139999401	0.0454352969	0.0105244263	0.043273626	0.0380584667	0.0583648229	0.0158628543	0.0150057321	-0.0103061385	0.0477947721	0.0141639551	0.0007472992	0.0567179172	0.0260972551	-0.0216416497	0.0157627512	0.0332181987	0.0151648948	0.0133248028	0.0818152206	0.0389202659	-0.0357571778	-0.0050479244	0.0716702661	0.0106611524	-0.0016309739	-0.0170522613	0.0193014057	-0.0354559613	0.0224518326	0.0220698944	0.0717153403	-0.0716579918	-0.0106802749	0.0134039967	0.0059706099	0.0102985036	0.0088974537	0.0268012564	0.0638199229	-0.0006875244	-0.0082760784	0.0346439937	0.0007094079	-0.0214858258	0.0195682855	-0.0072288455	0.0251406493	-0.027678489	-0.0260437676	-0.0344676275	0.0517129949	0.0072263464	-0.0374022238	-0.0368111102	-0.0079032653	0.0061553984	0.0054988201	0.0019497655	0.0216663149	0.0283208809	0.0221462911	0.0111976453	0.0171153872	-0.0024066393	-0.0211404744	-0.0307174953	0.0476620031	-0.0104339452	-0.0386533201	0.0438072762	0.0008300562	-0.0445239479	0.037611983	0.0120497088	-0.0480157186	0.0294071302	0.022625561	-0.0489420714	0.0196310923	0.0319925587	-0.0472535125	0.0088061905	0.0396502352	-0.0430402594	-0.0024892147	0.0451894509	-0.0365274207	-0.0136516244	0.0483142525	-0.0692033	-0.0045747999999999	2.092879503999991e-05	0.0047890967308899	-3.10987	0.0087600000000001	9.6712914169	7.673760000000177e-05	-0.589412	0.0123219999999999	0.0001518316839999	0.347406505744	-0.015861	-0.0001376	0.000251571321	1.893376000000044e-08	-0.00173525	1.1280000000000014e-05	3.0110925625e-06	1.2723840000000028e-10	0.000562215	0.0	3.16085706225e-07	0.0	0.0	0.0	0.0	0.0	0.0	0.0	0.0	0.0	0.0	0.0	0.0	0.0	0.0	0.0	0.0	0.0	0.0	0.0	0.0	0.0	0.0	0.0	0.0	0.0	0.0	0.0	0.0	0.0	0.0	0.0	0.0	0.0	0.0	0.0	0.0	0.0	0.0	0.0	0.0	0.0	0.0	0.0	0.0	0.0	0.0	0.0	0.0	0.0	0.0	0.0	0.0	0.0	0.0	0.0	0.0	0.0	0.0	0.0	0.0	0.0	0.0	0.0	0.0	0.0	0.0	0.0	0.0	0.0	0.0	0.0	0.0	0.0	0.0	0.0	0.0	0.0	0.0	0.0	0.0	0.0	0.0	0.0	0.0	0.0	0.0	0.0	0.0	0.0	0.0	0.0	0.0	0.0	0.0	0.0	0.0	0.0	0.0	0.0	0.0	0.0	0.0	0.0	0.0	0.0	0.0	0.0
54998.12487995585	5.135250181534502	3024793740.3112187	26.370794426950138	67055.22703955078	49.28231787109689	4496403473.325702	2428.746854747836	55684.18077361884	91.55880247371532	3100727988.4290624	8383.01431042082	55852.36555772776	55307.9669477983	0.971431	22.254396	0.0503870499999996	0.0292365	0.0034550749	0.0065619571	-0.0050857143	-0.0023990012	-0.0266612131	0.021111088	0.0443657126	0.0524128522	-0.0192571854	0.0058554461	0.029288471	-0.0042952716	-0.0174870962	-0.0222131286	0.0061318259	-0.0030907755	0.0127637851	-0.0209917096	-0.0005017015	0.0149190609	0.027768215	-0.034324532	-0.0001525755	-0.0168523794	-0.0051345861	-0.0304644383	0.0270883885	-0.0195110744	0.0255653678	-0.0466367256	0.0152466039	-0.0184862871	0.032507634	-0.0260561024	0.0614550615	-0.0002755272	-0.0102657179	-0.022859636	-0.0292715814	-0.0246745354	-0.002455107	0.0267697081	-0.03584253	-0.0591126467	0.0189624004	-0.0213729741	0.0103732928	-0.0112386025	0.0128517126	0.0161769527	-0.0192444005	0.0280799606	-0.0001991018	0.1035583774	0.0034825727	-0.0441614154	-0.0071684488	0.0035191135	-0.0210333155	-0.0396129603	-0.0049180654	0.0433925716	-0.0281427102	0.0145270213	-0.0798087483	-0.0108493983	0.0343253276	-0.0362070924	0.0388723054	0.0088805103	-0.0239161988	0.0648877613	0.0118831412	-0.0409532291	-0.0458908037	-0.012945429	-0.0259071071	0.0227092189	0.0073560881	0.06195399	-0.0385609416	0.0197605771	-0.0171790871	0.0222991853	0.0307196846	0.0457376948	-0.069775217	0.0368506229	-0.0606516874	0.024676319	-0.057111571	-0.0081045012	-0.0018810056	-0.0142117208	-0.0130607748	0.0658958739	-0.0451638047	-0.0205385936	0.0283217467	-0.031727657	0.0512727231	-0.0206569216	0.1141265535	0.0286385214	0.0052198175	0.0271346005	0.0092157515	-0.0059931148	0.0391564111	0.0069561921	-0.0039572311	0.0070107574	-0.0217189917	-0.0011597554	-0.0112808829	-0.0301133703	0.0355548767	-0.0019528944	-0.0159619548	-0.0066429645	0.0317935131	-0.029789826	-0.0231562942	0.02198239	-0.0378198276	0.0218604712	-0.0148293501	0.0368542736	-0.0223985118	0.061249964	-0.0044390039	0.0149551832	-0.0245847724	-0.0289611889	0.0163467173	-0.0129717916	-0.0222528436	-0.070830063	-0.0204051374	-0.0152315166	0.0104772628	-0.0090314204	0.0079465649	-0.0280928329	-0.0025407241	0.0160578049	-0.0138967281	0.0299124379	0.0866068133	0.0425391453	0.0267752634	0.0509389425	0.0097297127	-0.018974599	0.0456904928	0.0042242319	-0.0183477152	0.0412186523	0.0223739692	-0.072158976	-0.0108020891	-0.0349118301	0.0050900916	-0.0602487152	0.0101467413	0.0015649518	-0.0751911582	0.0038319584	-0.0327302918	-0.0403712212	0.0178368623	-0.0256574267	-0.0091224645	-0.0364364051	0.0569621798	0.0089027591	0.0463609075	-0.0338945572	0.0403765606	0.029512877	0.0560028724	-0.0452962293	-0.0106327752	-0.0077443005	0.0422970452	-0.0750879751	-0.0176576561	-0.0012707279	-0.0221992553	0.0098471539	0.0088064439	-0.0861768791	0.0373000442	-0.0163399769	-0.0335258364	0.0269567362	0.0082985633	-0.0280629645	-0.1078080173	0.0286152379	-0.0233009392	-0.0037672349	0.0409059701	0.0168467705	-0.0405560043	0.0033949645	0.0023549942	0.0067798181	-0.0043383594	0.0383775743	-0.0077011877	-0.012604369	0.0112294441	0.0169685386	-0.0015250918	-0.015038636	-0.0469499044	-0.0057824143	-0.0231209924	-0.0066822976	-0.0444337167	0.0420571108	0.0061694733	-0.0495767197	-0.0004904657	-0.0017215788	0.0317370625	0.0017686577	0.0109649821	-0.0114890735	0.0001108642	-0.006704362	-0.0213067153	-0.0304293015	0.0477860158	-0.0111536535	-0.0380802083	0.0442907033	-0.0004611576	-0.0438894081	0.0386533201	0.0102536416	-0.0475759455	0.0311465121	0.0204725349	-0.0489615251	0.0221333376	0.0297012967	-0.047979135	0.0120497088	0.0374935883	-0.0446762873	0.0013833093	0.0434725442	-0.0392127206	-0.0093499925	0.0473489988	-0.0780777	-0.0088744	7.875497536000008e-05	0.00609612723729	-3.08442	0.0254499999999997	9.5136467364	0.0006477024999999	-0.594776	-0.0053639999999999	2.877249599999919e-05	0.353758490176	-0.0158664	-5.399999999999156e-06	0.00025174264896	2.915999999999088e-11	-0.00164239	9.285999999999996e-05	2.6974449121000004e-06	8.62297959999999e-09	0.000446502	-0.000115713	1.99364036004e-07	1.3389498369000009e-08	0.0	0.0	0.0	0.0	0.0	0.0	0.0	0.0	0.0	0.0	0.0	0.0	0.0	0.0	0.0	0.0	0.0	0.0	0.0	0.0	0.0	0.0	0.0	0.0	0.0	0.0	0.0	0.0	0.0	0.0	0.0	0.0	0.0	0.0	0.0	0.0	0.0	0.0	0.0	0.0	0.0	0.0	0.0	0.0	0.0	0.0	0.0	0.0	0.0	0.0	0.0	0.0	0.0	0.0	0.0	0.0	0.0	0.0	0.0	0.0	0.0	0.0	0.0	0.0	0.0	0.0	0.0	0.0	0.0	0.0	0.0	0.0	0.0	0.0	0.0	0.0	0.0	0.0	0.0	0.0	0.0	0.0	0.0	0.0	0.0	0.0	0.0	0.0	0.0	0.0	0.0	0.0	0.0	0.0	0.0	0.0	0.0	0.0	0.0	0.0	0.0	0.0	0.0	0.0	0.0	0.0
55080.61556555819	82.49068560233718	3033874211.080811	6804.713211143639	67647.20846386718	591.9814243164001	4576144812.953903	350442.0067356737	55647.03932316852	-37.1414504503191	3096592985.434264	1379.4873415535087	55813.31497903782	55444.12099736201	1.022518	23.42474	0.1446433499999999	0.0914026	0.0073374909	0.0049781626	0.002012909	-0.0113846091	-0.0415204911	-0.0106122533	0.0088234914	-0.0696255185	0.016924659	0.0279463257	-0.0112465075	-0.0541565167	0.0090995809	-0.0139039116	-0.0356823575	-0.001874841	-0.0315358513	0.0122635444	-0.0366138785	-0.0314119966	-0.0267393106	0.0284716621	0.0441108102	-0.0044204259	0.0440581675	0.033417033	-0.0643399366	0.0507486965	-0.0263506482	-0.0006333584	0.0438369242	0.0270570345	0.0346901479	0.0264991714	0.0233045509	-0.0152355259	0.0177531056	0.0350078318	0.0149254161	0.0275078869	-0.0039799762	-0.0173462511	0.0515029704	-0.0507442715	-0.0124424604	0.0123374669	0.0146223619	-0.0334604087	0.0063694651	-0.0359026947	0.023424897	0.0060421371	0.0565128972	0.007433682	0.0156565113	-0.0190492675	-0.0038230971	-0.0347704653	-0.0339469926	0.0254524686	-0.0192473382	-0.014185574	-0.0013085532	0.0527338475	0.0298048863	-0.0514231599	-0.0119959115	0.0056476576	-0.0538059747	-0.0269823884	-0.0295566943	0.0306512794	0.0042455739	-0.0162209505	0.0272959932	0.0545919129	0.0380896496	-0.0186448093	0.0088299993	0.0105024868	0.0093663697	0.0202191696	0.0002593417	-0.0340593458	0.0284089063	0.0298300293	-0.0195622177	0.0129088857	-0.0214612726	0.0229460238	-0.0485927905	0.0439208825	0.0384998816	0.0136119543	-0.0237330577	-0.0203351028	-0.0273804791	-0.0456244216	0.0010258708	-0.0158969045	0.0072013118	-0.0296782473	0.0005025329	-0.0246243154	-0.0134742177	0.0307655264	-0.0477552351	0.0539937122	-0.0137834483	-0.0701301782	-0.020485178	0.0375833802	0.0141878487	0.0371504234	0.0313348291	0.0271697785	-0.0277088832	-0.0429205557	0.0135650363	-0.0403318565	-0.0340915351	0.0686912795	0.0532503976	-0.0165867427	0.0076565283	0.0357736937	0.0406702851	0.0348803414	0.02383936	0.0182122569	-0.0118828386	-0.0165070408	0.0332436209	0.0135270314	-0.0345682567	0.0090464784	0.0264961337	-0.0370562163	0.0551318862	0.0136589486	-0.0260417224	-0.0211078728	0.0205001294	-0.0057372879	0.0399080979	-0.0321119288	-0.0135724859	-0.0249865403	0.021227212	-0.0281879016	0.0177175965	0.0190983947	-0.0049395558	-0.0447372691	-0.014466374	0.017018457	-0.0256972695	0.000434854	-0.070431055	0.0098713307	0.0513111515	0.0053785532	0.0103443492	0.0414475349	-0.0211585768	0.0315395648	-0.0306280557	-0.0027334305	-0.0063465855	0.0266650387	0.0493199146	0.0492579393	0.0324698178	-0.0046282016	0.0037848202	0.0187978821	0.0062833106	-0.0048403126	-0.0184489091	0.0376111014	0.0320792793	-0.0136443662	0.0020989786	-0.0043503742	4.22346e-05	-0.0505701411	0.0225250028	0.0496992691	-0.0482135196	0.0234889866	-0.0219919939	-0.0045245882	0.0140625143	-0.0523440067	-0.0026436653	0.0131451752	0.0229024881	0.009188896	-0.0091558534	-0.0221943237	-0.0314317174	-0.0378994671	-0.0318200345	0.058461882	0.0603960867	0.0111051351	0.0335663126	0.0174803928	-0.0025858757	0.0097259247	-0.0068949332	-0.0169653482	0.0296058446	-0.0282198915	0.0366048876	-0.0418446604	-0.0076790994	-0.0410980726	0.0089845904	0.0052727861	-0.0250658808	-0.0300640122	-0.0114647226	0.0714483296	0.0178344284	-0.0018457923	0.0115158624	-0.0138845491	0.0094789997	-0.0146683159	0.0076346547	0.0512435804	-0.0214726538	-0.0301393805	0.047903926	-0.0118708295	-0.0374935883	0.0447515066	-0.0017520508	-0.0432150141	0.0396502352	0.0084430267	-0.0470544995	0.0328222635	0.0182704248	-0.0488448413	0.0245649379	0.0273021769	-0.0485080733	0.015237851	0.0351449656	-0.0460588611	0.0052471816	0.0414572508	-0.0416038638	-0.0049719936	0.0459641431	-0.0726285	0.0054492	2.969378064000001e-05	0.00527489901225	-3.1598	-0.07538	9.98433604	0.0056821444	-0.54956	0.0452159999999999	0.0020444866559999	0.3020161936	-0.0160854	-0.000219	0.00025874009316	4.7961000000000194e-08	-0.00160514	3.7250000000000174e-05	2.5764744196e-06	1.3875625000000131e-09	0.000562215	0.000115713	3.16085706225e-07	1.3389498369000009e-08	0.0	0.0	0.0	0.0	0.0	0.0	0.0	0.0	0.0	0.0	0.0	0.0	0.0	0.0	0.0	0.0	0.0	0.0	0.0	0.0	0.0	0.0	0.0	0.0	0.0	0.0	0.0	0.0	0.0	0.0	0.0	0.0	0.0	0.0	0.0	0.0	0.0	0.0	0.0	0.0	0.0	0.0	0.0	0.0	0.0	0.0	0.0	0.0	0.0	0.0	0.0	0.0	0.0	0.0	0.0	0.0	0.0	0.0	0.0	0.0	0.0	0.0	0.0	0.0	0.0	0.0	0.0	0.0	0.0	0.0	0.0	0.0	0.0	0.0	0.0	0.0	0.0	0.0	0.0	0.0	0.0	0.0	0.0	0.0	0.0	0.0	0.0	0.0	0.0	0.0	0.0	0.0	0.0	0.0	0.0	0.0	0.0	0.0	0.0	0.0	0.0	0.0	0.0	0.0	0.0	0.0
55091.11186989248	10.496304334286831	3035030607.0610075	110.17240467796856	67168.61293847657	-478.59552539061406	4511622564.078881	229053.6769239179	55662.451171875	15.41184870647703	3098308470.461369	237.5250805513377	55833.76204210276	55782.39379375507	1.078721	24.712284	0.094691	0.0571333	-0.000281937	0.0068776069	-0.0077918151	-0.0034100479	-0.0188239866	0.0114298017	0.0084222999	0.0451679784	-0.0197373877	-0.0468542612	0.0447411992	0.0106431754	-0.0330205392	-0.0226332652	1.11376e-05	-0.0077684246	0.0121738253	-0.0131378395	-0.0252038779	0.0109518346	-0.007697838	-0.0235640742	0.0004041524	-0.047775902	0.0038154473	-0.0400627507	0.0062256185	-0.0092222457	0.014341961	-0.0136474955	-0.0308465843	0.0067800407	-0.0288501564	-0.0213292395	0.0118380441	-0.0056831478	0.0107577256	-0.0066587907	-0.0007118787	-0.0044376426	-0.0448665282	0.0083030756	-0.0131003635	0.0161480539	-0.0006307049	-0.0168565223	-0.0363307958	-0.0609625838	0.03879208	-0.0083624934	0.0369745437	0.0434806816	0.0137693737	0.0477060195	-0.0427389668	-0.0214850518	-0.0247878364	-0.0283937099	0.0100661874	-0.0647549701	-0.0068328131	-0.0128536481	-0.0445714374	-0.0241490157	0.0131496589	-0.0025229677	0.0573739422	-0.0012952621	0.0593345374	0.0001350613	-0.0168028518	0.0032790852	0.0137642082	-0.0060880543	0.0031283946	0.0534324022	0.0093642552	-0.0047738674	-0.0019512856	0.0359817798	0.0540659415	-0.008744821	0.0436847886	0.0539086744	-0.0282245978	0.0561629837	-0.0832586095	-3.44508e-05	-0.0793440993	-0.0139498314	0.0143793404	-0.0340793251	-0.0333075359	0.0691599824	0.0371256574	-0.0059508872	0.0179419031	-0.0058249448	-0.0045135296	-0.0279156844	0.0006424028	-0.0285376639	0.0136026567	-0.000892054	-0.0074002778	-0.033245927	0.0172052766	-0.0484926105	0.0206457835	-0.048210239	-0.0134593188	-0.0291854179	-0.0129116583	0.0248081467	-0.0080340718	0.0056064853	0.0260284257	-0.003469137	-0.0421443524	-0.0291557007	0.039068865	-0.0108562172	-0.0120869522	0.0194041822	-0.017961731	-0.0256350817	-0.0017090733	-0.033007149	-0.0168517784	0.0114318813	-0.0086689059	-0.0090904149	-0.0125239132	-0.0037157427	0.0068406861	0.0438729059	-0.0022380272	-0.0068044806	-0.0082997989	0.0019434153	0.0307440585	0.0194426269	0.0685033251	-0.0201782763	0.0170329802	-0.0619891692	-0.038480064	-0.0046544927	0.0204477642	0.0733392742	-0.0070527857	0.0435579864	0.0145649264	-0.0073964098	0.0565815272	-0.0147102871	0.0319592846	0.0189934197	0.0033021946	0.0293986624	-0.0015766456	-0.0505832159	-0.0282871797	-0.0617189341	0.0078146776	0.0084826039	-0.0061172327	0.0082190548	0.0118181013	-0.0013522767	0.0605990103	0.0155683251	0.0252224031	-0.0293384374	0.0193983311	0.0196926334	-0.042860206	0.0359945485	0.0607746858	-0.0347366351	0.0684055308	-0.0704063233	0.0165699	-0.0325729816	0.0501916654	-0.0235431517	-0.0036905755	0.0125786745	0.0715972115	-0.0276739149	-0.0175983349	0.0147304362	0.0016821815	0.0044938313	0.0097759313	0.0436144593	0.0190931469	0.0091787753	-0.0259522394	-0.001784668	0.0194027195	0.0008809506	0.0489161561	-0.0335102952	0.0443031474	-0.0450166506	0.0019945032	0.0241427468	-0.005681016	0.0345277862	-0.0033093186	-0.0120777687	0.0136148577	0.0222059799	-0.031709508	0.0108527793	-0.0479912368	-0.0265392098	0.0169205619	-0.0221234195	-0.0255541653	0.0133046235	0.0098883313	-0.0578509448	0.013748441	-0.0067466877	0.0186590624	-0.0296821398	0.011768893	-0.0137059828	0.0014463625	0.0243390247	-0.0216382877	-0.0298477488	0.0480157186	-0.0125853106	-0.0368936684	0.0451894509	-0.0030417259	-0.0425013783	0.0406015827	0.006620433	-0.0464522756	0.0344309608	0.0160245105	-0.0485923444	0.026918132	0.0248039116	-0.0488381591	0.0183559655	0.0326163926	-0.0471801374	0.0090782364	0.0391574033	-0.0436829132	-0.0005533855	0.044171958	-0.070159	0.0024694999999999	6.098430249999998e-06	0.0049222852809999	-3.1181	0.0417	9.72254761	0.00173889	-0.571095	-0.0215349999999999	0.0004637562249999	0.326149499025	-0.0156131	0.0004723	0.00024376889161	2.2306729000000015e-07	-0.00171257	-0.00010743	2.9328960049000003e-06	1.1541204900000033e-08	0.000562215	0.0	3.16085706225e-07	0.0	0.0	0.0	0.0	0.0	0.0	0.0	0.0	0.0	0.0	0.0	0.0	0.0	0.0	0.0	0.0	0.0	0.0	0.0	0.0	0.0	0.0	0.0	0.0	0.0	0.0	0.0	0.0	0.0	0.0	0.0	0.0	0.0	0.0	0.0	0.0	0.0	0.0	0.0	0.0	0.0	0.0	0.0	0.0	0.0	0.0	0.0	0.0	0.0	0.0	0.0	0.0	0.0	0.0	0.0	0.0	0.0	0.0	0.0	0.0	0.0	0.0	0.0	0.0	0.0	0.0	0.0	0.0	0.0	0.0	0.0	0.0	0.0	0.0	0.0	0.0	0.0	0.0	0.0	0.0	0.0	0.0	0.0	0.0	0.0	0.0	0.0	0.0	0.0	0.0	0.0	0.0	0.0	0.0	0.0	0.0	0.0	0.0	0.0	0.0	0.0	0.0	0.0	0.0	0.0	0.0	0.0
55201.54473579331	110.43286590083152	3047210541.2177896	12195.417871071038	68174.87446289063	1006.2615244140616	4647813508.030897	1012562.255516111	55722.60803387936	60.15686200436176	3105009046.097357	3618.848046211823	55896.83305705876	55763.05519639052	1.103167	25.27232	0.0624513999999999	0.03044	0.0048484765	0.0063432995	-0.0030739219	-0.0102880733	-0.0248655106	0.0155762889	-0.0052137109	-0.0445539676	0.0176792081	0.0876241147	-0.0170351374	-0.020712769	0.0125098474	-0.0390157704	-0.0029289093	-0.002571592	0.0244027867	0.0027171485	-0.0146003508	-0.0212757134	0.0179649965	0.0322805832	-0.0031401679	0.0153902775	-0.0086927787	0.0144727534	-0.0508402709	0.0419821044	-0.0507036013	0.0569962223	0.0748262584	0.0079605413	-0.0008856009	0.0380436989	0.0635397566	-0.0012114747	-0.0246353314	0.0458343957	0.0007722579	0.0479729635	-0.0156580504	-0.0410685645	-0.0496652815	0.0025299501	0.0475293784	-0.0004271131	0.0102837595	-0.0398627285	0.0286772564	0.0203654387	0.0111803895	0.0195121456	0.0471724383	0.0004316061	0.0259262223	-0.0568879246	0.0273289588	0.0105315993	0.0056964267	-0.008761777	-0.0262000721	-0.0015242515	0.0481269809	0.0131247175	-0.0267776084	-0.046586276	-0.0826564485	0.0239139151	0.0532789651	0.0016235946	0.036576425	0.0177397403	0.0313975048	-0.0258190984	0.0332006779	-0.0678044988	-0.0144710846	-0.0264392871	0.0347149991	-0.0482957192	0.0026317117	-0.0559297839	0.0740206038	0.0059858485	-0.0236148581	0.0184038205	0.012750172	0.0375848186	0.0218052771	-0.0078019192	-0.0550526617	0.0736064239	0.0154396714	-0.026657005	0.080695497	-0.0832670789	0.0020835854	-0.0114170955	0.0259269087	-0.0099585942	-0.059607679	0.0128663587	-0.0724678321	0.0255031467	-0.0733765248	-0.069621521	0.0335786485	0.0185699699	-0.0089776536	0.0216751009	-0.0070459727	-0.0115124557	0.0033340991	0.015091083	0.0207246981	-0.0162213319	-0.0356256211	-0.0011762432	0.0085884806	0.0226367644	-0.0146293147	0.0555016822	0.0465950664	-0.0436774429	0.0613884318	0.0639240793	0.0260745705	-0.0095709146	0.036976848	0.0578371549	0.0039579218	0.0232524622	0.0523246047	-0.0014019054	-0.0489992081	0.0238837707	0.0371945934	-0.001035763	-0.0516156754	-0.04687721	0.0057286977	-0.0237878444	0.0257231358	-0.0223200897	-0.0045085324	-0.0144121414	-0.0177562939	-0.005775739	0.0164338649	-0.0349358663	0.0648643136	0.0460195181	-0.0191207669	0.0024375229	0.0155166223	0.0247063019	-0.0134201191	-0.0382579545	-0.001398846	-0.019755783	0.0404261806	0.1030239953	0.0043657695	-0.0442225401	0.0085789401	-0.0381749172	-0.0199533669	0.026065201	-0.0175936466	0.0320083052	-0.0592544451	-0.0319193298	0.0206336968	0.0556816909	-0.0085006658	-0.0228812351	-0.0399319699	0.0636023901	0.0067450523	-0.0170575933	0.0268787168	0.0067457509	-0.0604639364	-0.0022867824	-0.0423996086	-0.0399151464	0.0310662611	0.0211095546	-0.067014137	-0.079123556	-0.0544580798	0.0526157841	0.0094629778	0.0060147272	0.0145557859	0.0245401259	0.0094707601	-0.008893738	0.0847589984	-0.0869183168	0.0399500144	0.046700921	0.003957823	-0.032924518	-0.019184935	-0.0170677534	0.0105532096	0.0404833555	-0.0047137211	0.0306132224	0.0075007817	-0.0038268666	0.0155506963	-0.0029723154	0.0404433827	-0.047305786	0.0102303813	-0.0002442861	-0.0511692569	-0.0110829031	0.0023488123	0.0098663129	0.0019662028	0.0607536629	-0.0181582317	0.0113322105	-0.0142484619	-0.004948079	0.0192456576	-0.0262662923	0.0173080294	0.0066973823	-0.0218036145	-0.0295544231	0.0481213794	-0.0132969345	-0.0362806612	0.0456043123	-0.0043292863	-0.0417491486	0.0415062691	0.0047884463	-0.0457703078	0.0359693177	0.0137401766	-0.0482047363	0.029185409	0.0222155728	-0.0489680393	0.0213897225	0.0299208162	-0.0480337549	0.0128525131	0.0365887872	-0.0454342724	0.0038697424	0.0419883256	-0.0629226	0.0072364	5.236548496000006e-05	0.0039592535907599	-3.13807	-0.0199699999999998	9.8474833249	0.0003988008999999	-0.592272	-0.021177	0.000448465329	0.350786121984	-0.0157655	-0.0001524	0.00024855099025	2.3225760000000667e-08	-0.00158361	0.00012896	2.5078206321e-06	1.6630681600000003e-08	0.000562215	0.0	3.16085706225e-07	0.0	0.0	0.0	0.0	0.0	0.0	0.0	0.0	0.0	0.0	0.0	0.0	0.0	0.0	0.0	0.0	0.0	0.0	0.0	0.0	0.0	0.0	0.0	0.0	0.0	0.0	0.0	0.0	0.0	0.0	0.0	0.0	0.0	0.0	0.0	0.0	0.0	0.0	0.0	0.0	0.0	0.0	0.0	0.0	0.0	0.0	0.0	0.0	0.0	0.0	0.0	0.0	0.0	0.0	0.0	0.0	0.0	0.0	0.0	0.0	0.0	0.0	0.0	0.0	0.0	0.0	0.0	0.0	0.0	0.0	0.0	0.0	0.0	0.0	0.0	0.0	0.0	0.0	0.0	0.0	0.0	0.0	0.0	0.0	0.0	0.0	0.0	0.0	0.0	0.0	0.0	0.0	0.0	0.0	0.0	0.0	0.0	0.0	0.0	0.0	0.0	0.0	0.0	0.0	0.0	0.0	0.0
55128.15809559501	-73.38664019829594	3039113815.012918	5385.598959594145	67067.34585839843	-1107.528604492196	4498028880.490033	1226619.609768431	55742.59972082024	19.99168694087712	3107237423.6355886	399.6675467420366	55918.60228168114	55810.15606800426	1.168513	26.769321	0.1494631999999999	0.0929539	0.0014698043	0.0183395356	0.0053493683	-0.0084939111	-0.0259073831	-0.0162921199	0.007726932	0.024924022	0.004461315	-0.0691214998	0.0582972646	-0.0040795418	0.002176542	0.0039033023	-0.0182283917	-0.0180180614	0.0072275441	-0.0093034249	-0.0011985932	0.0025981797	-0.0287011011	-0.0512043826	0.0352835684	0.0109001296	0.0565631386	-0.0418198078	-0.0431329047	-0.0570166492	0.0018405999	-0.0418428997	-0.0288684334	0.0018423757	0.007040356	0.0077059453	-0.0115299634	0.0598152238	0.0114063081	0.0152886821	-0.0026258697	-0.0064525098	0.0081569992	-0.0236021223	-0.0022686049	0.0117436567	0.0300013816	-0.0312100877	0.015150025	-0.0293150462	-0.0397019331	-0.0073055404	-0.0165580677	0.0283224107	0.0192301101	-0.0030313831	0.0588197781	0.0168991284	-0.0043636612	-0.023157281	-0.0134687103	-0.0240207204	-0.0211015831	0.0390575639	0.0512210493	-0.0493004201	-0.0003231991	-0.0040618422	0.003751482	0.0646046343	-0.0139949777	0.0157391887	0.0082720725	-0.005278183	-0.0448245975	0.0412554349	0.0225926399	-0.0058147517	-0.0030507714	-0.0113699523	-0.02462583	0.0038031709	0.0265094395	0.020857402	-0.0151535424	0.0169975242	0.013299287	0.016593528	0.0453796165	0.0101931819	0.0380466725	0.068609219	-0.0076643132	0.005279596	-0.0251213595	-0.001824341	0.0619795771	0.0031387225	-0.0198831789	0.0271697946	0.0105740255	-0.017104294	-0.0765047513	0.0197842963	-0.030317052	-0.0202192254	0.0077871711	-0.0372915536	0.010638461	0.0420870851	0.0251185132	0.0078498638	0.0364621483	-0.0084042538	-0.0102865685	0.0014665205	-0.0031623066	0.0274744093	0.0541584271	-0.0311965735	0.0231215389	-0.0480063926	0.042530147	0.0495713673	-0.048102104	-0.0071122983	-0.0512502561	-0.0240946572	-0.0066436776	0.0133906927	0.0066734241	-0.0097493298	0.0590285017	-0.0111473241	0.0101979289	0.0049336325	0.0069034011	-0.0123273127	0.0236711228	-0.0047076208	-0.0027309887	-0.0241236303	0.0438705221	-0.0277796986	0.0047100978	0.0396478546	0.0121219029	0.0063342325	-0.024124606	0.0157379877	0.0116243119	-0.0518947167	-0.0271958155	0.0180382102	-0.0154714487	-0.0266266841	0.0276805349	0.0232800469	-0.0342033566	-0.024424733	0.0704443812	0.0037340905	0.014963792	0.011951429	-0.0485859946	0.025112702	0.0209909476	0.0081666138	0.0235348167	-0.0534198023	0.0271285498	0.0216433584	-0.0167159874	-0.0012727616	-6.49329e-05	-0.0191717439	-0.0220815765	0.0106007472	-0.0036696987	-0.0098622418	-0.0001447751	-0.0076662662	-0.0097589317	0.0779673958	0.0357060838	0.0447406788	-0.0034148286	-0.0328745167	0.0302166854	0.0046135211	0.0092900719	-0.0711297709	-0.0304522261	-0.0210067456	0.015047976	0.0533180759	0.0351958766	0.0109900262	-0.0288133349	0.0175581612	0.0325869391	-0.0389342793	0.0283442507	0.0094901563	-0.0222772606	0.0397778764	-0.0166690107	-0.030618566	-0.0336610589	0.0392287658	0.0052163893	0.0031867038	-0.0061070865	0.0127910318	0.0265253287	-0.0271456018	-0.0145824797	0.0250818685	-0.0369213146	-0.0235221846	0.0387917604	0.0025039372	-0.0205239595	-0.0307036853	0.0154865726	-0.0525206244	0.0478201401	0.0107334065	0.0092773359	-0.0253711578	0.0148712728	-0.0286424665	0.0070081679	0.0432585495	-0.0219686319	-0.02925942	0.048220895	-0.0140055395	-0.0356547843	0.045995879	-0.0056138368	-0.0409590082	0.0423632548	0.0029496658	-0.0450097667	0.0374341914	0.0114229	-0.047683095	0.0313595323	0.0195465601	-0.0488971813	0.02432518	0.0270720383	-0.0486148711	0.0165464061	0.0337690332	-0.0468448038	0.0082612638	0.039432597	-0.0668253	-0.0039027	1.523106729000007e-05	0.00446562072009	-3.1881	-0.05003	10.16398161	0.0025030009	-0.567282	0.02499	0.0006245001	0.3218088675239999	-0.0169952	-0.0012296999999999	0.00028883682304	1.512162089999992e-06	-0.0014025	0.0001811099999999	1.9670062500000004e-06	3.2800832099999985e-08	0.000562215	0.0	3.16085706225e-07	0.0	0.0	0.0	0.0	0.0	0.0	0.0	0.0	0.0	0.0	0.0	0.0	0.0	0.0	0.0	0.0	0.0	0.0	0.0	0.0	0.0	0.0	0.0	0.0	0.0	0.0	0.0	0.0	0.0	0.0	0.0	0.0	0.0	0.0	0.0	0.0	0.0	0.0	0.0	0.0	0.0	0.0	0.0	0.0	0.0	0.0	0.0	0.0	0.0	0.0	0.0	0.0	0.0	0.0	0.0	0.0	0.0	0.0	0.0	0.0	0.0	0.0	0.0	0.0	0.0	0.0	0.0	0.0	0.0	0.0	0.0	0.0	0.0	0.0	0.0	0.0	0.0	0.0	0.0	0.0	0.0	0.0	0.0	0.0	0.0	0.0	0.0	0.0	0.0	0.0	0.0	0.0	0.0	0.0	0.0	0.0	0.0	0.0	0.0	0.0	0.0	0.0	0.0	0.0	0.0	0.0	0.0
55307.96446799211	179.80637239709904	3058970933.592678	32330.331554604258	68039.77418847656	972.4283300781244	4629410871.61888	945616.8571385297	55772.8663790498	30.2666582295642	3110612624.135344	916.0706003852464	55941.73284372027	56313.52803558746	1.069084	24.491514	0.1197533	0.0744666999999999	0.0020925021	0.0172046004	0.0024189057	-0.0104337329	-0.0192793082	0.0071841783	0.0043108063	-0.0211811012	-0.0022212847	0.0743288003	0.0336999188	0.011522577	-0.0133336595	-0.0160725711	0.0349683986	0.0128189011	0.0301383444	-0.0046497068	0.0096019485	-0.0429976667	0.0039041513	0.0053083794	-0.0175448749	-0.0163614454	0.001750462	-0.0226700705	-0.0228482261	0.0345714412	-0.0223176111	-0.0116865301	0.0563567611	-0.0454867836	-0.0024345492	-0.0066246376	0.0114656788	-0.0252176201	-0.0472321745	-0.0006912003	0.0041943389	-0.0039648129	0.0349934613	-0.0077947219	0.025985344	0.0213820695	-0.0247434328	0.0245003366	-0.0126165701	0.038359005	-0.0345008872	0.0346744539	0.0002783184	-0.0429459024	0.0236045313	0.0363384649	-0.0547483273	-0.0502215091	0.0027565881	-0.0333281379	0.0293676123	-0.0370318343	-0.005498479	-0.0614212926	-0.013569568	0.0104072015	0.0754958189	0.0574490361	-0.0003947059	-0.003433498	0.0002045482	0.0009205399	-0.027713672	0.0468785816	-0.005915498	0.0414668764	0.0547391649	-0.0322164572	-0.08850237	0.0154826541	-0.0341237963	-0.0487098086	-0.0652097652	-0.0749516828	-0.0394229753	-0.0553463391	0.0314805137	0.0018404977	0.0563426856	-0.0243553226	0.0167573303	-0.0183821212	0.0259367548	-0.0793433716	0.0112864344	-0.0039963209	0.0105715324	-0.0126761935	0.0378584612	-0.0834142359	0.0047582044	-0.0174152287	0.0370567483	0.0498930092	-0.0070831267	0.0008111579	-0.039803318	-0.0147147282	0.032081111	-0.0100535973	0.0061929538	-0.0430976357	0.0023203447	-0.0242063231	-0.0042117203	-0.0116000153	0.0426530633	-0.0021722503	-0.0061402239	0.0137347895	-0.0177560936	-0.0015670708	0.0213394924	0.024174946	0.0398214589	-0.0162286425	-0.0011312925	0.0639445288	-0.0306194911	0.0011929243	-0.008471854	0.0106574829	-0.0276798763	0.0431033419	0.0064672623	0.0041525352	0.0068002815	-0.0306176757	0.014563509	0.0255843275	0.0221019802	0.0241200175	-0.019670247	0.0252635518	-0.0309181738	0.0418276381	-0.0402890997	0.0038215279	0.0036960448	-0.0455661475	0.021111853	0.0626715825	0.0368927053	0.0353887847	0.0056361227	0.0062246875	0.014913742	-0.0297903278	0.0333863326	-0.0370443371	-0.0507658598	0.0783903827	-0.0416730116	-0.0079166192	-0.0057997676	0.0096193159	0.0083884966	0.0285856047	-0.0532137853	-0.0026225104	0.0377440854	0.048049217	-0.0259564403	-0.0803584205	-0.0545747461	0.0376440438	-0.0420191306	-0.0923779278	-0.003888957	-0.0416158573	-0.0502115085	0.0387492204	-0.0071761225	0.0605253207	0.0100384505	-0.0175036249	-0.0011228236	0.04177668	-0.0679465161	-0.0226600077	0.0337053332	0.0184094504	0.0283546055	0.049630707	0.0583077704	-0.0627345009	-0.0202177593	0.0236964281	-0.0460407901	-0.0158693906	0.0034303109	-0.0358552204	0.0007028035	0.0267945874	0.0375627543	-0.0020107326	0.0263498602	-0.0202350444	-0.0062379366	0.0395597112	0.0003950331	0.0308504813	0.0007276275	0.0181157914	0.0065784181	0.014153748	0.0148901004	-0.0116437242	0.00353271	0.0012635819	-0.0675318277	-0.0186051326	-0.0159552376	0.0269530307	0.0134956994	0.0171492502	0.0087778299	0.0115110455	-0.000580652	-0.0149163398	0.0208701398	-0.0076588409	-0.0009375534	-0.010215988	-0.0221333376	-0.0289627561	0.0483142525	-0.014710965	-0.0350162597	0.046363951	-0.0068944842	-0.0401316745	0.043171555	0.0011067004	-0.044171958	0.0388225891	0.0090782364	-0.0470288708	0.0334335625	0.0168065656	-0.0486258757	0.0271488476	0.0240846454	-0.048920189	0.0201368126	0.0307174953	-0.047903926	0.0125853106	0.0365274207	-0.0730051	-0.0061797999999999	3.818992803999999e-05	0.00532974462601	-3.17053	0.01757	10.0522604809	0.0003087049	-0.609625	-0.042343	0.001792929649	0.3716426406249999	-0.0161031	0.0008920999999999	0.0002593098296099	7.958424099999998e-07	-0.00158361	-0.0001811099999999	2.5078206321e-06	3.2800832099999985e-08	0.000562215	0.0	3.16085706225e-07	0.0	0.0	0.0	0.0	0.0	0.0	0.0	0.0	0.0	0.0	0.0	0.0	0.0	0.0	0.0	0.0	0.0	0.0	0.0	0.0	0.0	0.0	0.0	0.0	0.0	0.0	0.0	0.0	0.0	0.0	0.0	0.0	0.0	0.0	0.0	0.0	0.0	0.0	0.0	0.0	0.0	0.0	0.0	0.0	0.0	0.0	0.0	0.0	0.0	0.0	0.0	0.0	0.0	0.0	0.0	0.0	0.0	0.0	0.0	0.0	0.0	0.0	0.0	0.0	0.0	0.0	0.0	0.0	0.0	0.0	0.0	0.0	0.0	0.0	0.0	0.0	0.0	0.0	0.0	0.0	0.0	0.0	0.0	0.0	0.0	0.0	0.0	0.0	0.0	0.0	0.0	0.0	0.0	0.0	0.0	0.0	0.0	0.0	0.0	0.0	0.0	0.0	0.0	0.0	0.0	0.0	0.0
55162.29355825798	-145.67090973412996	3042878630.60743	21220.01394276904	67146.2925546875	-893.4816337890516	4508624603.839683	798309.4299183529	55702.33951319209	-70.52686585771153	3102750627.242921	4974.038807711636	55876.93678081886	55697.67983969156	1.089713	24.964085	0.0705310000000002	0.0337178	0.0035870271	0.0090466801	0.0017934132	-0.01221095	-0.0372805285	-0.0176210652	0.0055820361	-0.0097341636	0.0180322719	-0.0701952956	0.0132346031	-0.0256546627	0.0187164259	-0.0088190912	0.0133366592	-0.0137676648	-0.0125050058	-0.0023640302	-0.0290560867	0.0017735737	-0.0349141668	-0.0276910062	0.0326159858	0.0072662469	0.0036722457	0.0036923231	-0.0370259916	-0.0685092696	-0.0207503624	-0.0103581894	-0.0154926974	0.0155313157	0.0394042079	0.0353544754	-0.0344809554	-0.005815529	0.0438777756	-0.0165788264	-0.0065133494	0.016692716	0.0230769907	-0.0241455427	-0.0185732748	-0.0051818174	0.017510142	0.007124209	0.0144820878	-0.0173288438	-0.0399086283	0.0183700037	-0.0170110596	-0.0014805195	-0.0278921919	-0.0161903028	0.0071279299	0.0568524537	0.0015667429	0.0401639928	0.0041350957	0.0122865546	-0.0190337486	0.0469647905	-0.0205151756	0.006837591	-0.0353295027	0.0341684736	0.0271680704	0.0172143975	-0.0437742207	0.005344578	-0.0188271953	0.0356732436	0.0096120916	-0.0151832945	-0.0103673213	0.0114050708	0.025284462	0.0226888002	0.0308099904	0.0515554236	-0.0250562928	0.0120779013	-0.0152079504	0.0230968042	-0.0120993365	-0.0193832951	0.0578665588	-0.012943956	0.0209830098	0.0018598566	-0.0111778318	-0.0016376743	0.0390800294	-0.0043395824	-0.0107117677	0.0266116469	-0.0293077148	-0.0176009636	0.0245297304	-0.0518612961	-0.0244866428	-0.0172514169	0.0094582308	-0.0117443615	0.0547345267	0.0060724514	-0.0097808967	-0.0094377207	0.009758536	-0.0284337581	0.0106270349	0.0262166725	-0.0018271259	0.0291476268	-0.0018237006	0.0329066049	0.0285292132	-0.0331131184	0.0084994249	-0.0028540523	-0.0024290735	0.039934647	-0.0616624554	-0.0273746249	-0.0197879544	-0.0169781741	0.0110587198	0.0334138669	0.0322826927	-0.0360915805	0.0017858303	-0.0397175689	-0.0166267406	-0.0098927164	-0.0216905588	-0.0185506691	0.0198560735	0.0025536428	-0.0197448926	-0.0263412349	-0.0093895792	-0.0214520756	0.0070076904	0.0288066593	-0.0109527632	0.0278035528	0.0151934248	0.0316763347	-0.0080803057	-0.0116731346	-0.0204430852	-0.0529369157	0.0010405082	0.0291862683	0.0110115064	0.0311015754	-0.0333909232	0.042098507	0.013126738	-0.0274782021	-0.0366696332	-0.0234072623	-0.0220132869	0.0468438738	-0.0010015294	0.0074077949	-0.0330345835	-0.0011587654	-0.0141984616	-0.0111530247	0.0036100205	0.0404777468	0.0027755363	-0.0036722714	0.0586811287	0.0030976875	0.0344315867	-0.0061177838	0.012837209	-0.0192260593	-0.0435810116	0.0533145678	0.0018869629	-0.0105502816	-0.0242916749	0.0055574039	-0.0124617464	0.0115693636	-0.0359583779	0.0211144242	-0.0055268971	-0.032979259	0.0377653052	-0.0018560985	0.0183685067	0.0551693611	0.0058831804	0.0211868804	-0.012346595	0.0481151893	0.0070314402	-0.0137496128	0.0157729749	0.0209688033	0.0466574818	0.0112734555	0.0125193008	-0.0379844551	-0.0015994455	0.0212998902	-0.0048594537	0.0011335678	0.0216199682	-0.0142961536	0.0229465298	0.0042461508	-0.001472399	-0.045606927	0.0549428139	0.0106494647	-0.0121989749	-0.0257177723	-0.0012213382	-0.0190459486	0.010540297	-0.0131791333	0.0342532543	-0.0095984016	-0.0031548435	0.0355928215	0.0145776592	0.0100268516	-0.0222977292	-0.0286644484	0.04840144	-0.0154130506	-0.0343653138	0.0467083402	-0.0081703383	-0.0392678988	0.0439302406	-0.0007378352	-0.0432583199	0.0401316745	0.0067118073	-0.0462438827	0.0354008796	0.0140055395	-0.0481552347	0.0298477488	0.0209739336	-0.0489479767	0.0236012772	0.0274551188	-0.0486036939	0.0168065656	0.0332985423	-0.0661041	0.006901	4.762380100000006e-05	0.00436975203681	-3.18746	-0.0169300000000003	10.1599012516	0.0002866249	-0.585275	0.0243499999999999	0.0005929224999999	0.342546825625	-0.0156561	0.0004469999999999	0.00024511346721	1.998089999999996e-07	-0.00158361	0.0	2.5078206321e-06	0.0	0.000562215	0.0	3.16085706225e-07	0.0	0.0	0.0	0.0	0.0	0.0	0.0	0.0	0.0	0.0	0.0	0.0	0.0	0.0	0.0	0.0	0.0	0.0	0.0	0.0	0.0	0.0	0.0	0.0	0.0	0.0	0.0	0.0	0.0	0.0	0.0	0.0	0.0	0.0	0.0	0.0	0.0	0.0	0.0	0.0	0.0	0.0	0.0	0.0	0.0	0.0	0.0	0.0	0.0	0.0	0.0	0.0	0.0	0.0	0.0	0.0	0.0	0.0	0.0	0.0	0.0	0.0	0.0	0.0	0.0	0.0	0.0	0.0	0.0	0.0	0.0	0.0	0.0	0.0	0.0	0.0	0.0	0.0	0.0	0.0	0.0	0.0	0.0	0.0	0.0	0.0	0.0	0.0	0.0	0.0	0.0	0.0	0.0	0.0	0.0	0.0	0.0	0.0	0.0	0.0	0.0	0.0	0.0	0.0	0.0	0.0	0.0
55245.92658949401	83.63303123602964	3052112404.731761	6994.483913726709	67742.7255625	596.4330078124913	4589076866.63619	355732.3328082553	55815.15806901293	112.81855582083516	3115331870.268899	12728.0265374989	55986.50730888737	56162.10311168324	1.019137	23.347271	0.0984047000000001	0.0676614	0.0018610008	0.0121111124	-0.000792915	-0.0096379804	-0.0201240231	0.0132596808	0.0169611788	0.0113206844	-0.0191520498	0.0360705303	0.0374602215	0.0184693745	-0.0158733804	-0.0131475459	0.0188305165	0.0079370071	0.0092043612	-0.0352749902	0.006045476	0.0041355766	0.0231001303	0.0029154901	-0.0336458522	-0.0200811019	-0.0016203656	-0.0183076382	0.00050751	-0.0194580901	0.0162035443	-0.0088908721	0.0352583777	-0.0007003254	-0.0099499939	-0.0021961329	-0.0231807319	0.011325827	0.0181593078	-0.0203020177	-0.0187630968	-0.0076588945	0.051740655	0.0178038564	0.0581690936	0.0212586889	0.0418994526	0.0191323752	-0.0275915449	0.0176751384	0.0115115668	-0.0052580077	-0.019045305	-0.0338268508	0.0485484223	-0.0011049515	-0.0323972378	0.0026416087	-0.0060791806	-0.0322708456	0.0338367769	0.0165585268	-0.0061849388	0.0069822657	-0.0301572498	0.0839869657	0.0215387948	0.0099734679	-0.0750260084	0.0086675809	0.0393211864	-0.0379056305	-0.0301798085	-0.015351632	0.0001544388	-0.0660864184	-0.0385154727	-0.0159160835	-0.0207126644	-0.0491300141	0.0091163252	0.0344497366	-0.0119316761	-0.0346446117	0.0099670173	-0.0114321424	-0.0073774747	0.0133135276	0.0218471908	-0.0044404842	0.0030007389	0.0508525945	-0.021674587	-0.0167641246	-0.0904896112	-0.0062661663	-0.0170573024	0.0421519739	0.0239672717	-0.012068695	-0.0102309347	0.0101747593	0.029957615	0.0844404742	0.0471978363	0.030708646	-0.02050572	0.0316915323	-0.0082563326	-0.0030987242	0.0359147065	0.0419625207	-0.0178137743	0.005735462	-0.0358691896	-0.0062635937	-0.0031565741	-0.0234024332	-0.0032888429	0.0307102915	-0.0213693256	-0.0043506222	0.0168288416	-0.0010361467	-0.019775494	0.0144936511	-0.0064458191	0.0339614545	0.003642805	-0.0106504961	-0.0072822772	-0.0216297182	0.0128057938	-0.0187960095	-0.0151717121	-0.0148981681	0.0003056006	-0.0477916096	-0.0116010515	0.0325628072	0.0589794928	-0.0407426107	-0.0084612584	0.0316387612	-0.0182136911	0.0078681591	0.0019224473	0.013173849	-0.0216742941	-0.069927533	-0.000656729	0.021060948	0.0049015047	0.0179673236	-0.0096553319	0.024185239	-0.0211391463	-0.0044625462	-0.0338998457	0.0305239388	-0.0847036534	0.0134424535	-0.0169007011	0.085452643	0.0097521031	-0.0341277673	-0.0118990079	0.0353438367	0.0031129691	0.031058231	-0.0668409	-0.0375710741	0.0014059643	-0.0295337352	0.0504303093	-0.0017241888	0.0151041256	-0.026167546	0.0005517761	0.0179913032	-0.0065206379	-0.0005485687	0.002494634	0.0356825979	0.0045420034	-0.0069213712	-0.0168571199	-0.0642514604	0.0198271492	-0.045344049	0.068294068	0.0143972934	0.0402068345	-0.0133728585	0.0225676454	-0.001580168	-0.0187947048	-0.0165094694	-0.0726762411	-0.0620735719	-0.0291112729	0.0109013275	-0.030008887	-0.020861518	0.0157248547	-0.0108366123	-0.0619315578	-0.0075265692	0.0154269056	-0.0115758279	-0.0009906629	0.0400847435	-0.003046275	0.0061697764	0.0071751427	0.0116377589	-0.0006856182	-0.0051037803	-0.0188949103	0.015112159	-0.0203730296	-0.0151635544	-0.0104561819	0.0402128295	0.0177342771	-0.0085688751	-0.0078391142	0.0014673944	0.0236853264	-0.0045366535	0.0125998567	0.0033565056	0.002017231	-0.0298669642	-0.0224618045	-0.0283645137	0.0484824465	-0.016111637	-0.0337021777	0.0470288708	-0.009440512	-0.0383684655	0.0446384398	-0.0025813239	-0.0422704209	0.0413587732	0.0043292863	-0.0453303135	0.0372552045	0.0111536535	-0.0474871876	0.0324094805	0.0177558304	-0.0486980765	0.026918132	0.024004296	-0.0489388583	0.0208905514	0.0297745756	-0.0684038	-0.0022997	5.288620090000008e-06	0.00467907985444	-3.12819	0.0592700000000001	9.7855726761	0.0035129329	-0.612555	-0.0272799999999999	0.0007441983999999	0.375223628025	-0.015465	0.0001910999999999	0.000239166225	3.6519209999999846e-08	-0.00158361	0.0	2.5078206321e-06	0.0	0.000562215	0.0	3.16085706225e-07	0.0	0.0	0.0	0.0	0.0	0.0	0.0	0.0	0.0	0.0	0.0	0.0	0.0	0.0	0.0	0.0	0.0	0.0	0.0	0.0	0.0	0.0	0.0	0.0	0.0	0.0	0.0	0.0	0.0	0.0	0.0	0.0	0.0	0.0	0.0	0.0	0.0	0.0	0.0	0.0	0.0	0.0	0.0	0.0	0.0	0.0	0.0	0.0	0.0	0.0	0.0	0.0	0.0	0.0	0.0	0.0	0.0	0.0	0.0	0.0	0.0	0.0	0.0	0.0	0.0	0.0	0.0	0.0	0.0	0.0	0.0	0.0	0.0	0.0	0.0	0.0	0.0	0.0	0.0	0.0	0.0	0.0	0.0	0.0	0.0	0.0	0.0	0.0	0.0	0.0	0.0	0.0	0.0	0.0	0.0	0.0	0.0	0.0	0.0	0.0	0.0	0.0	0.0	0.0	0.0	0.0	0.0
55166.95747580857	-78.96911368543806	3043393197.1376715	6236.1209162636405	67122.77157177734	-619.9539907226572	4505466463.477	384342.9506129485	55741.0221379352	-74.13593107772613	3107061548.981782	5496.136276761358	55915.37720400214	55502.21369248427	0.991621	22.716921	0.1770407999999999	0.0988778	0.0064675168	0.0117422094	0.0066950661	-0.0117902551	-0.0329344227	-0.0117360788	0.0228511504	-0.0200952549	0.0251300879	-0.0303479956	-0.0092000473	-0.0088179729	0.0367450315	-0.011139477	-0.0003208954	-0.0098015205	0.0033865913	0.0023305354	-0.0441266027	0.0137019484	-0.0121832219	0.0217775976	0.0450040258	0.0306573833	-0.0104439764	0.0191562038	0.0110903329	-0.0322074288	-0.039517791	-0.0167482882	-0.0595407467	-0.0037685799	0.0253038467	-0.0393547876	0.0172234958	0.0080408267	-0.0270223785	0.0126795701	0.0142551932	0.0044618286	0.0578540605	0.0160522704	-0.0222144749	-0.0267657672	-0.0075492161	-0.0012569723	-0.0245152626	-0.0582781596	0.0250916197	0.0110381078	0.0080742601	-0.0001033914	-0.0358668676	-0.0218293237	-0.0092932962	0.0087069677	-0.0118720269	0.0296387758	-0.0204815987	-0.0153299214	-0.0429485935	0.0300858526	0.0632938175	-0.0222349932	0.0453211334	0.0173193506	0.0196000272	-0.005761242	-0.0150011304	-0.0093048313	-0.0594628663	0.0111072392	-0.0038248826	-0.0026892142	-0.0105252403	-0.0704997224	0.0505919156	-0.026732706	-0.004260884	-0.0066256574	-0.0429558676	-0.0042460746	0.018481892	0.0016782032	-0.0365063798	0.0149670559	0.0106985759	-0.0339588038	-0.0067682603	-0.0537137635	-0.0208020991	-0.0042059889	-0.0617260956	0.0919235365	0.0136022398	-0.0837875162	-0.0435943934	0.0931629257	-0.0138753301	0.0077584658	0.0182458994	0.0033662762	-0.0003072481	0.0013137316	-0.0080159911	0.0172351948	-0.0269575303	0.0647890718	-0.0386644808	-0.0010305868	-0.0440022985	-0.0064478807	0.0034799077	0.0463413061	-0.0141292831	0.0112641977	-0.020150886	-0.0429019393	0.0247321009	0.0162754008	-0.0177601593	-0.0063449703	-0.0255781023	-0.0456850113	-0.0287089113	-0.0588772504	-0.01397909	0.0228695223	-0.0363179631	0.0204163484	0.0058570065	0.02685366	0.0098816183	0.0186881613	-0.0051490434	-0.0571952724	-0.0095994651	-0.0106514347	-0.0146390538	0.0040246574	-0.0001142852	0.0100044313	0.0652156105	-0.0260951217	0.0023341842	0.0042331656	0.0193850231	0.022194393	-0.0389922542	0.0023801124	0.0057596022	-0.0169626391	0.0292859462	-0.0141958474	0.028395709	0.0517012174	-0.0415641591	-0.0440479018	0.0430992051	0.0470359641	-0.0063354329	-0.022702402	0.0051108796	0.0057220588	0.0003651687	0.0575289576	-0.022463891	0.0134732899	-0.0247423503	-0.0148809842	-0.0859382639	0.0242232093	0.0241619329	-0.0013226602	-0.0037509752	-0.0277632459	0.0224159067	0.0099381308	0.0015313903	-0.0379086308	0.0218593458	-0.0145556881	-0.0015344188	-0.0499835041	-0.0380049482	0.0159400702	-0.0012352913	0.0562829831	0.0887000856	-0.0249077195	-0.0755179291	0.0140937623	-0.0980207968	0.0247255502	-0.0344559928	-0.0242922975	0.0066104302	-0.0183491528	0.0053457749	-0.0158874548	-0.0271062417	0.0028682914	-0.0601263369	0.0330494451	0.009767595	0.0029478199	0.0252189913	-0.0267095545	0.0064190335	0.0174823733	-0.0068675267	0.0225317266	0.0206269196	-0.0141957231	0.0319889808	-0.0184980588	0.0124144273	-0.0234794977	0.0334121955	0.0067198389	-0.0197735455	-0.0424018339	0.0073945854	0.0029229882	0.017919511	0.0049900021	0.0149695355	-0.0234855021	0.0068122341	0.004015941	0.0119532473	-0.0031305918	-0.022625561	-0.0280629691	0.0485572616	-0.0168065656	-0.0330270864	0.0473253789	-0.0107041222	-0.0374341914	0.0452953387	-0.0044211503	-0.0412099568	0.0425013783	0.0019363856	-0.0442907033	0.0389906186	0.0082612638	-0.046624473	0.0348222698	0.0144468132	-0.0481719062	0.0300666323	0.0203887125	-0.0489069049	0.0248039116	0.0259867497	-0.0741181999999999	-0.0057143999999998	3.265436735999883e-05	0.0054935075712399	-3.19867	-0.0704799999999998	10.2314897689	0.0049674303999999	-0.592486	0.020069	0.000402764761	0.3510396601959999	-0.0162291	-0.0007641	0.00026338368681	5.838488100000003e-07	-0.0007321619999999	0.0008514480000001	5.360611942438536e-07	7.249636967041704e-07	0.000562215	0.0	3.16085706225e-07	0.0	0.0	0.0	0.0	0.0	0.0	0.0	0.0	0.0	0.0	0.0	0.0	0.0	0.0	0.0	0.0	0.0	0.0	0.0	0.0	0.0	0.0	0.0	0.0	0.0	0.0	0.0	0.0	0.0	0.0	0.0	0.0	0.0	0.0	0.0	0.0	0.0	0.0	0.0	0.0	0.0	0.0	0.0	0.0	0.0	0.0	0.0	0.0	0.0	0.0	0.0	0.0	0.0	0.0	0.0	0.0	0.0	0.0	0.0	0.0	0.0	0.0	0.0	0.0	0.0	0.0	0.0	0.0	0.0	0.0	0.0	0.0	0.0	0.0	0.0	0.0	0.0	0.0	0.0	0.0	0.0	0.0	0.0	0.0	0.0	0.0	0.0	0.0	0.0	0.0	0.0	0.0	0.0	0.0	0.0	0.0	0.0	0.0	0.0	0.0	0.0	0.0	0.0	0.0	0.0	0.0	0.0
55305.81693167872	138.8594558701443	3058733386.48036	19281.94848455255	67778.57334375	655.8017719726631	4593935004.514098	430075.9641224849	55803.24468462887	62.22254669367248	3114002117.3325605	3871.645317046253	55974.63186474191	56275.94956054688	0.971441	22.25461	0.0973352999999998	0.0576156	0.000500032	0.0136510744	-0.0007927531	-0.0058914679	-0.011530352	0.0118001532	0.0056922019	0.039722144	-0.004384721	0.0130829606	0.0410851845	0.0169343336	0.0006062183	-0.0257713883	-0.0245344146	-0.0073848365	0.0028934414	-0.0114484364	0.0149373583	0.0086014801	0.0164454682	-0.0001838655	-0.0085382821	-0.0115241818	0.0428842819	-0.0429238891	-0.0159949921	-0.0280846512	-0.0056184075	0.0024188466	0.0165294726	-0.0274617001	0.0059499801	-0.0220095197	-0.0612659016	0.0229619913	0.0305472924	-0.0002057571	0.0051862987	0.0104522335	-0.0416731312	0.0050991163	0.0079614565	0.0545225418	-0.0167370587	-0.0498072356	0.0400665183	0.0364457081	0.0037086327	-0.0264497126	0.0389269383	-0.0489457343	0.0535843318	-0.011049852	0.021282471	0.0056291801	0.057923075	-0.0226110626	0.0165350912	-0.0183217861	0.0335539896	0.0131828614	0.0001114905	-0.0288476607	0.0294763005	0.0020429916	0.0025552671	0.0129806303	-0.0244982986	0.0215008956	0.0329932202	0.0383660601	-0.0126527236	0.0174577206	0.0006867471	-0.0680863855	-0.0119539384	0.0009110924	-4.39778e-05	0.0239510621	-0.0114975769	0.0385886361	0.014617065	0.0240085133	-0.0413388135	-0.0084882814	-0.0199781829	-0.0285567762	-0.006818097	-0.0019440277	-0.0515578113	0.0161862455	0.0463581055	-0.005563993	0.0257170185	0.0077137356	-0.006962072	-0.0193439505	-0.0665368509	0.0047837567	0.0089290533	-0.0096479911	-0.00133449	-0.0533794283	0.0347658504	0.0257251747	-0.0008444476	0.0357093499	-0.0119087213	0.0963788445	-0.0379957891	-0.0176860811	-0.0138250119	-0.0173373816	-0.0085523274	-0.0172741135	0.0021950294	0.0112901034	-0.0010669493	-0.0436175305	0.0440769308	0.0218419791	-0.0249450334	-0.0127549675	0.0032626532	0.0157984165	-0.0226952375	0.0114801865	-0.0296847602	-0.0560956832	0.0229715837	-0.0335337395	-0.0031123746	0.00572296	-0.0037858302	0.0447160053	-0.0075435032	0.0342774349	-0.0006088704	0.0292871968	0.0557974034	-0.022188259	-0.0545907247	-0.0020783111	0.0099222347	-0.0329657676	0.0213746247	-0.0693219951	0.0124876148	-0.0306232624	0.0068399734	0.0031441643	-0.0673045837	0.0129876656	-0.0047239853	-0.0377788883	-0.0025782796	-0.002358268	0.0274932938	0.0379907574	0.0019175094	-0.0042169463	-0.0076646644	0.0216099048	0.0087908891	-0.0272987785	-0.030931808	-0.0346305429	0.0074299825	0.0055951033	-0.0583801013	-0.0339496556	-0.0042449617	-0.0251638587	0.0163270383	0.0266811353	0.0358373486	0.0055755941	0.0167709601	-0.0408034905	-0.002518082	-0.0291607375	0.0161711247	-0.014495143	-0.023534419	-0.023057122	-0.0234039577	0.0238168566	-0.0466294582	-0.0344590016	0.0368773313	0.0033643428	-0.0423371106	-0.0525263398	0.0339622068	-0.0070471549	-0.0090785951	0.0357904428	-0.0120515948	0.0195659905	-0.0241024812	0.0192636531	-0.0845725036	0.004439757	-0.0681034865	-0.0136641106	0.0167369843	-0.0396600215	0.0010188421	0.0223792026	-0.0030395499	0.0194015758	0.01382649	0.0006527498	-0.0065896309	0.0156912776	-0.0305783974	0.0094672695	0.0045360814	-0.0101358605	-0.0135577041	0.0307310075	0.0121534283	-0.0174515324	0.0040714223	-0.0009754688	0.0311847593	-0.0173528949	0.0261763188	0.0156731645	0.013645152	0.0007013274	-0.0227889965	-0.0277598318	0.0486258757	-0.0174976787	-0.0323402795	0.0475977133	-0.0119602904	-0.0364659247	0.0459001824	-0.0062547041	-0.0400787482	0.0435571555	-0.0004611576	-0.0431279427	0.0406015827	0.0053388741	-0.0455706274	0.0370750283	0.0110638251	-0.0473724506	0.0330270864	0.016633185	-0.0485080733	0.0285146833	0.0219686319	-0.0672103	0.0069078999999998	4.7719082409998586e-05	0.00451722442609	-3.18366	0.0150099999999997	10.1356909956	0.0002253000999999	-0.595241	-0.002755	7.590025000000347e-06	0.354311848081	-0.0156273	0.0006017999999999	0.00024421250529	3.621632399999995e-07	-0.00158361	-0.0008514480000001	2.5078206321e-06	7.249636967041704e-07	0.000562215	0.0	3.16085706225e-07	0.0	0.0	0.0	0.0	0.0	0.0	0.0	0.0	0.0	0.0	0.0	0.0	0.0	0.0	0.0	0.0	0.0	0.0	0.0	0.0	0.0	0.0	0.0	0.0	0.0	0.0	0.0	0.0	0.0	0.0	0.0	0.0	0.0	0.0	0.0	0.0	0.0	0.0	0.0	0.0	0.0	0.0	0.0	0.0	0.0	0.0	0.0	0.0	0.0	0.0	0.0	0.0	0.0	0.0	0.0	0.0	0.0	0.0	0.0	0.0	0.0	0.0	0.0	0.0	0.0	0.0	0.0	0.0	0.0	0.0	0.0	0.0	0.0	0.0	0.0	0.0	0.0	0.0	0.0	0.0	0.0	0.0	0.0	0.0	0.0	0.0	0.0	0.0	0.0	0.0	0.0	0.0	0.0	0.0	0.0	0.0	0.0	0.0	0.0	0.0	0.0	0.0	0.0	0.0	0.0	0.0	0.0
55275.696973098944	-30.119958579773083	3055402675.86186	907.2119048472462	67400.58593310547	-377.987410644535	4542838984.125935	142874.4826057603	55800.44288903832	-2.8017955905525014	3113689426.612828	7.85005853123944	55971.86462483647	55833.390200448965	0.937393	21.474607	0.0620421000000001	0.0330242	0.0033582867	0.0090852777	0.0026027632	-0.0102130557	-0.0157752493	-0.0028966739	0.0172939389	-0.0275924325	-0.0005478102	-0.0026644522	-0.0082788501	0.01328124	0.0117268808	-0.0123803322	0.0301343424	0.0176878431	0.0306556656	-0.0041898051	-0.0195205222	0.0114712425	-0.0190432124	0.0182436539	0.0186906193	0.0193228558	-0.0108863263	0.011174144	0.0086050205	0.0129842082	0.0067676544	-0.020077692	-0.0076232226	0.0092598401	0.0478167199	0.0411558414	0.0493196932	0.0288857698	-0.0170937808	0.0285309015	-0.0064201078	-0.034364173	0.012841316	0.0217375076	0.0584565683	-0.0112151263	0.0051336704	-0.0269757051	-0.0333422239	-0.0049083913	-0.0208138384	-0.014435456	-0.0059333938	0.0201177875	0.0065326118	0.0236782989	0.00389025	-0.0080257295	0.0522966073	-0.0115592603	-0.0186768259	0.0291495582	0.0160146614	-0.0152896867	0.017556932	0.008094152	0.02380499	-0.0391064195	0.0197452399	-0.0025819887	-0.0389240054	0.0400226572	-0.0272444129	0.0066484793	-0.0044696648	-0.0315130026	-0.0325555575	-0.0082838646	-0.0013510135	0.0715296926	-0.0219133069	-0.0163843406	0.0033417465	0.0209365947	0.0316945654	0.002979314	0.0202071028	-0.0005395107	0.0352079253	-0.0126794604	-0.0582137265	-0.0115736265	0.0427642562	0.002383529	0.0212889905	0.0161749374	-0.0194136678	-0.0002212071	-0.0132486293	-0.0247402019	-0.0255435579	0.0347288957	0.0466471026	-0.0362828914	0.0211316021	-0.0178676336	0.0553089997	0.0317889367	-0.0238293461	0.0082131197	0.0385666324	0.0237763129	0.0598510193	-0.0031003067	-0.0040937421	0.0228256015	-0.0140465449	0.0188051574	-0.0189949984	-0.0170731943	0.0157195117	0.0178375282	-0.0109430228	-0.0085217095	0.0118044831	0.0076556842	-0.0181735979	-0.0069223508	0.0114814178	0.0495790293	0.0435744367	0.0466667436	0.0298843916	0.0172545077	0.0288130263	-0.0069436051	0.030387684	-0.0146003059	-0.0164623686	-0.0073985453	0.063060897	-0.0015064082	0.0198798104	0.0288493362	0.0108942951	0.0124306581	0.0197827239	0.0067311924	-0.0014785619	0.0243523986	0.0273847535	-0.0041078186	0.0211691594	-0.0024875485	-0.0456744005	-0.0237276631	-0.0352177162	-0.0015922509	-0.0045871714	-0.0199590647	-0.0111284387	0.0081994439	0.0480021096	-0.0338424868	0.0110816824	0.0385012755	0.0369452454	0.0072128427	-0.015439631	0.0077319957	-0.0346197354	-0.0302647831	0.0013445659	0.0125827592	-0.075023566	-0.0066463611	0.0025329261	0.0091240566	0.0076973734	0.0202208749	0.017194632	0.0120018002	0.0072780424	0.0146703546	0.0148638105	-0.0421996987	0.047222582	0.0364072945	0.0192874084	0.00663952	0.0002747903	0.0171481157	0.0113873764	0.0052265665	-0.0167434542	-0.0484799205	-0.0008283067	-0.0375087569	0.0354430512	0.0193545247	-0.0352806992	0.064358857	-0.0095209596	-0.0406373385	-0.0046029718	0.0265078579	-0.0297888865	0.0027161296	-0.0574966417	-0.0060476101	0.0025891224	0.0287570199	-0.0031805185	0.0258280804	0.0020934962	0.0273324272	0.0124070139	-0.0104109241	0.0168495602	0.0101114888	-0.0075369834	-0.0162252063	-0.0256748498	-0.0515176316	0.0044137419	0.0152718933	-0.0022593159	-0.0080445993	0.0243011837	-0.0203165993	-0.0039457303	0.0182454136	-0.0008769149	-0.0193884905	-0.0229521086	-0.0274551188	0.0486882801	-0.0181848193	-0.0316420006	0.0478457346	-0.0132081433	-0.0354645447	0.0464522756	-0.0080793838	-0.0388787369	0.0445239479	-0.0028575952	-0.0418452649	0.0420829549	0.0023970967	-0.044329971	0.0391574033	0.0076241876	-0.0463042454	0.0357809787	0.0127634908	-0.0477453555	0.0319925587	0.0177558304	-0.0736319	-0.0064215999999999	4.123694656e-05	0.00542165669761	-3.17829	0.00537	10.1015273241	2.883690000000104e-05	-0.611836	-0.016595	0.000275394025	0.374343290896	-0.0152981	0.0003292	0.00023403186361	1.0837264e-07	-0.0012397	0.00034391	1.53685609e-06	1.182740881e-07	0.000562215	0.0	3.16085706225e-07	0.0	0.0	0.0	0.0	0.0	0.0	0.0	0.0	0.0	0.0	0.0	0.0	0.0	0.0	0.0	0.0	0.0	0.0	0.0	0.0	0.0	0.0	0.0	0.0	0.0	0.0	0.0	0.0	0.0	0.0	0.0	0.0	0.0	0.0	0.0	0.0	0.0	0.0	0.0	0.0	0.0	0.0	0.0	0.0	0.0	0.0	0.0	0.0	0.0	0.0	0.0	0.0	0.0	0.0	0.0	0.0	0.0	0.0	0.0	0.0	0.0	0.0	0.0	0.0	0.0	0.0	0.0	0.0	0.0	0.0	0.0	0.0	0.0	0.0	0.0	0.0	0.0	0.0	0.0	0.0	0.0	0.0	0.0	0.0	0.0	0.0	0.0	0.0	0.0	0.0	0.0	0.0	0.0	0.0	0.0	0.0	0.0	0.0	0.0	0.0	0.0	0.0	0.0	0.0	0.0	0.0	0.0
55249.53244639169	-26.164526707252666	3052510835.5448885	684.5824578145379	67465.52843261718	64.94249951171514	4551597526.692278	4217.528242829121	55837.74145082809	37.29856178977207	3117853370.329526	1391.1827115854448	56021.65892230614	56048.744731635554	0.951808	21.804853	0.0789661000000001	0.0469241	0.0029633556	0.0127303375	-0.0008328973	-0.0030003187	-0.0092425603	0.0181022182	0.0160900077	0.0661766296	0.0128039648	0.0012166166	-0.0067488962	-0.0114016502	0.0380743966	-0.0203819344	-0.0037602862	-0.0182964928	-0.0126206153	-0.0322279204	0.0016386999	0.0239053981	0.0213905812	-0.0090898262	0.0505803716	0.0063648164	-0.007077632	0.0237170057	-0.006347863	-0.007689596	0.01228433	0.0351276469	-0.0059122608	-0.0093860337	-0.0096385207	-0.0150269936	-0.0148937282	0.0176008844	-0.0415440565	0.0097196576	0.0385364552	-0.0013466236	0.0039895258	0.0131466196	-0.0026726536	0.0296143801	-0.0263059773	-0.0110671355	0.0233030461	-0.0211331418	0.0192519274	0.0280625983	0.0370524873	0.0756099974	-0.0081489363	0.0576068651	-0.0368832497	-0.00748835	-0.032372359	-0.009952489	-0.0033127733	0.0091647733	0.0166141281	-0.0041239763	0.0075054996	0.0735440998	-0.0370898052	0.0197085374	0.0307084721	-0.0317393041	0.0054839864	-0.0166533802	0.0210325667	-0.0278246036	0.0029821031	-0.0790843025	0.0024652508	0.0177501532	0.025477455	0.0227776079	-0.0163067983	0.049120156	0.0555755874	0.0360501566	-0.0036481718	-0.0149281713	0.0021576853	0.0351120692	-0.0295229374	0.0169144902	-0.0311946347	0.0022204329	-0.011913215	0.1142642159	-0.0050600485	0.0279106125	0.0163690827	0.0310924889	0.0191162145	0.0114902309	0.0411946086	0.0368203	0.0298588463	-0.0439409472	0.0120980686	0.0288638366	0.0324182207	0.0452824736	-0.0500992224	-0.0443180724	0.0312623527	-0.0275597541	-0.028191135	0.0193394999	-0.0337433404	-0.0022683786	-0.0221975406	-0.02245665	0.0099427267	-0.050550514	0.0075026876	0.0013469136	-0.0235374842	0.0057886961	-0.0122776662	0.0089007733	0.0315174889	-0.0125733263	-0.0124228013	-0.0119255085	-0.0176154682	-0.012092432	0.0187715172	0.0378158793	0.0127118329	0.0379247493	0.0084400037	0.0025058807	-0.0087124961	0.0311187014	-0.0049901694	0.0271318413	0.0191725788	-0.0214666933	0.0171517391	-0.0208775499	-0.0207189646	-0.0534749196	-0.0295341646	0.0535708388	0.0347592365	0.0561553546	0.0002271253	0.0211106897	0.0331497421	0.000295262	-0.0108638618	-0.0084433197	-0.0366536149	-0.0045636199	-0.0586068865	-0.0504419015	-0.0278248738	-0.0367994544	0.0085024959	-0.026880799	-0.0183822059	-0.0218835859	0.0257562838	0.0236075726	-0.0731499996	0.012725115	0.0326561667	0.0216625196	0.0051834651	-0.0613700479	0.0357171848	0.0420013885	-0.0140763866	-0.0021332602	-0.005313738	0.0162998363	0.0395912742	-0.0406677808	-0.0065968459	-0.0224709135	0.0002567754	-0.0302199137	0.1027203048	0.0506094118	-0.0295300264	-0.0226653662	0.015280511	-0.0010755997	0.0170204279	0.0255191498	-0.0305079089	-0.0205575094	0.0501618531	0.0093427033	-0.014321752	0.0637706453	-0.0089739066	-0.0708079517	0.0444454524	-0.0058652485	0.0177802074	0.0095822921	0.0262989264	-0.0325799946	0.0020541988	0.0163739194	-0.009321171	0.0188396498	0.014899618	-0.0258921934	0.0322157798	-0.0097297081	0.0031520724	-0.012451491	0.0355007408	0.0068999957	0.010605808	0.0553756028	0.0158532387	-0.0363554476	-0.0010297945	0.0019977502	0.0213313018	-0.0108614744	0.0190506577	-0.0040100208	0.0148402907	-0.0051683725	-0.0231148951	-0.0271488476	0.0487444668	-0.0188678315	-0.0309324975	0.0480693164	-0.0144468132	-0.0344309608	0.046950984	-0.0098926005	-0.037611983	0.0453997805	-0.0052471816	-0.0404462362	0.0434300072	-0.0005533855	-0.0429075896	0.0410598248	0.0041455125	-0.0449733504	0.0383110855	0.0088061905	-0.046624473	0.0352091317	0.0133856785	-0.0706813	0.0029505999999999	8.706040359999986e-06	0.00499584616969	-3.19213	-0.01384	10.1896939369	0.0001915456	-0.585184	0.026652	0.000710329104	0.342440313856	-0.0158253	-0.0005272	0.00025044012009	2.779398400000002e-07	-0.00105643	0.00018327	1.1160443448999995e-06	3.358789290000005e-08	0.000562215	0.0	3.16085706225e-07	0.0	0.0	0.0	0.0	0.0	0.0	0.0	0.0	0.0	0.0	0.0	0.0	0.0	0.0	0.0	0.0	0.0	0.0	0.0	0.0	0.0	0.0	0.0	0.0	0.0	0.0	0.0	0.0	0.0	0.0	0.0	0.0	0.0	0.0	0.0	0.0	0.0	0.0	0.0	0.0	0.0	0.0	0.0	0.0	0.0	0.0	0.0	0.0	0.0	0.0	0.0	0.0	0.0	0.0	0.0	0.0	0.0	0.0	0.0	0.0	0.0	0.0	0.0	0.0	0.0	0.0	0.0	0.0	0.0	0.0	0.0	0.0	0.0	0.0	0.0	0.0	0.0	0.0	0.0	0.0	0.0	0.0	0.0	0.0	0.0	0.0	0.0	0.0	0.0	0.0	0.0	0.0	0.0	0.0	0.0	0.0	0.0	0.0	0.0	0.0	0.0	0.0	0.0	0.0	0.0	0.0	0.0
55269.66581468943	20.13336829774198	3054735959.26745	405.3525190125218	67905.03009863281	439.5016660156252	4611093112.696227	193161.71443051015	55821.26972580694	-16.47172502115427	3116014153.80129	271.31772517251966	55995.59295648489	56242.55907315341	0.986018	22.588568	0.0821933500000002	0.042186	0.0029251697	0.0136553509	0.0012400943	-0.0130141402	-0.0015616582	-0.0076805807	0.015355885	-0.0573904343	-0.012043283	0.0467091371	0.0233393571	0.0343900386	-0.008067671	-0.0092411997	-0.0371516628	0.0113565496	-0.0019906333	-0.0129632554	-0.0145614808	0.0109768406	-0.0093080012	0.053866514	-0.0235811552	-0.0400283153	0.0335774614	0.0128914928	-0.001783686	0.0036265842	0.0041945993	-0.0211928076	0.0331553597	-0.0081258824	0.0276453766	0.0148684316	-0.0332086359	-0.0204557451	-0.0018638482	-0.0198951669	0.0008829139	0.0243618916	-0.0118884191	0.0624692199	0.0195858093	0.0372196211	-0.0345267812	0.0446062834	-0.0119863417	0.0500266753	-0.0787195854	0.0073978023	0.0335372476	-0.046517064	0.0159919339	-0.0357733195	-0.0353241338	0.0352808938	-0.0793110292	-0.0100477803	-0.0367568978	0.0207282256	0.0330510385	0.0167876667	-0.0263689792	0.0066004095	0.0770682163	0.0064773935	0.0342663229	0.026667456	-0.0187554226	0.0135037624	0.0377730831	-0.0013709241	-0.0442557549	0.0235899971	0.0414815492	-0.0284918257	0.027195843	-0.0490285869	0.0118829391	-0.0194678567	-0.0347906727	0.0168003182	0.0768909977	0.0080332167	-0.0107896712	-0.0379099181	-0.0087953824	-0.0026200206	-0.0127417924	0.0071805055	-0.0060151935	-0.0204663112	0.0171837287	-0.0525368279	-0.0112523595	0.0275166677	0.0155495288	-0.0160399318	0.0410942108	0.002872071	0.0171167223	-0.0120822031	-0.0256589124	-0.0127249238	-0.0139498561	0.0157265633	-0.078002976	-0.026653806	0.0659877453	0.0103905369	-0.0001477048	-0.0360049119	-0.0131094283	0.017654399	-0.0115513009	0.0102001206	-0.052600973	0.0253497645	-0.0294588668	-0.0420734194	-0.0151303987	0.0031551918	0.0089501496	0.0003815552	-0.0134703444	0.0382626777	-0.0034780521	0.0340265454	0.0119549573	-0.0357790314	-0.0186023011	0.0044618887	-0.01631162	0.004148148	-0.0253072014	0.0111790176	-0.0648646384	0.0310241661	0.0151821928	0.0287662009	-0.0267026196	0.0235146702	-0.0424416958	0.0898347036	-0.0257023558	-0.0357821468	0.0184880075	-0.0401731903	-0.0268176171	-1.52331e-05	-0.0213473452	-0.0584926651	0.0764828997	-0.0363794193	-0.0295980133	-0.0352058954	-0.0233434655	0.0404081567	-0.0205998313	0.0684798476	0.0056107294	-0.0290390332	-0.0274917131	0.0238432937	0.0010598473	-0.0165638141	0.0199555236	-0.0501023821	0.0101224781	0.0432105104	-0.0509798594	0.016096188	0.0185970878	0.0333397944	-0.0301108831	-0.0081582411	0.0445739235	0.0785993991	0.0180300971	-0.0132061952	-0.0184872487	-0.0190482516	0.0023509775	0.0052961964	0.011618932	0.0023568161	-0.0259659467	-0.0293120792	-0.0329902212	0.0091770082	0.0274415969	-0.0175616872	0.0368360545	0.0004526693	-0.0432969952	0.0038971773	0.0120633058	0.0188227254	0.0255497913	-0.009671177	-0.0141910183	-0.0946201463	0.0125323537	-0.0123675956	-0.023086096	-0.0456193466	-0.0205142021	-0.0022527457	0.0051341817	0.0240961273	-0.0091948239	0.0248561535	0.001216764	0.015281571	-0.012271108	0.0007526512	-0.0179680893	0.0272913379	-0.0057672315	-0.0049602419	-0.0181912101	-0.0283576921	0.0325252549	0.0521794196	-0.006293276	0.0273697606	0.0149199897	-0.042268884	0.0200270502	-0.0133842773	-0.0134662007	0.0029940588	-0.0232773535	-0.0268410355	0.0487944286	-0.0195465601	-0.0302120217	0.0482683442	-0.0156754391	-0.0333661115	0.0473957345	-0.0116917818	-0.0362806612	0.0461828639	-0.0076241876	-0.0389347468	0.0446384398	-0.0035018582	-0.0413093142	0.04277355	0.0006456115	-0.0433873161	0.0406015827	0.0047884463	-0.0451538342	0.0381381307	0.0088969041	-0.0682456	0.0024356999999999	5.932634489999995e-06	0.00465746191936	-3.16253	0.0296000000000002	10.0015960009	0.00087616	-0.601349	-0.0161649999999999	0.0002613072249999	0.361620619801	-0.0154987	0.0003265999999999	0.00024020970169	1.0666755999999989e-07	-0.000859667	0.0001967629999999	7.390273508890001e-07	3.8715678168999945e-08	0.000718705	0.00015649	5.165368770250001e-07	2.4489120100000005e-08	0.0	0.0	0.0	0.0	0.0	0.0	0.0	0.0	0.0	0.0	0.0	0.0	0.0	0.0	0.0	0.0	0.0	0.0	0.0	0.0	0.0	0.0	0.0	0.0	0.0	0.0	0.0	0.0	0.0	0.0	0.0	0.0	0.0	0.0	0.0	0.0	0.0	0.0	0.0	0.0	0.0	0.0	0.0	0.0	0.0	0.0	0.0	0.0	0.0	0.0	0.0	0.0	0.0	0.0	0.0	0.0	0.0	0.0	0.0	0.0	0.0	0.0	0.0	0.0	0.0	0.0	0.0	0.0	0.0	0.0	0.0	0.0	0.0	0.0	0.0	0.0	0.0	0.0	0.0	0.0	0.0	0.0	0.0	0.0	0.0	0.0	0.0	0.0	0.0	0.0	0.0	0.0	0.0	0.0	0.0	0.0	0.0	0.0	0.0	0.0	0.0	0.0	0.0	0.0	0.0	0.0
55303.17499795557	33.50918326613464	3058441164.854498	1122.865363163398	67624.0419609375	-280.9881376953126	4573011051.134635	78954.33352547996	55849.97897840607	28.70925259913201	3119220151.8884	824.2211848007684	56030.09057036453	55874.539032061686	1.008169	23.096004	0.1690091499999998	0.105703	0.0022468411	0.0195848235	0.0091554561	-0.003524997	-0.0153932413	0.0095782649	0.0161729057	0.0149385507	0.0240047701	-0.0148710258	-0.0328846283	0.0063839268	0.0676307552	-0.0117231412	0.0321682931	0.0198151029	0.0172748008	-0.0123776766	0.0186008417	0.0258606031	-0.0027045242	-0.0017450528	0.0016637631	0.0226282006	-0.0871562108	-0.0016122646	-0.0138066437	0.0147784801	-0.0146282427	0.0410155675	-0.0208124229	-0.0315984794	-0.0127400869	-0.0286598229	-0.0213702934	0.0234013379	-0.0035919798	0.0029081738	-0.021890063	-0.012142499	0.0064948154	0.0052252447	-0.0214669722	-0.0130532612	0.0100470673	0.0016801916	0.0501437027	-0.0154363516	-0.0030207436	-0.01359206	-0.0147296182	0.03125241	0.0302553565	0.0021118236	-0.0060266308	0.0355438822	0.0222690991	0.0068930689	-0.0448295691	-0.0089923111	0.0172739505	0.0040501552	0.0513683298	0.0266481444	0.0175715993	0.0044887706	-0.002320348	-0.0299617771	-0.0278355875	0.0006592941	0.0504762843	0.0057270838	-0.0016248742	-0.0631163819	0.008966147	0.0105475926	0.0164657778	-0.0227393464	0.0094733678	0.0156840415	-0.0290305809	0.0180042532	-0.0676547083	0.0280148147	-0.0265954588	-0.0056309378	0.0067182077	0.0667814758	-0.0380389251	-0.0245005876	0.0694194813	0.0186282243	0.0063158047	-0.0272747823	0.0249538761	0.0131450985	0.0101798044	-0.0615843342	0.0345783189	0.0049625356	-0.0270508432	-0.0088074516	0.0473424984	0.0315957998	-0.0063211427	0.0061172915	0.0486004533	-0.0201606306	0.0016439933	-0.0261664701	0.0708015129	-0.0308091127	-0.0148567413	-0.0167978079	-0.0295761612	0.0027385994	-0.0001132925	-0.0116950142	-0.0087644401	0.0889217417	0.002880838	0.011343645	0.0113972312	-0.0099914717	0.0378918858	-0.0247945684	-0.0330279358	-0.0190490824	-0.0311733359	-0.0160281878	0.0220746821	0.0033613022	0.002463643	-0.0176945392	0.0068677084	-0.009322836	-0.0087100396	-0.0145052464	-0.0158787599	-0.0101141671	-0.0027648458	-0.0502127297	-0.0044982375	-0.0037264667	0.015837069	-0.0009302176	-0.0394824593	0.0081911565	0.0161880479	-0.0092441493	-0.0015417678	-0.0405343288	-0.0271919078	-0.0237764322	-0.0023954617	-0.014056023	-0.0460876336	-0.0392374193	-0.0116382185	0.0086125474	-0.0053963811	-0.0059956572	0.0312693081	-0.0001184801	-0.0194947096	-0.0512655561	-0.0040507276	-0.003214225	-0.0619683555	0.0175742944	0.0127213908	0.0040236225	0.0458234448	0.001111566	0.0243923177	-0.0001902094	0.0282728716	-0.0692615661	0.0063212819	-0.0389089579	-0.0058974013	-0.0118863897	-0.042046373	-0.008266048	0.067139974	0.0426992146	0.0367832544	-0.0215283185	-0.0220308377	-0.0164782712	-0.0127025275	0.01941801	0.0922302389	-0.0021761142	0.0257464991	-0.0033789279	0.0080726051	-0.0087862153	-0.0371360313	0.0203534847	-0.000389378	0.0400969586	0.0409876318	-0.0081380581	0.0151831783	0.0156065285	-0.0698752485	-0.0499631889	0.0074601953	-0.0010008912	-0.0071486008	0.0430190222	0.0165106375	-0.014700417	0.0435282226	-0.02160408	0.0457213952	-0.019106695	-0.011074126	-0.0047824152	0.0089753915	-0.0058684891	0.010617842	-0.052145353	0.0126380117	-0.0093632193	0.0153101172	-0.0233271814	0.0018609773	-0.0104360055	0.0242068354	0.0047851211	-0.0234394817	-0.0265316999	0.0488381591	-0.0202208511	-0.0294808289	0.0484427166	-0.0168931667	-0.0322709638	0.0477860158	-0.013474375	-0.0348870569	0.0468715983	-0.0099829142	-0.0373149993	0.0457043959	-0.0064376142	-0.0395416966	0.0442907033	-0.0028575952	-0.0415551402	0.0426381448	0.0007378352	-0.0433444711	0.0407556328	0.0043292863	-0.0672806	0.000965	9.312250000000144e-07	0.0045266791363599	-3.25424	-0.0917099999999999	10.590077977599998	0.0084107240999999	-0.589419	0.0119299999999999	0.0001423248999999	0.347414757561	-0.0162561	-0.0007573999999999	0.00026426078721	5.736547599999975e-07	-0.00123386	-0.000374193	1.5224104996e-06	1.40020401249e-07	0.000562215	-0.00015649	3.16085706225e-07	2.4489120100000005e-08	0.0	0.0	0.0	0.0	0.0	0.0	0.0	0.0	0.0	0.0	0.0	0.0	0.0	0.0	0.0	0.0	0.0	0.0	0.0	0.0	0.0	0.0	0.0	0.0	0.0	0.0	0.0	0.0	0.0	0.0	0.0	0.0	0.0	0.0	0.0	0.0	0.0	0.0	0.0	0.0	0.0	0.0	0.0	0.0	0.0	0.0	0.0	0.0	0.0	0.0	0.0	0.0	0.0	0.0	0.0	0.0	0.0	0.0	0.0	0.0	0.0	0.0	0.0	0.0	0.0	0.0	0.0	0.0	0.0	0.0	0.0	0.0	0.0	0.0	0.0	0.0	0.0	0.0	0.0	0.0	0.0	0.0	0.0	0.0	0.0	0.0	0.0	0.0	0.0	0.0	0.0	0.0	0.0	0.0	0.0	0.0	0.0	0.0	0.0	0.0	0.0	0.0	0.0	0.0	0.0	0.0
55379.94235579389	76.76735783832555	3066938015.3310547	5893.227229477524	67857.91814257813	233.87618164063315	4604697054.644834	54698.06833880243	55907.789343946446	57.81036554037564	3125680909.327092	3342.038363911852	56084.89509432981	56532.66067877435	0.988066	22.635477	0.1110418499999998	0.0694	4.99701e-05	0.0192998233	0.0004019755	-0.0102094194	0.0067070944	0.004881761	0.0115346852	-0.0109796298	-0.0090171285	0.0298447921	0.0265236513	0.0388943283	-0.0030300509	-0.0234614714	-0.0462583221	-0.001547374	-0.0276217224	-0.0413455838	0.0101531364	0.0091666026	0.0039976246	0.0431271944	-0.025276796	-0.0452821371	0.0354863949	0.0411135443	-0.0006661653	-0.0502734513	-0.0122063452	-0.0254077322	0.0032311392	-0.00161982	0.0045802617	0.0040469679	0.0653271337	0.0303796186	-0.0417370521	0.0104851957	0.027759652	0.0222220369	0.0002968069	-0.0138667705	-0.0299882672	0.0066520453	0.021299755	0.0476920962	-0.0074713176	0.0180440052	0.0085175204	-0.0037066079	0.0604797785	0.0710760493	-0.0239938209	0.0075162336	-0.0096685761	-0.045259688	-0.0107932346	-0.0014565547	-0.0018603483	-0.0444431131	0.054562759	-0.0327088408	0.0202192407	-0.049170667	0.04891856	0.0452455069	0.0714025525	-0.0176594682	-0.0066684035	0.0294785092	0.0309619626	0.0225205349	-0.0598316904	0.0191574103	-0.0095719462	-0.0194542637	0.0024904813	0.0191377471	-0.0302185963	-0.0245375421	-0.0074693962	0.0001421497	-0.0017196658	-0.0015294223	-0.0063327068	-0.0460546004	0.0054423673	-0.0135762581	-0.0105900079	-0.0365114259	0.0270623625	-0.055860686	-0.0139532745	0.0237350632	-0.0471983271	-0.0236415094	-0.0181732666	0.0049343406	0.019150281	0.0243983142	0.0352088741	-0.0205899444	0.0224287874	-0.0014181621	-0.0320356523	0.0674974619	-0.0214772921	0.00671839	-0.0178671666	-0.012124306	-0.0168675689	0.0185842511	-0.0419698463	-0.0083998179	-0.0090605831	-0.003574894	-0.0420274018	0.0272625819	-0.0308088901	-0.0484050819	-0.0426735686	0.0020371801	-0.0446094733	-0.0165909269	-0.0303382193	0.0107766829	-0.0027474881	0.0003806099	0.0098209191	0.0643590295	0.0296787858	0.042572607	0.0147365529	0.0270630899	-0.0193461631	0.0060845031	0.0106551111	0.0157322888	-0.0325226846	-0.0308916562	-0.0428012732	0.0124088387	-0.0062015175	-0.0072976147	0.0027417597	-0.072891136	-0.0123965562	0.0591685922	-0.0068375823	0.0181284164	0.0163816173	0.0313154686	0.0235821118	-0.0074529505	0.0111196433	-0.0634720643	0.0347397117	-0.0438900158	0.0301048567	0.0583214599	-0.0300832723	-0.0823159328	-0.0058671092	-0.0016956403	0.0063727182	-0.0324768185	-0.0060414739	-0.0626487527	-0.0066770145	-0.0033433043	-0.0285446273	0.0021431459	-0.037145683	-0.0078823493	-0.0299619012	-0.0162572145	0.0017614763	-0.0010901098	-0.0046680027	-0.0084052854	-0.0371332815	-0.015362185	-0.004083851	-0.0114731617	0.0107826904	0.0417469125	-0.0311057422	0.0001176619	0.0504558353	0.0456823456	-0.023531357	-0.0061237043	0.0004006497	-0.0148529607	-0.0333599714	-0.0296086369	0.044147446	-0.024393078	-0.0152374518	0.0107001678	-0.0755713162	-0.015285077	-0.0156900923	-0.0066460276	0.0103799639	0.0081535886	0.0214354797	0.0077609074	0.007691647	0.0183809104	-0.0094504781	0.0322061279	0.0003385635	0.0063647723	-0.0209576744	0.0240883451	-0.0261189491	0.0149099311	0.0233009657	0.0084291913	0.0104601596	0.0286292996	0.0501009466	0.0347860158	0.0012514573	0.0310436408	0.0172987163	-0.0334463808	0.0425066732	-0.0071506154	0.0048021257	-0.0070169854	-0.0236012772	-0.0262208584	0.0488756528	-0.0208905514	-0.0287391785	0.0485923444	-0.0180991493	-0.0311465121	0.0481213794	-0.015237851	-0.0334335625	0.0474645768	-0.0123177063	-0.0355914973	0.046624473	-0.0093499925	-0.037611983	0.0456043123	-0.0063461704	-0.0394872168	0.0444080345	-0.0033178403	-0.0412099568	0.0430402594	-0.0002766972	-0.0711043	-0.0038236999999999	1.4620681689999997e-05	0.00505582147849	-3.19306	0.0611799999999997	10.1956321636	0.0037429923999999	-0.606724	-0.017305	0.000299463025	0.368114012176	-0.0158934	0.0003627	0.00025260016356	1.3155129000000037e-07	-0.00108015	0.00015371	1.1667240225e-06	2.3626764100000013e-08	0.000503962	-5.825299999999997e-05	2.539776974440001e-07	3.3934120089999964e-09	0.0	0.0	0.0	0.0	0.0	0.0	0.0	0.0	0.0	0.0	0.0	0.0	0.0	0.0	0.0	0.0	0.0	0.0	0.0	0.0	0.0	0.0	0.0	0.0	0.0	0.0	0.0	0.0	0.0	0.0	0.0	0.0	0.0	0.0	0.0	0.0	0.0	0.0	0.0	0.0	0.0	0.0	0.0	0.0	0.0	0.0	0.0	0.0	0.0	0.0	0.0	0.0	0.0	0.0	0.0	0.0	0.0	0.0	0.0	0.0	0.0	0.0	0.0	0.0	0.0	0.0	0.0	0.0	0.0	0.0	0.0	0.0	0.0	0.0	0.0	0.0	0.0	0.0	0.0	0.0	0.0	0.0	0.0	0.0	0.0	0.0	0.0	0.0	0.0	0.0	0.0	0.0	0.0	0.0	0.0	0.0	0.0	0.0	0.0	0.0	0.0	0.0	0.0	0.0	0.0	0.0
55306.35658341851	-73.58577237538702	3058793078.5322394	5414.865896082272	67483.00732519531	-374.9108173828136	4553956277.652365	140558.12099064936	55853.14789349613	-54.6414504503191	3119574129.612751	2985.6881073146774	56028.895984479066	55506.29234793527	1.024287	23.465258	0.0736411999999999	0.041713	0.0039595819	0.0079663176	0.0031435287	-0.0073077972	-0.0042105909	0.0095288742	0.0349208056	-0.0169456571	0.0075223701	-0.0093559268	0.0115667413	-0.0231479961	0.0429743435	-0.0046330062	0.0575075001	0.0174339807	0.0446477888	-0.0059963249	-0.0008181913	0.0279981667	-0.0083463481	-0.0210006675	0.0117486484	0.0813710321	-0.0226768247	-0.0113342482	0.016576947	-0.0043391916	0.0056620072	0.0361634046	0.0328199073	-0.0132005308	0.0040958354	0.0012239304	-0.0414206033	0.0347074019	-0.0281235675	0.0352479807	0.0192926537	-0.0017812164	0.0305719481	0.0196133925	0.0071003482	0.0511841891	-0.011340525	0.054168936	0.0430542254	-0.0020091921	-0.0398799182	-0.0206452903	-0.0211916768	-0.0015818918	0.0137745364	-0.0131435374	0.0069488406	-0.0007357827	-0.0220526901	0.0367485655	0.0314618034	0.0507016241	0.0250134452	0.0696247505	0.0094518905	-0.0484361786	-0.0237690218	-0.049794426	0.0091638702	-0.0391792384	-0.0179841514	-0.0033765269	0.0358124615	-0.0699696922	-0.0184891737	0.0033212442	-0.0036665882	0.0110818864	-0.0322090824	0.0562020666	0.0024526177	0.0757319203	-0.0048329837	-0.0201719583	-0.0200419543	-0.0187479413	-0.0044820094	-0.0013416546	0.0216596064	-0.0033674834	-0.0885198034	-0.0759516169	0.0248690017	0.0513843428	-0.013670767	-0.0128848819	0.0233057897	0.0265175015	-0.0639692515	-0.006750796	-0.0127307685	-0.0173881169	-0.0233702767	-0.0003599435	-0.0423855751	0.0025171832	0.0263746846	-0.0224459111	0.0422394852	0.0145998721	-0.0595043906	-0.0096787615	-0.0300600585	-0.0382420779	-0.006484945	0.0013223687	-0.0285209369	0.0081029001	0.0187769504	-0.0073494261	0.070321384	0.0524432966	0.0141798498	-0.0137315102	-0.0078687669	-1.80214e-05	0.0372135037	0.0266354611	-0.0056146877	0.0050014682	-0.0070967778	-0.0389894212	0.0356018893	0.0216313154	0.0443724353	0.0204769237	0.0062886882	-0.0255528417	-0.0222575563	0.0600560566	0.0019464655	0.0118073772	-0.0331983777	-0.0434024384	-0.0169982022	0.050960046	0.0148618159	0.0105779071	-0.0212130478	-0.0113063083	-0.0105435261	-0.0151754721	0.0086357784	-0.0069522661	0.0271883675	0.0366732276	-0.0489190448	0.0178684946	-0.0165616227	0.0360589019	0.0825756042	-0.022856517	0.0372675572	-0.0240422765	0.0435313591	-0.0022900096	-0.0151189483	-0.01055701	0.0755897044	-0.0231444575	-0.00091235	-0.0005934825	0.0296847781	-0.0434863591	-0.0235232526	-0.0418655065	0.0769024982	-0.0124899294	0.000980603	-0.0214485172	-0.0059967494	0.023575935	-0.0023980816	-0.0262227409	-0.032699071	-0.1087261831	0.0257646407	0.0411164137	0.0398253232	-0.0189371036	-0.0174461482	-0.0369644888	-0.0188769645	-0.0542160981	-0.0159232186	-0.0156493735	0.0375826115	0.0108096805	-0.0093008823	0.0147524044	0.0416152706	0.0169715077	0.03396398	0.0601626706	-0.0301863388	0.0009987082	0.0332811618	0.0034614364	0.0067981465	0.0235343885	0.0068362094	0.0215782728	-0.0075141156	0.0239002864	-0.0017730336	-0.0072007837	0.0412853252	-0.0295422599	0.0224117048	0.0459562945	-0.0225734984	0.004555989	-0.0146958837	-0.0328432017	0.0017730169	-0.0471664311	-0.0299289571	-0.0057918765	-0.0010016985	-0.0144403806	-0.0061578718	0.0218202329	0.0087744892	-0.0240380655	-0.0237627379	-0.0259085287	0.0489069049	-0.021555509	-0.0279873335	0.0487171511	-0.0192925486	-0.0299937775	0.04840144	-0.0169797078	-0.0319226731	0.0479605879	-0.0146229661	-0.0337690332	0.0473957345	-0.0122284171	-0.035528084	0.0467083402	-0.0098022517	-0.0371952777	0.0459001824	-0.0073507428	-0.0387663036	0.0449733504	-0.0048802286	-0.0669676	0.0041366999999999	1.7112286889999944e-05	0.00448465944976	-3.19735	-0.0042900000000001	10.2230470225	1.840410000000109e-05	-0.611962	-0.0052379999999999	2.7436643999999632e-05	0.374497489444	-0.0152279	0.0006654999999999	0.00023188893841	4.428902499999969e-07	-0.000823055	0.0002570949999999	6.774195330250001e-07	6.609783902499996e-08	0.000780897	0.0002769349999999	6.098001246090001e-07	7.669299422499998e-08	0.0	0.0	0.0	0.0	0.0	0.0	0.0	0.0	0.0	0.0	0.0	0.0	0.0	0.0	0.0	0.0	0.0	0.0	0.0	0.0	0.0	0.0	0.0	0.0	0.0	0.0	0.0	0.0	0.0	0.0	0.0	0.0	0.0	0.0	0.0	0.0	0.0	0.0	0.0	0.0	0.0	0.0	0.0	0.0	0.0	0.0	0.0	0.0	0.0	0.0	0.0	0.0	0.0	0.0	0.0	0.0	0.0	0.0	0.0	0.0	0.0	0.0	0.0	0.0	0.0	0.0	0.0	0.0	0.0	0.0	0.0	0.0	0.0	0.0	0.0	0.0	0.0	0.0	0.0	0.0	0.0	0.0	0.0	0.0	0.0	0.0	0.0	0.0	0.0	0.0	0.0	0.0	0.0	0.0	0.0	0.0	0.0	0.0	0.0	0.0	0.0	0.0	0.0	0.0	0.0	0.0
55408.750243214745	102.39365979623835	3070129603.5149503	10484.4615664678	68027.02930126953	544.0219760742184	4627676715.555783	295959.9104516975	55974.53155411327	121.38366061714623	3133148182.7024226	14733.993064818538	56156.361134856685	56664.95444526177	1.19327	27.336458	0.3044479999999996	0.195912	0.0003915404	0.0131646637	0.0190960885	0.0084814878	-0.003011788	0.0019796849	-0.0151827746	0.0565951048	0.0188312964	0.0399497324	0.0504175518	-0.06492252	-0.0281143436	0.0579505163	-0.0339870369	-0.0038181569	-0.0537944552	-0.0038920378	0.089206788	-0.0486476058	-0.087314504	0.0079151886	0.0305892557	-0.0429663368	0.0765003884	-0.0340534683	0.0386091137	0.0046949703	-0.0425153624	0.0443258925	0.0543713963	-0.0457120286	0.0124564472	-0.0490613849	0.0298510349	-0.0371436361	0.044222294	0.0071681022	-0.0240481151	-0.002843699	0.0129089432	0.0139135961	0.0261398201	0.020715084	0.0125802834	0.0030852246	0.0161456824	-0.0407932654	0.0303156081	-0.0419474222	0.0541141075	-0.0096808965	-0.0539674528	-0.0483753032	-0.0259516716	-0.0331719622	-0.0235452326	0.016777364	0.0058859165	-0.0134587619	-0.0411370212	0.0138182448	0.0183757252	0.0116554528	0.0170870465	-0.0336831415	-0.027346496	0.0048492388	-0.0409135276	-0.0490965688	0.0235430213	0.0132732036	-0.0541631402	-0.0075715095	-0.0884512357	-0.0037894442	0.0617267678	0.0250555517	0.0066330085	-0.0122511425	-0.0211414185	-0.0226100291	-0.0159235574	0.0397924495	0.0126447861	0.0069736498	0.0313771962	0.0513008573	-0.0008252234	0.0176677502	-0.01623137	-0.0129919654	0.0211776871	-0.0470483821	-0.0349233491	-0.0327487577	0.020176202	0.0182704065	0.0385735634	-0.022020164	0.009689985	-0.0234624162	-0.0255746618	-0.0296741743	-0.0212921735	-0.0524329456	-0.0265380441	-0.0385656482	-0.0238891891	-0.0223553585	0.0564605162	0.0718924695	-0.0067324	-0.088550669	0.0434397748	0.0906999064	-0.008275801	-0.026505742	-0.013853589	-0.0834522166	0.033309563	-0.029526545	0.0133906356	-0.0537247977	0.0461073027	0.0551529678	-0.0319023962	0.0127659658	-0.048790264	0.0363793284	-0.0317506056	-0.048394629	0.0109224151	-0.0254942743	-0.0019139421	-0.011492463	-0.0188639787	0.0355755389	0.0211859812	-0.0087743343	0.0007830184	-0.0275971833	0.0234093795	-0.0283319664	0.05272677	-0.0335629836	0.0544849934	0.0165680802	-0.0684605278	0.0151379495	0.0283927716	0.0098384595	0.0385316487	0.0048244934	0.026674976	0.0243692263	-0.0175107433	-0.0088628166	-0.0110702426	0.0118562006	0.0330709359	0.0387249623	0.0032976491	0.0334916106	-0.0655417297	-0.0034797609	0.0050344384	-0.0545350593	-0.0305454761	-0.0816485923	-0.0153709053	0.0532999934	-0.0096151429	0.00585328	0.0161027805	-0.0281883113	-0.0084284189	-0.0140405819	0.0289610266	-0.0100031205	-0.0013150019	0.0398241499	-0.0278026961	0.0224396111	0.0349262928	-0.0116438198	-0.0222961718	-0.0181441538	-0.0514200724	0.0370854886	-0.0189355074	0.0175812333	0.0021735698	0.0302961863	-0.0420696851	0.0205692483	0.0300603686	0.0266875079	0.0114948266	-0.0418661916	0.0271023919	-0.0349264535	0.0046917009	-0.0297894805	0.0239337588	0.0769252762	-0.0129891647	0.039031943	0.0138460961	-0.0530289042	-0.0274368482	5.14095e-05	0.0383015728	-0.1022615691	0.0210998838	0.0706853827	-0.0420175628	-0.0479827914	-0.0226772549	-0.0076529998	0.0199272543	0.0341735346	-0.0280629628	0.0313984334	0.076414521	0.0376993528	-0.0371660519	-0.0384180698	-0.0535191953	0.0335760651	-0.0188003686	0.0499978156	-0.0239238614	-0.0255947285	0.0489319113	-0.0222155728	-0.0272255606	0.0488170731	-0.0204725349	-0.0288138067	0.0486258757	-0.018697474	-0.0303569825	0.0483586182	-0.0168931667	-0.0318526742	0.0480157186	-0.0150624352	-0.0332985423	0.0475977133	-0.0132081433	-0.0346923251	0.047105256	-0.0113331913	-0.0360318425	0.0465391172	-0.009440512	-0.0638808	0.0030868	9.528334240000004e-06	0.00408075660864	-3.32691	-0.1295599999999996	11.0683301481	0.0167857935999999	-0.471593	0.140369	0.019703456161	0.2223999576489999	-0.0155759	-0.0003479999999999	0.00024260866081	1.2110399999999957e-07	-0.000963694	-0.0001406389999999	9.28706125636e-07	1.9779328320999977e-08	0.000640892	-0.000140005	4.10742555664e-07	1.9601400025000002e-08	0.0	0.0	0.0	0.0	0.0	0.0	0.0	0.0	0.0	0.0	0.0	0.0	0.0	0.0	0.0	0.0	0.0	0.0	0.0	0.0	0.0	0.0	0.0	0.0	0.0	0.0	0.0	0.0	0.0	0.0	0.0	0.0	0.0	0.0	0.0	0.0	0.0	0.0	0.0	0.0	0.0	0.0	0.0	0.0	0.0	0.0	0.0	0.0	0.0	0.0	0.0	0.0	0.0	0.0	0.0	0.0	0.0	0.0	0.0	0.0	0.0	0.0	0.0	0.0	0.0	0.0	0.0	0.0	0.0	0.0	0.0	0.0	0.0	0.0	0.0	0.0	0.0	0.0	0.0	0.0	0.0	0.0	0.0	0.0	0.0	0.0	0.0	0.0	0.0	0.0	0.0	0.0	0.0	0.0	0.0	0.0	0.0	0.0	0.0	0.0	0.0	0.0	0.0	0.0	0.0	0.0
55448.42170361337	39.67146039862564	3074527469.4217424	1573.8247701597224	67660.7497890625	-366.2795122070384	4577977062.018121	134160.68106262595	55958.56324611641	-15.968307996859949	3131360800.5696106	254.98686028258135	56131.61441670136	56631.75000665838	1.190466	27.27224	0.1890039999999998	0.139737	-0.000969329	0.0155260674	0.004075333	-0.0082953453	-0.0002366457	-0.0149780462	0.0085465333	-0.0289334936	-0.016238783	-0.0295022641	0.01285512	0.0716393748	-0.0147502861	0.0302098145	0.0175095707	0.0562385344	0.0254881533	0.0034548624	0.0371534741	-0.0132006609	-0.0342861882	0.0166390452	-0.0692970859	-0.0175917302	-0.0365468243	-0.0248589322	0.0224448563	-0.0069546594	0.0110409625	-0.0767443138	-0.012564654	-0.0217909638	0.0267292738	0.0046159167	0.0351360128	0.0350905479	0.0013311756	0.0174885979	0.0067476827	0.0130766996	-0.0423137391	-0.0212696759	0.0266241722	0.0396556894	0.0475109669	0.0214150653	0.0628111009	0.0223206508	-0.026322313	-0.0088577925	0.0182847341	-0.0416063339	0.0214043508	-0.0460515759	0.0387453175	-0.0085305377	-0.0357656745	0.0114921187	-0.0093698612	0.0056005012	0.0183772157	-0.0493475086	-0.0199318878	0.0216600618	0.0060717911	0.0214372764	-0.0364605538	0.0553188797	0.0365871269	-0.0128287384	-0.0423624487	-0.0658395872	0.0233388256	-0.0326320144	5.2701e-05	0.0100354161	0.0858176771	0.0274001895	-0.0550739792	0.0135606349	0.0346035938	-0.0508730262	0.0149995431	0.0062843919	-0.0357287276	-0.014136513	0.0038641026	0.0450449587	6.7132e-05	-0.0465164923	0.0233863053	0.0171089608	0.0523493847	-0.025763678	0.0363021072	-0.0409496195	-0.0587823972	-0.0424132398	-0.00078839	0.0293326921	0.0207182279	-0.0084530387	0.0286549569	0.0032842091	-0.0050479541	0.0414267623	-0.0088486843	0.0242523705	0.0008000759	0.079867561	-0.016862239	-0.0030339419	0.0030254585	-0.0330492348	0.0087539529	0.0381759703	-0.0164936056	0.0647362342	-0.0406200111	0.0332079452	0.0221391483	-0.0257135454	-0.0017582013	0.0121365324	-0.0760294432	-0.0005571643	-0.0233325665	0.0332363912	0.0096529517	0.0360022033	0.0339284519	0.0001954991	0.0140968164	0.0071168299	-0.0122736124	0.04693478	0.0164184191	0.0233462091	0.0202309815	-0.0410094005	0.0024132634	-0.0612030118	-0.0478122553	0.0361443848	-0.0047161179	-0.0164944703	0.0154323035	-0.0447433553	-0.0251291681	-0.054360134	-0.0085758433	-0.0101746463	0.0342283403	-0.0030138021	-0.0039350751	-0.0246812578	0.0469978704	-0.0010123558	-0.0380850172	0.0037447139	-0.0182413077	0.0433236677	-0.029261287	-0.0149811879	0.0328941406	0.0425155584	0.0546795265	0.0589629323	-0.0244109791	0.0022399795	0.006328652	0.0743893499	-0.0020021007	-0.0612267163	0.0089326399	-0.0496137175	-0.0616547009	0.024608959	-0.0087980754	-0.0295500779	-0.0021886096	-0.019088783	-0.0432380714	0.004175269	0.0274938501	0.0530843647	-0.0043030688	0.0145716545	-0.0569148556	-0.0437081747	-0.045974131	-0.005174729	0.0109791895	-0.0598807583	-0.0027115634	-0.0313037992	0.024029175	-0.0111368379	-0.0187432864	0.0086347492	-0.0267209936	0.0020399409	-0.0364887479	-0.0020250059	-0.0753632578	0.0093186858	0.0088118976	-0.0451064434	0.0082569272	-0.0024053633	-0.0054166518	0.045325673	-0.0023427114	0.037408929	-0.0392139982	0.0455829029	0.0231558787	-0.0032438888	-0.0116108711	-0.0326008645	0.0025459653	-0.0625690904	0.0148200823	-0.0245405118	0.0234573507	-0.0089431107	0.0034241415	-0.0103145715	-0.0112746945	3.1911e-06	0.0040260007	-0.0182680787	-0.0240846454	-0.0252794756	0.0489506689	-0.0228705931	-0.02645413	0.0488920593	-0.0216382877	-0.0276076712	0.0487944286	-0.0203887125	-0.0287391785	0.0486578547	-0.019122865	-0.0298477488	0.0484824465	-0.0178417553	-0.0309324975	0.0482683442	-0.0165464061	-0.0319925587	0.0480157186	-0.015237851	-0.0330270864	0.0477247713	-0.0139171345	-0.062548	0.0013327999999999	1.776355839999987e-06	0.003912252304	-3.26707	0.0598399999999998	10.6737463849	0.0035808255999999	-0.597541	-0.125948	0.015862898704	0.3570552466809999	-0.0155571	1.8799999999999373e-05	0.00024202336041	3.5343999999997634e-10	-0.000982558	-1.8863999999999947e-05	9.654202233639998e-07	3.5585049599999803e-10	0.000640892	0.0	4.10742555664e-07	0.0	0.0	0.0	0.0	0.0	0.0	0.0	0.0	0.0	0.0	0.0	0.0	0.0	0.0	0.0	0.0	0.0	0.0	0.0	0.0	0.0	0.0	0.0	0.0	0.0	0.0	0.0	0.0	0.0	0.0	0.0	0.0	0.0	0.0	0.0	0.0	0.0	0.0	0.0	0.0	0.0	0.0	0.0	0.0	0.0	0.0	0.0	0.0	0.0	0.0	0.0	0.0	0.0	0.0	0.0	0.0	0.0	0.0	0.0	0.0	0.0	0.0	0.0	0.0	0.0	0.0	0.0	0.0	0.0	0.0	0.0	0.0	0.0	0.0	0.0	0.0	0.0	0.0	0.0	0.0	0.0	0.0	0.0	0.0	0.0	0.0	0.0	0.0	0.0	0.0	0.0	0.0	0.0	0.0	0.0	0.0	0.0	0.0	0.0	0.0	0.0	0.0	0.0	0.0	0.0	0.0	0.0
55425.78442880267	-22.637274810702365	3072017579.5481043	512.4462108552598	67491.13720898438	-169.61258007811557	4555053601.761956	28768.427320755167	55830.6506380712	-127.91260804521151	3117061550.67036	16361.635296927912	56016.307506615725	56139.74427189022	1.129084	25.866051	0.1705553499999998	0.0893990999999999	6.5068e-06	0.0068679045	-0.0033114888	-0.00054153	0.0108888382	0.0270495786	-0.0062076186	0.0753001223	0.0076040019	0.0138193452	-0.0172814568	0.0154937238	0.0442620578	-0.0436451609	0.0096166722	-0.0207348009	-0.0154639769	-0.0142071633	0.0186855563	-0.0073001885	0.0175868132	-0.0263056404	0.0297195285	-0.0230724351	-0.0227279474	0.0142606512	-0.0077348682	-0.0261380045	0.0015699061	0.0150341764	0.0142081634	-0.0821414969	-0.0103926999	0.0243371103	-0.0585033754	0.0006399696	-0.0035757459	0.0379709681	-0.0144102744	-0.0259688265	0.0585041679	-0.001838864	-0.0070443668	0.0112900997	-0.0139306045	0.0066888527	-0.019059009	0.0255025855	0.0256720239	-0.0453741039	-0.0248109985	-0.024769508	-0.0264423776	-0.0124564123	-0.00836453	-0.0531791429	0.0526048252	-0.0189102836	0.0349752183	-0.0104493253	0.033256142	-0.0140140044	-0.0311035205	0.0032354556	-0.0500524941	0.0559127739	0.0004806352	-0.0233757357	0.0352086272	-0.0063714783	-0.0006281068	0.0326302742	0.0125398356	0.0775232806	0.023561922	0.0302384583	0.0113718572	0.0018243582	-0.034856853	-0.0428968312	0.0496206504	-0.0222009609	-0.0106409837	0.0422463693	0.0404568196	0.0297736162	-0.0188494117	-0.0377861076	-0.0422870767	-0.0414925323	0.0450302485	-0.036222864	0.0010550947	-0.0007848143	-0.0650669269	0.0596935965	0.0141915084	0.0297519665	0.0327956951	0.0842717012	-0.0228150078	-0.0519960528	-0.0357203165	-0.0044807134	-0.0053281896	0.0805554826	-0.0076049457	-0.0062231556	-0.015061647	0.0194221645	0.0618321005	-0.0130972336	-0.0164019728	-0.022257356	0.0079653082	-0.0182525125	0.0253044423	-0.0357623377	-0.0253757517	0.0085850127	-0.0147339812	0.0050294818	-0.0263698013	-0.0017697401	0.0164503268	0.0240832432	-0.0802420918	-0.0098302905	0.0142642043	-0.059299179	0.0039904105	-0.0033239139	0.044843286	-0.0177819752	0.0268147725	-0.0546919226	0.0024994388	0.0226894304	-0.0085424368	0.0123972926	-0.0158398983	0.0305114026	-0.0129008843	-0.0306483637	0.0405313773	0.0363862104	0.0177847083	-0.0143660023	-0.0214702028	0.0191591674	0.0296487875	0.0366616541	-0.0449239424	0.0274573354	-0.0053914146	-0.0488806567	0.0392955869	0.0075141072	-0.0056552516	-0.0400978646	-0.0645265475	-0.0084869996	0.0012485306	-0.0263329971	-0.0095193591	0.0012177721	-0.0224271592	-0.0115586471	0.0879101318	0.019221305	0.0156978792	0.0204537553	-0.0145062332	-0.0165596765	-0.0537499313	0.0090700949	-0.0611397393	-0.0177849932	0.0455722226	0.0223425538	0.0361830991	-0.0163916081	0.0291898427	-0.0282852897	0.0213154314	0.0581418155	-0.0200019975	-0.0206562221	0.0178811353	0.0647504922	0.0240847106	-0.0393367278	0.0204871315	0.0534406486	0.0088247112	-0.0771059645	0.0640193495	0.0246924245	0.036059627	0.0378250735	-0.0662320766	-0.0202139305	-0.0010728001	-0.0113960947	-0.0018121592	0.0091647609	-0.049337531	0.0249623957	-0.0001297204	0.0221599465	0.009893183	0.0145503719	-0.0058964491	-0.0111762356	0.0241361843	-0.0031160147	0.0238678253	0.0110443284	0.0102024402	-0.0214361704	0.0645464331	0.0615391535	0.0120915655	-0.0330471724	-0.0350669501	0.0083355418	0.0226867621	-0.0013050717	0.0228796017	0.0507511289	-0.0004049692	-0.0021820075	-0.0242450877	-0.0249627879	0.0489631754	-0.0235204212	-0.0256733154	0.0489420714	-0.0227889965	-0.0263764663	0.0489069049	-0.0220510239	-0.0270720383	0.0488576859	-0.0213067153	-0.0277598318	0.0487944286	-0.0205562846	-0.028439649	0.0487171511	-0.0197999475	-0.0291112946	0.0486258757	-0.0190379212	-0.0297745756	0.0485206286	-0.0182704248	-0.0379184	0.0246296	0.00060661719616	0.0014378050585599	-3.22345	0.0436199999999997	10.3906299025	0.0019027043999999	-0.603581	-0.00604	3.648160000000055e-05	0.364310023561	-0.0146071	0.00095	0.00021336737041	9.025000000000024e-07	-0.00193287	-0.000950312	3.7359864369e-06	9.03092897344e-07	0.000615889	-2.5003000000000004e-05	3.79319260321e-07	6.251500090000003e-10	0.0	0.0	0.0	0.0	0.0	0.0	0.0	0.0	0.0	0.0	0.0	0.0	0.0	0.0	0.0	0.0	0.0	0.0	0.0	0.0	0.0	0.0	0.0	0.0	0.0	0.0	0.0	0.0	0.0	0.0	0.0	0.0	0.0	0.0	0.0	0.0	0.0	0.0	0.0	0.0	0.0	0.0	0.0	0.0	0.0	0.0	0.0	0.0	0.0	0.0	0.0	0.0	0.0	0.0	0.0	0.0	0.0	0.0	0.0	0.0	0.0	0.0	0.0	0.0	0.0	0.0	0.0	0.0	0.0	0.0	0.0	0.0	0.0	0.0	0.0	0.0	0.0	0.0	0.0	0.0	0.0	0.0	0.0	0.0	0.0	0.0	0.0	0.0	0.0	0.0	0.0	0.0	0.0	0.0	0.0	0.0	0.0	0.0	0.0	0.0	0.0	0.0	0.0	0.0	0.0	0.0
55489.84527645352	64.06084765084961	3079122928.804751	4103.792201745364	68322.83015136719	831.6929423828115	4668009119.89257	691713.1504093786	55880.1873413322	49.53670326100109	3122595337.302384	2453.8849699684765	56046.27681969553	56630.30194773488	1.178877	27.006741	0.0998553500000003	0.044137	0.0001581218	0.0065963412	-0.0011800078	-0.0147818485	0.0210975122	-0.0082576243	-0.0231774983	-0.0894171318	0.0060388934	0.0488099067	0.0023644799	0.0306378614	0.0019911895	-0.0085903608	-0.0105422034	-0.0043068894	-0.005603301	0.0235547326	-0.0316002345	0.0050802553	0.0038453025	0.0471746572	-0.0383693016	0.0456494705	0.0436519517	-0.0149148285	0.0044269504	-0.0280204949	0.0275490265	0.016884235	-0.0153281615	0.0097412847	-0.000304728	0.0634896024	0.0442268391	0.0138926559	-0.0407648447	-0.0043159595	0.0187798138	-0.0010755591	-0.0006908609	0.0194956445	0.025711955	-0.0092054314	-0.0216569741	0.0016996915	0.0242279145	0.0421314132	-0.0354606638	-0.0568075571	0.0207295423	-0.0556217732	-0.0035940316	-0.0007380281	0.0167254918	-8.68915e-05	-0.0419413667	0.0109934875	-0.0322681608	0.069266633	-0.021417406	-0.0281517163	0.0289474269	-0.0342226521	0.0084733366	0.0063609716	-0.0090525882	-0.0194185371	-0.0305146373	-0.0014281077	0.0055580701	-0.0334209179	0.019938574	0.0276484958	-0.0430123645	-0.0872648653	0.0298297713	-0.0580635986	0.0453769873	-0.0316788334	-0.0017458892	-0.0363717172	-0.0024858286	0.0198526257	-0.0708962487	-0.0470768773	0.0617960835	-0.0422760068	0.0597954277	-0.0052620961	-0.0541849826	-0.0452355607	-0.0602871998	0.0147627401	-0.0055049066	-0.0919774509	-0.0063228012	0.0023561358	-0.0199104537	-0.0232349149	0.0178608875	0.0104637926	0.0567255178	0.0192923106	-0.0003719125	0.0194599272	-0.0411860417	0.0036731143	0.0240068758	0.0013327955	-0.0936977954	-0.0087187475	0.0258808726	0.0318254474	-0.0044721145	-0.0045674576	-0.0447963874	0.0486128432	0.0483269654	-0.0232257808	0.0169268484	0.0009955617	-0.0307762617	0.015542427	0.0129995074	-0.0194304015	0.0054678756	0.0066427582	0.0662552871	0.0380475864	0.0157584915	0.0385130743	0.0058272742	0.0264384257	0.0027544481	-0.001996042	-0.0189016121	-0.000621376	0.0216350175	0.029350774	-0.0113267435	-0.0063714255	-0.0642441768	0.0288822798	0.0499388282	-0.00402569	0.0507174488	-0.0305232529	0.0042633031	-0.0257333293	-0.0087875971	-0.0170727806	0.0475119051	-0.0336234439	-0.0517790719	0.0435780803	0.0217412438	-0.024337301	0.0092470007	0.0025180322	0.0025473221	0.0021874872	0.0249377718	0.0298655207	-0.0238668499	-0.0137852737	0.0210038518	0.0248441861	0.0047116992	-0.0515315802	-0.1085487889	0.0010153558	0.0482632777	0.0444015791	-0.0155151108	-0.0080759224	-0.0249017314	0.0162436541	-0.0051822978	-0.0664097003	-0.0703342548	0.0425064174	-0.0065780258	-0.0180142612	-0.091257957	-0.0216139259	-0.041980847	-0.0107791179	0.0557997936	0.0025015021	-0.058237616	0.0385180722	-0.0279806896	-0.0246097634	-0.0169830249	0.0149785539	0.0021439014	-0.0343545657	-0.0506988141	-0.0026552691	-0.0164178219	-0.031662523	-0.0119800272	0.0083227175	-0.0210164644	-0.0186682068	0.0652658082	0.022678122	0.003856676	0.0197871857	0.0085190269	0.0167995471	-0.0180259273	0.0186708804	-0.0100313716	0.0176238722	0.0147362298	0.0571689197	-0.0040259948	-0.0267475647	0.0257435834	-0.0647123856	0.0253617407	0.0500290138	-0.0164089562	0.0246844463	0.0021068079	0.0024729968	0.0237905867	0.0225350254	-0.0132802592	0.002712929	-0.0244051859	-0.0246446833	0.048969429	-0.0241649094	-0.0248833938	0.0489670838	-0.0239238614	-0.0251213099	0.0489631754	-0.0236820496	-0.025358424	0.0489577037	-0.0234394817	-0.0255947285	0.0489506689	-0.0231961654	-0.0258302158	0.0489420714	-0.0229521086	-0.0260648785	0.0489319113	-0.022707319	-0.026298709	0.048920189	-0.0224618045	-0.0514604	-0.013542	0.000183385764	0.00264817276816	-3.21093	0.0125200000000003	10.310071464899998	0.0001567504	-0.620402	-0.0168209999999999	0.0002829460409999	0.384898641604	-0.0147863	-0.0001792	0.00021863466769	3.211264000000032e-08	-0.00123912	0.0006937499999999	1.5354183744e-06	4.812890624999999e-07	0.0008823859999999	0.0002664969999999	7.786050529958236e-07	7.102065100894672e-08	0.0	0.0	0.0	0.0	0.0	0.0	0.0	0.0	0.0	0.0	0.0	0.0	0.0	0.0	0.0	0.0	0.0	0.0	0.0	0.0	0.0	0.0	0.0	0.0	0.0	0.0	0.0	0.0	0.0	0.0	0.0	0.0	0.0	0.0	0.0	0.0	0.0	0.0	0.0	0.0	0.0	0.0	0.0	0.0	0.0	0.0	0.0	0.0	0.0	0.0	0.0	0.0	0.0	0.0	0.0	0.0	0.0	0.0	0.0	0.0	0.0	0.0	0.0	0.0	0.0	0.0	0.0	0.0	0.0	0.0	0.0	0.0	0.0	0.0	0.0	0.0	0.0	0.0	0.0	0.0	0.0	0.0	0.0	0.0	0.0	0.0	0.0	0.0	0.0	0.0	0.0	0.0	0.0	0.0	0.0	0.0	0.0	0.0	0.0	0.0	0.0	0.0	0.0	0.0	0.0	0.0
55434.77179936144	-55.073477092075336	3073013924.4472785	3033.087879011347	67499.2560419922	-823.5741093749966	4556149566.22242	678274.3136328189	55891.41055480839	11.223213476187084	3123849773.8061466	125.96052073206737	56077.20612251725	56291.58466987115	1.153118	26.416643	0.1041959500000003	0.0541974	-0.003880089	0.0070904214	-0.002989379	-0.0036467191	0.012183731	0.0078046207	-0.0116254782	0.0217474568	0.0090868333	-0.0454672601	-0.022121554	0.0110968383	0.0418927991	-0.0107395976	0.0523136641	0.0186976484	-0.0131624803	-0.0077151446	0.0007894401	0.0302796198	0.0074409615	-0.0309467508	-0.0166501296	0.0510046295	-0.0877481949	0.0034748831	-0.0337962901	-0.0185286896	-0.0476395851	0.0090974254	-0.0677680215	0.0591760058	-0.0388511226	0.0314884738	0.0253859477	0.0599881975	0.0149386538	0.0083715551	0.0096831283	0.0156504039	0.0508334612	0.0020677326	0.0822483188	-0.0250771025	-0.0426052993	-0.0305198354	-0.0631068746	-0.0064168713	-0.0144842171	-0.0002497252	-0.0398635725	0.0277372733	-0.0179155194	0.0268421109	0.02044236	0.0293712777	0.0146754565	0.0258532733	-0.0270469711	0.0028568935	-0.0445714662	0.0457618403	-0.0391737616	-0.0354623534	-0.0259452827	-0.0082959072	-0.0394737493	-0.0061029601	0.0460034749	-0.0394947517	-0.0493703439	-0.0379114799	0.0219909614	-0.0184744706	-0.0384051577	-0.0205753188	0.0170722917	-0.0547596311	-0.0509879583	-0.0214788346	-0.0287933597	-0.0370814588	0.0622965463	0.0292986714	-0.0495633254	-0.0384440681	-0.0292477202	-0.0280274133	0.0291523588	-0.0278800457	0.0269554074	-0.0181677283	0.0126434344	0.0590835615	-0.0615022651	-0.0297135701	0.0162342044	-0.0257699129	0.0209917979	-0.033730055	-0.0422364512	-0.0311730254	0.0180680985	0.0236610682	0.0431153993	-0.0074745031	0.0539362269	-0.0327920686	0.0059410553	0.0436136623	0.0049201985	0.0114217959	-0.0093627267	0.0009804131	-0.0337298567	-0.0085828159	0.0277913271	0.0090192521	0.0122634356	0.1062093027	-0.0026951111	0.0324961281	-0.0138757698	-0.0378586155	-0.0132187172	-0.0776388361	0.0429716313	-0.0492670846	0.0333591189	0.0231917023	0.0594891026	-0.0141815356	0.0076652175	0.0160690787	-0.0177628377	-0.0466301043	0.0066196313	0.0017087666	0.0800245166	0.0475291509	0.0043495004	0.0621618056	0.0191683226	0.0006980314	0.0125474293	0.0416855102	-0.0076214543	0.0473039997	0.0325896502	-0.0069246268	-0.0078828837	-0.0249880023	-0.028243601	-0.0186921158	0.0256683153	0.0549363038	0.0064978102	0.0607850721	0.0475992064	-0.011568279	-0.0011146032	0.052841651	0.0023942447	-0.0352382014	-0.0240052362	0.0411016241	0.0151511942	0.0587792494	-0.021630609	-0.0479352432	-0.0242497084	0.0052569403	0.033119203	-0.0020101506	-0.0626603012	-0.0614067969	0.00479047	0.0622646659	0.0310132547	-0.0502754238	-0.0237352656	-0.0446303931	0.0197613504	0.01047655	-0.0198950382	0.0301285438	-0.017965669	0.0338217184	0.0406668931	0.0642511502	-0.0243414526	0.0268898285	0.0154506892	0.0151662289	0.0459247119	0.039610003	0.0339959638	0.0063345551	-0.0057295541	0.059084892	0.0385607233	0.060928257	0.0030379031	-0.0316634216	-0.0450966256	-0.0021257809	-0.0084243656	-0.0006490812	0.0040915229	0.0115668799	-0.0027506517	0.0164117608	-0.0104922049	0.0042182266	0.0146198431	0.0092297179	0.0436658709	-0.0372100454	0.006081147	0.014534539	0.0055341086	0.0070615259	-0.008190602	-0.0728247602	-0.001197462	0.0397127516	-0.0627686442	-0.0086762305	-0.021426451	0.0972809981	0.0181596294	-0.0225706805	-0.0245649379	-0.02432518	0.048969429	-0.0248039116	-0.0240846454	0.0489670838	-0.0250420933	-0.0238433419	0.0489631754	-0.0252794756	-0.0236012772	0.0489577037	-0.0255160508	-0.023358459	0.0489506689	-0.0257518113	-0.0231148951	0.0489420714	-0.0259867497	-0.0228705931	0.0489319113	-0.0262208584	-0.022625561	0.048920189	-0.02645413	-0.0474374	0.004023	1.6184529000000047e-05	0.0022503069187599	-3.25044	-0.0395100000000003	10.565360193600002	0.0015610401	-0.595882	0.0245199999999999	0.0006012303999999	0.355075357924	-0.0147943	-7.999999999999327e-06	0.00021887131249	6.399999999998923e-11	-0.00139871	-0.00015959	1.9563896641e-06	2.5468968100000013e-08	0.000327117	-0.0005552689999999	1.07005531689e-07	3.083236623608889e-07	0.0	0.0	0.0	0.0	0.0	0.0	0.0	0.0	0.0	0.0	0.0	0.0	0.0	0.0	0.0	0.0	0.0	0.0	0.0	0.0	0.0	0.0	0.0	0.0	0.0	0.0	0.0	0.0	0.0	0.0	0.0	0.0	0.0	0.0	0.0	0.0	0.0	0.0	0.0	0.0	0.0	0.0	0.0	0.0	0.0	0.0	0.0	0.0	0.0	0.0	0.0	0.0	0.0	0.0	0.0	0.0	0.0	0.0	0.0	0.0	0.0	0.0	0.0	0.0	0.0	0.0	0.0	0.0	0.0	0.0	0.0	0.0	0.0	0.0	0.0	0.0	0.0	0.0	0.0	0.0	0.0	0.0	0.0	0.0	0.0	0.0	0.0	0.0	0.0	0.0	0.0	0.0	0.0	0.0	0.0	0.0	0.0	0.0	0.0	0.0	0.0	0.0	0.0	0.0	0.0	0.0
55542.97453111199	108.202731750549	3085022019.763756	11707.831158281262	68420.6570234375	921.400981445302	4681386307.518867	848979.7686083658	55984.27831747915	92.86776267075766	3134239418.7289658	8624.42134347217	56163.615097786336	57314.52436586851	1.098043	25.154919	0.1620633500000002	0.0913435	-0.0052253843	0.0008963814	-0.0111139245	-0.0094827512	0.0193904381	0.0078974183	-0.0231653905	-0.0133473556	-0.0207076263	0.0615195932	0.0022988944	0.0222229363	-0.0182584377	-0.0293962027	0.0320663281	0.0069717749	-0.0287319069	-0.0282157264	0.0276899158	-0.0317773213	0.0249258736	0.0309558656	-0.0477119106	-0.0166996423	0.017577821	0.0670658199	-0.0071813139	-0.0262666111	0.0025664675	-0.0252615363	0.0864655373	0.0187915135	0.0204529866	0.0211125164	-0.0166399902	-0.0361595199	0.0049021592	0.0176176548	-0.0328425902	-0.0256424307	0.038367972	0.037199725	-0.031715037	0.0370259061	0.0195372143	-0.0511594333	-0.0186178877	0.0512913584	0.0141188836	0.0307325899	-0.0318296825	-0.0146373382	0.0774091651	-0.019399617	0.0325958662	0.0382486165	-0.018721783	0.029577629	0.0080734489	-0.0017832065	0.0252779173	-0.0027836547	-0.0084685646	0.0350911052	0.0217435367	0.0271876977	0.0272415653	-0.0706458371	-0.0103340144	-0.026043604	0.0177175401	-0.024797199	0.0461273468	-0.0113189155	-0.0125343674	0.0227318323	0.033227873	0.0002479642	0.0656004129	-0.0367706178	0.0202576366	0.0623931702	-0.0124997712	-0.0047959943	0.0414142429	-0.049583617	0.0263494229	-0.0016088396	0.044126148	-0.0370058111	0.0036014414	-0.0032430235	0.029610619	-0.0383735988	-0.0176418298	0.0147490809	0.0388315572	0.057504616	-0.0122430659	-0.0515375437	-0.0417335502	0.0090504338	-0.01766737	0.0392257169	-0.0225151227	0.0107112786	0.0024059123	-0.0013981874	0.0476303377	0.0270830698	-0.0313223032	0.0138200316	-0.0282218878	-0.0281742896	0.0321616123	-0.0222533123	-0.0327926406	0.045785952	-0.015134171	-0.0151245541	-0.0677487325	0.0090302405	-0.0242439332	-0.0032009366	-0.0163634036	0.0814383526	0.0316990945	0.0209045865	0.0132652323	-0.0204380174	-0.0281958696	-0.0084180824	0.0249480114	-0.0334222637	0.0197690522	-0.0393831377	-0.0348356748	0.016853145	-0.0281772248	-0.0228172807	0.0574130957	0.0367621881	-0.0357587923	-0.0146674209	-0.037529716	0.0142605735	-0.0382081811	-0.0466431054	0.032903666	-0.0673060415	-0.0008375451	-0.042379289	0.0190643662	0.0364548862	0.0001892425	-0.0264351279	-0.026140536	0.0070275678	-0.0433160514	0.0104706212	-0.027863874	-0.0449837136	0.0435182392	-0.0022851466	-0.0539175915	-0.0261535211	0.0174164158	0.0477516798	0.0027597371	-0.0151381199	0.0076303246	0.0436285505	0.0024488235	0.0542530091	-0.0007817619	0.0816781428	0.0138175963	-0.0090119471	0.0002297544	0.0376140708	-0.0472546671	0.0084996123	-0.0279884546	0.0132679678	-0.0323319506	0.0446143594	-0.0215394531	-0.0037571418	-0.0361060104	0.0209923541	0.0199461488	0.0080054425	-0.0187002581	0.0694385007	0.0247419036	0.0419998339	-0.0001316646	-0.0478760293	0.0294208389	-0.0207611962	-0.0124857896	-0.0091835679	0.0301026858	0.0135636405	-0.0363416434	-0.0206407143	0.0213152685	-0.0070475456	-0.0027992469	0.0359105532	0.0086304636	0.007290824	-0.0298169662	0.0253262264	0.0054752501	0.0108732384	0.0063982622	0.0102145662	-0.017926708	-0.008766056	0.0042974819	0.0368937434	-0.0049972083	0.0293389144	-0.0190619208	0.0769875297	-0.0618996701	0.0214748825	-0.0246630316	0.0866340535	-0.0238997414	-0.033530905	-0.0247243413	-0.024004296	0.0489631754	-0.0254372825	-0.0232773535	0.0489420714	-0.0261429148	-0.0225437227	0.0489069049	-0.0268410355	-0.0218036145	0.0488576859	-0.0275314438	-0.0210572413	0.0487944286	-0.0282139416	-0.0203048178	0.0487171511	-0.0288883326	-0.0195465601	0.0486258757	-0.0295544231	-0.018782686	0.0485206286	-0.0302120217	-0.0508795	-0.0034421	1.1848052410000025e-05	0.00258872352025	-3.21087	0.0395700000000003	10.3096861569	0.0015657849	-0.619687	-0.0238049999999999	0.0005666780249999	0.384011977969	-0.0136012	0.0011930999999999	0.00018499264144	1.4234876099999976e-06	-0.000686885	0.000711825	4.7181100322500003e-07	5.06694830625e-07	0.000327117	0.0	1.07005531689e-07	0.0	0.0	0.0	0.0	0.0	0.0	0.0	0.0	0.0	0.0	0.0	0.0	0.0	0.0	0.0	0.0	0.0	0.0	0.0	0.0	0.0	0.0	0.0	0.0	0.0	0.0	0.0	0.0	0.0	0.0	0.0	0.0	0.0	0.0	0.0	0.0	0.0	0.0	0.0	0.0	0.0	0.0	0.0	0.0	0.0	0.0	0.0	0.0	0.0	0.0	0.0	0.0	0.0	0.0	0.0	0.0	0.0	0.0	0.0	0.0	0.0	0.0	0.0	0.0	0.0	0.0	0.0	0.0	0.0	0.0	0.0	0.0	0.0	0.0	0.0	0.0	0.0	0.0	0.0	0.0	0.0	0.0	0.0	0.0	0.0	0.0	0.0	0.0	0.0	0.0	0.0	0.0	0.0	0.0	0.0	0.0	0.0	0.0	0.0	0.0	0.0	0.0	0.0	0.0	0.0	0.0	0.0
55392.328803392185	-150.64572771980602	3068310090.263112	22694.13528022993	67478.80288476562	-941.8541386718716	4553388838.761053	887089.2185333332	55839.77668641199	-144.50163106715627	3118080660.38836	20880.721381068543	56023.67847957303	56088.57591124695	1.111503	25.46327	0.0239957000000001	0.0138544	-0.0006981617	0.0005478708	-0.0046935763	-0.0115399338	-0.0029550639	0.0038700659	-0.0083080575	-0.0073170653	0.0104952993	-0.0585843679	-0.0065716134	-0.0134813982	0.0425170309	-0.0304927694	0.0507916338	-0.0128436273	-0.0125801096	-0.0167545382	-0.026712633	-0.0026129075	0.0148456622	-0.0212413389	0.0315496323	0.021035767	-0.032454351	-0.0002377161	-0.0439480542	-0.0077412774	0.0553629946	-0.0385648617	-0.0447446913	0.0534648536	-0.007774712	-0.0067980209	0.0681723429	0.0263687075	0.0525546389	-0.0190161557	-0.0407007243	0.0095590609	0.0029861396	0.028259407	0.0066544373	0.0427242405	-0.0038602524	0.0054877219	0.0522521898	-0.0478944403	-0.0369169632	0.004354297	0.0245747761	-0.0006978081	0.0121808213	0.0950755672	0.0400136401	-0.0498817092	-0.066826241	0.0265440996	-0.0121477954	-0.0215171333	-0.015749262	-0.0305817977	0.0104025766	-0.0512000705	-0.0430822274	0.0171721778	-0.0104176512	0.0349820995	-0.0528309719	-0.0433674697	0.0207214711	-0.0213454039	0.0021477382	0.0203852987	0.0013573509	-0.0010190964	0.0417681922	-0.0372697223	-0.0126777805	0.0006796795	-0.0105279543	-0.0196595447	0.0288833739	0.0276081593	-0.0356641506	0.0110175579	-0.0519852736	-0.0363029132	0.0984474295	-0.0289255729	0.0414968955	-0.0600843896	0.0502396396	0.0367798614	0.0327953093	-0.0049869359	0.0555344223	0.018897679	0.0097348978	0.00852289	0.0072401407	0.0587200086	-0.0080780022	-0.0376360332	0.0445285111	-0.0180298332	-0.0632256087	0.034878866	0.0129480481	-0.0148039766	0.0132069537	-0.0166802498	-0.0162149951	0.0256960448	0.0036830301	-0.0165474602	0.0195510263	-0.0314889866	0.0118633135	0.0331496077	0.0004771599	0.0321789013	-0.0129655575	0.0668066386	-0.0488801108	-0.0466255549	0.038417128	-0.0140983266	0.0008128681	0.0678274308	0.0274785675	-0.046995642	-0.0206133372	-0.0418210577	-0.0164795839	-0.0078769132	-0.030583617	0.0297859467	0.0030038985	0.0060496473	0.012632414	-0.0651576938	0.0172970635	0.0415805789	0.0090751455	-0.0287253369	0.0109247008	0.0100487105	0.0948577523	0.004476989	0.01262016	0.0382636798	0.0734596569	-0.019694761	0.0395936362	0.0168767911	0.0513414575	-0.0229785688	0.0444149636	-0.0346379174	-0.0119347372	0.015740014	-0.0290929638	0.0566135066	-0.0455622627	9.12766e-05	0.0243155055	-0.0028295102	0.0143320925	0.0059751528	-0.0127029112	0.0255034362	0.0345320653	-0.0131171889	-0.0067054529	-0.0302660896	-0.008687437	0.0288362169	0.0173309505	-0.0436055769	0.0243994651	-0.0332897084	0.0358241701	0.0710362916	-0.044497582	0.0765799209	-0.0706569211	0.0309976689	0.0265940248	-0.0182602673	0.0286708282	0.0535151468	0.0073712097	0.0287521546	-0.028934737	0.0001769504	-0.0690404919	0.0266325736	0.0043308149	0.0049027166	0.0327177282	-0.0475165354	-0.0349559788	0.0416839043	0.0151283092	-0.0175605964	-0.0147039802	-0.0121140539	-0.0016230379	0.0417240103	0.011696591	-0.0015002821	-0.0338859726	-0.0065321629	0.0338334455	-0.0257369187	0.0115997336	0.025405278	0.0496385561	-0.0224144062	0.0140372242	-0.0329244521	0.0021133303	-0.0463641734	-0.0200684878	0.0230953847	-0.0309437579	0.0302670781	-0.0093312934	0.0142942814	-0.0415116635	-0.0242738417	-0.0248833938	-0.0236820496	0.0489506689	-0.0260648785	-0.0224618045	0.0488920593	-0.0272255606	-0.0212236325	0.0487944286	-0.0283645137	-0.0199685217	0.0486578547	-0.0294808289	-0.018697474	0.0484824465	-0.0305736153	-0.0174115036	0.0482683442	-0.0316420006	-0.016111637	0.0480157186	-0.0326851323	-0.0147989116	0.0477247713	-0.0337021777	-0.0582421	-0.0073625999999999	5.420787875999995e-05	0.0033921422124099	-3.21212	-0.0012500000000001	10.3177148944	1.5625000000004886e-06	-0.611834	0.0078529999999999	6.166960899999999e-05	0.374340843556	-0.0137249	-0.0001236999999999	0.00018837288001	1.5301689999999792e-08	-0.00069043	-3.5449999999999805e-06	4.7669358490000003e-07	1.256702499999986e-11	0.00030376	-2.3357e-05	9.227013759999998e-08	5.45549449e-10	0.0	0.0	0.0	0.0	0.0	0.0	0.0	0.0	0.0	0.0	0.0	0.0	0.0	0.0	0.0	0.0	0.0	0.0	0.0	0.0	0.0	0.0	0.0	0.0	0.0	0.0	0.0	0.0	0.0	0.0	0.0	0.0	0.0	0.0	0.0	0.0	0.0	0.0	0.0	0.0	0.0	0.0	0.0	0.0	0.0	0.0	0.0	0.0	0.0	0.0	0.0	0.0	0.0	0.0	0.0	0.0	0.0	0.0	0.0	0.0	0.0	0.0	0.0	0.0	0.0	0.0	0.0	0.0	0.0	0.0	0.0	0.0	0.0	0.0	0.0	0.0	0.0	0.0	0.0	0.0	0.0	0.0	0.0	0.0	0.0	0.0	0.0	0.0	0.0	0.0	0.0	0.0	0.0	0.0	0.0	0.0	0.0	0.0	0.0	0.0	0.0	0.0	0.0	0.0	0.0	0.0
55463.23369644911	70.90489305692608	3076170292.0669284	5027.503859414125	68319.47458496093	840.6717001953075	4667550607.565123	706728.907509269	55944.27674119016	104.5000547781674	3129762100.09487	10920.261448639989	56135.24787590688	56599.5479802912	1.044566	23.929836	0.1261609499999999	0.0668092	-0.0040407176	-0.0077889924	-0.0096119173	-9.2514e-05	-0.0018126357	0.0296699438	-0.0311337342	0.042751373	-0.0106359743	0.0425926942	-0.0069014035	-0.0078407644	-0.0175299667	-0.0257654836	0.0311540553	0.0178087179	-0.0011216545	-0.0113502579	0.0294037918	0.0153413844	0.0177988462	-0.0048917396	-0.0141691529	-0.0003693802	-0.0191916376	0.021146437	0.0312877115	-0.0293534236	0.0032433159	0.0622532859	0.0302990885	-0.034029946	-0.0094367947	0.0377359989	-0.0351221958	0.0313897235	-0.0142118041	-0.0043901043	-0.0203106361	-0.0177033824	-0.0021980794	-0.0076134932	0.0197126505	0.0095165926	0.0111734502	0.0748132968	-0.0603431265	0.0138047609	0.0371700994	-0.0320538704	-0.0705916013	0.0139986435	0.0457594464	0.0232264618	-0.0319801934	0.0057566447	0.034429783	-0.0816741778	-0.0069500482	-0.0398261232	0.0086945438	-0.0009262817	-0.0534746912	-0.0067666108	-0.0101457482	-0.0253443053	0.0613286187	0.0496558183	0.0012671886	-0.0178474528	-0.0161325481	0.0141654646	0.0211701185	0.0259493149	-0.0204133455	-0.037262535	-0.0263786525	0.0120954969	0.009420026	-0.0214499437	-0.0295970705	-0.0097904926	-0.0126974166	-0.0634104843	0.0102202665	0.0676272905	-0.0083305108	-0.0277780736	-0.0041020255	-0.0322888992	-0.0222506061	0.0070011556	0.0076326867	-0.0167415168	-0.0162123335	0.0552044982	-0.031009686	0.0178256066	0.0326313307	-0.050198861	0.0065926815	0.0002580151	0.0421460343	-0.0205275022	-0.0142044221	-0.0214783654	0.0182145669	-0.0248957508	-0.0431134885	0.0012679039	-0.0071489471	0.0035559623	-0.0144573666	-0.0320502937	-0.0146555927	-0.0190647867	0.0051320313	0.0103895057	-0.0094081706	0.0174752112	-0.0163199316	-0.0264984316	-0.0387337429	-0.0093647976	0.0694166969	0.0317105356	-0.0290503291	-0.0102500834	0.0281320176	-0.03762054	0.0320109809	0.0139306371	0.0005297184	-0.0225834177	0.0228326141	0.0043295786	0.0046977672	0.0205783922	0.0185703497	-0.0164219831	-0.0683466219	0.0611126243	0.0022630191	-0.0097552791	0.0268711641	0.0315581155	-0.085266195	-0.0516863862	0.0091004428	0.0466613898	-0.0152589352	0.0344781144	-0.0583033653	-0.0362870895	0.0272165587	-0.0290055896	0.0073251318	0.042069777	-0.0050645782	-0.0019100855	0.0330005312	-0.0383645358	-0.0720591474	0.001548312	-0.0004753949	0.0272985572	-0.0213479821	0.005390514	0.0224873257	-0.0262345142	-0.0314264742	-0.0375988412	-0.0145510185	0.0238700731	0.0096870558	-0.0157173077	0.0092007938	-0.0239056108	-0.0604465	0.0354512872	0.0689502989	-0.0124218945	0.003912531	-0.0351466257	-0.0378697673	0.0079475417	-0.0101720517	-0.0060400704	-0.0279360409	0.0027253763	0.0050238588	-0.0685678945	0.0103025164	0.0279886007	-0.0182251394	0.0459257264	-0.0078569969	-0.0075417009	-0.0408324766	-0.0035078638	0.0019895253	0.0329331649	-0.0195237681	-0.040212369	0.0219196172	0.0024914909	0.0076092041	0.0360802753	-0.0056571049	0.0316269513	0.0016524327	-0.0284431268	-0.0337199415	0.0032726607	0.0175540476	-2.8681e-06	-0.0067632255	0.0303581927	-0.0449166696	-0.048239277	0.0268559302	0.0363673851	-0.0391655695	-0.0258213894	-0.0079909896	-0.0134100892	-0.0275951303	0.0623611748	-0.00723685	0.0152426434	-0.0418094915	-0.0243331531	-0.0250420933	-0.023358459	0.0489319113	-0.026686557	-0.0216382877	0.0488170731	-0.0282892778	-0.0198842699	0.0486258757	-0.0298477488	-0.0180991493	0.0483586182	-0.0313595323	-0.0162857183	0.0480157186	-0.0328222635	-0.0144468132	0.0475977133	-0.0342336544	-0.0125853106	0.047105256	-0.0355914973	-0.0107041222	0.0465391172	-0.0368936684	-0.0533782	0.0048638999999999	2.365752320999997e-05	0.00284923223524	-3.20156	0.0105599999999999	10.249986433600002	0.0001115135999999	-0.559448	0.052386	0.002744292996	0.3129820647039999	-0.0126953	0.0010296	0.00016117064209	1.0600761600000006e-06	-0.000627512	6.291800000000002e-05	3.93771310144e-07	3.958674724000002e-09	0.000229257	-7.450299999999999e-05	5.2558772049e-08	5.5506970089999994e-09	0.0	0.0	0.0	0.0	0.0	0.0	0.0	0.0	0.0	0.0	0.0	0.0	0.0	0.0	0.0	0.0	0.0	0.0	0.0	0.0	0.0	0.0	0.0	0.0	0.0	0.0	0.0	0.0	0.0	0.0	0.0	0.0	0.0	0.0	0.0	0.0	0.0	0.0	0.0	0.0	0.0	0.0	0.0	0.0	0.0	0.0	0.0	0.0	0.0	0.0	0.0	0.0	0.0	0.0	0.0	0.0	0.0	0.0	0.0	0.0	0.0	0.0	0.0	0.0	0.0	0.0	0.0	0.0	0.0	0.0	0.0	0.0	0.0	0.0	0.0	0.0	0.0	0.0	0.0	0.0	0.0	0.0	0.0	0.0	0.0	0.0	0.0	0.0	0.0	0.0	0.0	0.0	0.0	0.0	0.0	0.0	0.0	0.0	0.0	0.0	0.0	0.0	0.0	0.0	0.0	0.0
55401.85265501635	-61.38104143275996	3069365277.6081424	3767.6322473701935	67906.10747558594	-413.3671093749872	4611239432.485829	170872.36711303264	55801.43886756528	-142.83787362487783	3113800579.690625	20402.65814167657	55977.88553312322	56426.68815569196	1.092633	25.030998	0.1823912999999998	0.0859746	-0.0004439334	0.0010465618	-0.0039936642	-0.0109759042	-0.0166174294	0.0009288006	-0.0174419319	-0.0456176242	0.0141672322	0.0043264877	-0.0265475329	0.0147829238	0.0229022821	-0.0352685261	-0.0322337875	-0.0207474182	-0.0575453185	0.0127945363	-0.0341954021	-0.0381699507	0.0185112001	0.0005257771	0.0247168756	-0.0084822836	0.0053747377	0.0442734124	-0.0389634425	-0.0104622952	-0.0153306128	0.0006801826	-0.0212406191	-0.0051806034	-0.0059947023	-0.0385774802	-0.0760556897	0.0777857814	0.0259733575	0.008335044	-0.0032286805	0.0681975129	0.0031207194	0.0011555276	-0.0089740768	0.0266388248	0.0192010893	-0.0322217918	0.0285394816	0.0537141792	-0.024681242	-0.0264975614	-0.0065179363	-0.0229263234	-0.0022207406	0.0034773401	-0.0130710948	0.0632749266	-0.0304285104	-0.0489461853	0.0097543856	0.0398682677	-0.0348167977	0.0163050103	-0.0084561564	-0.0149422371	-0.0018467564	-0.0070033155	0.0274447378	0.0171920245	-0.0181029791	-0.0074954324	0.0024370735	0.0508723149	-0.0199039216	-0.0156383835	-0.0166696365	-0.0541288115	-0.0352179104	0.0138315787	-0.008051627	-0.011186681	0.0171484718	0.0477509316	0.0030440893	0.0228812868	0.0164204735	-0.0450299127	0.0076713773	0.0393878445	-0.028458351	0.0075897381	0.0120057727	-0.0311477181	0.0364743229	0.0280179226	-0.0094291469	-0.026636151	-0.0196980226	0.024770984	-0.0068435572	0.1244709499	-0.0188227073	0.0445592614	-0.003074461	0.049851172	-0.0443760377	0.0306215847	0.0134993472	-0.0275952416	-0.0240633553	0.0228886509	0.0027929273	0.0382210168	0.0155339608	0.0341380931	0.0383756074	-0.0178172939	-0.0027419324	-0.0272606646	-0.0060932708	-0.006125388	-0.0466702218	0.0374696653	-0.0053034951	-0.0133772846	-0.0097485706	-0.0246243702	-0.011517458	-0.0109254927	-0.0465940481	-0.0690806512	0.0805914596	-0.0247652362	0.0056535308	0.0052061886	-0.066481895	0.0007147978	0.0020381983	0.0170739489	-0.0146285538	-0.0061116575	0.0418828998	-0.0092753871	-0.0634957498	0.0180074117	0.0082720001	0.0045980841	0.001178689	-0.0294685578	-0.0080692908	0.0200177633	-0.0717735224	-0.0128645165	0.001189325	-0.0115949438	-0.03731267	0.0362014072	-0.0214566089	0.0223205514	0.0050467244	0.0039578835	0.0150057094	-0.0107452985	-0.0420316319	0.0184864585	-0.0221767424	-0.0090566885	-0.0509380206	-0.017020011	-0.0238665649	-0.0097252545	-0.0329976963	-0.031324569	-0.0430452273	-0.0105397215	-0.0205732669	0.0466863006	0.0203578144	0.0116932088	0.0214764003	-0.0031469323	-0.040464249	0.0118992068	-0.0038633744	0.0184031759	0.0626106418	0.002095558	-0.0226109403	0.037015668	0.0025380047	0.0132747809	-0.0283415806	0.0107599812	-0.0041220694	0.0123269839	0.0168491645	-0.1312334308	-0.0069647238	-0.0463325387	0.0250116787	0.0051222322	-0.0306706259	0.0152130577	0.0245296831	-0.0481164902	-0.0200477043	0.0377086574	0.026341804	0.0121693957	-0.0020610765	0.032239599	0.0043649124	0.0015456329	-0.0289727129	0.0052438766	0.0239638435	-0.0155368591	0.0173442891	-0.0110789463	0.073354724	-0.0112358517	0.0220072193	0.0026136786	0.0097350761	0.0617687366	-0.0192304527	0.0200940714	-0.0114951187	0.0258169238	-0.0162794905	-0.0001952039	-0.0235805213	0.0316430488	-0.0252004375	-0.0230335427	0.0489069049	-0.0273021769	-0.0208070951	0.0487171511	-0.0293333271	-0.0185268512	0.04840144	-0.0312886365	-0.0161987064	0.0479605879	-0.0331630496	-0.0138286801	0.0473957345	-0.0349517203	-0.0114229	0.0467083402	-0.0366500239	-0.0089875862	0.0459001824	-0.0382535695	-0.0065290352	0.0449733504	-0.0397582112	-0.0582505	-0.0048722999999999	2.373930728999996e-05	0.0033931207502499	-3.24613	-0.0445699999999997	10.5373599769	0.0019864848999999	-0.608473	-0.049025	0.002403450625	0.370239391729	-0.013829	-0.0011336999999999	0.000191241241	1.2852756899999993e-06	-0.000712744	-8.523199999999997e-05	5.08004009536e-07	7.264493823999995e-09	-0.000230291	-0.000459548	5.3033944681e-08	2.11184364304e-07	0.0	0.0	0.0	0.0	0.0	0.0	0.0	0.0	0.0	0.0	0.0	0.0	0.0	0.0	0.0	0.0	0.0	0.0	0.0	0.0	0.0	0.0	0.0	0.0	0.0	0.0	0.0	0.0	0.0	0.0	0.0	0.0	0.0	0.0	0.0	0.0	0.0	0.0	0.0	0.0	0.0	0.0	0.0	0.0	0.0	0.0	0.0	0.0	0.0	0.0	0.0	0.0	0.0	0.0	0.0	0.0	0.0	0.0	0.0	0.0	0.0	0.0	0.0	0.0	0.0	0.0	0.0	0.0	0.0	0.0	0.0	0.0	0.0	0.0	0.0	0.0	0.0	0.0	0.0	0.0	0.0	0.0	0.0	0.0	0.0	0.0	0.0	0.0	0.0	0.0	0.0	0.0	0.0	0.0	0.0	0.0	0.0	0.0	0.0	0.0	0.0	0.0	0.0	0.0	0.0	0.0
55449.95862266214	48.10596764578804	3074697911.2549434	2314.1841231376056	67901.1542890625	-4.9531865234457655	4610566753.78707	24.53405673604475	55892.6306157066	91.1917481413184	3123986157.1438227	8315.934929069645	56055.65685024679	56290.113607510655	1.138572	26.083391	0.1226719500000001	0.0682795	-0.0013834267	-0.0052564337	0.0015192114	0.0048604321	0.0258332419	0.006573678	-0.037252984	-0.0014050813	0.022913217	-0.0476887753	0.0326394604	-0.0187789705	0.0122500249	-0.0027909731	-0.0606948533	0.0048280326	0.0496668514	0.0211438701	0.0067643763	-0.0199275648	-0.02202486	-0.0212721232	-0.0143847148	0.0464868202	0.0453746072	-0.0282045246	0.0522933533	0.0052071786	0.0462827194	0.0400208307	-0.0455048147	0.0519078005	0.0052859087	-0.0213168328	-0.0018481287	0.0416406112	-0.0236589787	0.0413470749	-0.0224839635	0.0757413762	-0.007728856	-0.0276026306	-0.0444408632	0.0090277027	-0.0523242199	-0.0053437868	0.0195574069	-0.0129835097	0.0606424782	0.0540064086	0.0407706313	-0.0309721341	-0.0179551616	-0.0293553186	0.0199115591	-0.0564502262	0.0049690256	-0.0236005644	0.0100124268	0.0018695594	-0.0057542812	-0.0207261913	-0.0360578572	-0.0051762835	0.0649708598	-0.0033094971	-0.0382093864	-0.0236272581	-0.0329291615	0.0001243825	-0.051735643	0.0256044134	0.0028875115	0.0248081226	0.0134732033	0.008016441	0.0014306605	0.01786728	-0.0071240997	0.0125757196	0.033021093	0.0377626288	0.0554014166	-0.012480732	0.0014938101	-0.0308460039	-0.0414084049	0.0541511842	-0.0015535798	-0.0018877378	-0.0090504148	-0.0679259625	0.0204708927	-0.0667689421	0.0588917618	-0.0347955971	-0.0023939118	0.0735360423	-0.0461959573	-0.0084013563	0.0070881524	0.0132153	0.0153210876	-0.0056346332	-0.0417292128	-0.0184804132	0.0019535928	-0.0318925928	-0.0539511789	-0.037278941	-0.0405336257	0.0232535476	0.0230538078	-0.009115478	0.0228401167	0.0220288027	0.0203237211	0.0268004458	0.0628157562	-0.028045149	0.0306324354	-0.0535951293	-0.004793853	0.0399106678	0.0359144323	-0.0555022317	0.0407755923	-0.0010414636	-0.0201879271	-0.0008696951	0.0403135444	0.0242210958	0.0427067161	-0.0203289106	-0.0664640376	0.0116558259	0.0280473762	0.0094387377	-0.0527620418	0.0514035638	0.0007963677	-0.017135273	0.0228677509	-0.0474046391	-0.0554782479	-0.0205300511	0.0374137903	-0.015576521	-0.0336363206	-0.0169104687	0.0122479328	0.0547191872	0.0078816414	-0.0112249921	0.0025900432	-0.0054050935	0.0395038787	0.0086205253	-0.0262279406	0.0658489613	0.0020716566	0.0137289499	0.0527064827	0.0415882146	0.011074357	0.0529494166	-0.0295457289	-0.0004012212	0.0273075826	0.0117368691	0.0155095594	0.0076106587	-0.0245492325	-0.0233491731	-0.0052463376	0.0439162266	0.0079006494	0.0526198876	-0.0070976359	0.0051830227	-0.0101507764	-0.0287922936	-0.0405782237	0.0397375812	0.0456417774	-0.0172853766	-0.0763322793	-0.0552892646	-0.0219305175	-0.0659972331	-0.0100499324	0.0218860693	-0.0717728066	0.0211471125	-0.0084844067	0.0009003754	-0.0165927185	-0.0327441936	-0.0139274249	-0.0471599912	-0.0113386629	0.0276730988	-0.0078844256	-0.0447107883	0.0652688778	0.0124878753	0.0575865555	-0.041301795	0.0059512973	0.0034804152	-0.0201549972	-0.0045821219	-0.0274888477	-0.0087441649	0.0022928848	0.0311743148	-0.0322057863	0.0913630729	-0.0074709417	0.0078070994	-0.044220474	-0.0274128541	0.0121275552	-0.0250752904	-0.0012438023	-0.0030926812	-0.0032411003	-0.007840132	-0.0125529555	-0.0318389325	0.0089972924	0.0182654653	-0.025358424	-0.022707319	0.0488756528	-0.0279115985	-0.0199685217	0.0485923444	-0.0303569825	-0.0171526089	0.0481213794	-0.0326851323	-0.0142704553	0.0474645768	-0.0348870569	-0.0113331913	0.046624473	-0.0369542528	-0.0083521601	0.0456043123	-0.0388787369	-0.0053388741	0.0444080345	-0.040653077	-0.0023049702	0.0430402594	-0.0422704209	-0.0708459	-0.0125954	0.00015864410116	0.00501914154681	-3.24199	0.00414	10.5104991601	1.713960000000027e-05	-0.565568	0.042905	0.001840839025	0.3198671626239999	-0.0145341	-0.0007051	0.0002112400628099	4.971660100000002e-07	-0.000636383	7.636099999999994e-05	4.049833226890001e-07	5.831002320999991e-09	0.000248879	0.00047917	6.194075664099999e-08	2.296038889e-07	0.0	0.0	0.0	0.0	0.0	0.0	0.0	0.0	0.0	0.0	0.0	0.0	0.0	0.0	0.0	0.0	0.0	0.0	0.0	0.0	0.0	0.0	0.0	0.0	0.0	0.0	0.0	0.0	0.0	0.0	0.0	0.0	0.0	0.0	0.0	0.0	0.0	0.0	0.0	0.0	0.0	0.0	0.0	0.0	0.0	0.0	0.0	0.0	0.0	0.0	0.0	0.0	0.0	0.0	0.0	0.0	0.0	0.0	0.0	0.0	0.0	0.0	0.0	0.0	0.0	0.0	0.0	0.0	0.0	0.0	0.0	0.0	0.0	0.0	0.0	0.0	0.0	0.0	0.0	0.0	0.0	0.0	0.0	0.0	0.0	0.0	0.0	0.0	0.0	0.0	0.0	0.0	0.0	0.0	0.0	0.0	0.0	0.0	0.0	0.0	0.0	0.0	0.0	0.0	0.0	0.0
55417.14178407645	-32.816838585691585	3071059603.516432	1076.944894759336	67442.03044335937	-459.1238457031286	4548427470.323012	210794.70569323024	55863.412585378384	-29.21803032821481	3120720865.684212	853.6932962604803	56040.75931404615	56514.61006778866	1.18787	27.212757	0.2968811000000003	0.205485	-0.0028590475	0.0148267049	0.0209726966	0.0072925442	0.0152226173	-4.07027e-05	-0.0225641314	0.0172777551	0.0354047303	0.0259945849	-0.0618486816	0.0615348479	0.0292060207	0.0176359464	-0.0219246713	0.043334779	0.0547263822	0.0650438009	0.0099310687	-0.0420601417	0.0090839236	0.0103870613	-0.042860623	0.0037214322	-0.1085334145	0.0438546836	-0.0001521794	-0.03023894	-0.0621421604	-0.0393977177	-0.0414528824	-0.02604527	-0.053395609	0.0049857753	-0.0478692439	0.0366473648	-0.0180879044	0.0153954289	-0.0178378176	0.0108327388	-0.0668724714	-0.0549832589	-0.0384678798	-0.0005751382	0.0206353781	-0.0246518639	0.0017764228	0.0016099829	0.0124115216	0.0373357649	0.0022058374	0.0047742863	-0.0195786206	0.0168076944	-0.0560321687	0.018779112	-0.0105118562	-0.0047383186	-0.0151800442	0.0216546436	-0.022009108	-0.0338108225	-0.0368463958	0.0293997385	-0.0147460354	-0.0166715802	-0.0207236506	0.012745735	-0.059726814	0.0031306661	-0.0258130546	0.0187436607	0.0062683027	-0.0558225441	0.0081340024	0.012893835	-0.0312805904	-0.0289939386	-0.0432395826	-0.0162895927	0.0218691873	0.0275181579	-0.0144398298	0.0523762604	0.004983565	-0.0304620197	0.0195085958	-0.0116852675	-0.020191394	0.0236430937	-0.0243869865	0.00257263	-0.0039741002	-0.0179338459	0.018241228	0.0575375808	-0.0099080043	-0.0568363916	-0.0550953191	0.0426121596	0.0008008621	0.1148593442	-0.0097924763	-0.066200592	0.0331328929	0.0033038842	0.024849853	0.0004762672	0.0002143962	0.0010811221	0.0366783156	-0.0576789861	0.0660953505	-0.0113959913	0.0396424708	-0.0066138316	-0.0115802312	0.0282320757	-0.0422738664	0.104518037	-0.0427515552	-0.0043495916	-0.0223450796	-0.0563768105	-0.0482241697	-0.0305260495	-0.0380983696	-0.0589425038	0.0035350478	-0.0479118567	0.0347461459	0.0210513345	0.0050012615	-0.0208393394	-0.0035574294	0.0663034981	0.0489161393	-0.0275671744	-0.0410579385	-0.0199025932	0.0286103038	-0.0067620829	0.0053291857	-0.016521487	-0.0398822604	-0.0024008307	0.0005786788	0.0117024778	-0.003564428	0.0567018552	-0.0074484286	-0.0271233403	0.0090286217	-0.0143616205	-0.0085285994	0.0179170267	0.0187334171	0.0198976647	-0.0516669672	-0.0236543021	0.0168082504	0.0184300901	-0.0024801887	0.058757574	0.0069921936	0.0063731303	-0.0362273807	0.0222721304	-0.0515800493	0.0120157678	0.0346175351	-0.017574932	0.0033371825	-0.0190034433	-0.0561661854	0.0258542951	0.0050765711	-0.0151006435	0.0401367168	-0.0120963364	-0.0359529099	0.0228229863	0.0236953317	-0.0106429488	0.0112254786	-0.0144175582	-0.0035542825	-0.0138005174	-0.0156236835	-0.0282500543	0.0446960505	-0.0341923515	0.0212730168	-0.0522603968	0.0314121762	-0.0453944182	-0.1292862987	0.0298725764	0.0073991897	0.0161210883	-0.003960066	0.0013284196	-0.0230950745	-0.0009496722	-0.008559404	-0.0402662537	-0.052936787	0.0915896375	0.0212809133	-0.0499439977	-0.0250570407	0.0430440952	0.0083074921	0.0121656304	0.0029482822	0.03940977	0.096040558	-0.0413973377	-0.0554146234	-0.0252820708	0.0073569649	-0.0131133083	0.030184439	0.0172900438	0.0479841826	-0.017582478	-0.0157306537	-0.0351059149	-0.0141437884	-0.0782210856	-0.0104593186	0.0211312149	-0.0255160508	-0.0223798066	0.0488381591	-0.0285146833	-0.019122865	0.0484427166	-0.0313595323	-0.0157627911	0.0477860158	-0.0340352549	-0.0123177063	0.0468715983	-0.0365274207	-0.0088061905	0.0457043959	-0.0388225891	-0.0052471816	0.0442907033	-0.0409083818	-0.0016598739	0.0426381448	-0.04277355	0.0019363856	0.0407556328	-0.0444080345	-0.0772886	-0.0064426999999999	4.150838328999994e-05	0.00597352768996	-3.40891	-0.1669200000000001	11.6206673881	0.0278622864	-0.540916	0.024652	0.000607721104	0.2925901190559999	-0.0164654	-0.0019313	0.00027110939716	3.729919690000008e-06	-0.000590355	4.602800000000004e-05	3.48519026025e-07	2.118576784000004e-09	0.000248879	0.0	6.194075664099999e-08	0.0	0.0	0.0	0.0	0.0	0.0	0.0	0.0	0.0	0.0	0.0	0.0	0.0	0.0	0.0	0.0	0.0	0.0	0.0	0.0	0.0	0.0	0.0	0.0	0.0	0.0	0.0	0.0	0.0	0.0	0.0	0.0	0.0	0.0	0.0	0.0	0.0	0.0	0.0	0.0	0.0	0.0	0.0	0.0	0.0	0.0	0.0	0.0	0.0	0.0	0.0	0.0	0.0	0.0	0.0	0.0	0.0	0.0	0.0	0.0	0.0	0.0	0.0	0.0	0.0	0.0	0.0	0.0	0.0	0.0	0.0	0.0	0.0	0.0	0.0	0.0	0.0	0.0	0.0	0.0	0.0	0.0	0.0	0.0	0.0	0.0	0.0	0.0	0.0	0.0	0.0	0.0	0.0	0.0	0.0	0.0	0.0	0.0	0.0	0.0	0.0	0.0	0.0	0.0	0.0	0.0	0.0
55480.25158647697	63.109802400518674	3078058316.09878	3982.847159032513	67720.10694726562	278.0765039062535	4586012884.949094	77326.54202472461	55908.87017574348	45.45759036509844	3125801764.32814	2066.3925218010904	56078.54232576118	56544.75471635298	1.125072	25.774128	0.3320562000000003	0.219147	-0.0012783498	-0.0106469492	-0.0019516218	0.0042577024	0.0365460687	0.0064080347	-0.0379505315	-0.0072631866	0.0248509847	-0.0403975419	-0.0508201446	0.011721764	0.0442098388	-0.0295924964	-0.0409606233	0.0015983075	0.0130588194	0.0086966372	0.0052341018	0.0235719921	0.0354639749	-0.013995354	-0.0278914334	0.0333297159	0.0057916844	0.0408896345	0.0147899386	0.011527116	0.0047050738	-0.004361093	-0.039241487	0.0626760138	-0.015214789	-0.0240597658	0.0066737365	-0.0522211016	-0.0047485835	0.000905209	0.0170353231	-0.0137105546	-0.0123483011	0.0086107438	-0.0029696729	-0.0349788986	-0.0303229943	-0.0048510257	0.0111316854	-0.0768268181	0.0630164691	0.0421014285	0.0040984663	-0.0099588686	0.0371846887	-0.0042025945	0.0726189055	0.0259168217	-0.0310548883	-0.0124842613	0.0339697098	-0.0348794208	-0.0382503561	-0.0165849233	0.0010068568	0.0444049142	-0.0225527589	0.0012153188	0.0016411955	0.0366048733	0.0195782676	-0.0675699138	0.0482659084	0.0109958881	0.049941697	0.0470945444	-0.0244041076	0.0437044481	0.0208887612	0.1009110366	-9.03176e-05	0.0248759632	0.020268496	-0.0133801296	-0.0046925484	-0.0136124439	-0.0158763811	0.1034185547	0.0169044156	-0.0168358914	-0.0051056381	-0.0675573219	-0.0136477124	-0.0459971901	-0.0462023197	-0.0353776048	0.0125225241	-0.0191485448	-0.0269278135	-0.0240106575	0.0190245965	-0.0069013589	-0.0149691545	0.0026059307	-0.0108595652	0.0461234963	-0.0338619397	-0.0178566476	0.0292711144	-0.0500149981	0.0132372005	-0.0122328191	-0.0102987306	0.038552093	0.0094228989	-0.0048640653	-0.0203309108	-0.0348758126	0.0139121638	0.0324109499	0.0325131086	0.0061045362	-0.0407687317	-0.0164375512	0.0084173375	0.0075065298	-0.0101525586	-0.0493626203	0.0542361354	-0.0167529808	-0.0187675208	0.0054393378	-0.055435988	0.0069500904	-0.0020042157	0.0128716204	0.0071535306	0.0069889503	-0.0037393617	-0.0325121456	0.0044676094	0.0240855556	-0.0004875381	-0.0377320458	0.0876131434	-0.0500296995	-0.0338403856	-0.0058001582	-0.0052136528	-0.0300911021	0.0225461188	-0.0646210439	-0.0402007747	0.0301959265	0.0137142536	0.0304326945	0.0465892009	0.0163526221	-0.0208606306	-0.012355372	-0.0429501446	-0.024603025	-0.0011327298	0.0223819143	-0.0552150215	-0.0089421697	-0.0622172819	-0.0230415732	0.0050602728	0.0192788779	0.0709046953	-0.0218663436	0.044779878	0.0300711149	-0.0705335077	-0.0289842872	0.0724107555	-0.0111232919	-0.0340221207	-0.0129820457	-0.0209465832	-0.0102088133	0.091464783	0.0172333145	-0.0195441338	-0.0537042864	-0.0367733255	0.0167665602	-0.040756197	-0.0447422138	0.0224314812	-0.0168384111	-0.0541419952	-0.0114464007	0.0362054297	-0.0047142206	-0.0005278493	0.0093903011	0.0144728809	-0.0404391218	0.0217817471	-0.0297028158	0.0188104031	0.0068877411	0.063711236	-0.030303419	0.0031338054	0.0187540047	0.025811833	-0.0130092182	0.0076240855	0.001097967	-0.0180995364	-0.0101353185	-0.0340951481	0.0069154448	0.0157135503	0.0143564966	0.0287983472	0.0600415241	0.0491875229	0.0186069852	0.0065838848	0.0250923561	0.015338276	-0.0024820874	-0.034387346	0.007565529	0.0002940932	-0.0072281435	0.004733142	-0.0305294591	0.0145757284	-0.0220762273	-0.0256733154	-0.0220510239	0.0487944286	-0.0291112946	-0.0182704248	0.0482683442	-0.0323402795	-0.0143586597	0.0473957345	-0.0353370889	-0.0103438118	0.0461828639	-0.0380802083	-0.0062547041	0.0446384398	-0.0405499443	-0.002120693	0.04277355	-0.0427285664	0.0020285429	0.0406015827	-0.044600434	0.0061632156	0.0381381307	-0.0461521087	-0.0692259	0.0080626999999999	6.500713128999988e-05	0.00479222523081	-3.22014	0.1887700000000003	10.369301619599998	0.0356341129000001	-0.582862	-0.041946	0.001759466916	0.3397281110439999	-0.0149262	0.0015392	0.00022279144644	2.3691366400000032e-06	-0.000916705	-0.00032635	8.403480570249999e-07	1.065043225e-07	0.000248879	0.0	6.194075664099999e-08	0.0	0.0	0.0	0.0	0.0	0.0	0.0	0.0	0.0	0.0	0.0	0.0	0.0	0.0	0.0	0.0	0.0	0.0	0.0	0.0	0.0	0.0	0.0	0.0	0.0	0.0	0.0	0.0	0.0	0.0	0.0	0.0	0.0	0.0	0.0	0.0	0.0	0.0	0.0	0.0	0.0	0.0	0.0	0.0	0.0	0.0	0.0	0.0	0.0	0.0	0.0	0.0	0.0	0.0	0.0	0.0	0.0	0.0	0.0	0.0	0.0	0.0	0.0	0.0	0.0	0.0	0.0	0.0	0.0	0.0	0.0	0.0	0.0	0.0	0.0	0.0	0.0	0.0	0.0	0.0	0.0	0.0	0.0	0.0	0.0	0.0	0.0	0.0	0.0	0.0	0.0	0.0	0.0	0.0	0.0	0.0	0.0	0.0	0.0	0.0	0.0	0.0	0.0	0.0	0.0	0.0	0.0
55436.36775017493	-43.88383630203316	3073190869.3326354	1925.7910885836436	67206.04415039062	-514.062796875005	4516652370.344254	264260.55913095264	55891.64625770672	-17.22391803676146	3123876121.3966217	296.6633525370768	56064.7079604246	56085.26885463169	1.051285	24.083761	0.2347594500000001	0.155825	-0.0014889818	-0.0003217216	0.0177963976	0.0116087818	0.0296441089	0.0078897524	-0.0248978169	0.0019788326	0.0379584499	-0.010442881	-0.0449156111	0.022191211	0.0356140171	0.0215131024	-0.0288749777	0.0026615951	0.0475569262	0.028447261	0.0076063586	0.0221471151	0.009305795	0.0349346707	-0.0054101869	0.0142444539	-0.0300157887	0.0339451652	0.0137164471	-0.0268493994	-0.0085577115	0.0190168793	0.0012467584	0.0395440471	-0.0487627043	-0.0561705583	0.0128254459	-0.0424792285	-0.0196769082	0.0271454497	0.0084192823	0.0171285239	-0.0139039889	-0.0266994745	-0.0160353883	-0.0246537648	-0.0170574436	-0.0253128483	-0.0596825364	-0.007249932	0.0164247472	0.023824827	-0.0677350375	-0.0146856219	-0.0508305965	0.0270678258	0.0015755924	0.0731631724	0.019265164	0.0038984812	0.0114794995	0.0051903442	0.0262013536	-0.0628668147	-0.0336890556	0.0149699675	-0.0346354158	-0.0222729031	-0.0443700544	-0.0064134813	-0.0328028122	0.0325668574	0.0145708457	0.0018726066	0.0131090799	-0.056691282	0.0031640135	-0.0261915594	0.0248646353	0.0157047039	0.0371659058	-0.0375390099	-0.0080708776	0.0548658514	-0.0256583253	0.0616094825	-0.0314659861	-0.0548302644	-0.0949508556	-0.0026720987	0.0573381731	-0.0447735691	-0.0346928857	-0.0072703854	0.0544014479	0.0020344786	0.0441682196	0.0162364285	0.0007713247	0.0111910217	-0.0336148365	-0.0149587467	0.038836085	0.025390619	0.0173166646	-0.0284415137	-0.0311517956	0.0031564689	0.0747999154	0.0227101614	0.0089054209	0.0134971739	-0.0797566295	0.0402047709	0.0284934213	-0.0074814473	-0.0226521337	-0.0087084662	-0.0363315869	0.004757329	0.009072397	0.028311934	-0.0318177247	-0.0152106067	-0.0297471514	-0.0083757854	0.0144485682	-0.0054920848	0.0358761526	-0.0572375405	-0.0524444259	0.0154487535	-0.0474622433	0.0184932405	0.0230882186	0.0091107659	-0.0129046164	0.0162262282	0.0298109084	-0.0272533759	-0.0144751536	0.0068962638	0.0108391607	0.0554005761	0.035912899	-0.0186279299	-0.0216816404	0.074973616	0.0044609004	0.0193234587	0.0214489236	0.0224807124	-0.0721627241	-0.0444273824	-0.0236995001	0.0221047275	-0.0038060256	-0.0201993878	0.0475614941	0.0030276449	-0.0331603768	-0.0390264434	0.0215883449	0.0324021854	0.0263182343	0.0379893023	0.0268838035	-0.0313551885	-0.0158502484	0.0217153329	-0.0556466414	0.0058943169	-0.0241682856	0.0163950666	-0.0149431953	0.0296920263	0.0056200425	0.0529435512	0.0202096348	-0.039803145	0.0466050037	-0.0431534213	-0.0288213301	-0.098675349	-0.0197949179	0.0542511448	-0.0353430879	0.0272350508	-0.061197449	0.040775944	-0.0333034825	-0.0458418316	0.028016743	-0.0055903214	-0.0330878545	-0.0226484256	-0.0182498307	0.0202593301	-0.0397438371	0.0013402741	-0.0239972963	-0.0342977968	-0.0268562354	0.0580633777	0.0247072001	0.0203598534	-0.0318649433	-0.015575945	0.0819976181	0.0390342909	0.0156428164	-0.0429399321	-0.0269471576	0.0003369464	-0.0081114203	-0.0028678853	0.0063489583	0.0397559984	0.0826356576	-0.0002626338	-0.0172784677	-0.0056594625	0.0067408163	-0.0148783704	0.0008750464	0.0060583923	0.0276597605	-0.0154402407	0.0116286103	-0.0099012439	-0.0149499922	-0.0184766059	-0.0037630027	-0.0058096966	-0.0258302158	-0.0217209896	0.0487444668	-0.0297012967	-0.0174115036	0.0480693164	-0.0332985423	-0.0129414898	0.046950984	-0.0365887872	-0.0083521601	0.0453997805	-0.0395416966	-0.0036858265	0.0434300072	-0.0421300458	0.0010144892	0.0410598248	-0.044329971	0.0057054516	0.0383110855	-0.0461211897	0.0103438118	0.0352091317	-0.0474871876	-0.0595446	0.0096813	9.372756969000008e-05	0.00354555938916	-3.35738	-0.1372400000000002	11.2720004644	0.0188348176	-0.5447	0.038162	0.001456338244	0.2966980899999999	-0.0158081	-0.0008818999999999	0.0002498960256099	7.777476099999964e-07	-0.000805082	0.0001116229999999	6.481570267240001e-07	1.2459694128999985e-08	0.000248879	0.0	6.194075664099999e-08	0.0	0.0	0.0	0.0	0.0	0.0	0.0	0.0	0.0	0.0	0.0	0.0	0.0	0.0	0.0	0.0	0.0	0.0	0.0	0.0	0.0	0.0	0.0	0.0	0.0	0.0	0.0	0.0	0.0	0.0	0.0	0.0	0.0	0.0	0.0	0.0	0.0	0.0	0.0	0.0	0.0	0.0	0.0	0.0	0.0	0.0	0.0	0.0	0.0	0.0	0.0	0.0	0.0	0.0	0.0	0.0	0.0	0.0	0.0	0.0	0.0	0.0	0.0	0.0	0.0	0.0	0.0	0.0	0.0	0.0	0.0	0.0	0.0	0.0	0.0	0.0	0.0	0.0	0.0	0.0	0.0	0.0	0.0	0.0	0.0	0.0	0.0	0.0	0.0	0.0	0.0	0.0	0.0	0.0	0.0	0.0	0.0	0.0	0.0	0.0	0.0	0.0	0.0	0.0	0.0	0.0	0.0
55659.07393307988	222.70618290494892	3097932511.0880523	49598.04390409258	67986.0139453125	779.9697949218826	4622098092.172226	608352.8809904836	56071.58531982894	179.93906212221918	3144022680.2788563	32378.066077423853	56244.70758317971	56923.99181367949	1.012253	23.189575	0.158843	0.110993	-0.0063552703	-0.0082463649	-3.02464e-05	0.0113613903	0.0528800135	0.0082770101	-0.0550863706	0.0399354313	0.0115909545	-0.0062380987	-0.010861834	0.0540459957	0.0074684468	-0.0057895858	-0.0069367668	0.0038439215	0.0209981143	-0.0396297326	0.053116939	0.0404614146	0.0354470829	0.0187474915	-0.0437964045	0.0138654729	0.0109671748	0.0448622085	0.0122392489	-0.0251700342	-0.0355693879	-0.0235902778	-0.0089027998	0.0140298408	0.0162594122	0.0074726188	-0.0022753935	-0.0224481409	-0.0283400184	-0.0106994477	-0.0153625922	0.031172587	-0.0025281489	-0.0114559395	-0.0432791169	-0.0109558851	-0.0217309194	-0.0077416437	0.0098415242	0.0240581201	0.0378062782	0.0121165425	0.0122398017	0.0185175371	-0.0088407103	-0.004420865	-0.0486002813	-0.0086755254	-0.0206652837	-0.0615431687	-0.0341014107	0.0311054837	0.0108130121	0.003593238	-0.0749861882	0.0269668732	-0.0513157698	-0.0257609026	0.0326239259	0.0115567752	0.0369834576	0.0238680588	-0.0078172957	0.0084993619	-0.0539610015	-0.0613766778	0.0096158053	-0.0006150984	0.032893694	-0.0012849682	0.0388370777	0.0429258451	0.042261922	-0.013636907	-0.0258406748	-0.0135064833	0.0226180238	0.0362443051	0.0055408878	0.013273144	0.0552032937	0.0212414758	-0.0648702544	0.0041265025	-0.0416260753	-0.0369926851	-0.0216903769	-0.0492822241	-0.036183945	-0.0174805305	0.0066566312	0.0224781325	-0.0161180053	0.0390203784	0.0475612293	-0.0220878965	0.0348345975	0.003458007	-0.0458842689	-0.0070740283	-0.006628902	-0.0113855364	0.0180963124	-0.0292886613	-0.0407777537	-0.0506618713	-0.0394526417	-0.033473019	-0.0191789613	0.0491186471	0.0169385677	-0.0027381466	-0.0450174154	-0.0056828394	-0.0209676223	-0.0380004597	-0.0253992594	-0.0075653215	0.0154732825	0.014719426	0.008408403	-0.0033331424	-0.0240063495	0.0307368568	-0.0076919276	-0.011332711	-0.0274889752	0.0013773741	0.0107154421	-0.0145064322	-0.0421144375	0.0203746258	-0.000653081	0.0047824578	-0.0178241401	-0.0383924323	-0.0210092221	-0.0227097569	-0.019370525	-0.0019171105	-0.0248439978	0.0487282666	-0.0214451344	0.0184988774	-2.83178e-05	-0.0515771469	-0.0249896012	-0.0122058882	0.0161350303	0.0763322992	-0.0470935063	-0.0481233098	0.0104591069	-0.0153314697	-0.0192702084	-0.0441316202	0.0266195345	-0.0008314539	0.002276717	-0.0400795822	-0.0727971309	0.0113290477	-0.0006730974	0.0391679581	0.0267494279	-0.0136080214	0.0399152187	0.0296182405	-0.0293107032	-0.0154055161	-0.0161294144	0.0310217001	0.0047829297	0.047580888	-0.0218264886	0.0319771468	-0.0658342841	-0.0763338703	-0.012714069	-0.0318439762	-0.0063702313	0.0130898977	-0.0743856441	-0.0009676071	0.0098746646	-0.0170478912	0.0011439814	-0.0230171512	-0.0380788376	0.0058838039	-0.0335592158	0.0304264126	0.0053698525	-0.040061423	-0.0271474413	-0.0124124318	0.0248960738	-0.0132525105	-0.0017276744	-0.0573171179	0.0084917883	-0.0154866353	-0.0171108996	-0.0113266461	-0.0268180279	0.0035222939	-0.0063673309	0.0481699451	0.0331379689	0.0585202198	0.0396659448	0.0152755168	0.0208519134	0.0377222261	0.0090026503	-0.0130839134	-0.0059255694	0.0435906139	-0.0109071285	0.0132239053	0.0116387023	0.0103265542	-0.0082627996	-0.0319773738	-0.0259867497	-0.0213897225	0.0486882801	-0.0302845558	-0.0165464061	0.0478457346	-0.0342336544	-0.0115125682	0.0464522756	-0.0377885739	-0.0063461704	0.0445239479	-0.0409083818	-0.0011067004	0.0420829549	-0.0435571555	0.0041455125	0.0391574033	-0.0457043959	0.0093499925	0.0357809787	-0.0473253789	0.0144468132	0.0319925587	-0.04840144	-0.0645683	-0.0050236999999999	2.523756168999992e-05	0.00416906536489	-3.255	0.1023800000000001	10.595025	0.0104816644	-0.57538	-0.03068	0.0009412624	0.3310621444	-0.0154576	0.0003504999999999	0.00023893739776	1.2285024999999886e-07	-0.000740396	6.4686e-05	5.48186236816e-07	4.184278595999999e-09	0.000248879	0.0	6.194075664099999e-08	0.0	0.0	0.0	0.0	0.0	0.0	0.0	0.0	0.0	0.0	0.0	0.0	0.0	0.0	0.0	0.0	0.0	0.0	0.0	0.0	0.0	0.0	0.0	0.0	0.0	0.0	0.0	0.0	0.0	0.0	0.0	0.0	0.0	0.0	0.0	0.0	0.0	0.0	0.0	0.0	0.0	0.0	0.0	0.0	0.0	0.0	0.0	0.0	0.0	0.0	0.0	0.0	0.0	0.0	0.0	0.0	0.0	0.0	0.0	0.0	0.0	0.0	0.0	0.0	0.0	0.0	0.0	0.0	0.0	0.0	0.0	0.0	0.0	0.0	0.0	0.0	0.0	0.0	0.0	0.0	0.0	0.0	0.0	0.0	0.0	0.0	0.0	0.0	0.0	0.0	0.0	0.0	0.0	0.0	0.0	0.0	0.0	0.0	0.0	0.0	0.0	0.0	0.0	0.0	0.0	0.0	0.0
55552.04217582726	-107.03175725262554	3086029389.9048905	11455.79706058496	68166.43945410156	180.4255087890633	4646663467.849694	32553.364221792363	56038.50546648332	-33.079853345618176	3140314094.9170814	1094.276697367606	56216.814700285446	57084.86806830864	1.013139	23.209869	0.1582244000000003	0.0877402	-0.0064535598	-0.0088957382	0.0043260371	0.0062443532	0.0418646591	-0.0132988223	-0.0413827161	-0.0398839254	0.0037240159	-0.0106158261	-0.0153602731	0.0009602245	0.0006686168	0.043668526	0.0972248126	0.0382605985	0.0137349051	-0.0239269066	0.0487961369	0.0289820693	-0.0130159849	0.0396711664	-0.0488089637	0.03149117	-0.0298773998	-0.0288904417	-0.0099647828	0.022668363	0.004135518	-0.0064867406	0.0103766892	0.0615781255	-0.0147335958	0.0019548951	0.0069077652	-0.0166870452	-0.0006368046	-0.0601046983	0.0085546526	0.0116567391	0.0009078729	-0.0086127979	-0.0214510116	-0.0101024988	0.0180141393	0.0254558955	-0.0133159126	0.0019717156	-0.0361766443	-0.0303615263	0.0244249719	0.0291813889	-0.0300767829	-0.071035869	0.0120162236	-0.0111508109	0.0515760182	-0.0266314669	0.0331485211	0.0378609776	0.0086937246	-0.0243188043	0.0173405415	-0.0467139357	-0.0031490313	-0.0199393413	-0.0168379189	-0.0142780783	-0.0228332499	-0.0027447421	0.0373838835	-0.0034071606	0.0216096568	0.0330404182	-0.0398420217	0.0380164421	-0.0213364898	0.0404570007	-0.0178409512	-0.0373192092	-0.0466178413	0.030853837	0.0317102751	0.0432875571	-0.0210519993	-0.0471107855	0.0371174302	0.0007342944	-0.0156173923	0.0196390584	0.0093783396	0.0023158649	-0.0587283784	-0.0062896241	0.0076482303	-0.016498318	-0.0274750616	0.0205280201	0.0057930171	-0.0217272376	-0.0110522463	-0.0277302342	0.0117153649	-0.0270662317	0.0638553554	-0.0085990727	0.0758153912	-0.0120419109	-0.0318983939	-0.0480448142	-0.0070978536	0.0202725304	-0.0257971927	-0.0444182733	-0.0315674862	0.0153592268	-0.0426153069	0.0511882361	0.0172104038	0.045149838	0.02812901	0.0040333083	0.0248472157	0.0132435332	-0.0086285988	0.0018889288	0.0590275861	-0.01925734	0.0046383992	0.0041367464	-0.0177914105	0.0057341149	-0.056592511	0.0048830371	-0.0140292664	-0.0017921034	0.0007731921	0.004163566	-0.0257025065	-0.0214414942	-0.027398963	0.0073222445	-0.0035232523	0.0304914135	0.0315958993	-0.0183931398	0.0114042975	0.039544865	-0.067067321	-0.0303174281	0.0025340037	0.0149757145	-0.0553500578	0.0093511543	-0.0483611091	-0.0078583856	0.0324464821	-0.0259814827	0.0266917663	0.006656708	0.0264198208	0.0154653463	0.0107348792	0.0382523445	-0.03034674	-0.0399093716	0.0119383394	0.0059117216	0.0416963072	-0.0409930014	0.024586348	0.0098881961	-0.0654825445	0.0322545842	-0.0316705217	-0.0091089476	0.0555570914	0.0154531155	0.0390166125	-0.0320230895	-0.0448747358	0.0178276304	-0.0156452533	-0.0205248086	0.0088577269	-0.0089464288	0.0261345095	-0.0465583835	0.0332377597	-0.0150592569	-0.0232146304	-0.0181644638	-0.0252849087	0.0053844889	0.0080166675	0.025178839	0.0122784951	0.049743613	-0.015521011	0.0442973186	0.0182847691	0.0773255379	0.0124216352	0.0124411494	0.0501176982	0.0160164003	0.0168920357	0.0214735885	0.0088440281	-0.0316134836	-0.0187214518	-0.0169517326	-0.0229657895	0.0178524105	0.0124719197	0.0372846137	0.0864224598	0.0126231684	-0.0269676707	-0.0138856519	0.0032230686	-0.0374639881	-0.0101284117	0.0090081497	0.0392655442	-0.0026448256	0.0005998574	0.0404635977	0.002896596	0.0127022066	-0.0319768883	-0.0794775308	-0.0261429148	-0.0210572413	0.0486258757	-0.0308609395	-0.0156754391	0.0475977133	-0.0351449656	-0.0100731925	0.0459001824	-0.0389347468	-0.0043292863	0.0435571555	-0.0421769872	0.0014755028	0.0406015827	-0.044826091	0.0072595419	0.0370750283	-0.0468448038	0.0129414898	0.0330270864	-0.0482047363	0.018441441	0.0285146833	-0.0488867639	-0.0560542	0.0085140999999999	7.248989880999994e-05	0.0031420733376399	-3.33558	-0.0805800000000003	11.126093936400002	0.0064931364	-0.545427	0.029953	0.000897182209	0.297490612329	-0.0149604	0.0004971999999999	0.00022381356816	2.4720783999999974e-07	-0.00045405	0.000286346	2.061614025e-07	8.199403171600004e-08	0.000248879	0.0	6.194075664099999e-08	0.0	0.0	0.0	0.0	0.0	0.0	0.0	0.0	0.0	0.0	0.0	0.0	0.0	0.0	0.0	0.0	0.0	0.0	0.0	0.0	0.0	0.0	0.0	0.0	0.0	0.0	0.0	0.0	0.0	0.0	0.0	0.0	0.0	0.0	0.0	0.0	0.0	0.0	0.0	0.0	0.0	0.0	0.0	0.0	0.0	0.0	0.0	0.0	0.0	0.0	0.0	0.0	0.0	0.0	0.0	0.0	0.0	0.0	0.0	0.0	0.0	0.0	0.0	0.0	0.0	0.0	0.0	0.0	0.0	0.0	0.0	0.0	0.0	0.0	0.0	0.0	0.0	0.0	0.0	0.0	0.0	0.0	0.0	0.0	0.0	0.0	0.0	0.0	0.0	0.0	0.0	0.0	0.0	0.0	0.0	0.0	0.0	0.0	0.0	0.0	0.0	0.0	0.0	0.0	0.0	0.0	0.0
55429.64011242218	-122.40206340507576	3072445002.992642	14982.265125820184	67853.33868261719	-313.1007714843727	4604075570.3779545	98032.09310410936	55949.678023377055	-88.82744310626731	3130366470.9195614	7890.314648797156	56137.60462691782	57220.94081270293	1.062142	24.332472	0.1395292	0.0826583	-0.0086116083	-0.0120988164	-0.0138011017	0.0101874309	0.0257129227	0.0069292187	-0.0208995813	0.0418379295	-0.0208164095	-0.0417821879	0.0106381948	0.0033266019	-0.0315759467	-0.0132158353	0.0168187874	6.46782e-05	-0.0175679534	-0.0379140341	0.0088744855	0.039743546	0.0080742958	-0.0024628761	-0.0226401961	-0.0376374822	-0.0245461558	0.0493247804	0.0096514797	-0.0227028111	-0.0404734925	-0.0305648448	-0.035905006	0.0228294783	-0.0182963027	-0.0182763279	-0.0172915243	-0.060219893	-0.0093964556	-0.0748487649	0.0005878229	-0.0241966348	0.0100601287	0.0290576512	-0.0528841687	-0.0606114285	0.0217780743	0.0590373685	0.0077558671	0.0223548355	0.0568131059	0.0647506822	-0.0244009044	0.0109458186	-0.0242399894	0.0052460556	0.0202755157	0.0454587704	0.007898252	0.0204050098	-0.030173121	0.000797716	0.012253762	-0.0096153249	-0.0021910027	-0.0117226523	0.010052249	-0.0413984501	-0.0479147864	0.0064701047	0.0119119661	0.0243344254	0.0477148634	0.0324959375	-0.0007673498	0.0134984696	-0.0316214474	0.0018003066	-0.037216501	0.0269029417	0.0479382092	0.0129806217	0.0143224859	0.0320033547	0.0185093959	-0.0215248292	0.0021391833	-0.0196786227	0.083328885	0.0296472425	0.0065616757	0.0569487544	-0.0429433322	0.037121794	0.0355638242	0.0669124011	0.0600464761	0.0553189259	-0.0334702455	-0.0005515866	-0.0843882981	-0.0288656297	0.0096816969	-0.0062869009	-0.0536643103	0.0636330844	0.0447308223	-0.039771496	-0.0610234989	0.033030793	-0.0107432847	-0.0005558069	0.0379383601	0.019106737	-0.0397875606	-0.0063409196	-0.0393756286	-0.0083758777	0.0034537837	0.0179939131	-0.0429555992	0.0079666699	-0.0503782315	-0.0108067038	-0.0179609376	-0.0351668605	-0.0367484874	-0.0300044607	0.0146185867	-0.0230062107	-0.0121946005	-0.0188012064	-0.0659240672	0.0159526412	-0.0757872268	-0.0017430779	0.0185982054	-0.0203967687	-0.0415121981	-0.0386684841	-0.042902471	-0.0360569134	-0.0750240624	-0.0048431793	0.0060060176	-0.0628371705	-0.0672086043	0.0269524601	-0.0049871672	0.026505249	0.0075268825	-0.0123464904	-0.0330701045	-0.0338706295	-0.007561476	-0.0133276565	0.0014453259	-0.0026396735	0.0106647886	0.0041348446	0.0104610438	0.0080708605	0.0375545205	0.0436797006	0.0227445099	-0.0080735829	0.0173504762	-0.0452448665	-0.0229538056	-0.029037406	0.0199241159	-0.025015419	0.0114477641	-0.0303341884	-0.0223939992	0.0226899388	0.0472374019	0.0382352269	0.0124441512	0.028996174	-0.0227906848	-0.0054334499	-0.0239072169	0.0755790414	-0.0142775386	0.0024011974	0.0211452379	-0.0339278235	0.0352830623	0.0924934141	-0.0030391772	-0.063952301	0.0777433221	-0.0379400616	-0.0570609362	-0.0504080382	0.0434488999	0.018097151	0.0066382307	-0.0433204516	0.0379603585	0.0068958557	0.0668287333	-0.0443148601	-0.0213861771	0.0422538165	0.0095227377	0.0604929281	-0.0297757346	-0.0503347094	-0.001728409	0.0003924059	-0.011262686	-0.0318623813	-0.0214345699	0.0140953556	-0.0112417831	0.0244410644	0.011047023	0.029614901	0.0775406996	-0.0130083167	0.0307960604	0.0518288838	-0.0121215073	-0.0326769893	0.0083743851	0.0232161657	0.006366014	0.0593615797	0.0232567553	0.0148832244	-0.0257358037	-0.0312338857	-0.026298709	-0.020723565	0.0485572616	-0.0314303169	-0.0147989116	0.0473253789	-0.0360318425	-0.0086246698	0.0452953387	-0.0400256797	-0.0023049702	0.0425013783	-0.0433444711	0.0040536034	0.0389906186	-0.0459322442	0.0103438118	0.0348222698	-0.0477453555	0.0164595684	0.0300666323	-0.0487532262	0.0222977292	0.0248039116	-0.0489388583	-0.0572861	-0.0012319	1.5175776100000023e-06	0.00328169725321	-3.27308	0.0625	10.7130526864	0.00390625	-0.558666	-0.013239	0.000175271121	0.312107699556	-0.0142016	0.0007588	0.00020168544256	5.757774400000007e-07	-0.000915013	-0.000460963	8.37248790169e-07	2.12486887369e-07	0.000280282	3.140300000000005e-05	7.855799952400002e-08	9.86148409000003e-10	0.0	0.0	0.0	0.0	0.0	0.0	0.0	0.0	0.0	0.0	0.0	0.0	0.0	0.0	0.0	0.0	0.0	0.0	0.0	0.0	0.0	0.0	0.0	0.0	0.0	0.0	0.0	0.0	0.0	0.0	0.0	0.0	0.0	0.0	0.0	0.0	0.0	0.0	0.0	0.0	0.0	0.0	0.0	0.0	0.0	0.0	0.0	0.0	0.0	0.0	0.0	0.0	0.0	0.0	0.0	0.0	0.0	0.0	0.0	0.0	0.0	0.0	0.0	0.0	0.0	0.0	0.0	0.0	0.0	0.0	0.0	0.0	0.0	0.0	0.0	0.0	0.0	0.0	0.0	0.0	0.0	0.0	0.0	0.0	0.0	0.0	0.0	0.0	0.0	0.0	0.0	0.0	0.0	0.0	0.0	0.0	0.0	0.0	0.0	0.0	0.0	0.0	0.0	0.0	0.0	0.0
55333.544951961645	-96.09516046053614	3061801196.95076	9234.279863936188	67914.75138061523	61.41269799803558	4612413455.090778	3771.519475397924	55967.71567675592	18.0376533788658	3132385198.0741906	325.3569394161088	56145.19292452129	56543.37011607777	1.105305	25.321281	0.0596876999999998	0.0312978	-0.0039954486	-0.0144758346	-0.0023326673	0.0099244206	0.0206127096	0.0245276335	0.006791836	0.0014989249	-0.0257939172	0.0706848502	-0.0078073612	-0.0119470413	-0.0279229023	0.0122373917	0.0516541218	0.033416944	0.03278679	-0.0318151235	0.0317830096	0.0307207876	0.0102006957	0.0421088993	0.0082781508	-0.0067249627	-0.0190858993	-0.0019312358	0.0523926342	0.006743033	0.015022245	0.0357364261	0.0802385185	0.0368049806	-0.0333177121	-0.0019100293	0.0303628747	-0.0237618569	0.0041620525	-0.0204289865	0.021441809	0.0008728987	-0.0064546779	0.0279608044	-0.0148811562	-0.013674199	-0.0641812814	-0.0060549152	-0.0267460642	0.0417416576	-0.039268669	0.0332839604	0.0395415817	-0.0069390156	0.0077303604	0.0071957399	-0.0371895688	-0.0109578189	-0.0089427309	0.0442752437	0.0676146159	-0.0259408511	0.0484948384	0.0283886577	0.0357177632	-0.0100976905	0.0281108024	-0.0069032237	0.0170714854	0.0256594235	0.0384137351	0.0026037056	0.032630714	0.0070475014	0.0060098863	-0.0013404777	0.0041960365	0.0599023755	-0.0309351932	0.015631008	-0.0375258429	0.0527302025	-0.0090925743	-0.0040824406	-0.034504125	-0.0348251673	0.0046170349	0.0253459775	-0.0809684836	0.0195222801	-0.0371071801	-0.0225866153	-0.0391973253	0.0218700784	-0.0048439897	0.0131166644	-0.0295842302	0.0077250518	-0.0312179001	0.0357479444	0.0020901187	-0.0178851899	0.0187883849	0.0520190463	0.0444703158	-0.0381364547	0.0233729331	0.0085871005	0.0053391672	-0.0084258559	0.0045064278	-0.033544954	0.0097607062	0.0146378667	-0.03239844	-0.0272255343	-0.0313251254	-0.009737636	-0.0443310037	-0.0066756046	-0.0040561285	0.0115011093	0.0028560735	-0.0541392716	0.0001177142	0.012884021	0.0430990743	0.0671401526	0.0528351051	-0.031431292	-0.0018865233	0.0300357315	-0.0242848185	-0.0042584521	-0.0176926003	0.0246301652	-0.0008403124	0.0047018368	-0.0232384722	-0.0167905542	-0.0121364626	0.0629261951	-0.0039878523	0.0398340657	-0.0210294258	0.030853298	-0.0385065165	-0.0333961624	0.0181945533	0.0022453452	0.010786342	0.0207631749	0.0371214218	-0.0107540267	0.0283389765	0.081403303	-0.0127341669	-0.0484637959	-0.0294073448	-0.0211160224	0.0348418211	0.0342188415	0.0099330462	-0.0031855997	-0.0306937865	-0.0385026667	0.0094493041	-0.0295691748	0.0076588823	-0.0077109997	0.01276748	0.0055328553	0.0682416551	-0.0133402742	-0.0029804814	-0.0496044588	0.022835327	-0.024304294	0.0190892532	-0.0358859414	-0.0267250406	0.0226661293	0.0244100484	-0.0626111557	-0.0090587389	-0.0141448561	0.0053822353	-0.0483851039	-0.0085475172	0.0175907986	-0.0077881982	0.0195388385	-0.0458106831	-0.0309128981	-0.0267583466	0.0165871834	-0.0202201555	0.0092955859	-0.074683767	0.018436918	-0.0443941442	0.0424657655	-0.018139814	-0.0084802309	0.0113312733	0.004561534	0.0290037186	-0.0103160722	0.002659291	0.0265852306	-0.000454715	-0.0125331838	-0.0143940415	-0.0274628391	-0.0239473881	0.0144563164	-0.0144647037	-0.0015199738	0.0271270501	0.0796050074	-0.0646800394	-0.042626497	0.0092002419	0.0367628894	0.0034614924	0.0314996695	0.0027058833	0.0206918695	-0.0075067721	0.0535599191	0.0300621582	-0.0242439051	-0.0648167738	-0.0287335298	-0.02645413	-0.0203887125	0.0484824465	-0.0319925587	-0.0139171345	0.0470288708	-0.0368936684	-0.0071683153	0.0446384398	-0.0410598248	-0.0002766972	0.0413587732	-0.0444080345	0.006620433	0.0372552045	-0.0468715983	0.0133856785	0.0324094805	-0.04840144	0.0198842699	0.026918132	-0.0489670838	0.0259867497	0.0208905514	-0.0485572616	-0.0537328	0.0035533	1.2625940890000017e-05	0.00288721379584	-3.28118	-0.0080999999999997	10.7661421924	6.560999999999634e-05	-0.549005	0.009661	9.33349210000006e-05	0.301406490025	-0.0145936	-0.000392	0.00021297316096	1.53664e-07	-0.00124235	-0.0003273369999999	1.5434335224999997e-06	1.0714951156899994e-07	0.000232151	-4.813100000000003e-05	5.3894086801e-08	2.3165931610000032e-09	0.0	0.0	0.0	0.0	0.0	0.0	0.0	0.0	0.0	0.0	0.0	0.0	0.0	0.0	0.0	0.0	0.0	0.0	0.0	0.0	0.0	0.0	0.0	0.0	0.0	0.0	0.0	0.0	0.0	0.0	0.0	0.0	0.0	0.0	0.0	0.0	0.0	0.0	0.0	0.0	0.0	0.0	0.0	0.0	0.0	0.0	0.0	0.0	0.0	0.0	0.0	0.0	0.0	0.0	0.0	0.0	0.0	0.0	0.0	0.0	0.0	0.0	0.0	0.0	0.0	0.0	0.0	0.0	0.0	0.0	0.0	0.0	0.0	0.0	0.0	0.0	0.0	0.0	0.0	0.0	0.0	0.0	0.0	0.0	0.0	0.0	0.0	0.0	0.0	0.0	0.0	0.0	0.0	0.0	0.0	0.0	0.0	0.0	0.0	0.0	0.0	0.0	0.0	0.0	0.0	0.0
55201.97288705236	-131.57206490928365	3047257810.622864	17311.20826449275	67249.67323339844	-665.0781472167873	4522518549.998867	442328.9419053146	55865.88200593871	-101.83367081721372	3120996772.301466	10370.096512108645	56051.83141985312	56269.29629825741	1.24923	28.618441	0.0969244999999997	0.0443351	-0.002463296	-0.0190564434	-0.0081103809	-0.0039021695	-0.0265493629	-0.0254707726	0.0192810844	-0.0518930135	0.0015025174	-0.055643231	-0.0285653146	-0.0612917306	0.0126647801	0.0380416601	0.0166964173	0.0103491952	-0.044657426	-0.0013844226	-0.0135089999	0.0287319548	-0.0178516461	0.0062268341	0.0535995192	-0.0032263918	0.0395590095	0.043559877	-0.0036613439	0.0250088034	-0.0369425013	-0.0091562247	0.0281888982	-0.0067428328	0.0378999403	-0.010904041	-0.0080751485	0.0100903908	0.0111464731	-0.0445603432	-0.0217271777	-0.0027003356	0.0192394304	-0.0154467932	-0.0364185984	0.0056300036	-0.0037593088	-0.039016399	0.0010076959	-0.035989845	-0.0008733164	-0.0462309523	-0.0603923968	-0.0610038634	0.0205964445	0.0178142783	-0.0012769447	-0.022527596	0.0260201071	-0.0251226603	0.0168143066	0.0797797762	-0.0095267783	-0.0203281281	-0.0096256447	0.0285045526	-0.0377985896	0.0110579468	0.0011508091	0.0796100859	-0.0452137238	-0.0023114959	-0.0105045397	-0.022494666	0.0072018515	-0.027181928	0.0520913865	-0.0181865329	-0.0086225107	-0.021986347	-0.0704757975	-0.0641660229	0.0093260038	0.0636971499	-0.0055587571	0.0104928774	-0.0446199332	0.0212355138	0.0331295416	0.0433397506	-0.0294168455	-0.0204474405	-0.0067427532	0.0005882388	-0.0003940177	-0.0099819307	-0.004338085	-0.0243683333	0.00828095	0.0170416283	-0.0480099001	0.0187311807	0.0460209162	0.0157791337	0.0681164365	0.0122531965	-0.0030638251	-0.0603828507	-0.0080653593	0.0342585435	0.0261617938	-0.0387272114	0.0502889517	0.01609904	-0.0013281633	0.016970257	-0.0280072242	0.0166037576	-0.0054372073	-0.052179839	0.0151219072	-0.0364990166	-0.0431375477	0.0072651267	0.0297715685	-0.0379188071	-0.0022841608	0.0290420904	0.0038026184	0.0394340207	-0.0115676327	-0.0070701623	0.0116838496	-0.0069537194	-0.0461992358	-0.0259279948	-0.0010770776	-0.0210120083	0.0185380762	-0.0018490956	-0.0367094409	0.0093436154	0.0401201074	-0.0137071797	0.0267341959	0.0048469689	0.0512704036	0.0699073574	0.0067878303	-0.0584464448	0.0199952341	-0.0016873925	0.0145183888	0.0166173932	-0.0204892533	-0.0044785827	-0.0744597246	0.0258463003	0.0115231661	0.0017026712	-0.0352608913	-0.0370923139	-0.0039642864	0.0202301811	-0.0704953678	0.064209185	0.0192826509	0.0117188227	0.0146101344	0.026323577	-0.0324830425	0.0540639898	-0.0084724497	-0.0033816839	-0.0182010142	-0.0248932872	-0.0954917814	0.0303999157	0.0250346767	-0.0135441596	-0.0122182113	-0.0556504845	0.0260705874	0.0144984377	-0.0427032005	-0.0339589175	0.0252965904	0.000920778	-2.03327e-05	-0.000748023	-0.0119692951	-0.0032464653	-0.0086623267	0.0156182548	-0.0382830984	-0.0103754886	-0.0205313288	-0.0277536151	-0.0224330897	-0.0256336425	-0.0809104741	-0.0332077326	0.050623334	-0.0178141962	0.0268237004	0.0467494165	0.0060092273	0.022670246	-0.0369884116	-0.0057576084	-0.0036197652	-0.0207185174	-0.01243687	-0.0510866962	0.0063517596	-0.0282926599	0.0182892726	-0.0320736315	0.0407401815	0.0096317864	0.0890126153	-0.0309580808	0.0353981023	-0.0233320916	-0.0296433856	0.0228562126	0.001478505	0.0141116016	-0.00931285	0.0680977899	0.009480304	-0.0082647842	-0.0388502904	0.017085386	-0.0266091756	-0.0200527028	0.04840144	-0.0325475373	-0.0130304206	0.0467083402	-0.0377298441	-0.0057054516	0.0439302406	-0.0420357148	0.0017520508	0.0401316745	-0.0453651274	0.0091688544	0.0354008796	-0.0476407421	0.0163726724	0.0298477488	-0.0488096981	0.0231961654	0.0236012772	-0.0488448413	0.0294808289	0.0168065656	-0.0477453555	-0.047353	0.0063797999999999	4.070184803999997e-05	0.002242306609	-3.30888	-0.0276999999999998	10.948686854399998	0.0007672899999999	-0.516671	0.0323339999999999	0.0010454875559999	0.266948922241	-0.014252	0.0003415999999999	0.000203119504	1.1669055999999945e-07	-0.00113363	0.0001087199999999	1.2851169769000002e-06	1.1820038399999972e-08	0.000392045	0.000159894	1.53699282025e-07	2.5566091236e-08	0.0	0.0	0.0	0.0	0.0	0.0	0.0	0.0	0.0	0.0	0.0	0.0	0.0	0.0	0.0	0.0	0.0	0.0	0.0	0.0	0.0	0.0	0.0	0.0	0.0	0.0	0.0	0.0	0.0	0.0	0.0	0.0	0.0	0.0	0.0	0.0	0.0	0.0	0.0	0.0	0.0	0.0	0.0	0.0	0.0	0.0	0.0	0.0	0.0	0.0	0.0	0.0	0.0	0.0	0.0	0.0	0.0	0.0	0.0	0.0	0.0	0.0	0.0	0.0	0.0	0.0	0.0	0.0	0.0	0.0	0.0	0.0	0.0	0.0	0.0	0.0	0.0	0.0	0.0	0.0	0.0	0.0	0.0	0.0	0.0	0.0	0.0	0.0	0.0	0.0	0.0	0.0	0.0	0.0	0.0	0.0	0.0	0.0	0.0	0.0	0.0	0.0	0.0	0.0	0.0	0.0
55207.943483204064	5.970596151702921	3047917023.6446543	35.648018406729726	67346.98987304687	97.31663964843028	4535617044.960278	9470.528352462432	55858.2495088854	-7.632497053309635	3120144038.196896	58.25501126878026	56032.0673242745	56075.184431754766	1.129497	25.875496	0.1450061999999999	0.0858547	-0.0041617618	-0.0226186569	-0.0125560045	0.0101271019	-1.86197e-05	0.0206934081	0.0211327562	0.0294576469	-0.0474049577	-0.0443941449	0.0121222084	-0.0019275071	-0.0729078088	-0.0007566659	0.0119597812	0.0240895761	-0.0160403031	-0.0320201717	-0.0168015285	0.0656599274	0.0182315851	-0.039175745	-0.0132299662	-0.0135371589	-0.0038609283	0.0168473277	0.0203158551	-0.0243322396	0.048495038	0.0239841434	0.032867015	0.0041653905	0.0439458774	-0.0211963897	-0.0346557889	-0.0404289413	-0.0037883002	0.0249262846	0.0585086173	-0.005445142	-0.0216034621	-0.0240441959	0.0214289045	-0.0012078038	-0.0190794014	-0.0490889418	-0.0737267082	0.0071475146	0.0437011609	-0.0329404419	0.0005552167	-0.0018523925	0.0148278679	0.0080531792	0.0117737826	-0.0098307595	-0.0004656643	0.0245683886	0.0254715567	0.0313502095	-0.0155475155	-0.0021838115	-0.0045313034	0.0315271982	-0.0747770531	0.0162861125	0.0501668714	-0.0238962023	0.0567726718	-0.0104346661	0.0008832821	-0.0400175529	-0.0108233305	0.0477172189	-0.0223435679	0.0088090048	0.0348159968	-0.0201458315	-0.008394796	0.0363573992	-0.0385780828	0.042828776	0.0231563589	-0.0272879693	-0.0090977875	0.0126124858	0.026778313	-0.041744487	-0.0333909218	0.0369897764	0.0324265398	0.0236714445	-0.01974711	0.0087197854	0.0292469288	0.0020549428	-0.0034894719	0.0089470735	0.0022524735	0.028872131	0.0452687934	-0.0057299695	0.0130092173	-0.0436177554	-0.0152716538	0.027031671	-0.0250809206	-0.0007781302	0.0395422484	0.0640092465	0.0511913563	-0.0545837098	-0.0305783161	0.0182449995	-0.0608930737	-0.0221013534	0.0423038837	0.0175121543	-0.0052480289	-0.0067399789	-0.0150573006	-0.0222267539	-0.0356802453	0.0416049371	0.0309910741	0.0269806159	0.0123447398	0.0400768621	-0.0286582709	-0.0307148315	-0.0364965501	-0.0005988929	0.0200974757	0.0495075617	0.0150665283	0.0354880558	0.0336803263	0.0095545985	0.0224119164	0.0137337742	0.0341207247	0.080801318	0.0229203353	-0.0525004635	0.0284934327	-0.0073923934	-0.0031047489	-0.013211739	0.0140787018	-0.0118623855	0.005571712	-0.0009742882	-0.0008877004	0.0312248109	-0.0121822417	0.031048349	0.0130623194	0.0065341569	-0.0144974691	-0.0813085815	-0.0287233627	-0.0400240111	-0.0100246425	-0.0631202947	-0.0117152861	0.015008938	0.0548236876	-0.0110997321	0.0371623352	-0.0231566108	-0.0141672444	0.0349278336	0.0133125358	-0.025358734	0.0052852508	0.003608705	0.0691314336	0.0274752255	-0.0194297193	-0.0095241685	0.0102666157	0.0183282806	0.0425045668	-0.0299296692	0.0122992569	0.0070062113	0.0475166794	-0.0133683837	0.0192753647	-0.0239579409	0.021449034	0.0076700548	-0.017956981	-0.0243096126	-0.0432661113	-0.0291018996	-0.0093376966	0.0375311666	-0.0193009696	-0.0012432553	-0.0449867718	-0.0316676361	-0.0057308694	-0.0149566399	-0.0522175066	-0.0360950087	-0.0668935623	-0.0616443425	-0.0085821425	0.0055882658	-0.0059347215	-0.0482382341	-0.0265159849	0.0342524521	-0.058918966	-0.0027885383	-0.026147742	0.0657074455	0.0268962048	-0.0665278335	0.0092459741	0.0244294457	-0.0212436102	-0.038621438	-0.0208774797	0.0039995269	-0.0042319336	0.0453689724	-0.0057122214	-0.0309553891	-0.049814342	0.0040374544	-0.0267638437	-0.0197155549	0.0483142525	-0.0330951267	-0.0121390845	0.046363951	-0.0385397882	-0.0042374069	0.043171555	-0.0429519653	0.0037777911	0.0388225891	-0.0462134553	0.0116917818	0.0334335625	-0.0482368825	0.0192925486	0.0271488476	-0.0489680393	0.0263764663	0.0201368126	-0.0483873377	0.032753756	0.0125853106	-0.046510335	-0.0538207	-0.0064677	4.183114329e-05	0.00289666774849	-3.25242	0.0564599999999999	10.5782358564	0.0031877315999999	-0.545152	-0.0284809999999999	0.0008111673609999	0.297190703104	-0.0133573	0.0008947	0.00017841746329	8.0048809e-07	-0.00117156	-3.793000000000004e-05	1.3725528336e-06	1.4386849000000026e-09	0.000252725	-0.00013932	6.386992562499998e-08	1.9410062400000003e-08	0.0	0.0	0.0	0.0	0.0	0.0	0.0	0.0	0.0	0.0	0.0	0.0	0.0	0.0	0.0	0.0	0.0	0.0	0.0	0.0	0.0	0.0	0.0	0.0	0.0	0.0	0.0	0.0	0.0	0.0	0.0	0.0	0.0	0.0	0.0	0.0	0.0	0.0	0.0	0.0	0.0	0.0	0.0	0.0	0.0	0.0	0.0	0.0	0.0	0.0	0.0	0.0	0.0	0.0	0.0	0.0	0.0	0.0	0.0	0.0	0.0	0.0	0.0	0.0	0.0	0.0	0.0	0.0	0.0	0.0	0.0	0.0	0.0	0.0	0.0	0.0	0.0	0.0	0.0	0.0	0.0	0.0	0.0	0.0	0.0	0.0	0.0	0.0	0.0	0.0	0.0	0.0	0.0	0.0	0.0	0.0	0.0	0.0	0.0	0.0	0.0	0.0	0.0	0.0	0.0	0.0
55232.51451341898	24.57103021491639	3050630659.4750385	603.7355258223342	67571.95282373046	224.96295068359177	4565968808.412456	50608.32918026814	55866.51469566006	8.265186774660833	3121067464.2404013	68.31331242002835	56051.60083031042	55883.49656364144	1.01948	23.355143	0.1243937750000002	0.0666889	-0.0011751572	-0.0264305731	-0.0096603185	0.0100996941	-0.0182720034	0.0243538026	0.0113599787	0.0322326132	-0.0025266166	0.0502508502	-0.0604334889	-0.0700563077	0.006619753	-0.0114887644	0.0097443561	-0.0115633102	-0.0272247266	0.0154059322	0.0152493799	0.0436463038	0.0708103901	0.0338304478	0.0183197569	0.0324656978	0.0179646486	0.0445279996	0.0564010121	0.0296355829	-0.0563034883	0.0282575352	0.0066672675	-0.0347350138	0.0225135368	0.067186596	-0.0134579867	-0.0519427368	-0.0204527986	0.0068946926	-0.0128602558	0.026231146	0.0036497455	-0.0125836087	0.0035219217	-0.0463373455	0.0729233394	-0.02436844	0.0417956005	0.0011505284	-0.0146633757	-0.0310250152	-0.0264157377	0.0070291888	-0.0085534587	-0.0766776907	-0.0259048185	0.0380129467	0.0606012993	0.0176494649	-0.052017053	-0.0346287091	0.023814886	0.0579163659	-0.0102849304	0.011585282	0.0133908652	0.0013390723	-0.0115516157	-0.0246586943	-0.037508286	-0.0248804546	0.013554049	-0.0185782349	0.0162887076	0.026488067	0.0171727512	-0.0150579036	0.0015384289	0.0054869074	0.0311110904	0.0586096575	-0.0127473046	0.0131249357	0.02318548	-0.0755884736	0.0501855113	0.0275892972	-0.0761033537	0.0375889303	-0.0045354104	0.0316142027	0.0736733908	0.0082576169	-0.0137418081	-0.0045826624	0.0261312979	-0.0015675504	0.0118189357	0.0083738571	0.0627045183	0.0125205577	-0.0204635698	0.0085157924	-0.0499580487	-0.0066426588	-0.0256997709	-0.0084821531	0.0297340071	0.0608229607	0.064660834	-0.0162958549	-0.0103555216	-0.0467231552	0.0145917139	-0.0151883292	-0.0407745461	-0.0723123761	-0.0347560106	-0.0145968958	0.0376506157	-0.0030390817	-0.0406121585	-0.0471736025	0.0303818317	-0.0659921325	0.0380281316	0.0133895636	-0.0274432445	0.0289310205	0.0649080058	-0.0213572144	-0.0490964473	0.0199048436	0.0060280223	-0.0118723891	-0.0270828477	-0.0070402343	0.0161995594	-0.0426350879	0.0087246218	-0.055755258	0.0240897803	-0.036077003	-0.0286690205	-0.0160260003	0.0329917453	0.0274933777	-0.0087430699	0.0178969919	-0.0731598856	-0.0088198046	0.0256784849	-0.0706270086	-0.0606940688	-0.0257095227	0.0341812314	-0.027671876	-0.0497350893	0.0361902462	0.0206289355	0.0060070442	-0.0025698966	-0.0090209376	0.0317196749	0.0290871623	-0.0235160527	0.0100674353	0.0167040848	0.0064947286	0.0297273121	0.0203188962	-0.0122086998	-0.0243105124	0.0172976986	-0.0140265737	0.0678251646	0.0040919457	0.0265823202	0.028117394	-0.042229054	0.0668731533	0.0468269614	-0.0571042541	0.0177463108	0.058916609	0.0560088115	0.0124428411	0.0428685601	-0.0153147319	0.0174667461	-0.0197836069	-0.0165650293	0.0190124229	0.0478255255	0.039191099	-0.0290176322	-0.0159917224	-0.0064942304	0.0134911955	0.054944911	-0.0359865496	-0.0020818799	0.0115187718	0.0212598658	0.0608807199	-0.0181757988	-0.0762332344	-0.0249118995	0.014637482	-0.0080991183	-0.0139850991	-0.0081919108	-0.048880508	-0.0072202375	-0.027171809	0.0289234851	-0.0548400313	0.0197889786	0.0512691133	0.0020630185	-0.0287856524	0.0329052164	0.0755344094	-0.0409756277	0.0238853609	-0.031042928	-0.0147393461	-0.0235985574	0.0537363029	-0.0101661372	-0.0166331865	-0.0361163378	0.0288805777	-0.026918132	-0.019377288	0.048220895	-0.0336352026	-0.0112434423	0.045995879	-0.0393229378	-0.0027655145	0.0423632548	-0.0438072762	0.0057970462	0.0374341914	-0.046950984	0.0141822002	0.0313595323	-0.0486578547	0.0221333376	0.02432518	-0.0488756528	0.0294071302	0.0165464061	-0.0475977133	0.0357809787	0.0082612638	-0.0448631447	-0.0571247	-0.003304	1.0916416000000008e-05	0.00326323135009	-3.30005	-0.0476300000000002	10.8903300025	0.0022686169	-0.531973	0.0131789999999999	0.0001736860409999	0.282995272729	-0.0140201	-0.0006627999999999	0.00019656320401	4.393038399999998e-07	-0.001499	-0.0003274399999999	2.247001e-06	1.0721695359999989e-07	3.73495e-05	-0.0002153754999999	1.3949851502499999e-09	4.6386606000249984e-08	0.0	0.0	0.0	0.0	0.0	0.0	0.0	0.0	0.0	0.0	0.0	0.0	0.0	0.0	0.0	0.0	0.0	0.0	0.0	0.0	0.0	0.0	0.0	0.0	0.0	0.0	0.0	0.0	0.0	0.0	0.0	0.0	0.0	0.0	0.0	0.0	0.0	0.0	0.0	0.0	0.0	0.0	0.0	0.0	0.0	0.0	0.0	0.0	0.0	0.0	0.0	0.0	0.0	0.0	0.0	0.0	0.0	0.0	0.0	0.0	0.0	0.0	0.0	0.0	0.0	0.0	0.0	0.0	0.0	0.0	0.0	0.0	0.0	0.0	0.0	0.0	0.0	0.0	0.0	0.0	0.0	0.0	0.0	0.0	0.0	0.0	0.0	0.0	0.0	0.0	0.0	0.0	0.0	0.0	0.0	0.0	0.0	0.0	0.0	0.0	0.0	0.0	0.0	0.0	0.0	0.0
55225.621381216086	-6.893132202894776	3049869256.9414315	47.51527156658499	67484.00546582032	-87.94735791014682	4554090993.710866	7734.737763375464	55856.89129839368	-9.623397266375832	3119992305.520568	92.60977494648984	56037.86567201623	56322.15323407062	1.151677	26.383614	0.0965891249999999	0.0540484	-0.0038494399	-0.0246595046	-0.0144669501	0.0003391387	-0.0103831965	-0.0187075343	0.0035278146	-0.0601847427	-0.0430532208	-0.0232341442	0.0162005246	0.0009808344	-0.0806856694	0.0110555408	-0.062712634	0.0160020599	-0.0477625055	0.0241282339	-0.0079411533	0.039875974	-0.0149654575	0.0215409563	-0.0246191605	-0.0695472964	0.1032042555	0.0240582697	0.0043087142	0.046296474	-0.0263104089	0.0431192205	0.0205037489	0.0308446344	-0.0072219189	0.0508755885	0.0590090067	0.0534909017	0.0076544214	-0.020252363	0.0617006055	-0.0232507532	-0.0167571529	-0.0146553477	0.0392540283	-0.005460601	0.0040670122	0.0017594142	-0.007354155	-0.0229020572	0.0390817913	-0.0378072282	-0.0243657125	-0.0019255605	0.0139509646	-0.0568001426	0.0252739951	0.0007465618	-0.0138346208	0.0114377147	-0.0207790412	-0.0116669205	0.0403846338	-0.012263276	0.0204808492	-0.007209098	0.0102909217	-0.0621791377	0.0281400689	-0.0146501153	0.0256393966	0.0073621962	-0.0082631966	-0.0051134221	-0.0060187406	0.0879000563	0.0234104275	-0.028864962	-0.0375311097	-0.0246525151	-0.0048941791	0.0071613009	-0.0184227186	0.0036255506	0.0082938404	-0.0433661386	0.0468927503	0.0171173584	-0.0028923601	-0.0274565709	-0.0138601068	0.0276117672	-0.0370907316	0.0076315949	0.0254721616	-0.0001998181	0.0158699844	1.6801e-05	0.0332870675	0.0058390139	-0.0772820722	0.0206136265	0.0261833996	0.0315300128	-0.0612130529	0.0004995672	0.0232504184	0.0079519382	-0.0055213359	0.0506049447	-0.014071574	0.0642497721	0.0227314822	-0.005847967	0.0239132284	0.0097751034	-0.0407584918	0.0138311168	-0.0149268964	0.0311546028	-0.032408855	-0.1144179885	-0.0267317497	0.0055462521	0.0475807244	-0.0263859821	0.0477474395	0.0157243892	0.0415369892	-0.0035952059	0.0578756513	0.0571286802	0.0533879215	-0.0063791197	-0.0255354265	0.0611613866	0.0245132707	0.0196920918	0.0158236938	0.0031526248	0.0396012788	-0.0026620507	-0.0056318889	-0.0033364649	0.0253496801	-0.0293606604	0.0359968991	0.0155641262	-0.0161248894	-0.0174794404	-0.0391855225	-0.0533462416	-0.0005790053	-0.0188681604	0.013882645	-0.0117272371	-1.27593e-05	-0.0324068991	0.010429921	-0.0140927498	0.0111350601	-0.0046063866	0.0631197699	-0.0281715299	0.0116482676	-0.0422052952	0.0094766603	0.0225058425	0.0053010728	-0.0269785962	0.0757113075	0.0157916383	-0.0351491203	-0.0535751206	0.0186105581	-0.0019332861	-0.0173327677	-0.005812563	0.018674072	-0.0018159022	-0.0203675712	0.0543766734	0.0170037461	0.00735592	0.0262892672	-0.0058431791	-0.0074898183	-0.0346352911	-0.0060373766	0.0109976343	-0.0185331316	-0.0172684019	0.0585705705	0.0371433792	-0.0628675974	-0.0369065033	0.0173719194	-0.0328378795	-0.0227855923	-0.0215712433	0.0505538074	0.009099147	-0.0031072501	-0.0007994016	-0.0535384982	0.0321730154	-0.0480920332	0.005629667	-0.0255466272	0.0479390075	-0.0123388223	-0.0060091003	-0.0128067069	-0.0532681286	-0.019820822	0.0294082766	-0.0638756677	0.0155816702	-0.041492197	0.0265035151	0.057359921	-0.0365779673	0.0004668416	-0.0089314625	-0.0329982663	0.0766424504	-0.0150618074	0.0054320349	-0.0043109534	0.0471215132	-0.0184432336	-0.0099559256	-0.0394846121	0.0139076251	-0.0270720383	-0.0190379212	0.0481213794	-0.0341676424	-0.0103438118	0.0456043123	-0.0400787482	-0.0012911108	0.0415062691	-0.044600434	0.0078063495	0.0359693177	-0.0475759455	0.016633185	0.029185409	-0.0489021298	0.0248833938	0.0213897225	-0.0485330118	0.0322709638	0.0128525131	-0.0464813877	0.0385397882	0.0038697424	-0.0428183818	-0.0596997	-0.002575	6.630625000000005e-06	0.00356405418009	-3.31108	-0.0110299999999998	10.9632507664	0.0001216608999999	-0.531634	0.0003389999999999	1.1492099999998524e-07	0.282634709956	-0.0132749	0.0007452	0.0001762229700099	5.553230400000022e-07	-0.000806673	0.0006923269999999	6.507213289290001e-07	4.793166749289998e-07	0.000252725	0.0002153754999999	6.386992562499998e-08	4.6386606000249984e-08	0.0	0.0	0.0	0.0	0.0	0.0	0.0	0.0	0.0	0.0	0.0	0.0	0.0	0.0	0.0	0.0	0.0	0.0	0.0	0.0	0.0	0.0	0.0	0.0	0.0	0.0	0.0	0.0	0.0	0.0	0.0	0.0	0.0	0.0	0.0	0.0	0.0	0.0	0.0	0.0	0.0	0.0	0.0	0.0	0.0	0.0	0.0	0.0	0.0	0.0	0.0	0.0	0.0	0.0	0.0	0.0	0.0	0.0	0.0	0.0	0.0	0.0	0.0	0.0	0.0	0.0	0.0	0.0	0.0	0.0	0.0	0.0	0.0	0.0	0.0	0.0	0.0	0.0	0.0	0.0	0.0	0.0	0.0	0.0	0.0	0.0	0.0	0.0	0.0	0.0	0.0	0.0	0.0	0.0	0.0	0.0	0.0	0.0	0.0	0.0	0.0	0.0	0.0	0.0	0.0	0.0
55297.86655985337	72.24517863728397	3057854046.0713496	5219.365836333072	67383.66321875	-100.34224707030808	4540558068.777923	10068.56654711875	55925.86079734345	68.9694989497657	3127701905.9238367	4756.791785381731	56104.222468556734	55785.70166205864	1.324122	30.334139	0.1583385499999998	0.116164	-0.0009033433	-0.0191439334	-0.0039233005	0.0057326273	-0.007373076	-0.003602582	0.0208616556	-0.0048292999	0.0268959124	-0.0220504528	0.0076539823	-0.079414641	0.0344590389	0.0073390687	0.02569508	-0.0112583518	0.0314158584	0.0059466555	0.0117963416	0.0173058588	0.0177085471	-0.0051693783	0.0480719977	0.1275540733	0.0006483754	-0.0137425711	0.0658700514	0.0233898221	0.0186509309	-0.0140450427	0.0262678037	0.0005704068	0.0260121668	0.0254962019	0.0117371774	-0.014739218	-0.0102063145	-0.0522959231	-0.0423729425	-0.0049866258	0.0270918117	-0.0415071943	-0.0143263031	-0.0263154541	0.0109987462	-0.0228302128	-0.009221048	-0.0755878352	-0.0232030192	-0.0044629386	-0.0589403719	0.0273689407	0.0248334708	0.0292572656	0.0697131228	-0.0436653243	-0.015797643	0.0127522789	-0.0052899788	-0.012261284	0.046417059	-0.0222742016	0.0030398612	0.0481903833	-0.0473057974	0.0486329935	0.0176900706	-0.0594183101	0.0318767554	0.0154336136	0.0311042341	-0.0073166862	-0.0323888095	-0.0718170091	-0.0301521535	0.0653339157	-0.0594183669	-0.0070980912	-0.0101955967	-0.0065797731	0.0102831907	-0.0007387508	0.0034027721	0.0086326366	-0.0412157093	-0.0048370617	0.0187678977	0.0451255055	0.0169508953	0.0473759408	-0.0215238334	-0.0032164316	-0.004551089	0.0404136932	0.0184299709	-0.0229953779	0.0197138747	0.0365102424	-0.0620167464	-0.0615189581	-0.0007397465	0.0292194278	-0.0203680985	-0.0066289433	0.0157763196	-0.0050657273	-0.0159662534	0.0192102526	0.0215727009	0.0446546164	-0.0069222592	-0.0204073614	0.0067017499	-0.0108156351	-0.0159166971	-0.0163654299	0.0008610819	-0.0362085842	0.1288488837	0.0439478657	0.0187416515	-0.0624261786	0.0159596025	0.0125446989	-0.0016555254	0.0278526959	0.0095065994	0.0358939212	0.0279168596	0.0079878562	-0.0156851086	0.0133630114	-0.047720673	-0.0421667285	-0.0013853177	-0.0371118231	0.041954786	-0.0276633807	-0.0129035263	-0.0115439686	0.0158022373	-0.0210031098	0.05894366	0.0237259576	0.0276410499	0.0510223725	-0.0291261509	0.0266586582	0.0572504007	-0.0546608719	0.0203467141	0.0363684392	0.014071563	0.0026691928	0.0072542359	-0.0396260348	0.0125401143	-0.0136837887	-0.0286592973	-0.067701577	-0.0568848432	-0.0343158389	0.0405726469	-0.0439933052	-0.0037264761	-0.0347215429	0.0101292548	-0.0161194595	-0.0608327568	-0.0216038012	0.077775105	-0.0348223244	-5.4234e-05	0.0247416092	-0.0112837135	-0.0128848176	-0.0033467477	0.0126253807	-0.0080187541	-0.0496517341	-0.0092254177	0.0392941958	-0.0078907992	0.0352595806	0.0298680741	-0.0516224418	0.0034255922	0.0349664671	0.0324387746	-0.0181007133	0.0096777057	0.0220381281	-0.0738840755	0.0111746498	0.0295697928	0.0551290828	-0.0306157919	-0.0149265708	0.0187629319	-0.0081157574	0.0149906658	-0.0186104823	-0.0201741148	0.0205267524	-0.0433292026	-0.0031931652	-0.0014102439	-0.0648628667	-0.0015553022	-0.0249352383	-0.0104865262	-0.0395025296	-0.0013704576	-0.060288815	0.0460693549	-0.0617000602	0.0229973918	0.0951666432	0.0153751232	0.0005467522	0.0047703607	-0.0353042647	-0.0349735458	-0.0451027509	-0.0106952421	0.0109584255	-0.0554882366	0.0549299989	-0.0050573759	-0.0643846063	-0.0123967674	0.0372525908	-0.0272255606	-0.018697474	0.0480157186	-0.0346923251	-0.009440512	0.0451894509	-0.040806694	0.0001844653	0.0406015827	-0.0453303135	0.0098022517	0.0344309608	-0.0480868413	0.0190379212	0.026918132	-0.048968821	0.0275314438	0.0183559655	-0.0479418706	0.0349517203	0.0090782364	-0.0450460234	0.0410094892	-0.0005533855	-0.0403941669	-0.062493	-0.0027932999999999	7.802524889999992e-06	0.003905375049	-3.34582	-0.0347399999999997	11.1945114724	0.0012068675999999	-0.536213	-0.004579	2.0967241e-05	0.287524381369	-0.0153566	-0.0020817	0.00023582516356	4.333474890000002e-06	-0.0007371759999999	6.949700000010003e-05	5.434284549758526e-07	4.829833009013904e-09	0.000426053	0.000173328	1.8152115880900002e-07	3.0042595584000014e-08	0.0	0.0	0.0	0.0	0.0	0.0	0.0	0.0	0.0	0.0	0.0	0.0	0.0	0.0	0.0	0.0	0.0	0.0	0.0	0.0	0.0	0.0	0.0	0.0	0.0	0.0	0.0	0.0	0.0	0.0	0.0	0.0	0.0	0.0	0.0	0.0	0.0	0.0	0.0	0.0	0.0	0.0	0.0	0.0	0.0	0.0	0.0	0.0	0.0	0.0	0.0	0.0	0.0	0.0	0.0	0.0	0.0	0.0	0.0	0.0	0.0	0.0	0.0	0.0	0.0	0.0	0.0	0.0	0.0	0.0	0.0	0.0	0.0	0.0	0.0	0.0	0.0	0.0	0.0	0.0	0.0	0.0	0.0	0.0	0.0	0.0	0.0	0.0	0.0	0.0	0.0	0.0	0.0	0.0	0.0	0.0	0.0	0.0	0.0	0.0	0.0	0.0	0.0	0.0	0.0	0.0
55463.00443762344	165.13787777006655	3076144861.247837	27270.51867440144	69011.79875585937	1628.1355371093669	4762628367.519234	2650825.3271984067	56113.2142676348	187.353470291353	3148692815.4454937	35101.32283021289	56300.7236839171	57844.058357853086	1.94249	44.500252	0.8296433700000003	0.535373	-0.0026602118	0.0086216465	0.0911843623	0.0580393373	0.0263646806	-0.0418912324	-0.0756883093	0.0728274539	0.0915875231	0.062006289	0.1469126839	-0.1740826613	-0.0746006855	0.1987868333	-0.0604521527	0.0826396193	-0.0311662763	0.0277195208	0.1767524932	-0.1145933918	-0.1686202679	-0.0439521961	0.0479158465	-0.0527991085	0.0843992749	-0.1145905513	0.0004957778	0.0913914885	0.0217344295	0.1413809166	0.0229358119	0.0267976624	0.005438724	-0.0886962721	-0.040348649	0.0068590133	0.0080000786	-0.0189488946	0.0601908932	-0.0568904707	-0.0531359496	-0.0940260027	-0.0396538474	-0.0730643638	-0.0224549208	-0.0075396206	0.0343828672	0.0241092177	0.0027206318	0.0120846864	0.0588130048	-0.0565057926	-0.0599393692	0.0389138494	-0.0209173925	0.0069523761	0.0910818741	0.1082964486	-0.0264741892	-0.0188443803	0.0132920212	0.01302914	0.1036283841	0.0792633933	0.0265982137	0.0023800389	-0.0221558211	-0.0175250675	-0.0053545166	0.011227264	-0.040009461	-0.0665106717	0.0811796431	-0.0342314061	-0.0555271417	0.0498558869	-0.0138084498	0.0020956946	0.0161161106	0.0061018766	-0.0647334284	0.0296977377	-0.0377024098	-0.0069514214	0.046299009	-0.0512069747	0.0015460189	-0.018117817	-0.0020876891	0.1004765204	0.0709018079	0.0520024111	-0.063638767	0.0597771731	0.0105284277	0.0234867152	-0.0368293125	0.0071940781	0.0929128139	-0.086886075	-0.0073935553	-0.0813880017	-0.034725148	0.0102743841	-0.0331428421	-0.0866103671	0.0468081366	-0.0159780211	0.0659554083	-0.05209068	0.0292276997	-0.0926685224	0.0214864563	-0.1804878539	0.1052354806	0.1742441579	0.0439545312	-0.0456641368	-0.0240840852	-0.1010948806	0.1133593276	0.0010412684	0.0830882939	0.0207890053	0.1457383065	-0.0090631994	0.0335591243	0.0008024653	-0.0929808852	-0.02923326	0.0094405966	-0.0087936831	-0.0208695504	0.0460980479	0.0655028853	0.0527925533	0.0743168554	-0.0507418727	-0.0438999689	0.0129916093	-0.0443719533	-0.035072059	-0.0223881886	-0.0407500032	-0.007362722	0.0080325501	0.1420788247	0.0481271511	0.0437736809	0.0026251245	0.0793573672	-0.0888526143	-0.0278674812	0.0307518952	0.0086565283	0.0004490961	-0.0811817736	-0.0874172813	-0.0229599982	0.0023763154	0.0050915208	0.0046046086	0.0392753978	0.0094933357	0.0393815495	0.0230035188	0.0422629046	0.1000139497	-0.0096122833	-0.0585820179	0.0458023357	0.0006836122	0.0089513997	0.0369881522	0.0208617799	-0.0147582648	0.0745112949	-0.0416997261	-0.0015025296	0.0446882421	-0.0501037921	0.0034797953	0.0513328475	0.0390671993	0.0354609849	0.0012211125	0.1265077521	0.0075221767	0.0638306528	-0.0013046753	-0.0209459419	-0.0660755304	0.0400756619	0.0272280771	-0.0410825351	0.1066448215	0.0632312239	0.0384915135	0.0171178536	-0.0620398993	0.0554855032	0.0406015862	0.0829261742	0.0085698778	0.0417508249	-0.091500789	-0.0595070583	0.0450791936	0.0474783665	-0.1702502576	-0.0392603911	-0.1015655425	0.0945049201	-0.2279846759	-0.0209811207	0.1630479007	-0.1585714427	-0.2253419311	-0.189700847	0.0331480406	0.00773477	-0.1032111657	0.0007657195	0.0175152392	0.0479734617	-0.0804732037	-0.0745257545	-0.0002001691	-0.1588732159	-0.0824350201	0.038059432	-0.0745279748	-0.0273786964	-0.0183559655	0.047903926	-0.0352091317	-0.0085338634	0.0447515066	-0.0415062691	0.0016598739	0.0396502352	-0.045995879	0.0117813266	0.0328222635	-0.0484824465	0.0213897225	0.0245649379	-0.0488576859	0.0300666323	0.015237851	-0.047105256	0.0374341914	0.0052471816	-0.0433014723	0.043171555	-0.0049719936	-0.037611983	-0.0522159	0.0102770999999999	0.0001056187844099	0.00272650021281	-3.77186	-0.4260400000000004	14.226927859600002	0.1815100816000003	-0.237039	0.299174	0.089505082276	0.056187487521	-0.0163002	-0.0009436	0.00026569652004	8.90380960000002e-07	4.31214e-05	0.0007802973999999	1.85945513796e-09	6.08864032446604e-07	0.000585201	0.000159148	3.424602104010001e-07	2.5328085904000003e-08	0.0	0.0	0.0	0.0	0.0	0.0	0.0	0.0	0.0	0.0	0.0	0.0	0.0	0.0	0.0	0.0	0.0	0.0	0.0	0.0	0.0	0.0	0.0	0.0	0.0	0.0	0.0	0.0	0.0	0.0	0.0	0.0	0.0	0.0	0.0	0.0	0.0	0.0	0.0	0.0	0.0	0.0	0.0	0.0	0.0	0.0	0.0	0.0	0.0	0.0	0.0	0.0	0.0	0.0	0.0	0.0	0.0	0.0	0.0	0.0	0.0	0.0	0.0	0.0	0.0	0.0	0.0	0.0	0.0	0.0	0.0	0.0	0.0	0.0	0.0	0.0	0.0	0.0	0.0	0.0	0.0	0.0	0.0	0.0	0.0	0.0	0.0	0.0	0.0	0.0	0.0	0.0	0.0	0.0	1.0	0.0	0.0	0.0	0.0	0.0	0.0	0.0	0.0	0.0	0.0	0.0
55367.908426694165	-95.09601092927188	3065605283.5467906	9043.251294660196	67965.21393359375	-1046.5848222656205	4619270305.039166	1095339.7901967603	55835.63502062681	-277.5792470079905	3117618138.156647	77050.238369523	56023.08620324393	56961.76078879616	1.912762	43.819206	0.5755372200000001	0.337537	-0.0066547396	-0.0004363191	0.0168215986	0.0141799645	-0.0030249238	-0.0337809059	-0.0198578181	-0.0618957035	-0.0309946635	0.0207910719	-0.0358315362	0.0672186037	-0.0881882667	0.0447254282	-0.0459343821	0.112170684	-0.0223189157	0.0471777653	0.0061066904	-0.1063098384	-0.0715759498	-0.0391201068	-0.1128424944	-0.1470269829	-0.0545076307	-0.0647701513	-0.0234875021	0.0528432816	0.0323606279	-0.0329040176	0.0096601655	-0.0352982656	-0.006362299	-0.0391029644	0.0587697597	-0.0631077	0.0189459089	-0.0356453741	0.0852128115	-0.0415618912	-0.040185264	-0.0133876733	-0.0073549714	-0.0419666463	0.0183973181	0.0154676957	-0.0163679814	-0.0341695792	-0.0246816138	0.0113799281	0.0388116727	0.0720434206	-0.0917276774	-0.0485599875	0.0261250334	0.0159073685	-0.0074599664	0.0331050136	-0.0022033691	-0.0023484513	0.0070369906	0.0648971174	0.0499565173	-0.0031244267	-0.0598636873	-0.1074867437	0.0221152891	0.0232761254	0.0060015841	0.0273677217	-0.0087302307	0.0480283959	-0.0098812567	0.0273982798	0.0778245818	-0.0021065631	0.0218676218	0.0098286937	0.0327642693	-0.0008350064	0.0303539731	-0.0158320628	-0.0038323978	-0.0528105785	0.0353940131	0.0026011453	-0.0157615464	-0.0524341174	0.0676969307	-0.0289171377	0.1100451406	-0.0359924928	0.0013751693	-0.0205894731	-0.0653385951	0.0322318799	-0.0435382343	0.0098562608	0.0460713289	0.0492133807	-0.0104167038	0.0709307059	0.0351302738	0.0173594362	0.0197556268	-0.0508499561	-0.0340452995	-0.0884105144	0.015742055	-0.0869717295	0.0376080802	-0.0249068197	0.0480324172	-0.0078428793	0.1002687754	0.0728806901	0.0416172278	0.0902808664	-0.1764333547	0.0104832576	0.0591951584	0.0150749114	0.054986606	0.0437979179	-0.0217411978	0.0263702868	-0.0333928948	0.0032023214	-0.0277321916	0.0629417066	-0.0690484027	-0.0156036319	-0.0457560864	0.0761097014	0.0437721054	0.0391893722	0.0081119278	-0.0322604655	-0.0028822245	-0.0252956428	-0.0226826198	-0.0049890111	0.0436044602	0.0083335178	0.0007606582	-0.0216021501	0.0369107229	0.1221464323	-0.0609888437	-0.0289101935	-0.0074225801	-0.0083332914	0.012197025	0.0140315206	0.011037658	0.0111737805	-0.0559731845	0.009112166	0.0616931986	-0.0724931259	0.1022605245	-0.0054168263	-0.0164183902	-0.0161397665	0.0340962009	0.009147086	-0.0318814645	-0.0322841098	0.0300446188	0.0756533413	-0.0101252178	0.0255608583	-0.0038547419	0.0179248717	0.0202978637	0.0183410694	-0.0286181322	0.0128505929	-0.0500410456	0.048417351	-0.0036269779	-0.0042348352	0.0494896085	0.0496962288	-0.0343420315	0.1059267415	-0.0075245465	-0.0484075345	0.0202898539	0.0652513213	-0.0384523299	-0.0423129327	0.048277122	0.0316468453	-0.0173016596	-0.0531587382	-0.0683190862	-0.0195412926	-0.0219639209	0.0403614663	0.0546216001	-0.0383419183	0.0537415747	-0.0595557297	0.0839773421	-0.0143149882	-0.0306210983	0.0236261129	0.0026143464	-0.0726206704	-0.0188093367	-0.0069208448	0.0243785407	0.0767688511	-0.1272056603	0.0583545801	-0.0209245612	-0.2343372153	-0.1116698357	0.0795768405	0.0285580821	-0.1185519787	-0.0611433929	0.0766762687	0.0323573427	-0.0783782063	-0.0272174566	-0.0285453045	-0.0283942246	-0.0436488263	0.0134809745	0.0247252197	-0.0275314438	-0.0180134151	0.0477860158	-0.0357179449	-0.0076241876	0.0442907033	-0.0421769872	0.0031337753	0.0386533201	-0.0465961863	0.0137401766	0.0311465121	-0.0487618127	0.0236820496	0.0221333376	-0.0485691282	0.0324785665	0.0120497088	-0.0460274517	0.0397042937	0.0013833093	-0.0412597087	0.0450097667	-0.0093499925	-0.0344964857	-0.0795262	-0.0273103	0.00074585248609	0.00632441648644	-3.60239	0.16947	12.9772137121	0.0287200809	-0.48991	-0.252871	0.063943742641	0.2400118081	-0.0148361	0.0014641	0.00022010986321	2.1435888100000038e-06	-0.0007604979999999	-0.0008036193999999	5.783572080038479e-07	6.458041400561992e-07	0.000335202	-0.000249999	1.12360380804e-07	6.249950000100002e-08	0.0	0.0	0.0	0.0	0.0	0.0	0.0	0.0	0.0	0.0	0.0	0.0	0.0	0.0	0.0	0.0	0.0	0.0	0.0	0.0	0.0	0.0	0.0	0.0	0.0	0.0	0.0	0.0	0.0	0.0	0.0	0.0	0.0	0.0	0.0	0.0	0.0	0.0	0.0	0.0	0.0	0.0	0.0	0.0	0.0	0.0	0.0	0.0	0.0	0.0	0.0	0.0	0.0	0.0	0.0	0.0	0.0	0.0	0.0	0.0	0.0	0.0	0.0	0.0	0.0	0.0	0.0	0.0	0.0	0.0	0.0	0.0	0.0	0.0	0.0	0.0	0.0	0.0	0.0	0.0	0.0	0.0	0.0	0.0	0.0	0.0	0.0	0.0	0.0	0.0	0.0	0.0	0.0	0.0	0.0	1.0	0.0	0.0	0.0	0.0	0.0	0.0	0.0	0.0	0.0	0.0
55271.1227426234	-96.78568407076092	3054897009.230142	9367.46864104514	67544.6211772461	-420.592756347658	4562275849.977682	176898.2666921204	55802.42155766441	-33.2134629623979	3113910251.69929	1103.134121954577	55974.85352491675	56325.81497564935	1.312704	30.072573	0.1804054000000003	0.112248	-0.0016480576	-0.0150827551	0.0015039326	0.015642231	-0.0012149525	-0.0099370434	0.006396851	0.0189527417	0.0141332706	-0.0349476273	-0.0124772081	-0.0700066902	0.0107577354	0.005821536	0.0140093508	0.004208401	0.0180182914	0.0441233482	-0.0135034292	-0.0606305457	-0.0063553243	-0.0512910294	0.0447260873	0.0667274089	0.0029341487	-0.0191261947	0.0094136811	-0.0047021776	0.0217286672	0.0156302891	-0.0422749572	0.0264547352	-0.0468871559	-0.0450316186	-0.0037405013	-0.0122941894	-0.0242054845	-0.0125146523	0.0124931815	-0.0392457464	0.011575217	-0.0813017436	0.0081754059	-0.0097638925	0.0381945511	0.0502480162	-0.0003714505	0.0444888509	-0.0025497621	0.0111388608	-0.0321574109	0.0182898007	-0.0139545143	-0.0001308526	0.0384760437	-0.0423111108	-0.0110804142	0.0056122886	-0.0120887773	-0.0312747086	-0.0397157636	0.0392609806	-0.0070123896	-0.0874275235	0.0523114643	-0.0095097429	-0.0302781907	0.0545540067	0.0747107409	0.0434980234	0.0112143854	0.0168242814	0.0488971143	0.0258682974	-0.0064794175	-0.0168935739	-0.0400393945	0.0359604817	0.0242016731	0.0263242167	-0.0040114443	-0.0266743404	0.0081872408	0.0086602279	-0.0723581635	0.042123315	0.0027296973	0.0194193336	0.0164964896	0.0166522488	0.0610260439	-0.0082821	0.0419427042	-0.0217709739	-0.0166569149	0.0123567356	0.0242764065	-0.0164278954	-0.0138262175	-0.0504448359	-0.0452500694	0.0339993045	0.0149740716	-0.0032366013	0.0443738011	-0.0617035711	-0.0028236752	0.029673005	-0.0162729906	-0.0763834807	0.0300189195	0.004362076	0.0474693391	0.0101000302	0.061403576	0.0074075552	0.0481599084	-0.03962108	0.0683962555	0.0191123241	0.0225788915	-0.0088378537	-0.0111208072	0.0208426209	0.0086532305	-0.0449336114	0.0165870494	-0.0441246643	-0.0395352311	-7.70775e-05	-0.0185098662	0.0193699883	-0.0121232019	0.0170076767	0.0458104744	-0.0097943899	0.074577935	0.0057332565	0.0008849285	-0.039907538	-0.049282263	0.0025525476	-0.0418434739	0.0086688188	-0.0131657923	0.0279751213	-0.0216898939	0.0172658352	-0.0056117335	-0.0227039276	0.0096807613	0.0466474278	0.0118848549	-0.0229122375	0.032417154	0.0277491678	0.0261963431	0.0224814617	0.0868144862	0.0737562604	0.0152603439	0.0479285896	-0.0342967053	-0.0465018494	0.0621585285	-0.0326749381	-0.0163117076	0.0348517994	0.0505282807	-0.0084909182	-0.0002157894	-0.0402768822	-0.0182693289	0.0068335359	0.0566728182	-0.0227877531	-0.0172467081	0.0205145668	-0.0183418846	-0.0783358533	0.0290625912	0.0199020507	0.0083020979	0.0378258101	0.0222918672	0.0222173255	0.0018762625	-0.0278398198	-0.0305475294	0.0357201999	0.0081353066	0.0306180172	0.027299691	0.0170901301	0.0492972205	0.0430608484	-0.0463676414	-0.004561664	-0.0160649401	0.0129864519	0.0606395862	0.0006313879	-0.0046817816	0.0462291747	0.0746582887	0.0296935887	-0.0161994174	-0.037306654	-0.0023485063	-0.0612427345	-0.0168415037	-0.0339559806	0.0108893597	-0.021617818	0.01156027	-0.0310856867	-0.0238343438	-0.0664131324	-0.0551653635	0.1205890431	0.0138659262	-0.0258816821	-0.0803469988	-0.0282890846	0.0413115471	-0.060040784	-0.0300981418	-0.0135617293	0.0069146242	-0.0441764184	0.0660936877	0.0294097295	-0.0276838006	-0.0176698424	0.0476620031	-0.036218649	-0.0067118073	0.0438072762	-0.0428183818	0.004604831	0.037611983	-0.0471303837	0.0156754391	0.0294071302	-0.04892427	0.0259085287	0.0196310923	-0.0481041957	0.0347573591	0.0088061905	-0.0447139763	0.0417491486	-0.0024892147	-0.0389347468	0.046510335	-0.0136516244	-0.031075284	-0.0892242	-0.0096979999999999	9.405120399999996e-05	0.00796095786564	-3.49448	0.1079100000000004	12.211390470399998	0.0116445681	-0.511891	-0.0219809999999999	0.0004831643609999	0.2620323958809999	-0.015432	-0.0005958999999999	0.0002381466239999	3.5509680999999986e-07	-0.000693567	6.693099999990004e-05	4.810351834889999e-07	4.479758760986619e-09	0.000181705	-0.000153497	3.3016707025e-08	2.3561329009e-08	0.0	0.0	0.0	0.0	0.0	0.0	0.0	0.0	0.0	0.0	0.0	0.0	0.0	0.0	0.0	0.0	0.0	0.0	0.0	0.0	0.0	0.0	0.0	0.0	0.0	0.0	0.0	0.0	0.0	0.0	0.0	0.0	0.0	0.0	0.0	0.0	0.0	0.0	0.0	0.0	0.0	0.0	0.0	0.0	0.0	0.0	0.0	0.0	0.0	0.0	0.0	0.0	0.0	0.0	0.0	0.0	0.0	0.0	0.0	0.0	0.0	0.0	0.0	0.0	0.0	0.0	0.0	0.0	0.0	0.0	0.0	0.0	0.0	0.0	0.0	0.0	0.0	0.0	0.0	0.0	0.0	0.0	0.0	0.0	0.0	0.0	0.0	0.0	0.0	0.0	0.0	0.0	0.0	0.0	0.0	0.0	0.0	0.0	0.0	0.0	0.0	0.0	0.0	0.0	0.0	0.0
55361.15769839578	90.03495577237481	3064857781.706646	8106.293260933489	67590.34120507812	45.72002783202333	4568454224.218881	2090.320944960988	55792.80587184175	-9.615685822660453	3112837187.0530195	92.46141384011322	55968.31314484717	56514.40285422585	1.029977	23.595613	0.2366638499999998	0.125871	-0.0048304803	-0.0177063024	-0.0086163202	0.0127397537	0.004837634	0.0016565307	-0.0015532079	0.0114289834	-0.056776824	0.0159328196	-0.0056954962	0.0333087727	-0.0697470345	0.0108011988	-0.0291254093	0.0212697094	-0.012665842	0.0153399869	-0.019411707	-0.0570041165	0.0018237841	-0.0329645257	-0.032708164	-0.0945420711	0.0349777648	0.023024664	0.0150953956	0.0163052873	0.0008339398	-0.0425371629	0.0680574846	0.0083908114	-0.009590244	0.0167062685	-0.0176225535	-0.0246191861	0.0026397207	-0.0162962019	0.0163901769	0.0103169483	-0.0458015749	0.0218929578	-0.0126065148	-0.0217031233	0.0049329027	-0.0188861995	-0.0150427704	0.0230343261	0.0023444978	0.0245443865	0.0107693573	0.0423915154	-0.028208051	-0.0370950342	0.0414027913	-0.0343276914	0.0368152221	-0.0392242166	0.0383020997	-0.0211514333	-0.0315385931	0.0343705264	-0.0330404792	0.0100429364	-0.0365096963	0.0170324317	-0.0214226758	-0.0314475103	0.0306358917	0.0107523195	0.0411893899	0.0167459636	-0.0661492549	-0.0210473355	0.057212238	0.0391431132	-0.0673072002	0.023114303	0.0374130758	0.0078667526	0.0510297719	-0.0549377397	-0.0140279854	0.0058302704	0.0389587795	-0.0120842593	0.0108041859	-0.017301659	-0.018893576	0.0143152	-0.0217425933	-0.0103627941	-0.0305791349	0.0080564064	0.0172105261	0.0088751223	0.0404786154	0.0007618625	0.051902132	-0.0323920393	-0.0364879278	-0.0488316278	-0.0160055297	-0.000742114	-0.0384119863	0.0283521744	0.0010581591	0.0068124544	0.0067594872	-0.0591752343	-0.0038597061	0.0345820218	0.0176602201	0.0145609891	0.0600147733	-0.0023271732	0.0349937829	0.027963329	-0.0733978888	-0.0628673855	-0.0257499798	-0.0164603164	0.0176326026	0.0057163323	-0.0262759729	0.0761037229	0.0214029502	-0.0033295946	0.014824414	-0.0213922045	-0.0271471209	-0.001928468	-0.0199857058	0.0139999137	-0.005906258	0.0430098154	-0.0182989687	-0.0325162305	-0.009652526	0.0009658868	0.0162256525	0.0273442387	-0.0169072552	-0.0081745783	-0.0227644923	-0.004422261	-0.0038015742	0.0422819278	-0.0421921228	-0.0225886332	-0.0041122496	0.0790086875	-0.0529875776	0.0233860455	0.0291541802	0.0089975138	-0.0054709539	0.0341105807	-0.001745845	-0.0220589525	-0.0360515657	0.0181661535	0.0247958555	-0.0346285975	-0.0010202075	-0.0307553542	0.0026477727	-0.0654638419	-0.019014145	0.0628634317	0.0597871899	-0.0502557294	-0.0198153892	0.025549604	0.0209235023	0.0054963814	-0.0681451839	0.0006314415	0.0174420354	0.0433951034	-0.0264922044	0.0226962025	0.0124003709	-0.0187579169	-0.0001837723	-0.0287758225	-0.004225928	-0.0094363698	0.0238647747	-0.0032639396	0.0086500674	0.0111281784	0.0371374331	0.0429803084	0.0016645392	0.0453804483	0.0483949976	0.0242719845	0.0176110153	-0.0266185141	-0.0377722583	-0.0083551745	0.0310798218	0.0232486595	0.0322742489	0.0226776781	0.0251022608	0.0364231208	-0.0114601903	-0.0187004167	-0.0029384448	-0.0300235108	-0.0187026415	0.0610208077	-0.0615022322	-0.0161459384	-0.0438860027	-0.0421634245	-0.0148116757	0.0668968508	0.0086853321	0.0526056477	-0.0489893084	0.035419118	0.0203624624	-0.0136044755	0.0021177617	0.0121560728	0.0322857213	-0.0268410011	0.0251385242	-0.0225612981	-0.0278357645	-0.0173252667	0.0475319038	-0.0367111306	-0.0057970462	0.0433014723	-0.0434300072	0.0060717052	0.0365274207	-0.0475977133	0.0175837917	0.0276076712	-0.048969429	0.0280629691	0.0170661886	-0.0474645768	0.0368936684	0.005522202	-0.043171555	0.0435571555	-0.0063461704	-0.0363425447	0.0476620031	-0.0178417553	-0.0273786964	-0.0837756999999999	0.0054485000000001	2.968615225000116e-05	0.0070183679104899	-3.40666	0.0878199999999997	11.6053323556	0.0077123523999999	-0.568724	-0.056833	0.003229989889	0.323446988176	-0.0148404	0.0005915999999999	0.00022023747216	3.499905599999993e-07	-0.001628	-0.000934433	2.6503840000000005e-06	8.731650314890002e-07	-2.3509e-05	-0.000205214	5.52673081e-10	4.2112785796e-08	0.0	0.0	0.0	0.0	0.0	0.0	0.0	0.0	0.0	0.0	0.0	0.0	0.0	0.0	0.0	0.0	0.0	0.0	0.0	0.0	0.0	0.0	0.0	0.0	0.0	0.0	0.0	0.0	0.0	0.0	0.0	0.0	0.0	0.0	0.0	0.0	0.0	0.0	0.0	0.0	0.0	0.0	0.0	0.0	0.0	0.0	0.0	0.0	0.0	0.0	0.0	0.0	0.0	0.0	0.0	0.0	0.0	0.0	0.0	0.0	0.0	0.0	0.0	0.0	0.0	0.0	0.0	0.0	0.0	0.0	0.0	0.0	0.0	0.0	0.0	0.0	0.0	0.0	0.0	0.0	0.0	0.0	0.0	0.0	0.0	0.0	0.0	0.0	0.0	0.0	0.0	0.0	0.0	0.0	0.0	0.0	0.0	0.0	0.0	0.0	0.0	0.0	0.0	0.0	0.0	0.0
55286.435310697234	-74.72238769854448	3056589929.3639097	5583.435223371592	67680.62362207031	90.28241699219508	4580666813.872342	8150.914817952593	55867.35369129292	74.54781945116702	3121161208.4680204	5557.377384923795	56043.34564365783	56253.97486493	1.092101	25.018805	0.0794821249999998	0.0399983	-0.0018748247	-0.0297689854	-0.0162357367	0.0032196708	-0.0006253384	-0.0152989047	0.0033618665	-0.0492762593	-0.0276315287	-0.0172252398	-0.0277937321	-0.0305974036	-0.0203155281	-0.0012112234	0.0812185097	0.000305497	0.0069489126	-0.007937757	-0.045687462	0.0182992738	0.0146737248	0.0143000267	-0.0129833372	0.0583403446	5.4385e-05	-0.0163333989	-0.0285247131	0.0171302391	-0.017761131	-0.0462523646	-0.0123230425	0.0459632006	0.0579377967	0.0473167664	-0.0236079161	-0.0973695549	0.0111225442	-0.0102319788	-0.0231061904	-0.0096843735	0.020852506	0.021768748	0.0361932727	-0.0251425556	-0.0149594236	0.0300531199	0.0054138493	0.0019757401	0.0037232457	0.0110817948	0.0119172662	0.0126279393	-0.0154732022	0.0174075253	0.0094747867	0.0109653876	0.0881935846	-0.008733945	0.0141328586	0.0522132362	-0.0591455421	-0.0320034909	0.0079378573	-0.0417068578	-0.0256094735	0.0501979283	0.012507557	0.0090084754	-0.0377594	0.0081732356	-0.0532893063	0.0093249376	-0.0395306033	-0.0196883582	0.0660922517	-0.0602036582	-0.0678793955	-0.0572997168	-0.0144978265	-0.0733982991	0.0102388795	-0.0119220697	0.0145205447	0.0429655644	0.0405674692	-0.0096255928	-0.0677108979	-0.0350217538	0.0186035579	0.0608522437	0.0745109369	-0.0496214593	0.0286563414	0.0178814405	-0.0126888519	0.0639602407	-0.0006200656	0.0276018236	0.024455519	0.0653737234	-0.0216735271	-0.0498716209	-0.0684051266	-0.0224391087	0.016316196	-0.0119522663	0.0048029427	0.0200399602	-0.0062171145	0.0188723315	-0.0170883662	0.0028118833	-0.0052007057	0.0455869406	-0.0154459405	-0.0154378252	-0.0126128275	0.0184428137	0.0554081725	0.0235198276	0.0175771786	0.0344523581	0.0185005479	-0.0100844925	-0.041222369	-0.0125640128	0.047669406	0.0591037216	0.0467190697	-0.0309061231	-0.0969610976	-0.0121601104	-0.0078754917	-0.0282493078	0.0078052353	-0.0251473557	-0.0219125455	-0.0058769394	0.0379343721	0.0111901313	-0.0382417354	7.51787e-05	-0.0006417941	-0.0095577708	-0.0142440795	-0.0064187221	0.0078089385	0.0195294787	0.0017313121	0.0148230867	-0.0089413439	0.0097207727	-0.0924672232	0.0007092563	-0.0258313529	0.0780167858	0.0471244986	-0.031751791	0.0252835112	-0.0145390232	-0.0449399382	-0.014791248	-0.008818661	0.043244988	0.0176811903	0.0481634768	-0.0237829132	-0.0108784937	-0.0383434976	0.0629103292	-0.0416243624	-0.0727490009	0.0070917495	0.0382871749	-0.0864177793	0.0066344668	-0.0235022062	0.0082150857	0.0472964862	0.0143009656	0.0101930255	-0.0213217041	0.0886470487	0.0886823436	0.043907967	0.0378736475	-0.0179477513	-0.0114519602	0.025806744	0.022452244	0.058786684	-0.0414489516	0.0052184353	0.0265385162	-0.0038931637	-0.0499721414	0.0387454481	0.06195842	0.0594289052	-0.0021454345	0.0151034672	0.0119805839	-0.011565539	0.0086346227	-0.0007030972	-0.0104142939	0.0144178876	-0.0185789992	-0.0135005953	-0.0100767009	0.0055157405	-0.0461890293	-0.0224543319	0.0357866823	-0.0043039274	-0.0850764096	-0.0092966133	0.0019973766	-0.0117169889	0.0767361319	-0.0157648045	-0.0414678356	-0.0708598966	0.0052211413	0.0057319084	-0.032532387	-0.0248282572	0.0484260613	0.0258700722	-0.0065048554	0.0240173132	-0.0471396856	-0.0279873335	-0.0169797078	0.0473957345	-0.0371952777	-0.0048802286	0.04277355	-0.044011438	0.0075330659	0.0354008796	-0.0479975119	0.0194619585	0.0257518113	-0.0488971813	0.0301393805	0.0144468132	-0.0466525943	0.0388787369	0.0022128355	-0.0414080854	0.0451180572	-0.0101634351	-0.0335008948	0.0484561318	-0.021886162	-0.0234394817	-0.0874860999999999	-0.0037104	1.376706816000002e-05	0.0076538176932099	-3.38208	0.0245799999999998	11.4384651264	0.0006041763999999	-0.583631	-0.014907	0.000222218649	0.340625144161	-0.014522	0.0003183999999999	0.000210888484	1.0137855999999996e-07	-0.00127403	0.00035397	1.6231524409e-06	1.252947609000001e-07	2.98155e-05	5.33245e-05	8.889640402499998e-10	2.84350230025e-09	0.0	0.0	0.0	0.0	0.0	0.0	0.0	0.0	0.0	0.0	0.0	0.0	0.0	0.0	0.0	0.0	0.0	0.0	0.0	0.0	0.0	0.0	0.0	0.0	0.0	0.0	0.0	0.0	0.0	0.0	0.0	0.0	0.0	0.0	0.0	0.0	0.0	0.0	0.0	0.0	0.0	0.0	0.0	0.0	0.0	0.0	0.0	0.0	0.0	0.0	0.0	0.0	0.0	0.0	0.0	0.0	0.0	0.0	0.0	0.0	0.0	0.0	0.0	0.0	0.0	0.0	0.0	0.0	0.0	0.0	0.0	0.0	0.0	0.0	0.0	0.0	0.0	0.0	0.0	0.0	0.0	0.0	0.0	0.0	0.0	0.0	0.0	0.0	0.0	0.0	0.0	0.0	0.0	0.0	0.0	0.0	0.0	0.0	0.0	0.0	0.0	0.0	0.0	0.0	0.0	0.0
55001.53126050504	-284.9040501921918	3025168441.0003133	81170.31781591494	67387.08877929687	-293.5348427734425	4541019734.148838	86162.70392202961	55758.36741039047	-108.98628090244893	3108995536.2720942	11878.009424947504	55956.21889123454	56653.201814250206	1.133998	25.978613	0.0599622749999997	0.0300067	-0.0053899629	-0.0213064721	-0.0244659058	0.0101335815	-0.0168547333	0.0048942925	0.029873572	0.0301903401	-0.0586610689	-0.0391221981	0.0017588015	-0.0120773631	-0.0623923682	0.0117862022	-0.0067349647	-0.0188077108	-0.0297482599	-0.0233301159	-0.0382843514	0.0377387789	0.0254630769	-0.0274656404	0.0171986746	-0.0538071796	-0.0383612995	-0.0689637554	-0.0535746483	0.0261604326	-0.0108233867	-0.0273165671	-0.0620828296	-0.0119609541	-0.0113547971	0.0389129499	0.0345170466	-0.0574973826	0.0036602971	-0.0240295688	-0.0089607936	-0.0445604439	-0.0657287639	0.0166526744	-0.0348709436	-0.006980142	-0.024246114	0.0089393385	-0.0245753501	-0.0147258996	-0.0010795084	0.0365558549	-0.0818650156	-0.0467123659	0.026907959	0.0139585024	0.0395290089	-0.0088337403	0.0497271807	-0.0162161073	-0.0210220686	-0.0071232108	-0.080227868	-0.0001826858	0.0231654194	-0.0577535965	-0.0330214588	-0.0048178329	-0.0186451517	-0.0122945132	-0.0249168338	0.0135136397	0.0343282639	-0.0026859746	0.0313436957	0.0183601461	0.0893278414	0.0248613697	-0.0399197873	-0.0872873629	0.0299838204	-0.0028296916	0.035874106	0.0113768548	0.0442115027	0.0267536586	0.0548669427	0.0544392639	0.0237323727	0.015699206	-0.0025236559	0.0325548573	-0.0168469153	0.0198105503	0.0021931331	-0.0112934492	-0.0424764175	-0.0113148059	-0.1019904773	-0.0378542004	-0.0072060353	0.014311467	-0.0123382171	-0.0777795806	-0.060359719	-0.0287863846	0.0006156113	0.0120707876	-0.0397785733	-0.0049199867	0.0081497551	0.0607351196	-0.02023706	-0.0111626817	-0.0253708282	0.0392309461	-0.0362766186	-0.0283969073	0.0302842722	-0.0280818528	-0.0663175704	0.0111802226	0.0652557858	0.0468753426	0.0302849169	0.006772359	-0.0331051946	-0.0531137636	-0.0217428131	-0.0115892961	0.0498848968	0.0277753402	-0.0621803639	-0.0002663653	-0.0273789509	-0.0205949191	0.0474057274	0.0552039243	-0.028377975	-0.0290372833	-0.0345966439	0.0213873956	-0.0113941571	0.0116853195	0.0306282916	0.0116189228	-0.0354706958	0.0856772628	-0.0092661398	-0.0451610901	0.0268301266	-0.0230910955	0.0033457948	0.0149687496	-0.050929134	-0.0344441332	0.037524646	0.0704807146	0.0195488525	-0.0274926573	0.0432927886	-0.0183561436	0.0063304078	0.0098479622	0.0152490959	0.0319943297	-0.0061121536	-0.0376653477	0.0034696795	0.0065830721	0.0495847815	0.0878463798	0.0279228971	-0.0348676493	0.0781353808	0.0257664651	-0.0302563704	0.0457667207	-0.0094359326	0.0434789415	0.0384739967	0.0379769351	0.0503507458	0.0577493949	0.005568736	0.0161371866	0.0006582189	-0.0251532453	0.0193234131	0.0031606714	-0.0256794524	0.0274967855	-0.0497566639	-0.0852201132	-0.0148757371	-0.0611527624	0.0276533737	-0.0135443498	0.0763203023	0.0516645029	0.0500638191	-0.0120358832	-0.0064954067	-0.0344640969	-0.0407168072	-0.0241549246	-0.0476655657	-0.0167038646	0.0040300032	0.0135834129	-0.0170777155	-0.0128007217	0.0057691187	-0.0477248354	-0.0085817569	0.0388279379	-0.0459512888	-0.0638302206	-0.0518336857	-0.0409292857	0.021473648	0.0706822685	0.0167950605	0.0289987718	-0.0687800563	-0.015059141	0.0097970795	-0.0101787947	-0.0007841835	0.048461283	0.0477007366	-0.0140045429	0.0291712836	-0.0131225804	-0.0281385053	-0.016633185	0.0472535125	-0.0376709804	-0.0039616799	0.0422237789	-0.04456227	0.0089875862	0.0342336544	-0.0483292125	0.0213067153	0.0238433419	-0.0487077002	0.0321319892	0.0117813266	-0.0456711967	0.0407044271	-0.0011067004	-0.039432597	0.0464229987	-0.0139171345	-0.0304293015	0.0488867639	-0.0257518113	-0.0192925486	-0.0834381	0.0040479999999998	1.638630399999918e-05	0.00696191653161	-3.39864	-0.0165599999999996	11.5507538496	0.0002742335999999	-0.567948	0.015683	0.000245956489	0.322564930704	-0.014564	-4.200000000000037e-05	0.000212110096	1.7640000000000311e-09	-0.0011353	0.00013873	1.2889060899999997e-06	1.9246012900000028e-08	0.000322511	0.0002926955	1.04013345121e-07	8.567065572025e-08	0.0	0.0	0.0	0.0	0.0	0.0	0.0	0.0	0.0	0.0	0.0	0.0	0.0	0.0	0.0	0.0	0.0	0.0	0.0	0.0	0.0	0.0	0.0	0.0	0.0	0.0	0.0	0.0	0.0	0.0	0.0	0.0	0.0	0.0	0.0	0.0	0.0	0.0	0.0	0.0	0.0	0.0	0.0	0.0	0.0	0.0	0.0	0.0	0.0	0.0	0.0	0.0	0.0	0.0	0.0	0.0	0.0	0.0	0.0	0.0	0.0	0.0	0.0	0.0	0.0	0.0	0.0	0.0	0.0	0.0	0.0	0.0	0.0	0.0	0.0	0.0	0.0	0.0	0.0	0.0	0.0	0.0	0.0	0.0	0.0	0.0	0.0	0.0	0.0	0.0	0.0	0.0	0.0	0.0	0.0	0.0	0.0	0.0	0.0	0.0	0.0	0.0	0.0	0.0	0.0	0.0
54876.25491893559	-125.27634156944988	3011403353.928003	15694.161757025471	67147.28889648437	-239.79988281249825	4508758406.147934	57503.98379688789	55736.83542938528	-21.531981005187845	3106594823.6823783	463.6262060077702	55927.75933448799	55881.03914636389	1.02559	23.495104	0.0524616499999997	0.028437	0.0006770426	-0.0269881408	-0.0168602261	0.0090139408	-0.0358529442	0.0132252412	0.0686769999	0.0158699449	-0.057296704	0.0491924796	-0.020209313	-0.0334295194	-0.0644361591	-0.011017906	0.0408057053	-0.0167283516	0.0240620951	-0.0100049211	-0.0350840513	0.0251896838	0.0246581529	-0.0008670639	0.0493377408	-0.0220642538	-0.043536132	-0.0768613022	0.0003111931	0.0297577481	0.0510801982	-0.0049622644	0.0629017499	-0.0069848568	0.0148398945	0.0055217829	-0.0626926503	-0.1350324296	-0.0032217271	-0.0070106784	-0.0241932606	-0.0320775598	-0.0348332149	0.0073755979	0.0533528706	0.0132869649	0.0411242002	0.037701963	-0.027072388	0.0199799511	-0.0150302034	0.0648456173	-0.0692263551	-0.0127115325	-0.0223322855	0.0269484241	0.0267515639	-0.0026116938	-0.0269014192	0.0138512502	0.0244694055	0.0101787979	-0.0588948616	-0.0065604727	-0.1021821776	0.0276398654	0.0552677321	-0.0183191873	0.1004031142	0.013723103	0.0098399809	0.0035048879	0.0343129261	-0.0575390184	-0.0263284098	0.020135764	0.0100758174	-0.0533716261	-0.0269556888	-0.0426850722	-0.0512365841	0.0356257312	0.0197277401	-0.0423041493	-0.0272962329	-0.064443268	0.0161316139	-0.0264101127	0.0266308927	-0.0766363716	-0.0012226863	0.0660609655	-0.0909311071	-0.0014852184	0.0215141151	0.0070981514	0.0161923545	-0.0164150253	0.0110766551	0.0127294118	-0.0250834253	-0.0305233631	0.0380016832	0.0016352051	0.0189625913	0.0519715714	-0.0144172817	-0.0393688142	0.020237506	0.009283708	-0.0309325608	0.055904513	0.0239535502	0.0224023886	-0.0105982352	0.0360684879	-0.0247125984	-0.0254747722	0.0002178131	-0.0545819692	-0.0266286034	0.0244843641	0.075958481	-0.0069689577	0.0221247129	0.0585465486	0.0110475354	0.0626307821	0.0070914723	0.01976547	0.0026088998	-0.064613807	-0.1305841381	3.29694e-05	-0.0045147654	-0.0331503119	0.0312672253	0.0385670415	-0.0140925208	0.018914283	0.0546653908	-0.048973637	-0.0274789755	0.0219098538	-0.0095344935	0.0266103474	-0.0615444996	0.077290336	-0.0043551233	0.008605017	0.0219496627	-0.0005293185	-0.0165951625	0.0188014187	0.0321090355	0.0269525301	0.022055252	0.0575874832	0.0336065496	0.0812850947	-0.0662562008	0.051140158	0.0214482442	-0.0880650079	-0.0497875559	-0.0187052459	-0.0014168904	-0.0183014908	0.0597369412	-0.0188656931	-3.68045e-05	0.0059974839	-0.0446998206	-0.0564524788	0.0345985374	-0.0494811724	-0.0240441229	-0.0342928189	-0.0217029867	0.0023551678	-0.0582170822	0.0403789392	-0.0495440078	0.0335428165	0.0769910647	-0.0321933472	-0.0334068513	-0.0754953702	-0.0237960869	0.0284762742	-0.0188524444	-0.0182211212	0.0285096332	0.0092094433	-0.0457887832	-0.0237435885	-0.0249080942	0.0281170026	0.0082141926	-0.0540966259	-0.0211018056	-0.0217486278	0.0311897219	0.0389853233	-0.013563183	-0.014167158	-0.0427697317	0.0221623357	-0.0119871977	0.0396072024	-0.0181533143	-0.0069745868	0.0036969214	-0.0455522883	-0.0035629885	0.0391943837	-0.0528550101	-0.095950859	-0.0549699879	0.0332326593	-0.0675341187	0.009248725	-0.0150012213	0.0340859521	-0.0558301698	0.0046266373	-0.0033379	-0.0073103038	-0.0167125187	0.0350690165	0.0273934278	-0.0260682796	-0.0197781159	0.0043337345	-0.0282892778	-0.0162857183	0.047105256	-0.0381381307	-0.0030417259	0.0416524399	-0.0450821203	0.0104339452	0.0330270864	-0.0485923444	0.0231148951	0.021886162	-0.04840144	0.0340352549	0.0090782364	-0.0445239479	0.0423632548	-0.0044211503	-0.0372552045	0.0474645768	-0.0175837917	-0.0271488476	0.0489506689	-0.0294071302	-0.014974647	-0.0791883	0.0042497999999999	1.8060800039999984e-05	0.00627078685689	-3.37956	0.0190799999999997	11.4214257936	0.0003640463999999	-0.570541	-0.0025929999999999	6.723648999999774e-06	0.3255170326809999	-0.0145445	1.950000000000042e-05	0.00021154248025	3.8025000000001634e-10	-0.00148861	-0.00035331	2.2159597321e-06	1.2482795610000008e-07	0.000480478	0.000157967	2.30859108484e-07	2.4953573089000004e-08	0.0	0.0	0.0	0.0	0.0	0.0	0.0	0.0	0.0	0.0	0.0	0.0	0.0	0.0	0.0	0.0	0.0	0.0	0.0	0.0	0.0	0.0	0.0	0.0	0.0	0.0	0.0	0.0	0.0	0.0	0.0	0.0	0.0	0.0	0.0	0.0	0.0	0.0	0.0	0.0	0.0	0.0	0.0	0.0	0.0	0.0	0.0	0.0	0.0	0.0	0.0	0.0	0.0	0.0	0.0	0.0	0.0	0.0	0.0	0.0	0.0	0.0	0.0	0.0	0.0	0.0	0.0	0.0	0.0	0.0	0.0	0.0	0.0	0.0	0.0	0.0	0.0	0.0	0.0	0.0	0.0	0.0	0.0	0.0	0.0	0.0	0.0	0.0	0.0	0.0	0.0	0.0	0.0	0.0	0.0	0.0	0.0	0.0	0.0	0.0	0.0	0.0	0.0	0.0	0.0	0.0
54661.43346624552	-214.82145269007012	2987872308.584786	46148.256535872046	66510.41410742188	-636.8747890624945	4423635184.740744	405609.4969433969	55559.27552851487	-177.55990087041573	3086833097.253431	31527.51839711186	55765.91952418827	55543.60681818182	1.32198	30.285065	0.3262017499999997	0.168888	0.0022109103	-0.0076900702	-0.0113411276	-0.0124794812	-0.0871709084	-0.0087608292	0.104894118	-0.0448024989	-0.0215533741	-0.017030865	-0.0525915747	0.0174291337	0.0303315521	0.0157786058	-0.0546417503	-0.0458769979	-0.0479784411	0.0653302188	-0.1048996573	-0.0230790332	-0.0126413512	-0.0342531604	0.0882316103	-0.0594938799	-0.0351962416	0.0454813988	-0.0264382465	0.047664853	0.0265213875	-0.0032859261	-0.0230731969	0.0217427069	0.0492824726	0.1004533184	-0.0378160744	-0.0013753444	0.0837629897	-0.0045227329	-0.0040461142	-0.0026134511	0.0438920896	0.0379217647	0.0134526931	0.0074813399	-0.0242984952	0.0216315358	0.0492250603	-0.0172997958	-0.0186477648	-0.0344987558	-0.01161575	0.0408052445	-0.0909016397	-0.0263224926	-0.0395733524	0.0384122633	0.0210936647	0.0190060792	0.0233485165	-0.0221364657	-0.0177142242	0.006478119	-0.0270980176	-0.0522689714	0.0317158453	0.0458187233	0.0564397814	0.0145471545	-0.008332581	-0.0500931292	-0.0202246069	0.0315786378	-0.0048636976	0.0050695915	-0.0306877354	-0.0410007836	0.0052872585	0.0225194652	0.0876291575	-0.0123626743	-0.0183872894	0.014315045	-0.0636382371	-0.0522812168	-0.0290299491	-0.0272482534	0.0265296927	-0.0472096587	-0.0205126004	-0.033038092	0.0195477682	0.074627885	-0.0392583691	-0.0284579294	-0.0388376169	-0.077398658	0.0723519956	0.0080779833	0.0231026663	0.0548857646	0.0663916217	-0.0285102826	-0.0193455567	0.0214921079	-0.0554388606	0.0271943516	0.0159733932	-0.0558188203	-0.0239346698	0.0417794559	0.0183914145	0.0559201896	0.0658366474	0.1018990297	0.0182379433	0.0094614126	0.0332645033	-0.1032797272	-0.0631397897	0.0141385338	-0.0500990373	0.0204221886	0.0438953242	0.0354479135	-0.0008430617	-0.0240131023	0.0193679608	0.0520385676	0.0963188095	-0.0455895756	0.0097653411	-0.0861008488	-0.0031818708	-0.0083792426	-0.0010942067	-0.0385799222	-0.0384040982	0.032725551	0.0123165193	0.026757458	-0.0236107301	-0.0409831946	-0.0083189635	0.0067297729	0.0450606191	0.021140847	0.00491416	0.0733151415	-0.0603627066	0.0484610448	-0.0292856821	-0.0246934593	-0.0171248626	0.0280871647	0.0207846641	0.0157670691	0.0180291167	0.0123279764	0.0382287669	0.063674831	-0.0404925277	-0.0373555993	-0.0479904123	0.0010968792	-0.0472959482	0.0276397638	-0.0368411208	-0.003625881	-0.020422113	-0.0332612716	-0.0474319123	-0.0042932007	-0.0087483443	0.0544313824	0.0462669936	0.0347486378	0.0063571633	-0.0535492775	-0.0569707184	-0.0028670193	-0.0416099993	-0.0230124419	-0.0210025935	-0.0708677357	-0.0532819163	0.0186444632	0.0746401544	-0.033353468	-0.0072956486	0.0492021838	-0.0035246669	0.104236594	-0.0156794282	-0.0120091312	-0.0729380846	-0.0473826573	0.0483147724	-0.0101272083	0.0184155153	-0.0130036563	-0.0448952602	0.015212177	0.0344186214	-0.0597771459	-0.0207319879	0.0500312649	0.0041091722	-0.0068937204	-0.0169422052	0.0020250221	0.0279971426	0.0190025953	0.0181500588	0.027534973	-0.0091930192	-0.1386738788	0.0078883827	-0.0933005206	0.0675030811	0.0032262716	0.0066666483	0.0006005353	0.0017177812	0.0327945039	-0.0402333136	-0.0114710532	0.0215516629	0.052344692	-0.0141177173	-0.0204179964	0.0588282982	0.1037547409	-0.028439649	-0.0159373271	0.046950984	-0.0385966226	-0.002120693	0.0410598248	-0.0455706274	0.0118708295	0.0317825624	-0.0487865342	0.0248833938	0.0198842699	-0.047979135	0.0358438856	0.0063461704	-0.0432150141	0.0438484199	-0.0077152822	-0.0348870569	0.0482368825	-0.0211404744	-0.0236820496	0.0486473676	-0.0328222635	-0.0105240416	-0.0805612	-0.0013728999999999	1.88485440999999e-06	0.0064901069454399	-3.50906	-0.1294999999999997	12.3135020836	0.0167702499999999	-0.66411	-0.093569	0.008755157761	0.4410420920999999	-0.0157342	-0.0011897	0.00024756504964	1.4153860900000004e-06	-0.00205155	-0.00056294	4.2088574025e-06	3.169014436000001e-07	0.000197921	-0.000282557	3.9172722241e-08	7.983845824900002e-08	0.0	0.0	0.0	0.0	0.0	0.0	0.0	0.0	0.0	0.0	0.0	0.0	0.0	0.0	0.0	0.0	0.0	0.0	0.0	0.0	0.0	0.0	0.0	0.0	0.0	0.0	0.0	0.0	0.0	0.0	0.0	0.0	0.0	0.0	0.0	0.0	0.0	0.0	0.0	0.0	0.0	0.0	0.0	0.0	0.0	0.0	0.0	0.0	0.0	0.0	0.0	0.0	0.0	0.0	0.0	0.0	0.0	0.0	0.0	0.0	0.0	0.0	0.0	0.0	0.0	0.0	0.0	0.0	0.0	0.0	0.0	0.0	0.0	0.0	0.0	0.0	0.0	0.0	0.0	0.0	0.0	0.0	0.0	0.0	0.0	0.0	0.0	0.0	0.0	0.0	0.0	0.0	0.0	0.0	0.0	0.0	0.0	0.0	0.0	0.0	0.0	0.0	0.0	0.0	0.0	0.0
54894.36631927227	232.93285302674485	3013391453.5944533	54257.71401917912	66540.46930761718	30.05520019530377	4427634055.677944	903.3150587797876	55877.97691950254	318.7013909876696	3122348304.616458	101570.57661747544	56064.22424885526	55771.35726682985	1.406272	32.216114	0.5989079	0.301223	0.0011474868	0.0306997297	0.0288548297	-0.0086196271	-0.0684222871	0.0029460407	0.1029844076	0.0281424877	-0.001214147	-0.0141480088	0.080925701	0.0350911574	0.0651087135	0.0678639113	-0.0823966669	-0.0586362037	0.0313230701	0.0126930731	0.0084902287	0.0275292775	-0.023918942	-0.0017379536	0.0403137011	-0.025728868	0.0074390795	-0.0542963152	0.0279740317	-0.0158626503	0.0421420282	-0.0055536348	-0.0621696804	0.0007752573	0.0119621281	-0.0702367564	-0.0283043131	0.070598742	-0.0306178302	0.054559987	-0.0332502774	0.0441802651	0.0165225905	-0.0499896675	-0.02588222	0.0399536229	-0.0727058044	-0.0323639186	0.0528342956	0.0051642454	0.0286198559	-0.0703673415	-0.033357527	0.0734837187	-0.0117932392	0.026005173	0.0485445021	-0.0052165315	-0.0764230733	-0.0065032651	-0.0385698806	0.0136164519	0.0066846769	-0.002343352	0.0604746874	0.0129611341	-0.0141813435	0.0373864753	-0.009143514	-0.0185031761	0.0293198351	-0.0369300892	-0.0278606695	0.0276407936	-0.0303321456	0.013643478	0.0194140576	0.0826394827	0.0313005636	0.0349973242	0.1139358581	-0.0510139201	-0.0537389727	-0.0286081763	-0.051836341	-0.0365062443	-0.0113103275	-0.0207011913	0.0063882333	-0.0244134375	-0.0335620462	-0.0635217547	-0.0507902168	0.0386044555	0.0376867166	0.0320475239	0.0188236566	-0.0164045297	0.0609324336	-0.044617874	0.0042280026	-0.0309355796	0.0007455578	-0.0027944127	0.00153429	-0.007580058	0.0059202312	-0.0225569542	-0.00667729	-0.0002578405	-0.0473973815	-0.0049088378	-0.026781851	-0.0261462677	0.0102652972	-0.0083287843	-0.0291465964	0.0227459699	0.0023190362	-0.0387320638	-0.015422128	-0.0262748059	0.0517878781	-0.0358810365	-0.0180170314	0.041447255	-0.016681291	-0.0662012796	-0.01445204	0.0052608184	-0.0742730099	-0.02112125	0.0692864944	0.0279859091	0.0597609898	-0.0316005509	-0.0353915212	-0.0089716053	0.0490031923	0.0414989568	-0.0393907791	0.0755866993	0.0189463945	-0.0371304287	-0.0221156308	-0.0316604603	0.069397671	0.0029467105	-0.0532619469	0.0542386137	0.0348352538	-0.0373627196	-0.0472301446	0.0143390354	0.067950882	-0.0425851532	-0.0159050595	0.0012427953	-0.0164910584	-0.0480676527	0.0063664959	-0.0221849718	-0.0435356557	0.0099566746	0.0169648476	-0.0408672456	-0.0275192053	0.0509693103	-0.0102709319	-0.0382035174	0.0189299425	0.0214653141	0.0562967833	0.0555668771	-0.0100467209	0.1236441456	0.0521125243	-0.0123114539	-0.0069327634	-0.0574825236	-0.0337457598	0.0075913752	-0.0153250883	-0.0375011439	-0.032951116	-0.0706668381	-0.0276969202	0.0133542803	-0.0109619555	0.0619962273	-0.0293905468	-0.0015404099	0.0312690656	0.0583950867	0.0158640073	-0.0189049715	0.0045833189	0.0431817309	0.0007165825	0.0119323917	0.0002587646	-0.0100411163	0.0180874976	0.0128395883	-0.0446207055	-0.0240664959	0.0111268602	-0.0240150871	0.0163934513	0.0449672043	0.0250287786	-0.0134096166	-0.0129605431	0.1457595233	0.0351112297	-0.0592362377	-0.0217767759	-0.023561121	-0.0903885448	0.0264212845	0.050196836	0.0144619073	-0.0633131298	0.0062715055	0.0873837049	-0.0434210532	-0.0236733716	0.0147736424	0.0956058799	-0.0692273313	-0.022767762	0.0455285678	0.0754512319	0.0902988977	-0.0285896166	-0.0155880314	0.0467907162	-0.0390463521	-0.0011989077	0.0404462362	-0.0460274517	0.0132969345	0.0305015125	-0.0489115064	0.0266091756	0.0178417553	-0.0474417976	0.0375528523	0.0035938487	-0.0417491486	0.0451538342	-0.0109739574	-0.0323402795	0.0487355344	-0.0245649379	-0.0200527028	0.047979135	-0.0359693177	-0.0059801733	-0.127863	-0.0473018	0.00223746028324	0.016348946769	-3.61897	-0.1099100000000001	13.0969438609	0.0120802081	-0.8008729999999998	-0.1367629999999998	0.0187041181689999	0.6413975621289998	-0.0208396	-0.0051053999999999	0.00043428892816	2.6065109159999997e-05	-0.00247162	-0.0004200699999999	6.1089054244e-06	1.7645880489999989e-07	0.000771113	0.000573192	5.94615258769e-07	3.2854906886400004e-07	0.0	0.0	0.0	0.0	0.0	0.0	0.0	0.0	0.0	0.0	0.0	0.0	0.0	0.0	0.0	0.0	0.0	0.0	0.0	0.0	0.0	0.0	0.0	0.0	0.0	0.0	0.0	0.0	0.0	0.0	0.0	0.0	0.0	0.0	0.0	0.0	0.0	0.0	0.0	0.0	0.0	0.0	0.0	0.0	0.0	0.0	0.0	0.0	0.0	0.0	0.0	0.0	0.0	0.0	0.0	0.0	0.0	0.0	0.0	0.0	0.0	0.0	0.0	0.0	0.0	0.0	0.0	0.0	0.0	0.0	0.0	0.0	0.0	0.0	0.0	0.0	0.0	0.0	0.0	0.0	0.0	0.0	0.0	0.0	0.0	0.0	0.0	0.0	0.0	0.0	0.0	0.0	0.0	0.0	0.0	0.0	1.0	0.0	0.0	0.0	0.0	0.0	0.0	0.0	0.0	0.0
55002.77351411076	108.40719483849534	3025305094.2445645	11752.11989275149	66839.0008935547	298.5315859375114	4467452040.448606	89121.10780236576	55815.6529973102	-62.323922192335885	3115387119.516144	3884.2712774363376	55999.60217575523	55551.33689059963	1.159462	26.561972	0.1746833499999996	0.0824088999999999	0.0059260941	0.0237221581	0.0317954836	0.0003361477	-0.055136543	0.0104225894	0.1032044344	0.0223645376	-0.0119205765	0.0685551521	-0.0460233555	0.0459339027	0.0176604461	0.0199478471	-0.0125584952	0.0267623576	0.0388965814	0.054729914	0.0177563018	-0.0137622241	0.0072125762	-0.0025737956	-0.0091362805	-0.0444446346	-0.0759331784	-0.0689753521	0.0134697481	0.014552479	-0.0414117205	-0.0052130546	-0.009322473	-0.0445378686	-0.0722841388	-0.008500597	0.0439561954	0.0375911322	-0.0198085872	0.0375655248	-0.0159825841	0.0091813319	-0.0499607879	0.0476115178	-0.0591988164	-0.0030621015	-0.0009376424	0.0098223841	-0.04694806	-0.0025329625	-0.0198999263	0.0013615523	0.0172416655	-0.0027781576	-0.0187573994	0.0391884451	0.011562073	-0.050286938	-0.0523519785	-0.0354123369	0.0354706181	-0.0523785868	0.0214470919	0.0434405906	0.021175138	0.002060422	0.0437460314	-0.0087473841	0.0030134193	0.0411792656	-0.011225931	0.0661948366	-0.0595737715	0.0224078354	0.0175621795	-0.0002684279	-0.009803464	0.0476949808	0.0030919319	0.0508578277	-0.0564934775	-0.0050590113	-0.0291372465	-0.0060731007	-0.0371525684	0.0277503445	0.0229814569	0.0132327213	-0.0196186933	-0.0237262317	-0.0304911191	-0.0447036687	-0.0277138047	0.0230805691	0.0061708899	-0.0107067632	-0.0257694497	-0.0838402614	0.0953055441	-0.0219323993	-0.0162797974	-0.0113108116	-0.0305102541	-0.0542695046	0.0131775209	0.0161803638	-0.0297120218	0.0979350217	0.0093354004	-0.0160638277	-0.0616993045	0.016087648	-0.0288832369	-0.0222999605	0.0536076862	-0.0192848692	0.0095322786	-0.0070245118	0.0010598212	-0.0037824974	-0.0686357314	0.0528654562	0.0676960902	-0.0177478497	0.0221307037	-0.0321857914	-0.0097640595	-2.62559e-05	-0.0459965558	-0.0733095545	-0.0047570967	0.045901015	0.0308743674	0.0200167501	0.0334710749	-0.0048099656	-0.0113229857	0.0427996692	-0.0476106564	-0.0382356647	-0.0496913304	-0.0025314858	0.0038775498	0.0424212074	0.016429467	0.0349227252	0.0010700832	-0.0133957975	0.0087569997	-0.0038512229	0.0232332979	0.0229268272	-0.0054483571	0.0847664159	0.0505283981	0.0176332949	0.0241937566	-0.0452363155	-0.0383753929	-0.0006692322	0.0229908073	0.0404369486	0.0132800927	-0.0013920619	-0.0247801992	0.0110481351	0.0804635634	0.0244005796	-0.0303873159	0.0131608923	0.0100471773	-0.0159586482	0.0477421597	0.0272594258	-0.0294996646	-0.0291142945	-0.0153397853	-0.0332940648	0.0083723863	-0.0724365214	0.037541659	0.0156281161	0.0097304242	-0.0264993279	0.0028265304	-0.036396187	-0.0202421541	-0.0113718417	-0.007862192	-0.0079439368	-0.0287571927	0.0263604257	-0.0117035093	0.1235896537	-0.0077199455	0.0060887713	0.0434116125	0.011423456	0.0778159164	-0.0173049794	-0.0028590037	0.0329198258	-0.0947518457	0.027155211	-0.0551681662	-0.0484502758	-0.0062057279	0.009380163	9.63881e-05	0.0423208349	0.026626756	-0.0234943328	-0.0195407461	0.1308518965	0.0373753588	0.0234682708	-0.0429825221	-0.0230618475	0.0048535501	-0.0213869176	-0.0938050236	-0.0281544804	-0.0566971212	0.0129623321	0.0665057028	-0.0167501725	-0.014786476	-0.0375546331	0.0699570652	-0.1236449675	-0.0407608025	0.0128461744	-0.0082914906	0.0051445319	-0.0287391785	-0.015237851	0.046624473	-0.0394872168	-0.0002766972	0.0398119877	-0.0464522756	0.014710965	0.029185409	-0.0489670838	0.0282892778	0.0157627911	-0.0467907162	0.0391574033	0.0008300562	-0.0401316745	0.0462741461	-0.0141822002	-0.0296279125	0.0489577037	-0.0278357645	-0.0162857183	0.046950984	-0.0388225891	-0.0013833093	-0.122209	0.005654	3.1967716000000074e-05	0.014935039681	-3.66598	-0.0470099999999997	13.4394093604	0.0022099400999999	-0.737909	0.0629639999999998	0.0039644652959999	0.5445096922810001	-0.0199235	0.0009160999999999	0.00039694585225	8.392392099999991e-07	-0.00231938	0.00015224	5.379523584399999e-06	2.3177017600000032e-08	0.0008838799999999	0.0001127669999998	7.812438543998232e-07	1.2716396288977445e-08	0.0	0.0	0.0	0.0	0.0	0.0	0.0	0.0	0.0	0.0	0.0	0.0	0.0	0.0	0.0	0.0	0.0	0.0	0.0	0.0	0.0	0.0	0.0	0.0	0.0	0.0	0.0	0.0	0.0	0.0	0.0	0.0	0.0	0.0	0.0	0.0	0.0	0.0	0.0	0.0	0.0	0.0	0.0	0.0	0.0	0.0	0.0	0.0	0.0	0.0	0.0	0.0	0.0	0.0	0.0	0.0	0.0	0.0	0.0	0.0	0.0	0.0	0.0	0.0	0.0	0.0	0.0	0.0	0.0	0.0	0.0	0.0	0.0	0.0	0.0	0.0	0.0	0.0	0.0	0.0	0.0	0.0	0.0	0.0	0.0	0.0	0.0	0.0	0.0	0.0	0.0	0.0	0.0	0.0	0.0	0.0	0.0	0.0	0.0	0.0	0.0	0.0	0.0	0.0	0.0	0.0
55093.41280031028	90.63928619951912	3035284133.9853926	8215.480202758337	67094.10584082031	255.10494726561592	4501619038.579198	65078.53411939268	55725.377421572775	-90.27557573742524	3105317688.776733	8149.679574723601	55907.32381734657	55644.09105050223	1.16168	26.612774	0.1258204999999998	0.0557337	0.0059123313	0.0130882744	0.0152512954	-0.008522535	-0.0447204138	-0.0060970031	0.0628196257	-0.0448688146	0.0142876662	0.0153267076	-0.0139821453	-0.021682342	0.0585313572	0.0150005718	-0.0374642586	-0.0247476247	-0.03000728	0.0634922031	-0.0392835409	-0.0238326599	0.0007752936	0.028656446	0.0887789517	-0.0175379803	0.0196861718	-0.0193887147	0.0064421265	0.0542917337	-0.0263942816	-0.0396973758	0.0189763603	-0.0642439666	-0.0084309437	-0.0259604099	0.078027092	0.0683301291	0.0090837631	0.0504885433	-0.0189442917	0.0083993572	-0.0319680483	-0.0102706062	0.047620622	0.0005969498	0.0280149145	0.004634632	0.0033005792	0.0240863003	-0.0320191947	0.014644354	-0.0083275151	-0.0289755938	-0.0134094655	-0.049605367	-0.0535035606	-0.0672601331	-0.0629048797	-0.0160705761	0.0033625296	-0.0243616741	0.0231534236	-0.0555088267	0.0468324004	0.0059166457	0.0207131207	0.0082717366	-0.016039686	-0.0147005639	0.0164408221	0.0221329024	-0.0158063196	0.0141203657	-0.0170566695	0.0138945195	0.0193748114	-0.0357127845	-0.0206459061	-0.0275062715	-0.0017594096	0.0425179636	0.0974236413	0.0181065568	-0.0148931466	-0.0315717147	-0.0499379882	0.0024136202	-0.0189902049	0.0086367041	0.059313217	-0.0156164938	0.0183017722	0.0032141148	-0.059939609	-0.0190654556	-0.005875459	-0.0058293388	-0.009115011	-0.0012718753	0.029425006	0.030344092	0.0076096632	-0.0289743137	0.0208170027	0.0436132654	0.0251160906	-0.0397011415	0.0337174097	-0.0047619071	-0.0475860932	0.0261773897	0.0511958442	0.0502922416	0.0653158369	0.0379639334	0.0230399127	0.0001045772	-0.0298645753	-0.0875296699	0.0013154015	-0.0315813436	0.0167092024	-0.0085381479	0.062364856	-0.0177616698	-0.0335398003	0.0317158404	-0.0569481411	-0.0051443403	-0.0222661434	0.0795638959	0.0644319739	-0.0088206918	0.040836275	-0.0111383955	-0.0110800438	0.0306046326	0.0173662204	-0.0263164884	0.0491388044	-0.0202675345	0.010705696	0.0031491325	-0.030484149	0.0408555018	-0.0209543419	0.0082054314	-0.0026326426	-0.0303456602	-0.0674804505	0.0345341066	0.0283869874	0.0245864226	0.075230804	-0.0152540607	0.0014917803	-0.048457283	0.029831204	-0.0715690129	-0.020548135	0.0124853742	-0.0064951618	0.0094378158	0.0193603246	-0.0245550707	0.0226491357	0.0101476016	-0.0138171347	-0.0180449928	0.0064174339	0.021779922	-0.0168149128	-0.0345544988	0.0296940582	-0.0602658873	0.0018327525	0.0717562421	-0.0513671445	0.0139234618	-0.0476146588	-0.0292320104	-0.0100863716	-0.0141849254	-0.0093138755	0.0320120285	-0.0463395256	-0.0007281809	0.0124701821	-0.0408061748	0.0374022573	-0.0045057523	-0.0179324687	0.0010859814	0.0175139587	0.0154554818	-0.0105192718	-0.033881438	0.0334953794	0.0004558378	-0.0188561921	0.0251378302	0.0596793573	0.0484214702	0.0015632065	-0.0096189204	-0.0235469724	0.1023556502	-0.0319057089	-0.0332959755	0.0117726931	-0.0176010488	-0.0023157648	0.089135753	0.0409557467	-0.0467791995	0.0273987482	-0.0492537105	0.0020627229	-0.0141033409	0.0619673811	0.0361579107	-0.0175602333	0.0202148633	0.0512974569	0.0544188306	-0.0187478941	-0.0091390439	0.0503732799	-0.0764540693	-0.0119156026	0.0291212149	0.0424966393	0.0529085446	-0.0288883326	-0.0148868057	0.0464522756	-0.0399191169	0.0006456115	0.0391574033	-0.0468448038	0.016111637	0.0278357645	-0.0489531875	0.0299208162	0.0136516244	-0.0460274517	0.040653077	-0.0019363856	-0.0383684655	0.0472047632	-0.0173252667	-0.0267638437	0.0489021298	-0.0309324975	-0.0124069519	0.0455706274	-0.0413587732	0.0032258135	-0.107543	0.0146659999999999	0.0002150915559999	0.011565496849	-3.62529	0.0406899999999996	13.1427275841	0.0016556760999999	-0.7244049999999999	0.0135040000000001	0.000182358016	0.5247626040249997	-0.0195504	0.0003731	0.0003822181401599	1.392036100000009e-07	-0.00267474	-0.00035536	7.154234067600001e-06	1.2628072960000022e-07	0.00047313	-0.0004107499999999	2.238519969e-07	1.6871556249991785e-07	0.0	0.0	0.0	0.0	0.0	0.0	0.0	0.0	0.0	0.0	0.0	0.0	0.0	0.0	0.0	0.0	0.0	0.0	0.0	0.0	0.0	0.0	0.0	0.0	0.0	0.0	0.0	0.0	0.0	0.0	0.0	0.0	0.0	0.0	0.0	0.0	0.0	0.0	0.0	0.0	0.0	0.0	0.0	0.0	0.0	0.0	0.0	0.0	0.0	0.0	0.0	0.0	0.0	0.0	0.0	0.0	0.0	0.0	0.0	0.0	0.0	0.0	0.0	0.0	0.0	0.0	0.0	0.0	0.0	0.0	0.0	0.0	0.0	0.0	0.0	0.0	0.0	0.0	0.0	0.0	0.0	0.0	0.0	0.0	0.0	0.0	0.0	0.0	0.0	0.0	0.0	0.0	0.0	0.0	0.0	0.0	0.0	0.0	0.0	0.0	0.0	0.0	0.0	0.0	0.0	0.0
55207.746110970045	114.3333106597638	3047895230.653328	13072.10592642206	66899.47066015625	-194.6351806640596	4475539174.609107	37882.85355213111	55828.833842707325	103.4564211345496	3116858688.236623	10703.231073969282	56009.09809296206	55946.60397537033	1.009247	23.120701	0.1132521499999999	0.0536857	0.0016699516	0.0103903517	0.0124422812	6.98635e-05	-0.013368902	-0.0041923275	0.0341378021	0.0183115803	-0.0027061277	-0.0484715162	0.0268452692	0.0366173608	0.0201586218	0.0162520193	-0.0472600184	-0.0217454743	0.029293597	0.0419924004	-0.0116590699	0.0086737647	-0.0093930523	-0.0331915558	0.0029867637	0.0144742963	0.016118894	-0.0058837817	0.0429768852	-0.0552788951	0.0494016737	0.0081330424	-0.0229478599	-0.0118050819	-0.032067327	-0.0426880997	-0.0266108626	0.0296838945	-0.0217136402	-0.0107610029	-0.0333805904	-0.0174308491	-0.0121022812	0.0346919072	0.0358204726	0.0102610755	-0.0198802935	-0.0293443036	0.0142028466	0.0356824324	-0.006005353	0.0076164405	0.0623130634	-0.0293800062	0.0529992114	-0.0133033664	0.0010069754	0.0580827798	-0.0476654702	0.0009026957	0.0438239798	0.0450592247	0.0284732314	-0.0452737933	0.0156722438	-0.0152052589	-0.0189694847	-0.0068254926	-0.0361014444	-0.0148210381	0.0504932151	-0.006249237	0.0066706643	0.0580439654	0.0053363867	0.0165522964	0.0044235261	0.0060162284	-0.0316834163	-0.0173999743	-0.0160896067	0.0196125692	0.0380886588	-0.0114276133	-0.0223232572	0.0181479414	0.032494247	-0.0016948623	-0.0022446663	0.0459634156	0.0252500669	0.0374642043	0.0226947863	-0.0136947064	-0.0045150235	-0.022449781	0.0139838649	-0.0060536129	0.0500493532	-0.0553629171	0.0209121514	-0.0493469291	0.0207339962	-0.0609796443	0.0729716902	0.0272390312	-0.0114867463	-0.0061396969	-0.0295173028	0.0137991402	0.0240908574	0.0248860535	-0.0648236174	0.0441496539	0.0421864121	0.0083861628	-0.0070576869	0.0076154015	0.0349754254	0.0017709739	0.0207931322	-0.0175039266	0.008552397	-0.0446148615	-0.0632940184	0.0360052183	0.0055748879	-0.0227949102	-0.0207141233	-0.0271066871	-0.0437058452	-0.0235643867	0.0245925139	0.0219463134	-0.0112811239	-0.0209744098	0.0128988389	-5.6452e-05	-0.0281357505	-0.0139547483	0.0404787762	0.0285430894	0.0370987237	-0.0034034856	-0.0367511738	0.018334141	-0.0269328684	-0.0726204726	0.0029645191	-0.0631189226	0.0038893843	-0.0177647115	-0.0504164843	-0.0258320392	0.0283937925	0.0439275583	-0.0598375584	-0.0090071333	0.0268911022	-0.0254959182	-0.0008776707	-0.017437525	0.0015936339	0.0404902571	0.0176193697	-0.0500213243	-0.0094117312	-0.0117244895	-0.0591330441	-0.0134470868	0.0256643233	0.0038101921	0.0134621436	-0.0268017984	0.0146503603	-0.0249152278	-0.0098777518	0.008172237	-0.028631286	-0.0125662569	0.0130276518	0.0240513191	-0.0107998008	0.027126141	-0.0150029041	0.0504778555	0.0267470668	-0.0140653214	0.0098775721	-0.0247014661	-0.0002275427	-0.0007672202	0.0133644536	0.0329596135	0.0536395247	-0.0111673088	-0.0099882251	0.0648249864	0.0625592047	-0.0230266946	-0.0771681503	-0.0198650299	0.0174888357	-0.0272126952	-0.0020714996	0.0141891836	-0.0483415232	0.0063864097	0.0676053068	0.0099291128	0.0072249616	-0.0137053951	0.0043928474	0.0672660868	0.0139818792	0.0003248297	-0.0444208684	0.0198295649	-0.032156833	0.0186025493	0.0308840608	0.0133137102	-0.0305483026	-0.0173290547	0.0475903794	-0.034791013	0.0109126256	-0.0113695259	0.0424829444	-0.072676781	-0.0054471527	0.0162799136	0.0278207905	0.0134353545	-0.0290370768	-0.0145349155	0.0462741461	-0.0403419543	0.0015676912	0.0384828171	-0.0472047632	0.0174976787	0.02645413	-0.0488698372	0.03150099	0.0115125682	-0.0451538342	0.0420357148	-0.004696647	-0.0364659247	0.0479418706	-0.0203887125	-0.0237627379	0.0485691282	-0.0338357689	-0.0084430267	0.0438484199	-0.0435571555	0.0078063495	-0.0988934	0.0086495999999999	7.481558015999988e-05	0.00977990456356	-3.59486	0.0304299999999999	12.923018419600002	0.0009259848999999	-0.720842	0.0035629999999998	1.2694968999999088e-05	0.519613188964	-0.0190287	0.0005216999999999	0.0003620914236899	2.7217089e-07	-0.00217448	0.00050026	4.7283632704e-06	2.502600676000002e-07	0.000863361	0.000390231	7.45392216321e-07	1.52280233361e-07	0.0	0.0	0.0	0.0	0.0	0.0	0.0	0.0	0.0	0.0	0.0	0.0	0.0	0.0	0.0	0.0	0.0	0.0	0.0	0.0	0.0	0.0	0.0	0.0	0.0	0.0	0.0	0.0	0.0	0.0	0.0	0.0	0.0	0.0	0.0	0.0	0.0	0.0	0.0	0.0	0.0	0.0	0.0	0.0	0.0	0.0	0.0	0.0	0.0	0.0	0.0	0.0	0.0	0.0	0.0	0.0	0.0	0.0	0.0	0.0	0.0	0.0	0.0	0.0	0.0	0.0	0.0	0.0	0.0	0.0	0.0	0.0	0.0	0.0	0.0	0.0	0.0	0.0	0.0	0.0	0.0	0.0	0.0	0.0	0.0	0.0	0.0	0.0	0.0	0.0	0.0	0.0	0.0	0.0	0.0	0.0	0.0	0.0	0.0	0.0	0.0	0.0	0.0	0.0	0.0	0.0
55347.53369902831	139.7875880582651	3063349486.5650744	19540.569775147214	67621.51960644532	722.0489462890691	4572669913.884869	521354.680837155	55874.22436948441	45.390526777082414	3121928948.891485	2060.299921101036	56057.78419920016	56416.57541218547	0.889494	20.377295	0.0829862499999999	0.0472333	-0.000899258	0.0070825743	0.00504471	0.0009067073	-0.0029029001	0.0080416381	-0.0001594903	0.0380686435	-0.0108940399	0.0363293135	0.0100233449	0.0477613314	0.0272443807	0.0042110521	0.0404316891	-0.0300933228	0.0491412679	0.0034042799	0.0035392913	0.0105196032	0.0596582289	-0.0306884045	-0.0280790238	0.0260971593	-0.0058695431	-0.0403471364	-0.0081206125	-0.0208206458	0.0018610098	0.0039081659	-0.0289955855	-0.0371153323	-0.0062554716	-0.0007845949	-0.0433026595	-0.014531612	-0.0179602601	0.0300595979	-0.0372903461	-0.0548453832	0.0223162319	-0.0156778766	-0.0010535127	0.0090240168	-0.0012317783	-0.0525979793	0.0030998619	-0.0235116003	-0.048065004	0.0104812754	-0.0159379271	0.004730379	0.0309791557	-0.0107214725	-0.0213412922	0.0155976904	0.0203258438	0.0302606164	0.0264004656	0.0319561912	-0.0338581788	0.0181540919	0.0146470952	0.0167344033	-0.0095392236	0.0721408627	-0.0280354723	-0.0284770114	0.0191506297	0.0274598377	-0.0498958682	0.0202903242	0.0613469414	0.0118503276	-0.0166439863	-0.0044540441	0.018680965	0.0047971398	-0.070322387	0.0233894152	0.015607693	-0.0195004238	-0.0248887075	-0.0301427496	-0.0419770525	0.0288229415	0.0695357861	-0.0006022095	0.0462928747	0.0219228774	-0.0013964971	0.0317582973	-0.0912081974	0.0174179366	-0.0491127522	-0.03035342	0.0225307092	-0.051155281	0.0159788989	0.0071953057	-0.0283859163	0.0169136173	-0.0200841108	0.0210962423	-0.0221786249	0.0464355814	0.0041839419	-0.0203121518	-0.0287190107	0.0416870587	-0.044733888	0.0058046782	0.003756776	-0.007026051	-0.0067229865	-0.0612018851	0.030451515	0.0268639402	0.0158866501	0.014587848	0.0416494405	0.010578839	-0.0199210131	-0.0047501865	0.0015691587	-0.0239916936	-0.0430994641	-0.0059028891	-0.003493459	-0.0422463355	-0.0129127889	0.0127724265	0.0299784941	-0.0315840398	0.0516821559	-0.0271151533	0.0239247127	-0.0161754457	0.0052230222	0.0012538108	0.0616413092	-0.0090284474	0.0085098063	0.0478558243	-0.0043595117	0.0098908853	-0.0235599123	-0.0071327966	-0.0002759055	-0.0001259359	0.0186816696	-0.0235090636	-0.0124616536	0.0423680609	-0.0190242584	0.0462516978	-0.0285046275	-0.0117192973	-0.0133007622	-0.0048560038	-0.077222145	0.0130189489	0.0349271606	-0.0070980582	0.030814994	0.0065155394	-0.0361776816	0.0647213262	0.0205905592	-0.0266663099	-0.011711223	0.0291958232	0.0048531559	-0.0706324338	-0.0224966879	-0.0305459967	-0.0173221576	-0.0231658972	-0.0475416886	-0.032568099	-0.0007705781	0.0678267556	-0.0230585084	-0.0107962826	-0.0634450203	-0.0415088901	0.0667014919	-0.0246516405	0.0642407318	0.0506577636	-0.0162887083	0.0351300725	0.0435192916	-0.0174693533	0.0191947123	-0.0002439556	0.0103128774	-0.0271296032	0.0383433706	0.0106339693	-0.0347808559	0.0059138391	-0.0151616444	-0.042997574	-0.0160357423	0.0083453257	0.0446968623	-0.0528984602	0.0005039221	0.0020830189	0.0222553058	0.0640087977	0.0101971238	0.0134750499	0.0150326028	-0.0162238141	0.0146920149	0.0126719251	-0.022656334	-0.0074182309	-0.0045997628	0.0496950615	0.0394812904	-0.0348669478	-0.0096044429	-0.0065777231	0.0351584066	-0.0218171586	0.016168246	0.0275084602	0.0103758613	-0.0406716423	-0.029185409	-0.0141822002	0.0460901072	-0.0407556328	0.0024892147	0.0377885739	-0.0475319038	0.0188678315	0.0250420933	-0.0487171511	0.0330270864	0.0093499925	-0.044171958	0.0433014723	-0.0074419176	-0.0344309608	0.0484824465	-0.023358459	-0.0206399614	0.0479605879	-0.0365274207	-0.0044211503	0.0417972809	-0.0453997805	0.0123177063	-0.0931216	0.0057718	3.331367524000009e-05	0.00867163238656	-3.60238	-0.0075199999999999	12.9771416644	5.6550399999999566e-05	-0.753858	-0.033016	0.001090056256	0.5683018841640001	-0.0186026	0.0004260999999999	0.00034605672676	1.815612099999989e-07	-0.00231016	-0.00013568	5.3368392256e-06	1.84090624e-08	0.00103515	0.000171789	1.0715355225e-06	2.9511460521000036e-08	0.0	0.0	0.0	0.0	0.0	0.0	0.0	0.0	0.0	0.0	0.0	0.0	0.0	0.0	0.0	0.0	0.0	0.0	0.0	0.0	0.0	0.0	0.0	0.0	0.0	0.0	0.0	0.0	0.0	0.0	0.0	0.0	0.0	0.0	0.0	0.0	0.0	0.0	0.0	0.0	0.0	0.0	0.0	0.0	0.0	0.0	0.0	0.0	0.0	0.0	0.0	0.0	0.0	0.0	0.0	0.0	0.0	0.0	0.0	0.0	0.0	0.0	0.0	0.0	0.0	0.0	0.0	0.0	0.0	0.0	0.0	0.0	0.0	0.0	0.0	0.0	0.0	0.0	0.0	0.0	0.0	0.0	0.0	0.0	0.0	0.0	0.0	0.0	0.0	0.0	0.0	0.0	0.0	0.0	0.0	0.0	0.0	0.0	0.0	0.0	0.0	0.0	0.0	0.0	0.0	0.0
55278.80254379743	-68.731155230882	3055746010.676145	4723.971699371597	67578.68881445313	-42.830791992193554	4566879181.8806925	1834.4767426785515	55903.46318718266	29.23881769824948	3125197196.3206863	854.9084603914669	56094.20282580578	56534.70602805398	0.930564	21.318171	0.0882989000000002	0.0524797	0.0008677024	0.0010166404	-0.0074258069	-0.0079943772	-0.0016009447	-0.0113416612	0.0087488193	-0.0489433107	-0.011647826	0.0355504297	0.0023325785	0.019086551	-0.0014920096	-3.22273e-05	-0.0038762146	-0.0363005097	-0.0312009288	-0.0184638597	-0.0130798029	0.0302345356	0.0247011341	0.0716304605	0.0030455204	-0.0161111805	-0.0017492624	0.0319385387	0.0082646644	-0.0322381333	-0.000536414	-0.0215161476	0.0120856684	-0.0322276653	0.0250620431	0.0362746739	0.0152591871	0.0194385892	0.0141782646	0.0304522608	3.5536e-05	0.0056639075	-0.0032170884	0.0362424353	0.0213359417	0.0164251067	0.0404850812	0.0128247915	-0.0043682623	-0.0386065145	0.0366279251	-0.0447753105	0.0206319291	0.0005868328	-0.0539916462	-0.0800626831	-0.0574125743	-0.0403873742	-0.0271015623	0.0652610473	-0.0389994189	-0.0094602197	0.0147140731	-0.0353240846	0.0893689497	0.0116296002	0.0262788472	0.027234341	-0.0923193952	-0.0401811797	0.0230220735	0.07148709	0.0578681201	-0.049534277	-0.0433040448	0.0674342543	-0.0192483312	-0.0259887208	-0.0007428975	-0.0279280196	-0.0725898523	-0.0093144801	0.0297017129	-0.0399817904	0.0600739683	-0.0256790718	0.0027936102	0.0322309395	-0.0123643435	0.0257556189	-0.0378674397	-0.054260778	-0.0099640088	0.0098024588	0.0416471697	0.0070761602	-0.0343605364	0.0705417702	0.0621819104	-0.0298815579	0.0182816921	-0.0218181767	-0.0242042977	-0.0124719965	0.0010620248	0.0451267487	0.0134587088	0.033985001	0.045758804	0.0063596896	-0.0251630544	-0.0674771977	-0.0609852758	0.0267623833	-0.0186945283	0.0169886047	-0.0307894323	-0.023520197	-0.0713773513	-0.0024667337	-0.0149274222	-0.0050418704	-0.0328598503	-0.0102501291	-0.0273957596	-0.0062122869	-0.0221571848	0.0192980309	-0.0299350106	0.0232022996	0.0358778063	0.0124483091	0.0262170081	-0.014624934	0.0287588592	-0.0054113882	-0.0118386682	0.0090997251	-0.034120507	0.0234973859	0.0236306332	-0.0440782271	0.0013815331	-0.0054212094	0.0359409066	-0.0293528415	0.0514752876	-0.0115243899	0.0254570734	0.0193127154	-0.0953548116	0.0090532319	0.0510062521	-0.0450776875	0.0745692739	-0.0125296335	-0.0022580198	-0.0201120972	-0.0031748474	-0.0999128564	-0.0052691898	0.0174915243	-0.0339984539	0.0595759048	0.0855264809	-0.0157920741	0.0591956197	-0.0619231948	0.0625075303	-0.0491318986	0.0437937772	-0.0188328056	-0.0273073399	-0.0284715037	0.0023388169	-0.0595746308	-0.0627962396	-0.0353118887	-0.0432575904	0.0586126108	-0.0048311044	0.0188622972	0.0550277561	-0.0393189948	-0.0417356655	-0.0434111395	0.0132922586	0.0161318195	-0.0099648204	0.0288401925	-0.0313605816	0.0413630297	0.0687063866	-0.0002679448	0.0582419098	0.0301476132	0.0268521336	0.0232265326	0.0166610387	-0.0280166474	0.0025826003	0.0246642519	-0.0089054585	0.0400194252	0.0201477142	0.0321510118	0.0450198355	0.0060033568	0.0543061412	0.0741239812	-0.0119269388	0.0144057331	0.036599171	0.0420332602	0.0077090064	0.0203490967	-0.0005710048	-0.0297489297	-0.0059507687	0.0226960707	0.0433386233	0.0045844892	-0.0079208939	-0.0005057946	0.0437487805	0.0728680759	-0.0164334509	0.0287035716	0.0121867768	-0.0078296712	0.0205464809	0.0407121915	0.0153745414	-0.0171284748	-0.0293333271	-0.0138286801	0.0459001824	-0.0411600588	0.0034098553	0.0370750283	-0.047825998	0.0202208511	0.0236012772	-0.0484953459	0.0344964857	0.0071683153	-0.0430841775	0.04444683	-0.0101634351	-0.0322709638	0.048824275	-0.0262208584	-0.0174115036	0.0470799613	-0.0389906186	-0.0003689281	0.039432597	-0.0468715983	0.016719905	-0.0913087	0.0018128999999999	3.286606409999972e-06	0.00833727869569	-3.57842	0.0239600000000002	12.8050896964	0.0005740816	-0.7506009999999999	0.0032570000000001	1.060804900000115e-05	0.5634018612009998	-0.0177794	0.0008231999999999	0.00031610706436	6.776582399999994e-07	-0.00238964	-7.948000000000026e-05	5.710379329600001e-06	6.317070400000042e-09	0.00131785	0.0002826999999999	1.7367286224999998e-06	7.991928999999994e-08	0.0	0.0	0.0	0.0	0.0	0.0	0.0	0.0	0.0	0.0	0.0	0.0	0.0	0.0	0.0	0.0	0.0	0.0	0.0	0.0	0.0	0.0	0.0	0.0	0.0	0.0	0.0	0.0	0.0	0.0	0.0	0.0	0.0	0.0	0.0	0.0	0.0	0.0	0.0	0.0	0.0	0.0	0.0	0.0	0.0	0.0	0.0	0.0	0.0	0.0	0.0	0.0	0.0	0.0	0.0	0.0	0.0	0.0	0.0	0.0	0.0	0.0	0.0	0.0	0.0	0.0	0.0	0.0	0.0	0.0	0.0	0.0	0.0	0.0	0.0	0.0	0.0	0.0	0.0	0.0	0.0	0.0	0.0	0.0	0.0	0.0	0.0	0.0	0.0	0.0	0.0	0.0	0.0	0.0	0.0	0.0	0.0	0.0	0.0	0.0	0.0	0.0	0.0	0.0	0.0	0.0
55169.63746324713	-109.16508055030135	3043688897.826121	11917.014811553783	66957.2919296875	-621.3968847656215	4483278942.557395	386134.0883964191	55899.99245950193	-3.47072768072394	3124809156.972373	12.045950633743375	56093.94925591698	55615.049435305904	0.981507	22.485214	0.0876983	0.0454651	0.0021623661	-0.003184772	-0.0059998003	-0.0055580811	-0.007925263	-0.0071066621	0.026259363	0.0135304653	-0.0004642122	-0.0432788851	0.0040096546	0.001763063	0.0241209469	0.0182651747	0.0208680571	-0.0344473157	0.0240085421	-0.023947793	-0.0038170537	0.0601559274	-0.0055603307	-0.0109489313	0.0167453413	0.0250208044	-0.0237016795	0.00842593	-0.0277561928	0.0008526033	0.021066063	-0.050861355	-0.0144725335	-0.0366078539	0.0067756371	0.0138249536	0.0129438036	0.0080958209	-0.0029921643	-0.0079849866	-0.0343213693	-0.0339657156	0.0563173208	0.0095267527	-0.0251661222	-0.0239754001	-0.0019812409	-0.003646744	-0.0132252171	-0.0429097443	-0.0445741039	-0.0509030649	0.039444406	-0.001859609	0.0246317215	0.0389734032	-0.0201583014	0.0484034095	0.0141067404	0.0142227818	-0.0406379356	0.0120566741	-0.030867738	0.0819410802	0.0184579154	0.0256879765	0.0070589273	0.0109830351	-0.0186821491	-0.009211155	0.0134547865	-0.0571805525	-0.0754308184	0.0068579788	-0.0913460156	-0.0238553803	0.0486436021	0.0024841036	-0.0206845944	-0.0030633273	-0.0315178358	-0.0385343655	0.0326296692	-0.0084368299	-0.0073838145	0.0287268046	0.062039483	0.0100743174	-0.0067716437	-0.0433319727	-0.0058888228	-0.0108855314	0.0415265958	0.0128814265	-0.0064078752	-0.0425205125	-0.0438105141	0.0112682996	0.0156049247	-0.0160204058	0.0281172111	0.0011213907	-0.0127327909	0.0319713731	-0.0088846464	-0.0104746961	0.0072569441	-0.0157524261	0.0038521666	0.0775486718	-0.0315366502	-0.0110557474	-0.013663068	-0.0294211929	-0.0259185134	0.0060451081	-0.0601255089	0.002601605	0.0116355904	-0.0175195257	0.0163581627	0.0283072751	-0.0080848163	0.0220518582	0.0011325582	0.0244922416	-0.0485011853	-0.0038689913	-0.0422191302	0.0120436485	0.0133226662	0.0102685791	0.0075634565	0.0040952358	-0.0073988724	-0.032026763	0.025120214	-0.0637971819	-0.0064529748	-0.0276165219	-0.0169555707	-0.0005759037	0.0019646538	0.0006552689	0.0304514644	0.0364928501	0.0588111461	-0.0358593413	0.0166548546	-0.0029317238	0.0382340703	0.0162576034	0.0074325685	-0.046625001	-0.0223742682	-0.0220384375	0.0006033653	0.0446647506	-0.0899316184	0.0263276286	0.0174027935	0.0096989853	-0.0233597484	0.022030539	0.0089570343	-0.0296971215	-0.0269562407	0.0935942861	-0.0074385011	-0.0419386876	-0.0564619101	0.0480925942	0.0170082844	-0.0120825085	-0.0298064617	-0.0099856859	-0.0662614248	0.0055785431	-0.0392742749	-0.0129071903	0.0463279727	0.0491132781	0.0071584118	-0.0023478893	0.0367819963	-0.0087903218	-0.0150458019	0.0385369357	0.022463123	-0.0366261776	-0.0145912791	0.0493414436	-0.0015742386	0.0084558987	0.0438719609	0.0113719522	-0.0124030709	-0.0095076802	-0.0356801939	-0.0020434987	0.0164784804	-0.0195461578	0.0102823839	0.0264607302	-0.0553474561	0.0574852989	0.0136302735	-0.0039035091	-0.0081277652	-0.0499153248	-0.0100918248	0.0109324639	0.0357636377	0.042763707	0.0080289568	-0.0008845867	0.0134910407	-0.0339855987	-0.004920127	0.0350723731	0.0456400606	-0.0167950936	-0.0241899816	-0.0128143676	0.0274131785	-0.053385643	-0.0348825249	-0.011085073	0.0284618321	-0.0160463254	-0.015203671	0.0268450005	0.0164958904	0.0178180831	-0.0294808289	-0.013474375	0.0457043959	-0.0415551402	0.0043292863	0.0363425447	-0.0480868413	0.021555509	0.0221333376	-0.0482047363	0.0359066654	0.0049719936	-0.0418931005	0.0454686032	-0.0128525131	-0.0299937775	0.0489659547	-0.0289627561	-0.0140938949	0.0459322442	-0.0412099568	0.0036858265	0.036772107	-0.0479605879	0.0209739336	-0.0875461	0.0037626	1.4157158760000036e-05	0.00766431962521	-3.59558	-0.01716	12.9281955364	0.0002944656	-0.743189	0.0074119999999998	5.493774399999797e-05	0.552329889721	-0.017828	-4.859999999999934e-05	0.000317837584	2.361959999999936e-09	-0.00308711	-0.00069747	9.5302481521e-06	4.864644008999999e-07	0.000876646	-0.0004412039999999	7.68508209316e-07	1.9466096961600002e-07	0.0	0.0	0.0	0.0	0.0	0.0	0.0	0.0	0.0	0.0	0.0	0.0	0.0	0.0	0.0	0.0	0.0	0.0	0.0	0.0	0.0	0.0	0.0	0.0	0.0	0.0	0.0	0.0	0.0	0.0	0.0	0.0	0.0	0.0	0.0	0.0	0.0	0.0	0.0	0.0	0.0	0.0	0.0	0.0	0.0	0.0	0.0	0.0	0.0	0.0	0.0	0.0	0.0	0.0	0.0	0.0	0.0	0.0	0.0	0.0	0.0	0.0	0.0	0.0	0.0	0.0	0.0	0.0	0.0	0.0	0.0	0.0	0.0	0.0	0.0	0.0	0.0	0.0	0.0	0.0	0.0	0.0	0.0	0.0	0.0	0.0	0.0	0.0	0.0	0.0	0.0	0.0	0.0	0.0	0.0	0.0	0.0	0.0	0.0	0.0	0.0	0.0	0.0	0.0	0.0	0.0
55230.34045280734	60.70298956020997	3050390506.5330067	3684.8529415469607	67422.05161328125	464.75968359374383	4545733043.74396	216001.56349415687	55844.4553992384	-55.53706026353029	3118603198.8375278	3084.3650627149955	56039.71076653188	56239.5570895901	0.8852609999999999	20.280338	0.0721606000000001	0.03265	0.0022449193	0.0025989988	-0.0090072833	-0.003482525	-9.74899e-05	0.0030799893	0.0158819002	0.0273661768	-0.004169324	0.015484621	-0.0163529309	0.0367741955	0.0146338292	-0.0044046581	-0.0209894714	-0.0358488972	-0.0283441556	-0.0206633871	-0.0098549617	0.0218702709	0.0392257576	-0.013755926	-0.0282055998	-0.0216112114	-0.0124847951	-0.0176278117	0.0014693745	0.0100513254	0.0066659792	-0.0543084891	-0.0609185631	-0.0255245421	0.0023869724	0.0239270752	-0.0458309268	0.0193915491	0.0313702896	-0.014389902	-0.030535049	0.0194721682	-0.0024945416	0.0388106822	-0.0026615505	0.0364054068	-0.0011103048	0.0168608501	-0.0348253382	0.0333147373	-0.0436559986	0.0416663455	0.0229459951	0.0320687315	-0.0171192858	0.0044815286	-0.0199285542	-0.0225503419	-0.01105003	-0.0580751768	0.0246827091	-0.0213163571	0.0172794089	0.0059407032	0.003919632	-0.0238784257	-0.0052907902	0.0421349148	-0.002757619	0.0137912736	0.0084423868	-0.0022474694	-0.0102240043	-0.0099872979	0.0165877893	-0.0604496448	-0.0055132161	0.0268092164	0.0067707388	-0.035065592	0.0282019401	-0.0074568025	0.0195293971	-0.0083937417	0.0024980909	0.0248733175	0.0502601259	0.0079791909	0.0093894268	0.0127912003	0.0355375569	-0.0231548021	-0.0428344884	0.0341147993	-0.0198903642	0.0271909463	-0.0029498232	-0.000247502	-0.0068970808	0.07630078	0.025356767	-0.0569780702	-0.0469433396	0.0601210293	0.0066197537	-0.0281737443	-0.0679173665	-0.0366266162	0.012397208	-0.0315109455	-0.0519415769	0.007319536	0.025293384	-0.0393967664	-0.0226370947	0.007793563	-0.0204300421	-0.0414583527	0.0143261839	0.0233140057	-0.03006906	0.0048745047	0.0156409204	-0.0054132293	0.0132138858	0.0108505441	-0.0562912837	-0.0470056638	-0.0401630442	0.0047357859	0.0204984481	-0.0483345321	0.0186981197	-0.0307665651	-0.0158663678	-0.0296958257	-0.014473951	-0.0008508201	-0.0369650439	0.0230153546	-0.0073887073	0.0020128035	0.0018044346	0.0472474442	-0.0247315192	0.052550567	-0.0450098211	-0.0268277915	-0.0125975765	0.0228260968	-0.0190915152	0.0402469345	-0.0112841219	0.0598753181	-0.0085106226	-0.0055624998	0.0024576132	-0.0315019189	-0.0029730954	-0.0084065918	0.0236056222	0.0049639795	-0.0398385032	0.0093196277	-0.0199968702	-0.001535033	-0.0018872553	0.0001275372	-0.0009062719	0.0299449612	-0.0450650472	-0.0057101773	0.0244722999	0.0169601064	0.0369613481	0.0312613785	-0.0037015952	0.0194976687	-0.0178811079	-0.003373298	0.0377506825	0.0415191629	0.0033621369	0.0243076889	-0.0198534866	0.0038462301	-0.0393042187	-0.0145159471	0.0086481866	0.0480966236	0.0104644626	-0.013969006	-0.032034034	-0.0218080152	-0.0257216428	0.0885242941	-0.0070511024	0.0439286391	-0.0720689885	-0.0060691711	0.0143872385	-0.063556991	-0.0026549126	0.0371310272	-0.027745125	-0.0673503674	0.0140466173	0.0161768323	-0.0434965245	-0.0411897655	-0.0109868901	0.0135208002	0.0329686442	0.0421761057	0.0059148879	0.0028639652	-0.0102037256	-0.0118311227	-0.0189574778	0.025025695	0.0282504853	-0.0145058687	0.0082621277	0.0391268786	0.0270296417	-0.0245107233	-0.0302550802	-0.0049333613	0.0198336297	-0.0224946896	-0.0048315682	0.0235868717	-0.0016145045	0.0026174487	-0.0296279125	-0.0131193052	0.0455027728	-0.0419407874	0.0052471816	0.0355914973	-0.0483142525	0.0228705931	0.0206399614	-0.0478457346	0.0372552045	0.0027655145	-0.0406015827	0.046363951	-0.0155005685	-0.0276076712	0.0489069049	-0.0315715513	-0.0107041222	0.0445239479	-0.043171555	0.0077152822	0.0338357689	-0.0486578547	0.0250420933	-0.0756721999999999	0.0118739000000001	0.00014098950121	0.0057262818528399	-3.59001	0.00557	12.8881718001	3.1024900000000835e-05	-0.751789	-0.0086	7.39600000000009e-05	0.5651867005210001	-0.0182492	-0.0004212	0.00033303330064	1.7740944000000006e-07	-0.00267474	0.00041237	7.154234067600001e-06	1.700490169e-07	0.00096541	8.876399999999997e-05	9.320164681e-07	7.879047695999994e-09	0.0	0.0	0.0	0.0	0.0	0.0	0.0	0.0	0.0	0.0	0.0	0.0	0.0	0.0	0.0	0.0	0.0	0.0	0.0	0.0	0.0	0.0	0.0	0.0	0.0	0.0	0.0	0.0	0.0	0.0	0.0	0.0	0.0	0.0	0.0	0.0	0.0	0.0	0.0	0.0	0.0	0.0	0.0	0.0	0.0	0.0	0.0	0.0	0.0	0.0	0.0	0.0	0.0	0.0	0.0	0.0	0.0	0.0	0.0	0.0	0.0	0.0	0.0	0.0	0.0	0.0	0.0	0.0	0.0	0.0	0.0	0.0	0.0	0.0	0.0	0.0	0.0	0.0	0.0	0.0	0.0	0.0	0.0	0.0	0.0	0.0	0.0	0.0	0.0	0.0	0.0	0.0	0.0	0.0	0.0	0.0	0.0	0.0	0.0	0.0	0.0	0.0	0.0	0.0	0.0	0.0
55250.90839530873	20.56794250139501	3052662878.506797	423.0402587406912	67680.04913574219	257.99752246093703	4580589051.016477	66562.72159598171	55830.8888362095	-13.566563028900418	3117088148.241183	184.0516324171277	56021.73066387667	55961.649334796064	0.774501	17.742933	0.0632974	0.032697	0.0025501173	0.0003154445	-0.0075833868	-0.0033870478	0.0061539981	0.0068679885	0.0063843024	0.0031263539	-0.0014413017	0.0632245558	0.0077291862	0.0009724748	0.0082482867	0.0071739972	0.0063914968	-0.0251979635	0.000270772	-0.0126694523	-0.0054475348	0.0146262521	0.0123595446	0.0399930131	0.0401555015	-0.0008998867	0.007429032	-0.0319374113	0.0019844181	0.0183208288	-0.0534425821	-0.0056391887	0.0284735495	-0.0304652784	-0.031218435	0.0295949071	-0.0449285387	0.0140452596	0.0152278079	0.0430219463	0.0115575193	0.0175068114	-0.0327009625	0.0617993921	0.0242591454	0.0443706788	-0.0208354044	0.0444498441	-0.021322186	0.0200130732	-0.0209313808	0.0209474799	-0.0091199072	-0.005420653	0.0134677106	-0.0116000708	0.0248799724	0.0199579123	0.0245111329	0.0260436767	0.0226588382	-0.0400606933	0.0115912625	-0.0072162151	-0.0164829141	0.0318181523	0.071888544	0.0309518223	-0.0202829298	-0.0461199722	0.0275546397	-0.0009580464	0.0172717043	0.0050347023	-0.0590533568	0.0206368604	-0.0760605473	0.0053100461	0.0444545723	0.020073348	-0.0115168054	-0.0360654355	-0.042817083	-0.0326504997	0.0452080085	0.0083707732	0.0268639342	-0.0051287552	-0.0204970824	0.0469652129	-0.0199828374	0.0082522163	-0.0369807243	-0.0529836162	-0.0014033594	-0.0517191055	-0.0154103579	0.0271471242	-0.0614231724	0.0077382118	0.0050730914	0.023039152	0.0105288857	0.017359845	-0.0111788422	0.027892657	-0.0104420473	-0.0463920384	-0.0180693414	-0.0118401684	-0.0513002724	0.0013431391	0.0416313363	0.0146410061	-0.0135666562	0.0050347267	-0.0139110333	-0.0141272461	-0.0398081121	-0.0372665457	0.0066513363	-0.0129268951	0.0317354693	-0.0021400816	0.0270106321	-0.0461840831	-0.0061851375	0.0327301641	-0.0247868274	-0.0335457186	0.0221008866	-0.0454703649	0.017950404	-0.0176105322	0.0422832595	0.005465909	-0.0145248983	0.0411677604	-0.0637594562	0.0416222681	0.02270612	0.0134583996	-0.0311397581	0.0278971293	-0.0030401599	0.029997858	-0.0266425741	0.0071682298	-0.005137989	-0.0031022651	0.0102440351	-0.0265150107	0.0032764199	-0.0199272504	-0.0180021139	0.0472667808	0.0369540641	-0.0296264032	-0.0081398073	0.0003612523	-0.0387324107	0.0653943128	-0.0334141921	-2.77572e-05	0.0482440384	-0.0291781017	-0.0106357909	-0.0005887305	0.0099843242	-0.0565053141	0.0044706007	-0.069788731	-0.0145335394	0.0408898547	-0.0395019139	0.0227915377	-0.0149363011	-0.0532173301	0.0095717325	0.0330343853	0.023852819	0.0258131343	0.0170061823	-0.020339212	-0.0295843331	0.0152503739	0.0386625288	-0.0208540065	-0.0566838673	-0.033108806	-0.0211563954	-0.006417971	-0.0077795396	-0.0777680064	-0.0003640144	-0.008278895	-0.0218099841	-0.0405303416	-0.0086687445	-0.0259508092	0.0087123661	-0.0248563653	0.0434839001	0.006172823	-0.0275268423	-0.0304188521	0.0128875886	0.0449826147	-0.0355701191	0.0081205168	-0.0079124415	0.0148163574	0.0319170753	0.0415923871	0.0093740789	-0.0049284985	0.0137840056	-0.0163430881	-0.0064996693	0.0418537706	-0.0125723649	-0.0116872679	-0.0009613234	0.0368840948	0.0363023744	0.0134146443	-0.0463073068	0.0063246247	0.0158527225	-0.0245987233	-0.0065726497	0.0259583283	0.0215006302	0.0014402856	-0.0297745756	-0.0127634908	0.0452953387	-0.0423169129	0.0061632156	0.0348222698	-0.0485080733	0.0241649094	0.019122865	-0.0474188502	0.0385397882	0.0005533855	-0.0392127206	0.0471303837	-0.0180991493	-0.0251213099	0.0486473676	-0.0340352549	-0.0072595419	0.0428630618	-0.0448631447	0.0116917818	0.0306456097	-0.0489577037	0.0288883326	-0.0831535999999999	-0.0074813999999999	5.597134595999999e-05	0.0069145211929599	-3.61429	-0.02428	13.0630922041	0.0005895184	-0.7626779999999999	-0.0108889999999998	0.0001185703209999	0.5816777316839998	-0.0183097	-6.0500000000001525e-05	0.00033524511409	3.6602500000001845e-09	-0.00267474	0.0	7.154234067600001e-06	0.0	0.00131785	0.00035244	1.7367286224999998e-06	1.242139536e-07	0.0	0.0	0.0	0.0	0.0	0.0	0.0	0.0	0.0	0.0	0.0	0.0	0.0	0.0	0.0	0.0	0.0	0.0	0.0	0.0	0.0	0.0	0.0	0.0	0.0	0.0	0.0	0.0	0.0	0.0	0.0	0.0	0.0	0.0	0.0	0.0	0.0	0.0	0.0	0.0	0.0	0.0	0.0	0.0	0.0	0.0	0.0	0.0	0.0	0.0	0.0	0.0	0.0	0.0	0.0	0.0	0.0	0.0	0.0	0.0	0.0	0.0	0.0	0.0	0.0	0.0	0.0	0.0	0.0	0.0	0.0	0.0	0.0	0.0	0.0	0.0	0.0	0.0	0.0	0.0	0.0	0.0	0.0	0.0	0.0	0.0	0.0	0.0	0.0	0.0	0.0	0.0	0.0	0.0	0.0	0.0	0.0	0.0	0.0	0.0	0.0	0.0	0.0	0.0	0.0	0.0
55253.95141411036	3.043018801625294	3052999146.872868	9.259963427045042	67384.19962304688	-295.84951269530575	4540630358.838632	87526.93416204987	55845.764538881165	14.87570267166302	3118749416.932157	221.28652997572237	56034.56582087	56200.40366369471	0.8830799999999999	20.230368	0.0772627	0.0398309	0.0031643048	0.0031035581	-0.0056362822	-0.0140508873	-0.0050428262	-0.0234248447	0.0049610367	-0.0572969264	0.0049593097	-0.0225033585	0.0023933753	0.0117781251	0.0105726239	-0.0013482219	-0.0302424338	-0.0327775796	-0.0385351743	0.0070100119	-0.0315244083	0.0024291554	-0.0194599889	0.046661501	0.0175019821	-0.036856175	0.0190140786	0.0107708904	0.0075671364	0.0048398032	-0.0090499743	0.0085710724	-0.013242347	-0.0780431056	-0.0288249925	-0.0491194871	0.0486314792	0.0224947525	-0.0326653723	0.0143781142	0.0314546908	0.011457239	0.0251088379	0.0192298889	-0.0044972843	0.0191420547	-0.027815304	-0.0491814624	0.0512489858	-0.0386261838	0.0251218304	0.0635223106	0.00397193	-0.020973031	0.032098018	-0.0084378476	-0.0266143554	0.0134970091	-0.0038293999	-0.010252056	-0.01274827	0.0681062692	-0.0210332796	-0.0405672423	-0.0260279425	-0.0175664082	0.0399862395	-0.0449812466	-0.0275241637	0.0173991556	0.0043787538	-0.0170026534	-0.0350226563	-0.0310118331	0.0492966404	0.0265742399	-0.011975705	0.0090500429	0.0286984973	-0.0249871804	-0.009009576	0.0010991567	-0.0264794138	-0.035514936	-0.0453822507	-0.0120249727	-0.0098678686	-0.0686693189	0.0249969268	-0.0271311377	-0.0038172588	0.0061930725	-0.0342126102	-0.0519386436	0.0122547939	-0.0534806745	-0.0277769835	0.0264746193	-0.0145093899	-0.0131781	0.0182515521	0.0520604428	0.0375212321	0.0234763834	-0.0449452004	-0.0167125273	0.0345899902	0.0276208996	-0.0262783083	0.0769518459	0.0208444433	-0.0153552243	0.0100709255	0.0073704743	0.0079623874	0.0339456233	-0.0041495141	0.0200376521	-0.0446251848	-0.0188902417	-0.0248613792	-0.0311023721	-0.0133774532	-0.0057896016	0.0087196404	-0.012221271	0.0081611211	0.0006945721	-0.0769012529	-0.0215026533	-0.040607749	0.0553777087	0.0156217436	0.0292152238	0.0126542432	0.0418143866	-0.0141661276	-0.0248439706	-0.0099414711	0.0091382772	-0.0007108129	0.0389490042	0.0590907285	-0.0603578879	0.0319841487	-0.0202138268	-0.0618552727	-0.0035557494	-0.0100933152	-0.0354772456	-0.0024042084	0.0099873008	0.0005967025	-0.0171871389	0.0002432372	-0.0206756229	-0.0555173788	0.0371454839	0.0393261647	0.0122908994	-0.0301863944	0.0400400721	0.0456104684	0.0331476844	0.0030167807	0.0033344493	-0.0042991612	0.0257799892	0.01166975	0.05051191	0.0321407224	-0.026022469	-0.007570405	0.0253209585	0.0365401625	0.0027824056	-0.0125246412	-0.0407241922	-0.0031792394	-0.0337527909	-0.0148469369	0.0042445966	-0.0803108708	0.002415532	0.007357574	-0.0280301756	-0.0134562794	-0.011423247	-0.0552006093	-0.0345932619	-0.0190167766	0.0259866101	0.0308650532	-0.0280029024	0.0254030259	-0.0294110619	-0.0473952387	-0.0595995388	-0.0116103633	0.0031271509	0.0385301754	0.009027921	-0.0136171437	-0.0250831077	-0.0234106901	0.0942634951	0.0116069392	0.0040349321	-0.0007062147	-0.0412440449	-0.0084838993	0.0120104825	0.0318623696	0.0303085651	0.0157642712	-0.0026244096	0.0016608048	0.0007288166	-0.0071702977	0.0084211748	0.0556667499	-0.0048504836	-0.0064268274	-0.0306043555	0.0290496199	0.0470126388	-0.0240943636	0.0073912793	0.00013245	-0.0500860278	-0.0126140202	0.0229943544	-0.002057952	0.0305258655	-0.0299208162	-0.0124069519	0.0450821203	-0.0426834313	0.0070770633	0.0340352549	-0.0486681691	0.0254372825	0.0175837917	-0.0469246886	0.0397582112	-0.0016598739	-0.0377298441	0.0477657704	-0.0206399614	-0.0225437227	0.0481884067	-0.0363425447	-0.0037777911	0.0409590082	-0.0462741461	0.0155880314	0.0272255606	-0.0488576859	0.0324785665	-0.0806029	0.0025506999999998	6.506070489999449e-06	0.00649682748841	-3.63518	-0.02089	13.2145336324	0.0004363921	-0.739993	0.0226849999999998	0.0005146092249999	0.547589640049	-0.0183419	-3.219999999999959e-05	0.00033642529561	1.0368399999999734e-09	-0.00222045	0.00045429	4.9303982025000005e-06	2.063794041e-07	0.0011816	-0.0001362499999999	1.3961785600000002e-06	1.8564062499999965e-08	0.0	0.0	0.0	0.0	0.0	0.0	0.0	0.0	0.0	0.0	0.0	0.0	0.0	0.0	0.0	0.0	0.0	0.0	0.0	0.0	0.0	0.0	0.0	0.0	0.0	0.0	0.0	0.0	0.0	0.0	0.0	0.0	0.0	0.0	0.0	0.0	0.0	0.0	0.0	0.0	0.0	0.0	0.0	0.0	0.0	0.0	0.0	0.0	0.0	0.0	0.0	0.0	0.0	0.0	0.0	0.0	0.0	0.0	0.0	0.0	0.0	0.0	0.0	0.0	0.0	0.0	0.0	0.0	0.0	0.0	0.0	0.0	0.0	0.0	0.0	0.0	0.0	0.0	0.0	0.0	0.0	0.0	0.0	0.0	0.0	0.0	0.0	0.0	0.0	0.0	0.0	0.0	0.0	0.0	0.0	0.0	0.0	0.0	0.0	0.0	0.0	0.0	0.0	0.0	0.0	0.0
55322.84308211007	68.89166799971281	3060616966.687774	4746.061919782654	67127.12124804688	-257.0783749999973	4506050407.049987	66089.29089263924	55892.5847984919	46.82025961073669	3123981035.456608	2192.136710016781	56076.46292779198	55599.93683955205	0.973012	22.290602	0.0565756999999999	0.0327597	0.0032160389	-0.0013469978	-0.0051769106	-0.0002374144	0.0110318919	0.0014533684	-0.013471832	0.0289588861	0.0132573191	-0.0456691378	-0.0085260288	0.0053006585	0.0416055624	-0.0042939238	0.0141854511	-0.0237483513	0.0242110882	0.0019470033	-0.0073262046	-0.0115004725	0.0024174586	-0.0222152413	0.0284530146	0.0574128923	-0.0193337286	0.0041223674	0.0031388387	0.0035405975	0.0624681634	0.0240127755	-0.0288065331	0.0033263294	-0.0100590018	0.0058040978	0.0173852584	0.0719475188	-0.0295204069	-0.0112137711	-0.0442596662	0.0487539352	-0.0104573352	0.0156631613	-0.0008518656	0.0060175302	0.011560187	-0.0434471984	-0.008822915	0.0170445108	0.0030732736	-0.0220432612	-0.0311770308	0.0233262518	0.0125706623	0.0956674457	0.0404503809	0.0152900189	0.0036288283	-0.0253665314	0.0150251267	-0.0065220197	0.0476378067	0.0289333395	-0.0146250679	-0.0288857748	0.0257605331	0.0806654087	0.0344311883	0.0113837033	0.0169763676	-0.0011240981	0.0066932769	-0.0200801187	-0.03374135	-0.034046304	-0.0379908982	-0.0083968936	-0.00295775	0.0133004419	0.0227028131	0.0028040052	-0.0176613836	-0.0316081465	0.0702178886	-0.0199451215	-0.0060595537	0.0156767065	0.0245712202	0.0164796037	-0.0247961797	0.003203725	-0.0126683113	-0.0210822654	-0.0314547539	0.0196052162	0.0394945683	-0.0073761949	0.0064686464	0.0042613128	0.0177049533	-0.0688889305	-0.0202121026	0.0341189956	0.0160514257	0.0100231759	0.0455761658	0.0331996436	0.0017694844	0.0059125615	0.0490842985	0.0129573155	-0.0184176796	0.0416824308	0.0034099992	0.005946949	0.0127435285	-0.0030884374	0.019590767	-0.0238104206	0.0535519124	0.0348649838	-0.0026094696	-0.0106733215	-0.0064535265	0.0611782183	0.021016103	-0.0320259499	-0.0072824403	-0.0135324299	0.0061352603	0.0191029574	0.0721068455	0.0333954626	-0.0070649839	-0.0392441565	-0.0469910494	0.0078866578	-0.0130218336	0.002119483	-0.0026481493	-0.002172461	0.0393372739	0.0185840675	-0.0237498293	-0.0107290413	0.027042815	0.0199380013	-0.0238446205	0.0171497847	0.0995586493	0.0049363879	-0.033694061	0.03098065	-0.0136567067	0.0066225625	-0.0157018014	-0.036042958	-0.0103774137	0.0209987574	0.0398858918	0.0335638964	-0.0680997995	-0.0380075076	-0.0223602787	-0.0011030567	0.0020285666	0.0034569939	0.0232311713	-0.0116343172	-0.0394345257	-0.0317754008	-0.0116194912	-0.001759488	-0.0202086876	0.0356456548	0.0261647871	-0.0414174765	0.0014824009	0.075147476	-0.0056932742	0.0025314144	0.0215482001	0.0243259735	-0.0120410811	-0.0200845968	0.0180534496	-0.0265307075	-0.0050023504	0.0054111279	0.038052855	-0.0359403749	-0.0196970451	0.0034756206	0.0162707799	0.0268192815	0.0092094471	0.0648858064	-0.0296550801	-0.012636652	0.0011179836	0.0433914468	-0.0101966924	-0.0175665058	0.0182349436	0.0422377012	-0.0448535271	0.0125135994	0.0317694852	-0.0134807072	-0.0111497359	0.0193171369	0.0333308665	0.0272361465	-0.0019630025	-0.0033898957	0.0191324246	0.0029586673	0.0029126258	0.0314185202	0.0045842162	-0.0079327537	-0.0121299641	-0.0223416572	0.0148036785	-0.0692035142	-0.0414705735	-0.0306662389	0.0071244703	-0.028703451	-0.0421415149	0.0179171842	0.0105104672	0.0040855772	-0.0300666323	-0.0120497088	0.0448631447	-0.0430402594	0.0079884006	0.0332308549	-0.0487944286	0.026686557	0.0160245105	-0.046363951	0.0409083818	-0.0038697424	-0.0361565084	0.0482683442	-0.0231148951	-0.0198842699	0.0475319038	-0.0384828171	-0.0002766972	0.0388225891	-0.0473957345	0.019377288	0.0236012772	-0.0483586182	0.0357809787	-0.0757867	0.0048162	2.3195782440000063e-05	0.0057436238968899	-3.63343	0.0017499999999999	13.201813564900002	3.062499999999714e-06	-0.764028	-0.024035	0.000577681225	0.5837387847840001	-0.0180959	0.0002459999999999	0.00032746159681	6.051599999999985e-08	-0.00235769	-0.0001372399999999	5.5587021361e-06	1.883481759999996e-08	0.00131785	0.0001362499999999	1.7367286224999998e-06	1.8564062499999965e-08	0.0	0.0	0.0	0.0	0.0	0.0	0.0	0.0	0.0	0.0	0.0	0.0	0.0	0.0	0.0	0.0	0.0	0.0	0.0	0.0	0.0	0.0	0.0	0.0	0.0	0.0	0.0	0.0	0.0	0.0	0.0	0.0	0.0	0.0	0.0	0.0	0.0	0.0	0.0	0.0	0.0	0.0	0.0	0.0	0.0	0.0	0.0	0.0	0.0	0.0	0.0	0.0	0.0	0.0	0.0	0.0	0.0	0.0	0.0	0.0	0.0	0.0	0.0	0.0	0.0	0.0	0.0	0.0	0.0	0.0	0.0	0.0	0.0	0.0	0.0	0.0	0.0	0.0	0.0	0.0	0.0	0.0	0.0	0.0	0.0	0.0	0.0	0.0	0.0	0.0	0.0	0.0	0.0	0.0	0.0	0.0	0.0	0.0	0.0	0.0	0.0	0.0	0.0	0.0	0.0	0.0
55507.35192424521	184.50884213513928	3081066117.6420083	34043.512826049744	68190.66540625	1063.54415820312	4649966848.547141	1131126.176447983	55948.85405396216	56.26925547025894	3130274269.951558	3166.2291111772656	56137.0152886388	56738.584316976965	0.99216	22.729256	0.1779183999999998	0.0930056	0.0017511875	0.0057884306	-0.0006251083	-0.0005733192	0.0157156187	0.0006387231	-0.0591794713	0.0266634816	0.0303101068	0.0298279634	-0.0027299071	-0.0024570778	0.0062586128	-0.0220370333	-0.0538525712	-0.0197837835	-0.0385447135	-0.0008293447	0.020583456	-0.0396132749	-0.0126152764	0.0068908015	-0.0019651467	-0.0305612483	0.0950525144	0.009349166	-0.0285613134	0.0144735862	0.0082400733	0.0732843803	-0.0286265791	-0.0222839931	0.0021327751	-0.0361176	-0.0604961737	0.034394354	0.04493954	0.0220561635	-0.0260677321	0.0344853854	-0.0252507982	-0.0295737166	-0.0060803065	0.0072067299	-0.046727329	0.0444923117	0.0345639145	0.0435205634	0.0380326206	0.0371317139	0.0601662319	-0.0323454526	0.005457119	-0.0276011159	-0.0359011432	-0.0164656048	0.002297534	0.0154655232	0.0293807896	-0.0820445376	0.0999529933	0.0204210541	-0.0150912227	0.0206706528	-0.062177611	0.0020365119	-0.0201192221	-0.0624622747	-0.0188907501	-0.0286698076	-0.0556620717	0.05095316	0.0014782924	-0.0059003916	0.0160268231	-0.042053332	-0.0198976551	-0.0359070598	0.0123008047	-0.004161313	0.0013690676	-0.0028577604	-0.0210542705	0.0319760488	-0.0070429661	-0.0195782056	-0.0006689576	0.027983353	-0.0258946598	-0.0052073574	0.0017574552	0.0113591692	0.0707538606	-0.0343905392	-0.0207943015	-0.0033449197	-0.0332453523	-0.0066326116	-0.0010011956	-0.0341318837	-0.0226434566	0.0202519782	0.0136516944	0.0381169218	-0.0283926323	0.0406447622	-0.0425177994	0.0104433356	-0.0200860928	-0.0137265706	-0.0408883589	0.0156894412	-0.0015009546	-0.023797272	0.0399334668	0.0140102819	-0.0049134466	0.0068441897	-0.0010437469	-0.0964743823	-0.0108449818	0.0338223611	0.0128191835	0.0013081414	0.0681873624	-0.0363071973	-0.0278212487	-0.0016783885	-0.0439575323	-0.0547071228	0.0385940971	-0.0483680495	0.0225031988	-0.0262940498	-0.0276687428	0.0252923469	0.0225264656	0.0156501518	-0.0194997531	0.0446730595	-0.0481433329	-0.0197252349	-0.0346900071	-0.031666577	-0.0521410017	-0.0529402168	0.0293025331	-0.0319723659	-0.0339812853	0.0221576194	0.0346845383	-0.0020023733	0.0067823652	0.0449307692	0.0455540151	-0.1121606615	-0.0127859788	0.0184647291	0.0203775693	-0.0668397355	-0.009023309	-0.0034374757	0.0561598987	0.0054203471	-0.0243426823	0.0534923559	-0.0706108181	0.009301312	-0.0146846761	0.0130765367	-0.0303615271	-0.0384702007	0.0282790151	0.0071053048	-0.012706258	0.008898302	-0.0059933408	-0.0134155734	0.019732522	-0.0193065644	-0.0184493257	-0.0048395326	-0.0152613558	0.0015047629	0.039470582	0.0095610526	-0.0074161364	0.016526159	-0.0750797925	0.026042362	-0.0277419206	-0.0235300926	0.0136485765	-0.0033577896	0.0206684232	0.0232693483	-0.0037254211	-0.0673555139	0.005970462	-0.0104781918	-0.0340199437	-0.0240066084	-0.0238909448	0.0049647759	0.0188545892	0.0100910587	0.0485084006	0.003344684	-0.0031966335	0.0035067649	0.0210526511	-0.0003816407	0.0255470987	-0.0461809624	0.0267780831	0.0563521416	-0.0106336016	-0.036180464	0.0110018168	0.012089779	0.0313114295	0.0425961276	0.0222619782	0.0129597933	-0.0134317004	-0.01736891	0.0041304121	-0.0320891093	-0.0160484041	0.0334748745	-0.0093868214	0.0270161249	-0.0302120217	-0.0116917818	0.0446384398	-0.0433873161	0.0088969041	0.0324094805	-0.0488867639	0.0279115985	0.0144468132	-0.045737433	0.0419883256	-0.0060717052	-0.0344964857	0.0486367079	-0.0255160508	-0.0171526089	0.04668055	-0.0404462362	0.0032258135	0.0364659247	-0.048220895	0.0230335427	0.0197999475	-0.0474645768	0.0387663036	-0.0755359	0.0002507999999999	6.290063999999773e-08	0.00570567218881	-3.6938	-0.0603699999999998	13.64415844	0.0036445368999999	-0.70579	0.058238	0.003391664644	0.4981395241	-0.0183185	-0.0002225999999999	0.00033556744225	4.9550759999999955e-08	-0.00276142	-0.00040373	7.6254404164e-06	1.6299791290000013e-07	0.000762988	-0.0005548619999999	5.82150688144e-07	3.07871839044e-07	0.0	0.0	0.0	0.0	0.0	0.0	0.0	0.0	0.0	0.0	0.0	0.0	0.0	0.0	0.0	0.0	0.0	0.0	0.0	0.0	0.0	0.0	0.0	0.0	0.0	0.0	0.0	0.0	0.0	0.0	0.0	0.0	0.0	0.0	0.0	0.0	0.0	0.0	0.0	0.0	0.0	0.0	0.0	0.0	0.0	0.0	0.0	0.0	0.0	0.0	0.0	0.0	0.0	0.0	0.0	0.0	0.0	0.0	0.0	0.0	0.0	0.0	0.0	0.0	0.0	0.0	0.0	0.0	0.0	0.0	0.0	0.0	0.0	0.0	0.0	0.0	0.0	0.0	0.0	0.0	0.0	0.0	0.0	0.0	0.0	0.0	0.0	0.0	0.0	0.0	0.0	0.0	0.0	0.0	0.0	0.0	0.0	0.0	0.0	0.0	0.0	0.0	0.0	0.0	0.0	0.0
55484.28287788048	-23.06904636472609	3078505646.472661	532.1809001778821	67280.1469326172	-910.5184736328084	4526618171.274559	829043.890826619	55948.41058125303	-0.4434727091284003	3130224646.568466	0.1966680437416827	56119.70508927509	56342.77065334568	1.009647	23.129868	0.1587262999999998	0.0971824	0.0003296733	0.0019412609	-0.0050789307	-0.0031861452	0.0429441241	-0.0131338849	-0.0379391996	-0.0372289175	0.0119081934	-0.0519449324	0.0073458725	0.0508318293	0.0113713723	-0.0061444417	-0.0315406238	-0.0081380978	0.0258964586	-0.0029446153	0.0072312676	-0.019411032	-0.0128937179	0.0025681198	-0.0568808346	0.0313942937	0.0456913086	-0.0382472666	0.0084532416	0.0589483644	0.0296819979	0.0099494092	0.0001857971	-0.0023830373	-0.0334505741	-0.0101121434	0.032484018	0.039020378	-0.0331439339	0.0022895609	0.0077106981	-0.0126874647	0.0531643689	0.0023933711	-0.0064416692	0.0386647893	0.005221626	-0.0501785126	-0.0069078149	-0.0267363203	0.0342303665	0.0335730494	0.0507313201	-0.0157465551	0.0097447269	-0.0123887035	0.0260102676	0.0364578093	-0.051713447	-0.018993274	-0.0118787809	0.0078442199	0.0233683339	-0.0077216139	0.0182885262	-0.0589207131	0.0368822081	-0.0002079962	-0.0534777506	-0.0225226682	-0.0210190942	0.010852522	-0.0217028164	-0.0173584813	0.0390251996	-0.0250601014	0.0017697171	-0.030144623	0.0029343818	0.0526746276	0.0171976598	-0.0168950992	-0.026396291	0.0149667485	-0.0139642152	0.0282438737	0.0192009061	0.0043031468	-0.0211094636	0.0228266434	0.0517508156	-0.0574145155	0.0498861047	-0.0004059065	-0.0337890195	-0.0147191539	0.0512883863	-0.0089001618	0.0193510353	-0.0009374559	-0.0302926438	0.0056105312	-0.0142195788	0.0186386409	0.0167093599	0.0520169005	-0.0049619485	-0.0035422071	0.0081262256	0.0106323525	0.015956007	0.0020971924	0.0201231437	-0.0195347135	0.00054543	-0.0054404494	0.021520949	0.0138130114	-0.0025266736	0.0682372034	0.0400202846	-0.0244837573	0.0361063051	-0.0106951873	0.0589024505	0.0320519466	0.0108848504	0.001451465	-0.0055504597	-0.0292927621	-0.0073119148	0.0347190348	0.0364001636	0.0315710382	0.0034755405	0.0160069174	0.0096527341	-0.0543676506	0.0050974025	0.0294704377	-0.0035670082	-0.000939928	0.0649800892	-0.0057791461	0.0343985343	-0.0233144052	-0.0354542622	-0.0502843789	0.0160408128	-0.0273321606	-0.00071655	-0.0282991956	-0.0525080742	-0.0021603173	0.0369917633	-0.0227872567	-0.0138520573	-0.0140770165	0.0123515133	-0.0100031055	0.0458402309	0.0405351962	0.0106403966	0.0351410973	0.0446593032	0.0282686181	0.0070646082	0.0049948472	-0.0017625432	0.0553193272	-0.0173137967	-0.0018806089	-0.0319551993	0.0031243221	-0.0430664402	0.0220670354	0.0236251484	0.0050409854	0.0136078623	-0.0358880221	0.0317334794	0.0090155778	0.0097707239	-0.0202280752	-0.0338823744	0.035451283	-0.0231598746	0.0588949868	0.0020937284	-0.0274632301	0.0243874061	-0.0476483061	-0.0157444095	0.0377745599	0.0070245609	0.0191830355	0.0375254527	-0.007966786	-0.0131914902	-0.0439446193	-0.0148863713	0.0023363387	0.0192508382	-0.0084470269	0.0346104072	0.0150650783	-0.0105409807	0.0087140868	-0.0331814482	-0.0256231705	-0.0079645013	0.0203685585	0.0257651769	0.0133274706	-0.0219547441	0.0373950714	-0.0112991044	0.0421133432	0.003692811	0.0426344295	0.0037805918	-0.0004809563	-0.0230436049	-0.0305416663	0.0283567114	-0.0125194302	-0.0085845375	0.0042478601	0.0219438482	-0.0410118847	0.0052001336	0.0139983109	0.0101712225	-0.0206804897	-0.0303569825	-0.0113331913	0.0444080345	-0.0437245227	0.0098022517	0.0315715513	-0.0489451109	0.0291112946	0.0128525131	-0.0450460234	0.0429961886	-0.0082612638	-0.032753756	0.0488698372	-0.0278357645	-0.0143586597	0.0456378354	-0.0422237789	0.0067118073	0.0339023846	-0.0487444668	0.0265316999	0.0158500872	-0.0461828639	0.0414080854	-0.0801008	-0.0045648999999999	2.083831200999997e-05	0.00641613816064	-3.61498	0.0788199999999998	13.0680804004	0.0062125923999999	-0.763094	-0.057304	0.003283748416	0.5823124528360001	-0.0183761	-5.759999999999793e-05	0.00033768105121	3.3177599999997613e-09	-0.00267474	8.668e-05	7.154234067600001e-06	7.5134224e-09	0.000979456	0.000216468	9.593340559360005e-07	4.6858395024000015e-08	0.0	0.0	0.0	0.0	0.0	0.0	0.0	0.0	0.0	0.0	0.0	0.0	0.0	0.0	0.0	0.0	0.0	0.0	0.0	0.0	0.0	0.0	0.0	0.0	0.0	0.0	0.0	0.0	0.0	0.0	0.0	0.0	0.0	0.0	0.0	0.0	0.0	0.0	0.0	0.0	0.0	0.0	0.0	0.0	0.0	0.0	0.0	0.0	0.0	0.0	0.0	0.0	0.0	0.0	0.0	0.0	0.0	0.0	0.0	0.0	0.0	0.0	0.0	0.0	0.0	0.0	0.0	0.0	0.0	0.0	0.0	0.0	0.0	0.0	0.0	0.0	0.0	0.0	0.0	0.0	0.0	0.0	0.0	0.0	0.0	0.0	0.0	0.0	0.0	0.0	0.0	0.0	0.0	0.0	0.0	0.0	0.0	0.0	0.0	0.0	0.0	0.0	0.0	0.0	0.0	0.0
55575.95663047911	91.67375259862456	3088686955.3928947	8404.076915513824	68075.56922851563	795.4222958984319	4634283125.786424	632696.6288123325	55941.20048431456	-7.210096938470087	3129417911.626276	51.98549786213573	56124.12888023311	56737.66747856636	0.979073	22.429457	0.1981211999999999	0.103708	0.0012398091	0.0047115834	-0.0023569698	0.0046693732	0.0460457474	0.0040916648	-0.0628647049	0.0384991275	0.0443948046	0.0315846862	-0.0661316269	-0.0001936044	0.0364558809	-0.0437406642	-0.0001361434	0.0259063342	0.0014989464	0.0026844721	0.0100259566	-0.0259077056	0.0229570485	0.0105988697	-0.0140708625	0.0408469935	-0.0397133109	0.0740104374	-0.0130929027	-0.0237576338	-0.0314699959	0.0052309572	-0.0252521087	0.0313404544	-0.0236021256	-0.004522418	0.0485407817	-0.0264895822	0.0101699515	-0.016246345	-0.0555571559	0.0155593238	0.0022063054	0.0269328476	0.0123182948	0.0034162551	0.0161645436	-0.0125251793	-0.0009174465	0.0368663228	0.0334556954	0.0075144063	0.0234567759	0.0220348096	0.0223561834	0.0327960431	-0.0221972771	0.0173383924	0.0021358542	-0.0268505812	-0.0097843786	-0.0184657236	-0.0105723884	-0.022825289	0.0110097029	-0.0047780018	0.0342819549	-0.0247782399	-0.0070380841	0.0168219034	-0.0308378662	0.0142331607	0.0022991184	-0.0185300311	-0.005340478	-0.0106226717	0.0097374093	0.0061946576	0.0109595213	-0.0161005648	0.0185437035	-0.0517177551	-0.012132175	-0.0233157961	0.0240164482	0.0369649015	-0.0360617479	0.0260507045	-0.0389204372	0.0161352175	-0.0168630733	-0.0541632966	0.034875063	-0.0228587447	0.0298411568	0.0244713473	0.0251391485	0.0353184989	-0.0206649935	0.0139598911	-0.0398170984	-0.0049896976	0.0196333205	-0.0810552765	-0.0030870163	0.0028341149	-0.0277710746	0.0198766907	-0.0455014693	-0.0443857688	0.1095511071	-0.0204218835	-0.0483968044	-0.0550638831	0.0039606593	-0.0126813439	0.0272356944	-0.0214638532	-0.0118341151	0.0136574893	0.024362445	0.050129489	-0.0723971022	0.0133465708	-0.0244811359	-0.0279728414	-0.0042943353	-0.0320679695	0.0249718293	-0.0332224964	0.0001956708	0.0469617751	-0.0275463312	-0.0068785176	-0.0147305565	-0.0549414889	-0.0180049523	-0.0061606691	-0.0246083823	-0.0019473153	0.0148104201	-0.0101614518	0.013902618	0.017746851	-0.0331895939	-0.0346178531	-0.0139796991	-0.0409456763	-0.0248677125	-0.0077812061	0.0253418663	0.0317012204	-0.0169064237	0.0020031829	-0.0082022012	-0.0190408958	0.0125722556	-0.0009827337	-0.0021083519	-0.0207296248	-0.0129555335	0.0319017198	0.0354842845	0.0020899505	-0.0015174722	0.0341170428	0.0139593785	-0.0040345125	0.016416731	-0.0026285469	-0.0109002954	0.0066537635	0.0026644025	0.0054900007	0.0119475094	0.0456831571	-0.0149624444	-0.0188554576	-0.0236730127	0.0090813559	0.027923791	-0.045455163	0.0505624579	-0.0464462128	-0.0180183253	0.003001088	0.0244379897	0.0571658539	-0.0287535538	0.0196859245	0.0022442995	-0.0202498712	0.0168135152	-0.0342482976	-0.0285030283	-0.0099596682	0.0196237703	0.0135848111	0.0608744543	0.0175121065	-0.0186906536	-0.0107562006	-0.0248988418	-0.0841251952	0.081965221	-0.0066961452	-0.0042740422	-0.0798694964	0.0014178458	0.0070853631	-0.0048225894	0.0095061689	0.0164434721	-0.0100929008	0.0071074589	-0.0003600312	0.0601279925	0.0327568988	0.0712891609	-0.0341858199	-0.0249139361	0.0112043718	0.0099981022	0.0220858667	0.0004542347	-0.0034160794	-0.0090417594	-0.0371493953	-0.0013046856	-0.0156807815	-0.003977674	0.0122941883	-0.0097792441	-0.0281880034	-0.0305015125	-0.0109739574	0.044171958	-0.0440518025	0.0107041222	0.0307174953	-0.048969429	0.0302845558	0.0112434423	-0.0442907033	0.0439302406	-0.0104339452	-0.0309324975	0.0489670838	-0.0300666323	-0.0115125682	0.0444080345	-0.0438072762	0.0101634351	0.0311465121	-0.0489631754	0.0298477488	0.0117813266	-0.0445239479	0.0436829132	-0.0791873	0.0009134999999999	8.344822499999957e-07	0.00627062848129	-3.68432	-0.0693399999999999	13.5742138624	0.0048080355999999	-0.70897	0.054124	0.002929407376	0.5026384609	-0.018252	0.0001240999999999	0.000333135504	1.5400809999999632e-08	-0.00166236	0.00101238	2.7634407696000005e-06	1.0249132644e-06	0.00131785	0.0003383939999999	1.7367286224999998e-06	1.1451049923599993e-07	0.0	0.0	0.0	0.0	0.0	0.0	0.0	0.0	0.0	0.0	0.0	0.0	0.0	0.0	0.0	0.0	0.0	0.0	0.0	0.0	0.0	0.0	0.0	0.0	0.0	0.0	0.0	0.0	0.0	0.0	0.0	0.0	0.0	0.0	0.0	0.0	0.0	0.0	0.0	0.0	0.0	0.0	0.0	0.0	0.0	0.0	0.0	0.0	0.0	0.0	0.0	0.0	0.0	0.0	0.0	0.0	0.0	0.0	0.0	0.0	0.0	0.0	0.0	0.0	0.0	0.0	0.0	0.0	0.0	0.0	0.0	0.0	0.0	0.0	0.0	0.0	0.0	0.0	0.0	0.0	0.0	0.0	0.0	0.0	0.0	0.0	0.0	0.0	0.0	0.0	0.0	0.0	0.0	0.0	0.0	0.0	0.0	0.0	0.0	0.0	0.0	0.0	0.0	0.0	0.0	0.0
55594.54861920601	18.591988726904678	3090753836.173261	345.6620448213505	67715.96532910156	-359.603899414069	4585451960.452085	129314.96447380386	55983.978553403045	42.77806908848288	3134205854.667892	1829.9631949390143	56165.55065488225	56618.18341112013	0.973606	22.304213	0.2176542999999999	0.115079	-0.0002471758	-0.0037192494	-0.0098262668	-0.0035336619	0.0608798735	-0.0151403835	-0.0628735787	-0.0157523717	0.0090485524	-0.0448238667	0.0178346701	0.0508670088	0.0053167436	-0.0224272935	-0.0044029764	-0.0348426925	-0.0066142783	-0.0481548158	-0.010670578	0.0221158602	0.0144592471	0.0127188061	-0.0382248725	0.0351011146	0.0258940735	0.040351281	0.0136192018	-0.087016317	0.0438044877	-0.0108476136	-0.0440032914	0.0046591135	-0.0087964327	0.0371862659	-0.0230380914	0.0009025044	-0.0390305729	0.0184821973	0.0203177559	0.0209655916	-0.0348086817	-0.014191507	0.0214920668	0.0204468651	0.0771438154	0.0330684459	0.0156176272	-0.060836968	-0.0421429527	-0.031370215	0.0341545647	0.0002316828	0.0172398017	0.024024468	-0.0335787636	0.0277171808	0.0028106584	0.0095241463	0.0284049492	-0.028950687	0.0134408746	-0.0253370583	-0.0379845485	0.062182032	-0.0117333986	-0.0357084275	-0.0106662611	0.0417954289	-0.0219138265	0.0013415995	-0.0102356145	-0.0329360949	-0.0189101511	-0.0158547402	0.0045573588	-0.0003754402	0.0433129635	0.0074124122	0.04714852	0.0053170023	0.0029001717	-0.0461069239	0.0355510867	0.0064302938	0.0035700893	0.0117356095	-0.0434493901	0.0160800001	0.0462879019	0.0809193314	-0.0129785787	0.0420781558	0.1199311408	0.0216188444	-0.0209469545	0.0442515495	-0.0065198135	0.0439016097	-0.0275614023	0.0671006857	-0.0010037534	0.0031142444	-0.041383329	0.000604277	0.0123521937	0.0079113624	0.0645360226	-0.024656128	-0.03105086	-0.0056906504	-0.0059976094	0.028714569	-0.0468451592	0.0121423524	-0.0192073038	-0.0149366533	-0.0115218757	0.0490173691	0.0420874964	-0.0134506051	-0.0390078204	-0.0120969259	-0.0908888406	0.0298020935	-0.0204192798	-0.0388187069	-0.0092648149	-0.0058182794	0.037501202	-0.0249313388	0.0025512265	0.0390278182	0.0226619819	0.0240766168	-0.0236175431	0.0368872013	0.0081457266	0.0162565746	0.0204116149	-0.0770503596	-0.0076071797	-0.0454815139	0.0310033106	0.0501486587	0.0379795961	-0.0406612548	0.0058607954	-0.0083266788	0.0155613337	0.040861417	0.0024758959	-0.0264164812	-0.0122601901	0.035806887	0.0287925702	-0.0193792419	0.0029187892	0.0255014914	-0.0602774898	-0.0295907332	0.0426997153	0.0171182275	-0.0292056301	0.0279046596	0.0137560164	0.0251473872	0.0332162571	-0.0094810901	-0.0191100086	0.0012823273	-0.0134412286	0.0286186762	0.017437595	0.0346440522	0.0476566544	-0.0273367272	-0.0397212614	0.0358061101	0.0154868577	-0.0008215388	0.0198940124	-0.0132113415	0.0363601719	0.0894006323	0.0115345677	-0.0290229443	0.0119637028	0.0762673866	-0.0811262167	0.0271524352	0.0580271333	-0.0238246314	-0.0416089143	0.0115855873	0.0153027965	-0.0659985397	-0.0106910077	0.0169032862	0.0317364641	0.0129079389	-0.0009041666	0.0624222182	0.0357158988	-0.0075637018	0.0290409682	0.0206607514	0.0281869259	-0.0175967496	-0.01232679	0.0245547023	0.028984794	-0.0053454646	-0.0333416972	0.0312252695	-0.0006701928	0.0558961097	-0.0048136133	0.0302461194	0.0468345584	0.0173967616	-0.0012981719	-0.0045469496	0.0194460961	-0.0175219245	0.0044985478	0.011169302	0.0212648082	-0.0166798211	0.0209039191	0.017426994	0.0249626594	-0.0369244907	-0.0306456097	-0.0106141007	0.0439302406	-0.0443690814	0.0116021956	0.0298477488	-0.0489597013	0.0314303169	0.0096214501	-0.0434725442	0.0447888782	-0.0125853106	-0.0290370768	0.0489281774	-0.0322015336	-0.0086246698	0.0429961886	-0.0451894509	0.0135630238	0.0282139416	-0.0488756528	0.0329589289	0.0076241876	-0.0425013783	0.0455706274	-0.0759829	0.0032043999999999	1.0268179359999975e-05	0.00577340109241	-3.61099	0.0733299999999999	13.0392487801	0.0053772888999999	-0.7553079999999999	-0.0463379999999998	0.0021472102439999	0.5704901748639998	-0.018102	0.00015	0.000327682404	2.2500000000000248e-08	-0.00300147	-0.00133911	9.0088221609e-06	1.7932155920999995e-06	0.000911322	-0.0004065279999999	8.30507787684e-07	1.6526501478399997e-07	0.0	0.0	0.0	0.0	0.0	0.0	0.0	0.0	0.0	0.0	0.0	0.0	0.0	0.0	0.0	0.0	0.0	0.0	0.0	0.0	0.0	0.0	0.0	0.0	0.0	0.0	0.0	0.0	0.0	0.0	0.0	0.0	0.0	0.0	0.0	0.0	0.0	0.0	0.0	0.0	0.0	0.0	0.0	0.0	0.0	0.0	0.0	0.0	0.0	0.0	0.0	0.0	0.0	0.0	0.0	0.0	0.0	0.0	0.0	0.0	0.0	0.0	0.0	0.0	0.0	0.0	0.0	0.0	0.0	0.0	0.0	0.0	0.0	0.0	0.0	0.0	0.0	0.0	0.0	0.0	0.0	0.0	0.0	0.0	0.0	0.0	0.0	0.0	0.0	0.0	0.0	0.0	0.0	0.0	0.0	0.0	0.0	0.0	0.0	0.0	0.0	0.0	0.0	0.0	0.0	0.0
55599.92191940604	5.373300200029917	3091351317.4440484	28.87235503964154	67843.18213085938	127.2168017578224	4602697361.640957	16184.114649489084	55986.94546738999	2.966913986943837	3134538062.7685003	8.802578605922973	56180.2720586049	56535.56920324548	0.949373	21.749073	0.2053177	0.110085	0.0011364784	0.0074116299	0.0031793393	0.0048400169	0.0562243214	0.0105380638	-0.060440741	0.0320064713	0.0366888116	0.0265430192	-0.0196723466	0.0111435659	0.0330842147	-0.0272832343	0.0462376979	-0.0066709189	0.0652435548	-0.0400616469	0.0435413519	-0.0020908978	-0.0055552811	0.0034571386	-0.0075784515	0.0318850274	-0.0245437994	0.0354783344	-0.010281016	-0.0106831177	-0.0179935737	0.0032922287	0.0127306343	-0.0430659648	0.0101795706	0.0216497773	0.0036731021	-0.011482858	-0.0171255002	0.0122531825	0.0437079565	0.0400952238	-0.0068911016	-0.0423662345	0.0063259458	-0.0539330237	-0.0257052637	0.0747284284	-0.0189803254	-0.0052678577	-0.0396083535	0.0644220028	0.0377057884	0.0109466313	0.0240886494	0.0102740316	-0.0304593912	0.0116060518	-0.0185367267	-0.0295710939	-0.030885318	-0.0089388907	0.0421225496	-0.0262395523	-0.0368748657	0.0068542412	0.0213869823	-0.0914845318	-0.0073610045	0.0096518046	0.0181409499	0.0499315339	-0.0647457377	-0.0115324885	0.0504453975	-0.0349522562	0.0137063428	0.0280822645	0.0495895461	-0.0547759376	-0.0736548948	0.0071791994	-0.0409691645	0.0089422902	-0.0368482668	0.0779186165	-0.0069188785	-0.0286847712	-0.014099084	0.0352370627	-0.0343726421	-0.0148029744	0.0197183567	-0.0505228438	-0.0463386088	0.0018634684	-0.0727334627	0.0433965385	0.029267727	-0.0160806757	-0.0398213499	-0.0056091974	-0.0329170125	-0.0071075874	-0.0436317555	-0.0704278843	-0.0682594706	-0.0277413986	-0.0091792965	-0.0692062549	-0.0098434224	-0.0034367125	-0.0417368241	-0.0413481829	-0.0414951096	-0.0410153807	0.0018438834	0.0090779384	-0.0066966936	0.0069952825	0.0219780926	0.037125822	-0.0335165744	0.0134052932	-0.0095752121	-0.0206437443	0.0082937015	0.0226609444	-0.0374623212	0.012544256	0.0216173919	-0.0009656165	-0.0141051849	0.0199477392	0.0104801266	0.0464754299	-0.0407112886	0.0114334745	0.0449562731	-0.0399912017	0.0084732457	0.0113271479	-0.0822563605	0.0098729067	0.0242818313	0.0441148785	-0.0683498854	-0.046976302	-0.0118235566	0.001173911	0.006230174	0.0258422885	-0.0054644767	-0.0145182527	0.0083989947	-0.0378226417	-0.002565588	-0.0426391618	0.0167281717	0.028454967	-0.0283141987	0.0123399845	0.0894882644	0.0001141081	0.0127961762	-0.0153163208	0.0644077381	0.0266055895	-0.0149844755	0.0581497892	-0.0160998453	-0.0003903236	0.0178486588	0.0562672426	0.0574262388	-0.043474385	-0.0551586571	-0.0269564977	0.0350914733	-0.0537554708	0.0696186754	-0.0316970818	-0.0209148831	-0.0137933699	-0.0308131233	-0.0169306747	0.0517209047	0.0009268605	-0.0292925917	-0.0392747346	0.0549200975	0.0647324444	0.0357313469	-0.02597228	-0.005644088	0.0060108197	0.0363819468	0.0161125439	-0.0174848113	0.0461650226	0.0289518521	-0.0700205122	-0.0057663714	-0.0214155126	-0.0098421117	-0.0967291894	0.0280157954	-0.0798691542	0.0036742004	0.0116567259	-0.00050578	0.0115537597	0.0131717248	-0.0037377429	-0.007821751	0.0003781604	0.0550230693	0.0251673576	0.0696383063	0.0095893835	-0.0700586071	0.0046010689	0.001776721	0.0194970999	0.0249837007	-0.0254555819	0.014450304	0.0007399256	-0.0094715996	-0.0238968369	0.0257701958	-0.0136111299	-0.0025298989	-0.0227938136	-0.030789272	-0.0102536416	0.0436829132	-0.0446762873	0.0124961534	0.0289627561	-0.0489159345	0.0325475373	0.0079884006	-0.042592707	0.0455706274	-0.014710965	-0.0270720383	0.0487532262	-0.0342336544	-0.0057054516	0.0414080854	-0.046363951	0.0168931667	0.0251213099	-0.0484824465	0.0358438856	0.0034098553	-0.0401316745	0.0470544995	-0.0771382	-0.0011552999999999	1.3347180899999954e-06	0.00595030189924	-3.67844	-0.06745	13.530920833600002	0.0045495025	-0.71849	0.0368179999999999	0.0013555651239999	0.5162278801	-0.0190659	-0.0009639	0.00036350854281	9.291032100000004e-07	-0.00213286	0.00086861	4.549091779599999e-06	7.544833321000002e-07	0.0010767	0.000165378	1.1592828900000005e-06	2.734988288400003e-08	0.0	0.0	0.0	0.0	0.0	0.0	0.0	0.0	0.0	0.0	0.0	0.0	0.0	0.0	0.0	0.0	0.0	0.0	0.0	0.0	0.0	0.0	0.0	0.0	0.0	0.0	0.0	0.0	0.0	0.0	0.0	0.0	0.0	0.0	0.0	0.0	0.0	0.0	0.0	0.0	0.0	0.0	0.0	0.0	0.0	0.0	0.0	0.0	0.0	0.0	0.0	0.0	0.0	0.0	0.0	0.0	0.0	0.0	0.0	0.0	0.0	0.0	0.0	0.0	0.0	0.0	0.0	0.0	0.0	0.0	0.0	0.0	0.0	0.0	0.0	0.0	0.0	0.0	0.0	0.0	0.0	0.0	0.0	0.0	0.0	0.0	0.0	0.0	0.0	0.0	0.0	0.0	0.0	0.0	0.0	0.0	0.0	0.0	0.0	0.0	0.0	0.0	0.0	0.0	0.0	0.0
55634.49887185526	34.5769524492207	3095197464.722465	1195.565640675669	68111.74105273437	268.5589218749956	4639209269.234741	72123.89451865997	56018.90485032338	31.95938293338986	3138117700.6295843	1021.4021574830512	56204.657370584566	57118.37685673701	1.07726	24.678799	0.0932482000000003	0.0553161	-0.0007408534	0.0016649856	-0.0080622733	-0.0078107201	0.0426517113	-0.0331418136	-0.0851562227	-0.0459025926	0.022049702	-0.034331986	0.0132699453	-0.0075316366	-0.0039490215	-0.0138909867	0.0291206698	-0.0198725344	-0.0343772663	-0.0422389174	0.0130293061	-0.0142548741	-0.0145345983	0.0153574035	0.0007665555	0.0021410869	0.0339444446	0.0610627414	-0.0600550202	-0.017550852	0.0068972432	-0.0056942543	-0.0127583627	0.0539635329	-0.002151042	-0.0481877396	0.0002445322	0.0267562144	0.0981486393	0.0041687848	-0.0206633523	-0.0050889158	0.0052567614	0.0202994354	0.0062225148	-0.0193218754	0.0499908276	0.0489957664	-0.0241877458	-0.006595759	0.0006423615	-0.0071626371	-0.0302598144	-0.0240213352	-0.0375803737	0.0196574676	-0.0293546302	0.0230512129	-0.025639097	-0.0167034397	-0.0157259185	0.0189402215	-0.0034820522	0.0032616953	0.0221095372	-0.0051785273	-0.0276806569	0.0105710542	0.0090015579	0.0523770163	-0.0620314775	0.0080632657	0.022956382	0.0290684022	-0.0258319375	0.0174838544	0.0404141944	0.024233507	0.0037488752	0.0292408817	-0.0370717329	0.0275380527	0.0208173539	0.0236429926	0.0677874144	0.0140999211	-0.0843646571	0.0138437453	-0.0435814901	-0.0015634449	0.0560972786	0.0697402942	0.0213178113	-0.0515812535	0.0227475978	0.0334234013	0.060864442	-0.0187329765	-0.0108035865	-0.0309522961	-0.0293328165	-0.0222175241	-0.0021165267	-0.0394736605	-0.0012742673	-0.0045055948	-0.0579191457	0.0453642925	0.0288999328	0.0207783919	-0.0708258087	0.0113601443	-0.0273161685	0.0137563135	-0.0420085617	-0.0110972773	0.013930538	0.0171544376	-0.0154625882	0.0047441886	0.015518143	-0.0291999353	-0.0627732651	0.0599872476	-0.0162157311	0.0115733277	-0.0149128706	-0.0242764048	0.0472809558	-0.0093413663	-0.0474985108	0.0050938412	0.0288111545	-0.0934206779	-0.0043363288	-0.0177746274	-0.0078816584	-0.0093413087	-0.0271831682	-0.0179821695	0.0114158118	-0.0603766411	-0.0426053696	0.0111349865	0.0170855068	0.0099930426	0.0059064178	0.0347304871	0.011023404	-0.0084406781	-0.0043613122	0.0415354657	-0.034602381	-0.0147379652	0.0274878939	-0.0251580729	-0.0200588275	0.0063555953	-0.0124849165	-0.0125405376	0.0135357369	-0.0307173034	0.0008313601	-0.0011339569	-0.0440198026	0.0715348626	0.006917865	-0.0169727099	-0.010986206	-0.037715055	0.0138480858	0.0480954668	0.0240663154	0.0125053374	-0.0247492539	-0.0472462408	0.0073358113	-0.004247834	0.0039708128	0.0653383524	-0.005517982	-0.0905427282	0.0185756942	-0.0194378402	0.0433750936	0.0893166474	-0.0009101676	-0.0213005574	-0.01434391	0.011256068	0.0327700057	-0.0443581749	0.0088667098	0.0217670202	0.0066115555	-0.0476075037	0.0247745828	0.0259164671	0.0429129337	-0.0234703493	-0.011399605	-0.0484547229	-0.0611681366	0.0517839306	-0.0318723968	-0.0103462274	0.0337095363	0.0123814307	0.0376534685	-0.0402818976	-0.0086443576	0.0146492021	0.0171931201	-0.037188817	-0.0053019072	-0.0127996487	0.0361993969	0.0571146516	0.0253327557	-0.0246584873	0.0654898737	0.0332652658	0.01867313	-0.0296529354	-0.0073688719	0.0200219291	0.0276095707	0.0031926173	0.0121141792	0.0123993644	0.0192626743	0.0302878876	0.0085484745	-0.045437048	-0.0309324975	-0.0098926005	0.0434300072	-0.0449733504	0.0133856785	0.0280629691	-0.0488381591	0.0336352026	0.0063461704	-0.0416524399	0.0462741461	-0.0168065656	-0.0250420933	0.0484427166	-0.0361565084	-0.0027655145	0.0396502352	-0.0473253789	0.0201368126	0.021886162	-0.0477860158	0.0384828171	-0.0008300562	-0.0374341914	0.0481213794	-0.069763	0.0073751999999999	5.439357503999998e-05	0.004866876169	-3.6653	0.0131400000000003	13.434424089999998	0.0001726596	-0.70409	0.0143999999999999	0.0002073599999999	0.4957427281	-0.0180413	0.0010246	0.00032548850569	1.049805160000001e-06	-0.00207553	5.732999999999997e-05	4.3078247809e-06	3.286728899999996e-09	0.00116143	8.472999999999987e-05	1.3489196448999998e-06	7.179172899999979e-09	0.0	0.0	0.0	0.0	0.0	0.0	0.0	0.0	0.0	0.0	0.0	0.0	0.0	0.0	0.0	0.0	0.0	0.0	0.0	0.0	0.0	0.0	0.0	0.0	0.0	0.0	0.0	0.0	0.0	0.0	0.0	0.0	0.0	0.0	0.0	0.0	0.0	0.0	0.0	0.0	0.0	0.0	0.0	0.0	0.0	0.0	0.0	0.0	0.0	0.0	0.0	0.0	0.0	0.0	0.0	0.0	0.0	0.0	0.0	0.0	0.0	0.0	0.0	0.0	0.0	0.0	0.0	0.0	0.0	0.0	0.0	0.0	0.0	0.0	0.0	0.0	0.0	0.0	0.0	0.0	0.0	0.0	0.0	0.0	0.0	0.0	0.0	0.0	0.0	0.0	0.0	0.0	0.0	0.0	0.0	0.0	0.0	0.0	0.0	0.0	0.0	0.0	0.0	0.0	0.0	0.0
55554.28003751824	-80.21883433702169	3086278030.4869976	6435.0613823905305	67888.06817285156	-223.67287988281169	4608789800.241741	50029.5571950707	55969.95665724734	-48.94819307603757	3132636048.214146	2395.9256054090524	56157.75325211109	57055.445807756696	1.023193	23.440186	0.0653739999999998	0.0380069	-0.0026268229	0.0001456333	-0.0124978635	0.0021078603	0.058978965	0.0020389824	-0.0475451367	0.0299106302	-0.0178887647	-0.019462405	0.0700131287	0.0250213111	-0.0432712721	-0.0086017011	0.0672073693	-0.02851791	0.0285414301	-0.0471895723	0.0145978973	0.031871818	0.0072787356	-0.0132072511	-0.0517721804	0.0124311313	0.0477973183	-0.0176704096	-0.0344578932	-0.0213766011	0.018930593	0.0007413552	-0.0032277665	0.0112632883	0.0432766838	-0.0171889967	0.0088070041	-0.009228833	-0.0406148835	-0.0333870153	-0.0092458999	-0.0698096497	0.059495505	0.0161791059	0.0076361888	0.0069023529	0.0263003749	-0.0226318334	-0.0080323701	-0.0167143712	0.0065918015	-0.0118175534	-0.0013487653	-0.0060467418	-0.0352980876	-0.0359914013	0.0297269921	-0.0428246912	0.0485899295	0.0268253791	0.0020268601	-0.0197969504	-0.0322007417	-0.0293566512	0.0080142938	0.027867375	-0.0468859351	0.0143119675	0.0537964751	-0.0111976264	-0.0200082008	-0.0413211987	0.0284553397	-0.0201875406	0.0712443606	-0.0240071888	0.0047847981	-0.0280421818	0.0558323722	0.0645067491	-0.0115727136	-0.0396347432	-0.027177976	0.0280858825	0.0327590942	0.0241931932	-0.0380187558	-0.0209623344	0.0264474002	0.0178042251	-0.030806477	0.0317222109	-0.0195563932	-0.0111506215	-0.0217165388	0.0227072711	-0.0112056137	0.0176060907	-0.0331308305	-0.0714472129	0.0073081378	-0.0305653776	0.0312496877	0.0126540363	0.0239975477	-0.0164021049	-0.0031117218	0.0129338882	-0.042612432	0.0020959872	-0.0246668569	-0.032691587	-0.00446184	0.0092175804	-0.0480492094	-0.014439976	-0.0287735315	-0.0091127916	0.0155898039	0.0571265017	0.0202538848	-0.0352289211	0.0183942528	0.0374432984	-0.0211593954	0.0129150592	0.0005020301	-0.0051582045	0.0087853023	0.0401243968	-0.0155087928	0.0113719896	-0.0080989435	0.040393692	-0.0257812986	-0.0153156936	0.0654673889	-0.0629535817	-0.0168443922	0.0222230856	0.0097313996	-0.0287710704	0.0198275531	0.0007741254	0.0160885205	-0.0154811552	0.0227176549	0.0265642731	0.0406320958	0.0295846247	-0.0276555867	-0.0374570694	0.0424185168	0.0123472644	-0.0299921023	0.0092213731	0.033631908	0.0152969082	0.0164793563	-0.0276386415	-0.02682072	-0.0428963202	-0.0109928371	-0.0400369764	-0.0316873117	0.0178051724	-0.053986905	-0.0341124521	0.0142588611	0.0796058659	-0.0108929319	0.0070790498	-0.0335880515	0.0534630521	-0.0613472707	0.0091422957	0.0023676275	4.67561e-05	0.0264927339	0.0124540162	0.0161876964	-0.0456326209	-0.004996144	-0.0019258739	-0.0276262901	-0.0229248345	0.0286463791	-0.0300496309	0.0122611241	0.0009049322	0.0216846269	0.005556526	0.0151288335	-0.0359300195	0.0343608714	-0.0740525944	-0.0121601521	0.0340946445	-0.0044897357	-0.0101266102	-0.0245414007	0.0066554512	-0.0128600456	-0.0221188051	-0.0329755803	-0.0037458104	0.0294830899	0.0238217203	0.0096093153	-0.01054742	-0.0099468156	0.0197707798	0.0221363605	-0.029254133	-0.0210200227	0.0133815375	-0.0024647197	0.0564332726	-0.0030873506	0.0464615696	-0.0158858691	-0.0009318077	0.002522406	0.0204800996	-0.0008581628	-0.0362988847	0.0393475181	0.0456368635	6.95455e-05	0.0085983685	0.0530553585	0.0043907292	-0.0047379895	-0.0554554458	-0.031075284	-0.0095309979	0.043171555	-0.0452602033	0.0142704553	0.0271488476	-0.0487264292	0.0346923251	0.004696647	-0.040653077	0.0468982266	-0.0188678315	-0.0229521086	0.0479975119	-0.0379639583	0.0001844653	0.0377298441	-0.0480693164	0.0232773535	0.0185268512	-0.0467907162	0.0408576104	-0.005063741	-0.0344309608	0.0487618127	-0.0636245	0.0061385	3.768118225000007e-05	0.00404807700025	-3.62953	0.0357699999999998	13.1734880209	0.0012794928999999	-0.715298	-0.0112079999999999	0.0001256192639999	0.5116512288039999	-0.0182337	-0.0001923999999999	0.0003324678156899	3.7017759999999554e-08	-0.00211358	-3.8049999999999976e-05	4.467220416399999e-06	1.447802499999998e-09	0.00114673	-1.469999999999987e-05	1.3149896929000002e-06	2.160899999999961e-10	0.0	0.0	0.0	0.0	0.0	0.0	0.0	0.0	0.0	0.0	0.0	0.0	0.0	0.0	0.0	0.0	0.0	0.0	0.0	0.0	0.0	0.0	0.0	0.0	0.0	0.0	0.0	0.0	0.0	0.0	0.0	0.0	0.0	0.0	0.0	0.0	0.0	0.0	0.0	0.0	0.0	0.0	0.0	0.0	0.0	0.0	0.0	0.0	0.0	0.0	0.0	0.0	0.0	0.0	0.0	0.0	0.0	0.0	0.0	0.0	0.0	0.0	0.0	0.0	0.0	0.0	0.0	0.0	0.0	0.0	0.0	0.0	0.0	0.0	0.0	0.0	0.0	0.0	0.0	0.0	0.0	0.0	0.0	0.0	0.0	0.0	0.0	0.0	0.0	0.0	0.0	0.0	0.0	0.0	0.0	0.0	0.0	0.0	0.0	0.0	0.0	0.0	0.0	0.0	0.0	0.0
55495.3113365204	-58.96870099784428	3079729580.3373294	3477.307697373161	68076.15641796876	188.08824511719288	4634363072.643748	35377.18795126522	55962.9463683964	-7.010288850942743	3131851366.232012	49.14414977365213	56147.19165712714	56946.63235973012	0.958806	21.965153	0.0889006999999999	0.0526057	0.0009409833	0.0035937477	-0.0083993344	-0.0071132333	0.0241690157	-0.0094717234	-0.0361687649	-0.05460858	0.0057409926	0.0373361001	-0.0094642352	-0.0038331779	-0.0091279264	-0.019657676	0.0326043562	-0.0156979854	-6.64175e-05	-0.0379041005	-0.0133356108	0.0010237265	0.0063631681	0.0459546742	-0.0230224721	0.0233709822	-0.0144674584	0.0414936056	-0.0347778137	0.0115548773	-0.0298771319	-0.0254090378	-0.0142215869	0.0032474274	0.0357672038	-0.0066490632	0.0277365267	0.0103062843	-0.0170170127	-0.0093397433	0.0074125381	-0.0088520025	-0.0297091411	-0.0183059489	0.0027857048	-0.016973706	-0.0086882357	-0.0311125681	-0.0225865697	0.0297103616	-0.0529409594	-0.0626066506	0.0059241974	0.0538073103	-0.0014614698	-0.0106823132	0.0129157364	0.0293147448	0.0114624672	-0.005477494	0.0452227328	-0.0033429266	-1.83965e-05	-0.0308189955	0.0124139659	-0.0426972221	0.003901026	0.0092739248	-0.0638934938	0.0131817943	-0.0384308508	-0.0207942215	0.0171223359	-0.0282127041	0.0481540389	-0.0106311426	-0.0450305276	0.0046228923	0.0165156375	-0.0473031774	0.0195900148	-0.0369146176	-0.0108842116	-0.0305526557	-0.0213896813	-0.0085266028	-0.0120414627	0.0048866617	0.0451341594	0.0306535759	-0.0115149207	0.0141728063	0.0052224127	0.0598813195	0.0160965567	0.0018732535	-0.003779112	-0.0074811223	0.0662061001	-0.0228778781	-0.0318478188	0.0392899063	0.0132837709	-0.0069710156	0.0379019129	-0.0277361941	0.0107261874	-0.028630242	-0.0510968845	-0.0034095831	0.0092629482	-0.0289559857	0.0241214258	-0.0127213143	-0.0372552607	0.0164840729	-0.0020790896	-0.0047718272	-0.0465609694	0.0225176302	0.0149479859	0.028056934	-0.0417305976	0.0393440821	0.0155963682	-0.0246771395	-0.0238519673	-0.0128309631	0.0052160291	0.0347878891	-0.0035788563	0.0281431515	0.0063919105	0.0189315309	-0.0108077567	0.0079720266	0.0132027514	0.0279766828	0.01738486	-0.0263334985	0.0010008829	0.0103953789	0.0166128045	0.0343779916	-0.0360650259	0.0399758178	0.0591915078	-0.021229813	-0.025038141	0.0429598183	-0.0031550334	-0.015249105	-0.0341766133	-0.0070125418	-0.0316549696	0.0380484844	-0.0109218671	-0.0045165749	0.0303641875	-0.0284308001	0.0185462434	0.0135987962	0.0003940242	0.0641678513	0.0054115671	0.0512732703	-0.0326244152	-0.0244357864	0.0164643731	0.0468993262	-0.0013233969	-0.0469602487	-0.0072709588	0.0108558854	0.0488882398	0.0413855199	-0.0201598615	-0.0168703707	-0.0169922041	-0.0218598263	-0.0191094057	-0.0099921711	-0.0003855925	0.0364568223	-0.0324230446	-0.0142841728	0.0099878486	-0.0072126426	0.0507189413	0.0142600301	-0.0299456043	0.0098427224	0.0401114283	0.05943961	-0.0042613633	-0.0092138453	0.0089809567	-0.030502867	-0.0124339074	0.0346375415	-0.0520430622	-0.007468643	0.0261044885	-0.0492178645	-0.0104591826	-0.0016303253	0.019438386	-0.0077458439	-0.0162289266	0.0298700472	-0.0083700178	0.0153906895	0.0195171953	-0.020988754	0.0009983039	0.0158033878	0.0340849548	0.0069463402	0.0517144688	-0.0042230636	-0.0142246503	-0.0108399121	0.009828876	-0.0366105243	0.000695386	0.059866108	0.0193599974	0.0161582207	-0.0182055593	0.0170766221	0.0383667906	2.37521e-05	-0.0262536888	-0.0227326617	-0.0312176297	-0.0091688544	0.0429075896	-0.0455367808	0.01515017	0.0262208584	-0.0485808224	0.0357179449	0.0030417259	-0.0395960362	0.0474417976	-0.0208905514	-0.0208070951	0.0474188502	-0.0396502352	0.0031337753	0.0356547843	-0.0485923444	0.026298709	0.0150624352	-0.0455027728	0.0429519653	-0.0092594399	-0.0311465121	0.0489701238	-0.0601133	0.0035111999999999	1.2328525439999991e-05	0.00361360883689	-3.67965	-0.0501200000000001	13.5398241225	0.0025120144	-0.699617	0.0156809999999999	0.0002458937609999	0.489463946689	-0.0180948	0.0001388999999999	0.00032742178704	1.9293209999999266e-08	-0.00226407	-0.00015049	5.1260129649e-06	2.2647240100000023e-08	0.00104435	-0.00010238	1.0906669225000002e-06	1.04816644e-08	0.0	0.0	0.0	0.0	0.0	0.0	0.0	0.0	0.0	0.0	0.0	0.0	0.0	0.0	0.0	0.0	0.0	0.0	0.0	0.0	0.0	0.0	0.0	0.0	0.0	0.0	0.0	0.0	0.0	0.0	0.0	0.0	0.0	0.0	0.0	0.0	0.0	0.0	0.0	0.0	0.0	0.0	0.0	0.0	0.0	0.0	0.0	0.0	0.0	0.0	0.0	0.0	0.0	0.0	0.0	0.0	0.0	0.0	0.0	0.0	0.0	0.0	0.0	0.0	0.0	0.0	0.0	0.0	0.0	0.0	0.0	0.0	0.0	0.0	0.0	0.0	0.0	0.0	0.0	0.0	0.0	0.0	0.0	0.0	0.0	0.0	0.0	0.0	0.0	0.0	0.0	0.0	0.0	0.0	0.0	0.0	0.0	0.0	0.0	0.0	0.0	0.0	0.0	0.0	0.0	0.0
55408.15245890141	-87.15887761898921	3070063358.908862	7596.669947801938	67345.59051171875	-730.5659062500054	4535428561.372103	533726.5433748916	55922.61203835227	-40.33433004412655	3127338537.1920624	1626.8581801085293	56119.13334027117	56507.60621004972	0.946341	21.679611	0.0338845499999997	0.017095	-0.0005713233	0.0044933294	-0.0078470835	-4.84562e-05	0.0234137548	0.0030338006	-0.0115304208	0.0425585311	-0.0049493844	-0.0590597617	0.0342501233	-0.0062731505	-0.0031546405	-0.0245211405	0.0287648841	-0.0163616752	0.0051083512	-0.0345777831	0.000772829	0.034644229	-0.0159487188	-0.0323762887	-0.0136683797	0.0198194674	0.0178038956	0.0050986652	-0.0103629892	-0.0166339684	-0.0114017722	0.0461457549	-0.0585165584	0.0061503503	-0.0146407811	-0.0045690095	-0.0050515779	-0.0424364497	-0.0435961384	-0.0439932269	0.0355839138	0.006603746	0.0292818624	-0.0286093909	0.0296284346	-0.0095955368	0.0109408534	0.0198766558	0.0258073512	0.0230467981	0.0287317272	0.0051641577	0.0625728228	0.0352878701	0.0219996252	0.015915244	0.0172231714	-0.003350377	-0.0156097692	0.015444207	-0.0391800512	0.015346764	0.0036065447	0.0572644425	-0.0455138082	-0.0129150143	-0.0165247538	-0.0267623542	0.030728841	0.0407737005	0.0244081494	0.0242507281	0.05495301	-0.0074024761	-0.0124359743	0.0033468392	0.0120011083	0.0320464131	0.0736749283	0.0252872824	-0.0036363935	0.0337798421	-0.0074770057	0.0033663132	-0.0146951326	-0.0109205091	-0.0291774924	-0.0044799992	-0.0329339162	-0.0270039813	-0.003773097	0.0101925526	-0.0578733367	0.0393062219	0.0127653372	0.007386459	0.0151866109	-0.0422468874	-0.0520892963	-0.0007358942	-0.0203399011	0.0052586073	-0.0134277176	0.0083842708	0.0015376992	-0.0046453879	0.0071906545	-0.0313672818	0.0183277494	-0.0008230232	0.0528686673	-0.0019884542	0.031569491	0.0294549591	-0.035828954	0.0006779479	-0.0339097547	0.0141047113	0.0341358756	0.0165821266	0.0191805522	-0.0089842058	-0.0047702006	0.0149566213	-0.0170060972	-0.0164660225	0.0338792634	-0.06267337	-0.0050123776	-0.0159382632	0.0002097255	-0.0041317154	-0.0433221273	0.0434464565	-0.035619004	0.0358944312	-0.0039891484	-0.0235070886	0.0265570167	0.0247143176	0.024866384	-0.0089297394	-0.0310804892	-0.0206961833	-0.0243185389	-0.0378260855	-0.0081382066	-0.0654215165	0.0062573962	0.0222412936	0.0245460293	-0.0215488294	0.0192180325	-0.0034838988	0.0089206028	-0.0282254658	-0.0046327857	0.0137611598	-0.0169618588	0.0796925691	0.0229987428	-0.0085162689	0.0218759502	-0.012811424	-0.0431040723	-0.0211485379	0.0149499947	-0.0514002052	0.0283274721	-0.031286786	0.0087118509	0.0141760737	0.0085362114	0.0738593067	0.0063704387	-0.0194393501	0.0392806232	-0.0186971996	0.0075581955	-0.0107333183	-0.0115940891	-0.0172157565	-0.0111659093	-0.03844044	0.0251870622	-0.0160593802	-0.0289466075	-0.04973003	0.0074921836	0.0340870602	-0.029687044	-0.0243790395	-0.0554691229	-0.0065665019	-0.028244661	-0.0276752739	0.021348624	-0.0081265554	-0.0139791563	0.0148761495	0.0024186394	-0.0037912865	0.0264833574	0.0008236206	0.046469006	0.0221824014	-0.0281367397	0.0210227796	-0.0121110302	-0.0246368615	-0.0077304815	0.0180582744	0.0177522691	-0.0179276049	-0.0005981815	0.0012554193	-0.0017675295	0.0338676883	-0.0139038094	0.0192448775	0.0330514959	-0.0043186175	-0.001324385	0.0031173052	-0.0023295571	-0.0519947286	0.0320557193	0.0278099917	-0.0056836946	-0.0028528248	0.025195199	-0.0039726937	-0.0035237656	0.0023221859	-0.0313595323	-0.0088061905	0.0426381448	-0.0458030203	0.0160245105	0.0252794756	-0.04840144	0.0367111306	0.0013833093	-0.0384828171	0.047903926	-0.0228705931	-0.0186121956	0.0467083402	-0.0412099568	0.0060717052	0.0334335625	-0.0488920593	0.029185409	0.0115125682	-0.0439302406	0.0447515066	-0.0133856785	-0.0276076712	0.0487444668	-0.0626838	-0.0025704999999999	6.6074702499999815e-06	0.00392925878244	-3.66604	0.0136099999999999	13.4398492816	0.0001852320999999	-0.704409	-0.0047919999999999	2.296326399999911e-05	0.4961920392809999	-0.018143	-4.819999999999824e-05	0.0003291684489999	2.3232399999998308e-09	-0.00233549	-7.141999999999999e-05	5.4545135401e-06	5.100816399999999e-09	0.000905729	-0.000138621	8.203450214409999e-07	1.9215781641000032e-08	0.0	0.0	0.0	0.0	0.0	0.0	0.0	0.0	0.0	0.0	0.0	0.0	0.0	0.0	0.0	0.0	0.0	0.0	0.0	0.0	0.0	0.0	0.0	0.0	0.0	0.0	0.0	0.0	0.0	0.0	0.0	0.0	0.0	0.0	0.0	0.0	0.0	0.0	0.0	0.0	0.0	0.0	0.0	0.0	0.0	0.0	0.0	0.0	0.0	0.0	0.0	0.0	0.0	0.0	0.0	0.0	0.0	0.0	0.0	0.0	0.0	0.0	0.0	0.0	0.0	0.0	0.0	0.0	0.0	0.0	0.0	0.0	0.0	0.0	0.0	0.0	0.0	0.0	0.0	0.0	0.0	0.0	0.0	0.0	0.0	0.0	0.0	0.0	0.0	0.0	0.0	0.0	0.0	0.0	0.0	0.0	0.0	0.0	0.0	0.0	0.0	0.0	0.0	0.0	0.0	0.0
55379.99277476875	-28.159684132660917	3066943599.7334385	792.9678104512349	67811.71748730469	466.12697558593936	4598429028.578025	217274.3573688949	55927.12359276777	4.511554415497812	3127843153.360721	20.354123243997808	56117.28311764094	56637.39107713576	0.914569	20.951733	0.0322847	0.0170849	0.0009564769	0.0031223063	-0.0105671412	5.07228e-05	0.016337448	0.0080916499	-0.00762741	0.0213235279	-0.0246719518	0.0587446465	0.0008240789	0.011285197	-0.0337931919	-0.0195625508	0.0641336233	0.0034384858	0.0467599413	-0.0172321992	0.0107612652	-0.0236292613	0.024775469	0.0150887342	-0.0450362635	0.0067350882	-0.0061948328	-0.0332792121	-0.0003116195	-0.0192249151	-0.0125065752	-0.0112669295	0.0530018179	-0.0666763964	0.0261393512	0.0016556508	0.013946343	-0.0300311374	-0.0022237864	-0.0068944354	0.0185282098	-0.0184646734	-0.0263243691	0.0182758602	0.0039055177	0.0135952842	0.0591205853	0.0271386946	-0.0015802515	-0.0179751826	-0.0327445597	-0.0394426373	-0.0004537222	0.0070441893	0.0330076199	-0.0151464621	-0.0575931129	-0.0085052378	0.0204729771	-0.0129294811	-0.0287643624	-0.0016767917	-0.0419995817	0.016010435	-0.0544626526	-0.0136512008	0.0077367926	-0.0112381859	0.0410419583	0.0061958861	-0.0060648236	0.010622389	-0.0050501212	0.0194401873	0.0089440373	0.0114185883	0.0114144318	-0.0417386213	-0.0596690691	-0.0442773471	-0.039213769	0.0475027959	-0.0262354378	-0.0091136622	-0.0195691547	0.0145535622	-0.0612458808	0.0142925664	0.0042066006	0.0408771382	-0.0184391582	0.017385935	0.002924822	0.023920459	0.0262333822	-0.0174365227	0.0277249036	0.0306984927	-0.0192488317	-0.0155230215	-0.0477797922	0.084185946	-0.0510024458	0.0089343302	0.0005286722	-0.0539471135	0.0631041921	0.0160252934	0.0386102123	0.0544491562	0.083395835	0.0128328933	-0.018820894	-0.0462048418	-0.0166383198	-0.0116138151	0.0247175058	-0.0234880602	-0.0154929092	0.044807564	-0.00453166	0.014627559	0.0343555487	0.0065129704	-0.0144148108	-0.0201344632	-0.0014791193	0.0661530841	-0.0534993462	0.0331816479	0.0014482904	0.0144715251	-0.0308667763	0.0018821752	-0.0072908241	0.0167522132	0.0188297508	0.0263222002	-0.0218678642	0.0048866945	0.0084686008	-0.0547667588	-0.0048090544	-0.0075047004	-0.0006804087	0.0400314617	0.0391385925	-0.0194074096	-0.0348298394	-0.0265238671	-0.0305493097	0.042257552	0.0300456021	-0.0138664407	-0.0251814704	-0.0355328862	0.0168410775	0.0366180931	0.0112439242	0.0497888353	-0.0029813162	0.0158694892	0.009831273	-0.0374878392	-0.0197111526	0.0006809284	0.0113907486	0.0017067451	-0.0258416092	-0.0020335149	0.0075789755	0.0073491772	-0.0196860825	-0.0749547062	0.03647357	-0.0448012548	-0.001924082	-0.0278895489	0.0271923539	-0.0123680415	-0.0132148698	-0.063559142	0.0028924813	0.0149736266	-0.0126286983	0.0020575044	0.0309834752	-0.0192266852	0.0083090675	-0.0104474463	-0.0410257209	-0.0289966033	0.0113735717	-0.0195190995	-0.0021649568	-0.0103309097	0.0725118514	-0.0755975885	-0.0360192698	0.0702783524	-0.0040050646	0.0387174109	0.006346691	0.0076132787	0.0094570943	0.0600039617	-0.0356979263	-0.1061847738	0.0044865507	-0.0258514204	-0.0087425376	0.0171376362	0.0121018087	-0.0166630166	-0.0047387466	0.0311631531	-0.00199303	0.0114544484	0.0214537113	0.0266960753	-0.0843953302	-0.0358396134	-0.0062878741	0.0305675712	-0.0037130458	-0.0072162663	0.0232456864	0.0093362119	-0.0124784303	0.0261187962	0.0238882646	-0.0188372297	-0.0178894181	-0.0369264514	-0.03150099	-0.0084430267	0.0423632548	-0.0460588611	0.0168931667	0.02432518	-0.0481884067	0.0376709804	-0.0002766972	-0.0373149993	0.0482838183	-0.0248039116	-0.0163726724	0.0458679577	-0.0426381448	0.0089875862	0.031075284	-0.0489670838	0.0319226731	0.007897389	-0.0420829549	0.0462438827	-0.0174115036	-0.0238433419	0.0480868413	-0.0647824	-0.0020986	4.404121960000025e-06	0.00419675934976	-3.66983	-0.0037899999999999	13.4676522289	1.4364099999999695e-05	-0.711754	-0.007345	5.3949025000000674e-05	0.506593756516	-0.0179187	0.0002243	0.00032107980969	5.0310490000000095e-08	-0.00220465	0.00013084	4.860481622499999e-06	1.7119105600000033e-08	0.000931611	2.5882000000000075e-05	8.678990553210001e-07	6.698779240000038e-10	0.0	0.0	0.0	0.0	0.0	0.0	0.0	0.0	0.0	0.0	0.0	0.0	0.0	0.0	0.0	0.0	0.0	0.0	0.0	0.0	0.0	0.0	0.0	0.0	0.0	0.0	0.0	0.0	0.0	0.0	0.0	0.0	0.0	0.0	0.0	0.0	0.0	0.0	0.0	0.0	0.0	0.0	0.0	0.0	0.0	0.0	0.0	0.0	0.0	0.0	0.0	0.0	0.0	0.0	0.0	0.0	0.0	0.0	0.0	0.0	0.0	0.0	0.0	0.0	0.0	0.0	0.0	0.0	0.0	0.0	0.0	0.0	0.0	0.0	0.0	0.0	0.0	0.0	0.0	0.0	0.0	0.0	0.0	0.0	0.0	0.0	0.0	0.0	0.0	0.0	0.0	0.0	0.0	0.0	0.0	0.0	0.0	0.0	0.0	0.0	0.0	0.0	0.0	0.0	0.0	0.0
55280.34858203245	-99.64419273629755	3055916939.351017	9928.965146068414	67340.57150390625	-471.1459833984409	4534752570.472711	221978.53767248392	55792.65292364301	-134.47066912476294	3112820120.2580905	18082.360854861472	55985.358551751306	56288.82849216214	1.076734	24.666752	0.1090157999999999	0.0555794	0.0040609424	0.0029624724	-0.0084965794	-0.0091056549	-0.0161347263	-0.0105358569	0.0054901705	-0.0378799691	0.0100266394	0.0039721296	-0.0177244598	-0.0410810446	0.0011540439	-0.03320095	0.0060930016	-0.0280769988	-0.0494118536	0.0070482064	-0.0342177542	-0.0213570917	-0.0056121382	0.0233138091	0.0721025963	-0.0122604763	-0.0003100912	0.0440425983	-0.0130127308	0.0173762333	-0.043590973	-0.0394377552	0.0656069943	-0.021666763	-0.0141287652	-0.029257452	0.0181337178	0.0015675331	-0.0046389993	-0.012662769	0.0657947283	0.0415849538	-0.0054125039	0.004264688	-0.0659951896	0.0263645428	0.0196843109	-0.0312635619	0.0394238905	-0.0468996259	0.016226065	-0.0417416699	0.0094071837	-0.0301096428	-0.0024564332	0.0079376683	-5.93572e-05	-0.0152429199	-0.0181196903	-0.0268147487	0.0427682086	0.0121260602	-0.024380931	-0.0875010802	-0.0288623222	0.0051862291	-0.0349552769	0.0416661719	0.0194069965	0.0125861999	-0.070444668	0.0407908591	-0.0049180628	0.0464846461	0.0483044258	0.0138244324	-0.0405859016	0.0289081527	0.0394038548	0.0226764123	-0.0371624744	-0.025760305	-0.0380397902	0.0242675776	-0.0087169702	-0.0065049907	0.0001283498	-0.0193557982	-0.0359123383	-0.0521109978	-0.0156212075	-0.0163765553	0.0090395833	-0.0388696033	0.0156222311	-0.0188908352	-0.0122746086	0.025488039	-0.0043792819	0.0355698935	-0.0470643237	0.009968498	-0.0104226944	-0.0379812291	0.0042933187	-0.0912755192	0.0115744723	0.0276815124	-0.0027263316	-0.0168201717	0.0339355998	0.0356383726	-0.0054184224	-0.0102610746	0.0081618429	0.0352824785	0.0196532223	0.0066996228	-0.0243911337	-0.0749534771	-0.0037004092	-0.0058475354	-0.0456775696	0.0153443858	0.0256573193	-0.0370906043	-0.0336486334	0.0695989424	-0.0060274162	-0.0075695828	-0.029886824	0.0204883426	-0.0023263673	0.004097371	-0.0130923155	0.0676258347	-0.0375891582	0.0101391906	-0.0024005267	0.009791448	-0.0665510147	-0.011584568	0.043835377	-0.0462482633	0.0205182355	-0.0133386104	0.0439707148	-0.0053898168	0.0145273156	-0.0395426644	-0.0019464386	0.0212590877	-0.024058118	0.0359342492	0.010388221	0.021881474	-0.001891019	0.012866484	0.0694880561	-0.0246107185	-0.0508137101	-0.0337241231	-0.0345517198	-0.0283632854	-0.0239646336	0.0793211756	0.014660928	-0.0254137867	-0.0527368544	0.0165250013	0.0306451955	-0.0447836861	0.0092825977	0.0583529861	-0.0244146031	-0.0014397042	-0.0202010182	-0.0120661318	0.0382047477	-0.0269562485	-0.0003431765	0.0059146891	-0.0009127979	-0.0468560542	0.0421539057	-0.017122019	0.0009604464	0.0249225479	-0.0493227128	-0.029279914	-0.0013210169	0.008468873	0.0279861025	-0.0221112617	-0.0532420092	0.0043600784	0.0309192844	-0.0047994771	0.0109269854	0.0759275079	-0.0199095456	0.0120162815	-0.0476178149	-0.0219175316	-0.0068150763	-0.0198579517	-0.0185136749	-0.0480149302	0.0121767096	-0.040766699	-0.0112395089	0.0172876798	0.0171546715	-0.0262766621	0.0198990676	-0.0233532414	0.0421513531	-0.02412685	0.0300028761	-0.0344742104	0.0446493962	-0.0049283514	0.0132507101	-0.0066574824	-0.0070776816	0.0726338937	0.0063686157	0.023632103	-0.0202530198	0.0222326033	0.0240495288	0.0149685551	-0.0145440706	0.0293999313	-0.0316420006	-0.0080793838	0.0420829549	-0.0463042454	0.0177558304	0.023358459	-0.0479418706	0.0385966226	-0.0019363856	-0.0360942395	0.0485808224	-0.026686557	-0.0140938949	0.0449000392	-0.0439302406	0.0118708295	0.0285896166	-0.0488170731	0.0344964857	0.0042374069	-0.0399724692	0.0474188502	-0.0213067153	-0.0198842699	0.0470030752	-0.0636409	0.0011415	1.3030222500000084e-06	0.00405016415281	-3.71036	-0.0405299999999999	13.7667713296	0.0016426808999999	-0.693561	0.018193	0.000330985249	0.481026860721	-0.0176322	0.0002864999999999	0.00031089447684	8.208224999999919e-08	-0.00287298	-0.00066833	8.254014080399999e-06	4.466649889e-07	0.000903415	-2.819600000000008e-05	8.16158662225e-07	7.950144160000044e-10	0.0	0.0	0.0	0.0	0.0	0.0	0.0	0.0	0.0	0.0	0.0	0.0	0.0	0.0	0.0	0.0	0.0	0.0	0.0	0.0	0.0	0.0	0.0	0.0	0.0	0.0	0.0	0.0	0.0	0.0	0.0	0.0	0.0	0.0	0.0	0.0	0.0	0.0	0.0	0.0	0.0	0.0	0.0	0.0	0.0	0.0	0.0	0.0	0.0	0.0	0.0	0.0	0.0	0.0	0.0	0.0	0.0	0.0	0.0	0.0	0.0	0.0	0.0	0.0	0.0	0.0	0.0	0.0	0.0	0.0	0.0	0.0	0.0	0.0	0.0	0.0	0.0	0.0	0.0	0.0	0.0	0.0	0.0	0.0	0.0	0.0	0.0	0.0	0.0	0.0	0.0	0.0	0.0	0.0	0.0	0.0	0.0	0.0	0.0	0.0	0.0	0.0	0.0	0.0	0.0	0.0
55250.85195800683	-29.496624025618075	3052656642.0855875	870.0508289086695	67228.40287304687	-112.16863085937804	4519658152.860697	12581.801748867412	55883.71319851608	91.06027487307438	3122989400.8540006	8291.97365995986	56068.47866057624	56185.62215528612	0.996145	22.820564	0.0937201500000003	0.0471143	0.0024468411	-7.5185e-05	-0.0097305941	-0.0075896058	-0.001539071	-0.0170886821	0.0115963795	-0.0169105415	-0.0191130185	-0.0536770426	0.0419163004	0.0036855874	-0.0349775568	0.0080044884	-0.0002006081	-0.012319068	0.0212365949	-0.0042992149	-0.0227665919	-0.0024095413	-0.0233619509	-0.0084935627	-0.0175451525	0.0394641123	0.021977631	0.0012450319	-0.0063179357	-0.0342511614	0.024782198	8.58245e-05	-0.0217587091	0.0193361094	0.0127734414	0.0533670455	0.0026074806	-0.0282995605	0.0366702565	-0.053509864	-0.0036936941	-0.0275332173	-0.0172958751	0.0459636136	0.0182456016	0.0287572329	-0.0070825853	-0.0235256832	0.0067304636	0.0327390282	0.0067416632	-0.0243658613	-0.0106603427	-0.0471016586	0.0259556563	0.0213884844	0.041624703	-0.0216762938	-0.0092805594	-0.0554386451	0.0101006723	0.0088856283	-0.0103720446	0.0023186852	0.0373936283	0.0036360968	-0.0565227612	-0.0436317325	0.0095500696	0.0245934609	0.0348736827	-0.0531507627	-0.0125482078	-0.0219273438	-0.0162865046	-0.0038646125	0.034140119	-0.0036193903	0.0311374702	0.0072798792	0.0069366992	0.0741061519	0.0511177008	-0.0319763344	-0.0429628993	-0.0162512495	0.0353561611	0.0152594586	-0.009445946	-0.0425887774	0.0251413884	-0.0092650178	-0.0367999957	0.0407979398	0.0159782409	0.0073135053	-0.0036100959	-0.0081848543	0.0434647113	0.0555357069	0.0502297958	0.0115125034	0.0090798054	-0.0164394316	0.0434592274	0.0159122659	0.0260451077	-0.0042009528	-0.0506300625	-0.0296436399	0.022155217	-0.0080914842	0.058034095	-0.0034322388	-0.0031833833	0.0222681109	0.0043935604	0.0220815911	0.0100619354	0.0247252004	0.0404547417	-0.0074341407	0.002082525	0.0078894044	-0.0389649593	0.0179356173	-0.001836833	-0.0232243536	0.0132180689	0.0155085864	0.0537748862	-0.0044645403	-0.0250377843	-0.034379844	-0.0510233608	-0.008401459	0.026890663	0.0116608751	-0.046798778	0.0194011545	0.0158121994	0.0151802506	0.0238054742	0.0097586106	-0.0415197081	-0.0022596211	0.0195404107	0.0141346151	0.0136352363	-0.0561489409	0.0287193853	-0.0210153808	-0.0178288542	0.0566610027	-0.0066149906	-0.0187054502	-0.0062120442	0.0045227823	-0.0135967044	-0.0242787816	0.0075425421	-0.0543543851	0.0379420677	0.0174279532	-0.0343278537	-0.0414399575	-0.0373117188	0.0365890829	0.0274929039	-0.0093062626	-0.0071012669	0.0353595063	-0.0001316699	0.0223397823	0.0296245488	-0.0569103852	0.0505243679	0.0121587787	-0.0495407806	-0.0195363441	-0.0053154097	0.0507561626	-0.0125621128	0.0047933959	0.0313560522	-0.0147135507	-0.0531914282	-0.0181151835	0.0058356469	0.026351085	-0.028716366	0.0085382505	-0.0009775184	0.0332927332	-0.0049477735	0.0716110251	-0.0431809073	-0.0032001003	0.0157209529	0.0037920591	-0.0371806194	0.0338217857	0.023611745	-0.0507349912	0.0259754692	-0.0099126102	0.0149613523	0.0195804585	-0.0442236921	-0.053963714	-0.009835704	0.022401577	0.0129064234	-0.0139955427	0.0018004882	0.0111160286	-0.0253193485	0.019180526	-0.0365536819	0.0307072043	0.0257166048	-0.026742462	-0.0387460797	-0.0458969946	-0.0078498638	-0.0167720032	0.0191740218	0.0242729149	-0.0105060231	0.0075732388	0.0004867525	-0.0030315001	-0.0110295679	-0.0004234002	-0.0317825624	-0.0077152822	0.0417972809	-0.0465391172	0.0186121956	0.0223798066	-0.0476620031	0.0394872168	-0.0035938487	-0.0348222698	0.0487944286	-0.0285146833	-0.0117813266	0.0438072762	-0.0450821203	0.014710965	0.0259867497	-0.0484427166	0.0368936684	0.0005533855	-0.037611983	0.0482683442	-0.0250420933	-0.0157627911	0.0455027728	-0.059334	0.0043069	1.854938761000002e-05	0.0035205235559999	-3.67547	0.0348900000000003	13.5090797209	0.0012173121	-0.716377	-0.022816	0.000520569856	0.5131960061290001	-0.0176533	-2.109999999999959e-05	0.00031163900089	4.452099999999827e-10	-0.00247358	0.0003993999999999	6.1185980164e-06	1.5952035999999986e-07	0.00111706	0.000213645	1.2478230436e-06	4.5644186025000027e-08	0.0	0.0	0.0	0.0	0.0	0.0	0.0	0.0	0.0	0.0	0.0	0.0	0.0	0.0	0.0	0.0	0.0	0.0	0.0	0.0	0.0	0.0	0.0	0.0	0.0	0.0	0.0	0.0	0.0	0.0	0.0	0.0	0.0	0.0	0.0	0.0	0.0	0.0	0.0	0.0	0.0	0.0	0.0	0.0	0.0	0.0	0.0	0.0	0.0	0.0	0.0	0.0	0.0	0.0	0.0	0.0	0.0	0.0	0.0	0.0	0.0	0.0	0.0	0.0	0.0	0.0	0.0	0.0	0.0	0.0	0.0	0.0	0.0	0.0	0.0	0.0	0.0	0.0	0.0	0.0	0.0	0.0	0.0	0.0	0.0	0.0	0.0	0.0	0.0	0.0	0.0	0.0	0.0	0.0	0.0	0.0	0.0	0.0	0.0	0.0	0.0	0.0	0.0	0.0	0.0	0.0
55275.567888570265	24.715930563434085	3055388405.40394	610.8772236164951	67625.16272558593	396.759852539064	4573162633.661978	157418.3805868198	55831.90345253566	-51.80974598041939	3117201443.133264	2684.249778555584	56025.70677293946	56105.86676865615	0.883101	20.230841	0.0664269000000001	0.0418925	0.0033016486	-0.0027819028	-0.0127878356	0.0002083239	-0.0136969661	0.0075134815	0.0065647935	0.0209059636	-0.0072475526	-0.0056571934	-0.0213883871	-0.000723109	-0.0187416773	-0.0361272421	0.0133640229	-0.0071480073	-0.0210924846	-0.0186618859	-0.024282093	0.0019443212	0.0228464546	-0.0488903565	-0.027814558	0.0065967643	-0.0092785481	0.0063165275	-0.0399992533	-0.0125982009	-0.0068310067	-0.0001644973	-0.0237223961	-0.0060629087	-0.0088263622	0.0025850711	-0.0338944452	0.0217135807	-0.0066231044	-0.0094441792	0.0252528601	0.0207618299	0.0327967661	-0.0377151219	0.0010611105	0.0051299603	-0.0156856178	-0.0026916483	-0.0382594718	-0.0126531056	0.0381373237	-0.0130363899	-0.020255365	-0.0015439218	0.0188938344	0.0395048702	-0.0252233638	-0.016504103	0.0720509032	-0.0199123714	-0.0311099157	0.0460378725	0.0115762081	-0.0063148531	-0.0387126992	0.054269261	0.0237862966	-0.024432816	0.0389190091	-0.0745807896	0.0389858914	-0.0132307341	0.0012002934	0.050027865	-0.0255071196	-0.0079135904	-0.0284919567	-0.0083285508	-0.051397851	-0.0271534694	0.0340987379	0.0127925382	-0.0087230229	-0.0057038985	-0.0073410347	-0.0269563252	0.0092295574	0.0359585891	0.022692805	-0.019154441	-0.021708974	0.0269871866	-0.0002880845	-0.0420833604	-0.0018744666	0.0343305231	0.0304200164	-0.0108123502	-0.0470065357	0.0499542173	0.0114447665	0.0008267233	0.0378016113	-0.0315368678	0.0144990295	0.0030489989	-0.0252399454	0.0391418741	-0.0247202946	-0.0390944678	-0.0123591842	-0.0518869978	0.0526323059	-0.062033957	-0.0176085964	0.0230305147	0.0006287911	-0.0244770573	0.0495864586	0.0238575157	-0.0035289535	0.0161723151	-0.0069176847	0.0408879419	-0.0105844679	-0.0053710717	-0.0064630032	-0.0216979197	-0.01283961	-0.0114854673	0.0003803035	-0.0323900403	0.023422584	0.0047627698	-0.0076904931	0.0231450812	-0.0127429998	-0.022421413	0.0413681694	0.0258261291	-0.0063078309	0.0140820662	-0.0066767234	0.0357428259	0.0261888997	-0.0360927139	0.0170427162	0.0205721917	-0.0084861855	-0.0114231295	0.0304752253	0.0326635258	0.0368284064	0.0029191594	-0.0657945791	-0.0288049097	-0.0380299166	0.0074502477	-0.0024872731	0.0344818307	-0.0635920961	0.0009360835	0.01758568	-0.0582587509	0.0546226016	-0.0584623553	-0.0177289777	0.0071652961	-0.045640512	-0.0271814234	-0.0125437324	-0.0225037398	0.0016472419	-0.05149041	0.0137079021	0.029312032	0.0215138952	-0.0013055937	0.0150742558	0.0158179773	-0.0308349705	0.0042632205	0.0237171222	0.0429581304	0.0461486433	-0.0068082228	0.0265938248	-0.0023152646	-0.0185782042	0.0243444037	0.0323201044	-0.0261059424	-0.0345332922	-0.0302450062	-0.0250182456	0.0054536942	-0.0448937787	-0.0101364494	0.0291333597	-0.010461803	-0.0254676732	-0.0052002086	-0.0516492199	-0.0267575707	0.0200445626	-0.0182640613	0.0636885204	-0.0188582134	-0.0768812455	0.0393873295	-0.0159813576	0.0266886819	0.0203379319	-0.0177450635	-0.0024347819	0.0196369487	0.0050966789	-0.0203001681	0.0031446536	-0.0081566726	0.0141225046	-0.036247177	-0.0110327418	0.0285012332	-0.0126940854	-0.045813033	-0.0071834898	-0.0037937231	-0.0064084653	0.0016241583	-0.0198064063	-0.0024844694	-0.0100009986	0.0083304831	-0.0319226731	-0.0073507428	0.0415062691	-0.0467634234	0.0194619585	0.0213897225	-0.0473489988	0.0403419543	-0.0052471816	-0.0335008948	0.04892427	-0.0302845558	-0.009440512	0.042592707	-0.0460901072	0.0174976787	0.0232773535	-0.0478457346	0.039101947	-0.0031337753	-0.0350162597	0.0487865342	-0.0285896166	-0.0115125682	0.0435992294	-0.059617	-0.000283	8.00890000000031e-08	0.003554186689	-3.68883	-0.01336	13.607466768899998	0.0001784896	-0.714387	0.00199	3.9601000000001885e-06	0.510348785769	-0.0168912	0.0007621	0.0002853126374399	5.807964100000026e-07	-0.00259775	-0.0001241699999999	6.748305062499999e-06	1.5418188899999962e-08	0.000987452	-0.000129608	9.75061452304e-07	1.6798233664000007e-08	0.0	0.0	0.0	0.0	0.0	0.0	0.0	0.0	0.0	0.0	0.0	0.0	0.0	0.0	0.0	0.0	0.0	0.0	0.0	0.0	0.0	0.0	0.0	0.0	0.0	0.0	0.0	0.0	0.0	0.0	0.0	0.0	0.0	0.0	0.0	0.0	0.0	0.0	0.0	0.0	0.0	0.0	0.0	0.0	0.0	0.0	0.0	0.0	0.0	0.0	0.0	0.0	0.0	0.0	0.0	0.0	0.0	0.0	0.0	0.0	0.0	0.0	0.0	0.0	0.0	0.0	0.0	0.0	0.0	0.0	0.0	0.0	0.0	0.0	0.0	0.0	0.0	0.0	0.0	0.0	0.0	0.0	0.0	0.0	0.0	0.0	0.0	0.0	0.0	0.0	0.0	0.0	0.0	0.0	0.0	0.0	0.0	0.0	0.0	0.0	0.0	0.0	0.0	0.0	0.0	0.0
55317.802374220766	42.234485650500574	3060059259.513345	1783.751778162339	67445.49619140624	-179.66653417969064	4548894956.504994	32280.063504141945	55768.15012806758	-63.7533244680817	3110086568.706684	4064.486380732505	55954.04603316782	56042.392885678775	0.900089	20.620031	0.10258155	0.053625	0.0025601074	-0.004172523	-0.013643995	0.0007850388	0.0103753963	0.0142119474	-0.0079249796	0.0082311294	-0.0145139477	0.0396616595	0.0100984933	-0.0023328618	-0.0177916482	-0.0423750418	-0.0263800862	-0.0268139396	0.0154309264	0.0184400907	-0.0217861981	-0.0182195541	0.0281017676	-0.0199748609	-0.0129134929	0.0132189872	0.0263544297	-0.0323537743	0.056871405	-0.0082530599	-0.0073896308	0.0278848362	0.0051669452	-0.0037153392	0.0124442353	0.0238585854	-0.0044605655	-0.0320462476	0.0307592353	-0.0223489928	0.0338768385	0.0523146292	-0.0255395245	0.0190422615	-0.0100816601	0.0205737687	0.0286032016	-0.0110324733	-0.0156310187	0.0321222285	0.0321879918	-0.0623267295	-0.0172834168	-0.0319086082	0.0603780328	-0.0100071939	0.0183310498	-0.0089804694	0.0221670143	-0.0088767691	0.0018654543	-0.0439759474	0.0205926215	0.0766355293	0.0119174814	-0.0091974526	-0.0153860716	0.0448008729	0.0022892875	-0.0289665007	-0.0663264281	-0.0455528788	0.0423285842	-0.038227094	0.0425412795	-0.0315093888	-0.0247028748	0.0373985547	-0.0023580644	-0.0264701835	0.0246918191	0.0278422852	0.0371802739	0.04848654	0.0035569662	-0.039260916	0.0184949653	0.0209796729	0.0152388892	0.0136118742	-0.0243158433	0.0039527208	-0.0136190978	-0.016719136	0.0247579407	0.0174588763	0.0404943319	-0.0160431624	0.0004255339	-0.0282278529	-0.004454636	0.0330235683	-7.70429e-05	0.0148204622	-0.0337646437	-0.0123312082	0.0543342018	0.057223386	0.0059382306	0.0287725106	0.0008024726	0.0032325705	-0.0341272242	0.0007091402	0.0199909033	0.0172871114	0.0221138646	-0.0309597051	0.0198708894	0.0168026937	0.0183665319	-0.0210512564	0.0351497713	-0.0520274256	-0.0082466645	-0.0203832636	0.0302698443	0.0037128854	-0.0022472225	0.0132243008	0.0212380755	-0.0062465031	-0.0287269406	-0.0294551464	-0.0215081646	0.0293437301	-0.0455298478	0.0343579298	-0.0153852755	0.0237547149	-0.0144218503	-0.0254143723	0.0138449039	0.036012824	-0.0355098901	-0.0297396928	0.0545559344	0.0043029026	-0.020319332	-0.0654461493	0.0098554763	-0.032088351	0.0211738865	0.0093193648	-0.0231796419	0.0055389813	0.0332474717	-0.0328695158	-0.062289851	0.0166297733	0.044295089	-0.0089818218	-0.0451987888	-0.0178042969	0.0222395769	0.0593034528	-0.0618920178	-0.0277779537	0.0380104321	0.0363464972	-0.0124988992	-0.0134289148	0.0471227817	-0.0007825026	0.0361079999	-0.0116434899	0.0256526071	0.0620693528	0.019582166	0.0147018159	-0.0369329912	0.0239109737	0.0233750732	0.0208886948	-0.000337259	-0.0130266617	0.0277678385	-0.0060619551	-0.0183881713	0.0258872204	-0.002008009	-0.0429272167	-0.0034121876	0.0151012877	0.0103474542	-0.0358164291	0.002058661	-0.029030451	-0.0105453196	0.0247218069	0.032183712	0.0495502918	-0.0264138544	0.0069688523	-0.0285312017	0.0393615616	-0.0078851817	-0.0331626704	0.0321464135	0.069453345	-0.0122852308	0.0224093775	0.0139403786	-0.0234824406	-0.0101448099	0.0094267944	-0.0088493375	-0.0082864997	-0.0270574698	0.0513120341	-0.0187012616	-0.0281588633	-0.0166633781	0.0511516501	0.0012226528	0.007138873	0.0060421323	0.0279907781	-0.0092182591	0.0017567042	0.0245126996	-0.0227039313	-0.0025886503	0.0013925514	-0.0320623308	-0.0069857861	0.0412099568	-0.046977113	0.0203048178	0.0203887125	-0.0470030752	0.0411600588	-0.0068944842	-0.0321319892	0.0489701238	-0.0319925587	-0.0070770633	0.0412597087	-0.046950984	0.0202208511	0.0204725349	-0.0470288708	0.0411100147	-0.0068031578	-0.0322015336	0.0489698633	-0.0319226731	-0.0071683153	0.0413093142	-0.0616386	-0.0020215999999999	4.086866559999994e-06	0.00379931700996	-3.65081	0.0380199999999999	13.3284136561	0.0014455203999999	-0.705127	0.00926	8.574760000000085e-05	0.4972040861289999	-0.017435	-0.0005438	0.000303979225	2.957184400000006e-07	-0.00305794	-0.00046019	9.3509970436e-06	2.117748361000001e-07	0.000925843	-6.160900000000001e-05	8.57185260649e-07	3.795668881000001e-09	0.0	0.0	0.0	0.0	0.0	0.0	0.0	0.0	0.0	0.0	0.0	0.0	0.0	0.0	0.0	0.0	0.0	0.0	0.0	0.0	0.0	0.0	0.0	0.0	0.0	0.0	0.0	0.0	0.0	0.0	0.0	0.0	0.0	0.0	0.0	0.0	0.0	0.0	0.0	0.0	0.0	0.0	0.0	0.0	0.0	0.0	0.0	0.0	0.0	0.0	0.0	0.0	0.0	0.0	0.0	0.0	0.0	0.0	0.0	0.0	0.0	0.0	0.0	0.0	0.0	0.0	0.0	0.0	0.0	0.0	0.0	0.0	0.0	0.0	0.0	0.0	0.0	0.0	0.0	0.0	0.0	0.0	0.0	0.0	0.0	0.0	0.0	0.0	0.0	0.0	0.0	0.0	0.0	0.0	0.0	0.0	0.0	0.0	0.0	0.0	0.0	0.0	0.0	0.0	0.0	0.0
55312.93802134051	-4.864352880256774	3059521112.5526567	23.661928943662375	67445.51662109375	0.0204296875017462	4548897712.286233	0.000417372131419	55855.25193612488	87.1018080572976	3119809168.847982	7586.724966850314	56040.25707101867	56227.20039950284	0.956211	21.90572	0.17531205	0.0823314	0.0046316949	-0.0050371804	-0.0095289583	-0.0074503927	-0.0113494328	-0.0108384551	0.0004406745	-0.0523482652	0.0051350262	-0.0114082166	-0.0296195225	-0.0332279518	-0.0053874709	-0.0282092059	0.000396379	0.0094094484	-0.0202170387	0.0134610183	-0.0378932651	-0.0245255493	0.0101833851	0.0333870408	0.0034042397	0.0406792706	-0.0126881568	0.0313291984	0.0099745808	-0.0247539656	-0.0193976663	-0.0212380594	0.0320349387	0.0216387337	0.0136380489	0.0053360408	0.0230318934	0.0382131621	0.0189089588	0.0289637287	0.042295829	-0.0012073423	0.0476413521	-0.0038638206	0.038346274	0.0093660769	0.0031076653	-0.0280312766	0.0138214959	0.0257527345	-0.0661044616	0.0399993702	-0.0112222988	-0.0442918057	-0.0205401216	0.0308271542	0.0006822306	0.0043754887	-0.0095304589	0.0785518811	-0.0141282405	0.0252772786	0.0132516622	0.00947774	0.0161345875	0.0444696715	-0.0127282814	0.0274416199	0.0255641694	0.0135850738	0.0597004412	-0.0391330545	0.0565126641	-0.0064159143	-0.00618857	0.0865636698	-0.0194827925	-0.0166130942	-0.0353405633	0.0075160437	0.0036370685	0.0312288295	0.0096931234	0.0300175678	0.0238221378	-0.0168697583	-0.0545326657	-0.01868726	0.0235685303	0.0106596383	-0.0311975854	-0.0197103474	-0.0116955748	0.0083396448	-0.0358869724	0.0488176266	-0.0258153523	0.011620436	-0.0117569833	-0.0273622661	0.007576268	0.0904090697	0.0476324647	0.0064396919	-0.0169643968	-0.0245543837	0.0397341892	0.0068211552	0.0096320512	0.0468740987	-0.00124192	0.0232804142	0.0128372811	0.0104837471	0.0154670664	0.0385754678	0.0239025887	-0.0078520846	-0.0338498985	-0.0021030663	0.0312980408	0.0275827261	-0.0293901708	-0.0037546588	-0.023861698	-0.0234552765	-0.0199189777	0.0248306053	0.0301087883	0.0195429793	0.0044439523	0.0223493575	0.037095736	-0.0211711265	0.0283027066	0.0477354856	-0.0016531769	-0.0435041858	0.0093980867	0.0046702531	0.037289576	0.0015643617	0.0220155983	-0.0078489331	-0.031820533	0.0473321199	-0.0383473439	0.0416100611	0.0573670842	0.0158154539	0.0447935181	-0.0024262132	0.0323752466	-0.0599813888	0.0326206094	0.0236500115	-0.0209135244	0.0041393917	-0.0128658347	-0.0061473539	-0.0155282335	-0.0215475221	-0.0381487087	-0.0054902869	-0.0312597586	-0.0665718791	-0.0318170945	-0.0175292632	0.0298492852	-0.0339410685	0.0749391859	-0.0146595569	-0.0101359569	-0.0497062247	-0.0108303064	-0.0295888368	0.0213748575	0.0200506344	0.0181850065	0.0343565333	-0.0276369002	-0.0470097728	-0.0163250715	-0.0085542127	-0.0350261525	-0.0412668301	5.9294e-05	-0.0064325279	0.0246449171	0.0252462506	0.0446521359	0.01498702	0.0168050496	-0.0091203324	0.0081645598	-0.0424218902	-0.0351340866	-0.0860457998	0.0051053425	0.0258620433	0.0091599323	0.0353308624	0.0048787457	0.0036379971	-0.0278174063	0.0327032331	-0.0207498913	0.0050610325	0.0033816358	-0.0110869338	-0.012848183	0.0136823906	0.0123340835	-0.039322172	0.0052733991	0.0107547729	0.0209977015	-0.0202848084	0.0292404405	-0.0210041601	-0.0030516962	-0.0239102699	0.0007136026	-0.0341539019	-0.0217963075	0.0457521373	-0.0082442705	-0.0084008682	-0.0168442162	0.0195375622	-0.0107244726	-0.0071612402	-0.0221841837	0.0065403163	-0.0322015336	-0.006620433	0.0409083818	-0.0471801374	0.0211404744	0.019377288	-0.046624473	0.0419407874	-0.0085338634	-0.0307174953	0.0489319113	-0.0336352026	-0.004696647	0.0398119877	-0.0476620031	0.0228705931	0.0175837917	-0.045995879	0.0429075896	-0.0104339452	-0.029185409	0.0488170731	-0.0350162597	-0.0027655145	0.0386533201	-0.0529039	0.0087347	7.62949840900001e-05	0.0027988226352099	-3.71632	-0.0655100000000001	13.8110343424	0.0042915601	-0.683619	0.0215079999999999	0.0004625940639999	0.4673349371609999	-0.016778	0.0006569999999999	0.000281501284	4.316489999999972e-07	-0.00239506	0.0006628799999999	5.736312403600001e-06	4.3940989439999974e-07	0.00119715	0.0002713069999999	1.4331681224999998e-06	7.360748824899996e-08	0.0	0.0	0.0	0.0	0.0	0.0	0.0	0.0	0.0	0.0	0.0	0.0	0.0	0.0	0.0	0.0	0.0	0.0	0.0	0.0	0.0	0.0	0.0	0.0	0.0	0.0	0.0	0.0	0.0	0.0	0.0	0.0	0.0	0.0	0.0	0.0	0.0	0.0	0.0	0.0	0.0	0.0	0.0	0.0	0.0	0.0	0.0	0.0	0.0	0.0	0.0	0.0	0.0	0.0	0.0	0.0	0.0	0.0	0.0	0.0	0.0	0.0	0.0	0.0	0.0	0.0	0.0	0.0	0.0	0.0	0.0	0.0	0.0	0.0	0.0	0.0	0.0	0.0	0.0	0.0	0.0	0.0	0.0	0.0	0.0	0.0	0.0	0.0	0.0	0.0	0.0	0.0	0.0	0.0	0.0	0.0	0.0	0.0	0.0	0.0	0.0	0.0	0.0	0.0	0.0	0.0
55302.00569463843	-10.9323267020809	3058311833.849821	119.51576712103105	67154.8944921875	-290.6221289062523	4509779854.256834	84461.22181000235	55810.1939241568	-45.058011968074425	3114777745.851989	2030.224442515138	56000.80133317971	56194.31050819298	0.905534	20.744768	0.0984874000000002	0.0503085	0.0009022145	-0.0039387557	-0.0137609578	7.23603e-05	0.0026574627	0.0039589541	0.0038818157	0.024624382	-0.0137630002	-0.0510839968	0.0086856399	0.0062997323	-0.0175569227	-0.0359071511	-0.0181648841	-0.0104327129	-0.0016758533	-0.0150592356	-0.0101128671	0.01886394	0.007221689	-0.037206744	-0.0103159868	0.0086446235	-0.0156986129	-0.0050916972	-0.0093710181	-0.0245651043	0.0070525309	-0.0659648943	-0.018534944	0.0231196515	0.0299899946	0.0208876937	-0.0245972374	0.0004742726	0.0624908352	-0.0289325351	-0.0027777429	-0.0306794292	0.0450632338	0.0003872319	-0.0021959554	-0.0448549735	-0.0186738968	-0.0001156259	-0.0041826498	0.0184343825	0.0084890822	0.0161319114	0.028210377	0.0105401954	0.0127525815	-0.0234703917	-0.0275545436	-0.0168924857	-0.0182575568	0.0101827388	-0.0220596254	-0.022664808	0.0577799011	0.0432225321	-0.0202054868	-0.0004298357	-0.0102624051	-0.0110980891	0.0672890048	-0.0451130957	0.0335635497	0.0163773228	0.0534906454	-0.0518703912	0.0120889032	0.0070839705	-0.0573701731	0.0341743726	0.0509037306	-0.0140915435	0.019763813	0.0113498976	-0.0090123903	0.0679290798	0.0082448577	-0.0061786233	0.0501860605	-0.0250411914	0.0421216951	-0.0314277281	-0.024453054	-0.0324088345	-0.0275635813	-0.0233097689	-0.0009935043	-0.0233535529	-0.0128983002	-0.0001659212	-0.0978791938	0.0392857506	0.016476429	-0.0028919924	-0.0043221203	0.0482078262	-0.0142417844	0.0164296679	-0.0173975284	0.0287919716	0.0403190842	-0.0070744043	-0.0149681423	-0.0148910065	0.0026158995	0.0160051294	-0.0142288136	0.010234087	-0.0161257631	-0.0080121337	0.0391266053	0.0107583118	0.0029207537	0.0173870432	0.0046742159	0.0087451202	-0.0221216903	0.0087213752	-0.0658104977	-0.0138517692	0.0165414653	0.0326786286	0.0186333027	-0.0275036535	0.0019430517	-0.0572985487	-0.034702919	-0.0030514757	0.0223227747	-0.0511267791	0.0024910856	-0.0374310636	0.0066867395	0.0126808508	-0.0177791759	0.0108508773	-0.0029396821	-0.0229419962	-0.0187932779	-0.0345024295	-0.0031769429	0.0076594824	-0.0143220421	0.0002315828	0.0314383769	-0.0208870058	0.0224297497	-0.0106803342	0.0084501774	-0.0609197283	-0.0233239025	0.0421801169	0.0165034993	-0.0142778146	0.0036704017	-0.0687226497	0.0136986907	-0.0433226772	-0.013577403	-0.0544023105	0.0668813084	0.0016987128	0.0126642414	-0.0560456539	0.0091611157	0.0595445615	0.0102406286	0.0070487545	0.0027314942	0.0521034618	0.0612729528	0.0114004672	0.0054756761	0.0434423056	-0.0249965653	0.0264276944	0.0043118364	-0.0469437864	-0.0057870716	0.0217415638	-0.0322969688	-0.0016528388	-0.0094399883	-0.0065395313	-0.0575908684	-0.0816317345	-0.021519963	-0.0004225643	-0.0182172354	-0.0154009997	-0.032921938	-0.040077135	0.0374696822	0.0014954378	-0.036270956	0.0377138941	0.0181328355	-0.0028596269	0.01649105	0.0073336123	0.0163041102	-0.0088659881	-0.015928704	0.0268962859	0.0220046771	-0.0283591544	-0.0150324304	0.0173709216	-0.017801907	0.0052449762	-0.017377104	0.0066828691	0.0231899308	-0.0366765448	-0.0076618411	-0.0074203204	-0.0116360833	-0.0464128448	-0.0046340479	0.0133606669	-0.011056983	0.0037773017	-0.0124371681	-0.0149682159	-0.0181560188	0.0227522275	-0.0323402795	-0.0062547041	0.0406015827	-0.0473724506	0.0219686319	0.0183559655	-0.0462134553	0.0426834313	-0.0101634351	-0.02925942	0.0488096981	-0.0352091317	-0.0023049702	0.0382535695	-0.048220895	0.0254372825	0.0146229661	-0.0447515066	0.0444854679	-0.0140055395	-0.0259867497	0.0483292125	-0.0378471697	0.0016598739	0.0356547843	-0.049956	0.0029478999999999	8.69011440999998e-06	0.002495601936	-3.68567	0.03065	13.5841633489	0.0009394225	-0.709281	-0.025662	0.000658538244	0.503079536961	-0.016662	0.000116	0.000277622244	1.3456000000000352e-08	-0.00289459	-0.0004995299999999	8.3786512681e-06	2.4953022089999976e-07	0.00102813	-0.0001690199999999	1.0570512968999998e-06	2.856776039999999e-08	0.0	0.0	0.0	0.0	0.0	0.0	0.0	0.0	0.0	0.0	0.0	0.0	0.0	0.0	0.0	0.0	0.0	0.0	0.0	0.0	0.0	0.0	0.0	0.0	0.0	0.0	0.0	0.0	0.0	0.0	0.0	0.0	0.0	0.0	0.0	0.0	0.0	0.0	0.0	0.0	0.0	0.0	0.0	0.0	0.0	0.0	0.0	0.0	0.0	0.0	0.0	0.0	0.0	0.0	0.0	0.0	0.0	0.0	0.0	0.0	0.0	0.0	0.0	0.0	0.0	0.0	0.0	0.0	0.0	0.0	0.0	0.0	0.0	0.0	0.0	0.0	0.0	0.0	0.0	0.0	0.0	0.0	0.0	0.0	0.0	0.0	0.0	0.0	0.0	0.0	0.0	0.0	0.0	0.0	0.0	0.0	0.0	0.0	0.0	0.0	0.0	0.0	0.0	0.0	0.0	0.0
55344.235857996166	42.23016335773718	3062984442.7055087	1783.3866972211683	67703.24609179687	548.3515996093774	4583729531.366408	300689.476794163	55855.65081751692	45.45689336011856	3119853728.2483788	2066.3291539531906	56053.69814462417	56300.43968553419	0.846288	19.38751	0.1223554000000001	0.0664899	0.0029455935	-0.0005769176	-0.0072207503	0.0012121898	-0.004411981	0.0146898054	-0.0091121193	0.0342811823	0.0074339314	0.0394408117	-0.0258418415	-0.0260775441	-0.0032417596	-0.0422799826	0.0276632307	-0.0011880274	0.0018039057	-0.011432447	-0.0044628942	-0.030071229	0.0051918022	-0.0238382774	0.0157513169	0.00583773	-0.0262013511	0.0032448523	-0.0036216205	0.0096207318	0.0099924478	0.0566691073	0.022226492	-0.0204278877	0.0242660133	0.0367307083	-0.0240771223	-0.0351560724	-0.0201592018	0.0284917447	0.0219899587	0.0492148223	0.0058823054	0.0013703444	0.0024185662	-0.0214954443	-0.0016564565	0.0227888469	0.0206634899	-0.0079029893	0.0536471927	0.0133078527	-0.0107978699	-0.0056097522	0.0074766121	0.0180754228	0.0278796373	-0.005631165	0.0181325458	-0.0263424506	0.0295404467	-0.0280490415	0.0076067135	0.0272045435	-0.0032565795	-0.0049571847	-0.0412159535	-0.0054895689	-0.009679631	-0.0495856132	-0.0201222921	-0.0404738877	-0.0374016072	-0.0034173919	0.0137688304	-0.0274193619	0.0130253695	-0.0436551968	0.0031437933	0.0015185584	0.0163872857	-0.0663561167	-0.0258295841	0.0091433466	0.0076840546	0.0451966639	0.0126005105	0.0146256735	-0.0176352906	0.0099610957	-0.020730315	-0.0377225811	-0.0213132136	-0.0213158536	-0.0274399473	0.0131134183	-0.0146111982	-0.0145506653	-0.0345225404	-8.35957e-05	0.0193012717	0.0293687231	0.0174931584	-0.0393092356	-0.0080519837	-0.098561827	0.0211353614	-0.0114460379	0.0084124779	-0.0135259436	0.0253587356	0.0329434793	-0.0139909369	-0.0030672018	-0.0118547017	0.0036730713	0.029845863	-0.0049734099	0.0218859593	-0.0219281589	-0.0059130943	0.02817877	-0.0015878895	0.0053368018	0.0033801428	0.0050908619	0.061730438	0.0170811088	-0.0129317978	0.0254336258	0.0306741594	-0.027270939	-0.0313394285	0.0175214892	0.0342951551	0.0195700442	-0.0461067692	0.0018635152	0.0005634742	0.0035638162	0.0013017045	0.0041915092	-0.0297738057	-0.0164331699	0.0062011043	-0.0548696609	-0.0112883637	0.0128854854	-0.0053106829	-0.0152051734	0.0121381646	-0.0037797724	-0.0080285948	0.0460715047	-0.0271864366	0.0172000736	0.0294692506	-0.0073076895	-0.0181199858	0.0151294006	0.0246821534	-0.0359817681	0.0047220887	-0.0054833951	0.0354655515	0.0124042075	-0.0423248796	0.0408734253	-0.0119124369	0.0364901694	-0.0306395594	0.0113564948	-0.0425135984	-0.0016258082	-0.0213368579	0.0442441286	-0.0298789838	0.0098171714	0.0084949375	-0.0161377052	0.0495308634	-0.0028531762	0.0340486241	-0.0215274121	-0.0281543	-0.0198521376	0.0012045509	0.0061150608	-0.030309879	0.0058987919	0.0241264894	0.0056636674	-0.0350848144	-0.0356390481	-0.0119806986	-0.0157149466	-0.0269557614	-0.0178295835	0.0205370407	0.1063868217	-0.0088905013	0.0031472037	-0.0117938759	-0.0107785664	-0.0148950053	-0.0190083835	-0.0439767649	-0.0292432954	0.008976689	0.0555071496	-0.0087586852	0.013896555	0.0084563353	-0.033936218	0.0106048386	-0.0170886657	0.0394749079	-0.0163735056	0.0325993903	-0.012978712	-0.0456829537	-0.0268852597	0.0209738416	0.0510008296	-0.0203404934	-0.0161959528	-0.0116500476	-0.0062456805	-0.0209542576	0.024343657	0.0026241607	-0.01447409	-0.0224052437	0.003499014	-0.0324785665	-0.0058886202	0.0402895985	-0.047554009	0.0227889965	0.0173252667	-0.0457703078	0.0433873161	-0.0117813266	-0.0277598318	0.0486036939	-0.0367111306	9.22328e-05	0.0365887872	-0.0486258757	0.0279115985	0.0116021956	-0.0433014723	0.0458355703	-0.0174976787	-0.022625561	0.04750963	-0.0403941669	0.0060717052	0.0323402795	-0.0505739	-0.0006178999999999	3.81800409999997e-07	0.00255771936121	-3.73511	-0.0494400000000001	13.951046712100002	0.0024443136	-0.683102	0.026179	0.000685340041	0.466628342404	-0.0170518	-0.0003897999999999	0.0002907638832399	1.5194403999999938e-07	-0.00257904	0.0003155499999999	6.6514473216e-06	9.957180249999997e-08	0.00124515	0.00021702	1.5503985225e-06	4.7097680400000026e-08	0.0	0.0	0.0	0.0	0.0	0.0	0.0	0.0	0.0	0.0	0.0	0.0	0.0	0.0	0.0	0.0	0.0	0.0	0.0	0.0	0.0	0.0	0.0	0.0	0.0	0.0	0.0	0.0	0.0	0.0	0.0	0.0	0.0	0.0	0.0	0.0	0.0	0.0	0.0	0.0	0.0	0.0	0.0	0.0	0.0	0.0	0.0	0.0	0.0	0.0	0.0	0.0	0.0	0.0	0.0	0.0	0.0	0.0	0.0	0.0	0.0	0.0	0.0	0.0	0.0	0.0	0.0	0.0	0.0	0.0	0.0	0.0	0.0	0.0	0.0	0.0	0.0	0.0	0.0	0.0	0.0	0.0	0.0	0.0	0.0	0.0	0.0	0.0	0.0	0.0	0.0	0.0	0.0	0.0	0.0	0.0	0.0	0.0	0.0	0.0	0.0	0.0	0.0	0.0	0.0	0.0
55358.35124798728	14.11538999111508	3064547052.895535	199.24423460127176	67712.36189257812	9.115800781248254	4584963953.0714655	83.09782388340628	55864.25044578095	8.59962826402625	3120814477.868937	73.95360627943914	56049.02793842174	56471.69763627486	1.03787	23.776419	0.0919468000000004	0.0523586	0.0022439877	-0.0011834313	-0.0105668617	-0.0106779854	0.0037663035	-0.0221867146	-0.0220565023	-0.067751752	-0.0099562809	-0.0097098765	0.0203874095	0.0196125289	-0.0505889886	-0.0274944203	-0.0697288729	-0.0086904649	-0.0228916006	-0.011692753	-0.025240686	0.0323361811	-0.0148988523	0.0460337267	-0.0102209461	-0.0345419816	0.0550076907	0.0045258447	-0.0119441571	-0.002642562	-0.0061692805	0.0280728769	-0.0094361737	-0.0009646236	-0.0018377454	-0.0304641846	0.0326425502	0.0178935889	-0.00272047	0.0089740466	0.036861197	-0.0134834795	-0.0130490001	0.0437075115	-0.0227860996	0.0119384032	0.023833454	-0.0192669861	0.0150565942	-0.0286131243	0.027303248	0.0077501712	-0.0101388225	-0.0334180982	0.0181169567	0.0083686521	0.0298204418	-0.0209513339	-0.0286207055	-0.0488056273	-0.026831927	0.0529513538	-0.0084436774	-0.0114615387	0.0483494721	-0.032450109	0.0270108651	0.0143192293	0.0173107434	0.0059058972	-0.0213711332	0.0554349642	0.0268296121	-0.0444962986	-0.0021340046	0.0290952478	-0.0138336989	-0.0014624448	0.0196802033	0.0523073752	-0.0340328943	0.0041935744	0.0173662398	0.027702786	-0.0394932824	0.0237223691	-0.0149819953	-0.014766565	-0.0053230658	-0.0252843923	-0.0051888826	-0.0710772961	-0.0365294159	-0.0001354235	0.00093242	-0.0478581284	0.0048718616	0.0206588534	0.0065458342	-0.0245791003	-0.0087888921	-0.0296248567	-0.0161120293	-0.0093890817	-0.0322902101	0.0648487386	-0.0303487894	-0.0037245099	-0.0115463458	-0.0351421929	0.0193934437	0.0152934062	0.0263294329	0.0665578941	-0.0112897486	0.0273460489	-0.0299574614	0.0143490546	-0.0418955834	0.0150087441	-0.012043536	-0.0677923591	-0.006759887	0.0142254433	-0.0010116922	-0.0080166805	0.0248981137	-0.0140630559	-0.0020733221	-0.0057034736	-0.0266055434	0.0342141283	0.0138975055	0.0041867465	0.0076262772	0.0367772448	0.0071940457	0.0106386026	-0.040960897	-0.0052044451	-0.0143219475	-0.0208600596	0.0308649708	-0.0248835689	0.0272109867	-0.0135956264	-0.0065592357	0.012582909	0.0033962807	-0.0482630414	0.0154621749	-0.0225426113	-0.0257854977	0.0411430317	0.0260182902	-0.0555969311	-0.0527828134	0.0175239527	-0.0007406557	-0.0454414476	0.0138285196	0.0287637346	-0.0087754034	-0.0253999586	0.0052794891	0.024004474	0.0356213167	-0.0384103825	0.0534971902	-0.0158623713	0.0224008171	-0.0159574393	-0.0053000246	0.0230231709	-0.038032539	-0.0444997132	-0.0003807793	0.0264463363	-0.0081963741	-0.0517611171	0.0156268621	-0.012417384	-0.0171686873	-0.0312171625	-0.0188746635	-0.0472125282	-0.0404214152	0.0165127111	-0.0361046846	-0.0267909215	-0.0349444445	-0.0141453873	0.015636206	-0.0132932866	0.0126756653	-0.003470102	0.0330714169	0.0320543656	0.0340815651	-0.0496455238	0.0427911631	-0.0041595592	0.0106101176	-0.0272949572	0.0444257313	-0.0295968282	-0.0349654391	0.0466031005	0.0018196769	0.0495051675	-0.0086965619	0.0205450422	0.0080300426	-0.0246869386	-0.0132265001	0.0257288836	-0.033361601	0.0186613088	-0.0323601048	0.0137588317	0.0497270453	-0.016847042	-0.0049655269	-0.0293076522	-0.0023214008	0.0500047767	0.0051039931	0.0424005222	-0.0147898462	-0.0111151513	0.0201203649	-0.019153956	-0.0111798009	0.0294386467	-0.0326163926	-0.005522202	0.0399724692	-0.0477247713	0.0236012772	0.0162857183	-0.0452953387	0.0440518025	-0.0133856785	-0.0262208584	0.0483142525	-0.0381381307	0.0024892147	0.0348222698	-0.0488756528	0.0302845558	0.0085338634	-0.0416524399	0.046950984	-0.0208905514	-0.019122865	0.046363951	-0.0426381448	0.0104339452	0.0287391785	-0.0520152	-0.0014412999999999	2.0773456899999987e-06	0.00270558103104	-3.68971	0.0454000000000003	13.613959884099998	0.00206116	-0.702252	-0.01915	0.0003667225	0.493157871504	-0.0171164	-6.460000000000146e-05	0.00029297114896	4.173160000000189e-09	-0.00289459	-0.0003155499999999	8.3786512681e-06	9.957180249999997e-08	0.00110619	-0.00013896	1.2236563160999998e-06	1.930988160000001e-08	0.0	0.0	0.0	0.0	0.0	0.0	0.0	0.0	0.0	0.0	0.0	0.0	0.0	0.0	0.0	0.0	0.0	0.0	0.0	0.0	0.0	0.0	0.0	0.0	0.0	0.0	0.0	0.0	0.0	0.0	0.0	0.0	0.0	0.0	0.0	0.0	0.0	0.0	0.0	0.0	0.0	0.0	0.0	0.0	0.0	0.0	0.0	0.0	0.0	0.0	0.0	0.0	0.0	0.0	0.0	0.0	0.0	0.0	0.0	0.0	0.0	0.0	0.0	0.0	0.0	0.0	0.0	0.0	0.0	0.0	0.0	0.0	0.0	0.0	0.0	0.0	0.0	0.0	0.0	0.0	0.0	0.0	0.0	0.0	0.0	0.0	0.0	0.0	0.0	0.0	0.0	0.0	0.0	0.0	0.0	0.0	0.0	0.0	0.0	0.0	0.0	0.0	0.0	0.0	0.0	0.0
55347.687925244005	-10.663322743275785	3063366558.670201	113.7064519272626	67353.12945605468	-359.2324365234381	4536444047.524061	129047.94345056596	55876.87095397123	12.620508190280816	3122224707.606754	159.27722698094516	56056.016977878215	55799.63605100954	1.131612	25.923946	0.1153081000000004	0.0540565	0.0039366045	0.0005493182	-0.0029708585	-0.0008705239	0.0072185914	0.010427586	0.0001245974	-0.0020106002	0.0152856291	-0.017936586	-0.0329796179	-0.0173489116	0.0483321971	-0.0099471918	0.039493487	0.0018519032	0.0450754956	0.0099882415	-0.0177294845	-0.0429066542	-0.0115114359	-0.0179144353	0.0175051166	0.1009822623	-0.0656543907	-0.0044477706	0.0100363844	0.0360516989	0.0164814634	0.0436164922	0.0245668064	0.0117912576	0.0205455481	0.0275358264	0.0214876638	0.0231756968	-0.0051487277	0.0639838036	0.0036085685	0.0179211397	0.0233240577	-0.0015079271	-0.0220088271	-0.0218578197	-0.0042499245	0.0053628768	-0.0007729127	-0.0225243562	0.0075479396	0.0187903507	-0.0104249776	0.0180288291	0.0190635082	0.0301181858	-0.0494396051	0.0201298212	0.0136059268	0.0418853971	-0.0508797444	-0.0628318889	-0.0140649533	0.0141784389	0.0065226224	0.0233819493	0.0186027409	0.0152412228	-0.0393440116	0.0215446717	0.0134057916	0.016007604	0.043099577	-0.0018005942	-0.012435495	-0.0134660042	0.0045781322	-0.0057676963	-0.0135116262	0.0407766938	0.020822552	0.0034338372	0.0407125588	-0.0033120248	0.0368039558	-0.0427981228	0.0215176662	-0.0241205042	0.0086263764	-0.0234127827	-0.0160111248	0.0106484644	0.0484775222	-0.020713949	-0.0693049958	0.0447000876	0.015336337	-0.0233475833	0.0663411796	0.0228029672	0.028319591	-0.0509031343	-0.0461835687	0.0401654012	0.0237701521	-0.0177691318	0.0070415348	0.0392246165	-0.0098637242	0.0073067931	0.0042659841	0.0471033582	-0.0074949374	-0.0049922253	0.0137349263	0.0186758256	0.0431838115	0.0118908886	0.0128475297	-0.0167430867	0.0748219734	0.0981583053	0.0103109922	-0.0128512768	0.0250545212	0.0183795067	0.0488627219	0.0151674156	0.0184430906	0.0161592486	0.024589344	0.0203511898	0.0269196738	0.0025662138	0.0615941934	0.002629152	-0.0174404178	-0.0180773405	0.0029738595	-0.015196599	-0.0189042451	-0.0010385444	-0.0098132291	-0.0021890958	0.0309681187	-0.02065607	-0.0133381721	0.0023098029	-0.0237100046	0.0148711846	0.0277373124	0.0372962271	0.0376624937	-0.0615119935	-0.0059987578	-0.0213253405	0.0640686092	-0.0040999371	-0.0349583074	-0.0044219585	-0.0072451581	0.0188810915	-0.0165678357	0.0419202826	-0.0074660843	-0.0052062875	0.0188001312	-0.0392544531	0.0088993124	-0.0080136766	-0.010622203	0.0133322901	0.0049748147	-0.012762595	-0.0442667326	0.0096487218	0.0264968955	0.017139244	-0.025306755	0.0506253243	-0.0230903675	0.03358791	-0.0206527372	0.0003808298	0.0274276504	-0.0118217987	0.0158464987	0.0104328065	0.0283875711	-0.0111885893	0.0912028398	-0.0093583796	-0.0093941853	0.0630419183	0.0229780525	0.0664986665	0.0092927689	0.0428548101	-0.0374921057	0.000510055	-0.0068076987	0.0216129379	-0.0450365543	-0.0057317911	-0.038371605	0.0012077483	-0.0498901089	0.0080999685	-0.0142994405	0.0420845866	-0.0046717897	0.0219167201	0.006296667	-0.0073020106	-0.0132004465	0.0052288847	0.0472985258	-0.0378431423	0.0536359684	0.0210817878	-0.0434662594	-0.0199186671	-0.0175402933	-0.0240954942	-0.0058940502	-0.0631314075	-0.0242256661	-0.0135359329	-0.0127265816	0.0092450369	-0.005971617	-0.0254158076	0.0019485625	0.0107594223	-0.032753756	-0.0051554705	0.0396502352	-0.0478846987	0.0244051859	0.015237851	-0.0447888782	0.0446762873	-0.014974647	-0.0246446833	0.0479418706	-0.0394872168	0.0048802286	0.0329589289	-0.048969429	0.0325475373	0.0054305477	-0.0398119877	0.047825998	-0.0241649094	-0.0155005685	0.0449000392	-0.04456227	0.014710965	0.0248833938	-0.0639623	-0.0119471	0.00014273319841	0.00409117582129	-3.73152	-0.0418100000000003	13.924241510400002	0.0017480761	-0.72865	-0.026398	0.000696854404	0.5309308225	-0.0174739	-0.0003575	0.00030533718121	1.2780625000000014e-07	-0.00268947	0.00020512	7.233248880899999e-06	4.2074214400000025e-08	0.00124663	0.00014044	1.5540863569000002e-06	1.972339360000004e-08	0.0	0.0	0.0	0.0	0.0	0.0	0.0	0.0	0.0	0.0	0.0	0.0	0.0	0.0	0.0	0.0	0.0	0.0	0.0	0.0	0.0	0.0	0.0	0.0	0.0	0.0	0.0	0.0	0.0	0.0	0.0	0.0	0.0	0.0	0.0	0.0	0.0	0.0	0.0	0.0	0.0	0.0	0.0	0.0	0.0	0.0	0.0	0.0	0.0	0.0	0.0	0.0	0.0	0.0	0.0	0.0	0.0	0.0	0.0	0.0	0.0	0.0	0.0	0.0	0.0	0.0	0.0	0.0	0.0	0.0	0.0	0.0	0.0	0.0	0.0	0.0	0.0	0.0	0.0	0.0	0.0	0.0	0.0	0.0	0.0	0.0	0.0	0.0	0.0	0.0	0.0	0.0	0.0	0.0	0.0	0.0	0.0	0.0	0.0	0.0	0.0	0.0	0.0	0.0	0.0	0.0
55530.44395586704	182.75603062303708	3083630205.9356904	33399.766729088464	68226.14375390625	873.0142978515651	4654806691.52868	762153.9642532611	56096.30814041344	219.4371864422137	3146795786.9842157	48152.67879367487	56288.01902949572	56999.833069957385	1.283648	29.406937	0.4340339999999999	0.264332	-0.0001051674	0.0256979462	0.02702924	0.0047951113	-0.0011398732	0.0177505984	-0.0545345851	0.0624316074	0.0609060918	0.0460970827	0.045427591	-0.1039721959	-0.0194204634	0.0050959813	-0.0427240548	0.0383827213	-0.0008441368	-0.0136476037	0.0971258086	-0.096315187	-0.0830344205	-0.0014960192	0.0569548181	0.0109862882	0.042681728	-0.0048146887	-0.0139920959	-0.0351747575	-0.0296936989	0.0423702146	0.0641286038	0.0226898484	0.0002673484	-0.0439464823	-0.0378695991	0.048432504	-0.0115776919	0.0031768081	0.0084758275	0.002456668	0.0158168165	-0.0456189243	0.0066831471	-0.0262318754	-0.0806279264	0.0169431074	-0.0065691246	0.0508175421	-0.0041214642	-0.0062520275	-0.0147917527	-0.0201710905	0.0047352707	-0.0360201493	-0.068747245	-0.0405393137	-0.0020575355	-0.0159514161	0.0149436262	0.0719220424	-0.0834810714	0.0146567987	0.0344926472	-0.0201260466	-2.75063e-05	0.0270505537	0.0107685849	0.0166829551	0.0129182534	0.009342288	-0.0277234587	0.0002707204	-0.0332383111	0.012330397	-0.0163727935	-0.0473191935	-0.0237811256	-0.0014249356	0.0660214047	-0.003804541	-0.0691140998	0.0247337317	-0.0248042605	0.0349283942	-0.0171017631	-0.0233117926	-0.0504809973	0.0320313259	-0.0280970163	0.0105139612	0.0747148149	-0.0001810474	0.0385091639	-0.0410089368	0.0559036012	0.0238244053	-0.0165580953	0.0172984794	0.0333862752	-0.0358451484	0.0517330154	-0.0012474447	-0.0946855742	0.0211424181	0.0063739977	-0.0108798108	0.010803261	-0.0025526759	0.0411942403	-0.0368929015	-0.015364159	0.0074648617	-0.0150662833	-0.0979081958	0.0930095927	0.0890405793	-0.0003332429	-0.053391798	0.0242774399	-0.0374348287	0.0096834207	0.0241787782	-0.0340927455	-0.0408484788	0.0440734569	0.0510824522	0.0340078097	-0.0011412297	-0.0545359244	-0.0348716729	0.0461374573	0.0097154195	0.0022925936	0.0151890878	0.0099605406	-0.016322994	0.0497752888	-0.0177861417	-0.0003958472	0.082697081	-0.033412597	0.0312350467	-0.0470898272	0.0052431665	-0.0068901686	0.0069045502	-0.0188894209	-0.0352365068	-0.0615729839	0.043390306	0.0321302151	0.0148890938	0.0133429988	-0.0180861453	-0.0466739158	0.0939604045	-0.0024211636	-0.0265268241	0.017466131	0.0050441928	-0.0263031337	0.0047875626	-0.0163333561	-0.0015996451	0.0175226634	0.0378937187	0.0090113983	-0.0286734108	-0.0032226461	-0.0175484801	-0.0464203955	-0.0296382034	-0.0044825247	0.0546498671	0.0351867391	0.0110459244	0.0606697084	-0.0237780539	0.0194942727	-0.0338186877	-0.0113943286	-0.0376354024	-0.0012786701	0.0488768047	0.0749746982	0.0482955292	0.0038311081	-0.0389883418	-0.0428269612	-0.0356634922	0.0169351218	-0.0144380538	-0.003297584	-0.0103622662	-0.0627636285	0.0431943173	-0.0006345681	0.0050398353	0.0773045568	0.0073962318	0.0140170726	-0.0166808928	0.0654196407	0.0327287642	0.0390220019	-0.0099383346	0.0190093578	-0.0326713764	0.0304667843	-0.0180239352	-0.0663918962	-0.0702335326	0.0758054855	-0.1216017176	0.029492157	0.1086470159	-0.028040529	-0.0880647501	-0.0845211717	0.0485483631	0.0306953985	0.0138175636	0.0217812773	0.0165623033	0.0163502373	-0.0400026905	-0.0508714883	0.0517721148	-0.0654410169	-0.0155697758	-0.0335504079	0.0185273435	-0.0328906545	-0.0047884463	0.0393229378	-0.0480337549	0.0252004375	0.0141822002	-0.0442512785	0.0452602033	-0.0165464061	-0.0230335427	0.0474871876	-0.0407556328	0.0072595419	0.0310039458	-0.0489069049	0.0346923251	0.0023049702	-0.0377885739	0.0484561318	-0.0273021769	-0.0117813266	0.0431279427	-0.0461521087	0.0188678315	0.0208070951	-0.0655433	-0.0015809999999999	2.499560999999997e-06	0.00429592417489	-3.93573	-0.2042099999999997	15.4899706329	0.0417017240999999	-0.582317	0.146333	0.021413346889	0.339093088489	-0.0179248	-0.0004509	0.00032129845504	2.0331081000000054e-07	-0.00159301	0.0010964599999999	2.5376808601e-06	1.2022245315999997e-06	0.00115579	-9.084000000000002e-05	1.3358505241000002e-06	8.251905600000003e-09	0.0	0.0	0.0	0.0	0.0	0.0	0.0	0.0	0.0	0.0	0.0	0.0	0.0	0.0	0.0	0.0	0.0	0.0	0.0	0.0	0.0	0.0	0.0	0.0	0.0	0.0	0.0	0.0	0.0	0.0	0.0	0.0	0.0	0.0	0.0	0.0	0.0	0.0	0.0	0.0	0.0	0.0	0.0	0.0	0.0	0.0	0.0	0.0	0.0	0.0	0.0	0.0	0.0	0.0	0.0	0.0	0.0	0.0	0.0	0.0	0.0	0.0	0.0	0.0	0.0	0.0	0.0	0.0	0.0	0.0	0.0	0.0	0.0	0.0	0.0	0.0	0.0	0.0	0.0	0.0	0.0	0.0	0.0	0.0	0.0	0.0	0.0	0.0	0.0	0.0	0.0	0.0	0.0	0.0	0.0	0.0	0.0	0.0	0.0	0.0	0.0	0.0	0.0	0.0	0.0	0.0
55476.64619774967	-53.797758117369085	3077658273.350293	2894.1987784549515	67628.20955566406	-597.9341982421902	4573574727.704811	357525.3054275308	55936.56564880017	-159.74249161327316	3128899376.582531	25517.663626816644	56123.50784409194	57298.8936593192	1.357649	31.102205	0.3256164000000001	0.191924	-0.0023126908	0.0190030513	0.0059603279	-0.0150867285	-0.0087381239	-0.0181060199	-0.0091116027	-0.0546879963	-0.019308381	-0.0178488505	-0.0097025168	0.0833261848	-0.0408644751	-0.0123528232	-0.0022458576	0.0533091384	0.0127365061	0.0168814209	0.0083114993	-0.0521942595	-0.0448775718	0.009055365	-0.0765603743	-0.0495989878	-0.0604051375	-0.0095772669	-0.0416926959	-0.0201461311	0.0056039675	-0.07049205	-0.0156240521	0.0318215761	-0.0317200285	0.0105230734	0.0079924019	0.0750993539	0.0164545923	-0.0432190197	0.032878472	0.0035504101	-0.0056773537	0.0107671096	-0.0194257749	0.0283091726	-0.0301178692	-0.0229579178	0.0298157431	-0.0505670328	-0.027392521	-0.0103604351	-0.0491881282	-0.0066091928	0.0266221767	-0.0410812093	-0.016961098	-0.0170054881	-0.050933522	0.0494277099	0.0192803975	0.0381421184	0.0234836979	0.003683976	0.0176766214	-0.0255171821	0.0904770558	-0.0528935618	0.0107386891	-0.0637435577	-0.0046447389	-0.0066398907	-0.0391226057	0.0176985544	0.0036358881	-0.0658274934	0.0343941947	-0.0210197772	-0.000874886	0.0319036502	0.0540722514	-0.0060429279	0.0425299488	0.0252263407	0.0007402505	-0.0125629931	0.0236935409	-0.0243739975	0.0443081384	-0.0171642858	0.034785837	0.0194684463	0.0238933331	0.0149929102	0.0097656603	-0.0380998627	-0.0156512637	0.010595843	0.007548041	-0.0060976734	0.0145555564	-0.0311827421	0.0122994502	-0.0171285692	0.1115556882	-0.0228201674	0.0620933113	0.0626264375	0.006568082	0.0158207875	0.0230828461	0.0128462781	0.0328135864	0.000917024	0.0179106712	-0.0054156026	0.0460080248	0.0473078368	-0.0081840044	0.0644366234	-0.0816444943	0.0477047324	0.0077640825	0.0353717393	-0.0153746063	0.0165282974	-0.0768394797	-0.0089634248	0.0256217472	-0.0274982604	0.0151055204	0.0096763458	0.0713912072	-0.0109195434	-0.0506848953	0.0363838524	-0.0030098526	0.0062210214	-0.0091167675	0.0134981863	-0.0210091196	0.0368362209	0.0360795604	-0.0448770965	0.0316157334	0.035697038	0.0185878079	0.0366004713	-0.0374682736	-0.0176904861	-0.0246683083	-0.0216558642	0.0327012521	-0.0259795227	0.0648917531	0.0282027424	-0.0387802837	0.0011325384	0.0062160793	-0.0008098492	0.0139128104	0.0698571402	0.0585446587	-0.0287884171	0.0675222552	-0.0162555339	-0.0136554414	0.028286244	-0.0249229388	0.0284858062	-0.0560378018	0.0351432083	-0.007818176	0.0108858938	-0.0305281631	0.0378461223	0.03126158	0.0625433372	-0.0126401644	0.0122606712	-0.0145110053	0.0238822414	-0.0396949449	0.0472767042	0.025048559	0.0228019804	-0.019348993	0.017537428	0.0167531938	-0.0286039573	-0.0315505044	0.010366815	-0.0024858202	-0.0030690623	0.0184256982	0.0155332138	0.0057044002	0.0259671896	0.0056116926	0.0099398141	-0.1066736165	0.0843893585	-0.0392744279	-9.67385e-05	-0.0192704164	0.0329676629	-0.0346263671	-0.0084784109	-0.0232809729	0.024969666	0.0101991882	0.0237707163	-0.0224909548	0.0093993784	-0.0051558247	0.0713008559	-0.0552934721	0.0695221675	0.0285034595	-0.0800013185	-0.0233663478	-0.0355136089	-0.0055167969	-0.0761473336	0.0248801332	0.0288811855	0.0101587024	-0.0113225438	-0.0184860317	0.0191208992	-0.0197463996	-0.002045848	-0.0086814599	-0.0215665381	-0.0330270864	-0.0044211503	0.0389906186	-0.0481719062	0.0259867497	0.0131193052	-0.0436829132	0.0458030203	-0.0180991493	-0.0213897225	0.046950984	-0.0419407874	0.0096214501	0.0289627561	-0.0486882801	0.0367111306	-0.0008300562	-0.0355914973	0.0488381591	-0.0302845558	-0.0079884006	0.0410598248	-0.0473957345	0.0228705931	0.0165464061	-0.0565569	0.0089863999999999	8.075538495999998e-05	0.00319868293761	-3.82984	0.10589	14.6676744256	0.0112126921	-0.726136	-0.143819	0.020683904761	0.527273490496	-0.0174665	0.0004583	0.00030507862225	2.100388900000016e-07	-0.00237581	-0.0007827999999999	5.644473156099999e-06	6.127758399999999e-07	0.00105847	-9.732000000000012e-05	1.1203587409e-06	9.471182400000026e-09	0.0	0.0	0.0	0.0	0.0	0.0	0.0	0.0	0.0	0.0	0.0	0.0	0.0	0.0	0.0	0.0	0.0	0.0	0.0	0.0	0.0	0.0	0.0	0.0	0.0	0.0	0.0	0.0	0.0	0.0	0.0	0.0	0.0	0.0	0.0	0.0	0.0	0.0	0.0	0.0	0.0	0.0	0.0	0.0	0.0	0.0	0.0	0.0	0.0	0.0	0.0	0.0	0.0	0.0	0.0	0.0	0.0	0.0	0.0	0.0	0.0	0.0	0.0	0.0	0.0	0.0	0.0	0.0	0.0	0.0	0.0	0.0	0.0	0.0	0.0	0.0	0.0	0.0	0.0	0.0	0.0	0.0	0.0	0.0	0.0	0.0	0.0	0.0	0.0	0.0	0.0	0.0	0.0	0.0	0.0	0.0	0.0	0.0	0.0	0.0	0.0	0.0	0.0	0.0	0.0	0.0
55348.65167663641	-127.99452111326536	3063473242.421626	16382.597435014131	67289.20398535156	-339.0055703124963	4527836972.982252	114924.77670290084	55860.89411191369	-75.6715368864825	3120439490.9824333	5726.181494762282	56052.37175532231	56175.27698705104	1.221453	27.982111	0.1827133	0.121953	0.0038411688	0.0041699851	-0.0007772709	0.0023570965	0.0112033709	0.0150658428	0.0135839194	0.0402896959	0.0136508265	-0.0208956519	0.0011884248	-0.0279077115	0.0484217804	-0.0225385102	0.0264010084	-0.0280139221	0.0009694049	0.0041279359	-0.0125613007	0.026908624	0.0081040639	-0.0433399342	0.0246911038	0.0623647521	-0.0408266096	-0.0097922468	-0.0086181964	-0.0279365083	0.0318750088	0.0643836844	0.0090484097	0.0331878742	0.0093485227	-0.0274596826	0.0018242422	0.0165578984	0.0143754844	0.0062368684	-0.0107179108	0.0229036765	-0.0206637781	-0.0046922979	0.0085194407	0.0124483362	-0.020424722	-0.0239819359	0.058803164	-0.0101011685	0.0168810805	-0.0178208937	0.0101174767	0.0352306944	-0.0069025329	0.0143022624	0.0374195542	0.0105623197	0.047264374	0.0183835087	-0.0368107067	-0.0234410617	0.0039131425	-0.0055592485	-0.0027348571	-0.0553125998	0.0257930057	-0.036834383	0.0138164121	0.0273316615	0.0507594526	-0.0205616862	0.0016146608	-0.001411731	-0.0491444795	0.0008093665	0.0318013222	0.0144824203	-0.0079825423	0.050523475	0.040424338	0.0573354068	-0.0133150281	-0.0075115866	0.0280847499	0.0077818757	0.0231638284	0.0474933205	0.0832021543	0.0424704857	-0.0186610164	0.0250279491	-0.0175017963	-0.0166643809	-0.0263919611	-0.0182561145	-0.0219825584	-0.0372260403	-0.0318053849	-0.0217146783	0.0203599318	0.012733953	0.0239400532	0.0072713673	0.0022481598	-0.0311936753	-0.0304544936	-0.0616957006	-0.0272862283	-0.0080729898	0.0020116989	0.0244329607	-0.0157075449	0.0101965632	0.0040146092	0.0104439554	-0.0253660968	-0.0104115991	0.0436712744	-0.0223932736	0.0493162597	0.0554758195	0.013796755	0.0074939659	-0.0396050829	0.0277222583	0.0602390095	-0.0110161048	0.0332524171	0.0006044556	-0.0304238926	0.006420125	0.0207298574	-0.0142742528	0.0071607869	-0.0137242624	-0.0215476168	0.024065897	-0.0009003841	0.019031195	0.0044044554	0.0255453039	0.0148257403	-0.0532443673	-0.0114191143	-0.0330603373	0.0204595742	-0.013410266	-0.0018354912	0.0417334559	0.0276786158	-0.0263137636	-0.0038835517	-0.0206079203	-0.0467374967	-0.0245595586	0.0265671205	0.0003369354	0.0338330929	-0.0022441686	0.0438574796	0.0392729519	0.0339381206	-0.0015867309	-0.0190628028	-0.0504225293	0.0008173866	0.0205905369	0.0188706315	-0.0441756432	-0.0030632055	0.0338961443	0.0196320896	0.002548634	-0.0279382783	-0.0041519247	0.0729710475	-0.009212133	0.0119134151	0.0265219348	0.0170936861	0.0165296994	0.0231518892	0.0931425309	-0.0379985135	-0.0199852023	0.0113745035	-0.0379036563	0.0092808328	-0.0218755711	0.0026929385	0.0224902137	-0.0389446698	-0.0082777717	0.0151163341	-0.0299205646	-0.0415362495	-0.0170918538	-0.0017143304	0.0154844189	-0.0081558221	-0.0532242044	0.0294365664	-0.0182561003	-0.0182666984	-0.0290266178	-0.0247878864	0.0191571953	0.0152087357	0.0074569813	0.0067671789	0.0135351935	-0.0134886135	0.0016702568	-0.0163757846	-0.0221990305	0.0489919759	-0.024799383	0.0100727387	0.0421360128	0.0126037542	0.0101305389	-0.0155472355	0.0161105922	-0.0166492158	-0.0458352124	0.0185697589	0.0372331481	-0.0081363094	-0.0034112429	0.0307080706	-0.0062025741	0.0003768502	0.0004253538	-0.0331630496	-0.0040536034	0.0386533201	-0.048299121	0.0267638437	0.0120497088	-0.0430841775	0.0463042454	-0.0196310923	-0.0197155549	0.0463341804	-0.0430402594	0.0119602904	0.0268410355	-0.0483142525	0.0385966226	-0.0039616799	-0.0332308549	0.0489701238	-0.0330951267	-0.0041455125	0.0387098805	-0.0482838183	0.026686557	0.0121390845	-0.0677316	-0.0111747	0.00012487392009	0.00458756963856	-3.71507	0.11477	13.801745104899998	0.0131721529	-0.715331	0.0108049999999999	0.0001167480249999	0.511698439561	-0.018255	-0.0007885	0.000333245025	6.217322500000016e-07	-0.00237581	0.0	5.644473156099999e-06	0.0	0.000927698	-0.0001307719999999	8.60623579204e-07	1.7101315983999978e-08	0.0	0.0	0.0	0.0	0.0	0.0	0.0	0.0	0.0	0.0	0.0	0.0	0.0	0.0	0.0	0.0	0.0	0.0	0.0	0.0	0.0	0.0	0.0	0.0	0.0	0.0	0.0	0.0	0.0	0.0	0.0	0.0	0.0	0.0	0.0	0.0	0.0	0.0	0.0	0.0	0.0	0.0	0.0	0.0	0.0	0.0	0.0	0.0	0.0	0.0	0.0	0.0	0.0	0.0	0.0	0.0	0.0	0.0	0.0	0.0	0.0	0.0	0.0	0.0	0.0	0.0	0.0	0.0	0.0	0.0	0.0	0.0	0.0	0.0	0.0	0.0	0.0	0.0	0.0	0.0	0.0	0.0	0.0	0.0	0.0	0.0	0.0	0.0	0.0	0.0	0.0	0.0	0.0	0.0	0.0	0.0	0.0	0.0	0.0	0.0	0.0	0.0	0.0	0.0	0.0	0.0
55400.3280920009	51.67641536449082	3069196352.701344	2670.451904923383	67506.17298632812	216.9690009765618	4557083391.2600565	47075.54738476728	55934.83115668823	73.93704477454594	3128705336.5272207	5466.686589993211	56126.91121365069	56818.748074142655	1.003636	22.99217	0.2071982000000002	0.109691	-0.0009181474	0.0144707604	0.010223973	0.002537336	-0.004702706	0.017126882	0.0093527678	0.0378789188	-0.0094219326	0.0297903783	0.0081702811	-0.0070458045	-0.013182952	-0.0086733373	0.0166883898	0.0529096376	0.0223093053	0.0176737189	0.0284779413	-0.0391258521	-0.0277725092	0.0093666502	-0.0169165857	-0.0332407	-2.41711e-05	0.0424429091	0.0064245322	-0.0289825782	-0.0088308775	0.0140991812	0.0466240624	0.0025784169	0.0291449742	0.0412956885	-0.0175985206	-0.021553597	-0.0020721732	-0.0074216905	0.0120904047	-0.0372001283	0.010953899	-0.0140427493	0.0014829309	0.0006433809	-0.0355076262	-0.0049169634	-0.0688163613	0.0444178423	0.0097966161	-0.0390301746	0.0526130682	-0.0380129217	0.0024161373	0.0138101881	-0.00404756	0.0392528872	-0.0325472998	-0.0536308391	0.0026569937	-0.0076613827	-0.0276193156	-0.0204662184	0.0081001709	-0.0291536782	-0.0098840158	-0.0544606886	0.0525664785	0.0198403088	-0.0203610779	0.0108196459	0.0072647866	-0.0041786718	-0.0505903698	-0.0459312931	0.0649718124	0.02207709	0.0197770826	-0.0010414286	0.015992689	0.0332458647	-0.0677755699	-0.042737762	0.023554512	0.0156861517	0.0283552436	0.009575141	0.0081892423	-0.0240072858	0.0277315376	-0.0361794612	0.0008216552	-0.0271393911	0.0046773783	-0.0204466712	0.100922996	0.0395688862	0.0337589267	0.0205089757	0.0197472246	-0.043190001	0.0528369827	0.0304342605	0.0234862226	0.0387748426	0.0279364118	0.0094215492	-0.0064394959	0.0308630142	0.0245846258	-0.0212429875	0.0217391787	-0.027073947	0.0169046032	-0.0285946106	0.0356250552	0.0311737882	-0.009360156	0.0106638736	-0.0360152169	-0.007541518	-0.0397038397	0.0015296532	-0.0335931174	-0.0168780457	0.0236351335	0.0476814921	0.0165425129	0.032456804	0.0365387149	-0.0231041307	-0.0217634299	-0.0008925144	-0.0050714787	0.0103665216	0.0456894099	-0.0123292845	0.0191427128	-0.0041042739	0.0009351705	0.0330240373	-0.0047956297	0.08330855	-0.0189136688	0.000996799	0.0207584252	-0.0516915326	0.0291517667	-0.0521702186	-0.0036268802	0.0233253718	-0.0691243813	0.0123107356	0.006135246	-0.0206442366	0.0081982142	0.0199944747	0.0097394327	-0.0103263878	0.0116436032	-0.0069546916	0.0616911274	-0.039499258	-0.0304725624	0.006708282	0.0040194163	0.001131273	0.0075878354	-0.0419085074	-0.0497522074	0.0678597964	0.015181653	0.0193025931	0.024184139	0.0208386811	0.0375495688	-0.065954573	0.0262442662	0.0047352891	0.034492886	0.0278680185	0.0091693915	0.0111611545	-0.0021904674	-0.0032340071	-0.0306045596	0.0339133287	-0.0395576029	-0.0179469851	0.0007077239	-0.0962561568	0.0512906687	0.0175147152	0.0076170911	0.025272184	-0.0429240482	0.0415380129	-0.0217739342	-0.053936836	-0.0212540302	0.0354191473	0.0054112275	-0.0092166524	0.0079025335	0.0476719356	0.0002586651	-0.0123693639	-0.0269345869	0.0303607484	0.0179252945	-0.004907753	-0.0450035644	-0.02503932	0.0182398797	-0.010480309	-0.0063136042	0.0407692343	0.0107460715	-0.0461325011	-0.0682361096	-0.0087865813	-0.0047243944	0.0231664778	0.000109902	-0.0001136175	0.0353021133	-0.0230095132	-0.0189060668	0.0280488517	-0.0037283287	-0.0214848683	-0.012053724	-0.012948193	-0.0332985423	-0.0036858265	0.0383110855	-0.0484153707	0.0275314438	0.0109739574	-0.0424554877	0.0467634234	-0.0211404744	-0.0180134151	0.0456378354	-0.0440518025	0.0142704553	0.0246446833	-0.0477860158	0.0403419543	-0.0070770633	-0.0307174953	0.0488513503	-0.0357179449	-0.0002766972	0.0360942395	-0.0488096981	0.0302845558	0.0076241876	-0.0632375	0.0044941	2.019693481000001e-05	0.00399898140625	-3.80539	-0.0903200000000001	14.4809930521	0.0081577024	-0.653103	0.062228	0.003872323984	0.4265435286089999	-0.0176849	0.0005701	0.00031275568801	3.2501401000000054e-07	-0.00203548	0.0003403299999999	4.1431788304e-06	1.1582450889999987e-07	0.00102039	9.26919999999999e-05	1.0411957520999998e-06	8.591806863999983e-09	0.0	0.0	0.0	0.0	0.0	0.0	0.0	0.0	0.0	0.0	0.0	0.0	0.0	0.0	0.0	0.0	0.0	0.0	0.0	0.0	0.0	0.0	0.0	0.0	0.0	0.0	0.0	0.0	0.0	0.0	0.0	0.0	0.0	0.0	0.0	0.0	0.0	0.0	0.0	0.0	0.0	0.0	0.0	0.0	0.0	0.0	0.0	0.0	0.0	0.0	0.0	0.0	0.0	0.0	0.0	0.0	0.0	0.0	0.0	0.0	0.0	0.0	0.0	0.0	0.0	0.0	0.0	0.0	0.0	0.0	0.0	0.0	0.0	0.0	0.0	0.0	0.0	0.0	0.0	0.0	0.0	0.0	0.0	0.0	0.0	0.0	0.0	0.0	0.0	0.0	0.0	0.0	0.0	0.0	0.0	0.0	0.0	0.0	0.0	0.0	0.0	0.0	0.0	0.0	0.0	0.0
55377.13921819754	-23.188873803359456	3066627547.991632	537.7238682681304	67828.36034765626	322.187361328135	4600686467.451508	103804.69579958625	55847.733069768496	-87.0980869197374	3118969289.0321136	7586.07674507813	56036.99474644684	57070.74419103845	1.005405	23.0327	0.2400494	0.14085	-0.0008646041	0.0028376038	-0.0070493349	-0.0058506614	-0.0077518518	0.0056726282	0.0094947554	-0.0112881492	-0.0269223978	0.0369946737	-0.0019697387	0.0321966956	-0.0106649122	-0.0249594814	0.029271371	0.0018092671	-0.0320695282	-0.0102650252	-0.0399871822	0.0267031639	0.0114372203	0.0374860891	0.0159500188	-0.0333441455	-0.0070589634	0.0181943939	-0.0513648702	0.0444677681	-0.0748586964	0.0106386122	0.0350767672	-0.0015944697	-0.0184164713	0.0265784296	-0.0143220875	0.0066546632	-0.0171345924	0.0089831645	-0.0194084199	-0.0524731969	0.038522136	0.0399797293	0.0150972413	0.0175846512	-0.0366989362	0.0069639623	-0.0283049428	0.0092438268	-0.014951347	0.0018889269	0.0212482059	0.0016800976	0.0073084173	-0.0270221255	-0.0307523886	0.0128697822	0.0104602884	-0.0233813479	-0.0547190354	0.0067033197	0.021282354	-0.0309527236	-0.0382987019	-0.0050838676	0.0257067349	-0.0568383158	0.0184204905	-0.0003237844	-0.0530164951	0.0445282968	0.0335508789	0.0065414442	-0.037319539	0.0078190627	-0.0124405774	0.0140291915	0.0508642448	0.0520184674	-0.040116635	0.0121652682	0.0277533379	0.0058040272	-0.0334016418	-0.010303015	-0.0003266051	0.015722293	0.0212740399	0.0327154899	-0.0017530419	-0.0233204307	0.0046125819	-0.0188235215	-0.0173801184	-0.0169366558	0.0262006492	-0.0311952791	0.0814948325	-0.0335979499	-0.0045661178	-0.0275040461	-0.0264045879	-0.0224993412	-0.016314523	0.0040000593	0.0425911656	-0.044085254	0.0077894421	0.0837615702	0.0083114259	0.0155019144	-0.0229299898	0.0044593245	-0.0098880406	0.0402865584	-0.0258664595	-0.0122570067	-0.0357769223	-0.018606522	-0.0254249755	-0.0052662461	-0.0221067673	0.0501916298	0.0539821428	-0.0545289699	0.0092393096	0.0316875308	0.0098356827	-0.0303137276	0.0223076742	-0.0171880222	0.0064339965	0.0149023556	0.0134000885	-0.0243402344	0.0448107563	-0.038801947	-0.038944332	0.0197540756	0.0204144212	0.0305325536	-0.0082283658	0.0280068689	0.014873327	0.0142758964	-0.0094752228	-0.025714269	-0.001860725	-0.0052988497	-0.017188429	0.0076651983	-0.0029118775	-0.0410114595	-0.0188544775	-0.0525289533	-0.0181790794	-0.0362374648	0.0283669444	0.0207290581	-0.0309750698	0.0255155717	0.051256041	-0.0246591979	0.0040535158	0.0354639971	0.0145673893	-0.0475087692	0.0066143009	-0.0539931447	-0.0068444783	-0.0119225939	0.012304481	0.0503086598	-0.0355848379	-0.056170553	-0.0003905079	0.0153657373	-0.027728759	-0.0438989492	-0.0105212111	0.0062383404	0.0120215128	0.0090921226	-0.0379705729	-0.0203606191	0.0129250842	-0.0015588692	-0.0211979914	-0.0364604924	0.0098269864	-0.015873659	0.0271137958	0.0876963443	0.0177092483	0.0105259069	0.0316227976	0.0346256156	0.0175410965	0.0228005312	0.010302649	-0.004614467	0.062971648	0.0334305484	-0.0465309957	0.0691705791	-0.033791709	-0.0018025154	0.0132064919	-0.0195356249	0.0002451478	0.0231567159	-0.0017166379	0.005931692	-0.0250347572	0.0299624083	0.0025609913	-0.0347819922	0.0073711855	-0.0055013994	0.0395544941	-0.0156834554	0.0101604032	0.0196231427	-0.0156012274	0.0496828031	0.0156676714	0.0530276705	-0.0156598236	0.0320265823	0.04692063	0.019970928	0.0039210407	-0.0174676925	-0.0334335625	-0.0033178403	0.0379639583	-0.0485206286	0.0282892778	0.0098926005	-0.0417972809	0.0471801374	-0.022625561	-0.0162857183	0.0448631447	-0.0449733504	0.0165464061	0.0223798066	-0.047105256	0.0419407874	-0.0101634351	-0.0280629691	0.0484824465	-0.0381381307	0.0035938487	0.0332308549	-0.048969429	0.0336352026	0.0030417259	-0.0632999	-6.240000000000412e-05	3.893760000000514e-09	0.00400687734001	-3.70933	0.09606	13.7591290489	0.0092275236	-0.7404619999999998	-0.0873589999999998	0.0076315948809999	0.5482839734439998	-0.0172648	0.0004200999999999	0.00029807331904	1.764840099999997e-07	-0.00265272	-0.0006172399999999	7.036923398399999e-06	3.809852175999998e-07	0.00111441	9.402e-05	1.2419096480999998e-06	8.8397604e-09	0.0	0.0	0.0	0.0	0.0	0.0	0.0	0.0	0.0	0.0	0.0	0.0	0.0	0.0	0.0	0.0	0.0	0.0	0.0	0.0	0.0	0.0	0.0	0.0	0.0	0.0	0.0	0.0	0.0	0.0	0.0	0.0	0.0	0.0	0.0	0.0	0.0	0.0	0.0	0.0	0.0	0.0	0.0	0.0	0.0	0.0	0.0	0.0	0.0	0.0	0.0	0.0	0.0	0.0	0.0	0.0	0.0	0.0	0.0	0.0	0.0	0.0	0.0	0.0	0.0	0.0	0.0	0.0	0.0	0.0	0.0	0.0	0.0	0.0	0.0	0.0	0.0	0.0	0.0	0.0	0.0	0.0	0.0	0.0	0.0	0.0	0.0	0.0	0.0	0.0	0.0	0.0	0.0	0.0	0.0	0.0	0.0	0.0	0.0	0.0	0.0	0.0	0.0	0.0	0.0	0.0
55060.1716042326	-316.9676139649382	3031622497.087542	100468.46830262608	66981.36998535156	-846.9903623046994	4486503925.114554	717392.6738370459	55780.89747604872	-66.83559371977753	3111508523.233458	4466.996587875166	55971.18205317852	55980.97673086191	0.9912200000000002	22.707737	0.0871817	0.0350663	0.0037505435	-0.0050531597	-0.0049563385	-0.0077489084	-0.0257202496	-0.0121336994	0.0398671703	-0.0493000579	-0.0118110176	-0.0308082947	0.0135783717	-0.0195096237	0.0097919789	0.0248482585	0.0384394449	-0.0169484302	0.0077316438	0.0045408094	-0.044848546	0.0333078662	-0.0021788408	-0.0050811237	0.0349302974	0.008598482	-0.0227308545	-0.0065855535	0.0176197235	0.0012334617	0.0374761989	-0.034345169	0.0154601033	0.0656727092	0.0223675131	0.0158143555	0.0204381757	-0.0757297539	0.0122702176	0.0221813097	0.0443998115	0.0130960651	0.0301779286	0.001354874	-0.0372186554	-0.0350185929	-0.0060580543	-0.0403846532	0.03685518	0.021257493	0.0561882822	-0.0245906063	-0.0478173985	0.02074713	-0.0104818118	0.0046282799	0.035516571	-0.0024085556	0.025192039	0.0032404492	-0.0698696224	0.0014659921	-0.0554914151	0.0128074999	0.0202824083	-0.0058403138	0.033827828	-0.0317955091	0.0009374248	0.0756006487	-0.0063651613	-0.0635422897	-0.0201832005	-0.0323358811	-0.0091911273	-0.025033089	-0.0124604705	0.0101014513	-0.0328844393	0.0400282668	-0.0329663789	0.0115936187	0.0086768801	0.0166408032	-0.0157592276	0.0227554894	-0.0148414301	-0.0497952681	-0.0612116218	-0.0410118277	0.0359208305	-0.0115985238	-0.0169695868	0.0584336029	0.0063008323	-0.0100799426	0.0021386026	-0.0302234994	-0.0137630207	-0.0172114674	-0.0548360967	0.0142072639	0.0149911636	-0.0256417626	-0.04975558	-0.0070751947	0.0005771014	-0.0380710448	-0.0217640325	-0.0113167593	-0.0044415151	-0.049105794	0.018319812	0.0462889846	0.0050744867	0.0458578466	-0.0338458623	-0.0002322431	0.0045471328	-0.0335529395	0.0090804083	0.0194584951	0.0062482054	-0.0242055037	-0.0027003978	0.0417622483	-0.0319628099	0.0071985495	0.0666776348	0.0253416447	0.0188461634	0.0156893897	-0.0718542864	-0.0159415931	0.0237271984	0.0397732846	-0.0133637426	-0.0235894132	-0.0022733628	-0.012242524	-0.0345958694	0.0048632207	0.0107708262	-0.0173705652	-0.0214614571	-0.0837263443	0.0298383523	0.0508005242	-0.0092265719	0.0369049591	0.0209579154	-0.0461553407	0.0072446634	-0.0171747938	-0.0135869873	-0.0653493575	0.0110537489	0.0442767056	-0.0227563915	-0.0150370498	2.15784e-05	0.046252757	0.0316891145	0.0311909468	-0.0665522028	0.0091534348	-0.0256670698	0.0349355391	0.0263596029	0.0149289431	-0.0314141432	-0.0088845613	0.0416572477	-0.025024044	-0.0366773978	-0.0455164857	-0.0056459681	0.0050029099	0.0019855979	-0.0208821921	0.0184837948	-0.0028292497	-0.0464868865	-0.064731509	0.0072191767	0.0226299452	-0.0606659685	-0.0005496262	0.0234208226	-0.0011892084	-0.0311062936	-0.0038976309	-0.0003624627	0.0158861341	-0.053039842	-0.0575331195	0.0123183605	-0.0001485205	0.0137170931	0.0249916782	0.0301334342	-0.0334265855	0.0445547234	-0.0281847165	0.0251722396	0.0058744459	0.0576206616	0.0208325939	0.0181650702	-0.0299508587	0.0005640854	0.0090465098	-0.0085600441	-0.0046417608	-0.0165370437	0.0034128991	0.0107424757	-0.0443871796	-0.012352384	0.0402555251	0.0234026351	-0.014357877	-0.027263497	-0.0310595732	-0.031682832	-0.0024921067	0.0163690939	0.0166043524	0.0145103009	0.0327992921	0.0112508376	0.0212413268	0.0006868582	-0.0187499976	-0.0335681082	-0.0029496658	0.037611983	-0.0486148711	0.0290370768	0.0088061905	-0.0411100147	0.047554009	-0.0240846454	-0.0145349155	0.044011438	-0.0458030203	0.018782686	0.0200527028	-0.0462741461	0.0433873161	-0.0132081433	-0.0252794756	0.0478653016	-0.0403419543	0.0074419176	0.0301393805	-0.0487618127	0.0367111306	-0.0015676912	-0.0575207	0.0057792	3.339915264000006e-05	0.00330863092849	-3.72229	-0.01296	13.8554428441	0.0001679616	-0.723709	0.0167529999999997	0.0002806630089999	0.523754716681	-0.0168373	0.0004275	0.00028349467129	1.827562500000007e-07	-0.00305447	-0.00040175	9.3297869809e-06	1.6140306250000018e-07	0.00090987	-0.0002045399999999	8.278634169e-07	4.183661159999996e-08	0.0	0.0	0.0	0.0	0.0	0.0	0.0	0.0	0.0	0.0	0.0	0.0	0.0	0.0	0.0	0.0	0.0	0.0	0.0	0.0	0.0	0.0	0.0	0.0	0.0	0.0	0.0	0.0	0.0	0.0	0.0	0.0	0.0	0.0	0.0	0.0	0.0	0.0	0.0	0.0	0.0	0.0	0.0	0.0	0.0	0.0	0.0	0.0	0.0	0.0	0.0	0.0	0.0	0.0	0.0	0.0	0.0	0.0	0.0	0.0	0.0	0.0	0.0	0.0	0.0	0.0	0.0	0.0	0.0	0.0	0.0	0.0	0.0	0.0	0.0	0.0	0.0	0.0	0.0	0.0	0.0	0.0	0.0	0.0	0.0	0.0	0.0	0.0	0.0	0.0	0.0	0.0	0.0	0.0	0.0	0.0	0.0	0.0	0.0	0.0	0.0	0.0	0.0	0.0	0.0	0.0
54971.002474212655	-89.16913001994544	3021811113.0198936	7951.133748513936	66817.66605371094	-163.70393164061534	4464600496.865235	26798.97723459526	55791.922997007976	11.025520959257848	3112738671.704067	121.56211242303408	55989.69633830876	56019.46523278967	0.870503	19.942242	0.0686397500000001	0.036325	0.0036294765	0.0041091683	-0.0013568511	-0.0030939748	-0.0532949857	0.012042863	0.0676177613	0.0268100996	-0.0303781469	-0.0322900048	-0.0083444579	0.0021898891	0.0088032293	0.0213551551	0.0007566592	-0.0068483025	-0.0319706205	0.0021266328	-0.0285396032	0.0455614999	0.0177362321	-0.0349773048	0.0291329626	-0.0232007511	-0.0463813828	0.0158566581	0.0202231119	-0.0331186935	-0.0076803718	-0.0295858534	-0.0211766084	0.0078297789	0.0270382524	-0.0165848382	-0.0024675038	-0.0538243605	0.0029266585	-0.0130844017	-0.031838266	-0.0211987886	0.0415754562	-0.0097627586	-0.0132386565	0.0021540726	0.0620191331	-0.0087838219	0.0344766106	0.0007972872	-0.025279763	0.0474184899	-0.0148242538	-0.0069197504	0.0702628176	0.0542703826	-0.0002781994	0.0207679607	-0.0216675936	0.0119286341	0.0117722332	0.0325797201	-0.0031574847	-0.0168315917	-0.0174542378	0.0152132295	-0.0466318463	-0.0228250629	0.0180656802	0.0222048927	-0.0035831377	0.0080132435	0.0555131259	-0.0246619449	-0.0110943916	-0.025690284	-0.0213117144	0.01659477	0.0034074232	-0.0502087541	0.0060097563	-0.0294422276	-0.0485616495	0.0504305103	0.0117746963	-0.0085950504	-0.0059000737	0.0144034135	-0.0147283745	0.0008713825	0.0176062602	-0.0396232523	-0.0026487436	0.0177821344	-0.0391231497	0.0294835141	0.0350070817	-0.0640968134	0.0098523466	0.0334279991	0.018590729	0.0213621733	-0.0362952135	0.0404650591	0.0116065009	0.0762415263	-0.0485442268	-0.0539073595	0.0173151658	-0.0695230019	-0.0242574047	0.0085087574	-0.0101188088	0.0609207553	0.0004667478	0.028094445	-0.0444510665	-0.0201288184	0.0354585721	-0.0352242777	-0.0301965551	0.0285666727	-0.0167700749	-0.0239000512	-0.0297851352	-0.0091445375	-0.0321314337	-0.0212034455	0.0031305456	0.024929078	-0.0153297921	-0.0034310819	-0.0546881273	0.0004323164	-0.0116611098	-0.028053173	0.0058675025	-0.0459277327	0.0061331086	-0.0116852707	-0.0062237882	-0.0659876605	0.0175238091	-0.0405487669	-0.0140679475	0.0221143604	-0.0448081794	-0.0011112639	-0.0339047543	-0.0322600978	0.0774544828	0.00046229	0.0045572623	-0.0192887578	0.0115625859	0.0154851282	-0.0227192853	0.0161789024	0.0089349364	0.0169279828	-0.0230571611	-0.0455463929	0.018300726	0.0027637903	-0.0338371315	0.0017256491	-0.0128383628	-0.0529736623	0.0311801064	-0.0163387404	-0.0289310137	-0.0179044611	0.0063975111	0.008312707	0.0312976536	0.0356878159	-0.0390777789	0.0130928186	0.0666151552	0.0003766951	-0.0024979242	-0.0026957562	0.0248061815	-0.0223416045	-0.0201440233	-0.00794451	-0.0318771664	0.008124638	0.0124090886	0.0161403804	0.0346114776	-0.0310674334	-0.0540707413	0.0494897209	-0.0077688776	0.0454436683	0.0030507983	-0.0170081206	-0.0162246459	-0.0452198716	0.0168741531	-0.0285077168	0.0482481765	0.0213102949	0.0600963065	-0.0779813774	-0.0220006489	0.0871748237	0.0343021891	0.0644752648	0.0051856233	0.0068047087	-0.0128686638	0.005918463	-0.0037677084	-0.0053788246	-0.0085027772	-0.0466627324	-0.0214218012	0.00840002	0.0494878648	-0.0311132402	-0.0017507548	0.017908178	-0.0253283749	-0.0333289038	-0.0008185056	0.0189741396	0.0096274148	0.0171136715	0.0020801431	-0.0063320608	-0.0067455762	0.0249903366	-0.0337021777	-0.0025813239	0.0372552045	-0.0486980765	0.0297745756	0.0077152822	-0.0403941669	0.0478846987	-0.0255160508	-0.0127634908	0.0430841775	-0.0465391172	0.0209739336	0.0176698424	-0.0452953387	0.0446762873	-0.0161987064	-0.0223798066	0.0470030752	-0.0423169129	0.0112434423	0.0268410355	-0.0481884067	0.0394872168	-0.0061632156	-0.0523303	0.0051903999999999	2.6940252159999976e-05	0.00273846029809	-3.73056	-0.00827	13.9170779136	6.839289999999999e-05	-0.712525	0.011184	0.000125081856	0.507691875625	-0.0172688	-0.0004315	0.00029821145344	1.8619225000000118e-07	-0.00266069	0.00039378	7.0792712761e-06	1.5506268840000024e-07	0.000964497	5.462700000000002e-05	9.30254463009e-07	2.984109129000002e-09	0.0	0.0	0.0	0.0	0.0	0.0	0.0	0.0	0.0	0.0	0.0	0.0	0.0	0.0	0.0	0.0	0.0	0.0	0.0	0.0	0.0	0.0	0.0	0.0	0.0	0.0	0.0	0.0	0.0	0.0	0.0	0.0	0.0	0.0	0.0	0.0	0.0	0.0	0.0	0.0	0.0	0.0	0.0	0.0	0.0	0.0	0.0	0.0	0.0	0.0	0.0	0.0	0.0	0.0	0.0	0.0	0.0	0.0	0.0	0.0	0.0	0.0	0.0	0.0	0.0	0.0	0.0	0.0	0.0	0.0	0.0	0.0	0.0	0.0	0.0	0.0	0.0	0.0	0.0	0.0	0.0	0.0	0.0	0.0	0.0	0.0	0.0	0.0	0.0	0.0	0.0	0.0	0.0	0.0	0.0	0.0	0.0	0.0	0.0	0.0	0.0	0.0	0.0	0.0	0.0	0.0
55034.359643443735	63.35716923107975	3028780741.3639083	4014.130892975679	67066.31794824218	248.65189453124185	4497891003.134711	61827.76465397582	55859.95391267227	68.03091566429066	3120334451.1258698	4628.2054861218285	56064.13621513737	55865.76759873427	0.83147	19.048037	0.1233503	0.074606	0.0028253239	0.0042849447	0.0076415581	-0.0019528674	-0.057273115	0.0211186347	0.0581434903	0.0335028632	-0.0060133438	0.0222922302	0.0164631485	-0.0397111527	-0.0068328042	0.014552143	-0.0225591026	0.0092034792	0.0026294102	-0.0025354746	0.0028912961	-0.0004454571	0.0219965067	-0.0166748212	0.0276253333	-0.0196346596	0.0258484417	-0.0147940287	0.0053970363	0.0264439505	0.0115031404	-0.0209582065	0.049856904	-0.0195505927	0.0171316301	-0.0446161635	0.0161044843	0.0218793508	0.0105131432	-0.0072884934	-0.009659196	0.0035841138	-0.0238582624	-0.0207998655	0.0031722646	0.0152433339	-0.0379849866	0.0173338994	-0.0044403604	0.0340024287	0.0148885716	-0.0363403282	0.0040002166	0.0320681102	-0.0002837884	0.0106394932	0.0506197072	0.0076851474	-0.030585292	0.022328899	0.0454857388	-0.0116591639	-0.031971053	-0.0168708705	-0.0660689594	8.62871e-05	-0.0315553006	0.018807188	0.0041262946	-0.0051011826	-0.059149411	0.045847324	0.0281375926	0.0066243995	0.0231238105	0.0083355344	-0.0597739775	0.0403607941	-0.0117816425	-0.1123308179	0.0503279284	0.0078924432	0.0369576226	-0.052078801	0.0740141778	-0.0569451911	0.0188795013	0.0084207452	-0.0172086029	0.0310378232	0.0192398761	-0.0467457521	0.0033044683	-0.0108400106	0.0681179899	0.0381546563	-0.0083604235	0.0187093609	-0.0222004887	-0.0311720973	0.0177493108	0.0013842465	0.0457729723	0.0202822534	-0.0041666386	0.0212954367	0.0212530255	0.0348112238	0.0067984154	0.0356268122	-0.0086525424	-0.0103314197	-0.0094785812	0.0160275766	-0.0045908805	-0.0058849686	-0.0001514263	-0.0219806005	0.0169733847	-0.0282998853	-0.010666418	-0.0319974461	0.0125306944	-0.0033067012	0.0255312149	0.0127405736	-0.0123044616	0.0488209304	-0.0091867057	0.0234782217	-0.0467877886	0.0200055716	0.0215559733	-0.0130354689	-0.0042041064	-0.009967477	0.0061538877	0.0235542238	0.0162568398	0.0130628431	-0.0066089766	0.0385514322	-0.0229047346	0.0178622226	-0.0349484433	-0.0052094571	0.0280255141	-0.0198411219	-0.0184770376	0.011076312	0.0137558877	-0.0278932427	-0.0360358397	0.0248097872	0.0257138342	0.0513154414	0.0312836121	0.033284465	0.045301819	0.0422805343	-0.0178859982	-0.0283101171	-0.0205382445	-0.02356663	0.0045602342	0.0602089476	0.021272318	-0.0456530989	-0.0166348093	-0.0110105783	0.0201428051	-0.0595539845	0.0359643457	-0.0270347721	0.1182032631	0.036403637	-0.0023439891	-0.0023941835	-0.0426015075	0.0901843153	-0.0321314283	0.0425928881	0.0367810622	-0.0236611097	-0.0367014039	0.0157895151	0.0021169219	0.0374241457	-0.0303204165	0.0712118064	-0.009952686	0.0113406225	0.0140922706	-0.0180241335	0.0259578394	-0.0403280482	-0.0263804285	-0.0071964974	-0.0061027356	-0.0302329006	0.0086841174	0.0355095809	-0.0164026251	0.0153245961	-0.0097164344	0.0424983848	0.0060067527	0.0089345389	0.0189652519	-0.0236030269	0.0111973415	-0.0035053249	-0.0332985161	0.0010423718	0.0213663958	-0.040182585	-0.0082425995	-0.0327581371	-0.0418204915	0.0057698655	-0.0268216005	-0.0213905928	-0.012003026	0.0404874762	-0.0151040929	-0.0159626478	-0.0124938913	-0.0072931988	0.0097488014	0.0036250908	-0.0225098384	-0.0082542793	-0.023692932	0.0432639757	-0.0338357689	-0.0022128355	0.0368936684	-0.0487702262	0.0305015125	0.006620433	-0.0396502352	0.0481719062	-0.026918132	-0.0109739574	0.0420829549	-0.0471801374	0.0231148951	0.015237851	-0.044171958	0.0458030203	-0.019122865	-0.019377288	0.0459001824	-0.0440518025	0.014974647	0.023358459	-0.0472535125	0.0419407874	-0.0107041222	-0.0427838	0.0095465	9.113566225000012e-05	0.0018304535424399	-3.79754	-0.06698	14.4213100516	0.0044863204	-0.680517	0.0320079999999999	0.0010245120639999	0.4631033872890001	-0.0172257	4.3100000000000777e-05	0.00029672474049	1.857610000000067e-09	-0.002798	-0.00013731	7.828804000000001e-06	1.885403610000008e-08	0.000848591	-0.000115906	7.20106685281e-07	1.3434200836000011e-08	0.0	0.0	0.0	0.0	0.0	0.0	0.0	0.0	0.0	0.0	0.0	0.0	0.0	0.0	0.0	0.0	0.0	0.0	0.0	0.0	0.0	0.0	0.0	0.0	0.0	0.0	0.0	0.0	0.0	0.0	0.0	0.0	0.0	0.0	0.0	0.0	0.0	0.0	0.0	0.0	0.0	0.0	0.0	0.0	0.0	0.0	0.0	0.0	0.0	0.0	0.0	0.0	0.0	0.0	0.0	0.0	0.0	0.0	0.0	0.0	0.0	0.0	0.0	0.0	0.0	0.0	0.0	0.0	0.0	0.0	0.0	0.0	0.0	0.0	0.0	0.0	0.0	0.0	0.0	0.0	0.0	0.0	0.0	0.0	0.0	0.0	0.0	0.0	0.0	0.0	0.0	0.0	0.0	0.0	0.0	0.0	0.0	0.0	0.0	0.0	0.0	0.0	0.0	0.0	0.0	0.0
55136.93879698751	102.57915354377474	3040082019.9027467	10522.482741757312	67611.6345234375	545.3165751953202	4571333122.930886	297370.16718275327	55824.17377901354	-35.78013365872903	3116338378.109503	1280.217964636514	56020.33614935181	56490.22186643923	0.8542619999999999	19.570187	0.0926688499999998	0.0472597	0.0010385892	0.0095332739	0.0057033074	-0.0097063351	-0.05355823	0.0039726408	0.0428634992	-0.0274850355	-0.0159610416	0.0448448242	0.0158939147	0.0087412656	-0.018805596	0.0016140166	-0.030779615	0.0242448289	-0.033002946	0.0184389913	-0.0074312249	0.0018601307	0.0105157488	0.0267963243	0.0306438929	-0.0764446322	-0.0110844667	-0.0267378072	-0.025359727	-0.0058135048	-0.0253567575	-0.0364044594	0.0041675938	0.0065817687	0.006626625	0.010387675	-0.027677558	0.034546529	-0.0017201557	0.0430939968	-0.0094967062	-0.0314658364	-0.0106337429	-0.0630197987	0.0176009687	0.0118516246	-0.0081733342	0.0918859952	0.0243136192	-0.0112861515	-0.0216338751	-0.00575408	0.0600806733	0.000986612	-0.0020172067	-0.052582175	-0.0433196696	-0.0142943917	-0.005606102	0.0221660996	-0.0079300144	0.0014059134	-0.0393131395	-0.0062711368	-0.0022249003	0.0138087378	-0.0182018851	0.0227751337	0.0109888714	0.0553572633	-0.0211584408	-0.0099991254	-0.0068303168	0.0010068466	-0.050241412	-0.0079338107	-0.0495219222	-0.0092316973	0.002878856	0.0251195002	-0.0547213922	-0.0118700108	-0.0463247039	0.02524389	-0.0183427099	-0.0199912795	-0.0276807295	-0.0398509327	0.0266531263	-0.011199435	-0.0145748176	-0.0029637308	0.0485146059	0.0133434514	-0.0405280138	-0.0015783311	0.0116554539	-0.0625371091	0.011168485	0.0235760812	0.0349850964	0.0198170616	0.0080047428	-0.0258642771	-0.0077874972	-0.0205358499	0.0257617283	-0.0684172244	0.0137705109	-0.0107142753	-0.0707614956	-0.0320602133	-0.0043422565	-0.0065833444	0.0171062945	0.0076661881	-0.0047083556	-0.010429927	-0.0264597965	-0.0381734362	-0.0727159289	-0.0205701965	0.0231717741	0.0210828679	0.0020710295	-0.0142425923	-0.0418193987	0.0064602847	0.0085707486	-0.0007016386	0.0048958659	-0.0274235814	0.0371591762	-0.00025917	0.0422263807	-0.0155679101	0.031242884	0.0168766185	0.0528219848	0.0221901354	0.0110514516	-0.0060389996	-0.0831981858	-0.0369481246	0.0085847991	0.0340995537	-0.0027928891	-0.0601130222	0.0137951395	-0.0059578277	-0.0618336676	0.0124487131	0.0330629178	-0.0237540832	0.0106352954	-0.0033778952	0.009116322	0.0282345686	0.0055072429	-0.0057299268	-0.0140578118	-0.0099038459	-0.0248307399	0.0149364989	-0.0598388366	0.0215487177	-0.0004819529	0.0152007443	0.0068886682	-0.0390982554	-0.0343134804	-0.0432952007	-0.004419943	0.0058924996	-0.0414372568	-0.0279702361	-0.0288700769	-0.0260281549	0.0489691438	-0.0224086302	-0.030061807	-0.0209381237	-0.0367229826	-0.0043812199	0.0028964964	-0.019374626	0.0125635525	0.0338003188	0.0374588615	-0.0329705702	0.0281839352	-0.0121495142	-0.0279650969	0.0434258524	-0.0213193952	0.0170756716	-0.0331148704	-0.0164154775	0.030741539	0.044009112	0.0043429059	-0.0037031981	0.055038749	0.0470648555	-0.0416904425	-0.0267701168	0.038039357	0.0333923245	0.0026367172	0.0552677916	0.0110757095	0.0061129921	-0.0290566521	0.0235614764	0.0071058587	0.0051199452	-0.0284437508	-0.0255634429	-0.0263434823	-0.0232149411	0.0146077551	-0.0275408054	-0.0087750086	0.0098380736	0.0049057802	0.0614485435	-0.0141499297	0.0117624719	0.002788466	0.0052612216	-0.0183047528	0.0005632865	-0.0195332349	0.0449452222	-0.03396888	-0.0018442215	0.0365274207	-0.0488313037	0.0312176297	0.005522202	-0.0388787369	0.0484153707	-0.0282892778	-0.0091688544	0.0410094892	-0.0477247713	0.0252004375	0.0127634908	-0.0429075896	0.0467634234	-0.0219686319	-0.0162857183	0.04456227	-0.0455367808	0.0186121956	0.0197155549	-0.0459641431	0.0440518025	-0.01515017	-0.0609822	-0.0181984	0.00033118176256	0.00371882871684	-3.80328	-0.0057399999999998	14.4649387584	3.294759999999835e-05	-0.720319	-0.039802	0.001584199204	0.5188594617610001	-0.0171764	4.929999999999865e-05	0.00029502871696	2.4304899999998668e-09	-0.00256086	0.00023714	6.5580039396e-06	5.6235379600000135e-08	0.00114072	0.000292129	1.3012421184e-06	8.533935264100003e-08	0.0	0.0	0.0	0.0	0.0	0.0	0.0	0.0	0.0	0.0	0.0	0.0	0.0	0.0	0.0	0.0	0.0	0.0	0.0	0.0	0.0	0.0	0.0	0.0	0.0	0.0	0.0	0.0	0.0	0.0	0.0	0.0	0.0	0.0	0.0	0.0	0.0	0.0	0.0	0.0	0.0	0.0	0.0	0.0	0.0	0.0	0.0	0.0	0.0	0.0	0.0	0.0	0.0	0.0	0.0	0.0	0.0	0.0	0.0	0.0	0.0	0.0	0.0	0.0	0.0	0.0	0.0	0.0	0.0	0.0	0.0	0.0	0.0	0.0	0.0	0.0	0.0	0.0	0.0	0.0	0.0	0.0	0.0	0.0	0.0	0.0	0.0	0.0	0.0	0.0	0.0	0.0	0.0	0.0	0.0	0.0	0.0	0.0	0.0	0.0	0.0	0.0	0.0	0.0	0.0	0.0
55167.24072326526	30.3019262777525	3043424449.0186973	918.2067361423476	66876.68906835938	-734.9454550781229	4472491540.746019	540144.8219399892	55829.8019183692	5.628139355663734	3116966782.2443414	31.67595260677099	56018.84222615366	55607.68910213322	0.869484	19.918905	0.0484322000000002	0.0293154	0.0049625381	0.003766062	0.0109173874	-0.0084230016	-0.0504331839	0.0010421817	0.0496282522	-0.0225400763	0.0167047948	-0.0309076062	-0.0037550012	-0.022105692	0.0405302979	0.005293731	-0.0082565963	0.0180959784	0.0213235335	0.0219738751	-0.0167830863	0.0167383427	-0.0083287449	-0.0133175277	0.0307374761	-0.0042413667	-0.0162170267	-0.0135994312	0.0255947169	0.0177061661	0.0210746556	-0.0207468175	0.0287563402	-0.0137636485	-0.0161697505	0.0227088078	-0.0270545215	0.0434652383	-0.0402012961	0.0256286184	-0.1084369375	0.0279456748	0.0388202998	0.0260641209	0.0292319028	0.0016118123	0.0194128859	-0.0319571674	0.0046243874	-0.0117436637	0.0265728911	0.0276086087	0.0015949866	0.0061039201	0.0170245663	-0.0350509503	0.0128442602	0.0147678188	0.0020366012	-0.024121654	-0.0322626521	0.0305262137	0.0558286641	-0.0029242987	0.0303085856	0.0038710263	0.0013742681	-0.0004958202	8.77095e-05	0.0083433163	0.0372609747	-0.0068906768	-0.0082837012	0.0132282642	0.0522119789	0.0783297023	0.0003301263	-0.0056990804	-0.0076956441	-0.0097748819	-0.0053865331	0.0451843212	-0.0049498478	0.0316339831	-0.0013842606	0.038646095	-0.0190810915	0.0097308838	0.0003763978	0.0136578967	0.0378747932	0.0413275543	-0.0232349882	0.0108535397	-0.0095034356	0.0179001433	-0.0669956712	-0.0059581655	0.0041534059	0.0203500104	0.017376508	-0.0363882936	-0.0024959282	0.003588544	0.0305719113	0.0044021925	0.0374393715	0.0133826994	0.0201922617	0.0128833925	-0.0005822396	-0.0562793098	-0.0172164334	0.0066820062	0.0231007579	0.0183304555	-0.0166966616	0.0067896805	0.0115125521	-0.0311320035	0.0009674388	0.0120553397	0.0121688905	-0.0327946385	0.0175060848	0.0252646407	-0.0154857939	0.0361814883	-0.0115783429	-0.0163646585	0.0181967803	-0.0275499761	0.0452312901	0.0422271441	0.029953626	-0.0959411533	-0.0406372388	-0.047011327	-0.0219672612	-0.0026872453	0.0353670459	-0.0121848521	0.0394698865	-0.0121464828	0.0127548736	-0.0222637656	-0.0293728389	-0.0066184515	-0.0136815842	-0.0077502419	-0.0171234811	-0.0338991444	-0.011051805	-0.0129456544	-0.0104329005	-0.0335457172	-0.0492033328	-0.0422183825	-0.010466842	-0.0154521358	0.0049201431	-0.009526581	0.0040385719	0.0063996497	-0.0047098934	-0.0314806019	0.0022910759	0.0110297768	-0.0119012598	0.0246805248	0.0867353288	-0.0085965257	-0.0190785079	-0.0100655448	0.0225254096	-0.029751912	0.0162526806	0.0112607288	0.0305299498	-0.0028129867	0.0227465127	-0.0374733839	-0.0102748986	0.0246268731	1.81108e-05	0.0403676463	-0.0254823767	-0.0461250592	0.0183110713	0.009176814	0.0026225826	0.0586415139	-0.0214948054	-0.005358111	-0.0049369413	0.0254237118	-0.007386996	0.0315032816	-0.0012975703	-0.0188562715	-0.027647421	0.0455766939	-0.0005340679	0.0177169272	0.0001040454	0.0266415151	0.0534560534	-0.0328160418	0.020981568	-0.0301423225	0.0160084203	0.0005986156	-0.0272317248	0.0258137379	0.0064898865	-0.019291099	0.0119041843	-0.0495630335	-0.0057659026	0.0180412182	0.0045958654	-0.0115992913	-0.0218598785	-0.0374399233	-0.0074701329	0.0095427562	-0.010432482	0.0163649895	-0.0047216723	-0.0116593312	-0.0204501019	-0.00703211	-0.0163208581	0.0415096352	-0.0341015091	-0.0014755028	0.0361565084	-0.0488812951	0.0319226731	0.0044211503	-0.0380802083	0.0486148711	-0.0296279125	-0.0073507428	0.039865623	-0.0481719062	0.0272255606	0.0102536416	-0.0415062691	0.047554009	-0.0247243413	-0.0131193052	0.0429961886	-0.0467634234	0.0221333376	0.0159373271	-0.044329971	0.0458030203	-0.0194619585	-0.0633034	-0.0023211999999999	5.387969439999979e-06	0.0040073204515599	-3.80948	-0.0062000000000002	14.512137870400002	3.844000000000255e-05	-0.7158	0.004519	2.0421361000000455e-05	0.51236964	-0.0176531	-0.0004767	0.00031163193961	2.2724289000000007e-07	-0.00246432	9.654e-05	6.072873062399999e-06	9.3199716e-09	0.00100612	-0.0001345999999999	1.0122774544000005e-06	1.8117159999999978e-08	0.0	0.0	0.0	0.0	0.0	0.0	0.0	0.0	0.0	0.0	0.0	0.0	0.0	0.0	0.0	0.0	0.0	0.0	0.0	0.0	0.0	0.0	0.0	0.0	0.0	0.0	0.0	0.0	0.0	0.0	0.0	0.0	0.0	0.0	0.0	0.0	0.0	0.0	0.0	0.0	0.0	0.0	0.0	0.0	0.0	0.0	0.0	0.0	0.0	0.0	0.0	0.0	0.0	0.0	0.0	0.0	0.0	0.0	0.0	0.0	0.0	0.0	0.0	0.0	0.0	0.0	0.0	0.0	0.0	0.0	0.0	0.0	0.0	0.0	0.0	0.0	0.0	0.0	0.0	0.0	0.0	0.0	0.0	0.0	0.0	0.0	0.0	0.0	0.0	0.0	0.0	0.0	0.0	0.0	0.0	0.0	0.0	0.0	0.0	0.0	0.0	0.0	0.0	0.0	0.0	0.0
55264.26835096439	97.02762769912806	3054139356.3674045	9414.360536920603	67367.1482421875	490.459173828116	4538332662.284866	240550.20119215813	55849.67788926499	19.87597089578776	3119186520.334655	395.0542190502021	56043.41597288297	56089.34322620738	0.854688	19.579933	0.0464702000000002	0.0251031	0.0013121977	0.0067814532	0.0086810859	-0.0060359449	-0.0347065211	0.0062960982	0.0146699151	0.0206876055	0.0043618519	-0.0366567662	-0.0076927703	0.0229012039	0.0164790754	0.0060215417	-0.0422721009	0.0330030164	-0.0175709409	0.0293981108	-0.0098691936	0.0184202236	0.0071217621	-0.0324019992	-0.0143476262	-0.0386655179	0.0023269945	0.0205772927	0.0365335488	-0.0266049234	0.0033246209	3.65424e-05	-0.0448920981	0.0493545249	0.0038574968	0.0281241713	-0.0189208258	0.0246044455	0.018043685	0.0010098327	-0.027431513	-0.0168308574	-0.0139658748	0.024433733	0.0246458591	0.0079623229	-0.0560501556	-0.0050796716	0.0423392609	-0.0592147894	-0.0248170402	-0.0435497775	-0.0088079666	-0.0130409976	-0.017495954	0.0330842915	-0.0488443647	-0.0160735643	-0.0089683408	-0.0137135275	-0.0018358867	-0.0465364255	-0.0132202758	0.0166489313	-0.0159777354	0.033230228	0.0277451877	0.0295990213	-0.0393754503	0.0084888164	0.0161963285	-0.0791945239	0.0329627232	0.041720145	-0.0002465203	0.021784172	0.0061992901	-0.0122280098	0.0227727778	-0.0225704593	-0.0142034683	0.0112085424	0.069988589	-0.0548819954	0.0059984561	0.0146833039	0.0179419275	-0.0694989992	0.0201523949	0.041622639	0.0123324674	0.0008379037	-0.0299875245	0.0375741953	-0.0388721753	0.0223810939	0.0302575287	-0.0139786488	-0.0016102651	0.0516961944	-0.04353009	0.0036105934	-0.0120315027	0.0381041079	0.01437522	0.0127918494	-0.0569754472	-0.0130990537	0.0030154964	-0.0088867079	0.0464058922	-0.0044743649	-0.0361135045	-0.0024593589	0.02815003	0.0068951582	-0.0189000426	-0.0093577613	0.0332016636	0.0115030078	-0.0352246395	-0.0165765189	-0.0222004144	-0.0380001009	-0.0281496251	0.0007291342	-0.0087429215	-0.0505714992	0.0384760969	-0.0002288713	0.0283477275	-0.0214861618	0.0279776606	-0.0175913664	0.0035846892	-0.027069246	0.0122677335	0.0101907213	-0.0263058421	0.0062742377	0.022026405	0.0592553989	0.0006596125	-0.0521707111	0.0270843655	0.0270234306	0.0601802453	0.0141470035	0.010160133	0.0024071307	0.0158601729	0.0596343966	0.0156975109	0.0052846291	0.0107812369	-0.0056533185	0.0392870897	-0.0185781934	-0.0274383492	0.0096918773	-0.035027173	0.0359443465	-0.0335778264	0.0576515361	-0.0148073805	-0.0160891942	-0.0767207558	-0.0050139752	-0.0306888548	-0.0117759459	0.0194519126	0.010091073	-0.0160097119	0.0048022479	0.0284392945	-0.0315684051	-0.0091713476	-0.0069499412	-0.0749972948	0.0256367037	0.0084971769	0.0161850078	-0.0714250516	0.0146068578	-0.0489386425	0.0088354162	0.006204595	-0.0217497355	0.0278640732	0.0239338291	0.0199151523	-0.0435940838	-0.0136161013	0.0021002351	-0.0574229997	0.0281738103	0.0156779542	-0.0058517798	-0.0382649502	-0.0314107705	-0.0074315656	-0.0457570045	-0.0050697144	-0.0166418448	0.0407547073	-0.0194759212	-0.0258542122	-0.0316057786	0.0279826258	-0.0028381599	0.0140848656	0.0050902228	-0.025458027	0.0210465997	-0.0125258501	0.0164826659	-0.0242918444	-0.0045769514	-0.0141371117	-0.0185809781	0.0544755895	-0.0213364996	0.002455674	-0.0263170012	-0.0042560605	-0.0267703067	-0.0008584184	-0.0107685523	0.0031035332	-0.0164866307	-0.0237995725	-0.0050946162	0.0101693991	0.019214545	-0.0342336544	-0.0011067004	0.0357809787	-0.048920189	0.0326163926	0.0033178403	-0.0372552045	0.0487702262	-0.0309324975	-0.005522202	0.0386533201	-0.0485206286	0.029185409	0.0077152822	-0.0399724692	0.0481719062	-0.0273786964	-0.0098926005	0.0412099568	-0.0477247713	0.0255160508	0.0120497088	-0.0423632548	0.0471801374	-0.0236012772	-0.0551297	0.0081736999999999	6.680937168999999e-05	0.0030392838220899	-3.80559	0.0038900000000001	14.4825152481	1.5132100000001332e-05	-0.7271189999999998	-0.0113189999999998	0.0001281197609999	0.5287020401609998	-0.0173631	0.00029	0.00030147724161	8.41000000000012e-08	-0.00263075	-0.0001664299999999	6.920845562499999e-06	2.7698944899999993e-08	0.0010008	-5.320000000000064e-06	1.00160064e-06	2.8302400000000683e-11	0.0	0.0	0.0	0.0	0.0	0.0	0.0	0.0	0.0	0.0	0.0	0.0	0.0	0.0	0.0	0.0	0.0	0.0	0.0	0.0	0.0	0.0	0.0	0.0	0.0	0.0	0.0	0.0	0.0	0.0	0.0	0.0	0.0	0.0	0.0	0.0	0.0	0.0	0.0	0.0	0.0	0.0	0.0	0.0	0.0	0.0	0.0	0.0	0.0	0.0	0.0	0.0	0.0	0.0	0.0	0.0	0.0	0.0	0.0	0.0	0.0	0.0	0.0	0.0	0.0	0.0	0.0	0.0	0.0	0.0	0.0	0.0	0.0	0.0	0.0	0.0	0.0	0.0	0.0	0.0	0.0	0.0	0.0	0.0	0.0	0.0	0.0	0.0	0.0	0.0	0.0	0.0	0.0	0.0	0.0	0.0	0.0	0.0	0.0	0.0	0.0	0.0	0.0	0.0	0.0	0.0
55465.261234254736	200.99288329034607	3076395203.784121	40398.13913336668	67702.54490917969	335.3966669921938	4583634587.179493	112490.92422947253	55881.0026029074	31.324713642410643	3122686451.906144	981.2376847790274	56066.30202634396	56161.6919005555	0.932918	21.372101	0.0398872000000001	0.022656	0.0009180115	-0.0020503002	0.0078462973	0.0055603036	-0.0072218984	0.0272081758	-0.0115290564	0.0272094124	0.038005815	0.0198976467	-0.0293262505	-0.0101683806	0.0562775261	-0.0098437152	-0.0102075015	0.0229348459	0.0224807584	0.026451802	0.0071268861	0.0019820997	0.0134487627	-0.0408494917	-0.0149410287	-0.002530019	0.0003635775	-0.0151080526	0.0467157414	0.0235720819	0.0388644231	0.0672262389	0.0316214123	-0.0738900396	-0.0187440897	-0.0522182615	0.0335225329	-0.0331254103	-0.0100211437	0.0484429502	-0.0241937735	0.0107721901	0.004777176	-0.0272010583	0.0571628376	-0.0203672494	0.0355420671	-0.0213314221	-0.0533663704	0.0064102951	0.0183528541	0.0614703803	0.0357452754	-0.0064970604	0.0176064689	-0.0051000251	-0.0009958319	-0.0389108129	0.0661031829	0.0173641132	0.0322707747	0.0423511648	0.0311056954	0.0195631716	-0.0684389205	0.0549523592	0.0017754351	-0.0295334757	-0.0562667981	0.0177840764	-0.0435440768	0.0157563588	-0.061454243	0.0505630337	-0.0175534227	-0.0171657844	0.0055275182	0.0041903189	-0.0131523666	-0.0516204584	-0.0427787635	-0.0105356275	0.002001885	0.008012326	0.0340294346	-0.0160152925	-0.0019912451	0.0336590847	0.0053042434	-0.0036262326	-0.0127528275	0.0179094196	0.0202423216	0.0087168483	-0.0183960577	-0.0163785305	0.0060167986	0.0061804982	-0.0343592079	-0.0304501884	-0.0205807523	-0.0047591845	0.0021752549	-0.0052273285	0.0045644816	0.0046217375	0.028290596	0.012803675	-0.0041694864	-0.0496385076	-0.0284667688	0.0621879429	0.0434800873	-0.0538813078	0.0271232563	-0.0097805017	0.0008253575	-0.0155116255	0.0386692089	0.0134807074	0.0035327095	-0.0007259757	0.0153492233	-0.0509191734	0.0152837812	0.0308882297	0.0771804206	0.0360820361	-0.0664526889	-0.0197702772	-0.0487006646	0.0396695194	-0.0325183629	0.0054571578	0.0469816306	-0.0248496061	-0.0144180423	0.0019099497	0.0341346018	-0.0086646603	0.0588784156	-0.0348860894	0.0164313824	0.0446199159	0.0196990093	-0.0197659501	-0.0571738861	-0.0131422392	0.0313966785	0.0053782023	0.0029235053	-0.0141341868	0.0701354201	0.0153904929	-0.0507892614	0.0390682099	-0.0443928839	-0.0118226602	0.001663949	0.0684492364	-0.0511130433	-0.0038997619	0.0225178162	0.0429319897	0.0205865031	0.049602509	0.0368087183	0.0505924758	-0.0594273941	-0.0138607889	-0.0260382023	0.00553607	0.013566039	-0.0081509845	0.0292429783	-0.0224330378	-0.0549421165	-0.0031448457	0.0104990426	0.0276216614	-0.0109542293	-0.0032663081	0.0427052668	0.0134483292	0.0098688956	-0.0040078818	0.0096641889	-0.0067449617	0.0239986207	-0.0263372765	0.0092782572	-0.0084504961	-8.3001e-05	-0.0176616109	0.0020828591	-0.0440532359	0.0196757524	0.0028680084	-0.0016237221	0.0040133627	0.0012505077	0.037023806	-5.1988e-06	0.0065111476	-0.0216888424	-0.0567606924	-0.0227991822	0.0089280482	-0.0628566832	-0.0232006316	0.0123674179	0.001010626	-0.0176972011	0.0185416154	-0.0212344392	-0.0113565256	0.0356964156	-0.0385394389	0.0088099448	0.0366648749	-0.0288788372	0.0061537824	0.0027541756	0.0357115919	-0.0175430212	-0.0424515092	-0.0185938482	-0.0008204081	0.0003528163	-0.0244379061	-0.0156364668	0.0019370576	-0.0064607146	0.0072262543	-0.0343653138	-0.0007378352	0.0354008796	-0.0489479767	0.0332985423	0.0022128355	-0.0364042993	0.0488812951	-0.0322015336	-0.0036858265	0.0373746616	-0.0487702262	0.031075284	0.0051554705	-0.0383110855	0.0486148711	-0.0299208162	-0.006620433	0.0392127206	-0.0484153707	0.0287391785	0.0080793838	-0.0400787482	0.0481719062	-0.0275314438	-0.0573999	-0.0022702	5.15380804e-06	0.0032947485200099	-3.78605	0.0195400000000001	14.3341746025	0.0003818116	-0.731433	-0.0043140000000001	1.8610596000001304e-05	0.534994233489	-0.0173163	4.679999999999962e-05	0.00029985424569	2.190239999999964e-09	-0.00244164	0.0001891099999999	5.9616058896e-06	3.576259209999989e-08	0.00104015	3.935000000000006e-05	1.0819120225e-06	1.5484225000000046e-09	0.0	0.0	0.0	0.0	0.0	0.0	0.0	0.0	0.0	0.0	0.0	0.0	0.0	0.0	0.0	0.0	0.0	0.0	0.0	0.0	0.0	0.0	0.0	0.0	0.0	0.0	0.0	0.0	0.0	0.0	0.0	0.0	0.0	0.0	0.0	0.0	0.0	0.0	0.0	0.0	0.0	0.0	0.0	0.0	0.0	0.0	0.0	0.0	0.0	0.0	0.0	0.0	0.0	0.0	0.0	0.0	0.0	0.0	0.0	0.0	0.0	0.0	0.0	0.0	0.0	0.0	0.0	0.0	0.0	0.0	0.0	0.0	0.0	0.0	0.0	0.0	0.0	0.0	0.0	0.0	0.0	0.0	0.0	0.0	0.0	0.0	0.0	0.0	0.0	0.0	0.0	0.0	0.0	0.0	0.0	0.0	0.0	0.0	0.0	0.0	0.0	0.0	0.0	0.0	0.0	0.0
55534.55343047418	69.29219621944503	3084086624.722192	4801.408456914072	68180.49371679687	477.9488076171838	4648579723.466178	228435.06270268772	55986.944915830514	105.94231292311451	3134538001.00824	11223.773667499116	56170.01174848359	56729.89949840199	1.107909	25.380934	0.2383439000000003	0.155538	-0.0008787286	0.010834733	0.0267751937	0.0035475146	-0.0010905949	0.0118325902	-0.0442292595	-0.0308636378	0.0551401798	0.0396473839	0.0248674659	-0.0529759307	-0.0029928363	0.0352204791	-0.05826713	0.040102237	-0.0526686211	0.0390768864	0.0600290427	-0.0350039782	-0.0202692527	0.0178509016	0.0228336518	-0.0226297683	0.0748072266	0.0073398365	0.0085649722	0.0567455302	-0.0573339089	0.0398030317	0.0203406199	0.0182996352	-0.0380292256	-0.0213324434	0.0398372024	-0.0099618754	0.0020845259	0.0130366129	-0.0282005292	-0.0107315243	-0.0348375852	-0.045019814	0.001108971	-0.03499419	0.0173683484	0.047069667	-0.0080931451	-0.0315293805	0.0184718591	-0.0256953898	-0.006857869	-0.0452755177	0.0200322923	-0.0384468319	0.0195548493	0.0563696051	-0.0277305342	-0.0131079405	0.0917284576	0.0160811986	-0.0570940154	0.0137394012	0.0074642721	0.0214213546	-0.0252519777	-0.0092836296	-0.042443515	-0.0326432309	-0.047625836	-0.0242853583	-0.0075883484	0.0187153472	-0.0616976148	0.0342952364	-0.0553017823	-0.0014102426	-0.0496501171	0.0678752785	-0.0209630355	-0.025244434	-0.0254241475	0.0089050312	-0.0481165301	0.0337075164	0.0172289589	0.0413653231	-0.0126468114	-0.0021560727	0.0113925007	0.0174971061	-0.006157838	-0.0217010786	-0.0131756553	-0.020287808	-0.0012137339	0.0708783208	-0.0082844518	0.0145924796	-0.0143727477	0.0230704075	0.0034693975	-0.0261585668	0.0266670022	-0.03071909	-0.0484684558	0.0255554399	0.0023354353	0.0247716468	0.0404431957	0.0698094919	0.0058496418	0.0128361936	0.0388786628	-0.0615603529	0.0335022246	0.0228183891	-0.020099406	-0.0162866514	0.0092145498	-0.0758401548	-0.0083791138	-0.0051806188	0.0636027994	-0.0509364032	0.0391563426	0.016644256	0.0263520802	-0.0460624007	-0.0163013479	0.0405294683	-0.0122897983	-0.0005391394	0.0082538661	-0.0306372933	0.0089426194	0.0320906935	0.0432515786	-0.0365609953	0.0034212323	-0.0248632362	-0.0438216904	-0.0081885179	0.0310953468	0.0041067287	0.0197428623	0.0059928375	-0.0012753662	-0.0672231854	-0.0408104448	-0.0209168151	-0.0597080034	0.0126138779	0.0079407625	0.0783286289	0.0004919209	0.0577296873	-0.0323385789	-0.001550587	-0.0138748346	-0.0264428974	0.0055861134	0.0316660249	0.0338187788	0.0440865546	-0.0407669147	0.0243186706	-0.0111101975	-0.0619353502	0.0085740368	-0.0509606447	0.011800467	-0.037594019	-0.0870165064	-0.0067210836	-0.0098298671	-0.0072806984	0.0069262964	-0.0673121304	0.0297120205	0.0010209929	0.0351923223	0.0101677829	0.0076736868	0.0180118933	-0.0035185239	-0.0081777114	-0.0151989378	-0.0247794138	0.0053218707	0.002868497	0.0468248321	-0.0503566331	0.0055739491	0.013562344	0.0051524143	-0.0261119097	0.0065423656	0.015651399	-0.0365822825	-0.0482573368	-0.0497636508	-0.0115726522	0.0113953349	0.0137673216	-0.0662012313	-0.0085411614	7.468e-05	-0.0198342727	0.036419333	-0.0356568009	-0.0662031649	-0.0328585034	0.0187429443	-0.077343405	0.000652822	0.0566529117	-0.0169413455	-0.0321231561	-0.0154178762	0.0476286982	0.0380327896	0.00353038	-0.0050431927	0.086938695	0.0289384037	0.0022094282	-0.0208954478	0.0077882873	-0.006184658	-0.0093643549	0.0007592967	0.0260073283	-0.0344964857	-0.0003689281	0.0350162597	-0.0489646519	0.03396888	0.0011067004	-0.035528084	0.0489479767	-0.0334335625	-0.0018442215	0.0360318425	-0.048920189	0.0328906545	0.0025813239	-0.0365274207	0.0488812951	-0.0323402795	-0.0033178403	0.0370147062	-0.0488313037	0.0317825624	0.0040536034	-0.0374935883	0.0487702262	-0.0312176297	-0.0559165	0.0014833999999999	2.2004755599999875e-06	0.00312665497225	-3.86499	-0.0789400000000002	14.938147700100002	0.0062315236	-0.61674	0.114693	0.013154484249	0.3803682275999999	-0.0181235	-0.0008072	0.00032846125225	6.515718400000015e-07	-0.00244164	0.0	5.9616058896e-06	0.0	0.0009828	-5.735000000000007e-05	9.6589584e-07	3.2890225000000077e-09	0.0	0.0	0.0	0.0	0.0	0.0	0.0	0.0	0.0	0.0	0.0	0.0	0.0	0.0	0.0	0.0	0.0	0.0	0.0	0.0	0.0	0.0	0.0	0.0	0.0	0.0	0.0	0.0	0.0	0.0	0.0	0.0	0.0	0.0	0.0	0.0	0.0	0.0	0.0	0.0	0.0	0.0	0.0	0.0	0.0	0.0	0.0	0.0	0.0	0.0	0.0	0.0	0.0	0.0	0.0	0.0	0.0	0.0	0.0	0.0	0.0	0.0	0.0	0.0	0.0	0.0	0.0	0.0	0.0	0.0	0.0	0.0	0.0	0.0	0.0	0.0	0.0	0.0	0.0	0.0	0.0	0.0	0.0	0.0	0.0	0.0	0.0	0.0	0.0	0.0	0.0	0.0	0.0	0.0	0.0	0.0	0.0	0.0	0.0	0.0	0.0	0.0	0.0	0.0	0.0	0.0
55473.82494648075	-60.72848399342911	3077345254.19279	3687.948768140176	67119.18516015625	-1061.3085566406226	4504985016.563339	1126375.8523986016	55967.79816134248	-19.14675448803609	3132394431.0287704	366.5982074251304	56150.74198865664	56590.674701007	1.117889	25.609571	0.2376416	0.144352	-0.00327935	0.0027780695	0.0102584221	0.0003025779	0.0095127172	0.0004416029	-0.0094900561	0.0035137421	0.0106395401	-0.076060096	-0.0075667203	0.0539836154	0.0222817229	0.0341733618	-0.0103351051	0.0448462537	0.0228458309	0.0017636888	0.0148412022	0.0230992041	0.0183399113	-0.0073220337	-0.0596953803	0.0196858466	0.0217533132	-0.0135954252	0.0199121424	0.034842191	-0.0200604545	-0.0545402954	-0.0025045439	0.0500297382	0.000803693	0.0257667742	0.0364128099	0.0055812353	0.0237808388	0.0349660553	-0.0475880779	-0.0210055347	0.0166962023	0.0264874206	0.0274304956	-0.0012671304	0.0148909399	0.0239178709	0.0096791001	-0.008536915	0.0438786078	0.032070315	0.0028015452	-0.0008563789	-0.0255614198	0.0244352583	0.0140614398	0.0055517392	0.0282368302	-0.0206861594	0.0316542283	-0.0075649358	-0.0008267662	-0.0235001819	-0.0379382146	-0.0657016918	0.0096912803	0.0020681678	0.007144596	-0.0447696859	0.0225176565	0.0142375211	-0.0047654248	-0.0432334482	-0.0201477358	-0.0022481703	0.0227158319	-0.0293834456	-0.0218243015	-0.0415942458	0.0566574985	-0.0288395051	0.0189733155	0.0014372055	-0.0320890727	-0.0170310431	-0.0255452114	0.0424787628	-0.0211034048	-0.0339400566	0.0348110192	-0.0057497426	0.0445167999	0.0891025608	-0.004583639	0.0001328838	0.0005883824	-0.025331834	-0.0412747889	-0.0353107537	-0.0041643907	-0.0123061268	0.0007034989	0.0176252071	0.0586166118	0.0391817539	0.014827927	-0.0085808922	0.0026556153	-0.0540036197	0.0346528928	0.0066698805	0.0652542966	0.0159610029	0.0029523402	-0.0131146365	-0.0230117381	-0.018245093	0.0089506996	0.0649254398	0.0164648233	-0.008295374	0.0112987414	-0.018627651	0.0379916895	-0.0111159001	-0.0578390683	-0.0063719998	0.0521661004	0.0014783395	0.0283591811	0.0352369673	0.0076394377	-0.0264728431	0.0330840253	-0.047870653	0.0172196029	-0.0216379118	-0.0226340725	-1.38099e-05	0.0350574841	-0.0120294742	-0.0117164845	-0.0134181391	0.0145985637	-0.0340696266	-0.0352851864	0.0009226165	0.0026192845	-0.0051042746	0.0015957183	0.0266928848	-0.0345004418	0.0411871385	-0.0345344512	0.0184325089	0.0117504834	0.008716734	0.0619707187	0.017739199	0.0388401507	0.0233646666	0.0010896937	-0.0289605537	0.0377072323	-0.0223678887	0.0135083136	0.0056741903	0.0339729077	0.0002171317	-0.011403243	0.017747211	-0.0319149097	-0.0378464611	0.0265626976	0.0478520591	-0.0052721842	0.0289949508	-0.0220024684	-0.0172804622	-0.0280012059	-0.0133210905	0.03282527	-0.0207052368	0.0272827134	0.0130007665	-0.0529208779	0.0371509092	0.0805865562	0.0084982555	-0.0240188431	0.0056237376	-0.0583335278	-0.0072889988	0.0149522858	-0.0319202144	0.0167599591	0.0097575547	-0.0309708668	-0.0061012673	-0.0501916789	0.0270652226	0.0270746031	-0.0147680353	0.0706945562	-0.011064007	-0.0255849874	0.0425799711	-0.0443194941	-0.0278339308	0.0171727736	-0.0043813848	-0.031453242	0.0155262362	-0.0390087231	0.046887283	-0.0293061607	0.0237613056	0.0128609715	-0.0034251693	0.0132063248	-0.000530657	-0.0015267189	-0.039070965	-0.0078760815	-0.0369978048	0.0128619442	-0.0106894381	0.0183614183	-0.021689265	-0.0021800117	-0.0089123807	0.0231551355	-0.0277006673	-0.0346271681	-0.0	0.0346271681	-0.0489702107	0.0346271681	0.0	-0.0346271681	0.0489702107	-0.0346271681	-0.0	0.0346271681	-0.0489702107	0.0346271681	-0.0	-0.0346271681	0.0489702107	-0.0346271681	-0.0	0.0346271681	-0.0489702107	0.0346271681	0.0	-0.0346271681	0.0489702107	-0.0346271681	-0.0569991	-0.0010825999999999	1.1720227599999917e-06	0.0032488974008099	-3.79728	0.0677099999999999	14.4193353984	0.0045846440999999	-0.724052	-0.107312	0.011515865344	0.524251298704	-0.0173482	0.0007752999999999	0.00030096004324	6.010900899999994e-07	-0.00274598	-0.0003043399999999	7.5404061604e-06	9.262283559999984e-08	0.0011339	0.0001510999999999	1.28572921e-06	2.2831209999999982e-08	0.0	0.0	0.0	0.0	0.0	0.0	0.0	0.0	0.0	0.0	0.0	0.0	0.0	0.0	0.0	0.0	0.0	0.0	0.0	0.0	0.0	0.0	0.0	0.0	0.0	0.0	0.0	0.0	0.0	0.0	0.0	0.0	0.0	0.0	0.0	0.0	0.0	0.0	0.0	0.0	0.0	0.0	0.0	0.0	0.0	0.0	0.0	0.0	0.0	0.0	0.0	0.0	0.0	0.0	0.0	0.0	0.0	0.0	0.0	0.0	0.0	0.0	0.0	0.0	0.0	0.0	0.0	0.0	0.0	0.0	0.0	0.0	0.0	0.0	0.0	0.0	0.0	0.0	0.0	0.0	0.0	0.0	0.0	0.0	0.0	0.0	0.0	0.0	0.0	0.0	0.0	0.0	0.0	0.0	0.0	0.0	0.0	0.0	0.0	0.0	0.0	0.0	0.0	0.0	0.0	0.0
55460.71666614428	-13.10828033646976	3075891093.122334	171.82701337947978	67912.22779589843	793.042635742182	4612070684.202	628916.6221049072	56022.35483974553	54.5566784030525	3138504241.7903595	2976.431158374095	56222.85424038119	56665.9302956321	0.942989	21.602818	0.0852963999999998	0.0422492	-0.000839793	0.0044055755	0.0112308891	0.0030706804	0.0101215472	0.0232778119	-0.0062975191	0.0410941066	0.0238411164	0.0573837298	-0.0247273795	-0.0031914599	0.0371427489	0.0111741889	0.0128839778	0.0321532383	-0.0070565876	-0.0047772236	0.0702721171	-0.0146069596	0.0223375294	0.0061315659	0.005464659	-0.0021954237	0.009306595	0.0149495525	-0.0056633249	-0.0337270813	-0.0246477299	-0.030415084	0.0449516962	0.0016360402	-0.0153369932	-0.0465696864	-0.0444170625	-0.0349244756	-0.0175995581	-0.0159461173	2.00031e-05	0.0445648719	0.019028008	-0.0118051579	0.0049820802	0.0202547943	0.0708243647	-0.0262664499	-0.0092460788	0.0020425369	-0.0352623366	-0.0164557145	-0.0574296767	0.0314843254	-0.0602883528	-0.0316846382	0.0201038261	-0.0386218525	0.0005196732	0.0023657979	-0.0080691886	-0.0156061383	-0.0217241285	-0.0328834833	-0.0001690396	0.0809683365	0.00010587	0.0206755101	-0.0212207618	0.0136200256	1.18531e-05	-0.0265673437	-0.0428889537	0.0470004884	0.0541010647	0.0203167194	0.0115753247	-0.0458428013	-0.0400459087	-0.0008890464	-0.0197538463	-0.0187478044	-0.0022348728	-0.064297857	0.0244578371	-0.0137704249	0.0537786845	-0.0054896686	-0.0196614629	-0.0337999184	-0.0666176562	-0.0466630763	-0.0247356554	0.0083903209	0.0315466253	-0.017139371	0.0166904431	-0.0097172231	-0.0159119788	0.0207598532	-0.0022127553	-0.0159717524	-0.0141924339	0.0424660424	-0.0408094496	0.0013682225	-0.0252455235	-0.025891219	0.0013491333	-0.0721699537	-0.0235036253	0.014234158	0.0229555725	-0.0162030906	-0.0070944928	-0.070728732	0.0126947191	-0.0195474976	-0.0088617977	-0.0059005415	-0.0016976619	-0.0044359426	-0.0141963354	0.008221607	-0.0261221458	-0.0283694433	-0.0298262369	0.0474263569	0.006903576	-0.0137269196	-0.0494336229	-0.0411325649	-0.0319673178	0.0158815549	-0.0149556547	0.0009184269	-0.0399633198	-0.0113437815	0.0135772032	0.0277156634	-0.0007751548	-0.0612134322	0.0381400904	0.0105438839	-0.0207423586	0.0226831218	0.0311603029	0.0695534273	0.0020113409	0.0702442036	-0.0419309362	-0.0172809986	0.0213972105	0.0232538532	0.0119209278	-0.0062633257	0.0243580975	0.003804456	-0.0044320966	-0.018868506	-0.0754073224	-0.01493451	-0.0175261664	0.0220261723	-0.0170963154	0.0017184543	-0.0021961547	0.0435561216	-0.0668798814	0.0484849635	0.0297276848	0.007896656	-0.031535606	-0.0520478598	-0.0100390949	0.0047406197	-0.0107999934	-0.0451410658	-0.0365712227	0.0198734484	0.0135972969	0.060681386	0.0125983625	-0.0299794912	0.0156690954	-0.0644180285	0.0170798194	0.0148825213	-0.0290722912	0.0134999019	-0.0384978881	-0.0199225005	-0.0158493585	-0.0043551316	-0.020384011	0.0022731801	-0.005407134	0.0131810403	-0.039132322	-0.0033399419	0.0530218688	-0.0117398226	0.004108366	-0.0045354742	0.0171786482	-0.0786618973	0.0132686848	0.0168451514	-0.0271365663	-0.0501904204	0.0204908404	-0.0080260339	-0.0333725049	0.0013958979	-0.0201590037	-0.0263307234	0.0391352742	-0.0048130475	0.0324787745	-0.0050865298	-0.0200072718	0.0269725148	0.0321920036	0.045093965	-0.0065141635	0.007484331	-0.0011278625	-0.014601481	0.0132132463	0.0018905828	0.0150148898	0.0144767856	0.0158434075	-0.0180465258	-0.0347573591	0.0003689281	0.0342336544	-0.0489646519	0.0352731729	-0.0011067004	-0.0337021777	0.0489479767	-0.0357809787	0.0018442215	0.0331630496	-0.048920189	0.0362806612	-0.0025813239	-0.0326163926	0.0488812951	-0.036772107	0.0033178403	0.0320623308	-0.0488313037	0.0372552045	-0.0040536034	-0.03150099	0.0487702262	-0.0377298441	-0.050562	0.0064370999999999	4.143625640999992e-05	0.002556515844	-3.82679	-0.0295099999999997	14.6443217041	0.0008708400999999	-0.709428	0.014624	0.000213861376	0.503288087184	-0.0176268	-0.0002786	0.00031070407824	7.761796000000021e-08	-0.00279226	-4.6280000000000106e-05	7.7967159076e-06	2.1418384000000104e-09	0.000764274	-0.0003696259999999	5.84114747076e-07	1.3662337987599998e-07	0.0	0.0	0.0	0.0	0.0	0.0	0.0	0.0	0.0	0.0	0.0	0.0	0.0	0.0	0.0	0.0	0.0	0.0	0.0	0.0	0.0	0.0	0.0	0.0	0.0	0.0	0.0	0.0	0.0	0.0	0.0	0.0	0.0	0.0	0.0	0.0	0.0	0.0	0.0	0.0	0.0	0.0	0.0	0.0	0.0	0.0	0.0	0.0	0.0	0.0	0.0	0.0	0.0	0.0	0.0	0.0	0.0	0.0	0.0	0.0	0.0	0.0	0.0	0.0	0.0	0.0	0.0	0.0	0.0	0.0	0.0	0.0	0.0	0.0	0.0	0.0	0.0	0.0	0.0	0.0	0.0	0.0	0.0	0.0	0.0	0.0	0.0	0.0	0.0	0.0	0.0	0.0	0.0	0.0	0.0	0.0	0.0	0.0	0.0	0.0	0.0	0.0	0.0	0.0	0.0	0.0
55525.60325385426	64.88658770997426	3083092616.7044306	4210.269264644184	67883.93225683593	-28.2955390624993	4608228258.65069	800.6375308374238	55985.49849454485	-36.856345200678334	3134376041.682684	1358.3901815515649	56176.95317889212	56796.46768402496	0.954931	21.876392	0.0633458999999999	0.0337667	-0.0017846541	0.0057481324	0.016763822	-0.006953924	-0.0024877011	-0.0171684687	-0.0097900253	-0.0537165347	0.0144350157	-0.0099535569	0.0203465708	0.0011240978	0.0069515672	0.0231737157	-0.0360958357	0.0269504705	-0.0248556608	0.0221781275	0.0179548179	0.0029858662	-0.0159620849	0.0412906631	-0.0098531737	-0.0235206629	0.0238202096	0.0434082413	0.0031880818	-0.0126711685	0.0059132946	0.0336047452	0.0081686085	0.0508690691	-0.0328637853	0.0005293752	0.0546774195	-0.005653613	-0.0317468848	0.001758938	-0.0037837659	-0.0122048718	-0.0150816007	-0.0256540578	-0.0217782032	-0.0577160456	-0.025525334	0.022377553	-0.0008996172	0.0162389368	0.0118277796	0.0283405819	-0.0556350379	-0.014558907	-0.002851748	-0.0181192902	0.0140137336	0.0061827054	-0.0281154396	0.0757873226	0.0116381817	-0.0141612711	0.0315029967	-0.0152083031	0.0223685446	-0.0194336211	-0.0197405929	-0.0005934766	-0.0164362913	0.0278481776	-0.0011760046	-0.0271567931	0.0019754672	0.0580117193	0.0514995843	-0.0001465871	0.0938200144	-0.0234006802	-0.0082979095	0.0848627493	-0.0298659589	-0.0308825298	0.0186045721	0.0483630163	0.0315084348	0.0558748097	0.0312081297	-0.0072081647	-0.0156029652	-0.0427841484	-0.0543560141	0.002260796	0.0176252077	0.0222908076	-0.011414811	0.0077528965	-0.0219861068	0.0122630599	0.0454009842	0.0653547414	-0.0217004101	0.0365188576	-0.0008016516	0.0271243833	0.0323926372	0.0733772375	-0.0191664639	0.0475011644	-0.0060804825	-0.0071730997	-0.0051763604	0.0407428709	0.02323963	-0.0102495485	0.0216755768	-0.0173332407	-0.005338011	0.0164991899	-0.0399681502	0.0113178906	-0.0140170282	-0.0317191093	-0.0429818054	-0.0033890566	-0.0174503887	0.0047294709	0.0292797638	-0.0029834555	0.0499122905	-0.0372553036	0.005511874	0.0524485316	-0.0061490916	0.0319153957	0.0038458399	-0.0041553538	0.0114872967	0.0087095057	0.0200418696	-0.0444704091	-0.0209637703	0.0195269162	-0.0436309703	0.0006324858	0.0006814733	-0.0230357519	-0.0264289777	0.0587676538	-0.0045727004	0.0085392301	0.0014567307	-0.0377769081	0.0237906323	-0.0456451408	0.0463774078	0.0366521903	0.0050868616	-0.0217082429	0.0167658766	-0.0205399263	0.0349357262	-0.0182800382	0.0085760303	0.0293420722	-0.0330038206	0.0068526372	-0.0195367827	-0.0082240901	-0.0655860802	0.0464529984	0.0214698269	0.0936063209	-0.0131084487	0.0038683815	-0.089896977	-0.0136467771	-0.0087389121	0.0314869738	6.56307e-05	0.0009056752	0.0726360278	0.0060018092	0.0038434053	-0.028759116	0.0386490205	-0.0330294637	0.014851336	0.0035653079	0.043462195	0.0016892979	0.0069278763	0.0163495479	0.0225449772	0.0216348066	-0.0319031029	0.0587611445	0.0034956244	-0.0438998337	0.0081986859	-0.0961977364	-0.0091655471	0.028615381	-0.0418339636	-0.0134044057	0.0075230981	-0.023190421	-0.0277890103	-0.0072879882	-0.0246237308	-0.017766721	0.0201287496	-0.0089543511	-0.0325267357	0.0056972343	-0.0162351219	-0.0177572382	7.01159e-05	0.030426397	-0.0092312779	-0.0183884854	0.0470114272	0.0352008157	0.019608254	-0.0459224678	-0.0048032891	0.0302499061	0.0036322089	-0.0045863491	0.0176502508	-0.0064832228	-0.0014939143	0.0188356569	0.0132532701	0.0041872208	-0.0348870569	0.0007378352	0.0338357689	-0.0489479767	0.0359066654	-0.0022128355	-0.032753756	0.0488812951	-0.0368936684	0.0036858265	0.0316420006	-0.0487702262	0.0378471697	-0.0051554705	-0.0305015125	0.0486148711	-0.0387663036	0.006620433	0.0293333271	-0.0484153707	0.0396502352	-0.0080793838	-0.0281385053	0.0481719062	-0.0404981621	-0.0526965	-0.0021344999999999	4.556090249999989e-06	0.00277692111225	-3.85722	-0.0304299999999999	14.8781461284	0.0009259848999999	-0.703353	0.0060749999999999	3.690562499999929e-05	0.494705442609	-0.0173689	0.0002579	0.00030167868721	6.651241000000096e-08	-0.00269797	9.428999999999993e-05	7.2790421209e-06	8.890604099999983e-09	0.000906212	0.0001419379999999	8.212201889439999e-07	2.0146395843999998e-08	0.0	0.0	0.0	0.0	0.0	0.0	0.0	0.0	0.0	0.0	0.0	0.0	0.0	0.0	0.0	0.0	0.0	0.0	0.0	0.0	0.0	0.0	0.0	0.0	0.0	0.0	0.0	0.0	0.0	0.0	0.0	0.0	0.0	0.0	0.0	0.0	0.0	0.0	0.0	0.0	0.0	0.0	0.0	0.0	0.0	0.0	0.0	0.0	0.0	0.0	0.0	0.0	0.0	0.0	0.0	0.0	0.0	0.0	0.0	0.0	0.0	0.0	0.0	0.0	0.0	0.0	0.0	0.0	0.0	0.0	0.0	0.0	0.0	0.0	0.0	0.0	0.0	0.0	0.0	0.0	0.0	0.0	0.0	0.0	0.0	0.0	0.0	0.0	0.0	0.0	0.0	0.0	0.0	0.0	0.0	0.0	0.0	0.0	0.0	0.0	0.0	0.0	0.0	0.0	0.0	0.0
55581.55229990084	55.94904604658223	3089308956.066612	3130.2957535225783	67737.405765625	-146.52649121094146	4588356139.856926	21470.012626590105	56058.41270626814	72.9142117232841	3142545635.146285	5316.4822712279	56244.12689551617	56789.56896053166	0.974715	22.329624	0.1044156999999998	0.0543049	-0.0051007533	0.0037846516	0.0112011862	0.0054612367	0.0301117759	0.0166167076	-0.0102255626	0.0246545189	-0.0110777998	-0.0270822852	0.0497428533	0.0543532929	-0.0112389668	0.0108138803	0.0258480915	0.0373529593	0.02726331	-0.0220695509	0.0395903508	0.0397671837	0.0013287374	-0.0080644216	-0.062569317	0.0202786165	0.0215944689	-0.045614286	-0.038367341	-0.0106709892	0.0256252908	0.0296899618	-0.0387200022	0.0438675648	-0.0163618164	0.040075391	-0.002168799	0.029883349	-0.0016560428	-0.007269992	-0.0147644483	-0.0094826358	-0.0197054247	0.0080265852	-0.0173850557	0.0141893363	0.012266234	-0.0134640091	-0.02588792	-0.0005930217	0.0176966445	0.0145782426	-0.0339295314	0.0171607639	-0.0365794621	0.0053586954	-0.0006019381	0.0290727759	0.013254203	0.0122238753	-0.0026299901	0.0041434628	-0.0146586333	-0.0362018533	0.0281041541	-0.0009655271	-0.0077050984	0.036922441	-0.010812976	0.0527045495	0.0714907868	-0.0234092095	0.0190591347	0.0329102528	0.0156138658	0.0255555013	-0.0334165715	0.0313268353	-0.0395338323	-0.0004750888	-0.0311960693	-0.0130232255	-0.0099319662	0.0419951618	-0.0053622665	0.0204245272	-0.0314518943	0.0095359723	0.0400042486	-0.0209314215	0.0055310943	0.0423345796	-0.0064371996	-0.0430877903	-0.0033159841	-0.0161865193	0.0088359499	0.0486753676	0.0658201003	-0.057503504	0.003563377	0.0075335121	-0.0385628828	-0.0360162869	0.025941489	0.045424265	-0.0367291208	-0.0190911394	-0.0205195182	-0.0070352909	-0.021945703	-0.010665119	0.0318987458	-0.0438491019	-0.0229243072	-0.0368525012	-0.0389336841	-0.0025731336	0.0095289145	0.0677861149	0.0168737562	-0.008995445	0.0469771304	0.0363241982	-0.0126621425	0.0261229397	0.019246767	-0.0464346005	0.0335695806	-0.0238236854	0.0417629896	-0.0032502277	0.0329260332	0.0033181555	-0.0075638229	-0.0188359032	0.0110460845	0.0192604274	-0.0120431596	0.0130056211	-0.0189658495	-0.0157975301	0.0153487042	0.021874908	0.0147746089	-0.0174060186	-0.0109806296	0.0376297003	-0.0036901346	0.0318156841	0.0009654407	0.0060428955	-0.0230606034	-0.018702432	-0.0117002363	0.0047956938	-0.0082504828	0.0109117516	0.0132931376	-0.0438751309	-0.0012720953	-0.0013734315	-0.0346277475	0.0426371124	-0.0596598277	-0.0508499609	-0.0030770474	-0.0171732601	-0.0260659248	0.0076463338	0.0338665242	-0.0312556491	0.0347510634	-0.0175712851	-0.0260273134	-0.0031999272	-0.0320924567	0.0006408106	0.0365507007	0.0019717644	-0.0026832573	-0.0497539412	-0.0094450766	0.0457017646	0.0348100629	-0.0007413162	-0.0032379298	-0.0165168598	-0.0105254432	-0.0183057724	0.008579619	-0.0005271401	0.0559446601	0.0224996033	0.0858557484	0.0109386043	0.0362718374	-0.0031775839	0.0408027714	-0.0422700884	-0.0299613392	-0.0420740678	0.0185708272	-0.0122970235	-0.0083299265	-0.0152121127	0.0245033093	-0.0082446063	-0.0604544821	-0.0030738396	0.0162969469	-0.0016973481	-0.020226089	0.022841821	-0.0415236931	0.0285378931	-0.0273962911	0.0341898376	-0.025236374	0.0246480527	-0.0119702896	0.0039379649	-0.0001418622	0.0050658622	-0.0063356305	-0.0549288063	0.0121240103	-0.0023427736	0.0260486609	-0.0178586648	0.015841795	0.0113687265	0.0222491792	-0.0315529205	-0.0350162597	0.0011067004	0.0334335625	-0.048920189	0.0365274207	-0.0033178403	-0.0317825624	0.0487702262	-0.0379639583	0.005522202	0.0300666323	-0.0485206286	0.0393229378	-0.0077152822	-0.0282892778	0.0481719062	-0.0406015827	0.0098926005	0.02645413	-0.0477247713	0.0417972809	-0.0120497088	-0.0245649379	0.0471801374	-0.0429075896	-0.0582713	-0.0055747999999999	3.1078395039999976e-05	0.0033955444036899	-3.82864	0.0285799999999998	14.6584842496	0.0008168163999999	-0.743441	-0.040088	0.001607047744	0.552704520481	-0.0171886	0.0001803	0.0002954479699599	3.2508090000000474e-08	-0.00244164	0.0002563299999999	5.9616058896e-06	6.570506889999997e-08	0.00107304	0.0001668279999999	1.1514148416e-06	2.783158158399998e-08	0.0	0.0	0.0	0.0	0.0	0.0	0.0	0.0	0.0	0.0	0.0	0.0	0.0	0.0	0.0	0.0	0.0	0.0	0.0	0.0	0.0	0.0	0.0	0.0	0.0	0.0	0.0	0.0	0.0	0.0	0.0	0.0	0.0	0.0	0.0	0.0	0.0	0.0	0.0	0.0	0.0	0.0	0.0	0.0	0.0	0.0	0.0	0.0	0.0	0.0	0.0	0.0	0.0	0.0	0.0	0.0	0.0	0.0	0.0	0.0	0.0	0.0	0.0	0.0	0.0	0.0	0.0	0.0	0.0	0.0	0.0	0.0	0.0	0.0	0.0	0.0	0.0	0.0	0.0	0.0	0.0	0.0	0.0	0.0	0.0	0.0	0.0	0.0	0.0	0.0	0.0	0.0	0.0	0.0	0.0	0.0	0.0	0.0	0.0	0.0	0.0	0.0	0.0	0.0	0.0	0.0
55569.28165138199	-12.270648518846428	3087945063.2506194	150.56881507306804	68191.33522167969	453.9294560546987	4650058199.315494	206051.95107411465	55975.361146790376	-83.05155947776075	3133241055.5136094	6897.561531688031	56169.03317153306	56962.02252403359	0.976583	22.372421	0.1204829000000001	0.0549304	-0.0020739392	0.0030396959	0.0138750623	0.004835	0.0184460423	0.0211744589	-0.0134351726	-0.0088796417	0.0104382145	0.0866951409	-0.0238401933	0.0055728553	0.0196391547	0.0037801856	0.0377609223	0.0253345969	0.0232169801	0.0186387234	0.0364542479	-0.0033594669	0.0106280402	0.0424983108	-0.0071288007	-0.0016710549	-0.066531016	-0.0129774522	0.0326162764	-0.0047516695	-0.0136894918	-0.0116551594	0.0353959407	-0.0102506356	-0.0352681326	-0.0163155767	0.0029866356	-0.0463327299	-0.0235718198	-0.0134392343	0.0452806646	0.0983344431	0.0283562285	-0.0107829933	-0.0332703225	0.0511312536	-0.0296434306	0.0100433151	-0.068936949	-0.0160037195	-0.0294777381	0.0082596251	0.0007175247	0.0329694216	-0.0186017652	0.0122714318	0.0080179069	-0.0214441196	-0.0183492289	0.0139977386	-0.0247860575	-0.0446125273	0.0006414021	-0.0520206118	0.0268234828	-0.0105795927	-0.0109690071	-0.0461131611	-0.048416564	-0.0738177263	0.0137003104	0.00541756	0.0082072053	-0.0190487729	0.019219734	0.0038954675	0.0149762868	0.0051166984	-0.0045149849	-0.0251407839	-0.0355845216	-0.0648847446	-0.0184299034	0.0088853561	-0.0222678437	-0.0481715747	-0.0106122608	0.0190836235	0.0346672214	0.0126151541	-0.0045625743	-0.0110619805	-0.0336657026	0.0105973892	0.001122623	0.0108153204	-0.0278956376	-0.0061540343	0.0133565644	0.0052552828	0.0082807287	-0.0531917842	0.0358019799	0.0131664307	0.019763078	0.0316529265	-0.005019163	-0.0798700457	0.0383692723	-0.0158420336	-0.0591948926	0.0412149445	0.020521848	-0.0327824537	0.0174570836	-0.0342789177	0.0002705881	-0.0083837826	-0.0471267258	0.0010080825	-0.0194899891	0.0644011053	0.014438728	-0.0352331966	-0.0013565297	-0.0136150383	-0.0045007107	0.0439066311	-0.0061754392	-0.0307725074	-0.0126168623	0.0027464358	-0.049391526	0.0254735094	-0.0113168302	0.0505307966	-0.0918680631	-0.0116022136	0.0132091259	0.0515575706	-0.045307505	0.0167668174	-0.0011243386	0.0639980274	0.0330845663	0.0435031066	-0.0023737748	-0.0062989158	-0.0086072922	0.0414141227	0.0132601808	0.0006758365	0.0020563536	0.0025677474	0.0224850836	-0.0165657141	0.0516460695	-0.0152346172	0.0378485601	-0.0423982067	-0.0086552092	-0.0173949067	0.0412831929	0.0286009148	0.0843666154	-0.0237898532	-0.0085355197	-0.0214066819	0.0125967049	0.0293079262	0.0052498479	0.0138450098	-0.0038702893	0.0017374825	-0.0003435441	0.0216309777	-0.0766250366	-0.0094144224	0.0151754034	-0.0296011291	-0.0564004143	0.0031014505	0.016045297	0.0204998104	-0.0286313799	-0.0294073306	-0.0141333251	-0.0185173979	0.0002366206	0.0131648877	-0.0085593241	0.0192608123	0.0098943105	0.0093293907	-0.0160330005	-0.001587159	-0.034201849	0.0444868871	-0.0065988999	-0.0381833735	-0.0241505883	-0.0003552915	0.0613361679	0.0643340814	-0.0318675845	-0.0578834149	-0.0085907949	0.0201872456	-0.0434183726	0.0085968134	0.0229578148	-0.0094599241	-0.0302925575	0.0172853435	-0.027791241	0.0113689615	0.0266413624	-0.0149793024	0.0657040108	0.0007173684	-0.0634010879	0.0174720601	0.0268822832	-0.0097763768	0.0035079468	0.0510229123	-0.0164045191	0.0005454007	-0.00134965	0.0094946193	0.0270188364	0.0118154405	0.0083304842	-0.0241094905	-0.0351449656	0.0014755028	0.0330270864	-0.0488812951	0.0371352188	-0.0044211503	-0.030789272	0.0486148711	-0.0389906186	0.0073507428	0.028439649	-0.0481719062	0.0407044271	-0.0102536416	-0.0259867497	0.047554009	-0.0422704209	0.0131193052	0.0234394817	-0.0467634234	0.0436829132	-0.0159373271	-0.0208070951	0.0458030203	-0.0449367745	-0.0495266	0.0087447	7.646977809000001e-05	0.0024528841075599	-3.86627	-0.03763	14.9480437129	0.0014160169	-0.7241379999999998	0.0193030000000001	0.000372605809	0.5243758430439998	-0.0174857	-0.0002971	0.00030574970449	8.826841000000091e-08	-0.0028309	-0.0003892599999999	8.01399481e-06	1.5152334759999985e-07	0.000663296	-0.0004097439999999	4.3996158361600005e-07	1.67890145536e-07	0.0	0.0	0.0	0.0	0.0	0.0	0.0	0.0	0.0	0.0	0.0	0.0	0.0	0.0	0.0	0.0	0.0	0.0	0.0	0.0	0.0	0.0	0.0	0.0	0.0	0.0	0.0	0.0	0.0	0.0	0.0	0.0	0.0	0.0	0.0	0.0	0.0	0.0	0.0	0.0	0.0	0.0	0.0	0.0	0.0	0.0	0.0	0.0	0.0	0.0	0.0	0.0	0.0	0.0	0.0	0.0	0.0	0.0	0.0	0.0	0.0	0.0	0.0	0.0	0.0	0.0	0.0	0.0	0.0	0.0	0.0	0.0	0.0	0.0	0.0	0.0	0.0	0.0	0.0	0.0	0.0	0.0	0.0	0.0	0.0	0.0	0.0	0.0	0.0	0.0	0.0	0.0	0.0	0.0	0.0	0.0	0.0	0.0	0.0	0.0	0.0	0.0	0.0	0.0	0.0	0.0
55432.16065472818	-137.12099665381538	3072724434.8515944	18802.16772333565	67471.2266513672	-720.1085703124991	4552366425.840162	518556.3530375114	55989.02399850399	13.662851713612326	3134770808.305056	186.6735169481593	56180.98262629341	56721.30781123174	1.083904	24.831013	0.1136494	0.0570996	-0.0031497657	0.0077059442	0.0157231946	-0.0054009607	0.001857524	-0.0139884533	0.0034066284	-0.0094641065	0.0151964612	-0.0561070041	0.0342344752	-0.0034260643	0.0182906716	0.0375553894	0.0085913387	0.0134285189	-0.0253082586	-0.0042816706	0.0277916676	0.0403764414	-0.0260591647	0.0117607402	0.0361601295	-0.0283507237	0.0238342505	0.0120981195	-0.0113242638	-0.0118952732	-0.0116384453	0.0047786133	-0.0672785458	0.020798408	0.0067129787	0.0072172716	-0.008554643	-0.0006910774	0.0366174752	-0.0050698979	-0.0324529601	-0.0757066233	-0.0395594279	-0.0105157379	-0.0127058275	-0.0196731841	0.0169785117	0.0501555698	0.0302729346	0.0211308976	0.0224441364	0.032352149	-0.0712885974	0.0570928837	-0.0226619308	0.0832393598	-0.0019211127	0.041935586	0.0474676107	-0.0161065093	0.0041486899	-0.0028459729	0.0524396945	0.0245702936	0.0180295713	0.0345947065	-0.0056307276	0.0648630455	-0.0069783854	0.0098917174	0.0064217026	0.0588520018	-0.0195214918	0.0068178296	-0.0230926684	0.021223002	-0.0100615184	0.023077315	0.0122536642	0.0618625983	-0.069958314	0.0169133016	0.007568697	-0.027781109	0.0599064059	-0.0174138186	0.0063002676	0.0358036825	0.035470795	0.0508810494	0.0205746204	-0.0147424154	-0.052244534	-0.0269832858	0.0350390516	0.0197667223	-0.0009321675	0.0108653118	-0.1262553346	0.0002761202	0.0292157896	0.008005512	-0.0072891538	-0.002598864	0.0332032661	-0.0195649514	-0.0184120941	-0.0365391504	0.0567407445	0.0446647399	-0.0267526023	-0.0167503612	-0.0169492701	-0.0132066471	-0.0056711955	-0.025290202	-0.0419506473	0.0244910106	-0.0096259476	-0.033221965	-0.0126048058	-0.0382912473	-0.0136180498	0.0082363561	-0.0088573723	-0.0085353601	-0.0089218368	-0.0684896962	0.0096054391	-0.0046524887	0.010229021	-0.0051149763	0.0021446379	-0.0340991592	-0.0114556413	-0.0455852118	0.071871808	0.0354351654	-0.0016883333	-0.0095626354	-0.0071255999	-0.0309954647	-0.0539861096	-0.0304579162	-0.0057579519	-0.0292221188	-0.0316319446	0.0521654872	-0.0538994557	0.056872311	0.0686930382	0.0351275212	-0.0340650129	-0.0024613816	-0.0393830392	0.0133853533	-0.0243231793	-0.041833633	-0.052336915	-0.0103561307	0.0026128344	-0.0121706047	-0.0568615435	-0.0162533353	0.0038515599	0.0145266725	0.0797549227	0.0069053891	-0.003637664	-0.0118264629	0.0138673551	-0.0055323412	0.0144641505	0.0245170398	-0.0740727364	-0.0605891339	-0.0042512357	-0.0560920088	-0.0132487371	0.0531279272	-0.0096139358	0.0063632029	0.0379178713	0.0377835938	-0.0434293916	0.0061933893	-0.0033560042	-0.0115784813	-0.040505487	0.0577306699	-0.0143542855	-0.0196625203	-0.0636926399	-0.0997568038	0.0146250876	-0.0243437591	-0.0107097818	-0.029977561	-0.0093618821	0.0048001511	-0.0318590945	-0.0394777562	0.0132574945	0.0830939074	-0.0208187308	0.030047447	0.020206968	-0.0097585901	0.0072556493	-0.0117157167	0.0236168676	-0.0175093076	-0.038250483	-0.0003108461	-0.0082858289	-0.0315298115	-0.0009743696	0.034393306	-0.0125348359	-0.0105796019	0.0542153671	0.0412015622	0.0273510674	-0.0362540947	-0.0125413476	-0.0217845669	0.0208674528	0.0042153031	0.0142437952	0.0095694884	0.0224398619	0.0164809775	-0.0044155856	-0.026457038	-0.0352731729	0.0018442215	0.0326163926	-0.0488313037	0.0377298441	-0.005522202	-0.0297745756	0.0484153707	-0.0399724692	0.0091688544	0.0267638437	-0.0477247713	0.0419883256	-0.0127634908	-0.0236012772	0.0467634234	-0.0437659771	0.0162857183	0.0203048178	-0.0455367808	0.0452953387	-0.0197155549	-0.0168931667	0.0440518025	-0.0465677344	-0.0543773	-0.0048507	2.3529290490000064e-05	0.00295689075529	-3.87502	-0.00875	15.0157800004	7.656250000000062e-05	-0.690943	0.0331949999999998	0.0011019080249999	0.4774022292489999	-0.017721	-0.0002353	0.000314033841	5.5366090000000374e-08	-0.00219164	0.00063926	4.803285889599999e-06	4.086533476e-07	0.00112581	0.000462514	1.2674481561000002e-06	2.139192001960001e-07	0.0	0.0	0.0	0.0	0.0	0.0	0.0	0.0	0.0	0.0	0.0	0.0	0.0	0.0	0.0	0.0	0.0	0.0	0.0	0.0	0.0	0.0	0.0	0.0	0.0	0.0	0.0	0.0	0.0	0.0	0.0	0.0	0.0	0.0	0.0	0.0	0.0	0.0	0.0	0.0	0.0	0.0	0.0	0.0	0.0	0.0	0.0	0.0	0.0	0.0	0.0	0.0	0.0	0.0	0.0	0.0	0.0	0.0	0.0	0.0	0.0	0.0	0.0	0.0	0.0	0.0	0.0	0.0	0.0	0.0	0.0	0.0	0.0	0.0	0.0	0.0	0.0	0.0	0.0	0.0	0.0	0.0	0.0	0.0	0.0	0.0	0.0	0.0	0.0	0.0	0.0	0.0	0.0	0.0	0.0	0.0	0.0	0.0	0.0	0.0	0.0	0.0	0.0	0.0	0.0	0.0
55410.55165898628	-21.608995741895345	3070329235.1531878	466.948696973251	67956.72888671875	485.5022353515524	4618117000.982994	235712.42053135412	55971.412821491176	-17.611177012811822	3132799053.233787	310.1535557765916	56173.783507894266	57013.51630637429	0.957239	21.929262	0.0306576000000003	0.0183585	-0.0041309376	0.0048019948	0.0135188417	0.0050021248	0.0012000972	0.0177887616	0.0155028937	0.0149885707	-0.0138056166	0.0248348261	0.025845197	0.0141501815	-0.0054122435	0.0259438222	0.0458722946	0.0467902761	0.0246067664	-0.0001380127	0.0350860045	0.0116635417	0.0177263186	-0.0027275608	-0.0386448611	-0.0189039134	-0.0464089808	-0.0319001825	0.0500358019	-0.0032865463	0.0093561191	-0.0036831683	0.0203297389	0.0110622254	0.0075717094	-0.0455146498	0.0130261476	-0.04171003	0.0264381287	-0.0090361078	0.0285615727	0.0014937974	0.0094429928	0.0357288769	-0.0065091958	0.031335472	-0.0121908361	-0.0036989758	-0.0045115765	0.0128310573	-0.0017195742	0.0554722755	-0.0530779381	0.0295313609	-0.063921641	-0.0178240474	0.018884592	0.0191276742	-0.0073157303	0.003548554	-0.0425688145	0.0307838941	9.82556e-05	-0.0079879344	-0.0610030211	-0.0194851205	0.0362369951	0.0265202828	-0.0069575757	0.0081065582	0.082695437	-0.0287811535	-0.0101074764	0.0203931947	0.0337156903	-0.0660110542	-0.0224230362	-0.0379632337	-0.0004617784	0.0096648603	-0.0268066639	-0.0424574617	-0.0549523077	-0.0149748587	-0.0372074138	-0.0173511545	-0.0075930424	0.0038913794	0.0082323475	0.0629026601	0.057537821	-0.0138516944	-0.0022319273	-0.0132738362	-0.0152354181	0.0006476492	-0.0038249249	-0.0480591755	-0.0112395647	-0.0011975217	0.0291531149	0.0114824465	-0.0238204685	-0.0038020252	-0.0211538394	-0.0249122506	0.011631565	-0.0207453523	-0.046404969	-0.0487525825	0.009287081	0.0331406088	-0.0176092216	0.0139386049	-0.0028035942	-0.0353755221	-0.0146576625	-0.017071201	0.0013477967	0.0302301104	-0.0386503347	0.0383594029	0.0316190311	-0.0484067751	-0.0068136453	0.0062131532	0.0006885202	0.0181862545	0.015772087	0.0101847668	-0.0407874418	0.019165978	-0.0432261941	-0.0295015592	-0.0085090435	0.0271659116	0.0045601092	-0.0047924929	-0.0391896837	0.0358988112	-0.0100452581	0.008833719	0.0063235174	0.0106460272	-0.0022604426	0.0009525046	-0.0512900244	0.0624914696	-0.0049221195	0.0634178977	-0.0206605378	-0.0086665893	-0.035858733	-0.0128740629	0.002074998	-0.0308187372	-0.0158358351	0.0083056091	0.0410897674	0.0539182576	-0.011898861	0.0436556681	-0.032330711	0.021404407	-0.0077371465	-0.0731918595	-0.0058541225	-0.0032109117	-0.0311581368	0.0584448531	-0.0528208179	-0.0200097989	-0.027035094	0.0034166783	-0.0176308737	0.0165027753	-0.0159943428	-0.051260875	0.0238858143	-0.043144189	-0.0416075073	-0.0111584016	0.0036105187	0.0277206703	-0.051343929	0.0586245449	-0.0084185101	0.001988128	-0.0179649694	0.007417509	0.0092125289	-0.0003121395	-0.0528239834	0.0063935321	0.0078993697	0.0162633024	-0.0072372982	-0.0005188825	0.0155667906	0.0360181807	0.026750551	0.0012906352	0.0237273646	-0.0524435592	-0.0146699839	-0.0544848907	-0.0341748447	0.0078578396	0.0224495321	0.0783475324	0.0231434744	-0.0156705541	-0.0373370016	0.0120075854	-0.0128899054	0.0007050063	-0.0090718622	0.0096019034	0.0117486143	0.0149786336	-0.0616866014	-0.0046774319	0.010653437	0.0053734672	-0.001320388	-0.0352507616	0.0092047167	-0.0039992128	0.0045056708	0.0073792367	0.0167507616	-0.0079690519	0.0080917726	-0.0275022398	-0.0354008796	0.0022128355	0.0322015336	-0.0487702262	0.0383110855	-0.006620433	-0.0287391785	0.0481719062	-0.0409083818	0.0109739574	0.0250420933	-0.0471801374	0.043171555	-0.015237851	-0.0211404744	0.0458030203	-0.0450821203	0.019377288	0.0170661886	-0.0440518025	0.046624473	-0.023358459	-0.0128525131	0.0419407874	-0.0477860158	-0.0544347	-5.739999999999912e-05	3.294759999999899e-09	0.00296313656409	-3.87315	0.0018700000000002	15.0012909225	3.4969000000009736e-06	-0.695946	-0.0050029999999999	2.50300089999998e-05	0.4843408349159999	-0.0175046	0.0002164	0.0003064110211599	4.6828960000000876e-08	-0.0021604	3.124000000000009e-05	4.667328159999999e-06	9.759376000000055e-10	0.000898906	-0.000226904	8.08031996836e-07	5.1485425216000046e-08	0.0	0.0	0.0	0.0	0.0	0.0	0.0	0.0	0.0	0.0	0.0	0.0	0.0	0.0	0.0	0.0	0.0	0.0	0.0	0.0	0.0	0.0	0.0	0.0	0.0	0.0	0.0	0.0	0.0	0.0	0.0	0.0	0.0	0.0	0.0	0.0	0.0	0.0	0.0	0.0	0.0	0.0	0.0	0.0	0.0	0.0	0.0	0.0	0.0	0.0	0.0	0.0	0.0	0.0	0.0	0.0	0.0	0.0	0.0	0.0	0.0	0.0	0.0	0.0	0.0	0.0	0.0	0.0	0.0	0.0	0.0	0.0	0.0	0.0	0.0	0.0	0.0	0.0	0.0	0.0	0.0	0.0	0.0	0.0	0.0	0.0	0.0	0.0	0.0	0.0	0.0	0.0	0.0	0.0	0.0	0.0	0.0	0.0	0.0	0.0	0.0	0.0	0.0	0.0	0.0	0.0
55412.309507364414	1.7578483781326213	3070524044.939949	3.0900309205034877	67700.0383203125	-256.6905664062506	4583295188.57178	65890.04688196174	55882.43721288685	-88.97560860432714	3122846788.852241	7916.658926510413	56078.35288564462	56690.40823070972	0.887818	20.338919	0.0248515999999999	0.0141432	-0.0025729237	0.0053725547	0.0131387649	0.0004254785	-0.007365227	0.0107812543	0.0005645301	-0.0249829961	0.0053318687	0.0276924399	0.0078467787	0.0032041469	-0.0087701011	0.0127310201	-0.0297212014	0.0113604294	-0.0370731701	0.0221117227	0.0040180875	0.0189491472	0.0252398408	0.0188729132	-0.0142623823	-0.049208401	0.0567090022	-0.0087723424	0.0260284818	0.004594689	0.003649245	0.0226584691	0.005538865	0.0320425501	-0.0164219224	-0.0148806793	0.0640249367	-0.0227424163	0.0319173977	0.0253729552	0.0166969222	0.0108888066	-0.0728185011	-0.0323985357	-0.026754229	0.0310002581	-0.0155101833	-0.075035257	-0.0063809649	-0.0336518441	-0.0313220379	0.0183878601	-0.0115591627	-0.0054847151	-0.0082803015	-0.0007967003	0.0242554275	-0.0535097921	-0.0020868249	0.0093305898	0.0214631486	-0.0196467426	0.0075705537	0.0211699925	0.0102821217	0.0356352353	0.0046983621	-0.0095495201	0.0441944082	0.0233301832	-0.036719973	0.0233927854	-0.009354564	0.0360764417	0.0513953683	0.025304884	-0.0203893529	0.0015974223	0.0016417086	0.0026256861	-0.0440535839	-0.0214484559	0.0251928143	0.0490896884	0.0219873821	-0.0064481667	0.0016981247	0.0139778701	-0.0055189427	0.0414098455	0.0391782924	0.0123768189	0.013759044	0.0066583275	0.0185536558	0.0522136817	0.0052314225	-0.0558965362	0.0040530128	-0.0092755195	0.0337160372	0.0384721429	-0.0440790766	0.0276644052	-0.0312719554	0.0072454929	-0.0443709517	-0.0363566734	0.0138400052	0.0561781635	-0.0340783701	-0.0172293145	-0.0152668771	-0.0494148558	0.0214647846	-0.0045409445	-0.0185284772	-0.0262022451	-0.0175514849	0.014412684	-0.0289518892	-0.0665731182	0.0062963175	-0.022343459	0.0068471592	-0.003682227	0.0213136289	3.86754e-05	0.0319584862	-0.0146351196	-0.0069513533	0.0648801225	-0.0216358518	-0.0347377683	0.0210912925	0.0132165503	-0.0033335623	0.0723387812	0.0319382132	-0.0001100481	-0.0358158968	0.0229163084	0.0819088714	-0.0074425465	0.021665738	0.0305986653	-0.004028676	0.0256685732	0.0231131768	0.0193493674	0.0079213289	-0.0277073533	0.04205269	0.0376611924	0.0195810448	0.0158502976	0.0160982213	-0.0121096725	-0.0304690794	-0.0049869465	-0.0137094427	-0.0108431594	0.017660472	-0.0387800121	-0.0334302188	0.0395403096	0.0198865389	-0.0092014801	-0.0395248979	0.0298767429	0.0333912083	-0.0232813099	-0.0020845103	0.0079072033	-0.0136389521	-0.027136845	-0.0391137053	0.0321233613	0.0126356178	0.0104680656	-0.0152145478	-0.0162366325	0.0208624197	0.0096553497	-0.0115358649	0.0560600498	0.0119565049	0.0014525467	0.0216988807	0.0599316199	0.0188917512	-0.0061530605	-0.0472386336	0.0453820957	0.0298995801	0.0137640208	0.0003830573	-0.0352299967	-0.0031579992	-0.0310824314	0.0452240124	-0.0569887972	0.0233005649	0.0410583296	-0.0468864105	0.0033139722	0.0407714471	-0.0585724652	0.003656312	-0.0382476961	0.0184258343	-0.0181888713	-0.0299912331	0.0105791791	-0.0101262949	-0.0149189808	-0.0146346505	0.0139679873	-0.0067079906	-0.0175339003	0.0275425223	0.0220181919	0.0491122118	0.0200459572	-0.0019690093	0.0624888826	-0.0005516708	0.0243810805	-0.0016703112	0.0015801579	0.0208374826	0.0066278225	0.0002355778	0.0119900296	-0.035528084	0.0025813239	0.0317825624	-0.0486980765	0.0388787369	-0.0077152822	-0.0276838006	0.0478846987	-0.0417972809	0.0127634908	0.0232773535	-0.0465391172	0.0442512785	-0.0176698424	-0.0186121956	0.0446762873	-0.0462134553	0.0223798066	0.0137401766	-0.0423169129	0.0476620031	-0.0268410355	-0.0087154456	0.0394872168	-0.0485808224	-0.0508366	0.0035981	1.294632361e-05	0.00258435989956	-3.87262	0.0005299999999999	14.9971856644	2.808999999999146e-07	-0.692491	0.0034549999999999	1.1937024999999905e-05	0.4795437850809999	-0.0175751	-7.050000000000112e-05	0.00030888414001	4.970250000000157e-09	-0.00239732	-0.00023692	5.7471431824e-06	5.6131086400000135e-08	0.000936856	3.795000000000003e-05	8.776991647360001e-07	1.440202500000002e-09	0.0	0.0	0.0	0.0	0.0	0.0	0.0	0.0	0.0	0.0	0.0	0.0	0.0	0.0	0.0	0.0	0.0	0.0	0.0	0.0	0.0	0.0	0.0	0.0	0.0	0.0	0.0	0.0	0.0	0.0	0.0	0.0	0.0	0.0	0.0	0.0	0.0	0.0	0.0	0.0	0.0	0.0	0.0	0.0	0.0	0.0	0.0	0.0	0.0	0.0	0.0	0.0	0.0	0.0	0.0	0.0	0.0	0.0	0.0	0.0	0.0	0.0	0.0	0.0	0.0	0.0	0.0	0.0	0.0	0.0	0.0	0.0	0.0	0.0	0.0	0.0	0.0	0.0	0.0	0.0	0.0	0.0	0.0	0.0	0.0	0.0	0.0	0.0	0.0	0.0	0.0	0.0	0.0	0.0	0.0	0.0	0.0	0.0	0.0	0.0	0.0	0.0	0.0	0.0	0.0	0.0
55450.21214723074	37.90263986632635	3074726027.1728954	1436.610108836432	67418.9169453125	-281.1213749999879	4545310362.078946	79029.22748188382	55991.49260683631	109.0553939494639	3135047244.3414054	11893.078949472769	56182.37352447074	56369.31293120942	1.01462	23.243799	0.1323740999999997	0.0718119	-0.0011264015	-0.0098506495	0.0062692604	0.0018904501	0.0057594167	-0.0138106288	0.0085463209	-0.0427478863	0.004598881	-0.0294759041	0.0098318304	-0.0084792237	0.0278956824	0.039187638	0.0409678485	0.0148610305	0.0408480329	0.0094663209	0.0147152085	0.0312893373	-0.0092345859	0.0276480132	-0.0312517411	0.033134924	-0.0255121873	-0.0348797348	0.0419386366	0.0173298359	0.0435659676	0.0169412374	0.0130814424	0.0119096537	-0.0048431075	0.027417244	0.0565740933	0.0087790976	-0.0119752261	0.0095077106	0.0307771701	0.0085333886	0.0297925595	0.049287341	-0.0044624367	-0.0160734066	-0.0152265579	0.0154777592	0.0524175709	0.0089746597	0.015802952	-0.0228661882	-0.0011172745	-0.0243266119	0.028492542	-0.0228221874	0.0592975639	-0.0112197855	0.0062338461	0.019889552	0.0039685795	0.0088885438	0.0108118026	-0.0318701961	0.0108912265	0.016522711	0.0038477342	0.0192036437	-0.0729891272	0.0249839155	-0.0068455029	0.0223858445	-0.0703572512	0.0339655988	-0.0069513931	-0.0114111433	0.0417666772	-0.0054398277	-0.0078565472	0.0112983781	0.0213552346	0.0187071603	0.0631784353	-0.0120410392	-0.017553061	0.0151976551	0.0313570449	-0.0441730396	0.0045572377	-0.0106902788	-0.0454175194	0.0214320757	-0.0033858874	-0.0443760065	0.0208963592	-0.023811912	-0.0450765646	0.0239045373	-0.0387628732	0.0353410233	-0.0950550325	-0.0121944604	-0.0005180666	-0.0024353505	-0.0056115857	-0.0273050558	0.0020694436	0.0009024336	0.0578618316	0.0447389382	-0.0033206166	-0.0134406797	-0.0270791368	-0.0009814294	0.0088962473	-0.011368928	-0.0328564344	0.0094227825	-0.0279225829	0.0349039844	0.0200759377	0.0355588522	0.0365824085	-0.0459068086	0.0085915896	0.0406596392	0.0218381683	0.0081608079	0.0130289412	0.0018296541	0.0308620353	0.0521901411	0.0076554093	0.0118027401	0.0125967064	0.0361038692	-0.0154595188	-0.0325609714	-0.0479251205	-0.0072100355	0.0001531657	0.0201129945	-0.0194547343	-0.0431667444	-0.0179438554	-0.0210063887	0.0173166461	0.00207603	0.0046580501	-0.028554111	0.0051393379	-0.0696209743	0.0067436493	0.0014604133	-0.0013562983	0.0098014223	-0.0063266474	-0.0087383656	0.0235839557	-0.0257663542	-0.014468547	0.002302099	-0.0198762139	0.0611992992	0.0137907148	0.0193146221	0.0520664694	0.0621942843	-0.0444928004	0.0002556802	-0.0064048187	0.0413566434	0.0091705401	-0.0015734656	-0.0088734769	-0.0106925987	0.0194139731	0.0430482063	-0.0526574527	0.0038346185	0.022884969	0.0284871779	-0.046675262	0.0050141383	0.028697804	-0.0196306822	0.0494167253	-0.0038833546	-0.0436600821	-0.0239957285	-0.011174142	0.0395997514	0.0175030509	-0.0545532811	-0.0764888477	-0.0229002643	0.0449084611	-0.0086718789	-0.0246421384	0.0133870338	-0.0120073703	-0.0247939306	-0.0189926894	0.0510303378	-2.29348e-05	0.0520518213	-0.0058537944	0.0016472937	0.0043418552	0.0570172881	0.0115207036	-0.0138876753	-0.0119995927	0.0195960439	-0.0318700298	0.0148137542	-0.0115730358	-0.0230923634	0.0031481949	0.0594845958	-0.01068	0.004697528	-0.0198689238	-0.0679546633	-0.019339537	-0.0158403669	-0.0042795836	0.0036216833	0.0167280641	-0.015458117	-0.0010069908	0.0197669728	0.0022454325	-0.0300813152	-0.0356547843	0.0029496658	0.0313595323	-0.0486148711	0.039432597	-0.0088061905	-0.0266091756	0.047554009	-0.0426381448	0.0145349155	0.0214726538	-0.0458030203	0.0452249073	-0.0200527028	-0.0160245105	0.0433873161	-0.0471553442	0.0252794756	0.0103438118	-0.0403419543	0.04840144	-0.0301393805	-0.0045129987	0.0367111306	-0.0489451109	-0.0536919	-0.0028552999999999	8.15273808999999e-06	0.00288282012561	-3.82819	0.0444299999999997	14.655038676100002	0.0019740248999999	-0.7221999999999998	-0.0297089999999998	0.0008826246809999	0.5215728399999998	-0.0169618	0.0006133	0.0002877026592399	3.761368900000008e-07	-0.00282714	-0.00042982	7.9927205796e-06	1.8474523240000006e-07	0.0008723799999999	-6.447600000010001e-05	7.610468643998256e-07	4.157154576012897e-09	0.0	0.0	0.0	0.0	0.0	0.0	0.0	0.0	0.0	0.0	0.0	0.0	0.0	0.0	0.0	0.0	0.0	0.0	0.0	0.0	0.0	0.0	0.0	0.0	0.0	0.0	0.0	0.0	0.0	0.0	0.0	0.0	0.0	0.0	0.0	0.0	0.0	0.0	0.0	0.0	0.0	0.0	0.0	0.0	0.0	0.0	0.0	0.0	0.0	0.0	0.0	0.0	0.0	0.0	0.0	0.0	0.0	0.0	0.0	0.0	0.0	0.0	0.0	0.0	0.0	0.0	0.0	0.0	0.0	0.0	0.0	0.0	0.0	0.0	0.0	0.0	0.0	0.0	0.0	0.0	0.0	0.0	0.0	0.0	0.0	0.0	0.0	0.0	0.0	0.0	0.0	0.0	0.0	0.0	0.0	0.0	0.0	0.0	0.0	0.0	0.0	0.0	0.0	0.0	0.0	0.0
55426.673849230254	-23.53829800048697	3072116173.988945	554.0514727597291	68223.6156689453	804.6987236327986	4654461734.943959	647540.0358162553	55968.664459169486	-22.82814766682713	3132491401.343101	521.1243258984651	56171.34478324215	56735.68581003957	1.128744	25.85824	0.3396791999999997	0.213051	-0.0041592319	0.0088060479	0.0259761715	0.0142308541	-0.0162152181	0.0164352424	-0.0064903989	0.0455886786	0.0422723983	0.0123784518	-0.0082748396	-0.0568779017	0.016583031	0.025406095	-0.005548393	0.0872213877	-0.0222044957	0.0291683504	0.0584243262	-0.0183399481	-0.0328556228	-0.0533624296	0.028227747	-0.0004481085	0.0063331892	0.0412704334	0.0219506807	0.0080547506	-0.046725977	-0.0175737009	0.0294677005	0.0447037411	0.0177536716	-0.0488943655	-0.0190883567	-0.0153833277	0.00199703	-0.0189685772	-0.0113640111	-0.0597947222	-0.0122852038	-0.0208508687	0.003838764	0.0082427638	0.0123259522	-0.0343630463	-0.0125114996	0.0479262143	-0.0034087661	0.0080120253	-0.0311643425	-0.0015460542	-0.0424009697	-0.0092784849	-0.0191765732	-0.0040752935	0.0026710667	-0.0206137869	0.0091020338	-0.0251923009	0.019051649	0.0424760237	0.0839843158	0.0361288769	-0.065817238	-0.0013447639	-0.0159199734	-0.0708042891	-0.0382534686	0.0234053519	0.0295162199	-0.0173222222	0.0500409937	-0.0026069225	0.0434952173	-0.0291865807	0.0022821072	0.0146707715	0.0300879028	0.0119819011	0.0301492089	-0.0035303849	-0.0739244808	0.0453460676	-0.0139204002	-0.0184921304	-0.0629446898	-0.025501218	-0.0052957857	-0.0389680578	-0.0113210609	-0.0131557936	-0.0362969374	0.0348666274	-0.0251227229	0.0545089822	-0.0285804451	0.0279011097	-0.0145361145	-0.0704922543	-0.0220246988	0.0254330064	0.0417903907	0.0175118198	0.0176793158	-0.0283288369	0.0462714225	0.0322245977	0.0328368892	-0.0533460638	0.0210129638	0.0161564913	0.0264078941	-0.0617657026	0.0155754641	0.0326661248	0.0519672364	-0.0310341799	-0.0006988479	-0.0058195836	-0.0397499468	-0.0196532372	0.0114104093	-0.0465648735	-0.0173899394	0.0182539678	0.0502159409	0.0123940536	-0.0541704489	-0.0156611963	-0.0119945832	-0.0036187132	-0.0191446778	-0.0221177328	0.0678200947	0.00987367	0.0216636492	0.0018692673	0.0011747886	-0.0090102806	0.028627311	0.0296766781	-0.0434597025	-0.0083193931	-0.0066192723	0.0418005282	0.0131625328	0.0239415411	-0.0232264612	0.0202968218	0.0012409356	0.0161695394	0.0076059223	0.0069847357	0.0098937718	-0.0289586355	-0.0858299301	-0.0498334548	0.0163694182	-0.0757543276	-0.0008518425	-0.0073886177	0.0605127989	0.0218638718	-0.007722209	-0.0419348335	0.0068835495	0.0379092691	0.0092020378	0.0413066674	-0.0281907582	-0.0141911019	0.0095542437	-0.003639964	0.032701007	0.0412927539	-0.0347277908	-0.0714731208	0.0380626715	-0.0103500103	-0.0220839408	-0.0702069272	0.0084205634	-0.0225302437	-0.0201952449	0.0058928732	-0.0212903328	0.0038379064	0.0412657011	0.0221705394	-0.0113698236	-0.0681473211	-0.0092930541	0.0366627134	0.0306734105	0.0618759684	-0.0478001013	-0.0126652759	-0.0439512461	0.0049702017	0.0306859263	0.0237077545	0.0551534423	0.0659514789	0.0151531512	0.0124048421	-0.0160719551	0.0323811764	0.028978059	-0.0422414866	-0.0654151385	-0.0378503491	0.043446848	-0.0558881716	0.001342443	0.0275472902	0.0367774991	-0.0831589169	-0.0363386226	0.0220591524	0.0400620291	0.0091070011	-0.0039693121	-0.030778429	-0.005919817	-0.0618700409	0.0009312682	0.0246066065	-0.0426563977	0.0008306274	-0.0186479898	-0.000175207	-0.0357809787	0.0033178403	0.0309324975	-0.0485206286	0.0399724692	-0.0098926005	-0.0255160508	0.0471801374	-0.0434300072	0.0162857183	0.0196310923	-0.0449733504	0.0460901072	-0.0223798066	-0.0133856785	0.0419407874	-0.047903926	0.0280629691	0.0068944842	-0.0381381307	0.0488381591	-0.0332308549	-0.0002766972	0.0336352026	-0.0488756528	-0.0557486	-0.0020567	4.230014890000007e-06	0.00310790640196	-3.99213	-0.1639399999999997	15.9371019369	0.0268763235999999	-0.592959	0.1292409999999998	0.0167032360809999	0.351600375681	-0.0170504	-8.860000000000118e-05	0.00029071614016	7.849960000000208e-09	-0.00227105	0.00055609	5.1576681025000005e-06	3.092360881e-07	0.00111652	0.00024414	1.2466169104e-06	5.9604339600048815e-08	0.0	0.0	0.0	0.0	0.0	0.0	0.0	0.0	0.0	0.0	0.0	0.0	0.0	0.0	0.0	0.0	0.0	0.0	0.0	0.0	0.0	0.0	0.0	0.0	0.0	0.0	0.0	0.0	0.0	0.0	0.0	0.0	0.0	0.0	0.0	0.0	0.0	0.0	0.0	0.0	0.0	0.0	0.0	0.0	0.0	0.0	0.0	0.0	0.0	0.0	0.0	0.0	0.0	0.0	0.0	0.0	0.0	0.0	0.0	0.0	0.0	0.0	0.0	0.0	0.0	0.0	0.0	0.0	0.0	0.0	0.0	0.0	0.0	0.0	0.0	0.0	0.0	0.0	0.0	0.0	0.0	0.0	0.0	0.0	0.0	0.0	0.0	0.0	0.0	0.0	0.0	0.0	0.0	0.0	0.0	0.0	0.0	0.0	0.0	0.0	0.0	0.0	0.0	0.0	0.0	0.0
55467.30510865178	40.63125942152692	3076621936.016268	1650.89924217942	67910.4105126953	-313.20515624999825	4611823856.002797	98097.46990158582	55965.17731881649	-3.4871403529978124	3132101072.3265715	12.160147841505708	56159.08771779853	56905.70502517502	1.088692	24.940708	0.3322733500000001	0.19922	-0.005022771	0.0039400607	0.008704129	0.0029485957	-0.0048261901	0.010422796	0.0184285799	-0.0098837477	-0.0324465297	0.0514875034	0.0031823743	0.0621743699	-0.0170829715	0.0153578498	-0.0170474903	0.0276021162	-0.0341636084	-0.0041039163	0.0228471456	-0.0165899076	0.0238404435	0.0236298161	-0.0390670854	-0.0363799625	-0.0147645041	0.0046762746	0.0015969525	-0.0083655785	-0.0488224332	-0.0666918053	0.0178898133	-0.0517006749	0.0152382115	0.0312688651	-0.0480305394	-0.0483461126	-0.0027070958	-0.0187027726	-0.0493231988	0.0095524638	-0.0136718857	-0.0408396284	0.0037991054	0.0031017589	-0.0468445042	0.024252213	0.0122313559	-0.0183033239	-0.0064889187	0.0151820578	0.0115727606	0.0105257479	-0.0163420037	-0.0194704612	0.0181222884	0.0339564858	0.0092522208	0.0159122633	-0.0024593918	0.0288233541	-0.0084155323	0.0039131797	0.0032077281	-0.0126438564	0.0293475095	0.0019740292	-0.0294530967	0.0234175207	-0.0498064011	0.0181424219	0.0779117745	0.0116866376	0.0291696271	-0.0065000466	-0.0655929095	-0.0487466594	-0.0125430227	-0.0398036528	0.0592712379	-0.0108042101	-0.0135629099	0.0444750622	0.0634882388	-0.0222625835	0.0407248157	-0.028043946	0.0523743077	0.0167457336	-0.0055743707	0.0402856951	0.0333321511	-0.0301194375	0.0199680662	0.0116609213	0.0003127807	-0.0351365389	0.0434969027	0.0371335582	0.01149243	0.0053381257	-0.0285194572	0.0058298262	0.0037323991	0.0117356074	0.0431881843	0.0389129205	-0.0483220523	-0.0098841872	-0.0058879216	0.0188040061	-0.0291333211	0.0081331744	-0.0045499952	-0.0216348425	0.0159539391	-0.0221879862	-0.0254375914	0.0335351529	-0.0446169241	0.0076869407	-0.0061820246	-0.0015349719	0.0051795249	-0.0460731994	-0.0617995524	0.0389029258	-0.045172567	0.0195914462	0.0281992101	-0.0512479939	-0.0473569521	0.0065731981	-0.0169612523	-0.0560958601	-0.0122798157	0.0137556655	0.0335668034	0.0111437978	-0.002458711	0.0365439176	-0.0326756925	-0.0243481497	0.0218246136	0.0102137321	-0.0160269539	-0.0077419695	0.0129968024	0.025849994	-0.0058333425	-0.0300774585	-0.0194262584	-0.0315392294	-0.0070890833	0.0056104385	-0.0221460053	0.0166703713	-0.0036904696	0.0015914257	0.0041123686	0.0256604492	0.0058453103	0.033404975	-0.0051186578	0.0621229978	-0.0081633772	-0.0752858977	-0.0043029685	0.0005574831	0.0010476264	-0.0570911471	-0.04734624	-0.026239514	0.0209825613	0.0552232556	0.015415698	0.04619677	0.0557137223	0.0729298443	-0.0140023439	0.0310279308	-0.0170190293	0.0555781259	0.0088585108	0.024747549	0.0483632739	0.0173897265	-0.0019971122	0.0057063662	0.0084461966	0.0019096204	-0.0022500137	0.0396663817	-0.0115571307	0.047041927	0.0048048814	-0.0059226298	0.0108833401	-0.0092630569	0.0088818125	0.0452911027	-0.0165710315	-0.0256707291	-0.0449010888	-0.005884429	-0.0191414681	-0.0054832287	0.0249149771	0.0564035831	0.0092394821	-0.0076947254	-0.0098673721	0.0323857154	-0.0312669388	0.036947977	-0.0436055337	-0.0006644253	-0.0022764923	-0.0107206725	-0.014970699	-0.0116542338	0.0207171459	0.0292950911	0.0113058271	0.0475974588	-0.0226794742	0.0134410725	0.0212256565	0.0036122372	0.0148411883	0.0005282223	0.0079336538	0.0020128921	-0.0359066654	0.0036858265	0.0305015125	-0.0484153707	0.0404981621	-0.0109739574	-0.0244051859	0.0467634234	-0.044171958	0.0180134151	0.0177558304	-0.0440518025	0.0468448038	-0.0246446833	-0.0107041222	0.0403419543	-0.0484561318	0.0307174953	0.0034098553	-0.0357179449	0.048969429	-0.0360942395	0.0039616799	0.0302845558	-0.0483730638	-0.063349	-0.0076004	5.7766080160000005e-05	0.004013095801	-3.86515	0.1269800000000001	14.9393845225	0.0161239204	-0.742081	-0.1491219999999999	0.0222373708839999	0.550684210561	-0.0171308	-8.04000000000013e-05	0.00029346430864	6.464160000000211e-09	-0.00261514	-0.00034409	6.838957219600001e-06	1.1839792810000001e-07	0.000569591	-0.0005469289999999	3.2443390728100004e-07	2.991313310409999e-07	0.0	0.0	0.0	0.0	0.0	0.0	0.0	0.0	0.0	0.0	0.0	0.0	0.0	0.0	0.0	0.0	0.0	0.0	0.0	0.0	0.0	0.0	0.0	0.0	0.0	0.0	0.0	0.0	0.0	0.0	0.0	0.0	0.0	0.0	0.0	0.0	0.0	0.0	0.0	0.0	0.0	0.0	0.0	0.0	0.0	0.0	0.0	0.0	0.0	0.0	0.0	0.0	0.0	0.0	0.0	0.0	0.0	0.0	0.0	0.0	0.0	0.0	0.0	0.0	0.0	0.0	0.0	0.0	0.0	0.0	0.0	0.0	0.0	0.0	0.0	0.0	0.0	0.0	0.0	0.0	0.0	0.0	0.0	0.0	0.0	0.0	0.0	0.0	0.0	0.0	0.0	0.0	0.0	0.0	0.0	0.0	0.0	0.0	0.0	0.0	0.0	0.0	0.0	0.0	0.0	0.0
55352.38339392491	-114.92171472687188	3063886347.388054	13207.00051576452	67199.53986523437	-710.8706474609353	4515778158.099223	505337.0774215293	55943.11443348042	-22.06288533606857	3129632052.517485	486.77090935250976	56139.09341178045	56160.79673422281	0.990506	22.691385	0.1053024	0.0562443	-0.000807785	-0.003352298	0.0107832898	-0.0021344498	-0.0203504811	-0.0107972801	0.0397972903	-0.0134944781	0.017419475	-0.0321469462	-0.0267708764	-0.016271993	0.0504090099	0.0160157492	0.0317537659	0.0079533563	-0.0010328688	0.0237640941	-0.0031502668	0.025855315	-0.0105723707	0.0199441116	0.0164809243	0.0300260714	-0.0165935384	0.016445922	0.0257697538	0.0212909863	0.0167753443	-0.0049241501	-0.0092078448	-0.000721116	0.0339938896	0.0061091136	-0.0177554929	0.0271744819	0.0247516069	0.0105322722	0.0098896492	-0.005636486	0.0300587689	0.0109283736	0.0024497966	0.0362440748	0.0027518793	-0.0155968323	-0.0239109459	0.0554630579	0.0357994369	0.0232821087	-0.0111405471	0.0407892166	-0.0222930265	-0.0045194249	0.0390200459	0.0276453273	0.0040143225	-0.0178121022	-0.0025328426	0.0017487304	0.0027681912	0.04440773	0.0190904066	-0.0074801591	0.0497457383	0.0447628482	0.0035748283	-0.0416784768	-0.0549144663	-0.0292783967	0.0413854753	0.0175746325	-0.0386224833	0.0313563295	0.0037259514	0.0121071211	0.0241870346	-0.0879478297	-0.0011306185	-0.0302454309	-0.0054021086	0.0206544608	-0.0317343032	0.0003264356	-0.0405276165	-0.0108522972	-0.0647977925	-0.0196167629	0.0325638558	0.0119569817	0.0075900896	-0.0350659411	0.0118073194	0.0468935744	0.0191772975	0.0259583535	-0.0217719729	-0.0038638337	-0.0235047329	0.0142542103	0.0358421547	0.0345111473	0.0160008165	0.0071130759	-0.0039894549	0.0484429231	0.0083853999	0.0435455971	0.0287938059	-0.0447231255	0.0268486948	0.0282236575	0.0229112228	0.005019407	-0.0286949689	0.0115049405	-0.0206274671	-0.0170309658	0.0230187764	0.0255139652	-0.0171389715	-0.0255826513	0.0183702039	0.0141815641	-0.003269379	-0.0135700274	-0.0014075335	0.0351639977	0.001394322	-0.0159895248	0.0304767336	-0.0283725869	0.0142600315	0.0067914861	0.0110850871	-0.0257708481	-0.0090628793	0.0426552089	-0.0026132323	-0.0056353426	0.0138326527	0.0435193053	-0.0329674937	-0.0357993219	-0.0296358799	0.0065307987	-0.0128035018	0.0384804729	0.0019807938	-0.0304448539	-0.0405534461	0.0122079481	-0.0058760958	-0.0003234161	-0.0103051635	-0.0026861155	-0.0478149375	-0.0023768367	0.0144495364	0.0470235321	-0.0388991844	-0.0245009381	0.036828913	0.0408972654	-0.0563441649	-0.0218841162	-0.0020719096	-0.0537600841	0.0162459241	0.0071379056	-0.0065058092	0.0041650938	0.0732096439	0.0107249394	-0.0498585236	0.0071335688	0.008012969	-0.0210025537	-0.0200816771	-0.0472936772	0.00076469	-0.0570679517	0.0364289389	0.0508337884	-0.0061403981	0.0150245377	-0.0269680711	0.0399709146	0.0376577939	-0.0044424821	0.0151301064	-0.0181522599	0.0011995452	-0.0300708162	-0.0087638679	-0.0198042134	-0.0365605598	-0.026184133	-0.0194428666	-0.0004629522	-0.0473630797	-0.0125202596	0.0475780927	0.0807824321	0.0234917027	0.0311280025	0.0062005793	-0.0656660019	0.0124854719	-0.0149182127	-0.0190117764	0.0226414997	-0.0025767437	-0.0096515237	0.0276719119	-0.0420787645	0.0259305309	0.0083742602	0.0191409642	0.0049682076	0.0020178496	-0.0427664049	-0.0121474883	-0.016920987	-0.0126095838	-0.0174541892	0.0042002069	-0.0035165437	-0.0099520923	-0.0027888193	0.0136414231	-0.0155006706	-0.0360318425	0.0040536034	0.0300666323	-0.048299121	0.0410094892	-0.0120497088	-0.0232773535	0.0463042454	-0.0448631447	0.0197155549	0.0158500872	-0.0430402594	0.0474871876	-0.0268410355	-0.0079884006	0.0385966226	-0.0488096981	0.0332308549	-9.22328e-05	-0.0330951267	0.0487944286	-0.0387098805	0.0081703383	0.026686557	-0.0474417976	-0.0603178	0.0030312	9.188173440000029e-06	0.00363823699684	-3.8977	-0.03255	15.19206529	0.0010595025	-0.705972	0.0361089999999999	0.0013038598809999	0.498396464784	-0.0173856	-0.0002547999999999	0.00030225908736	6.492303999999974e-08	-0.0023955	0.00021964	5.73842025e-06	4.8241729600000056e-08	0.000767395	0.000197804	5.88895086025e-07	3.9126422416e-08	0.0	0.0	0.0	0.0	0.0	0.0	0.0	0.0	0.0	0.0	0.0	0.0	0.0	0.0	0.0	0.0	0.0	0.0	0.0	0.0	0.0	0.0	0.0	0.0	0.0	0.0	0.0	0.0	0.0	0.0	0.0	0.0	0.0	0.0	0.0	0.0	0.0	0.0	0.0	0.0	0.0	0.0	0.0	0.0	0.0	0.0	0.0	0.0	0.0	0.0	0.0	0.0	0.0	0.0	0.0	0.0	0.0	0.0	0.0	0.0	0.0	0.0	0.0	0.0	0.0	0.0	0.0	0.0	0.0	0.0	0.0	0.0	0.0	0.0	0.0	0.0	0.0	0.0	0.0	0.0	0.0	0.0	0.0	0.0	0.0	0.0	0.0	0.0	0.0	0.0	0.0	0.0	0.0	0.0	0.0	0.0	0.0	0.0	0.0	0.0	0.0	0.0	0.0	0.0	0.0	0.0
55438.09147181502	85.70807789011451	3073381986.0373297	7345.874615617936	67518.9993828125	319.4595175781287	4558815277.656235	102054.38337125072	55998.95602635397	55.84159287354851	3135883076.0415254	3118.2834946551434	56201.60167400095	56684.413257787135	0.949235	21.745893	0.0828432	0.0405526	-0.0042413365	-0.0004782854	0.0055306912	0.0049631795	-0.0081114031	0.0175751641	0.0183547351	0.0558906534	-0.0080179452	-0.0022292319	-0.0067020499	0.0217060868	0.0190397413	0.0074508189	-0.0462676166	-0.0028194333	-0.0391090236	-0.0071758338	0.020840542	0.005514769	0.0186961536	-0.0010255605	-0.0006970837	-0.008885349	0.0165570362	0.0021426864	0.0143197492	-0.0261634317	-0.0063050968	0.0191929022	-0.037133375	0.0177502716	-0.0244812032	-0.0197161722	-0.0417150836	-0.0328759776	-0.0124175997	0.0147904952	-0.0470977075	-0.0173152912	-0.0267073555	-0.0065346355	0.0270435255	0.006794559	0.0037560488	0.0296409498	-0.0142050688	0.0101485329	-0.0013622238	-0.0194672945	0.0404968804	-0.0070703364	-0.0213248866	0.0111932598	0.0603996763	-0.0055612625	0.007467976	0.0169251878	0.02441103	-0.0036876299	0.038589431	0.0343264842	-0.0174033175	0.0220422585	-0.025489279	0.0265019849	0.0226362339	0.0058918689	0.0610006314	0.0009722329	0.011936758	-0.0144375019	-0.0032795157	-0.0166371558	0.0146887174	0.0487166144	-0.008812833	-0.0075602623	-0.0244495673	0.0449622757	0.0388297652	-0.1216209562	-0.0518317146	-0.0174210225	0.0297977071	0.0083515484	-0.0398822422	0.0040058224	-0.0465762984	-0.0659137456	0.060127918	0.0231078708	0.0210324275	-0.0405277817	-0.0127119017	0.0399086918	-0.0408994042	-0.0418344733	-0.0182477831	0.0338474477	-0.0125635068	0.010428454	0.0159713845	-0.0753384689	-0.0090775898	0.0250313008	-0.0596673152	0.0222873388	-0.0127233154	-0.0090615126	-0.0323673564	0.0158666001	-0.0094844967	-0.0235197025	-0.0051756898	-0.0176508448	0.0023542607	0.0008602243	-0.0041435941	-0.0225623993	-0.0029459769	-0.0112769731	-0.0282777044	-0.0090353752	0.0106915662	-0.04388332	0.0089268975	-0.0278919719	-0.0210167959	-0.0413642777	-0.0319028244	0.0084280052	0.0202480595	-0.047553154	0.0176361476	0.0217491316	0.0010269496	0.00588242	0.0236973158	-0.0044116508	-0.0273576863	0.0093563832	-0.0077047262	0.0111322995	0.0164866013	-0.0253611248	0.0445735229	0.0095176308	0.0142006671	-0.033507201	-0.0111788027	0.0295315982	-0.0074819809	0.0411781988	-0.0048147867	-0.0264114731	-0.0067630502	0.0331578113	0.0118214957	-0.0273504021	-0.0357344298	-0.0188641275	-0.0127252698	-0.0683219969	0.0210105487	-0.0042449433	0.0147080717	-0.0046422486	-0.0048772536	0.0186930559	0.0568625511	-0.0203640759	0.0512554065	-0.0377741286	0.0364493066	-0.0758511547	-0.0996273966	-0.0319627721	-0.0140819996	0.0464686911	0.0084463316	-0.0433285697	-0.0043414025	-0.0255613397	0.0396799717	0.0709683634	0.0097156155	-0.0274515676	-0.0361396614	0.0105460856	-0.0113372945	-0.0420530529	0.0241589945	-0.0302348332	0.0335970956	-0.0380084614	-0.0246644369	0.0380718665	-0.0165989812	-0.0083490198	-0.0382559903	-0.0645781436	-0.0560716568	0.0032427465	0.0089236523	-0.0116438408	0.0387841649	0.0183613964	0.0067183815	-0.0098310583	-0.007780014	0.0241801978	-0.0101280312	-0.002238101	-0.013330833	-0.0022786396	-0.0384914243	0.0009816118	0.0349543781	0.0080693916	0.0158263982	0.0551478893	-0.0066015128	-0.0242983726	-0.0057396521	-0.0039216057	0.0228098169	-0.0114111826	0.0092740496	0.0078553757	0.0128684455	0.0145173684	-0.0361565084	0.0044211503	0.0296279125	-0.0481719062	0.0415062691	-0.0131193052	-0.0221333376	0.0458030203	-0.0455027728	0.0213897225	0.0139171345	-0.0419407874	0.0480157186	-0.0289627561	-0.0052471816	0.0367111306	-0.0489631754	0.0355914973	-0.0035938487	-0.0302845558	0.0483142525	-0.0410598248	0.0123177063	0.0228705931	-0.0460901072	-0.0631177	-0.0027999	7.839440010000006e-06	0.0039838440532899	-3.87946	0.01824	15.0502098916	0.0003326976	-0.724082	-0.0181099999999999	0.0003279720999999	0.524294742724	-0.0172099	0.0001757	0.00029618065801	3.08704900000003e-08	-0.00287894	-0.0004834399999999	8.288295523599999e-06	2.337142335999999e-07	0.000552669	-0.000214726	3.05443023561e-07	4.610725507600003e-08	0.0	0.0	0.0	0.0	0.0	0.0	0.0	0.0	0.0	0.0	0.0	0.0	0.0	0.0	0.0	0.0	0.0	0.0	0.0	0.0	0.0	0.0	0.0	0.0	0.0	0.0	0.0	0.0	0.0	0.0	0.0	0.0	0.0	0.0	0.0	0.0	0.0	0.0	0.0	0.0	0.0	0.0	0.0	0.0	0.0	0.0	0.0	0.0	0.0	0.0	0.0	0.0	0.0	0.0	0.0	0.0	0.0	0.0	0.0	0.0	0.0	0.0	0.0	0.0	0.0	0.0	0.0	0.0	0.0	0.0	0.0	0.0	0.0	0.0	0.0	0.0	0.0	0.0	0.0	0.0	0.0	0.0	0.0	0.0	0.0	0.0	0.0	0.0	0.0	0.0	0.0	0.0	0.0	0.0	0.0	0.0	0.0	0.0	0.0	0.0	0.0	0.0	0.0	0.0	0.0	0.0
55508.04159309033	69.95012127530936	3081142681.5002465	4893.019466430486	68007.37848632812	488.3791035156173	4625003528.5826845	238514.14875071804	56006.51900802406	7.562981670089357	3136730171.39616	57.1986917421076	56195.52075218542	56950.87007406656	0.8791879999999999	20.141195	0.0648546	0.0323107	-0.0040566015	0.0009268506	0.0076158237	0.0020192551	0.008937309	-0.0001138849	0.0025093615	-0.0318325318	-0.014503444	0.0629547008	0.0206997671	0.0087950854	-0.0119571598	-0.0027602684	-0.0040974698	0.0101533477	0.0114842982	-0.0002918954	-0.0052832703	0.0079735993	-0.0046046526	0.0549811516	-0.0158857386	-0.0022198506	0.0241801336	-0.0326241647	-0.0043651591	-0.0059120609	-0.0237018294	-0.0152604183	-0.0374166964	-0.0007979545	-0.0225181682	-0.0136509542	0.0114037163	0.0202466234	-0.0437061577	-0.0187986594	0.0030978003	-0.0591446861	-0.028388678	-0.0315444793	0.0448263687	-0.0629613665	-0.0371867021	0.0028367531	0.0027637174	0.0213629724	-0.032515269	-0.0321974329	0.0467264266	0.0454112786	-0.0362412503	-0.0050954836	0.0227348684	-0.0372508466	0.0177291804	-0.0226855279	0.0043549038	-0.0213992725	0.0236412098	-0.0036293999	-0.046961992	-0.0258701637	0.0515693336	-0.0263800953	0.0022280815	-0.038936215	-0.0316809453	-0.0325416583	0.022612549	-0.0182865869	-0.0160597946	-0.0102224465	0.0509522614	-0.0176703849	0.0494614227	0.0130575398	0.0166147004	0.0126277534	0.0143685053	0.0056698758	-0.0084540746	0.0347645576	0.0018409683	-0.0555416606	0.0517476021	0.0403788762	0.0091059436	-0.0268206717	0.0138566521	0.00811954	0.0132448064	-0.0070741984	-0.0564742442	-0.0430376613	0.0465792347	0.0165956647	-0.0415701582	-0.0171649787	-0.0062850419	0.0130708358	0.0121089641	-0.0229775131	0.0230438667	0.0324269713	0.0036445156	0.010335053	0.0288647504	0.0383016313	-0.0276903536	-0.0184547695	0.000320968	0.006453873	-0.0072981081	0.0042835173	-0.0552360963	0.0205166688	0.0058191867	-0.0247913818	0.0317181188	0.0036015277	0.0014829847	-0.0210238742	-0.022100321	-0.0298325104	-0.011142066	-0.0272399735	-0.0091623799	0.0114003659	0.0152122276	0.0470953966	-0.0201691352	0.0016987103	0.0580242649	0.0215386266	0.0298987517	-0.0485906582	0.0477523844	0.0347933928	-0.0334039652	0.0015756913	-0.0190176974	0.012613649	0.0344136149	-0.0408338682	0.0212741916	0.0686293303	-0.0054998239	-0.0156946694	0.0047752376	0.0319231344	-0.0187067194	-0.0103322389	0.0077350434	-0.0405331971	0.0326901308	0.0326632175	-0.0032438374	0.0569400588	0.0314827669	-0.0171771137	0.0309128872	0.0273715355	-0.049105431	-0.0096956397	0.026395065	-0.001339597	-0.0148160625	0.0535966828	-0.0235253468	0.0382963786	-0.0072992638	-0.0125547121	0.011550369	0.0234425116	-0.0077765604	0.0004941818	0.0263863123	-0.0124013531	-0.061049962	0.0349640917	-0.0607982308	-0.002838665	0.0152366458	0.0258862846	-0.0076636385	-0.0030931067	-0.0133548458	0.0603657459	-0.0031704639	0.0515526575	-0.0459496749	0.0106840922	0.0231139947	0.0130040053	-0.0238151336	0.0168454842	-0.0098100445	0.0218732449	-0.0226927128	-0.0017297346	-0.0135909332	0.01393047	-0.0543201886	-0.0220982027	0.0070544595	0.0136354015	0.005811491	-0.0112004599	-0.0045599245	0.0288007454	-0.0140245253	0.0152002749	-0.0233355317	-0.0081665266	-0.0262612413	0.0424054431	-0.0302297628	0.0105080909	-0.0201438586	-0.0256327256	0.0130696407	0.0533634392	-0.0060094229	0.0247483102	-0.0055281177	-0.0192145148	0.0219763846	0.0004893181	-0.0017157933	0.007674085	-0.0362806612	0.0047884463	0.029185409	-0.0480337549	0.0419883256	-0.0141822002	-0.0209739336	0.0452602033	-0.0460901072	0.0230335427	0.0119602904	-0.0407556328	0.0484291295	-0.0310039458	-0.0024892147	0.0346923251	-0.0489159345	0.0377885739	-0.0070770633	-0.0273021769	0.0475319038	-0.0431279427	0.0163726724	0.0188678315	-0.044329971	-0.0682506	-0.0051328999999999	2.634666240999996e-05	0.0046581444003599	-3.89763	-0.01817	15.1915196169	0.0003301489	-0.719994	0.0040879999999999	1.6711743999999842e-05	0.5183913600360001	-0.0173296	-0.0001197	0.00030031503616	1.4328090000000086e-08	-0.00243784	0.0004410999999999	5.9430638656000005e-06	1.9456920999999986e-07	0.000741143	0.000188474	5.49292946449e-07	3.5522448676e-08	0.0	0.0	0.0	0.0	0.0	0.0	0.0	0.0	0.0	0.0	0.0	0.0	0.0	0.0	0.0	0.0	0.0	0.0	0.0	0.0	0.0	0.0	0.0	0.0	0.0	0.0	0.0	0.0	0.0	0.0	0.0	0.0	0.0	0.0	0.0	0.0	0.0	0.0	0.0	0.0	0.0	0.0	0.0	0.0	0.0	0.0	0.0	0.0	0.0	0.0	0.0	0.0	0.0	0.0	0.0	0.0	0.0	0.0	0.0	0.0	0.0	0.0	0.0	0.0	0.0	0.0	0.0	0.0	0.0	0.0	0.0	0.0	0.0	0.0	0.0	0.0	0.0	0.0	0.0	0.0	0.0	0.0	0.0	0.0	0.0	0.0	0.0	0.0	0.0	0.0	0.0	0.0	0.0	0.0	0.0	0.0	0.0	0.0	0.0	0.0	0.0	0.0	0.0	0.0	0.0	0.0
55423.4982055626	-84.54338752773037	3071764153.342001	7147.584374663996	67668.80591210937	-338.57257421874965	4579067293.570727	114631.38801311074	55913.76707945479	-92.75192856926878	3126349349.015522	8602.920253318738	56107.80496253568	56400.95494464032	0.968931	22.197123	0.0565636499999998	0.0402886	-0.0024902585	-0.0016265094	0.0053445059	-0.001546346	-0.0156746881	-0.0072405784	0.0176785349	-0.0293867885	0.0071111169	-0.0210337484	-0.0213053049	-0.0123555076	0.0429717873	0.0162427504	0.0530235792	0.0238120281	-0.0004890119	0.0253683619	-0.0114936641	0.0010788551	-0.0221722571	-0.0010330518	0.0419198378	0.0587878013	-0.0598310476	-0.0066331268	-0.0029055318	-0.008579686	0.0346681008	-0.0227643384	-0.0015713159	-0.0221523194	0.0249219823	0.0369737179	0.020818191	0.0050242643	0.0650888163	0.0290495226	-0.0075738242	0.0087413547	0.0082642878	0.0109084877	-0.0355272124	0.0106513651	0.0126159942	0.0161937097	-0.0315050943	-0.0080642636	-0.0160204622	-0.0100681588	-0.0349768867	0.0135581039	-0.026197835	0.043722719	0.0489760485	-0.0762330965	-0.0148748931	0.020120511	0.0359830786	0.0459172227	0.0176365154	-0.0082714586	0.0033660159	-0.0049522908	-0.0349391829	-0.0029218219	-0.0013706544	0.0172809292	0.0268677387	0.010057058	0.0235028547	-0.0821802887	-0.0578913392	0.0254841349	0.0135517432	0.0183472862	0.0275146122	0.0183585662	-0.0132158074	-0.0212320372	0.0050290746	-0.0051847827	-0.0006551178	0.045484686	0.0331382185	0.0120376022	-0.0174959254	-0.0310508086	-0.0091889478	-0.0014416498	0.0261052058	0.0162045437	-0.0488979769	0.0200885005	-0.0072740496	-0.0398022403	-0.0227732521	-0.045185584	-0.0115167743	-0.069920948	0.0137936708	-0.0287946244	-0.024467741	0.0100162525	-0.0777716918	-0.0239993874	-0.0048629415	-0.0355883623	-0.0871723406	0.0242642222	-0.0023691912	0.0382628845	0.0257653515	0.0126143344	-0.0040903733	0.0229803816	-0.0012722964	-0.0425392048	0.0388887528	0.0720934434	0.0083782504	-0.0014037713	-0.0130937353	0.0349967168	-0.0215340044	0.000636379	-0.0222156392	0.0288357128	0.0359434872	0.0188508431	0.0092984786	-0.0664386748	0.0275823916	-0.0098045461	-0.0104236966	-0.005909325	-0.0160291782	0.0062107757	-0.0353081246	-0.0207877591	-0.0141268615	0.0262893758	0.0129753727	0.0172852891	0.0197161337	0.040835582	0.0045609836	0.0334371815	0.0429149434	-0.0166905638	0.0275573714	0.0626064182	0.0299796721	0.0268593693	-0.038536517	0.0072918492	0.0428442224	-0.0012666316	0.0125695601	-0.0399703849	-0.0038842412	0.005228054	-0.0081239378	-0.0228794824	0.0154930142	0.0027987737	0.1018859802	-0.0456162876	0.0072284162	0.0134483587	0.0006132245	0.0250986683	-0.0128905603	-0.0029405395	-0.0193956984	-0.007115607	-0.0182526151	-0.0173898353	0.0560489477	0.0174970122	0.0152711414	-0.0152159807	0.0171656417	-0.0057461339	-0.0067057557	0.0158657978	0.0399998817	-0.0115245001	0.04178826	0.0048765032	-0.0317845879	0.0081301696	-0.0105131689	-0.0566339241	0.0003295095	0.0707368351	0.0383335864	-0.0277978561	0.0174623532	-0.0605414311	-0.0032811659	0.0165874408	-0.0327120028	-0.0770773725	0.0178678616	0.0665093802	0.0145726855	-0.0387189737	0.0073312617	-0.0124748409	-0.0068070305	0.0196161421	0.0027263071	-0.002704649	0.0256351204	-0.042863554	0.0359856592	-0.0077193651	-0.0021977859	0.0159825426	0.0059182049	-0.0383224669	-0.0110775763	-0.0331024932	-0.0278776738	-0.0301872149	-0.001500661	0.0190354935	-0.0107607427	0.0014987663	0.0059905629	-0.0242726152	-0.0364042993	0.0051554705	0.0287391785	-0.0478846987	0.0424554877	-0.015237851	-0.0197999475	0.0446762873	-0.046624473	0.0246446833	0.0099829142	-0.0394872168	0.0487264292	-0.0329589289	0.0002766972	0.0325475373	-0.0486681691	0.0398119877	-0.0105240416	-0.0241649094	0.0464522756	-0.0449000392	0.0203048178	0.014710965	-0.0421769872	-0.0691999	-0.0009493	9.011704900000004e-07	0.0047886261600099	-3.93652	-0.0388899999999998	15.496189710399998	0.0015124320999999	-0.711516	0.0084779999999999	7.187648399999976e-05	0.5062550182560001	-0.0172865	4.3100000000000777e-05	0.00029882308225	1.857610000000067e-09	-0.00243784	0.0	5.9430638656000005e-06	0.0	0.00086297	0.000121827	7.447172209e-07	1.4841817929000006e-08	0.0	0.0	0.0	0.0	0.0	0.0	0.0	0.0	0.0	0.0	0.0	0.0	0.0	0.0	0.0	0.0	0.0	0.0	0.0	0.0	0.0	0.0	0.0	0.0	0.0	0.0	0.0	0.0	0.0	0.0	0.0	0.0	0.0	0.0	0.0	0.0	0.0	0.0	0.0	0.0	0.0	0.0	0.0	0.0	0.0	0.0	0.0	0.0	0.0	0.0	0.0	0.0	0.0	0.0	0.0	0.0	0.0	0.0	0.0	0.0	0.0	0.0	0.0	0.0	0.0	0.0	0.0	0.0	0.0	0.0	0.0	0.0	0.0	0.0	0.0	0.0	0.0	0.0	0.0	0.0	0.0	0.0	0.0	0.0	0.0	0.0	0.0	0.0	0.0	0.0	0.0	0.0	0.0	0.0	0.0	0.0	0.0	0.0	0.0	0.0	0.0	0.0	0.0	0.0	0.0	0.0
55443.3729967931	19.874791230497067	3073967609.261526	395.0073264558431	68409.55331445312	740.7474023437535	4679866984.683004	548706.7140790186	56061.82365207931	148.0565726245186	3142928071.196839	21920.748697319348	56262.25215568506	57126.10842507102	1.174556	26.907745	0.3298553	0.20701	-0.0046536901	0.0148965539	0.0358805299	0.0100540453	-0.0184624524	0.0055351774	-0.0168341885	0.0434928178	0.0426410119	0.0028694008	0.0939982633	-0.0974689514	-0.0281670612	0.0352200254	-0.0280559848	0.0267911085	-0.0208575379	-0.0141995067	0.0864731142	0.0193355816	-0.0596493315	-0.036647102	0.0622086671	-0.0141575402	0.0521266157	-0.0636894949	0.0561795893	-0.018333338	0.0352631434	0.0225684976	-0.0186025735	0.0381394381	0.0442118347	-0.0839004947	-0.0095221717	0.0119354824	-0.0465241029	-0.051077714	-0.0328044174	0.0517851029	-0.0428291942	-0.0363695989	-0.0263875507	0.0600134834	0.0065397314	0.0084118628	0.0058884911	0.0207947388	-0.0656543733	-0.0189699957	-0.026102964	0.019045739	-0.0469245848	-0.0019599945	-0.0757552653	-0.0386258755	-0.0135590882	-0.0145027655	-0.0039345135	0.0691626522	0.0318825212	0.0422366966	0.0479542035	-0.0456893457	-0.0282020737	0.016128257	0.0025450163	-0.009219039	0.009761047	0.0184849234	-0.0093875774	-0.0118530169	-0.01133135	0.0029907232	-0.0339020392	-0.0070252469	-0.0802756559	-0.0319269952	-0.001989809	-0.004017258	-0.0643374517	-0.0067828967	-0.0055674829	-0.002507931	0.0432483531	0.0209408798	0.0069793747	-0.0567360365	0.0128528333	0.0290663739	-0.0410037657	-0.0144695065	0.0290490763	0.0148837132	-0.0235349037	0.0518338114	0.0891072187	0.0204656304	0.0119335228	0.0304488517	-0.0465677487	-0.0445520894	-0.0248433083	0.0203148982	-0.0077832538	-0.014965664	-0.0270805267	0.015348183	-0.0043267734	0.0233432767	-0.0366149623	-0.0389972203	-0.0187756319	-0.0865169366	-0.021073709	0.0596635937	0.0375310664	-0.0551975041	0.0113077448	-0.0646008644	0.065058561	-0.0547746155	-0.0241801136	0.0229932202	0.0205443964	-0.0326734882	0.0339428265	0.0406743399	-0.0847703912	-0.001694482	0.0111546804	0.0489785524	-0.0430268229	-0.0319676388	-0.0383063836	0.0434791667	0.0309706652	0.0457847876	-0.043971551	0.0001789438	0.0131873805	0.0006405968	-0.0454825465	0.0729740184	0.0194980973	0.0218308946	-0.0112712235	0.0294794159	-0.0391649835	0.0749547507	0.0232987908	0.0140940662	0.0263961237	-0.0235053527	-0.081785291	0.0001527616	-0.0144389443	-0.012908505	0.0684960779	-0.0278451069	-0.0189369808	-0.0043180971	0.0169423386	-0.0101012028	0.0164618665	0.0045182093	0.0099704766	-0.012369944	-0.0031248774	-0.0364643159	0.0031005653	-0.0707695357	0.018898027	0.0277790229	-0.0178636056	-0.0330713634	0.0500149789	-0.0190538601	0.014295534	0.0389381403	0.012617208	0.0253641063	0.0537296186	-0.0003512721	-0.0381752438	-0.0274738087	-0.0199108807	0.0252943421	-0.0085586631	0.0356234033	0.0843017455	0.0207496401	0.0231450519	0.0635373269	0.0229117217	-0.0172588146	0.0590288679	-0.0107261338	0.0246863158	-0.016426596	0.0087692127	-0.0168500325	-0.0311337386	-0.0122094528	0.001275965	-0.051850134	0.0183617269	-0.0209399217	0.0323321156	-0.0467233153	-0.0665927799	-0.0454118334	0.0718237871	-0.1197037932	-0.0242337739	0.065486659	-0.0693047885	-0.0255734002	-0.0292297324	0.0522692803	0.0164859802	-0.0124124432	0.0184208506	-0.0182784641	0.0147173979	-0.0208427639	-0.0273287306	0.0328874208	-0.0445417149	-0.0083160417	-0.021725694	0.0276621364	-0.0365274207	0.005522202	0.0282892778	-0.0477247713	0.0429075896	-0.0162857183	-0.0186121956	0.0440518025	-0.047105256	0.0262208584	0.0079884006	-0.0381381307	0.0489069049	-0.0348222698	0.0030417259	0.0302845558	-0.048220895	0.0416524399	-0.0139171345	-0.0208905514	0.0450821203	-0.046363951	0.0240846454	0.0104339452	-0.0396502352	-0.0713307	-0.0021308	4.540308640000009e-06	0.0050880687624899	-4.06497	-0.1284499999999999	16.5239811009	0.0164994024999999	-0.567585	0.143931	0.020716132761	0.322152732225	-0.0180174	-0.0007308999999999	0.00032462670276	5.342148099999994e-07	-0.00208184	0.000356	4.334057785600001e-06	1.2673599999999998e-07	0.00088294	1.997000000000001e-05	7.795830436e-07	3.9880090000000055e-10	0.0	0.0	0.0	0.0	0.0	0.0	0.0	0.0	0.0	0.0	0.0	0.0	0.0	0.0	0.0	0.0	0.0	0.0	0.0	0.0	0.0	0.0	0.0	0.0	0.0	0.0	0.0	0.0	0.0	0.0	0.0	0.0	0.0	0.0	0.0	0.0	0.0	0.0	0.0	0.0	0.0	0.0	0.0	0.0	0.0	0.0	0.0	0.0	0.0	0.0	0.0	0.0	0.0	0.0	0.0	0.0	0.0	0.0	0.0	0.0	0.0	0.0	0.0	0.0	0.0	0.0	0.0	0.0	0.0	0.0	0.0	0.0	0.0	0.0	0.0	0.0	0.0	0.0	0.0	0.0	0.0	0.0	0.0	0.0	0.0	0.0	0.0	0.0	0.0	0.0	0.0	0.0	0.0	0.0	0.0	0.0	0.0	0.0	0.0	0.0	0.0	0.0	0.0	0.0	0.0	0.0
55376.413188745246	-66.95980804785358	3066547137.6506386	4483.615893805398	67916.92857714844	-492.624737304679	4612709187.353483	242679.131804504	55964.83552194149	-96.9881301378191	3132062814.997964	9406.697387630533	56165.21402979305	56877.32826260653	1.239644	28.39884	0.2232481999999998	0.127092	-0.0054677857	0.0043503972	0.0130783974	0.00847158	-0.0135190349	0.0043878851	0.0131479454	0.0036723997	-0.0196653754	0.0486486191	-0.0174211878	0.0421907365	-0.0578296089	0.0139897864	-0.0117339601	0.0852013476	0.0144442037	0.0255419771	0.0292686085	-0.04338852	-0.0064535762	-0.0139469778	-0.0878354422	-0.0600971166	-0.0268474022	-0.0358889453	0.0095598634	0.0251243838	0.0257309756	0.0235539863	0.0278893679	-0.0170241771	-0.0046945792	0.0478038473	-0.0067765747	0.0417753545	-0.0171789199	-0.0103545372	-0.023381657	0.035101625	-0.0415425274	-0.0244951201	-0.0115910387	0.0576308714	0.0061898582	-0.0336502815	-0.0099554971	-0.0165545721	-0.0265297834	-0.0299368771	0.013810972	0.0028224165	0.0389207377	-0.0548162649	-0.0073427935	-0.0044922278	0.0238558184	0.0010534326	-0.0082104806	0.0106820337	-0.0060872015	0.031608194	0.0278977859	-0.0882390457	0.0253691783	-0.00540609	-0.0229348665	-0.0080182915	0.0254730508	0.0354417159	-0.0096990414	-0.0318943231	-0.0296846742	-0.0190645506	0.038928675	-0.0301147171	0.0192877971	0.0145672987	-0.0320123651	-0.025297551	-0.0121814821	-0.041656054	0.0030794969	-0.0383858875	-0.0691617218	0.0396410325	-0.0031404287	-0.0094403285	-0.0089640378	0.0056609031	-0.0059216033	0.0186636523	0.0259994775	0.0476746161	0.0355731779	-0.0219649378	-0.0475285567	-0.0333788204	0.0394464655	-0.0105796727	0.0392270916	-0.0587634608	-0.0061336895	-0.0020165744	-0.0008387941	0.0495684668	0.0122171217	0.004793124	0.0215985284	-0.0786956258	-0.0112135296	0.0260526498	0.0249520982	-0.0300477355	0.0398194489	0.0085631674	0.0150249067	0.0744600488	-0.0828477556	0.0147676126	0.0346127095	-0.0085659179	0.0210494724	0.0220394235	0.0323420192	0.0312412046	-0.0117866334	0.0004599349	0.0450101394	-0.0082490168	0.0434197913	0.0157383418	-0.0082081363	-0.0191613935	-0.023184072	0.0412883401	0.0260666383	0.0314283536	-0.0224061068	0.0063949582	0.0611004909	0.0047800237	-0.0059744202	0.0416714831	0.0257055178	-0.0297922396	-0.0258423558	-0.0335105796	-0.0487351517	-0.0185905952	0.0185210555	-0.0043406023	-0.0278912211	-0.0148229148	-0.0073285565	0.0237458835	0.0071887624	-0.0059794657	0.0871694307	0.034662108	0.0112785298	0.0106821594	0.0346277293	-0.0129557933	0.0402294687	0.0007011074	0.0330991951	-0.0031120231	-0.0262818526	0.0337387552	-0.0372079676	0.0112695706	-0.0158585119	0.0007410353	-0.0125330532	-0.0626172359	-0.0258307745	0.0069438445	-0.0516524172	-0.0532118346	0.0366703892	-0.0124895407	0.0236072089	-0.0111973744	-0.0049755137	-0.0110772633	0.0192002758	0.0556692897	-0.0031463343	-0.0263622676	-0.032865332	-0.0101180143	0.0222986313	-0.0472716365	-0.0315953938	0.0174692987	0.0627123859	0.0166089395	-0.0053093083	0.0197453303	-0.0412911094	-0.0033076689	0.0478042208	0.0473951679	0.0576246765	0.0109911935	0.0293426326	-0.0065109209	0.0099320159	-0.0215148199	-0.0328857772	-0.0041275172	0.0275295092	0.0604289917	-0.0873838826	0.0316852862	0.0290155965	-0.0659148311	-0.0903071937	-0.0276371005	0.0011592832	-0.0017599047	0.0342427504	0.0341441844	-0.0295796504	-0.0392931234	-0.0121077636	0.0212374751	-0.0243679545	-0.0435362312	-0.0096754463	-0.0104535402	-0.0366500239	0.0058886202	0.0278357645	-0.047554009	0.0433444711	-0.0173252667	-0.0174115036	0.0433873161	-0.0475319038	0.0277598318	0.0059801733	-0.0367111306	0.0489701238	-0.0365887872	0.0057970462	0.0279115985	-0.0475759455	0.0433014723	-0.0172389684	-0.0174976787	0.0434300072	-0.04750963	0.0276838006	0.0060717052	-0.036772107	-0.067473	0.0038576999999999	1.4881849289999937e-05	0.004552605729	-4.00479	0.0601799999999999	16.0383429441	0.0036216323999999	-0.643258	-0.0756729999999999	0.0057264029289999	0.413780854564	-0.01687	0.0011473999999999	0.0002845969	1.3165267599999997e-06	-0.00176564	0.0003162	3.1174846096e-06	9.998244000000013e-08	0.00109009	0.0002071499999999	1.1882962080999998e-06	4.291112249999996e-08	0.0	0.0	0.0	0.0	0.0	0.0	0.0	0.0	0.0	0.0	0.0	0.0	0.0	0.0	0.0	0.0	0.0	0.0	0.0	0.0	0.0	0.0	0.0	0.0	0.0	0.0	0.0	0.0	0.0	0.0	0.0	0.0	0.0	0.0	0.0	0.0	0.0	0.0	0.0	0.0	0.0	0.0	0.0	0.0	0.0	0.0	0.0	0.0	0.0	0.0	0.0	0.0	0.0	0.0	0.0	0.0	0.0	0.0	0.0	0.0	0.0	0.0	0.0	0.0	0.0	0.0	0.0	0.0	0.0	0.0	0.0	0.0	0.0	0.0	0.0	0.0	0.0	0.0	0.0	0.0	0.0	0.0	0.0	0.0	0.0	0.0	0.0	0.0	0.0	0.0	0.0	0.0	0.0	0.0	0.0	0.0	0.0	0.0	0.0	0.0	0.0	0.0	0.0	0.0	0.0	0.0
55325.560521369625	-50.85266737562051	3060917647.003733	2585.9937792154988	67144.75817578124	-772.1704013671988	4508418550.484142	596247.1287475809	55874.8086730839	-90.02684885758936	3121994244.253732	8104.833515227238	56069.04900095148	56219.71580667867	1.235493	28.303741	0.2462317499999997	0.14009	-0.0001022803	-0.0138434351	-0.0093096611	-0.0049829144	-0.0127250961	-0.0230130574	0.0194722474	-0.037657636	-0.0052319757	-0.0622692606	-0.0312175991	-0.0012111328	0.0216523826	0.0004324515	-0.0090570526	-0.029806953	-0.0249274397	0.0178702508	-0.0325257677	0.0200423546	0.0094259442	0.0004163628	0.0100037324	0.018701446	0.0200296816	0.0185458054	-0.0421255055	0.015844747	-0.0504675356	-0.0073499122	-0.028036264	-0.0159345777	-0.0139364641	-0.0030987419	-0.0133986652	-0.002199255	0.0070545242	0.000178998	-0.0267964523	-0.0418493136	0.0676937809	-0.0217664499	0.0095125166	-0.0092349867	-0.0389702905	-0.0086916701	0.0263246586	-0.0735792029	-0.0038181376	0.0021146484	-0.0140915986	-0.0066974923	0.0078392955	-0.0184731659	-0.02963587	-0.0062224424	-0.0386641928	-0.0041374567	-0.0154472175	-0.0034672211	-0.0327432669	0.014465886	0.0149487267	0.0161686519	0.0188935543	-0.0403039874	0.0102248197	-0.0189228513	0.0772586322	0.0020079783	-0.0059570264	-0.0128301122	0.0811931588	-0.033128741	0.0345822824	0.0254597025	0.0028685002	-0.0142720414	0.0296746617	0.0492519466	0.0361889815	-0.0383273109	0.0441271447	0.0163531777	0.0021190736	0.0476586131	-0.0280319165	-0.0449709004	-0.0167603913	0.0316456427	-0.0147809388	-0.0023414093	0.0096527958	-0.0142734853	-0.1026368742	-0.0153179585	-0.0165140099	0.0256540672	0.0270831213	0.0046691583	0.0275724171	0.0347926805	-0.0513037817	-0.0017096842	-0.0349069357	-0.0200710858	-0.0227498485	-0.0172765851	-0.0347887972	-0.0177617945	-0.0211676496	0.0133160354	0.0179734561	0.0325798319	-0.0186348922	-0.0091111114	0.0004908384	-0.0101523552	0.0222210981	-0.0110559388	-0.0185744874	0.0454828869	0.0224837332	-0.043581006	-0.0117108293	-0.0242613131	-0.0170845045	-0.0161671838	-0.0017609064	-0.016331644	-0.0053609599	-0.0080972992	-0.0023495013	-0.0250728098	0.0331439566	-0.0724470958	0.0312300235	-0.0127882844	0.0143684417	0.0374316891	0.0105218557	-0.0464165992	0.0608406855	0.0134425612	0.0068739947	0.010534986	-0.0158613776	-0.0186430085	-0.0260256452	0.0155889962	0.0031215888	-0.0038968724	0.0379278493	-0.0190778	0.0094144414	0.0259819042	-0.0266445393	-0.0074995235	-0.0138125422	0.0140943832	0.0273068499	-0.0014633467	0.0058040666	-0.0822177732	0.0096929551	-0.0140622288	-0.0003375553	0.0786318315	0.0129468547	0.0278624241	0.0404939888	0.0047638621	0.0435843017	-0.0083011202	0.0459254127	0.0119669987	-0.0390228688	0.0452449873	0.0334954926	0.0099466342	0.0434817961	-0.0065725457	0.0414392459	-0.0144109589	-0.0157906896	-0.0378672618	-0.0032959079	-0.0196053605	-0.0107734213	0.098650422	-0.0072154338	-0.024507187	-0.0341400779	-0.0028853406	-0.0618902013	-0.0041173585	-0.0229266133	-0.0139195004	0.0559595469	-0.0322684377	0.0138593153	0.0027618186	-0.0228072086	-0.0401043903	0.0351041295	0.0047445755	0.0380951439	-0.02240766	-0.0096038545	-0.0102846859	0.0184037603	0.0183126323	-0.0020075638	-0.0039472084	0.0226933222	-0.0430488338	-0.008121293	0.0071023325	0.0857989624	0.0154295973	0.0071908543	-0.0093161529	-0.0325851804	0.0089386469	0.0007656841	0.000981147	-0.0048409116	0.0042998831	-0.0047331494	0.0100523075	0.0134912294	-0.0016289065	-0.036772107	0.0062547041	0.0273786964	-0.0473724506	0.0437659771	-0.0183559655	-0.0161987064	0.0426834313	-0.047903926	0.02925942	0.0039616799	-0.0352091317	0.0489159345	-0.0382535695	0.0085338634	0.0254372825	-0.0467359647	0.0447515066	-0.0204725349	-0.0140055395	0.0415062691	-0.0483292125	0.031075284	0.0016598739	-0.0335681082	-0.0760768	-0.0086037999999999	7.40253744399999e-05	0.00578767949824	-3.88606	0.1187299999999997	15.1014623236	0.0140968128999999	-0.710919	-0.0676609999999999	0.0045780109209999	0.5054058245609999	-0.0170784	-0.0002084	0.00029167174656	4.34305600000004e-08	-0.00237377	-0.0006081299999999	5.6347840129e-06	3.698220969e-07	0.000881881	-0.0002082089999999	7.777140981610001e-07	4.335098768099995e-08	0.0	0.0	0.0	0.0	0.0	0.0	0.0	0.0	0.0	0.0	0.0	0.0	0.0	0.0	0.0	0.0	0.0	0.0	0.0	0.0	0.0	0.0	0.0	0.0	0.0	0.0	0.0	0.0	0.0	0.0	0.0	0.0	0.0	0.0	0.0	0.0	0.0	0.0	0.0	0.0	0.0	0.0	0.0	0.0	0.0	0.0	0.0	0.0	0.0	0.0	0.0	0.0	0.0	0.0	0.0	0.0	0.0	0.0	0.0	0.0	0.0	0.0	0.0	0.0	0.0	0.0	0.0	0.0	0.0	0.0	0.0	0.0	0.0	0.0	0.0	0.0	0.0	0.0	0.0	0.0	0.0	0.0	0.0	0.0	0.0	0.0	0.0	0.0	0.0	0.0	0.0	0.0	0.0	0.0	0.0	0.0	0.0	0.0	0.0	0.0	0.0	0.0	0.0	0.0	0.0	0.0
55360.4374476869	34.87692631727259	3064778034.399254	1216.3999893404614	67442.56954492188	297.81136914063245	4548500186.821624	88691.61158941804	55905.684511756524	30.875838672625832	3125445560.7280536	953.317413738017	56099.95641056137	56196.20579976664	1.061934	24.327698	0.0488837500000002	0.0294594	-0.0013314117	-0.0139500958	-0.0032487912	0.0124387838	0.0048514533	0.0112796291	0.0191985607	0.0306706957	-0.0287267031	0.0027256945	-0.009827593	0.0310663094	-0.0142802409	0.0113420173	-0.018821909	-0.001463765	0.0443139495	0.0178046283	-0.0037044779	0.0170695414	0.0231155469	-0.0355490742	-0.0277949711	0.0201636467	0.00401795	-0.0361263409	0.0262075537	0.0067575576	0.0396904896	-0.0031835262	-0.0069029001	-0.0226393195	0.0078541726	-0.0167215249	-0.0236698102	0.0132019863	-0.0334461363	-0.03341201	-0.0159151182	-0.0102964685	0.0189441839	0.026837026	-0.0338588241	0.0061527381	-0.0393780108	0.010000436	-0.035135198	0.0211883639	0.0074405874	-0.0452715453	-0.0678592893	-0.0328939417	0.0193949679	-0.0312968693	0.0113886778	0.0029276093	-0.0024978159	0.0182002961	0.0095641881	-0.0057076807	-0.0101162976	0.0296856974	-0.0295644175	-0.0309645125	-0.0179517354	0.0268262792	0.0283701026	-0.0098457391	0.068565792	0.0184647342	-0.0314794474	-0.0676465702	0.0337414218	-0.0492782097	0.0467126121	0.0208880946	0.0440374268	0.0005534682	0.011456838	-0.0214986863	-0.0032328645	0.0267748006	0.019022263	-0.0393926279	-0.0405399339	0.010401593	0.0440500407	0.0242595616	0.0175381292	0.0604916126	0.0222497576	0.0296046253	0.0333337612	-0.0330639126	0.0168070014	-0.0018258106	0.029327558	-0.013916616	-0.0228176705	-0.0056523993	0.0570734735	-0.0320683615	0.0030801454	0.0002653861	0.0363197145	0.032845168	0.0354363181	-0.0160453865	-0.0776914482	0.0365553055	-0.0027045413	-0.0270849031	0.0180295007	0.0008231207	-0.0137670362	-0.0254897794	0.0372622311	0.0309200975	0.0164430698	0.0028672404	0.0378392315	-0.0259117883	-0.0001521289	0.0336944119	0.0047094146	-0.0024124866	-0.0271173393	0.0150231274	-0.0178398074	-0.022224012	0.0099094429	0.0342326291	-0.0305140757	-0.0104929989	0.0169820808	-0.0227775253	-0.0285811209	0.0019648675	-0.0358810704	0.0394622818	-0.0101011404	0.0460169594	-0.0123305855	0.0036120059	0.0373927879	0.0555492561	-0.0321108378	-0.0497767205	-0.0240235508	-0.0205973255	-0.0058267055	-0.0107930047	-0.0013366219	0.0183970287	0.01968587	0.0131125012	0.0188103995	0.042229748	0.0354072642	-0.0085550901	-0.0294051208	-0.0242361109	0.000132571	-0.0561434436	0.0352090169	0.0129183135	0.0598363194	0.0716230662	-0.0281199793	0.0449100262	0.0079268667	0.0595256084	0.007516245	0.0264495813	-0.0064722723	0.0113076879	0.0159056241	0.0242447014	-0.0538323429	-0.0345304701	0.0061978826	0.0433126209	-0.0036206224	0.0316480784	0.0137085144	-0.0145889556	0.0405417427	-0.0199668621	-0.0449750341	-0.0125516937	0.0525852254	0.0320105567	-0.0212781832	-0.0380632504	-0.0168151047	0.0070473766	0.0374879997	-0.002916334	-0.0180385324	0.0492656887	-0.0205563364	0.0550834059	-0.0490150481	-0.0326522048	0.0093572509	0.005139803	-0.0123596681	-0.017227276	-0.0091682592	-0.0130945426	0.0137121739	0.0210018689	-0.0139373593	0.0430910608	-0.046753881	-0.0033624603	-0.0269228273	0.0368146544	-0.0345959251	-0.0160235557	-0.0291783975	0.0135440597	0.0035560997	-0.0473728725	-0.000937616	-0.0243388048	0.0231076647	-0.0269015083	-0.0231444209	-0.0008651	0.0061473917	-0.0154595613	-0.0368936684	0.006620433	0.026918132	-0.0471801374	0.044171958	-0.019377288	-0.014974647	0.0419407874	-0.048220895	0.0307174953	0.0019363856	-0.0336352026	0.0487444668	-0.0398119877	0.0112434423	0.0228705931	-0.0457043959	0.045995879	-0.0236012772	-0.0104339452	0.0393229378	-0.0488170731	0.0342336544	-0.0027655145	-0.0300666323	-0.0762891	-0.0002122999999999	4.507128999999941e-08	0.00582002677881	-3.90892	-0.0228600000000001	15.2796555664	0.0005225796	-0.727172	-0.016253	0.000264160009	0.5287791175840001	-0.0169664	0.000112	0.00028785872896	1.254400000000022e-08	-0.00243784	-6.407000000000027e-05	5.9430638656000005e-06	4.104964900000035e-09	0.0008667819999999	-1.5099000000100044e-05	7.513110355238267e-07	2.2797980100302115e-10	0.0	0.0	0.0	0.0	0.0	0.0	0.0	0.0	0.0	0.0	0.0	0.0	0.0	0.0	0.0	0.0	0.0	0.0	0.0	0.0	0.0	0.0	0.0	0.0	0.0	0.0	0.0	0.0	0.0	0.0	0.0	0.0	0.0	0.0	0.0	0.0	0.0	0.0	0.0	0.0	0.0	0.0	0.0	0.0	0.0	0.0	0.0	0.0	0.0	0.0	0.0	0.0	0.0	0.0	0.0	0.0	0.0	0.0	0.0	0.0	0.0	0.0	0.0	0.0	0.0	0.0	0.0	0.0	0.0	0.0	0.0	0.0	0.0	0.0	0.0	0.0	0.0	0.0	0.0	0.0	0.0	0.0	0.0	0.0	0.0	0.0	0.0	0.0	0.0	0.0	0.0	0.0	0.0	0.0	0.0	0.0	0.0	0.0	0.0	0.0	0.0	0.0	0.0	0.0	0.0	0.0
55446.86607790247	86.42863021557423	3074354957.860852	7469.908120940471	67628.55034570313	185.9808007812535	4573620821.861303	34588.8582592363	55858.44321015172	-47.24130160480127	3120165677.8617454	2231.7405773157984	56051.29526009455	56582.1116613611	1.039079	23.804131	0.0641002	0.0403317	-0.0012267397	-0.0147136179	-0.0102587001	0.0026574368	-0.0032296701	-0.0011603637	-0.0067011521	-0.0213089782	-0.002800584	0.0364312883	-0.0592756979	-0.0085789429	0.0092836879	-0.0246700137	0.0040565283	-0.0226981568	-0.0243945337	0.0244497279	-0.0457604534	-0.00841762	0.0249063369	0.0228649034	0.029522001	-0.0220038379	-0.0235126215	0.0533594205	-0.0292933178	0.016357524	-0.0328269541	-0.0242418233	-0.0142940799	-0.0492085559	-0.0569564928	-0.0262581797	0.0126555171	-0.0265281205	-0.0271947825	-0.0103021551	0.0082064062	0.0632416376	0.0083354087	0.0474326484	-0.0015240748	0.0027425849	0.0325292353	-0.0302566005	0.0044171798	0.0043318572	-0.0228978378	-0.0178610846	-0.0256027573	0.0134026331	-0.0043204423	-0.0645343769	-0.017202939	0.0551712051	-0.0058553404	-0.0305722165	0.0669804441	-0.0266102663	-0.0278919501	-0.0161839679	-0.027521106	0.0466196574	0.0074973369	-0.0141723002	-0.0019773992	-0.0671802884	-0.0321261371	-0.0067826455	-0.0227263586	0.0516023446	-0.0234564035	0.0152928055	0.0451170145	-0.0250038153	0.0064802592	-0.0055319927	-0.0428213927	0.0254408417	0.0478599735	-0.0502024881	0.0338418911	-0.073315597	-0.0197859546	-0.0158728609	-0.0356598429	0.0008823632	0.0105327271	0.028978975	-0.0268239332	-0.0183324278	0.0072391397	0.0321163219	-0.0030412212	0.0216007097	0.0195217132	-0.0134038097	0.0385547821	-0.0216894705	-0.0060027274	-0.0033704566	0.0585747107	-0.1027916237	-0.0246733225	0.0362540193	0.0277993755	0.0432593243	-0.0077202806	-0.0196903633	0.0151643893	0.0192508253	0.025984908	0.0446600984	0.0100261329	-0.0255621826	-0.0229425218	-0.0332660553	-0.021902056	0.0110628368	-0.054286266	0.0247702618	0.0220972971	-0.0224371593	-0.0233971725	0.0001865599	-0.0522592893	-0.0536912346	-0.0211086881	0.0114375775	-0.0337357266	0.0305668186	-0.0150651694	0.0179513679	-0.0650720753	-0.00719984	-0.0348170178	-0.0164472701	0.0035966556	-0.0171683249	0.0476119745	0.0061112314	-0.0166090653	0.0217590876	0.0143092601	0.013335867	-0.0367299467	-0.0075994491	-0.0728836385	0.0102415725	-0.0510580502	-0.0031992138	-0.0161887084	0.0622432956	0.0306883489	0.0032144833	-0.0172979579	0.0109802997	-0.0616117835	0.0010154466	0.0130240877	-0.021502118	0.0481771129	0.0182326982	-0.0253930457	0.0208988711	-0.054460422	-0.0229892364	0.0083266547	0.0442750374	-0.0182011612	-0.0045017035	-0.0079803281	-0.0476780672	-0.0171850939	-0.0220807382	-0.0517334007	0.05672336	-0.0581350517	0.019568485	-0.0103043104	-0.0372402601	0.0190749209	0.0074971743	-0.0022937154	-0.0465717918	-0.0232280651	0.0201385257	0.0174738373	0.0127883101	0.0188623189	-0.0005893397	0.0414074468	0.017422334	-0.0074679886	0.0256308173	-0.0286099952	0.0745243991	-0.06536569	-0.0225250157	-0.0664086039	0.038614532	-0.0204957625	0.0363815785	0.0097948902	0.0188075016	0.0031285075	-0.0136581915	-0.0135900445	-0.0148157341	0.0247288318	0.0094072573	0.0114463716	0.0010000366	0.0298236206	-0.055868303	0.0461717947	-0.0167860833	0.0307557459	0.0027976102	0.0242940792	0.0208907939	-0.0066615766	0.0671177902	-0.0064167965	0.0023526524	-0.0105110198	0.0082692591	0.0134969832	0.004488573	0.0107560202	0.0149872538	-0.0370147062	0.0069857861	0.02645413	-0.046977113	0.04456227	-0.0203887125	-0.0137401766	0.0411600588	-0.0484824465	0.0321319892	-9.22328e-05	-0.0319925587	0.0484561318	-0.0412597087	0.0139171345	0.0202208511	-0.0444854679	0.0470288708	-0.0266091756	-0.0068031578	0.0368936684	-0.0489698633	0.0371352188	-0.0071683153	-0.026298709	-0.0724076	0.0038814999999999	1.506604224999997e-05	0.00524286053776	-3.92491	-0.0159899999999999	15.404918508100002	0.0002556800999999	-0.696917	0.030255	0.000915365025	0.485693304889	-0.0172291	-0.0002627	0.00029684188681	6.90112900000006e-08	-0.00243784	0.0	5.9430638656000005e-06	0.0	0.0008500079999999	-1.6774e-05	7.2251360006383e-07	2.8136707599999997e-10	0.0	0.0	0.0	0.0	0.0	0.0	0.0	0.0	0.0	0.0	0.0	0.0	0.0	0.0	0.0	0.0	0.0	0.0	0.0	0.0	0.0	0.0	0.0	0.0	0.0	0.0	0.0	0.0	0.0	0.0	0.0	0.0	0.0	0.0	0.0	0.0	0.0	0.0	0.0	0.0	0.0	0.0	0.0	0.0	0.0	0.0	0.0	0.0	0.0	0.0	0.0	0.0	0.0	0.0	0.0	0.0	0.0	0.0	0.0	0.0	0.0	0.0	0.0	0.0	0.0	0.0	0.0	0.0	0.0	0.0	0.0	0.0	0.0	0.0	0.0	0.0	0.0	0.0	0.0	0.0	0.0	0.0	0.0	0.0	0.0	0.0	0.0	0.0	0.0	0.0	0.0	0.0	0.0	0.0	0.0	0.0	0.0	0.0	0.0	0.0	0.0	0.0	0.0	0.0	0.0	0.0
55359.80356651661	-87.06251138586231	3064707850.923305	7579.880888813404	67309.48057910157	-319.0697666015621	4530566175.828451	101805.51595917536	55908.610608453215	50.16739830149163	3125772740.1676474	2516.767852340505	56105.46057512191	56615.07029696378	1.001964	22.953857	0.1080687	0.0487164	-0.0028689379	-0.0087151602	-0.0091242657	0.0048496775	0.017074138	-0.0067736923	0.0125364635	0.0216906091	-0.0224525832	-0.0482728733	0.0343984347	0.0360974783	-0.0171086396	0.0211801393	0.0027293952	-0.0439765383	0.0242206477	-0.0111304584	-0.0333767634	0.0405686305	-0.0026312038	-0.0046988163	-0.0183970932	0.0185407564	-0.0049659426	-0.0153644779	0.0002440279	-0.0133071118	-0.022427609	0.0271118081	-0.0663471084	0.0038404955	-0.003184658	0.0289401199	0.0173565743	-0.0131417272	-0.0456369635	-0.0301595827	0.0165573929	-0.001023653	-0.0442407603	0.0515264281	-0.0067434841	-0.0092460402	-0.0068105069	0.0305698665	0.0083470577	0.015322354	-0.0096658393	0.0082631145	0.0775764999	-0.0338798685	0.0170096177	-0.0084854206	-0.0715061644	-0.0266881761	-0.0050339504	-0.0081467455	-0.0352322873	0.0078937364	-0.0156442052	0.0562967888	-0.0638117518	-0.0304884216	-0.0070355671	0.0446719552	0.010294086	-0.0301327572	-0.0320757378	-0.0261975435	-0.0543793994	-0.0409201462	-0.0091034313	0.0607106028	-0.0425143911	-0.00332172	0.0109367733	-0.0099680313	0.0068082986	0.0205503241	-0.0091164064	-0.0319357246	-0.0631962147	-0.0379198512	0.0495373505	-0.0019046992	0.016255076	0.0148067552	0.0103656371	0.0430435144	0.0401819949	-0.0346672559	-0.0703972785	0.0002301092	0.0145736947	-0.0338094678	0.0873031895	-0.0425214908	-0.0170174775	0.0083051334	-0.0613515953	-0.0059480035	-0.0264907236	0.0602346481	0.0466938015	-0.0494509117	-0.0309965745	0.0258319453	0.0417310621	0.0148168831	0.0609769889	-0.0245581887	-0.0108222263	0.0342299404	-0.0394273599	-9.13996e-05	0.0073519951	0.0204946916	0.0131096844	0.0104701588	0.0159348718	0.0032953618	-0.0123027139	-0.0234603434	0.0163141653	-0.0656559461	-0.0080498762	-0.0073891214	0.0350603874	0.0146701941	-0.0161401217	0.0468294212	-0.0259312955	0.0170929826	0.0069503794	0.0370969398	-0.0591727856	-0.0066924729	-0.0068888419	0.0106528637	-0.0280203208	-0.0011314976	-0.0178041574	0.0081874026	-0.0155069288	-0.0680699088	0.0349761236	-0.0352524473	-0.0293880047	0.0575546667	0.0477770542	-0.0093971887	0.0004023221	-0.0428641731	0.0055650711	0.0167361895	-0.0009236032	0.077679011	0.0267428314	0.0061777581	-0.0514597708	-0.0220538453	0.0218761384	0.0302618697	-0.0331709625	0.0608883609	0.0320673366	-0.0038874092	0.0390784665	-0.0532954922	-0.0218261166	0.0037908854	0.0239913959	-0.002511721	0.0039470347	-0.0196527478	-0.0145189152	-0.053942863	-0.0261058594	0.0530852986	-0.0231451616	0.0412135152	0.0081420181	0.0204198058	0.0266147816	-0.0249121966	0.0103851058	-0.0566451228	0.0746887066	0.0042608977	0.0103313275	0.0960697531	0.0402090016	0.017747672	0.0604590844	-0.0014701277	0.0092997114	-0.010941362	0.0291318264	0.0067784824	0.0888713342	-0.0346761076	0.0113916846	0.0394399223	-0.0260558604	-0.0155656056	-0.0679976949	-0.0027263515	-0.0126789634	-0.011845633	0.0233507306	0.0235937775	-0.0079485887	0.0239506948	-0.0240344641	-0.0066301645	-0.0350502474	0.0405529883	0.0377380173	0.0040312501	-0.0254857192	0.0054691703	0.0027225853	-0.0441941073	0.0428744611	0.0432761548	-0.0003891631	-0.022365366	0.0168047116	-0.0237040086	0.0138373317	-0.0128255733	-0.0371352188	0.0073507428	0.0259867497	-0.0467634234	0.0449367745	-0.0213897225	-0.0124961534	0.0403419543	-0.0486882801	0.0335008948	-0.002120693	-0.0302845558	0.0480516209	-0.042592707	0.0165464061	0.0174976787	-0.0430841775	0.0478457346	-0.0294808289	-0.0031337753	0.0342336544	-0.0487865342	0.0397582112	-0.0115125682	-0.0222977292	-0.0806543	-0.0082466999999999	6.800806088999993e-05	0.00650511610849	-3.9001	0.02481	15.21078001	0.0006155360999999	-0.713669	-0.0167519999999999	0.0002806295039999	0.509323441561	-0.0179932	-0.0007641	0.00032375524624	5.838488100000003e-07	-0.00221713	0.00022071	4.915665436899999e-06	4.8712904100000124e-08	0.000669618	-0.0001803899999999	4.48388265924e-07	3.254055209996393e-08	0.0	0.0	0.0	0.0	0.0	0.0	0.0	0.0	0.0	0.0	0.0	0.0	0.0	0.0	0.0	0.0	0.0	0.0	0.0	0.0	0.0	0.0	0.0	0.0	0.0	0.0	0.0	0.0	0.0	0.0	0.0	0.0	0.0	0.0	0.0	0.0	0.0	0.0	0.0	0.0	0.0	0.0	0.0	0.0	0.0	0.0	0.0	0.0	0.0	0.0	0.0	0.0	0.0	0.0	0.0	0.0	0.0	0.0	0.0	0.0	0.0	0.0	0.0	0.0	0.0	0.0	0.0	0.0	0.0	0.0	0.0	0.0	0.0	0.0	0.0	0.0	0.0	0.0	0.0	0.0	0.0	0.0	0.0	0.0	0.0	0.0	0.0	0.0	0.0	0.0	0.0	0.0	0.0	0.0	0.0	0.0	0.0	0.0	0.0	0.0	0.0	0.0	0.0	0.0	0.0	0.0
55344.48308573194	-15.320480784670508	3063011808.026869	234.71713147345827	67630.55090039062	321.0703212890512	4573891415.090326	103086.15121265456	55902.75049678131	-5.860111671907362	3125117513.105383	34.34090880722489	56107.97512971277	56506.57420543324	0.8408839999999999	19.263706	0.1118283499999998	0.0601433	-0.0011234548	-0.0127676523	-0.0117501512	0.0066461759	0.0011703582	-0.0018993757	0.0255894672	0.0148297516	-0.0303057601	0.0546888353	-0.0202666057	0.0104869315	-0.012942236	-0.0098507881	0.0205890696	-0.0155462808	0.0170370491	-0.0158430603	-0.0257089926	0.009519568	0.0392770418	0.0164040134	0.0064978552	-0.0011087135	-0.0666238527	0.017454452	-0.0203121217	0.0060670609	0.01857936	-0.006217277	-0.0048237627	-0.0235179717	0.02902455	0.0132854307	-0.0647813246	0.0131390267	-0.0323096066	0.0114115658	0.0380335682	-0.004403727	-0.0140085573	-0.0183095583	-0.0239475341	-0.007494782	0.0697846665	0.0466836996	0.0037652303	-0.0215157584	-0.0040140054	0.0222073595	0.0568385667	-0.0414899298	0.009170132	-0.0263404618	-0.003525029	-0.0796703883	0.0070152347	0.0916988349	-0.0015306146	-0.0415281943	-0.0095553615	0.0197375259	0.0337270302	0.0022307664	0.0237542709	-0.018241044	0.0189820193	0.0310279293	-0.0305660537	0.0306881263	0.0216938627	0.0050060523	-0.0409977684	-0.049925613	0.0038053856	-0.0084075507	-0.0062874052	0.0145528748	0.0542300618	-0.0381706991	-0.0069036399	0.0462594983	-0.0062962422	-0.0323031686	0.008185323	0.0092314628	-0.0206392966	-0.040008739	0.00648497	0.0081055124	-0.0145230981	-0.0008619581	0.0185594847	-0.0489284882	0.0391222105	0.0314638258	0.0034591194	-0.0710573035	0.0491861349	0.0249004843	0.0036626427	0.0153750109	-0.0320862691	-0.0308605093	0.0114258651	-0.024764045	-0.0917417493	-0.0249545489	-0.0133646423	-0.003892429	-0.0285210454	-0.014331101	-0.0169589759	0.0245568363	-0.009597094	-0.0393600432	-0.0186758726	-0.0159767955	-0.0217352296	0.0605317738	-0.0173249849	0.0153993125	0.0024080793	0.0218471736	-0.0006111205	-0.0004281833	-0.0262913869	0.0264968898	0.0054562146	-0.065311798	0.0143843355	0.0320783154	0.0116871417	0.0320681925	0.0065942838	0.019953373	0.0105414851	0.0022336204	-0.022150376	-0.0796794052	-0.0374566193	-0.016629749	0.0155952982	0.0047678165	-0.0150017728	-0.0292114106	0.0570496423	-0.014878243	-0.0176534082	-0.0224888841	0.1100275111	-0.0047249486	0.0318398774	0.022733002	0.0475889615	0.0072667888	-0.0054072244	-0.0255187422	0.0260674353	0.0247235155	0.0165538171	-0.0082466867	-0.0171404226	0.0175411867	0.0270565566	-0.0176287629	0.0098517667	-0.0413778142	-0.0613790691	0.0113119977	0.0031708328	-0.0012102182	-0.0185057314	0.0572353444	0.0158224058	0.0512596027	0.0246048628	-0.012997783	-0.0266534613	0.0113170753	0.0197240117	-0.0198225538	0.0356641204	0.002469397	-0.0171468579	-0.0011661278	-0.0172680242	-0.0206317416	-0.0372869756	-0.0389480339	0.0339971551	0.0019161089	0.0775728513	-0.0409973882	-0.0268969376	-0.0099796189	-0.0103209625	0.0313693756	0.0359306438	0.0028470774	0.0259841186	-0.0788534612	-0.0439702807	-0.0379012686	0.0170465541	0.0029485454	0.0171667823	0.0032993035	-0.0213739435	-0.0074954584	0.0330640893	0.0147504857	0.0093317893	0.0245177314	0.0032324367	-0.0386922706	0.0029416871	0.01747347	-0.02799593	-0.0104869691	-0.0140548063	0.0408128371	0.0129332245	0.0203319394	-0.0067610965	-0.0079557459	0.0062523489	-0.0008580087	-0.0050268298	-0.0061286991	-0.0009846935	-0.0108129647	-0.0372552045	0.0077152822	0.0255160508	-0.0465391172	0.0452953387	-0.0223798066	-0.0112434423	0.0394872168	-0.0488381591	0.0348222698	-0.0041455125	-0.0285146833	0.0475319038	-0.0438072762	0.019122865	0.014710965	-0.0415062691	0.0484427166	-0.0322015336	0.0005533855	0.0313595323	-0.0482683442	0.0420829549	-0.0157627911	-0.0180991493	-0.0722432999999999	0.008411	7.074492100000166e-05	0.0052190943948899	-3.93832	-0.0382199999999999	15.5103644224	0.0014607683999999	-0.712277	0.0013919999999999	1.9376639999998577e-06	0.5073385247290001	-0.0171426	0.0008506	0.00029386873476	7.2352036e-07	-0.00243784	-0.00022071	5.9430638656000005e-06	4.8712904100000124e-08	0.000874415	0.000204797	7.64601592225e-07	4.194181120900002e-08	0.0	0.0	0.0	0.0	0.0	0.0	0.0	0.0	0.0	0.0	0.0	0.0	0.0	0.0	0.0	0.0	0.0	0.0	0.0	0.0	0.0	0.0	0.0	0.0	0.0	0.0	0.0	0.0	0.0	0.0	0.0	0.0	0.0	0.0	0.0	0.0	0.0	0.0	0.0	0.0	0.0	0.0	0.0	0.0	0.0	0.0	0.0	0.0	0.0	0.0	0.0	0.0	0.0	0.0	0.0	0.0	0.0	0.0	0.0	0.0	0.0	0.0	0.0	0.0	0.0	0.0	0.0	0.0	0.0	0.0	0.0	0.0	0.0	0.0	0.0	0.0	0.0	0.0	0.0	0.0	0.0	0.0	0.0	0.0	0.0	0.0	0.0	0.0	0.0	0.0	0.0	0.0	0.0	0.0	0.0	0.0	0.0	0.0	0.0	0.0	0.0	0.0	0.0	0.0	0.0	0.0
55286.31530141679	-58.16778431514831	3056576659.607672	3383.491132133614	67061.32380957031	-569.2270908203063	4497221151.092042	324019.4809237493	55864.45762436533	-38.29287241597922	3120837625.6645093	1466.3440778664622	56063.05957495837	56113.866334910206	0.848514	19.438494	0.0528338000000001	0.0281462	0.0007271608	-0.0165288605	-0.0178223472	-0.0006346655	-0.0045876071	-0.02188959	0.0345266533	-0.0141462376	-0.0263284081	-0.0393158342	-0.0352563996	0.0024153118	0.0097155961	0.0108752278	0.0138147181	-0.053472199	-0.0175626134	-0.0151119099	-0.0463556076	0.0222849071	0.0030882391	0.0061117598	0.0493985017	0.0034779432	-0.0312205108	0.0391694176	-0.0167242186	0.0191785429	0.0203396526	-0.03489193	-0.0694869356	-0.0165893166	-0.0063827923	0.0545718104	-9.59873e-05	0.0176788452	0.019156384	-0.0242853178	0.0276787264	-0.0185144165	-0.0219788949	-0.0116158199	0.0049686905	-0.0158172668	0.0118929447	0.0029495122	-0.0109442318	0.0020504236	-0.0365421694	5.94564e-05	0.0250258428	-0.0340398814	0.0241538923	-0.0018751862	0.0040137287	-0.0153067968	-0.0592085611	0.0145400158	0.0066257426	-0.0307541284	-0.0056679011	0.0235423995	0.043093669	0.0104360004	-0.0467006676	0.0646269526	0.0476751623	-0.0221564526	0.0189904423	-4.2872e-06	-0.0412856278	0.0372949538	0.036086141	-0.0780283492	0.0040501761	0.0658742424	-0.0117039233	-0.0562370138	-0.0142170262	-0.0100375365	-0.0332328798	0.0385257062	0.0009865177	0.0118575241	-0.0447088165	0.0176115935	-0.0139314952	-0.0416747677	0.005987013	0.0648835105	-0.0223999296	0.0142733976	0.0376583372	0.0326440185	-0.0008675809	-0.0130065277	0.0153851693	-0.0104856565	-0.0159970171	0.0294757215	0.0149940589	0.000436779	-0.0014740738	0.0714623734	0.06168966	0.012475146	-0.0335057964	0.031555901	0.0518940328	-0.0130194843	0.0221404915	0.0606139275	-0.0155583918	0.0483809949	-0.0220607097	-0.0047211475	-0.0051716038	-0.0514066424	-0.0010445704	0.0249571724	-0.0386508995	0.0103386373	0.0151937341	0.0275041427	-0.0345017286	-0.0592662496	-0.0285333365	0.0028149685	0.0565029748	-0.0076015441	0.0134683863	-0.0149429352	-0.0313116735	0.0279340645	0.0162434499	0.0165883395	0.0150907051	-0.0329810747	0.0076711942	-0.009161092	-0.0010322821	0.0073402338	-0.0058994004	0.0408163746	-0.0008254193	-0.0205366818	0.01836399	-0.0365865699	0.0040718156	-0.0093616582	0.0130928095	0.0125206788	0.0547751778	0.0086868367	0.0273553102	-0.0040067583	-0.0350603968	-0.0289061853	0.0278127154	-0.0460609612	-0.0677863041	-0.037901336	-0.015761672	-0.0300652652	-0.0046401539	0.0136113081	-0.0545816949	0.04736899	-0.0483512356	0.0062179407	0.0689644693	0.0182442772	0.0438778514	0.0302027837	-0.0343674235	0.0019693654	0.0554429834	-0.0003101043	0.000613698	-0.0504443434	0.0115021956	-0.0002921982	0.0731393749	0.0121677201	-0.0067800049	-0.042933208	0.012593884	0.0352851664	-0.0129463963	0.0051318795	0.0183904804	0.0208118096	-0.0135840603	-0.0172902852	0.0090943778	-0.0227921244	0.0179207469	-0.0411968266	0.0026189771	0.0516715313	0.0453825356	-0.0325797221	0.0261477906	0.0661667694	-0.0131597845	0.0109470057	0.0153444561	-0.0137092197	-0.0288606512	-0.0015219223	0.0469497787	0.0205267847	-0.0003545594	0.0214871524	-0.0032815317	-0.047522616	-0.0080585531	0.0071377017	0.0577218457	-0.0106678654	-0.0205456199	-0.0103453081	-0.0042419124	-0.0059789095	0.0024611697	0.0002413169	0.0073627727	-0.0062522293	-0.0227237971	0.0016621975	0.009125892	-0.0092334646	-0.0373746616	0.0080793838	0.0250420933	-0.0463042454	0.0456378354	-0.023358459	-0.0099829142	0.0385966226	-0.0489319113	0.0360942395	-0.0061632156	-0.026686557	0.0468982266	-0.0449000392	0.0216382877	0.0118708295	-0.0397582112	0.0488170731	-0.0347573591	0.0042374069	0.0282892778	-0.0474188502	0.0440920108	-0.0198842699	-0.0137401766	-0.0782747	-0.0060314000000001	3.6377785960001245e-05	0.00612692866009	-3.9227	0.0156200000000001	15.38757529	0.0002439844	-0.735369	-0.023092	0.000533240464	0.5407675661610001	-0.0171923	-4.9699999999999744e-05	0.00029557517929	2.470089999999974e-09	-0.00243784	0.0	5.9430638656000005e-06	0.0	0.000986523	0.0001121079999999	9.73227629529e-07	1.2568203663999995e-08	0.0	0.0	0.0	0.0	0.0	0.0	0.0	0.0	0.0	0.0	0.0	0.0	0.0	0.0	0.0	0.0	0.0	0.0	0.0	0.0	0.0	0.0	0.0	0.0	0.0	0.0	0.0	0.0	0.0	0.0	0.0	0.0	0.0	0.0	0.0	0.0	0.0	0.0	0.0	0.0	0.0	0.0	0.0	0.0	0.0	0.0	0.0	0.0	0.0	0.0	0.0	0.0	0.0	0.0	0.0	0.0	0.0	0.0	0.0	0.0	0.0	0.0	0.0	0.0	0.0	0.0	0.0	0.0	0.0	0.0	0.0	0.0	0.0	0.0	0.0	0.0	0.0	0.0	0.0	0.0	0.0	0.0	0.0	0.0	0.0	0.0	0.0	0.0	0.0	0.0	0.0	0.0	0.0	0.0	0.0	0.0	0.0	0.0	0.0	0.0	0.0	0.0	0.0	0.0	0.0	0.0
55280.18392883817	-6.131372578623996	3055898735.2061777	37.59372969790227	67268.730703125	207.40689355468203	4525082130.409552	43017.6194940032	55886.93543165196	22.47780728663201	3123349551.941635	505.25182041496726	56087.63149493042	55998.13114283178	0.890266	20.394985	0.1163581000000001	0.051147	0.0008795643	-0.024232703	-0.0221295764	0.0107545994	0.0098340434	0.0010000959	0.0165547928	0.0560250993	-0.0225342887	-0.0056669516	-0.0112250359	-0.0294179751	-0.0154625635	-0.0090011053	-0.0251333482	-0.0682979094	-0.0010287828	-0.0289939753	-0.0169745049	0.0410147819	0.018662427	-0.0225547199	0.0454947829	-0.0319597873	0.0802237161	0.0072967417	0.0010644947	0.0473960523	-0.0042966643	0.0232534223	0.0377470444	-0.0551467538	0.0122555306	-0.0485348504	0.0244404995	-0.0032565082	-0.0256033695	0.0159640769	-0.0147492944	0.003223529	-0.0682218273	0.0382035787	-0.0608836356	-0.0638743559	-0.0209800142	-0.0034975501	-0.0191248147	-0.0122344303	-0.0149478222	-0.0254809551	0.0350106164	-0.0105976778	-0.0290547705	0.0234734445	-0.0234210328	0.0043058418	0.0295747875	0.0181536079	-0.0692474569	-0.0361477826	-0.0335180445	-0.0474448769	-0.0260606097	-0.061851967	-0.015672597	-0.0350157984	-0.0087614296	0.0005625002	0.0191876794	-0.0308909167	-0.0292278849	0.0023291161	-0.0367859381	0.0429386282	-0.0492474661	-0.0090539208	-0.050489874	0.0125677696	0.0591773006	0.0188486925	-0.0308215066	-0.0025241152	-0.0080013501	0.0024735062	0.0019992986	0.0313309672	-0.0160170761	0.0074966935	0.0059229511	0.0307732023	0.0301973054	-0.0092111764	0.0158480848	-0.0513632914	-0.0618729638	0.0103318321	0.0187156256	0.0275558158	-0.0055360245	0.0602783212	-0.0382129628	-0.042055118	-0.0393427986	0.0058513863	0.038286036	0.0271552776	0.0248759941	-0.0271757919	-0.0060520759	-0.0290325838	0.0235811191	0.0059976265	-0.0304887438	0.0151651966	-0.0368118165	-0.0216364158	0.0247795763	-0.0385748739	0.0079161124	-0.0882932965	-0.0094691553	0.0009972049	0.0475585055	-0.0030978914	0.0346783236	0.0428063815	-0.0449143739	0.0160268518	-0.0481700718	0.0262640177	-0.008252988	0.025597791	0.0148930055	-0.0138375683	-0.003307025	0.0528174703	-0.0460175763	-0.0772310156	-0.0503725761	0.0231083433	-0.01333787	0.0144852804	0.0192015184	-0.001992449	0.0266282153	-0.0229872882	0.0404144212	0.0184362387	0.0112039677	0.0370246737	0.0063270258	-0.040733739	-0.0286179846	-0.0642901756	0.0476687439	0.020722463	0.0769401033	-0.0044403952	0.0351864901	0.0036798603	0.0274866502	0.0138738555	-0.0027198168	-0.0232709709	-0.0195818789	0.0410193212	-0.0045456327	-0.0383032865	0.0246050652	-0.0544248592	0.0073785599	-0.053680618	-0.0129909786	0.0293943149	0.0407730277	0.0027445207	0.0136918153	-0.0067284197	0.0074201029	0.0030689359	0.0254289832	0.0023270553	0.0046523729	0.028690238	0.0075330577	-0.0052257746	-0.0024509368	-0.0549580854	-0.0316979603	0.0708412468	0.0196093954	0.0032778859	-0.0054232002	0.0313772381	0.0284456528	-0.0597050119	0.0349199893	0.0374226312	0.0384547348	0.0295319417	-0.001264297	0.0216058338	0.0298803482	0.0070219412	0.0328980142	0.0108731948	-0.0193665761	-0.0049828782	-0.0358108119	-0.0089376666	0.0521769364	-0.0057082059	0.0127342453	-0.0117151287	-0.0024075946	-0.027706383	-0.0445921284	0.0283273161	0.0289436234	-0.0026650344	-0.0111422979	0.0687068062	-0.0134356847	-0.0188124143	0.0094161048	-0.0070803654	0.0165985237	-0.0172368502	-0.0058110875	0.0063950535	0.0015744716	0.0130423358	-0.0374935883	0.0084430267	0.0245649379	-0.0460588611	0.0459641431	-0.02432518	-0.0087154456	0.0376709804	-0.048969429	0.0373149993	-0.0081703383	-0.0248039116	0.0461521087	-0.0458679577	0.0240846454	0.0089875862	-0.0378471697	0.0489670838	-0.0371352188	0.007897389	0.0250420933	-0.0462438827	0.0457703078	-0.0238433419	-0.0092594399	-0.0722956	0.0059791	3.574963681000001e-05	0.00522665377936	-3.91796	0.0047399999999999	15.3504105616	2.2467599999999683e-05	-0.703367	0.032002	0.001024128004	0.4947251366889999	-0.0167656	0.0004267	0.00028108534336	1.8207289000000176e-07	-0.00285643	-0.0004185899999999	8.159192344900001e-06	1.7521758809999998e-07	0.000359073	-0.00062745	1.28933419329e-07	3.936935025e-07	0.0	0.0	0.0	0.0	0.0	0.0	0.0	0.0	0.0	0.0	0.0	0.0	0.0	0.0	0.0	0.0	0.0	0.0	0.0	0.0	0.0	0.0	0.0	0.0	0.0	0.0	0.0	0.0	0.0	0.0	0.0	0.0	0.0	0.0	0.0	0.0	0.0	0.0	0.0	0.0	0.0	0.0	0.0	0.0	0.0	0.0	0.0	0.0	0.0	0.0	0.0	0.0	0.0	0.0	0.0	0.0	0.0	0.0	0.0	0.0	0.0	0.0	0.0	0.0	0.0	0.0	0.0	0.0	0.0	0.0	0.0	0.0	0.0	0.0	0.0	0.0	0.0	0.0	0.0	0.0	0.0	0.0	0.0	0.0	0.0	0.0	0.0	0.0	0.0	0.0	0.0	0.0	0.0	0.0	0.0	0.0	0.0	0.0	0.0	0.0	0.0	0.0	0.0	0.0	0.0	0.0
55370.73705672405	90.55312788588344	3065918522.204874	8199.868969917161	67745.03675634766	476.3060532226664	4589390005.118896	226867.4563365535	55917.20001775568	30.264586103716283	3126733257.8256955	915.9451720292568	56113.748039441605	56620.06097047484	0.953046	21.833199	0.0834643499999999	0.0370497	-0.0002321374	-0.0164227925	-0.0218393336	-0.0025947227	0.0045358662	-0.0311883058	0.0060228864	-0.057951065	-0.0334298993	0.0264891498	-0.0010421772	0.0227177816	-0.035102783	0.010190793	-0.0397860014	-0.0360410755	0.0228986202	-0.0153900968	-0.0451928948	-0.0050875653	0.0122584812	0.0205279093	-0.005527635	-0.0127864538	0.0072078142	-0.0078116551	0.0222307824	0.0422440319	0.0390822535	-0.0544490862	0.0316539562	-0.0348981125	-0.0073626823	-0.0101401526	0.013452113	-0.0015254515	0.0132419531	-0.0140595627	0.0570182597	0.0136757549	-0.0066939252	0.0302057171	-0.0094692644	-0.0742725967	-0.0079761917	0.0314572717	0.0053559349	-0.039863718	-0.0243617075	0.0379867983	7.23728e-05	0.0134918276	-0.0101272681	0.0172094146	0.0275939755	0.0174145365	-0.035900845	-0.0466385084	0.0228405953	-0.0022278772	0.0208132681	0.018982655	-0.0318719726	0.0192553359	-0.0369217799	0.0163223031	-0.0113664944	0.012869888	-0.0180529445	0.0473375169	-0.0792634067	-0.0035196626	0.0065707367	-0.0142966973	0.0201872769	-0.0410631955	0.0574735675	0.0183972581	0.0480465234	0.0041333276	-0.0081393204	0.0122045445	0.0104354028	-0.0233703572	-0.0242450813	-0.045266158	0.0102485335	0.0139739248	-0.0118180824	-0.0153481616	-0.0051621458	0.0360947178	-0.0313133052	-0.0063942504	0.0432731844	0.0221124297	-0.0464509427	0.0414207239	0.0019347245	0.052446154	-0.0351711187	-0.0422846396	-0.0094545486	0.016146541	0.0514227551	0.031191855	0.0048442536	-0.0232920226	0.0320215318	-0.0327121783	-0.0108429312	0.0223402254	-0.0132945586	0.04490272	0.0073019355	-0.0132494188	-0.019873252	0.0073489303	-0.005797314	-0.0107865688	0.0054802443	-0.0234650545	0.0401187486	0.041049377	-0.0366329776	0.0473239773	-0.0320172431	0.011209472	-0.0074452005	0.0127429605	-0.0076763146	-0.0102059358	-0.0202522807	0.0684352633	-0.0186134412	-0.000538731	-0.0257860946	-0.0730338462	0.0036050828	0.0063246885	-0.0375339869	-0.0174307696	0.033333668	0.0251475252	-0.0267755036	-0.0006968821	-0.0083617456	0.0175661199	0.00955154	0.0031313245	-0.0472978333	0.0446438606	0.0119173827	0.0057048167	0.009455506	-0.0161791981	-0.0136248884	0.0458715589	-0.0070732437	-0.0382833956	-0.0133945472	0.0034743367	0.0052762056	0.0296026135	0.0579907248	0.062261259	-0.0109816523	0.0187160588	-0.0215197566	0.0103965454	-0.0652076025	0.0538306628	0.0025454666	0.0327291464	0.037541634	0.0154635065	0.0062235383	0.0115472096	-0.0190654633	-0.0073727759	-0.039223971	-0.0180790045	-0.0288246298	-0.0195027493	-0.0045603171	-0.0096449996	0.0334783013	-0.0062223186	0.0025128875	-0.0566295685	-0.0134524318	-0.0401579808	-0.0176081933	0.0301052304	0.0339642028	-0.0481670179	0.0446572168	0.0197432017	0.0206360576	0.060987354	-0.0022420397	-0.0171232349	0.0420079459	0.0115483638	0.0215991913	-0.0158062788	0.025112995	-0.0134215094	-0.0344769713	-0.0043435469	0.0578545171	0.0049673532	0.0100650026	0.0346716172	-0.0329595005	-0.025919318	-0.0167390788	0.0256263937	0.0194888394	-0.0071633717	-0.0330434497	-0.0283608741	0.0107065462	0.0589973687	-0.0028258982	0.0203201021	-0.0119156433	-0.0226588704	-0.0092562675	-0.0129993827	-0.0055836763	0.0341007603	-0.037611983	0.0088061905	0.0240846454	-0.0458030203	0.0462741461	-0.0252794756	-0.0074419176	0.0367111306	-0.0489506689	0.0384828171	-0.0101634351	-0.0228705931	0.0452953387	-0.0467083402	0.02645413	0.0060717052	-0.0357809787	0.0488920593	-0.0393229378	0.0115125682	0.0216382877	-0.0447515066	0.047105256	-0.0276076712	-0.004696647	-0.0749308	-0.0026352	6.944279040000022e-06	0.00561462478864	-3.94039	-0.0224299999999999	15.5266733521	0.0005031048999999	-0.71644	-0.013073	0.000170903329	0.5132862735999999	-0.0171483	-0.0003826999999999	0.0002940641928899	1.4645928999999978e-07	-0.00261828	0.0002381499999999	6.855390158400001e-06	5.671542249999995e-08	0.000644746	0.0002856729999999	4.15697404516e-07	8.160906292899998e-08	0.0	0.0	0.0	0.0	0.0	0.0	0.0	0.0	0.0	0.0	0.0	0.0	0.0	0.0	0.0	0.0	0.0	0.0	0.0	0.0	0.0	0.0	0.0	0.0	0.0	0.0	0.0	0.0	0.0	0.0	0.0	0.0	0.0	0.0	0.0	0.0	0.0	0.0	0.0	0.0	0.0	0.0	0.0	0.0	0.0	0.0	0.0	0.0	0.0	0.0	0.0	0.0	0.0	0.0	0.0	0.0	0.0	0.0	0.0	0.0	0.0	0.0	0.0	0.0	0.0	0.0	0.0	0.0	0.0	0.0	0.0	0.0	0.0	0.0	0.0	0.0	0.0	0.0	0.0	0.0	0.0	0.0	0.0	0.0	0.0	0.0	0.0	0.0	0.0	0.0	0.0	0.0	0.0	0.0	0.0	0.0	0.0	0.0	0.0	0.0	0.0	0.0	0.0	0.0	0.0	0.0
55427.26694747202	56.52989074796642	3072181921.266324	3195.6285479770195	67283.77908789062	-461.25766845703765	4527106928.348067	212758.6367104225	55904.69793429642	-12.502083459257848	3125335251.124926	156.30209082224866	56105.281015848	56029.63679167512	1.00693	23.067633	0.0745342000000003	0.0376825	-0.0004465406	-0.0250394429	-0.0289086219	0.009306497	0.0105989285	-0.0082081931	-0.0162657798	0.0389676369	-0.0124337339	-0.0627125651	-0.0396193425	-0.0063674193	0.000765989	-0.0297321867	-0.0045274488	-0.0481150905	0.0157327552	-0.040626697	-0.0287928564	0.0276987819	-0.0035316471	-0.030406064	0.0164983562	0.0120218958	-0.0299428437	-0.022430629	-0.0118493692	0.0224977737	-0.0105365588	0.0103668639	-0.0390332244	-0.0283151366	-0.0224752983	0.0012282484	0.0276539423	0.0029772373	-0.0432132387	0.0061466111	0.0245141451	-0.0253550753	0.0622591974	0.0080088404	-0.0367173861	0.0044786177	0.0216965571	-0.0521354433	-0.0054386822	-0.0143999076	0.0330179554	0.0249556758	-0.0155595493	-0.0613596943	0.0086393783	0.0135359995	0.015425784	0.0474211495	0.0354872002	-0.0254783001	-0.0255428968	-0.0215520317	0.013867404	-0.0185241906	-0.0187615551	0.0130113789	-0.073781306	0.0012237419	0.0211826756	0.052445118	0.0778693234	0.0054497041	0.0080522374	0.0493152724	-0.0138079409	0.0482648246	0.0370783823	-0.0114693204	-0.0245287298	0.0275500184	0.0341284466	0.080378894	0.0064634668	0.0321034758	-0.0264453299	-0.0528681866	0.0243115889	-0.0153367162	-0.058750035	-0.0419375247	0.0237106762	0.0009967205	0.003315046	0.0089475037	-0.0348500656	-0.0347514888	0.0286520637	0.0115251893	0.0645670362	-0.0704693872	0.0073617747	-0.0273805316	0.0344672003	0.0603395698	-0.0331975697	-0.0331300435	0.0303583033	-0.0239607754	-0.0165570465	0.0040346339	-0.0006314024	-0.0387823757	0.0086789504	-0.0239391864	-0.040118625	0.0301645728	-0.0254179057	0.0009259092	0.0323800771	-0.0184084394	0.0038832982	0.0286680917	0.0217938693	0.0098156895	0.022678984	-0.0046205165	0.0068929805	-0.0344752949	-0.0345890937	-0.0229233887	0.00549896	0.0282159851	-0.0019304078	0.0411330022	0.005993088	0.0275894465	0.0237548314	-0.063064518	-0.0013393435	-0.0046389701	-0.0270838378	-0.0178285482	0.0519906272	0.0029280031	0.0237743173	-0.0403802603	-0.0267002858	0.0319042776	0.0272450192	-0.0502392797	0.0241233171	0.0013994891	-0.0348657475	-0.0231307669	-0.0556741616	-0.0189765771	0.0216618854	-0.0232633783	0.0144304976	0.0104271378	-0.002811082	-0.0582291281	-0.0140466793	0.0121783329	-0.0665208128	-0.0757580234	0.0264050157	0.0070901655	-0.0361717863	-0.0438256215	0.046554099	0.0369400097	-0.0080989664	-0.0233858285	-0.0090515224	-0.0314102178	0.0687598342	0.036339866	0.0260878602	-0.0118097899	-0.0346598307	0.053176557	-0.0228738587	-0.0486057073	0.0245201708	0.0070572697	-0.0455526189	-0.0143009886	0.0042481729	-0.050422253	0.0104287394	-0.016373702	0.03766466	0.0559146685	0.0521053632	-0.0383953162	-0.0266117335	0.0407201848	-0.0721143259	0.0255459439	0.0217609959	0.0070406215	0.0318926917	-0.0274863897	-0.0071226462	0.0180011204	0.0321134446	-0.0172630872	-0.0221882549	0.0171886892	-0.043450447	0.0019146796	0.0754461376	-0.0012640458	0.011477001	0.0128129135	0.007213615	-0.0252882804	-0.0088993104	0.0110888676	0.0456091505	-0.0070736311	-0.0101126358	0.0240570571	-0.0127590777	-0.0464817285	-0.0247493546	-0.0265354362	-0.0021009183	-0.0239233702	-0.0310774859	-0.007755109	0.014194528	0.025873415	-0.0377298441	0.0091688544	0.0236012772	-0.0455367808	0.0465677344	-0.0262208584	-0.0061632156	0.0357179449	-0.0488756528	0.0395960362	-0.0121390845	-0.0208905514	0.044329971	-0.0474188502	0.0287391785	0.0031337753	-0.0335681082	0.0485923444	-0.0413093142	0.0150624352	0.0180991493	-0.0429519653	0.0480868413	-0.0311465121	-9.22328e-05	-0.0636757	0.0112551	0.00012667727601	0.00405459477049	-3.95365	-0.0132600000000002	15.6313483225	0.0001758276	-0.727295	-0.010855	0.000117831025	0.528958017025	-0.0166476	0.0005006999999999	0.0002771425857599	2.5070048999999975e-07	-0.00287675	-0.0002584699999999	8.2756905625e-06	6.68067408999999e-08	0.000620634	-2.411199999999996e-05	3.85186561956e-07	5.81388543999998e-10	0.0	0.0	0.0	0.0	0.0	0.0	0.0	0.0	0.0	0.0	0.0	0.0	0.0	0.0	0.0	0.0	0.0	0.0	0.0	0.0	0.0	0.0	0.0	0.0	0.0	0.0	0.0	0.0	0.0	0.0	0.0	0.0	0.0	0.0	0.0	0.0	0.0	0.0	0.0	0.0	0.0	0.0	0.0	0.0	0.0	0.0	0.0	0.0	0.0	0.0	0.0	0.0	0.0	0.0	0.0	0.0	0.0	0.0	0.0	0.0	0.0	0.0	0.0	0.0	0.0	0.0	0.0	0.0	0.0	0.0	0.0	0.0	0.0	0.0	0.0	0.0	0.0	0.0	0.0	0.0	0.0	0.0	0.0	0.0	0.0	0.0	0.0	0.0	0.0	0.0	0.0	0.0	0.0	0.0	0.0	0.0	0.0	0.0	0.0	0.0	0.0	0.0	0.0	0.0	0.0	0.0
55580.776922858895	153.50997538687807	3089222763.348604	23565.31254327991	67995.20982226562	711.430734374997	4623348558.773927	506133.6898133475	56013.93964201523	109.24170771881472	3137561434.219325	11933.750705322944	56202.39666091817	56733.44224171824	0.942648	21.595011	0.0872073500000001	0.0438462	-0.002502251	-0.0240046767	-0.0306688606	0.0063013831	0.0407440523	-0.0097873276	-0.0427895274	0.0086759551	-0.0205493648	0.0470216787	-0.0362979545	0.0047307192	-0.0322178039	-0.0174433376	-0.0127470072	-0.0488256374	0.0017125189	-0.0378727831	0.0061143071	-0.0032280979	0.0241308548	0.0138121971	-0.0170673017	0.0050633294	0.0262324936	0.0306073629	-0.0095170384	0.0036967455	0.0007041918	0.0293646729	0.0116987603	-0.0424968963	-0.0044010607	-0.0073373688	-0.0206811365	-0.0137589391	-0.0317599098	-0.0036640553	-0.0062967273	0.0068333196	-0.0257729135	0.0157749002	0.0438846201	-0.000854322	0.0164429519	0.0542780297	-0.0264229426	-0.0110338489	0.039517925	0.0177474644	0.0558626585	-0.038141167	0.0395471539	-0.0122291067	0.0148307597	0.0348649303	0.0162167746	0.0088998325	0.0085902595	-0.0164341186	-0.0255528763	-0.0430734799	-0.0286513219	-0.0015453388	-0.023625466	-0.0026425405	0.038084556	0.065290341	-0.0054532982	0.040434565	-0.0380300165	0.0106330002	0.0477538899	-0.0040866557	-0.0314749246	0.0280235863	0.0046198318	-0.0096241391	0.0055450208	-0.014156717	-0.006294439	-0.0063558979	-0.0184483068	-0.0006529937	-0.0365291001	-0.0085784033	0.0109597585	-0.0216750938	0.0325402347	0.0042697204	0.0258422705	-0.0167153373	0.0055132349	-0.0244409864	-0.0031118277	0.0226437266	0.0167626352	0.0151139041	0.071033768	-0.019546538	0.0220795863	0.0081016248	-0.0895228582	-0.0142056396	-0.0239518801	0.0400645368	-0.0198244427	-0.0446119837	0.027347052	0.0132918042	-0.0198857232	-0.022015057	-0.0369870084	-0.0059305534	0.0068988287	-0.0249179861	-0.0129963866	0.0207710489	0.0139890236	-0.021072546	-0.0288985467	0.0109348523	0.0019026652	-0.0041771174	0.0351154669	0.0160780623	-0.0376803548	-0.0037453308	-0.0094605112	-0.0182061281	-0.0153311961	0.0335723168	-0.0051666709	-0.0091514162	-0.0093625924	0.0286070107	-0.0141772567	0.0106041292	0.0466425383	-0.0232479284	-0.0406958886	0.0146602029	0.0279069022	-0.0148096901	-0.0305811564	-0.0526315733	0.019205635	-0.0645822446	-0.0065950431	-0.020738596	-0.0168051611	-0.012291255	-0.0265949161	0.015409916	0.0270518655	0.0233613647	0.0334380975	0.0018754657	-0.0128619418	-0.0178697154	0.0082832687	-0.0200728035	-0.0667626466	0.0179817162	0.0598233981	0.0075382224	-0.0288391934	0.0397976171	0.0046111952	-0.0394237659	0.0222634689	0.0160644461	0.0124077903	0.0199135491	-0.0024649672	-0.0082404624	-0.0041284212	-0.019762018	-0.0213484236	-0.0337827358	-0.0137635938	0.0070700486	0.0120392755	0.0144303428	-0.0230465092	0.0296517971	-0.003164132	-0.0260365536	-0.0016304314	0.0001433101	0.0242930803	-0.012627314	0.0297218887	0.0227895194	-0.0670087314	0.0274273746	0.0055888696	0.0057414342	0.0907808875	0.0023171932	-0.0407441049	-0.0192889181	0.0054993036	-0.0398543236	0.0113431315	-0.0673795684	0.0079483264	-0.0077169163	-0.0426451248	0.0002950924	0.0764495864	-0.0090980481	0.0022065799	0.0218991151	-0.008805399	0.002859423	-0.0164573833	0.0382036583	-0.0169905703	-0.0013464056	-0.000820392	0.0546123382	0.0102421972	0.0228491265	-0.0154881324	0.0027616796	-0.0107544747	-0.0195252102	-0.0011276947	-0.0042978191	-0.0044295261	-0.0120851333	-0.0378471697	0.0095309979	0.0231148951	-0.0452602033	0.0468448038	-0.0271488476	-0.0048802286	0.0346923251	-0.0487444668	0.040653077	-0.0140938949	-0.0188678315	0.0432583199	-0.0479975119	0.0309324975	0.0001844653	-0.0312176297	0.0480693164	-0.0430841775	0.0185268512	0.0144468132	-0.0408576104	0.0487077002	-0.0344309608	0.0045129987	-0.0675024	-0.0038267	1.4643632890000016e-05	0.00455657400576	-3.9402	0.0134500000000001	15.52517604	0.0001809025	-0.7275979999999999	-0.0003029999999998	9.180899999989769e-08	0.5293988496039997	-0.0172462	-0.0005986	0.0002974314144399	3.583219600000015e-07	-0.00243784	0.0004389099999999	5.9430638656000005e-06	1.9264198809999986e-07	0.000975677	0.000355043	9.51945608329e-07	1.26055531849e-07	0.0	0.0	0.0	0.0	0.0	0.0	0.0	0.0	0.0	0.0	0.0	0.0	0.0	0.0	0.0	0.0	0.0	0.0	0.0	0.0	0.0	0.0	0.0	0.0	0.0	0.0	0.0	0.0	0.0	0.0	0.0	0.0	0.0	0.0	0.0	0.0	0.0	0.0	0.0	0.0	0.0	0.0	0.0	0.0	0.0	0.0	0.0	0.0	0.0	0.0	0.0	0.0	0.0	0.0	0.0	0.0	0.0	0.0	0.0	0.0	0.0	0.0	0.0	0.0	0.0	0.0	0.0	0.0	0.0	0.0	0.0	0.0	0.0	0.0	0.0	0.0	0.0	0.0	0.0	0.0	0.0	0.0	0.0	0.0	0.0	0.0	0.0	0.0	0.0	0.0	0.0	0.0	0.0	0.0	0.0	0.0	0.0	0.0	0.0	0.0	0.0	0.0	0.0	0.0	0.0	0.0
55589.85606362023	9.07914076133602	3090232097.174015	82.43079696415322	67413.6772861328	-581.5325361328141	4544603885.238858	338180.0905810628	55951.2569209381	-62.68272107712983	3130543151.032824	3929.123521633256	56141.1810775452	56513.435087446735	0.94636	21.680029	0.0278331500000003	0.019734	-0.0009233989	-0.0306667843	-0.0382698965	-0.0015541139	0.0413913417	-0.0420651693	-0.0427869658	-0.0416590073	-0.0134084308	-0.0751647332	-0.0319490856	-0.0034866714	-0.0052369025	-0.0229101514	0.0107329527	-0.0667356206	0.0107891403	-0.0308087174	-0.0390541571	-0.0046335466	-0.0156080536	0.0074368101	-0.0059815144	0.0213464076	0.000724708	0.0016490759	-0.0123480444	0.0349210055	0.0222280769	-0.007590739	-0.0490704941	-0.0131710122	0.0084692189	0.0290704963	-0.0181462693	0.0089379419	0.0317622059	-0.0224103033	0.0274133455	0.0240235069	0.0206690675	-0.0130896881	0.0063448117	-0.018637511	0.0324004707	-0.0280888835	0.0484376313	-0.0662081244	0.0127510909	0.0135796272	0.0561420688	-0.0045767974	0.0515400297	0.01496444	0.0216343223	0.0488724161	0.0099304416	0.0016893027	-0.0542100826	0.0442367989	0.0059265898	-0.0419150661	0.0283687823	-0.0196220392	0.0036050962	0.0423523169	0.0342459687	-0.0122369919	0.0030505112	-0.0038454662	0.0028932351	0.0173235682	0.0133729708	-0.0207566746	0.0110051393	0.0089946065	-0.0116576133	0.0267887369	0.0425640063	0.0055790782	0.0486761225	0.0120330971	-0.0096667857	0.0505199391	-0.0567085644	-0.0074794529	0.0148463485	-0.0028335173	0.0014495971	0.0083872948	-0.0203029919	0.0876637737	-0.0451184847	0.0146828736	0.001948642	0.0202948071	-0.0189974887	0.0627622532	-0.0057629527	0.0615634707	0.0483707212	-0.0082132662	-0.0503425449	-0.0351737509	-0.041909391	-0.0227081055	-0.0043265667	0.0324968755	0.0558519219	0.0222545565	0.0065050978	-0.0280431241	-0.0274967216	0.0429995079	0.0064282566	0.0164519823	-0.0067598318	0.0093897796	0.0215007225	0.0069115081	-0.0034485201	0.0107947443	0.0325092614	0.0269945765	-0.008139425	-0.0429043157	-0.0204822383	0.0124274545	0.0314105009	-0.0195224922	0.0084172217	-0.0278340218	-0.0280522673	0.0320052487	-0.0335196117	-0.021208995	0.0195278971	-0.0186508114	0.0131468803	-0.027981033	0.0315110397	-0.0696541536	0.0469541341	-0.0168237327	-0.0108225643	-0.0587569616	0.0072044253	-0.0253649462	0.0348075045	-0.0264278779	-0.0224044585	-0.0415989483	-0.0244162136	-0.043275251	-0.0359555294	0.0201369107	0.0148138122	-0.0388861686	0.0009537269	-0.0007520642	-0.0377649357	-0.0404439484	0.0034204898	-0.0105782291	-0.0116970208	-0.0119655148	-0.022814385	0.0125811878	-0.0149213927	0.0113439538	0.0130840134	-0.0007942501	-0.0092280074	0.0137318877	0.0379618802	0.0411981474	-0.0390869985	-0.006245587	0.0285455232	-0.0645458308	-0.0234180687	0.0045329767	-0.0102937335	-0.0132555067	-0.0384883024	-0.0235401184	0.0814789203	0.0164745076	-0.0005624957	-0.0227005054	0.0106797204	-0.0342865009	-0.0597046307	0.0189561939	-0.0499849122	-0.0619397509	-0.0016094341	0.04284206	0.0312271247	-0.0443639294	-0.003657104	-0.0322839449	0.0266005993	0.0211567888	-0.0450004892	-0.0306158187	-0.0369418776	0.0358251239	-0.0530348885	0.0048051711	0.0861680563	-0.0172795061	0.0025416193	0.0278594779	0.0187396052	-0.001951671	0.013018182	0.0117436706	0.0630665318	0.019455886	-0.0098682245	-0.028673723	-0.0044847082	0.0015078868	-0.0014426883	-0.0081884475	-0.0212968606	-0.0186706244	-0.018194186	0.0121708686	0.005293853	0.0026708906	-0.0379639583	0.0098926005	0.022625561	-0.0449733504	0.047105256	-0.0280629691	-0.0035938487	0.0336352026	-0.0485572616	0.0416524399	-0.0160245105	-0.0168065656	0.0420829549	-0.0484427166	0.0330270864	-0.0027655145	-0.0287391785	0.0473253789	-0.0446384398	0.021886162	0.0107041222	-0.0384828171	0.0489631754	-0.0374341914	0.0090782364	-0.0653382	0.0021642	4.683761640000022e-06	0.00426908037924	-3.94485	-0.0046500000000002	15.561841522500002	2.1622500000002465e-05	-0.7303269999999998	-0.0027289999999999	7.447440999999899e-06	0.5333775269289998	-0.0168965	0.0003497	0.0002854917122499	1.2229009000000098e-07	-0.00243784	0.0	5.9430638656000005e-06	0.0	0.000991776	1.6098999999999996e-05	9.83619634176e-07	2.591778009999999e-10	0.0	0.0	0.0	0.0	0.0	0.0	0.0	0.0	0.0	0.0	0.0	0.0	0.0	0.0	0.0	0.0	0.0	0.0	0.0	0.0	0.0	0.0	0.0	0.0	0.0	0.0	0.0	0.0	0.0	0.0	0.0	0.0	0.0	0.0	0.0	0.0	0.0	0.0	0.0	0.0	0.0	0.0	0.0	0.0	0.0	0.0	0.0	0.0	0.0	0.0	0.0	0.0	0.0	0.0	0.0	0.0	0.0	0.0	0.0	0.0	0.0	0.0	0.0	0.0	0.0	0.0	0.0	0.0	0.0	0.0	0.0	0.0	0.0	0.0	0.0	0.0	0.0	0.0	0.0	0.0	0.0	0.0	0.0	0.0	0.0	0.0	0.0	0.0	0.0	0.0	0.0	0.0	0.0	0.0	0.0	0.0	0.0	0.0	0.0	0.0	0.0	0.0	0.0	0.0	0.0	0.0
55593.18747901728	3.331415397049568	3090602494.077164	11.098328547698932	68139.5938671875	725.9165810546983	4643004252.385257	526954.8826501424	56021.8998182876	70.64289734949853	3138453259.250252	4990.418945931786	56214.07773660502	56798.92089907163	0.913156	20.919369	0.0375311999999996	0.0204287	-0.0014923851	-0.0312978672	-0.0398106541	0.0124261692	0.059281663	-0.0166124676	-0.0673201663	0.0321837983	-0.0181807131	-0.0116055283	-0.0252399597	-0.004477734	-0.0257097985	-0.00765186	-0.0013589159	-0.0621865112	0.0111834377	-0.0466008328	-0.0077134429	0.0025841917	0.0299398349	-0.0157364929	-0.0444014189	0.0482255662	0.0323353747	0.0092891765	-0.0236727897	-0.0032746865	0.0256037326	0.0170040939	0.0114189274	-0.0260123398	0.0166797532	-0.0595333731	-0.0456858465	-0.0058343513	0.0291982967	0.0015816987	0.0647893894	0.0169690807	-0.0091386693	-0.0080802918	0.0103470996	-0.0276036209	0.0277261859	-0.0075001177	0.0151279589	0.0434582862	-0.0640785316	0.0439919288	0.0341399119	0.0301945859	0.0188736644	-0.0022110254	-0.0067997228	0.0064096379	0.0436254276	-0.0122943185	-0.0115042682	0.0077523139	-0.0098722027	-0.0135879172	0.0129584494	0.0239172459	-0.008400549	-0.0327047159	0.0538746046	0.019613024	-0.0771495788	0.0169121658	0.0126217067	0.0129157379	-0.0399670107	0.0044916619	-0.0222101997	0.0384922759	0.0018979317	-0.0268711528	0.0038154745	0.0559665181	0.0245310434	0.0143942085	0.0186679517	-0.0233917813	-0.0231063518	0.0324194669	-0.0622333288	0.0486816065	0.0299255723	0.043186007	-0.0515291666	-0.0253419674	-0.0022186176	-0.041638394	-0.016985315	-0.0001964575	0.0499736212	0.0129636183	-0.0307746029	-0.0048143444	-0.0072001372	-0.0110860042	-0.0246986681	0.0396956338	0.0033342066	0.0190838356	-0.0090661428	-0.0083925323	-0.0079527355	-0.0416794212	-0.0338198299	0.0007852763	-0.0454729315	0.0068770705	0.0021809155	-0.0306234433	0.0172741089	0.0509966791	0.0495458416	-0.0080748239	-0.0060151787	0.0309027875	-0.0091130369	0.0166186266	0.0251924917	0.0096999813	-0.0237049852	0.0262460769	-0.0640012699	-0.0398488732	-0.0085205801	-0.0306644732	-0.0041372678	0.0709238455	-0.014519234	0.0094904454	0.0113973918	-0.0324502826	0.0115979564	-0.0225869704	0.0046526365	-0.0036140474	-0.0476104986	0.0442459413	-0.0494009634	-0.032766483	0.0005155518	0.0319220995	0.0044057164	-0.0002911898	0.0200260554	-0.0107737546	-0.0479128169	-0.0098349614	-0.0084187212	0.0071834681	-0.0161677839	-0.0181285698	-0.0290433974	-0.0187091533	0.0362987318	-0.0537770406	-0.0239852622	0.059591221	-0.0020004698	-0.012545983	-0.0034412564	-0.0603696496	-0.0088147932	-0.0201889952	0.0430592796	0.0021096852	0.0474443779	-0.0360542019	0.0200258144	0.0197118824	0.0003228463	0.0203786984	-0.018615139	-0.009165938	0.0302442375	-0.0275894663	-0.0163648719	0.0590208823	-0.0085795779	-0.091432508	-0.035540061	-0.0347821284	-0.0177564898	0.0146187247	0.0293870544	0.0364548983	-0.0125108546	0.0180225299	0.0178488412	-0.0009978638	0.0154144005	-0.0339349391	0.0206959053	0.0030984559	-0.0014508946	-0.0093283458	0.0130980199	0.0123761365	0.0447464403	0.0048708821	0.0242602406	-0.0291646637	-0.0561888161	0.0068052582	0.0918050557	-0.031532395	0.0010678128	0.0217835462	0.0029625087	0.0202977653	-0.0092401714	0.0394957964	-0.0011490791	0.0092278387	-0.0071159808	0.0257690033	0.0004141282	-0.0253946195	0.0013282378	-0.0098420857	-0.0276930353	-0.007755089	-0.0153331008	0.0113819713	0.0025882844	-0.006447583	-0.0380802083	0.0102536416	0.0221333376	-0.0446762873	0.0473489988	-0.0289627561	-0.0023049702	0.0325475373	-0.0483142525	0.042592707	-0.017927617	-0.014710965	0.040806694	-0.0487532262	0.0350162597	-0.0057054516	-0.0261429148	0.046363951	-0.0459641431	0.0251213099	0.0068944842	-0.0358438856	0.0488513503	-0.0401316745	0.0135630238	-0.062745	0.0025932	6.72468624000002e-06	0.0039369350249999	-3.94631	-0.0014599999999997	15.5733626161	2.1315999999994008e-06	-0.716589	0.0137379999999998	0.0001887326439999	0.5134997949210001	-0.0168063	9.01999999999986e-05	0.00028245171969	8.13603999999975e-09	-0.00243784	0.0	5.9430638656000005e-06	0.0	0.000687176	-0.0003046	4.7221085497600006e-07	9.278116000000001e-08	0.0	0.0	0.0	0.0	0.0	0.0	0.0	0.0	0.0	0.0	0.0	0.0	0.0	0.0	0.0	0.0	0.0	0.0	0.0	0.0	0.0	0.0	0.0	0.0	0.0	0.0	0.0	0.0	0.0	0.0	0.0	0.0	0.0	0.0	0.0	0.0	0.0	0.0	0.0	0.0	0.0	0.0	0.0	0.0	0.0	0.0	0.0	0.0	0.0	0.0	0.0	0.0	0.0	0.0	0.0	0.0	0.0	0.0	0.0	0.0	0.0	0.0	0.0	0.0	0.0	0.0	0.0	0.0	0.0	0.0	0.0	0.0	0.0	0.0	0.0	0.0	0.0	0.0	0.0	0.0	0.0	0.0	0.0	0.0	0.0	0.0	0.0	0.0	0.0	0.0	0.0	0.0	0.0	0.0	0.0	0.0	0.0	0.0	0.0	0.0	0.0	0.0	0.0	0.0	0.0	0.0
55550.12150122719	-43.06597779008735	3085815998.801104	1854.6784430162968	67897.81397070312	-241.77989648438236	4610113142.000208	58457.51834399864	55947.6698425411	-74.22997574650071	3130141760.8099837	5510.089299326084	56131.99685938987	56893.44403948103	0.8093169999999998	18.540533	0.0645907999999999	0.0399394	-0.0016561132	-0.0239784643	-0.0401345897	0.0039009775	0.0526703249	-0.0268219538	-0.0639879259	-0.0127163671	-0.0158227024	0.0065434765	-0.0191271591	-0.0035891724	-0.0451031493	-0.0293265217	-0.0392921814	-0.0790148682	-0.0010799751	-0.0453241514	-0.035905536	-0.0112960751	0.0075723124	0.0464474917	0.0135911419	-0.0128813104	0.0320385742	-0.0034329481	-0.0145058958	-0.0045707614	-0.0340536666	0.0291345567	-0.0110254009	-0.0134146759	-0.0282373441	0.0038012088	-0.0244789906	-0.0282530661	0.0073664698	0.0122380388	0.0430618093	-0.0228641677	0.004190603	0.0057273614	-0.0274596364	-0.0269491472	-0.0315396901	-0.0333277068	0.0235398788	-0.0319028937	-0.0357296038	-0.008788718	0.0730955322	-0.04029216	0.0398139416	0.0098877348	0.0081594366	0.0630566294	0.0236741572	-0.0640589199	0.023732854	-0.0017844695	0.0154797888	-0.006036367	0.037928473	-0.0362601599	0.0600851747	0.0097978176	0.0023510231	-0.0473066686	-0.0449418906	0.046559382	-0.0044882136	-0.0536112119	0.0330427927	0.0255226993	0.0049041437	0.0776713908	0.007253544	-0.0021766651	0.0183098124	-0.059493555	0.0124642533	0.0141454825	-0.0039611624	0.0736544558	-0.0612897635	-0.0087457156	0.0004797258	0.0090423853	0.0001218658	0.0381215971	0.0008655156	0.006075467	0.07822377	-0.0159632382	0.0321961776	-0.0042741521	-0.0329263338	-0.0029650701	-0.0446897205	-0.0571081652	-0.0222660015	-0.0597796034	-0.0316583375	-0.0155548483	-0.0089099537	-0.0091765931	-0.037693461	-0.0360771535	-0.0543112087	0.0124955714	-0.0424569281	0.019032061	-0.0418416502	0.0390273672	0.0173321313	-0.0076916267	-0.0442259785	-0.0085386481	0.0054791165	-0.0392982322	0.0045020613	0.0190876578	-0.0017004271	-0.0344008283	0.0297985846	-0.0068619305	-0.0136851052	-0.0274349183	0.0062284289	-0.0268818876	-0.0335893722	-0.0052937303	0.0044930721	0.0484009297	0.01524563	-0.0093101398	0.0007333518	-0.0537379642	-0.0166954438	0.0318437332	0.030353038	-0.0333655255	0.0291550129	0.0320413473	-0.000150909	-0.0694747773	0.0285496785	-0.0537719137	0.020453373	0.0016415184	-0.0641368807	-0.0081959132	-0.0511217482	0.0066657733	-0.0148978929	-0.0251051645	-0.0226353217	-0.038939509	0.0128507985	0.0555001439	0.0048185353	-0.0367728493	0.0584857939	0.052176631	0.0160766362	-0.0163938316	0.0516302941	0.0283550803	0.0455224762	-0.0023570878	0.0512773453	0.0413370108	-0.0016878088	0.0566234369	-0.0357018559	0.0248416317	-0.0156333563	-0.0142049847	0.0425124973	-0.0851529807	-0.0132478365	0.0107868936	0.0206348907	0.0339024585	0.0241275581	0.0003509523	-0.012258373	0.0077040651	-0.0682841137	-0.0291644215	0.0117938584	-0.0204615418	-0.0446265356	-0.0343586205	0.0439554122	0.0554815542	0.0428567882	0.030191969	0.015604904	-0.0179219787	0.001467262	-0.0091826646	-0.041182838	-0.052583552	0.0247921765	0.0253401714	0.0352625382	0.0127149445	-0.0536205745	0.0060404334	0.0859667047	-0.0304696407	0.0142845256	0.0207169196	-0.0060230771	0.0318175036	-0.0015353934	0.0220435745	0.0099832525	0.0131099472	-0.0037837599	0.0212433344	0.0131984984	0.0486726809	-0.0014472034	0.0088268621	-0.0292922517	-0.0209182712	0.0046991886	-0.0075347088	0.0110123754	0.0136071287	-0.0381959179	0.0106141007	0.0216382877	-0.0443690814	0.0475759455	-0.0298477488	-0.0010144892	0.0314303169	-0.0480157186	0.0434725442	-0.0197999475	-0.0125853106	0.039432597	-0.0489281774	0.0368936684	-0.0086246698	-0.0234394817	0.0451894509	-0.0470544995	0.0282139416	0.0030417259	-0.0329589289	0.0483730638	-0.0425013783	0.017927617	-0.0664583	-0.0037133	1.378859689000002e-05	0.00441670563889	-3.97681	-0.0304999999999999	15.8150177761	0.0009302499999999	-0.706216	0.010373	0.000107599129	0.4987410386559999	-0.0171658	-0.0003594999999999	0.0002946646896399	1.292402499999991e-07	-0.00243784	0.0	5.9430638656000005e-06	0.0	0.000646586	-4.058999999999996e-05	4.18073455396e-07	1.6475480999999967e-09	0.0	0.0	0.0	0.0	0.0	0.0	0.0	0.0	0.0	0.0	0.0	0.0	0.0	0.0	0.0	0.0	0.0	0.0	0.0	0.0	0.0	0.0	0.0	0.0	0.0	0.0	0.0	0.0	0.0	0.0	0.0	0.0	0.0	0.0	0.0	0.0	0.0	0.0	0.0	0.0	0.0	0.0	0.0	0.0	0.0	0.0	0.0	0.0	0.0	0.0	0.0	0.0	0.0	0.0	0.0	0.0	0.0	0.0	0.0	0.0	0.0	0.0	0.0	0.0	0.0	0.0	0.0	0.0	0.0	0.0	0.0	0.0	0.0	0.0	0.0	0.0	0.0	0.0	0.0	0.0	0.0	0.0	0.0	0.0	0.0	0.0	0.0	0.0	0.0	0.0	0.0	0.0	0.0	0.0	0.0	0.0	0.0	0.0	0.0	0.0	0.0	0.0	0.0	0.0	0.0	0.0
55493.73534893778	-56.386152289414895	3079554662.9779463	3179.398170005089	67752.31087695312	-145.5030937499978	4590375629.1673	21171.15029082065	55952.34025930851	4.670416767410643	3130664380.4934363	21.81279278131048	56133.76584056851	56314.04951488941	0.93314	21.377174	0.0514976499999999	0.0249286	0.0016000686	-0.0294346159	-0.0357190924	0.0075831082	0.0504128986	-0.0223806724	-0.0437656478	-0.0368418248	-0.01495178	-0.0395592462	-0.0330595357	-0.0109132152	-0.0264827865	-0.0168960161	0.0340529115	-0.0621418262	0.0553828261	-0.0022948882	-0.0287741417	-0.0522769306	-0.0157560259	-0.0126592381	-0.0198806051	0.0803238895	-0.0194205919	-0.0148032987	0.0388785499	-0.0003703956	0.0338066187	-0.0202094825	-0.0322837992	-0.0155316319	-0.0042447018	0.0332985797	0.0143258455	0.0453833998	-0.0095992887	-0.0329539674	0.0420402853	-0.0034494201	-0.0395180838	0.0576556426	0.0361116715	-0.0099238363	0.0374875178	0.0143120231	0.0256349655	0.0051296603	0.0395144766	-0.0561765945	0.0317803538	-0.0468625756	-0.007445801	-0.0302254178	0.01480575	0.046948111	0.0061026377	-0.0306853816	-0.0235937344	-0.034707915	-0.0212295312	0.025496104	-0.0560714413	0.0231252094	0.0466138824	-0.0394489985	-0.0155157022	0.0054697379	0.0216064483	-0.0337729982	0.0030925954	-0.0497339268	-0.0514467953	0.0077872449	0.0171929181	0.0496993604	-0.0295011017	0.0254211188	0.0388603535	0.0545197975	-0.0059417297	-0.0562699641	0.0162614772	0.0042230757	-0.0184417527	0.009655327	-0.0246566051	-0.020458814	-0.0306028938	-0.015344025	-0.0475386419	-0.0159710008	-0.0473983692	-0.070927626	-0.0048809549	0.0015967103	0.0144144683	-0.0075366326	0.0040643146	-0.0057368321	0.0675596855	-0.0271466814	-0.0514510392	0.0172689507	-0.057015313	-0.0181143598	-0.0516870111	-0.037878122	0.0147055239	-0.0201748588	-0.027977395	-0.0033545974	0.0023079844	0.028555802	0.0546597592	0.0167526471	0.0105116413	0.0275830866	0.0665514868	0.0458830375	0.0158841498	-0.0422766954	-0.0035503311	0.0293984579	-0.0217680265	-0.0278642454	-0.0245788937	0.0004350204	0.0354033741	0.0122666357	0.0442206117	0.0135337055	-0.0337337836	0.0408611117	0.0038617497	0.0382968737	-0.0570708693	-0.0016646541	0.0407948998	-0.0287267384	-0.011115652	-0.0176181102	-0.0207421885	-0.0349756597	0.0478818851	-0.0195167803	0.0378055941	-0.0482157537	-0.0351616846	-0.0114303163	-0.0495983819	-0.0117590992	-0.0217813991	-0.0218281759	0.0412958382	0.0003994063	-0.0219141858	0.0552038588	-0.029833083	0.0499430021	0.0291891038	0.01282236	0.0065294857	-0.0236746538	-0.0111375173	0.0311622845	0.0563069837	-0.0400434407	0.000910903	0.0144647538	0.0622261116	-0.031917823	0.0003743753	0.000162357	0.0635640169	-0.0369089776	-0.0286064531	0.0187841924	0.0194575006	0.0021405521	0.0041746639	-0.0326605525	-0.0194468197	-0.0474789121	-0.0295535245	-0.0402139409	-0.0248058103	-0.0692803654	-0.0041791111	0.0020356086	0.0198768931	-0.0062702649	-0.012679451	-0.0292185671	-0.0697443384	0.0124201718	0.0294904911	-0.0160126396	0.0360379645	-0.0651068995	0.0070471758	-0.0610370231	0.0272163007	-0.0305218616	0.0181405165	-0.0174868049	0.0156855065	-0.0162532834	-0.053005539	0.0031959204	0.0861235826	-0.0226425158	0.0082892786	0.053874225	-0.0062333731	0.0100988795	0.0331285531	0.0400566623	-0.0498503482	-0.006176354	-0.0462684003	-0.037143446	0.0230796581	-0.0335005531	-0.0147812347	-0.0236284813	-0.0186320232	-0.0289289567	-0.0226706945	-0.003965639	0.0186817642	-0.0031135841	-0.0383110855	0.0109739574	0.0211404744	-0.0440518025	0.0477860158	-0.0307174953	0.0002766972	0.0302845558	-0.0476620031	0.0442907033	-0.0216382877	-0.0104339452	0.0379639583	-0.0489670838	0.0386533201	-0.0115125682	-0.0206399614	0.0438072762	-0.047903926	0.0311465121	-0.0008300562	-0.0298477488	0.0475319038	-0.0445239479	0.0221333376	-0.0711875	-0.0047292	2.2365332640000028e-05	0.00506766015625	-3.99021	-0.0133999999999998	15.9217758441	0.0001795599999999	-0.7224089999999999	-0.0161929999999999	0.0002622132489999	0.5218747632809998	-0.0172526	-8.680000000000146e-05	0.00029765220676	7.534240000000253e-09	-0.00268784	-0.0002499999999999	7.224483865599999e-06	6.249999999999989e-08	0.000639877	-6.7090000000000335e-06	4.09442575129e-07	4.5010681000000446e-11	0.0	0.0	0.0	0.0	0.0	0.0	0.0	0.0	0.0	0.0	0.0	0.0	0.0	0.0	0.0	0.0	0.0	0.0	0.0	0.0	0.0	0.0	0.0	0.0	0.0	0.0	0.0	0.0	0.0	0.0	0.0	0.0	0.0	0.0	0.0	0.0	0.0	0.0	0.0	0.0	0.0	0.0	0.0	0.0	0.0	0.0	0.0	0.0	0.0	0.0	0.0	0.0	0.0	0.0	0.0	0.0	0.0	0.0	0.0	0.0	0.0	0.0	0.0	0.0	0.0	0.0	0.0	0.0	0.0	0.0	0.0	0.0	0.0	0.0	0.0	0.0	0.0	0.0	0.0	0.0	0.0	0.0	0.0	0.0	0.0	0.0	0.0	0.0	0.0	0.0	0.0	0.0	0.0	0.0	0.0	0.0	0.0	0.0	0.0	0.0	0.0	0.0	0.0	0.0	0.0	0.0
55367.196320444345	-126.53902849343284	3065526428.386626	16012.125732061812	67393.57504492188	-358.7358320312487	4541893957.335517	128691.3971831523	55858.414423280345	-93.9258360281674	3120162461.8829336	8822.062673590188	56056.41323553461	56429.437683264005	1.191149	27.28788	0.3210730500000004	0.194759	0.0014017647	-0.007800749	-0.0165889645	0.0071033597	0.0256138316	-0.0004843406	-0.0322928526	0.0541328361	0.0303020087	0.0040849151	-0.0513424233	-0.0598135919	-0.0058149114	-0.0217751402	-0.0230997591	-0.0603538192	-0.0189033943	0.0204804463	-0.002365503	-0.0791532613	-0.0156834428	-0.0130134056	0.0919164535	-0.0003991101	-0.0123662076	0.0748759326	-0.0191399526	0.0679464085	-0.0193090737	0.0599500305	-0.013930086	-0.0110024839	-0.039255977	0.0080767154	-0.0216407723	0.0226445549	0.0256397696	-0.0929829729	-0.0242826056	0.0058674678	0.0409817731	-0.0362813298	0.0221123575	-0.0219076219	-0.0003298058	-0.0191305241	-0.0287911479	0.0223003884	0.0328842014	0.0051490606	0.0183973023	-0.021918645	0.0201727774	0.0384782284	-0.005021508	0.018667489	0.0228156083	0.0297764207	0.0370715478	-0.0040748051	-0.0183459842	0.009113884	0.0167508796	0.0152151872	-0.0085016549	-0.0099041684	0.0079654176	-0.0193124864	-0.003025058	0.0219153473	0.0820306501	-0.0379638548	0.0384909323	0.0553769278	0.0170865482	-0.0242953009	0.0566561998	-0.094633528	-0.0016485818	-0.0433805242	0.005512645	-0.0488408807	-0.006087229	0.0267755516	-0.0339079272	-0.0259353256	0.0161222991	0.0212159425	-0.043573334	-0.0096935461	0.0158223497	-0.0297300254	-0.0196566669	-0.0216491954	-0.0272805743	0.1111853753	0.0634463869	-0.0015625033	0.0481853396	0.0124872451	0.0005249389	0.0376703875	0.0271966813	-0.036584115	0.0347112946	-0.0403494832	0.0424806704	0.0044181806	0.0281847904	-0.0222900309	-0.0088754132	-0.0005346276	0.0209771527	-0.0015766958	0.0776337743	0.0183882683	0.0104075684	-0.0947717577	0.0062572056	0.0060368343	-0.0751388272	0.0144951613	0.0639377333	-0.0091881762	0.060000547	-0.0214969928	-0.0117015017	-0.0442160505	0.0048888003	-0.0221067371	0.0231418951	-0.0191612772	-0.0929933377	-0.0256387776	-0.0098089507	-0.0438742278	0.0393704091	-0.0052819183	0.019670861	-0.0010964375	-0.0032295064	0.0348134574	-0.0107806908	-0.0404763992	-0.0056366969	-0.0089003178	0.0257261327	-0.0182190742	0.0456131863	0.0070442908	0.0164423757	-0.0161895591	-0.0123381335	0.0501700529	0.0038159692	0.0211121169	-0.0268557117	-0.0140796676	-0.0064421772	-0.0123290038	0.0106938774	-0.007456647	0.0050676435	0.0051861262	-0.0144672545	-0.0810695252	0.0407425771	0.0096230866	0.0600508787	0.0080861388	-0.0560756253	0.0191469292	0.0837556249	0.0262041776	-0.0582863276	-0.020616746	-0.0374611751	0.0049217003	0.0162741174	-0.0332950775	-0.0175609962	-0.0150221805	-0.0292620628	-0.045616514	0.0420693922	0.0132884824	-0.012919254	-0.0368922522	0.0131641187	0.0324782708	0.0884148855	-0.0374639267	0.0710871828	0.0609059649	-0.0300680978	-0.0022095248	-0.0612751486	0.0385932728	-0.0308590649	0.0057680646	0.0359381197	0.029441703	0.0258591252	0.0274953546	0.0061625471	-0.0263734573	0.0187229602	-0.0108723929	-0.027641076	-0.016119915	0.0355531724	-0.0731354085	0.0710798692	-0.0582587571	0.0426784964	0.0149944766	0.0547285319	-0.0738307087	-0.00157269	0.0365157147	0.0324894622	0.0498580305	0.0374679373	0.023038392	0.0090817085	-0.0394956124	-0.0428159891	-0.0033726153	-0.0154570386	-0.0198548363	0.0098391302	0.0400439631	-0.0384257095	0.0113331913	0.0206399614	-0.0437245227	0.047979135	-0.0315715513	0.0015676912	0.0291112946	-0.0472535125	0.0450460234	-0.0234394817	-0.0082612638	0.0364042993	-0.0488698372	0.0402895985	-0.0143586597	-0.0177558304	0.0422237789	-0.0485080733	0.0339023846	-0.004696647	-0.0265316999	0.0463341804	-0.0461828639	0.0261429148	-0.0721862999999999	-0.0009987999999998	9.976014399997943e-07	0.0052108619076899	-4.11629	-0.1260800000000004	16.9438433641	0.0158961664000001	-0.626078	0.0963309999999998	0.0092796615609999	0.391973662084	-0.0188141	-0.0015615	0.00035397035881	2.438282250000001e-06	-0.00243784	0.0002499999999999	5.9430638656000005e-06	6.249999999999989e-08	0.000781642	0.000141765	6.10964216164e-07	2.009731522500002e-08	0.0	0.0	0.0	0.0	0.0	0.0	0.0	0.0	0.0	0.0	0.0	0.0	0.0	0.0	0.0	0.0	0.0	0.0	0.0	0.0	0.0	0.0	0.0	0.0	0.0	0.0	0.0	0.0	0.0	0.0	0.0	0.0	0.0	0.0	0.0	0.0	0.0	0.0	0.0	0.0	0.0	0.0	0.0	0.0	0.0	0.0	0.0	0.0	0.0	0.0	0.0	0.0	0.0	0.0	0.0	0.0	0.0	0.0	0.0	0.0	0.0	0.0	0.0	0.0	0.0	0.0	0.0	0.0	0.0	0.0	0.0	0.0	0.0	0.0	0.0	0.0	0.0	0.0	0.0	0.0	0.0	0.0	0.0	0.0	0.0	0.0	0.0	0.0	0.0	0.0	0.0	0.0	0.0	0.0	0.0	0.0	0.0	0.0	0.0	0.0	0.0	0.0	0.0	0.0	0.0	0.0
55471.70586844284	104.50954799849568	3077110151.955036	10922.245622849874	67638.28046484374	244.7054199218692	4574936984.240863	59880.74253913833	55901.76162997159	43.34720669124363	3125006953.334164	1878.980327933396	56088.740914530805	57036.94747679079	1.268888	29.068787	0.3011667000000003	0.187622	0.0013374482	-0.0253813353	-0.0434137372	0.0041417301	0.0420399238	-0.0385723399	-0.0497040164	-0.0038916374	-0.0372093044	-0.0457814622	-0.0271435857	0.045195436	-0.0698075854	-0.0219956084	-0.0524963076	-0.0749463121	0.0191600844	-0.0239715522	-0.0676397761	-0.0894849774	-0.0186495484	-0.0433666017	-0.0389916598	-0.0313781263	0.031446348	0.0503789486	-0.0858087341	-0.0256250806	0.0782449682	0.0137794026	-0.057502829	0.0352045988	0.0034079822	0.0057355927	-0.0112178614	0.0229230907	0.0484360449	0.0331066674	0.0202990083	0.0180362394	-0.0216274282	0.0209435801	-0.0036331665	-0.0678858953	0.0348822843	-0.0203409705	-0.0357731104	0.0323548187	-0.0086407529	0.0302852073	0.0035838253	-0.0470068638	0.0157506619	0.1040903884	-0.0269981806	0.0785848257	-0.0404718312	-0.0237468352	0.0464640117	0.0330714662	0.0438112672	-0.06077379	-0.0393826948	-0.0276367453	0.0261490385	0.033972152	-0.0092505942	-0.0239474202	0.0020883363	0.0657521789	-0.0334842736	0.0506976103	0.0273920963	0.011875974	-0.0535844095	0.0133893983	-0.0047501128	-0.0506232635	0.0078087581	0.0166525706	-0.0250068998	-0.032100949	0.0013423761	-0.0563772764	0.035864558	-0.0315197996	-0.0159429591	0.0269204055	-0.025058142	-0.0119517701	0.0381398787	-0.0215368823	-0.0553408417	0.0199597974	0.0228264692	-0.0027855565	-0.1008590805	0.0178045244	-0.0206519618	-0.0767525677	0.0118401168	-0.002425885	0.0785753103	0.061486556	-0.0569747778	0.015930809	0.0146814769	0.0155303599	-0.0013760234	0.0388336269	-0.0022879607	-0.0028158532	-0.0187397317	0.0651331108	0.0918576501	0.0202474188	0.0464946453	0.0406035491	-0.022737377	-0.0353875768	-0.0527684907	0.0849248508	-0.0354806303	0.0793858402	0.0079728811	-0.0629378239	0.0203764669	0.0078373234	0.0050768774	-0.0131304116	0.020639541	-0.0455788447	0.0248056261	0.0363325246	-0.0292095731	0.0110820565	-0.0159005111	-0.0872221656	0.0136351895	-0.0316820728	0.0085696494	0.0380430868	-0.0145699049	0.0045107189	-0.0372170449	-0.0076134609	0.0084151305	-0.0477407641	0.0917603095	0.0702090953	-0.0824278149	-0.0184935608	0.0219888292	0.0336846862	-0.0502250432	-0.0233827434	0.0545238174	0.0107967421	-0.0065132222	0.0224548889	-0.0180771222	-0.0139883031	0.0294918133	0.0152853635	0.0533821823	0.0023593907	-0.0695711305	0.0099564004	0.021903856	-0.0611274465	-0.0107797873	-0.0013092883	0.0441869908	0.0309280008	0.0013214377	-0.038235359	0.0171131301	0.0194530252	-0.0404816771	0.0527730378	-0.0245928798	-0.0156105974	-0.0048826355	0.000154042	0.0466140979	0.0169179115	0.0094062999	-0.0111425856	0.0607126825	-0.0340690843	-0.0793524406	-0.0737993473	-0.0238833974	-0.0078145432	0.0204842069	0.0510054891	0.0005134696	-0.0838729619	-0.0689270451	-0.0189459772	-0.0288205916	0.0206221514	0.0107464478	-0.0052798678	-0.0471370914	0.0071269331	-0.0200785089	0.0517853478	-0.0620899024	0.0077378758	0.0960634979	-0.0372333071	0.0177976041	0.05966291	-0.0351649668	0.0423869444	-0.0152593394	-0.0114830932	0.0252965169	0.0106621328	-0.0363497888	-0.0052500998	0.0390141914	-0.0103733723	-0.014134148	-0.0200523872	0.0148848497	-0.0441382137	0.0029479542	-0.0158401127	0.0009062729	0.0133628962	-0.0385397882	0.0116917818	0.0201368126	-0.0433873161	0.0481552347	-0.0324094805	0.0028575952	0.0279115985	-0.0467907162	0.045737433	-0.0252004375	-0.0060717052	0.0347573591	-0.0486367079	0.0417972809	-0.0171526089	-0.0147989116	0.0404462362	-0.0488638482	0.0364659247	-0.0085338634	-0.0230335427	0.0447888782	-0.0474645768	0.0299208162	-0.0701507	0.0020355999999999	4.143667359999599e-06	0.0049211207104899	-4.00134	0.1149500000000003	16.0107217956	0.0132135025	-0.723141	-0.097063	0.009421225969	0.522932905881	-0.0172303	0.0015837999999999	0.00029688323809	2.5084224399999992e-06	-0.00243784	0.0	5.9430638656000005e-06	0.0	0.000940204	0.000158562	8.839835616160001e-07	2.5141907844e-08	0.0	0.0	0.0	0.0	0.0	0.0	0.0	0.0	0.0	0.0	0.0	0.0	0.0	0.0	0.0	0.0	0.0	0.0	0.0	0.0	0.0	0.0	0.0	0.0	0.0	0.0	0.0	0.0	0.0	0.0	0.0	0.0	0.0	0.0	0.0	0.0	0.0	0.0	0.0	0.0	0.0	0.0	0.0	0.0	0.0	0.0	0.0	0.0	0.0	0.0	0.0	0.0	0.0	0.0	0.0	0.0	0.0	0.0	0.0	0.0	0.0	0.0	0.0	0.0	0.0	0.0	0.0	0.0	0.0	0.0	0.0	0.0	0.0	0.0	0.0	0.0	0.0	0.0	0.0	0.0	0.0	0.0	0.0	0.0	0.0	0.0	0.0	0.0	0.0	0.0	0.0	0.0	0.0	0.0	0.0	0.0	0.0	0.0	0.0	0.0	0.0	0.0	0.0	0.0	0.0	0.0
55496.61309663972	24.90722819687653	3079874065.198123	620.3700164512813	67628.57468164063	-9.705783203113242	4573624113.470244	94.20222758583516	55950.41467639325	48.65304642166302	3130448902.460361	2367.118926108497	56130.98009893851	56190.28616483614	1.158813	26.547108	0.1056510999999997	0.0502668	0.0020484719	-0.0358351143	-0.048648619	0.0070671405	0.042422329	-0.023832018	-0.053367338	-0.021974724	-0.0085604145	-0.0467628162	-0.0531253485	-0.0769367403	-0.0280511142	-0.0334341895	0.036841438	-0.0912244409	-0.000931811	-0.041862267	-0.0289451863	-0.0705795125	-0.0240323873	-0.0350947611	0.0470657624	0.0758087615	0.0108472351	0.0584728852	-0.0301003214	0.0180103865	-0.0002004518	0.0417266254	0.0343895017	-0.0073457607	0.0094080741	0.0387461479	-0.0359568193	0.0236305311	0.0377660016	0.0111702449	0.0070356034	-0.0232441715	0.0040111871	-0.0014598445	-0.0437500626	-0.0183955326	0.038067874	-0.0005048935	0.0115028407	-0.0254785704	0.0427179703	0.0006202536	-0.0008236038	0.0495781329	-0.0372049483	0.0228621163	-0.0192661809	-0.014258594	0.010759896	-0.0936177714	0.0101536969	-0.054252921	0.0103851118	-0.0313431582	0.0607145174	-0.0178441963	-0.0423911523	-0.0841970626	-0.0195205116	-0.0709344562	0.0638357813	-0.0203414344	0.0005103079	-0.0510168535	0.0001083821	0.0793093049	-0.0698641488	0.001628313	-0.089178298	0.0199132542	0.0197959045	0.0351194244	0.0212809881	0.0278766291	0.0838194406	0.0257056543	0.0161547468	-0.0176203555	0.0037924469	-0.01826748	0.0034902941	-0.0237957203	-0.0273903401	-0.0244814099	0.0158917545	-0.011604615	0.0164480585	0.0046146629	-0.0096990056	0.0673667116	-0.0199061668	-0.0060369954	-0.029879841	0.0264888786	0.0252931545	-0.0288229062	0.0037366591	0.0306059527	0.0865308757	-0.0844631021	-0.024373296	0.0344808786	-0.0001928724	0.0413941017	-0.0368434872	0.0290113827	0.0747085426	0.0251935919	0.0314328895	-0.0388785122	0.0838799088	0.0146167803	-0.0542730798	0.0302455516	0.0099657931	0.0036473079	0.0448104322	0.0292038488	0.0040196763	0.0035149616	0.0307880491	-0.0375330195	0.0275117427	-0.0382906731	0.0072663953	0.0002523222	0.0221440826	-0.0042474876	0.0009603185	-0.0185387025	-0.0351810097	-0.0390286861	0.0006815073	-0.0157729295	0.0289206669	-0.0498002002	0.0034832622	-0.0090168829	-0.0272866381	0.0297081599	-0.0123531599	0.0614420579	-0.0419396954	0.0708588129	-0.0337071488	-0.0290022006	0.0284746591	-0.0402724881	-0.002486847	-0.0680917355	0.0185997322	-0.0452218506	0.0746394824	0.0066066876	0.052012061	-0.0707420952	-0.0311820526	0.0096462639	0.0519146634	-0.0027722425	0.0777178825	-0.076824373	0.0252724917	-0.0771421169	-0.045107915	-0.0136312358	0.0057746543	0.0425443164	0.0204464372	0.0836773013	0.0535341223	0.0182476357	-0.0148384247	0.0052898297	-0.0071396149	-0.0171328407	-0.0304868258	-0.0109656162	-0.04843672	-0.0043752497	-0.0073766197	-0.0136786087	-0.0032029474	-0.003994354	-0.0411907383	0.0452364661	0.0290372521	-0.0027792256	-0.0423707145	0.0307708477	-0.0156183277	0.0373070794	-0.0513746853	0.0750996539	0.0499457622	-0.0645380399	-0.012894074	0.0672317532	0.0266146163	-0.0475159927	-0.0680416831	0.006428789	0.0972643272	-0.0604553032	0.0416437787	-0.0099942685	0.0494935768	0.0031700236	0.0298285144	-0.0270529673	0.0062171728	0.0384042203	-0.0144532131	0.0218544731	0.0214187036	-0.0144281514	-0.0428296474	-0.0719941125	0.0240595538	-0.0024082378	-0.0343034979	0.0111948533	0.0009137055	-0.0300873337	-0.0386533201	0.0120497088	0.0196310923	-0.0430402594	0.0483142525	-0.0332308549	0.0041455125	0.026686557	-0.0462741461	0.046363951	-0.026918132	-0.0038697424	0.0330270864	-0.0482683442	0.043171555	-0.0198842699	-0.0117813266	0.0384828171	-0.048969429	0.0388225891	-0.0123177063	-0.019377288	0.0429075896	-0.0483586182	0.0334335625	-0.0701779	-2.7200000000005e-05	7.398400000002718e-10	0.00492493764841	-4.03804	-0.0366999999999997	16.305767041599996	0.0013468899999999	-0.701986	0.021155	0.000447534025	0.492784344196	-0.016681	0.0005492999999999	0.000278255761	3.01730489999999e-07	-0.00207693	0.00036091	4.313638224899999e-06	1.3025602810000025e-07	0.000985372	4.516799999999994e-05	9.70957978384e-07	2.040148223999995e-09	0.0	0.0	0.0	0.0	0.0	0.0	0.0	0.0	0.0	0.0	0.0	0.0	0.0	0.0	0.0	0.0	0.0	0.0	0.0	0.0	0.0	0.0	0.0	0.0	0.0	0.0	0.0	0.0	0.0	0.0	0.0	0.0	0.0	0.0	0.0	0.0	0.0	0.0	0.0	0.0	0.0	0.0	0.0	0.0	0.0	0.0	0.0	0.0	0.0	0.0	0.0	0.0	0.0	0.0	0.0	0.0	0.0	0.0	0.0	0.0	0.0	0.0	0.0	0.0	0.0	0.0	0.0	0.0	0.0	0.0	0.0	0.0	0.0	0.0	0.0	0.0	0.0	0.0	0.0	0.0	0.0	0.0	0.0	0.0	0.0	0.0	0.0	0.0	0.0	0.0	0.0	0.0	0.0	0.0	0.0	0.0	0.0	0.0	0.0	0.0	0.0	0.0	0.0	0.0	0.0	0.0
55636.5550759316	139.94197929188522	3095426260.7171707	19583.75756813043	67888.63121289063	260.0565312499966	4608866247.959868	67629.39944578047	55981.13390050774	30.719224114487588	3133887352.7865767	943.6707301961158	56162.50915051142	57298.753914810775	1.127579	25.831562	0.1745572499999994	0.104893	-0.0032920513	-0.0133928646	-0.0398448454	-0.0022133231	0.0584420768	-0.0368798115	-0.0765220875	-0.0147492217	-0.0388964455	0.0034970668	0.0217520616	0.064696758	-0.0760669771	-0.0290484594	-0.0498897369	-0.0971291333	0.0330160789	-0.0476619956	-0.0474889556	-0.0701908482	-0.0105327586	0.008970365	-0.0474858478	-0.0223176721	0.0440271501	-0.0271370545	-0.058610412	-0.031585307	0.0363552815	0.0273922441	-0.0322013743	-0.0532381912	0.0185533991	-0.0073231958	-0.0130127159	0.0240435135	-0.0429803151	-0.0023229712	0.0654535613	-0.0047790158	-0.0406962628	-0.0181423229	0.0415276061	-0.0084818168	0.0275150779	-0.0126316373	-0.0145711159	0.020637632	0.0137289929	0.0082824454	0.0215011872	0.0512197621	0.03904986	-0.0028705968	0.0038265706	0.0408026645	-0.0360089751	0.0547163599	0.0205643095	-0.0391418022	-0.0288076516	-0.0681967306	0.0413613704	0.0039042547	0.0049441141	-0.0347601277	-0.0150906536	0.0326610735	0.0364609137	-0.0033524626	0.0067120576	-0.0214099558	-0.0538530381	-0.0643177661	0.0143148073	-0.025083113	0.0059087755	0.0159004037	0.0266331423	-0.066028266	0.0600130866	0.0041933309	-0.0208755809	0.0197242149	-0.0452091171	-0.0342926318	0.0336721941	0.0159820946	0.0665837433	-0.0443042589	0.0287170821	-0.0145771706	0.0091536345	0.0450155498	0.0696641535	0.0049188797	0.0090998414	0.0224519584	0.005340889	-0.0077400248	-0.0536094212	0.0319935372	0.0372412032	-0.0049904746	-0.0430702486	0.0202435434	-0.0032287602	0.0646020866	-0.0153100292	-0.05477067	0.0304302045	-0.0036397505	-0.0427595846	0.0467031305	0.0746169057	0.0117919876	-0.0057327964	0.0525191218	-0.0101155629	-0.0462170047	0.0264715194	0.0608435232	-0.0312349474	0.029655371	0.0257152431	-0.0233963681	-0.0587548039	0.0184949501	-0.0074697667	-0.0098298731	0.021051337	0.04449763	-0.0060632903	0.0670273909	0.0049447781	0.047067526	0.0209039596	-0.003680045	0.0443719663	-0.030904717	0.0090801128	0.0173194553	-0.0088344751	-0.0173523248	-0.0138772146	-0.0520138083	-0.0466986472	0.0154098452	0.017118922	-0.0236732675	-0.0173909894	-0.0463285908	0.0303839732	0.0382936896	0.0373984528	0.0175149289	0.0297298757	-0.0664621739	-0.0150047134	0.0035792854	0.040677354	0.0415047728	-0.030525788	-0.0375667595	0.0063756375	-0.005034495	0.0241342236	-0.0160197556	-0.0812891748	0.0175483014	-0.0114012001	0.0035763424	-0.0317042987	0.0383530688	-0.0232499696	0.0409296746	-0.061938453	-0.0037556532	-0.0121985607	-0.0586208514	-0.0377880212	0.0189805545	-0.0235786317	0.0317325748	-0.0191210977	0.0659959079	-0.0180583612	0.0468814207	0.0293245875	-0.0598277473	-0.0067904528	0.0204667976	0.0188850715	0.0526922807	0.0382381468	0.0027321699	-0.0299123711	-0.0175899127	-0.0245148068	-0.0376885216	-0.0293372235	0.0042382998	-0.0093002998	0.0520917863	0.0298204534	0.0315759005	-0.0168500496	-0.0358833747	-0.0623027677	0.0104527368	0.0980824383	-0.0249723803	0.0131919536	0.0462416213	-0.0262517125	0.0553789791	-0.0173821578	0.0093270455	0.0047001295	0.0138616043	-0.0226737359	0.0022188629	0.0542280923	0.0060332735	0.0208463221	0.0369567996	-0.0072480038	-0.0475093478	0.0557707255	-0.0364901916	-0.0177451843	0.0181121446	-0.0387663036	0.0124069519	0.019122865	-0.0426834313	0.0484561318	-0.0340352549	0.0054305477	0.0254372825	-0.0457043959	0.0469246886	-0.0285896166	-0.0016598739	0.0312176297	-0.0477657704	0.0444080345	-0.0225437227	-0.0087154456	0.0363425447	-0.048824275	0.0409590082	-0.0160245105	-0.0155880314	0.0407044271	-0.0488576859	0.0366500239	-0.0791874	-0.0090095	8.117109025000006e-05	0.00627064431876	-4.01412	0.0239199999999994	16.113159374400002	0.0005721663999999	-0.733932	-0.031946	0.001020546916	0.538656180624	-0.0187138	-0.0020327999999999	0.00035020631044	4.132275839999991e-06	-0.00220667	-0.00012974	4.8693924889e-06	1.6832467600000038e-08	0.000954277	-3.109499999999997e-05	9.10644592729e-07	9.668990249999983e-10	0.0	0.0	0.0	0.0	0.0	0.0	0.0	0.0	0.0	0.0	0.0	0.0	0.0	0.0	0.0	0.0	0.0	0.0	0.0	0.0	0.0	0.0	0.0	0.0	0.0	0.0	0.0	0.0	0.0	0.0	0.0	0.0	0.0	0.0	0.0	0.0	0.0	0.0	0.0	0.0	0.0	0.0	0.0	0.0	0.0	0.0	0.0	0.0	0.0	0.0	0.0	0.0	0.0	0.0	0.0	0.0	0.0	0.0	0.0	0.0	0.0	0.0	0.0	0.0	0.0	0.0	0.0	0.0	0.0	0.0	0.0	0.0	0.0	0.0	0.0	0.0	0.0	0.0	0.0	0.0	0.0	0.0	0.0	0.0	0.0	0.0	0.0	0.0	0.0	0.0	0.0	0.0	0.0	0.0	0.0	0.0	0.0	0.0	0.0	0.0	0.0	0.0	0.0	0.0	0.0	0.0
55605.00855216687	-31.5465237647295	3091916976.086551	995.1831616386432	68268.19135839844	379.560145507814	4660545951.346908	144065.90405791294	55985.36046678554	4.226566277800885	3134360586.5959134	17.863862500643624	56182.24361099548	56818.30234438413	1.05928	24.266912	0.1209380999999996	0.0752255	-0.000221884	-0.0128878624	-0.0359206711	-7.59175e-05	0.0460981955	-0.0267173913	-0.0647232446	-0.0262974369	0.0004296682	-0.0229154807	-0.0190463233	-0.0349827794	-0.010219859	-0.021386888	0.116375866	-0.0705465235	0.047980059	-0.0450703249	-0.0226634538	-0.0449563205	-0.0067187731	-0.0192479411	-0.0115711267	0.0934023146	-0.0744090349	-0.0108899309	-0.0252316829	-0.0253164683	0.0053963529	0.0175105308	-0.0245416647	-0.0231035026	-0.0093971966	0.0405752554	0.0084795532	-0.0076509745	0.024839553	0.0352653701	0.0183095358	0.0515934422	0.0127435793	0.0138591203	-0.0168422275	-0.0165063372	0.0283857286	0.0147996924	0.0105733929	-0.0279901763	0.031331635	-0.0030962394	-0.0594145497	-0.0057010538	-0.0149616035	0.0355701922	-0.0907631209	-0.0161925807	0.0128930431	0.0285179714	0.0424613356	0.0253530645	0.0421321255	-0.0414094582	0.0424979552	0.0071265952	0.0427504779	-0.0273429176	0.0229192385	0.0058343811	0.0166105579	-0.0075845194	-0.0098861508	-0.0193603578	-0.0783354559	0.0065486786	-0.0066316544	0.0001870785	-0.0286831901	0.0250973637	-0.004337533	-0.0314303961	-0.0084883736	0.0337016711	0.0399364678	0.0464264573	0.095993857	-0.0038276501	-0.0031159078	0.029765511	-0.0236458419	-0.0432809117	0.0075299516	0.0435095991	-0.040976297	0.0510402333	-0.0095412993	-0.0179373952	0.0503753972	-0.0382012078	0.0258922996	-0.020900366	-0.0291557021	0.0301527256	-0.0531820002	0.0283465938	-0.03699068	0.002220211	-0.0184201096	-0.002654589	0.0264094262	0.0206215521	-0.0541765828	-0.0106517481	-0.0431275445	0.0234203077	0.0441392055	0.0094258036	0.0163521779	0.0104569163	0.0561887883	0.1046029034	0.0126651455	0.0252588429	-0.0267883172	0.004414002	0.0085745174	-0.0277764099	-0.027272892	-0.0086296758	0.0407868758	0.0057635427	-0.0039333409	-0.0273983697	0.0365031824	0.0204503961	-0.054000471	-0.0057264954	-0.0144521303	-0.0028411496	-0.01278658	-0.0289269246	-0.0167331558	-0.0146439891	0.0212738429	-0.0348039725	0.013100669	0.0575645374	-0.0213056392	-0.001633326	0.008395196	0.0856836347	0.041682969	-0.0246508678	0.0190231284	0.0415568132	-0.052032554	-0.0201113931	0.0113365791	-0.0575708732	-0.0140219158	0.0330633172	0.0362111746	-0.0204055891	-0.0048592149	-0.0211367503	0.002453708	0.0323149358	0.0305904594	-0.0601917893	-0.0210649431	-0.007817699	-0.0017114334	-0.02004276	-0.047517055	0.0145194778	-0.0348265963	0.0143927321	0.0213455904	0.0089447374	0.080567874	0.0723645507	0.0141995839	-0.0038620613	-0.050218549	-0.0080807606	0.0081290365	0.0119421428	0.0524903111	0.0406999171	0.038878578	0.012126123	-0.0145539556	0.0433401677	0.0379814601	0.0118496178	0.0105905535	0.0338046027	-0.0028939309	-0.028231544	0.0684156895	-0.0177683185	0.0022894481	-0.0378701988	0.0054136143	-0.0176713329	-0.0351990648	-0.0357663438	0.0360051906	0.030474702	-0.053727363	0.007873962	0.0859214337	-0.0256216858	0.033007566	-0.0159238423	0.0827112052	-0.0170634981	0.0760125424	0.0011435198	-0.0173772524	0.0291424953	-0.0025990916	-0.0081126124	0.0155540264	-0.0514833824	0.0060240415	-0.0130773424	-0.0098921345	-0.0048874712	0.0453198961	-0.0133207138	-0.0068576694	-0.0364594853	-0.0388787369	0.0127634908	0.0186121956	-0.0423169129	0.0485808224	-0.0348222698	0.0067118073	0.0241649094	-0.0450821203	0.0474188502	-0.0302120217	0.0005533855	0.0293333271	-0.0471303837	0.0455027728	-0.0251213099	-0.0056138368	0.0340352549	-0.0484291295	0.0428630618	-0.0196310923	-0.0116917818	0.0381959179	-0.0489577037	0.0395416966	-0.0809321999999999	-0.0017447999999998	3.044327039999629e-06	0.0065500209968399	-4.07051	-0.0563899999999994	16.569051660099998	0.0031798320999999	-0.7277989999999999	0.0061330000000001	3.761368900000204e-05	0.5296913844009998	-0.0194882	-0.0007744	0.00037978993924	5.996953600000023e-07	-0.00186265	0.00034402	3.4694650225e-06	1.1834976040000001e-07	0.000969263	1.4986000000000036e-05	9.39470763169e-07	2.2458019600000106e-10	0.0	0.0	0.0	0.0	0.0	0.0	0.0	0.0	0.0	0.0	0.0	0.0	0.0	0.0	0.0	0.0	0.0	0.0	0.0	0.0	0.0	0.0	0.0	0.0	0.0	0.0	0.0	0.0	0.0	0.0	0.0	0.0	0.0	0.0	0.0	0.0	0.0	0.0	0.0	0.0	0.0	0.0	0.0	0.0	0.0	0.0	0.0	0.0	0.0	0.0	0.0	0.0	0.0	0.0	0.0	0.0	0.0	0.0	0.0	0.0	0.0	0.0	0.0	0.0	0.0	0.0	0.0	0.0	0.0	0.0	0.0	0.0	0.0	0.0	0.0	0.0	0.0	0.0	0.0	0.0	0.0	0.0	0.0	0.0	0.0	0.0	0.0	0.0	0.0	0.0	0.0	0.0	0.0	0.0	0.0	0.0	0.0	0.0	0.0	0.0	0.0	0.0	0.0	0.0	0.0	0.0
55541.15908455919	-63.84946760768071	3084820352.456312	4076.754513784268	68103.34665820313	-164.84470019531727	4638065826.047387	27173.775182484034	56006.11004178252	20.74957499698212	3136684362.012253	430.5448625553855	56200.18799617924	57482.966405615865	1.153483	26.424997	0.1112969500000001	0.0576	-0.0028590415	-0.0108565366	-0.0291932098	0.0051224268	0.0416342076	-0.0197445002	-0.0544932875	0.0305725818	-0.0322184004	-0.0039841545	0.0516959019	-0.0245298276	-0.0884340585	-0.019528518	0.0071563773	-0.085949986	-0.0133647899	-0.0766456574	-0.0120317642	-0.0420005349	-0.0005786983	0.0029617827	-0.0102346321	-0.0135459003	0.0467385161	-0.0200139662	-0.0395933838	-0.0857692455	0.0094935903	0.0324617854	-0.0071031223	0.0088688159	-0.0171549504	0.0517652938	-0.0165193307	-0.071021282	-0.0265467285	-0.0177196167	0.0485731071	-0.0110151431	0.0455622751	-0.0206357172	0.0114563663	-0.0053119852	0.0160095618	-0.008315502	-0.0287604471	0.0671506547	-0.0375484663	0.0160878832	0.0232879521	0.0257771901	-0.0265762498	-0.0342267484	0.0016893732	0.0093575313	-0.0505341208	-0.0405685019	0.0118441552	-0.0101058418	-0.0289288785	-0.0320194141	0.0738328391	0.0478374257	-0.0140993437	-0.0013695033	0.0268530986	0.0532519884	0.0072257779	-0.0387761591	-0.0130265108	0.0059627442	-0.0283479481	0.0293173624	-0.018610865	0.0086526047	0.0072390976	-0.0320897788	-0.024811807	-0.0014622121	0.049545429	-0.0376084651	0.0217079168	-0.0173819335	0.028331388	-0.0969227397	0.0475102328	0.027548995	0.0057776237	0.0189247575	0.0078684899	-0.0146737047	0.0485836943	-0.0023751233	-0.0222537955	-0.014849237	0.0077735039	-0.0186011044	-0.0420411661	0.0097051648	-0.0061568052	-0.0073255299	0.0148650351	-0.0502427498	-0.0208013851	0.0331894888	0.0493601234	0.0142399659	0.0585878108	0.0278314683	-0.0375852931	-0.0888552082	-0.0750798374	0.0120393502	0.0450553161	0.002284091	-0.0009693681	0.014664353	0.0016973967	-0.0476411363	0.0219822602	0.0480602466	-0.0851151569	-0.0023340617	0.0256770142	-0.0044965794	0.0072530982	-0.0139796179	0.0542844699	-0.0231483178	-0.0719011653	0.0218464986	-0.0105485812	0.0534107035	0.0134599861	-0.0430488895	0.0250391013	0.0065828244	0.0098239855	-0.0167669618	0.0017498953	0.0463237809	-0.0520927203	0.0250114122	-0.0245353353	-0.0240295589	0.0048261624	0.0350347471	-0.0374668866	-0.0076601059	-0.0357720423	0.0140870125	0.0359756789	-0.0078916009	-0.0024074825	-0.0011059564	-0.0328011621	-0.0737508187	-0.0397740109	-0.0227970346	0.0131793068	0.0097826868	-0.0729639478	-0.0076108948	-0.030947129	0.0301763373	0.0059842596	-0.0272288525	0.0166215968	-0.0175130791	0.004697223	0.0101040469	0.0172609875	-0.0160154915	-0.0365141701	-0.0137772462	-0.0454600663	0.0535775933	-0.0183179801	0.0264023462	-0.0937927358	0.0424747558	-0.0129548025	0.0237152274	0.0427555054	0.0159762979	-0.0251189428	0.0150236934	-0.0248647563	0.0216167165	0.016673667	0.0162483228	-0.0184868724	-0.0360140063	0.0319904557	-0.0124096609	-0.0063171217	0.0375367189	-0.0139489342	-0.0085925684	-0.0543962409	0.03214154	0.004679295	0.005963048	-0.0577947944	-0.0939150207	-0.017497756	0.0215145633	-0.0453438175	-0.0028867502	0.0597180454	-0.055527542	0.0533745931	-0.0081725695	-0.0271776412	0.0809812686	-0.0382044773	-0.0040759855	-0.0107814271	0.0256657048	0.0031800547	0.0359903656	0.0318646839	0.0219305205	0.0446383482	0.0018968947	-0.0019432015	0.0075913798	0.0412649082	0.0155509093	-0.022696502	-0.0465969022	-0.0389906186	0.0131193052	0.0180991493	-0.0419407874	0.0486882801	-0.0355914973	0.0079884006	0.0228705931	-0.0444080345	0.0478457346	-0.0317825624	0.0027655145	0.0273786964	-0.046363951	0.0464522756	-0.0276076712	-0.0024892147	0.0315715513	-0.0477860158	0.0445239479	-0.0231148951	-0.0077152822	0.0354008796	-0.0486578547	0.0420829549	-0.0781976	0.0027345999999998	7.478037159999413e-06	0.00611486464576	-4.08611	-0.0156	16.6962949321	0.00024336	-0.671832	0.0559669999999998	0.0031323050889999	0.4513582362239999	-0.0191333	0.0003549	0.00036608316889	1.2595401000000124e-07	-0.00209509	-0.00023244	4.3894021081e-06	5.402835359999999e-08	0.00112183	0.000152567	1.2585025489000005e-06	2.327668948900001e-08	0.0	0.0	0.0	0.0	0.0	0.0	0.0	0.0	0.0	0.0	0.0	0.0	0.0	0.0	0.0	0.0	0.0	0.0	0.0	0.0	0.0	0.0	0.0	0.0	0.0	0.0	0.0	0.0	0.0	0.0	0.0	0.0	0.0	0.0	0.0	0.0	0.0	0.0	0.0	0.0	0.0	0.0	0.0	0.0	0.0	0.0	0.0	0.0	0.0	0.0	0.0	0.0	0.0	0.0	0.0	0.0	0.0	0.0	0.0	0.0	0.0	0.0	0.0	0.0	0.0	0.0	0.0	0.0	0.0	0.0	0.0	0.0	0.0	0.0	0.0	0.0	0.0	0.0	0.0	0.0	0.0	0.0	0.0	0.0	0.0	0.0	0.0	0.0	0.0	0.0	0.0	0.0	0.0	0.0	0.0	0.0	0.0	0.0	0.0	0.0	0.0	0.0	0.0	0.0	0.0	0.0
55378.92012781226	-162.2389567469363	3066824794.522609	26321.47908633427	67546.0286171875	-557.3180410156201	4562465981.953914	310603.3988414884	55840.31475534937	-165.7952864331528	3118140751.9764886	27488.07700345118	56033.66214840033	56630.50992288961	1.152368	26.399454	0.1088966999999996	0.0737831999999999	0.0028725593	-0.0253964308	-0.0481560833	-0.003306646	0.0136969742	-0.0423137509	-0.0135006785	-0.0368264314	-0.0391619035	-0.0369922688	-0.0161024746	-0.0451104189	-0.0651433788	-0.01698104	0.0825663093	-0.0709610137	0.044354012	-0.0344796522	-0.0794450587	-0.0374302957	-0.0147136412	-0.0045085683	-0.0139391517	0.0270973955	-0.0303477257	-0.0422288258	-0.0452082714	0.060397971	0.0276493322	0.0093108589	0.0106321845	0.005564385	0.0265909117	0.0707322132	0.0049493463	-0.0195628273	0.0251452599	-0.0257567054	0.0499096332	0.0350796398	-0.0076351283	0.044221256	0.0271359417	0.0249682659	0.0177413794	-0.0104477352	0.0398157668	-0.04121984	0.0439733405	0.0278620388	0.0166157804	0.0344233077	-0.0096532854	-0.0040266691	-0.0638144449	0.0225717858	-0.0197427326	-0.0424029599	0.0427069535	0.0482824247	0.0599491557	-0.0295895735	-0.0069671571	-0.0106516248	0.0226153636	0.0293897042	-0.0138802766	6.3971e-06	-0.0238858895	-0.0415513543	0.0711341694	-0.0191903811	-0.0672774479	0.0200215738	-0.042086326	0.0128929142	0.0430395484	0.0040094294	-0.0207116093	0.0008623736	-0.0293638581	-0.0307362424	0.0338514477	0.0990603307	0.0137996035	0.0293899437	0.0506448501	0.0115856232	-0.0389264353	-0.0405450326	-0.0126203012	-0.0239849408	0.0507617878	0.0314959353	-0.0156997816	-0.0088768018	0.0105178621	0.0013648638	-0.0088189721	-0.0187418639	0.0241780478	-0.0093749532	0.0286940081	0.0197822234	0.0286125062	0.0223346038	0.0144858107	0.0237180526	-0.0141830655	-0.0100603691	0.0089781905	0.0139853196	-0.0307152549	0.082063831	0.0386389763	0.0149555345	0.0042991268	0.0111760248	0.0103891789	0.0428397283	0.0414535105	0.0423425151	0.0563687751	0.0387735673	0.0157412125	0.0081794345	0.0120039977	0.0300718061	0.0709969126	-0.0011220584	-0.0161779206	-0.0239999952	-0.0237539123	0.0446236855	-0.0375147018	0.015014278	-0.0376409451	0.0335360261	0.0275192933	-0.0102019239	0.0223822179	-0.0446659906	0.0294292283	-0.0391370654	-0.0210483986	-0.0282060481	-0.0286509985	0.0071959125	-0.0241916767	0.0642715269	-0.0276492529	0.0080975559	0.0090963306	0.0217049978	-0.0751295505	-0.0460179989	0.0123203745	-0.0070246328	-0.0182842448	0.0236153448	-0.0245659294	0.0115622671	0.0037249642	0.0283043513	-0.0657540276	-0.0328430838	0.0447803953	-0.0750011265	-0.0038524773	-0.0378985466	-0.0103607125	0.0317427796	-0.0043835936	-0.0058329339	-0.0017830786	-0.0547174455	-0.0029449334	0.0169471759	0.0980941811	-0.0220050899	0.0279519204	0.0396758863	-0.0229380263	-0.0468538105	0.0259969816	0.0325853205	-0.0284837172	0.0508203635	-0.0190333214	0.0188602072	-0.0045941555	0.0047963704	-0.0052656274	-0.0013994237	-0.0095913657	0.0193013815	0.0199905647	-0.0365578493	-0.033016011	0.0235312797	-0.0041890774	0.0118890897	-0.0106773116	0.0309651329	0.0115354794	0.0010891683	0.0063143042	0.0262946584	-0.0658504799	0.0062882876	0.097095407	-0.0329937084	0.0560452812	0.0219439349	0.023187773	-0.0146265757	0.0405635042	-0.0027549406	-0.0083433243	0.0034649336	-0.038842508	-0.0487554076	0.0081997635	-0.0109128956	0.0064925759	-0.0286750277	0.0067495915	0.002999296	0.0105656046	0.0122809568	0.0072947059	-0.0406074786	-0.039101947	0.013474375	0.0175837917	-0.0415551402	0.0487784667	-0.0363425447	0.0092594399	0.021555509	-0.0436829132	0.0482047363	-0.0332985423	0.0049719936	0.025358424	-0.0454686032	0.0472535125	-0.0299937775	0.0006456115	0.0289627561	-0.0468982266	0.0459322442	-0.02645413	-0.0036858265	0.0323402795	-0.0479605879	0.0442512785	-0.0765253999999999	0.0016722000000001	2.796252840000367e-06	0.0058561368451599	-4.06855	0.0175599999999995	16.5530991025	0.0003083535999999	-0.705261	-0.033429	0.001117498041	0.497393078121	-0.0181126	0.0010206999999999	0.0003280662787599	1.0418284899999989e-06	-0.00218593	-9.084000000000002e-05	4.7782899649e-06	8.251905600000003e-09	0.001135	1.3169999999999848e-05	1.288225e-06	1.73448899999996e-10	0.0	0.0	0.0	0.0	0.0	0.0	0.0	0.0	0.0	0.0	0.0	0.0	0.0	0.0	0.0	0.0	0.0	0.0	0.0	0.0	0.0	0.0	0.0	0.0	0.0	0.0	0.0	0.0	0.0	0.0	0.0	0.0	0.0	0.0	0.0	0.0	0.0	0.0	0.0	0.0	0.0	0.0	0.0	0.0	0.0	0.0	0.0	0.0	0.0	0.0	0.0	0.0	0.0	0.0	0.0	0.0	0.0	0.0	0.0	0.0	0.0	0.0	0.0	0.0	0.0	0.0	0.0	0.0	0.0	0.0	0.0	0.0	0.0	0.0	0.0	0.0	0.0	0.0	0.0	0.0	0.0	0.0	0.0	0.0	0.0	0.0	0.0	0.0	0.0	0.0	0.0	0.0	0.0	0.0	0.0	0.0	0.0	0.0	0.0	0.0	0.0	0.0	0.0	0.0	0.0	0.0
55336.49377206384	-42.42635574841552	3062127542.98566	1799.9956620911105	67789.92256054688	243.8939433593769	4595473600.764943	59484.25560738693	55923.43248307544	83.11772772607219	3127430300.6890974	6908.55666234547	56119.27866689462	57134.58139394785	1.470845	33.6954	0.6056436000000003	0.430618	0.001424471	0.0282148013	0.0407342454	0.0035402752	-0.0055315965	0.0171744565	-0.003017729	0.0557617424	0.0551752245	0.007071813	0.0850429562	-0.0207543602	-0.0149254539	0.0161642746	-0.0861090092	0.002467506	0.0398757491	0.0006047867	0.0156283421	-0.0067764433	0.0006824751	-0.0294622031	0.0231138693	0.0021312028	0.0515751812	-0.0299263181	0.0208697442	-0.0363764039	-0.0110546371	0.0077373758	-0.0161854429	-0.0384120675	-0.0121145587	-0.0306867344	0.0033181074	-0.0648553561	0.0048156184	-0.0097262174	-0.0230137099	-0.0076887674	0.0039011001	-0.0438496064	0.0107248703	-0.0046079998	-0.0036125443	-0.0342368397	0.0065782406	0.087488736	0.0317470794	-0.0702410824	-0.0591136352	0.048948693	-0.0220661205	0.0048125767	-0.0539388559	-0.0184295289	-0.0695051326	-0.021839364	0.0378081394	-0.001725	-0.0100938909	-0.0042212349	-0.0108680585	0.070407925	0.0126397354	-0.0173597457	0.0382408286	-0.0156179485	-0.0180352762	-0.0431669782	-0.0021466906	-0.0374619285	0.0021951697	0.0012140266	0.0314632391	-0.0144331313	-0.0505445073	0.0020328198	0.0324157294	0.0148469028	-0.0235459174	0.0152456148	-0.0058589026	0.0049615395	-0.0309981256	0.0027141118	0.0271968459	0.032906261	-0.0374157813	0.0471673836	0.0200826218	-0.0333135067	0.0661056124	0.0096773514	0.0077663134	0.0155850889	-0.0294879522	-0.0193837768	-0.005164189	0.0063038574	-0.0412090314	-0.006869038	0.0760622572	-0.0062633797	-0.0428720827	-0.1062453189	0.053402523	0.0332202353	-0.0220039424	0.0640979024	-0.0153781547	0.0468162228	0.0001304209	-0.0196067382	0.0089777118	-0.0018618707	0.0327708195	-0.0187114881	0.0156444917	-0.0524095468	0.0309954862	-0.0156346252	-0.0325595663	-0.0244395146	0.0026369681	-0.0136333878	-0.0410164284	-0.0086398745	-0.0296639872	0.0049696087	-0.0642694102	-0.011197093	-0.0092345137	-0.0256632868	0.0188938815	-0.0005372371	0.0496860142	0.0039184293	0.0044978535	0.0146145856	0.023082871	0.0330634608	-0.0910342282	-0.0481208686	0.0595238607	0.0282842056	-0.0636227565	0.0221344011	-0.0258950775	0.0489169035	-0.0134892287	0.020455989	0.0719352905	0.0187920407	-0.0097274494	-0.003799498	-0.026319477	0.0077007159	-0.063666958	-0.0101261756	0.023579396	-0.0391579642	-0.0179514879	0.0070643436	-0.0350671435	0.0275861132	0.0365148537	0.0200001928	0.003956664	0.0335186767	0.006359089	-0.0610773576	-0.0151245846	0.0184010288	0.0276229249	0.0104789201	0.0282362063	0.0071670799	-0.0042292619	-0.036555601	0.0028502375	0.0213841204	0.0151700973	0.0011192065	0.0755849512	0.0038238877	-0.0167733343	0.0286553741	-0.028909474	0.01469668	0.0041291648	-0.029087656	0.0334370566	-0.0048797998	0.0279884463	-0.0117097458	-0.0175624885	0.0163875365	-0.0785950548	-0.0923859745	0.0636629104	0.0843028856	-0.0153483042	-0.0063216153	-0.0688433613	0.0533896451	0.0336128936	0.004354841	0.0329047951	-0.0013886443	-0.0268583128	-0.0322152368	0.0253314248	-0.0943740491	7.55583e-05	0.0450370172	-0.0825433784	0.0085716994	-0.018313238	0.0202101168	0.0032358851	0.0050296914	0.0438136297	-0.0383678151	-0.0021130754	0.0606988716	-0.012413189	0.1453237826	-0.0036893853	-0.0057816792	0.1206251274	0.0470517555	-0.0392127206	0.0138286801	0.0170661886	-0.0411600588	0.0488513503	-0.0370750283	0.0105240416	0.0202208511	-0.0429075896	0.0484953459	-0.0347573591	0.0071683153	0.0232773535	-0.04444683	0.047903926	-0.0322709638	0.0037777911	0.0262208584	-0.0457703078	0.0470799613	-0.0296279125	0.0003689281	0.0290370768	-0.0468715983	0.0460274517	-0.0926742	-0.0161488000000001	0.00026078374144	0.00858850734564	-4.30287	-0.2343200000000003	18.514690236900005	0.0549058624000001	-0.709708	-0.0044469999999999	1.977580899999981e-05	0.503685445264	-0.0246865	-0.0065739	0.00060942328225	4.321616121000001e-05	-0.00218593	0.0	4.7782899649e-06	0.0	0.000694344	-0.000440656	4.821135903359999e-07	1.94177710336e-07	0.0	0.0	0.0	0.0	0.0	0.0	0.0	0.0	0.0	0.0	0.0	0.0	0.0	0.0	0.0	0.0	0.0	0.0	0.0	0.0	0.0	0.0	0.0	0.0	0.0	0.0	0.0	0.0	0.0	0.0	0.0	0.0	0.0	0.0	0.0	0.0	0.0	0.0	0.0	0.0	0.0	0.0	0.0	0.0	0.0	0.0	0.0	0.0	0.0	0.0	0.0	0.0	0.0	0.0	0.0	0.0	0.0	0.0	0.0	0.0	0.0	0.0	0.0	0.0	0.0	0.0	0.0	0.0	0.0	0.0	0.0	0.0	0.0	0.0	0.0	0.0	0.0	0.0	0.0	0.0	0.0	0.0	0.0	0.0	0.0	0.0	0.0	0.0	0.0	0.0	0.0	0.0	0.0	0.0	0.0	0.0	0.0	1.0	0.0	0.0	0.0	0.0	0.0	0.0	0.0	0.0
55410.13834771889	73.64457565504563	3070283431.713347	5423.523523411739	67644.16423339843	-145.75832714844728	4575732954.83498	21245.489933113786	55850.60102605174	-72.83145702369802	3119289634.971212	5304.421132194772	56038.1401752795	57220.00113255885	1.482833	33.970039	0.4768343999999992	0.232048	-0.0008136803	0.0364252904	0.0474642459	-0.0134268378	-0.0300310605	0.0219148695	0.0267018147	-0.048298958	0.0148251508	0.0577955484	0.0542284274	0.0815353455	0.0789034685	0.05244049	-0.0106577487	0.0736448573	0.0119201105	0.0825464473	0.0050126063	-0.0109187002	-0.003870606	0.0224184044	-0.0520361383	-0.0229555909	-0.0702509984	-0.0270196743	0.0373412249	0.0126423989	0.019435062	-0.1035357049	0.0275557081	0.0008802421	-0.0003823805	0.0256751399	0.0569919988	0.0018298138	-0.027823833	-0.0472748693	-0.0634378234	-0.0165747689	-0.0022662698	0.0143245994	0.0269798059	0.0490875529	0.0017660437	-0.050562682	0.0563104026	0.025627761	0.009074339	-0.0430356211	0.0373803033	-0.0343417938	0.008427995	-0.0225355796	0.0396810034	-0.0242893652	-0.0267865119	0.0514785083	-0.0001627246	0.0449266721	-0.0408811084	-0.0121370533	-0.0511176338	-0.0235990658	0.028663711	-0.0307126883	-0.0472745269	0.0768046125	-0.0659326273	-0.0259671141	-0.0272176671	0.020335117	0.029910943	0.0222221643	-0.032718327	0.0046586938	0.0740904065	0.0446654649	-0.0334523331	0.0056686373	-0.0412439047	0.0082795846	-0.0095360006	0.0001593675	0.0415859771	0.0011064978	0.0219489839	0.0469590413	-0.0241065093	-0.074071237	0.0193847274	0.0479944723	-0.0040811162	-0.0076765581	0.0424289534	-0.0242888528	-0.0141801158	-0.0095500309	-0.0269192352	-0.0831323587	0.0288939879	0.0073690076	0.0234758044	-0.0249943197	0.0238815162	0.0441574504	0.0155899411	-0.0098368321	-0.0030850703	-0.0012695221	0.0936088274	-0.0465974708	0.082839366	-0.0062085199	0.0058229381	0.0048840342	-0.0249107653	0.0446454854	-0.0498760335	0.0590280622	0.0231092452	-0.0484736057	0.0171284417	0.0297252184	-0.0985888221	0.0399071212	0.0017906451	0.0031939741	0.0297202634	0.0538146854	0.0016175839	0.0319494174	-0.0403362334	-0.0644211573	0.014411006	-0.0034280445	-0.0199058521	0.0392454758	0.021739027	0.0101670722	0.0516107986	-0.0424704459	-0.0562603277	-0.0145305807	0.0367169294	-0.0262418446	0.0424349395	-0.0217119302	0.0023065342	-0.0586031916	0.0176782257	-0.0155262078	0.0396014989	0.004643924	-0.0152894926	0.0527764783	0.0550123481	0.0405495224	-0.0077663367	0.0369734213	0.031369479	0.0598537939	-0.0386138268	0.0805002346	-0.0067551868	0.0320688127	-0.0182623329	0.0105876497	0.0232223587	-0.0334377205	-0.0055123142	0.0728042399	-0.0237375175	-0.0406623366	0.0176860487	-0.0219640387	0.0296957268	-0.0369192001	0.006773807	0.03545431	0.0172141094	-0.0027229611	-0.0744365279	-0.0316872619	0.0205646437	0.0531813064	0.0226144244	0.003391479	-0.0252685816	-0.0493692321	-0.0253707056	0.0123236924	-0.0285478733	-0.0288071421	0.0034249563	0.0776857747	-0.0229185478	0.0088295653	-0.0282465019	0.0443455692	-0.0431345411	0.0032900356	-0.004565163	-0.0031910357	0.0042635042	-0.0062445636	-0.0995539174	-0.0048856001	0.0657215793	0.0307420143	-0.0892344077	0.0569677079	-0.0940805288	0.0491612389	-0.0313607074	-0.0033194848	0.0126970976	-0.0151673365	-0.0554192023	-0.0380199243	-0.0388026573	-0.072890206	0.0149658407	0.012656855	-0.0236905225	0.0396700931	0.0526149105	0.0200169788	-0.0082276932	0.0223447708	-0.0125354074	0.0118889815	-0.0393229378	0.0141822002	0.0165464061	-0.0407556328	0.0489069049	-0.0377885739	0.0117813266	0.0188678315	-0.0420829549	0.0487171511	-0.0361565084	0.0093499925	0.0211404744	-0.0433014723	0.04840144	-0.0344309608	0.0068944842	0.023358459	-0.0444080345	0.0479605879	-0.0326163926	0.0044211503	0.0255160508	-0.0453997805	0.0473957345	-0.1381	-0.0454258	0.00206350330564	0.01907161	-4.33799	-0.0351199999999991	18.8181572401	0.0012334143999999	-0.894194	-0.184486	0.034035084196	0.7995829096360001	-0.0281038	-0.0034173	0.00078982357444	1.167793929000001e-05	-0.00147593	0.0007099999999999	2.1783693649e-06	5.040999999999999e-07	0.000585592	-0.0001087519999999	3.42917990464e-07	1.1826997503999986e-08	0.0	0.0	0.0	0.0	0.0	0.0	0.0	0.0	0.0	0.0	0.0	0.0	0.0	0.0	0.0	0.0	0.0	0.0	0.0	0.0	0.0	0.0	0.0	0.0	0.0	0.0	0.0	0.0	0.0	0.0	0.0	0.0	0.0	0.0	0.0	0.0	0.0	0.0	0.0	0.0	0.0	0.0	0.0	0.0	0.0	0.0	0.0	0.0	0.0	0.0	0.0	0.0	0.0	0.0	0.0	0.0	0.0	0.0	0.0	0.0	0.0	0.0	0.0	0.0	0.0	0.0	0.0	0.0	0.0	0.0	0.0	0.0	0.0	0.0	0.0	0.0	0.0	0.0	0.0	0.0	0.0	0.0	0.0	0.0	0.0	0.0	0.0	0.0	0.0	0.0	0.0	0.0	0.0	0.0	0.0	0.0	0.0	0.0	0.0	0.0	0.0	0.0	0.0	0.0	0.0	0.0
55348.68136963741	-61.45697808147816	3063476529.357647	3776.9601549072863	67239.97324804688	-404.1909853515536	4521214002.39806	163370.35263945977	55888.92620625303	38.32518020128919	3123572072.487997	1468.8194374612883	56090.803737883565	56608.543483347705	1.176037	26.941681	0.2015830999999992	0.107044	0.0048837752	0.0270734255	0.0343639056	-0.0046740078	-0.0234814057	0.0293313971	0.0379893582	0.0360658903	0.0461387524	-0.0092089347	-0.0336035339	-0.0384530957	0.0670713256	-0.0201232047	0.0362927576	0.0473418847	-0.0597305315	0.0336900731	0.0345014797	0.0288715793	0.0027768409	-0.0139762038	0.0693058053	0.0256631539	-0.0386929409	0.0223045828	-0.0422398879	-0.0085416238	-0.0479149011	-0.0166723628	-0.0084100974	0.0129042342	-0.0140744015	-0.0092818909	0.0174342045	0.0358265795	-0.0192222309	0.0379112445	-0.1000234559	-0.0424213977	-0.0246121844	0.0068541597	0.0200840922	-0.0092461601	0.0098156166	-0.032775806	0.0061980967	-0.0260731342	-0.0076400417	0.0385325165	-0.0516192421	0.0534101941	-0.0141757132	0.0804293062	-0.0446996135	-0.0226181819	0.0214676481	-0.0206174892	-0.0377112073	0.0125564772	0.0413956434	0.0468080563	0.0175013993	0.0022674936	-0.0458369606	-0.0077721913	-0.0203160764	-0.0012751611	0.0335685057	0.0019270273	-0.0165934774	0.0075022852	0.0576203254	-0.0564161855	-0.0154520703	0.0026376203	-0.0392986042	-0.0123930655	-0.0561752837	0.0166860771	-0.0211557416	-0.0010945549	-0.0410988974	-0.0677946413	0.0519040284	0.0453603083	0.0148296658	0.00204508	-0.0306085606	-0.0338879427	0.0214572445	0.0065444544	0.0355417203	-0.0345628511	0.0133950892	-0.0454994364	-0.014311259	-0.0362117487	0.0290258361	0.0389848134	0.0309161895	0.0100943426	0.0063051226	-0.0032367345	-0.0225215983	-0.0333944708	0.006343104	-0.0077247326	-0.0162660327	0.016412023	0.0043172614	-0.016869114	0.0307751478	-0.0350225753	-0.0317784979	-0.0026550497	0.0123519602	-0.0737677087	0.0148901913	0.0404549362	-0.0206021929	0.0396890502	-0.0030656102	-0.0385936036	-0.0258115735	-0.0120694328	0.0111119487	-0.0255333957	-0.0106659309	0.0181417818	0.0367865102	0.0199316264	0.0338885701	-0.1005709718	0.0356680669	0.0140877484	-0.0045806026	-0.029744193	0.0282607952	-0.0048266549	0.0386053684	-0.0156383393	0.0203656726	0.0012039904	-0.0222646083	0.0379368776	-0.0463269827	0.0520541786	0.0577492777	0.0679854511	0.0266479306	0.0182824865	-0.0118459922	-0.0414785404	-0.0291106669	-0.0258343921	-0.0400400621	0.011339982	0.0368536502	-0.0447388472	-0.0034361338	0.0206432791	0.0073389303	-0.0323300743	0.0253341237	-0.004920331	-0.0268941901	0.0684487717	-0.0344604821	-0.0118654802	0.0293626232	-0.0340553111	0.0077902865	-0.0415137763	-0.0143159053	-0.0229682697	0.0299571154	-0.0355151322	-0.0563146198	0.0681671758	0.0443077893	0.0151266199	0.0035950574	-0.0379480981	0.0248834494	0.0341366391	-0.0055831048	-0.003891639	-0.042855413	-0.0041081518	-0.0411144732	0.0274947877	0.0330352593	-0.0373895473	-0.0428427241	-0.0317443465	-0.0029705075	0.0042342862	-0.0067047335	-0.0269469343	0.0233028044	0.0121865019	0.0014312062	-0.0267959046	-0.005299728	0.0043949382	-0.0088086189	-0.0163280521	0.0546522091	0.021185617	-0.0704650259	0.0170987313	-0.0327086049	-0.0426713376	0.063939608	-0.0246947944	0.0192583406	-0.0520192255	0.0093388991	0.0046624786	0.0047316544	0.028472096	0.0043243813	-0.0286121821	-0.0080982243	-0.0194719841	0.0444518759	0.0098687134	-0.0230315099	0.0302824496	-0.0117243192	-0.0071373256	-0.039432597	0.0145349155	0.0160245105	-0.0403419543	0.0489451109	-0.0384828171	0.0130304206	0.0174976787	-0.0412099568	0.0488698372	-0.0374935883	0.0115125682	0.01895291	-0.0420357148	0.0487444668	-0.0364659247	0.0099829142	0.0203887125	-0.0428183818	0.0485691282	-0.0354008796	0.0084430267	0.0218036145	-0.0435571555	0.0483440011	-0.130171	0.0079289999999999	6.286904099999986e-05	0.016944489241	-4.33736	0.0006299999999992	18.812691769600004	3.968999999990453e-07	-0.807614	0.0865799999999999	0.0074960963999999	0.6522403729960001	-0.0264307	0.0016731	0.00069858190249	2.799263610000001e-06	-0.00175006	-0.0002741299999999	3.0627100035999995e-06	7.51472568999999e-08	0.000767244	0.000181652	5.88663355536e-07	3.299744910400001e-08	0.0	0.0	0.0	0.0	0.0	0.0	0.0	0.0	0.0	0.0	0.0	0.0	0.0	0.0	0.0	0.0	0.0	0.0	0.0	0.0	0.0	0.0	0.0	0.0	0.0	0.0	0.0	0.0	0.0	0.0	0.0	0.0	0.0	0.0	0.0	0.0	0.0	0.0	0.0	0.0	0.0	0.0	0.0	0.0	0.0	0.0	0.0	0.0	0.0	0.0	0.0	0.0	0.0	0.0	0.0	0.0	0.0	0.0	0.0	0.0	0.0	0.0	0.0	0.0	0.0	0.0	0.0	0.0	0.0	0.0	0.0	0.0	0.0	0.0	0.0	0.0	0.0	0.0	0.0	0.0	0.0	0.0	0.0	0.0	0.0	0.0	0.0	0.0	0.0	0.0	0.0	0.0	0.0	0.0	0.0	0.0	0.0	0.0	0.0	0.0	0.0	0.0	0.0	0.0	0.0	0.0
55419.76413842088	71.08276878346805	3071350257.1582007	5052.760017923981	67627.0319501953	387.0587021484244	4573415450.392736	149814.43890882266	55877.9446646065	-10.981541646535334	3122344699.940825	120.59425693458996	56057.149498617386	57001.6792833997	1.071911	24.556259	0.0901466499999998	0.0549013	0.0025760614	0.0311479786	0.0358654923	-0.0087750556	-0.0078659696	0.0124819543	0.0273333805	-0.0330369492	0.002109667	0.0450365745	0.0538841168	0.0559061193	0.0032314409	0.0263835397	-0.0473105514	0.0357013125	-0.0267481842	0.0403241905	0.0076381094	0.0198641525	0.0124619474	0.0187334112	-0.0256343473	-0.0461375004	0.0496539259	-0.000133801	0.0043577937	-0.0187952448	0.0001242949	-0.0310961394	0.0052123453	0.0014301841	0.0183773714	-0.0046989482	0.003398969	-0.0263145294	0.0127269196	0.0208250105	-0.0556744951	0.0872677238	-0.0178421647	-0.0038675286	0.0534863761	0.045517146	-0.0121243023	-0.013808616	-0.0060395691	0.0249321874	-0.0032210206	0.0116943637	0.0037478015	-0.0177003181	0.0013926728	-0.0204075035	0.0554193958	0.0315773133	0.0409684384	0.0445835606	-0.0490731116	-0.0629386737	0.0464973431	0.0207192385	0.026985412	0.023086406	0.0787544644	-0.0154267799	0.0269101541	0.0538266964	-0.002920397	0.019571464	0.0279772045	-0.0060855044	0.063319811	-0.0402153579	0.005971698	-0.0131834918	-0.0215731711	-0.0184514385	-0.0576266491	0.0411022015	-0.061551477	0.0075179011	0.012226858	0.0049639529	-0.0094615354	0.0553973911	-0.0003835226	-0.0250307926	-0.0056019011	-0.0168648602	0.0088213092	0.0154670211	-0.0025525764	-0.0294765019	-0.0023311794	-0.0343791261	-0.0464400846	-0.0703337767	0.0447961317	0.0334638169	-0.0178510844	0.0028619753	-0.0413983754	-0.0353246975	0.047262587	0.0206708041	-0.0146627533	-0.0122235159	-0.0293343163	-0.0409742093	0.024818708	0.0361706435	0.0415589931	-0.0085278972	-0.0183564811	-0.0134941778	-0.0177171698	0.0308419493	-0.0229641552	-0.0637537545	-0.0028044816	-0.0069410724	-0.0129206846	0.0012921731	-0.03334662	0.011545055	0.0032811124	0.011773289	-0.0020405631	0.0057155101	-0.0212827921	-0.0100406425	0.0209634848	-0.0604099916	-0.0872001132	0.0319731769	0.0066447799	0.0547020631	0.0423848538	0.0114050924	0.018588972	0.0126981897	-0.014669462	0.002722306	-0.0200898229	0.0090818969	0.0287604115	0.0097851426	0.0137009501	-0.0730678274	0.0022783784	-0.0597987279	-0.0227657264	-0.006351743	0.040267691	-0.0580655279	-0.0410113663	-0.0159554031	0.000573203	0.0701786145	0.0283625301	-0.0211303956	-0.0373452191	0.0011709543	0.0431246307	-0.0360178661	-0.0020060303	0.0581211763	-0.0183721132	0.0152712808	0.0096273638	-0.0321781954	0.0272298964	-0.0515255021	0.0146339989	-0.0504686698	0.0651514125	-0.0049385499	-0.0013061451	-0.0176581246	0.0580370621	0.0105941406	0.0177563228	-0.0113285321	-0.0172677335	0.0186096153	0.0053083053	-0.0242079148	-0.0235151782	-0.0091853976	-0.0495327977	-0.0054376643	0.0487490833	-0.0596199819	-0.0033378276	-0.0277989232	0.0048836876	0.0582376216	0.0518625448	0.0510858543	-0.0084813048	-0.0106878491	-0.0296049724	-0.0014149173	0.0296608028	0.038530876	-0.0005447241	0.0557180364	0.0497288146	0.0193819344	-0.059251581	0.0310100247	-0.041314035	0.0137026699	-0.0274979711	0.037275628	-0.0363449152	-0.0054244624	-0.0068086689	-0.0145140756	-0.0049575079	0.0004462289	0.0113860527	0.0503357538	0.0272402377	0.0463525967	0.0311239239	0.0077413721	0.0160362851	0.0077134455	-1.60436e-05	-0.017727657	-0.0395416966	0.0148868057	0.0155005685	-0.0399191169	0.0489659547	-0.0391574033	0.0142704553	0.016111637	-0.0402895985	0.0489531875	-0.0387663036	0.0136516244	0.016719905	-0.040653077	0.0489319113	-0.0383684655	0.0130304206	0.0173252667	-0.0410094892	0.0489021298	-0.0379639583	0.0124069519	0.017927617	-0.0413587732	0.0488638482	-0.12173	0.008441	7.125048100000007e-05	0.0148181929	-4.28544	0.0519199999999999	18.364995993600004	0.0026956863999999	-0.808523	-0.0009089999999999	8.262809999998866e-07	0.653709441529	-0.0267167	-0.0002859999999999	0.00071378205889	8.17959999999989e-08	-0.00186775	-0.00011769	3.4884900625e-06	1.3850936100000037e-08	0.000941087	0.0001738429999999	8.856447415689999e-07	3.0221388648999974e-08	0.0	0.0	0.0	0.0	0.0	0.0	0.0	0.0	0.0	0.0	0.0	0.0	0.0	0.0	0.0	0.0	0.0	0.0	0.0	0.0	0.0	0.0	0.0	0.0	0.0	0.0	0.0	0.0	0.0	0.0	0.0	0.0	0.0	0.0	0.0	0.0	0.0	0.0	0.0	0.0	0.0	0.0	0.0	0.0	0.0	0.0	0.0	0.0	0.0	0.0	0.0	0.0	0.0	0.0	0.0	0.0	0.0	0.0	0.0	0.0	0.0	0.0	0.0	0.0	0.0	0.0	0.0	0.0	0.0	0.0	0.0	0.0	0.0	0.0	0.0	0.0	0.0	0.0	0.0	0.0	0.0	0.0	0.0	0.0	0.0	0.0	0.0	0.0	0.0	0.0	0.0	0.0	0.0	0.0	0.0	0.0	0.0	0.0	0.0	0.0	0.0	0.0	0.0	0.0	0.0	0.0
55349.2816724965	-70.48246592437499	3063542981.661357	4967.778002780682	67103.64467871093	-523.3872714843747	4502899129.16669	273934.2359518585	55892.53394924141	14.589284634916112	3123975351.267104	212.8472261585993	56085.125886432565	56170.1317221109	1.045156	23.94335	0.0694589499999994	0.037089	0.0046684874	0.0268937755	0.029946563	-0.0097795222	-0.0249929228	0.0189901394	0.0345593377	-0.0282173288	0.0204690153	-0.0214909955	0.0045246031	0.0114245967	0.0553770822	0.0125910853	0.0591492443	0.040368081	0.0338956591	0.0346540279	0.0123979556	0.0419695464	0.0044172067	0.0070462121	-0.0006501394	0.0510149757	-0.0565774667	-0.0322124976	0.0029058026	-0.0266120588	-0.02714088	-0.0204570265	0.0277120847	-0.004816856	-0.0118820347	0.0295248882	0.0138091636	-0.0537530072	-0.0041641585	0.0055338388	-0.0541200952	-0.0510625401	-0.0012560863	0.0152757159	0.0065827495	0.0588233516	-0.0696152331	0.0235857209	-0.0149828875	-0.0526888895	-0.0180171272	-0.0376741781	0.0004041717	0.0426398964	0.0481675979	0.0082583934	0.0237621042	-0.0214291651	-0.0211320553	0.0265132324	-0.0484693266	0.0035778484	-0.0355931631	0.010396189	-0.0365237254	0.0321208419	0.0182068018	0.0333858228	-0.0304392818	0.0577984881	0.0034656571	0.0006870378	0.0025908809	-0.028769565	-0.0211004168	-0.0372462547	0.0049542045	-0.0252766309	0.0326266247	-0.0113038223	-0.0417581479	0.02535554	-7.8874e-05	0.0241164706	-0.0514907247	0.0150672947	-0.007685895	0.0047671805	-0.061848582	0.048465278	0.0014934933	-0.0126625931	-0.0325011039	-0.0106145284	-0.0346746904	-0.0247928726	-0.0459219795	-0.0152880887	0.0029514751	-0.0120664063	0.0154218092	-0.0173029133	-0.0452832879	-0.0383395915	0.0667067407	0.0010853298	0.0176794736	0.0080382737	0.051085098	-0.0104477506	0.0426113182	-0.046781785	-0.0153148366	-0.0284542374	0.0336520762	-0.0106815859	-0.0458488585	-0.0051511107	-0.0097801123	-0.0010491855	0.0280159995	0.0728315312	0.0334263357	-0.0034381277	-0.020288543	-0.0248459869	-0.0258814927	0.0299163415	0.0010919739	-0.0144701565	0.0304862428	0.0128431471	-0.0484115818	0.0003915414	0.0147381191	-0.0610149628	0.0471857229	0.0009857598	-0.025337036	0.0592107014	0.0009218767	0.0540478237	-0.0161733907	-0.0061858064	0.0512841994	0.0372450808	0.0453821997	-0.0261588113	-0.0396670069	0.0113469545	0.0392531528	-0.0459999482	0.0313170648	-0.0136352525	0.0241259976	-0.0326935553	0.0171594083	0.0296875478	-0.002734765	0.0345112809	-0.0428885916	0.0197905541	-0.0374082101	0.0478772452	-0.0405727668	0.0056884615	0.0183900418	-0.0026232456	0.0301341385	-0.0009177472	-0.0464215288	0.0047937298	-0.0199305755	0.0174181566	0.0225060985	-0.0581832834	-0.0107840705	0.0028304375	0.0126034056	-0.0518686894	0.0060027919	-0.0087092814	0.0001117793	-0.0427957249	-0.0290182765	0.0255690667	0.0011827505	-0.0522977629	-0.0218520708	-0.022812305	-0.0002398201	0.0430566354	-0.0568892487	-0.002146303	0.0323311221	0.0349984152	0.0372378428	0.0179349016	0.0251622113	0.0146119531	-0.0583406779	0.0166826924	-7.07348e-05	0.0126314321	0.0569350768	0.0271589569	0.015088736	-0.0338276073	0.0051441522	-0.0170121756	0.0407909794	0.0237419579	-0.0529899314	0.0421912346	-0.0351807315	-0.0110585723	0.0314515837	-0.0286590231	0.0318530415	0.0040013092	-0.0328187055	-0.0270767897	-0.0105996638	-0.041229017	-0.0126244093	-0.0448449097	-0.0080803034	0.0120640647	0.0140094838	0.0006099569	0.0089914328	0.0101165543	-0.0115360982	-0.0213536934	-0.0396502352	0.015237851	0.014974647	-0.0394872168	0.048969429	-0.0398119877	0.0155005685	0.014710965	-0.0393229378	0.0489670838	-0.0399724692	0.0157627911	0.0144468132	-0.0391574033	0.0489631754	-0.0401316745	0.0160245105	0.0141822002	-0.0389906186	0.0489577037	-0.0402895985	0.0162857183	0.0139171345	-0.0388225891	0.0489506689	-0.115762	0.005968	3.5617024000000014e-05	0.013400840644	-4.29763	-0.0121899999999994	18.4696236169	0.0001485960999999	-0.8356219999999999	-0.0270989999999998	0.0007343558009999	0.6982641268839997	-0.0265871	0.0001296	0.00070687388641	1.679616000000014e-08	-0.00218593	-0.0003181799999999	4.7782899649e-06	1.0123851239999997e-07	0.000977346	3.625900000000008e-05	9.55205203716e-07	1.314715081000005e-09	0.0	0.0	0.0	0.0	0.0	0.0	0.0	0.0	0.0	0.0	0.0	0.0	0.0	0.0	0.0	0.0	0.0	0.0	0.0	0.0	0.0	0.0	0.0	0.0	0.0	0.0	0.0	0.0	0.0	0.0	0.0	0.0	0.0	0.0	0.0	0.0	0.0	0.0	0.0	0.0	0.0	0.0	0.0	0.0	0.0	0.0	0.0	0.0	0.0	0.0	0.0	0.0	0.0	0.0	0.0	0.0	0.0	0.0	0.0	0.0	0.0	0.0	0.0	0.0	0.0	0.0	0.0	0.0	0.0	0.0	0.0	0.0	0.0	0.0	0.0	0.0	0.0	0.0	0.0	0.0	0.0	0.0	0.0	0.0	0.0	0.0	0.0	0.0	0.0	0.0	0.0	0.0	0.0	0.0	0.0	0.0	0.0	0.0	0.0	0.0	0.0	0.0	0.0	0.0	0.0	0.0
55372.30563589613	23.02396339963161	3066092231.435095	530.102890627576	67597.4470859375	493.8024072265689	4569414852.53612	243840.81738275415	55936.59551612367	44.061566882257466	3128902717.934427	1941.421676119648	56141.83702091758	57245.25746563007	1.048714	24.024862	0.1412707000000002	0.0784799999999999	0.0004303598	0.0299043695	0.0304474779	-0.0031555623	-0.026597457	0.0351991064	0.0257771749	0.0578503559	0.021694024	0.0294174846	0.0421594832	-0.0079333266	0.0187443294	-0.0084437855	0.0323977361	0.0261556961	-0.0630182258	0.0017911946	0.0339046556	0.0118354211	-0.0012257334	0.0097521037	0.0212727237	-0.0445526278	0.0234307069	0.0311349858	-0.0217160441	-0.0449279029	-0.0563560557	-0.0149945058	-0.0105303342	-0.0067667805	-0.006229185	-0.0212668185	0.0213774742	0.03120037	0.0332551688	0.0349847494	0.0071524513	0.0005742773	-0.0018590732	-0.0467435693	-0.0309956905	0.0047667934	-0.0241557921	-0.0098933126	-0.0250507933	0.0267878617	0.0489317489	-0.0592182219	-0.0376060824	0.0104376714	0.0097595378	-0.0180375846	-0.0501444899	-0.0460737483	0.0159803466	1.67869e-05	-0.0096040388	-0.0379700799	0.0211613336	-0.0258424503	0.0259615939	0.0050917068	0.0335902806	0.0268588353	-0.0477621612	-0.0423062094	0.0077226155	0.0139272108	0.0213678242	0.0120084838	0.0206928291	-0.0239726186	-0.0093702654	0.0208353091	-0.0209405429	-0.0133933662	-0.0378671774	0.0111409082	-0.0278369822	0.003683206	-0.0624039371	-0.032134361	-0.0057797652	-0.0035161497	0.0171590479	-0.0070181505	0.0005887752	-0.0267866271	-0.0287830096	0.0084330314	0.0008531147	0.0155652117	-0.044548051	0.0006305152	-0.0199279354	-0.040197798	-0.0429233751	0.0333213226	0.0670478879	-0.0487240431	0.0191049819	-0.0377723496	0.009479367	-0.0390234497	0.0124614866	0.0247606204	0.0033833983	0.054879316	0.0055141607	0.0170556418	-0.0024106185	-0.0355929044	-0.0143400073	0.0027536844	-0.0096773018	-0.0262056004	-0.0347180125	-0.0378674982	-0.0315792845	0.0272159999	-0.0349842524	-0.0577116707	-0.0235220388	-0.0060374285	-0.0076184017	-0.0132877372	-0.0210215276	0.0213881038	0.0287557862	-0.0363981662	0.0307576459	0.0032785408	0.0097212963	0.0084478118	0.0474539521	0.0021926916	-0.0370469281	0.0209464899	-0.0041087817	0.0435608473	-0.0160758121	-0.0437501918	0.0544241869	0.0185139039	-0.0418940489	-0.0173562606	-0.027076757	0.0270355799	0.0372551072	0.0017181039	0.0031088534	-0.0124467089	0.0119113087	-0.0403857319	0.0100446334	-0.0518112333	-0.0135025733	0.0341602361	-0.0293862472	0.0253058835	0.0574599776	-0.0094630878	0.0099452844	-0.0303698374	-0.0162744647	0.0156307219	-0.0092029193	-0.003592834	0.0319298668	-0.0214510713	0.0154839871	-0.0272325263	-0.0093560935	-0.0186810543	0.0264772462	-0.0617960838	-0.0407388353	0.0043373203	-0.0044746413	0.0033943727	-0.0185490149	-0.0333290885	-0.0134324539	0.0028857279	-0.0115030253	0.0235418123	0.0078210948	0.0332113628	0.0226654215	-0.0172831942	-0.037186695	-0.0771874933	-0.0158999857	-0.0276520633	0.0326301514	0.0356929856	-0.042417945	-0.0166761474	0.0333263923	0.0128142574	-0.0257108371	0.0049292071	-0.0547786117	0.0048367443	0.0007445186	0.0053734154	0.0480299371	0.0213222071	-0.0577199852	-0.0033328226	-0.0101916431	-0.053613723	0.0079507019	0.004236954	-0.0285387111	-0.0352177518	0.0067552122	-0.0148617435	0.0321630646	0.0523477127	0.0098198826	0.0007054357	-0.0041745685	0.0221803396	0.0074481766	0.0573584091	0.0124002899	0.0228297957	-0.0289611071	-0.0226324307	-0.0397582112	0.0155880314	0.0144468132	-0.0390463521	0.0489555324	-0.0404462362	0.016719905	0.0132969345	-0.0383110855	0.0489115064	-0.0411100147	0.0178417553	0.0121390845	-0.0375528523	0.0488381591	-0.0417491486	0.01895291	0.0109739574	-0.036772107	0.0487355344	-0.0423632548	0.0200527028	0.0098022517	-0.0359693177	0.0486036939	-0.111208	0.004554	2.0738916000000023e-05	0.012367219264	-4.35313	-0.0555000000000003	18.9497407969	0.00308025	-0.7787659999999998	0.056856	0.003232604736	0.6064764827559997	-0.026339	0.0002480999999999	0.000693742921	6.155360999999882e-08	-0.00198078	0.0002051499999999	3.923489408400001e-06	4.2086522499999954e-08	0.00101131	3.396400000000004e-05	1.0227479161000002e-06	1.153553296000003e-09	0.0	0.0	0.0	0.0	0.0	0.0	0.0	0.0	0.0	0.0	0.0	0.0	0.0	0.0	0.0	0.0	0.0	0.0	0.0	0.0	0.0	0.0	0.0	0.0	0.0	0.0	0.0	0.0	0.0	0.0	0.0	0.0	0.0	0.0	0.0	0.0	0.0	0.0	0.0	0.0	0.0	0.0	0.0	0.0	0.0	0.0	0.0	0.0	0.0	0.0	0.0	0.0	0.0	0.0	0.0	0.0	0.0	0.0	0.0	0.0	0.0	0.0	0.0	0.0	0.0	0.0	0.0	0.0	0.0	0.0	0.0	0.0	0.0	0.0	0.0	0.0	0.0	0.0	0.0	0.0	0.0	0.0	0.0	0.0	0.0	0.0	0.0	0.0	0.0	0.0	0.0	0.0	0.0	0.0	0.0	0.0	0.0	0.0	0.0	0.0	0.0	0.0	0.0	0.0	0.0	0.0
55316.01553572465	-56.29010017148539	3059861574.7485304	3168.57537731586	67447.11499804688	-150.33208789062337	4549113321.55976	22599.73664955411	55909.54919646096	-27.04631966270972	3125877691.3514886	731.5034072974785	56104.24824014332	57103.15020133675	1.07269	24.574116	0.1409912000000005	0.0708625	0.0043335827	0.0332131246	0.0250078367	-0.0178789844	-0.0391696337	-0.0007280231	0.0634389794	-0.0479205459	0.0018533371	0.031250258	0.0450832599	0.0451024981	0.0343178654	0.0252541521	0.0129388013	0.0244523608	-0.0098636958	0.0084110495	0.0120013302	0.02828677	-0.013588749	0.0331081189	8.35007e-05	-0.0560018296	-0.01316271	-0.0395928802	0.027657616	0.0264129739	0.025787595	-0.0356528126	0.0190886341	-0.013584923	0.0485591412	0.0248623531	-0.0005459049	0.0099013487	0.0004883451	0.0153776643	-0.055172403	0.0526649841	0.048338361	0.0325509585	0.0264708811	-0.0049137413	0.0052625212	0.0061654344	0.0135727823	0.0207846077	0.0424296309	0.0244187588	-0.0149074758	0.0046520437	0.0112056369	-0.0091177194	-0.0417018427	-0.0755244555	-0.0444758313	0.0427959618	0.0416948917	0.0369741369	-0.0217919376	0.0323441595	-0.0283240439	-0.007042606	-0.0054376589	0.0234388114	-0.0179580388	-0.0282722804	-0.0576458903	-0.0867283566	0.003518347	0.0866476418	0.0200770564	0.0113274543	0.0343158401	-0.0131583386	0.0296377279	0.0603221046	0.0068658443	0.0141321232	-0.0176089276	0.0197583324	0.014271016	-0.019320794	0.0254328191	-0.0423281957	0.0357209996	0.0076993492	-0.0121983319	0.0181820544	0.0050530426	-0.0436847848	-0.0084912051	-0.0267039934	-0.0377948548	-0.0319787447	0.0171555326	0.0058812534	0.0143665097	0.0212859257	0.0398417138	-0.0150724977	0.0143370463	0.0551658387	0.0264182928	-0.0227844565	-3.67672e-05	0.0109348109	-0.0404237555	0.0317615556	0.0719689819	0.0210500159	0.0068248835	-0.0087321124	-0.0319014446	0.0132984926	-0.0340043685	-0.0024771176	-0.0527208932	-0.0085414539	0.035126881	-0.0356704355	0.0282769515	0.031553753	-0.0295655648	0.025753036	-0.0094061537	0.0482603943	0.0235540708	-0.000770483	0.0162925708	0.0021014251	0.0205773005	-0.0535597794	-0.0596756259	-0.044182792	-0.0319890858	0.0189848508	0.0258051526	-0.0022645856	-0.0118344601	-0.0026569525	-0.0139368025	-0.0470341035	-0.0213695879	0.0132657267	-0.0167734311	0.0024712618	-0.0163535187	0.017235081	0.0792191282	0.0212669331	0.0666356814	0.0370756515	-0.0249077111	0.0297574876	0.0059376253	0.0408378337	0.0006601255	0.0001366467	-0.0222003208	0.0188366627	0.0132068831	0.0534842643	-0.1043463896	0.0129144362	-0.0736882153	0.0049978857	0.0216739987	0.0446554708	-0.0161625843	0.0406037309	-0.0530644844	-0.0069233466	0.0327808873	0.0073892755	0.0288805374	0.0133565979	-0.0134864908	0.0251251392	-0.0410367355	0.0316203444	-0.0120613496	0.0008618233	0.0261296151	-0.0089334729	-0.0251293758	-0.0405335199	0.0090632328	0.0387682997	0.000877866	0.0270030655	-0.0085693731	-0.0076251587	-0.0360677136	-0.0214398964	0.0406687237	-0.0393707776	-0.0097582881	0.0308094709	0.0365958858	0.0191534012	-0.0147412414	-0.0054362341	-0.0133479958	0.0562844327	-0.0443888617	-0.0147337176	0.0366807782	0.0184579379	-0.0430058235	0.0484006572	-0.01571569	-0.0047546767	-0.0068306734	-0.0241210606	0.0030951014	0.0007471752	-0.0066548473	-0.056764229	-0.0021085938	-0.0615613047	-0.0039597306	0.0234382782	0.0173144978	0.0623844607	0.0052101671	0.001831656	0.031101137	0.0004813778	-0.0406433098	-0.0075400717	-0.039865623	0.0159373271	0.0139171345	-0.0385966226	0.04892427	-0.0410598248	0.017927617	0.0118708295	-0.0372552045	0.0487865342	-0.0421769872	0.0198842699	0.0098022517	-0.0358438856	0.0485572616	-0.0432150141	0.0218036145	0.0077152822	-0.0343653138	0.0482368825	-0.044171958	0.0236820496	0.0056138368	-0.0328222635	0.047825998	-0.104144	0.007064	4.990009600000001e-05	0.010845972736	-4.29707	0.0560600000000004	18.4648105849	0.0031427236	-0.819961	-0.0411950000000002	0.001697028025	0.6723360415210001	-0.0269735	-0.0006344999999999	0.00072756970225	4.0259024999999954e-07	-0.00202071	-3.993000000000009e-05	4.083268904100001e-06	1.594404900000007e-09	0.000952296	-5.901400000000003e-05	9.06867671616e-07	3.482652196000003e-09	0.0	0.0	0.0	0.0	0.0	0.0	0.0	0.0	0.0	0.0	0.0	0.0	0.0	0.0	0.0	0.0	0.0	0.0	0.0	0.0	0.0	0.0	0.0	0.0	0.0	0.0	0.0	0.0	0.0	0.0	0.0	0.0	0.0	0.0	0.0	0.0	0.0	0.0	0.0	0.0	0.0	0.0	0.0	0.0	0.0	0.0	0.0	0.0	0.0	0.0	0.0	0.0	0.0	0.0	0.0	0.0	0.0	0.0	0.0	0.0	0.0	0.0	0.0	0.0	0.0	0.0	0.0	0.0	0.0	0.0	0.0	0.0	0.0	0.0	0.0	0.0	0.0	0.0	0.0	0.0	0.0	0.0	0.0	0.0	0.0	0.0	0.0	0.0	0.0	0.0	0.0	0.0	0.0	0.0	0.0	0.0	0.0	0.0	0.0	0.0	0.0	0.0	0.0	0.0	0.0	0.0
55210.08134025868	-105.93419546596851	3048153081.5979795	11222.053769022024	67381.4304140625	-65.6845839843736	4540257164.645147	4314.464573200229	55950.91721507797	41.36801861700951	3130505137.2085085	1711.3129642972456	56159.19844753509	56616.95885374391	1.022037	23.413712	0.1931014000000001	0.0936668	0.0044809672	0.0304635546	0.0303936132	-0.0048148827	-0.0542771177	0.0251471792	0.0571077712	0.0255564846	0.0241753482	0.0019690404	0.0019631698	-0.0166637061	0.0515622618	-0.010402479	0.032072111	0.0376423363	-0.0491670088	-0.0041262023	0.0419417341	0.0295991887	0.0004518252	-0.0018054443	0.0546183032	0.0196791978	-0.0332788104	-0.0129306317	-0.0050463562	-0.0207231221	-0.0240560551	0.005236875	0.0138220508	0.0008810059	0.04883746	-0.0821616496	-0.0213188377	0.0015363697	0.0188179327	-0.0047720548	-0.0111886918	0.0124248901	0.0202055152	-0.0141379247	-0.0438193427	0.0145786998	-0.029852229	-0.0263954548	-0.017435752	-0.0663673791	-0.047333093	-0.0081392534	0.0076454337	-0.0200694314	-0.0125174336	0.0527659476	-0.1061020759	-0.0272473861	-0.0267563186	0.0398532227	-0.0599956252	-0.0006111023	-0.004235075	0.0389627628	-0.0427890377	-0.0259506627	-0.0273564149	0.0210759541	-0.0154070508	-0.0192743013	0.0178259226	-0.0262264378	0.0216855251	-0.0050521746	-0.0135166005	-0.0024177079	0.0413329309	-0.0008768511	0.0535250533	0.0109381976	0.0036535469	0.0304203374	-0.0180143739	-0.0017775583	0.0269873515	-0.0212240329	0.0145577334	0.0372182203	-0.0232337913	-0.0405949269	0.0257831321	-0.0655240096	0.0059154539	0.0335730868	0.0072555934	0.0379171244	-0.0158178534	-0.0113819371	-0.0172434829	-0.0082963328	-0.0034390836	0.0219927813	-0.049217374	-0.025948665	-0.0154421985	-0.0197504152	-0.0330100255	0.0802034459	-0.0107875323	0.0323549832	0.0476486265	-0.0153843359	-0.0383111605	0.0040810984	-0.0079202556	-0.0392335926	-0.0334248077	0.0001762339	0.0006341001	-0.0587015641	0.0042573899	0.0360080061	0.0153370457	0.0072177749	-0.0195073317	-0.0283011795	0.0018338793	0.0025214307	0.0064317723	0.0462730403	-0.0854832656	-0.0130179056	0.0049430772	-0.0189655484	-0.0078169704	-0.0141897015	-0.0113759231	-0.0181147933	0.0153651197	0.0051849187	-0.0453660103	0.0321304921	0.0337448391	-0.0054143337	0.0595636673	0.0407168852	0.0231916315	0.0007739865	0.0220090788	0.0040655535	0.0221665674	0.102007493	0.0648282679	-0.0488551605	0.0442526064	-0.0457166646	0.0131088713	0.0135094371	0.0039881462	0.0596062845	0.0288826858	-0.0134933639	-0.0297626797	0.0107638478	0.0120146015	-0.0201040668	-0.0273167323	-0.0132228607	0.0139003224	-0.0042617543	-0.0036604999	0.0453087307	-0.014708841	0.0427724207	0.0025048431	-0.0240806073	0.0289189332	-0.0201400296	0.0096497254	0.0197739966	-0.0008807616	0.0261309582	0.0438990885	-0.0361228957	0.0016986084	-0.0158315172	-0.0664253948	0.0428014084	0.0150117713	0.0483933927	0.007066504	0.022719626	-0.0368289224	0.0037191899	0.0146619	0.0072795225	0.0503157624	-0.0249451314	0.0218497635	0.0149773822	0.022093116	-0.0175185393	-0.0831617924	-0.0267020815	0.0156536554	0.0495932416	-0.0059920599	-0.0338480796	0.0285892315	0.0286607643	0.0417946428	0.0111216594	-0.0459401445	0.0025322134	0.0117245249	-0.0452578666	0.0157308385	-0.0442848901	0.0124807448	-0.0398742618	0.0054039939	-0.0491326516	0.0219739981	0.0022167421	0.0078082811	-0.0452403771	-0.0097434605	0.0103969599	-0.0109070015	0.0280498663	-0.000265581	-0.0231635038	-0.034627031	0.0240655171	-0.0399724692	0.0162857183	0.0133856785	-0.0381381307	0.0488756528	-0.0416524399	0.019122865	0.0104339452	-0.0361565084	0.0485923444	-0.043171555	0.021886162	0.0074419176	-0.0340352549	0.0481213794	-0.0445239479	0.0245649379	0.0044211503	-0.0317825624	0.0474645768	-0.0457043959	0.0271488476	0.0013833093	-0.0294071302	0.046624473	-0.0940583	0.0100857	0.00010172134449	0.00884696379889	-4.35884	-0.0617700000000001	18.9994861456	0.0038155329	-0.752673	0.067288	0.004527674944	0.566516644929	-0.0265571	0.0004164	0.00070527956041	1.733889600000007e-07	-0.00260472	-0.0005840099999999	6.7845662784e-06	3.410676800999998e-07	0.00103104	7.874399999999995e-05	1.0630434816e-06	6.200617535999992e-09	0.0	0.0	0.0	0.0	0.0	0.0	0.0	0.0	0.0	0.0	0.0	0.0	0.0	0.0	0.0	0.0	0.0	0.0	0.0	0.0	0.0	0.0	0.0	0.0	0.0	0.0	0.0	0.0	0.0	0.0	0.0	0.0	0.0	0.0	0.0	0.0	0.0	0.0	0.0	0.0	0.0	0.0	0.0	0.0	0.0	0.0	0.0	0.0	0.0	0.0	0.0	0.0	0.0	0.0	0.0	0.0	0.0	0.0	0.0	0.0	0.0	0.0	0.0	0.0	0.0	0.0	0.0	0.0	0.0	0.0	0.0	0.0	0.0	0.0	0.0	0.0	0.0	0.0	0.0	0.0	0.0	0.0	0.0	0.0	0.0	0.0	0.0	0.0	0.0	0.0	0.0	0.0	0.0	0.0	0.0	0.0	0.0	0.0	0.0	0.0	0.0	0.0	0.0	0.0	0.0	0.0
55249.90873441165	39.827394152969646	3052552415.1608167	1586.2213250160007	67370.23795703125	-11.19245703125489	4538748962.387013	125.27109439648702	55882.269094913565	-68.64812016440555	3122827999.196332	4712.564402106665	56077.23648794303	56606.15246930804	0.90841	20.810648	0.2130253499999996	0.118086	0.0034778337	0.0238872692	0.014717869	-0.0082083351	-0.0439718084	0.0143989187	0.0472815783	0.0028443207	-0.0194061971	0.0427459312	0.0307460373	0.0227226381	-0.012773535	0.009958313	-0.0141602626	0.0135861999	-0.0053545018	-0.0075259332	-0.0066379446	0.023206469	0.0137896929	0.0129000193	-0.0063215963	-0.0589306944	0.0127862264	0.0090947095	-0.0081635347	-0.0102174532	0.0381596291	-0.011626125	0.0510875213	0.0001808923	-0.001474637	-0.0247541008	0.0097309164	-0.0046015913	0.0125056825	0.0252766272	-0.0017020813	0.008393089	0.0227395658	0.0262976311	0.0369979853	-0.0191380263	-0.0038185853	0.0089533094	0.0210199618	0.0065453055	0.0208266348	-0.0052846064	-0.0699645626	-0.0184221403	0.0083772679	-0.0415544324	0.0112301755	-0.032875543	0.0761670224	0.0082307104	-0.0115901001	0.0310296431	-0.0247296245	0.0387533379	-0.0174512313	-0.0268442972	-0.0280847653	0.0008881977	-0.0572297129	0.0161352945	-0.017066778	0.0195965604	0.0484601311	-0.0213384642	0.0333847959	0.0153709197	-0.0294311049	0.0181146952	0.0204949855	0.0421719087	0.0188853097	-0.0455032708	0.0190402937	-0.0125256745	-0.0041665156	-0.0235138222	0.0056929043	0.0012740064	0.0230578084	-0.0028258805	0.00489663	-0.0794890895	-0.0053516442	-0.0029971257	-0.0490939871	-0.012055141	-0.0204899914	-0.00540635	0.0174938234	-0.0326935909	-0.0012339227	0.0332116908	-0.0290872349	-0.0140509751	-0.029790992	-0.0340984611	0.0157550052	-0.0272519572	0.042244105	0.0040653407	-0.0558700282	0.0258433736	0.0531691836	-0.0346463068	-0.0082959492	0.006335779	-0.0219582427	-0.0162332635	-0.0115487429	0.0031854128	-0.0478471746	-0.0345674225	-0.0099537396	0.0030401871	-0.0139351429	0.0383592226	-0.003357818	0.0529411109	0.007317865	-0.0003277483	-0.0260483871	0.0119331493	-0.0044801061	-0.0134548699	0.0245501153	-0.0030134264	-0.0116062572	-0.0185274824	-0.0205831355	0.0001325363	0.039123748	0.0088232696	-0.0148456097	-0.0127003029	-0.0107240145	-0.0242421279	0.0077203148	0.0764847289	-0.0169557374	-0.0141330985	-0.0313418327	-0.0328969973	0.0484882602	0.0058110103	-0.0611258938	-0.0101025973	-0.0159786318	0.0300827178	-0.000829246	0.0282999334	0.0298867242	-0.0083629438	-0.0120434026	0.0540527958	0.0129167292	0.0357989181	0.0136943688	-0.0546325946	0.0269273079	0.0139195365	0.0242496115	-0.0267799994	0.0131478674	0.0271937062	-0.0351106535	0.0192667987	0.0021211134	0.0156087926	-0.0318027601	-0.0149333332	-0.0209626348	0.02132444	0.0106240979	-0.0099827223	-0.0662926968	-0.051422121	-0.0432401181	0.037492065	-0.0116273479	-0.0287491522	0.0287108673	0.0073358408	0.0010909286	0.0119506635	0.0163669131	-0.0133676409	0.0188920788	-0.0248131408	0.0109123929	0.045054492	0.0260719512	0.0004817008	0.0226274785	0.0509849738	-0.0454455336	-0.030520448	0.0060726378	-0.0098473961	-0.0529665448	-0.0179429154	0.0207102661	0.0190461109	-0.0338405643	0.0400048839	0.0065268653	-0.0008488038	-0.0307037563	-0.0016301804	-0.0285345111	1.4227e-05	-0.0089952485	-0.0563116767	0.0064847625	0.0288945429	-0.0164006974	0.016144736	0.0032300842	0.0193998807	0.0275286073	-0.0130181804	0.0125472567	0.0077869696	-0.0102121019	0.0014832306	-0.0400787482	0.016633185	0.0128525131	-0.0376709804	0.0488096981	-0.0422237789	0.0203048178	0.0089875862	-0.0350162597	0.0483292125	-0.0440920108	0.0238433419	0.005063741	-0.0321319892	0.0475319038	-0.0456711967	0.0272255606	0.0011067004	-0.0290370768	0.0464229987	-0.046950984	0.0304293015	-0.0028575952	-0.0257518113	0.0450097667	-0.102834	-0.0087756999999999	7.701291048999995e-05	0.010574831556	-4.28282	0.0760199999999997	18.3425471524	0.0057790403999999	-0.8112859999999998	-0.0586129999999998	0.0034354837689999	0.6581849737959997	-0.0256584	0.0008986999999999	0.00065835349056	8.076616899999978e-07	-0.00235545	0.00024927	5.548144702499999e-06	6.21355329000001e-08	0.0007866769999999	-0.0002443630000001	6.188607023288426e-07	5.971327576904888e-08	0.0	0.0	0.0	0.0	0.0	0.0	0.0	0.0	0.0	0.0	0.0	0.0	0.0	0.0	0.0	0.0	0.0	0.0	0.0	0.0	0.0	0.0	0.0	0.0	0.0	0.0	0.0	0.0	0.0	0.0	0.0	0.0	0.0	0.0	0.0	0.0	0.0	0.0	0.0	0.0	0.0	0.0	0.0	0.0	0.0	0.0	0.0	0.0	0.0	0.0	0.0	0.0	0.0	0.0	0.0	0.0	0.0	0.0	0.0	0.0	0.0	0.0	0.0	0.0	0.0	0.0	0.0	0.0	0.0	0.0	0.0	0.0	0.0	0.0	0.0	0.0	0.0	0.0	0.0	0.0	0.0	0.0	0.0	0.0	0.0	0.0	0.0	0.0	0.0	0.0	0.0	0.0	0.0	0.0	0.0	0.0	0.0	0.0	0.0	0.0	0.0	0.0	0.0	0.0	0.0	0.0
55200.99612221104	-48.91261220060551	3047149972.8843584	2392.443632286823	67158.40255273438	-211.83540429687127	4510251033.43512	44874.23851361891	55792.20773014386	-90.06136476970278	3112770443.4035244	8111.04942418146	55991.55135733825	55978.12889150644	0.944143	21.629257	0.1697141999999995	0.0938293	0.00863469	0.0261262205	0.0270833185	-0.0163036385	-0.0591832103	0.008368744	0.0562322043	-0.0422813338	0.0247115588	-0.0063446605	-0.0001814531	-0.0131416701	0.0468718817	-0.0071572209	0.0248665916	0.0248027743	0.0098971069	0.0346948253	-0.0344722084	0.0133726365	-0.0136135318	0.0094509318	0.0362790249	0.0139700321	-0.0142223016	-0.0271735964	0.0257752407	-0.0086758232	-0.0111066372	0.0056965059	0.0054527146	-0.0034451781	0.032934312	0.017482061	-0.0347043958	0.0253058114	0.0249440488	0.0324320268	0.0254107703	0.0105654175	0.017432044	0.0026641569	0.0004251007	0.0222611425	-0.0448479644	0.0453361012	0.013736849	-0.0054197456	0.0062380342	-0.0826811138	-0.0256359962	0.0269138337	-0.0234859887	0.0176044646	0.0496955625	-0.0775005127	-0.063145915	0.0146903365	-0.0181186915	0.0350631586	0.0283549436	0.0015897276	0.0433266743	-0.0376066801	-0.0306102125	-0.0335084962	-0.0027486674	0.035612353	-0.0188747226	-0.0027984909	0.0093310852	-0.0124901554	0.0266756249	0.013331705	0.000896307	-0.0337032957	0.0140604667	0.0473193419	0.027220504	-0.0442887466	0.0139396863	0.0164044037	0.005473467	0.081662902	-0.0416816404	0.0399206106	0.0115291339	-0.0035662176	0.027174175	-0.0050832459	-0.0208056447	-0.0217663239	0.0048892165	-0.0414894766	0.0857332392	0.0134854778	-0.0473972578	0.0533961292	0.0017564355	-0.001840739	-0.0265862199	0.0284060675	-0.0173724185	0.0635130894	0.050181172	-0.0076987426	-0.013418022	0.0514032663	-0.0044667102	0.0227011953	0.0195055207	0.0189611703	0.0338764528	0.0349355462	-0.0155085939	0.0121399544	-0.0097563568	-0.0386928443	0.0071211176	0.0164902345	0.0272486936	-0.0242574129	-0.006727297	-0.0160568273	0.0033247199	-0.0008326399	-0.0011988557	0.0337186337	0.0100672817	-0.0350474063	0.0314967869	-0.0288366241	0.0381276921	0.019509809	-0.0080039911	-0.0081461255	-0.0087530683	0.0477414623	-0.0090012892	0.0400215153	-0.0521845147	-0.0129476366	-0.0003519888	-0.0025082208	0.0851080463	0.0197352347	-0.0044317412	0.0328309053	0.0167511954	-0.0421928223	0.0194434962	0.0474578744	0.0726163782	-0.0315520256	-0.0377765751	-0.0044142907	0.0232130735	-0.021515627	0.0516525765	-0.0387102142	0.0383407094	0.0140848733	-0.0258629766	0.014656698	-0.0020957031	-0.0047006801	0.0157301146	0.0163709706	0.0149949182	0.0043963239	-0.0341582222	0.0111332294	-0.0396459305	0.0252626669	0.0167633299	0.0350957661	-0.0242079449	-0.0243285516	0.0550047404	-0.0693553107	0.0366277931	0.0185374492	0.0025602846	0.0155132017	-0.0266985116	0.0077084935	-0.0269926671	-0.0193712632	-0.023368624	-0.1035595701	-0.0128395888	-0.0429209791	-0.018725961	0.0392366153	0.0108924251	-0.015022656	-0.0051216659	-0.0545996594	0.0321040072	0.0279987313	0.0385162772	0.0087971576	-0.0322801384	0.0528198066	-0.0272798226	0.0396631851	-0.010463848	-0.0303705355	0.0333163634	0.0152511895	-0.0416489794	0.030050504	0.0117632975	-0.0225894765	0.0213508628	-0.0568706732	0.0270830302	-0.0127831145	-0.0038943256	-0.0583725492	0.0045151393	-0.0443969993	-0.0201958937	0.0009666047	-0.006172844	0.0184893945	-0.010464847	0.0012903028	0.0084136556	-0.0085195108	-0.016844716	0.0144022393	-0.0401844584	0.0169797078	0.0123177063	-0.0371952777	0.0487264292	-0.04277355	0.0214726538	0.0075330659	-0.0338357689	0.0479975119	-0.0449367745	0.0257518113	0.0026734239	-0.0301393805	0.0467907162	-0.0466525943	0.0297745756	-0.0022128355	-0.0261429148	0.0451180572	-0.047903926	0.0335008948	-0.0070770633	-0.021886162	0.0429961886	-0.0926172	0.0102167999999999	0.0001043830022399	0.00857794573584	-4.35103	-0.0682099999999996	18.9314620609	0.0046526040999999	-0.779923	0.0313629999999998	0.0009836377689999	0.6082798859290001	-0.026432	-0.0007735999999999	0.000698650624	5.98456959999999e-07	-0.00259438	-0.00023893	6.730807584399999e-06	5.708754490000002e-08	0.000972635	0.0001859580000001	9.46018843225e-07	3.4580377764037205e-08	0.0	0.0	0.0	0.0	0.0	0.0	0.0	0.0	0.0	0.0	0.0	0.0	0.0	0.0	0.0	0.0	0.0	0.0	0.0	0.0	0.0	0.0	0.0	0.0	0.0	0.0	0.0	0.0	0.0	0.0	0.0	0.0	0.0	0.0	0.0	0.0	0.0	0.0	0.0	0.0	0.0	0.0	0.0	0.0	0.0	0.0	0.0	0.0	0.0	0.0	0.0	0.0	0.0	0.0	0.0	0.0	0.0	0.0	0.0	0.0	0.0	0.0	0.0	0.0	0.0	0.0	0.0	0.0	0.0	0.0	0.0	0.0	0.0	0.0	0.0	0.0	0.0	0.0	0.0	0.0	0.0	0.0	0.0	0.0	0.0	0.0	0.0	0.0	0.0	0.0	0.0	0.0	0.0	0.0	0.0	0.0	0.0	0.0	0.0	0.0	0.0	0.0	0.0	0.0	0.0	0.0
55228.44206170748	27.44593949643604	3050180812.56338	753.2795948420278	67099.19875683593	-59.203795898443786	4502302473.809373	3505.0894487845894	55853.34097709139	61.133246947531006	3119595698.3032365	3737.273882347809	56056.66191796503	56537.41287794237	0.929313	21.289515	0.0404003499999999	0.0212698	0.0045346444	0.0292181363	0.0258209776	-0.0039970192	-0.0474832821	0.0239416832	0.060636738	0.0426538659	0.0076475309	-0.0140596797	0.0454413566	-0.0002977302	0.0250082693	-0.0126973335	-0.0273311064	0.0102648077	-0.033879414	0.0119857151	-0.0013540491	0.0262476123	-0.0041699172	-0.0275895682	0.0360766096	-0.0014418959	0.0163955641	-0.0074525713	0.0037959452	-0.0152693549	0.0016326536	0.0324271517	-0.0320565758	0.0154734468	0.0289857433	-0.0310712987	-0.0032401731	0.0263709953	0.0205140328	0.0123238878	0.0238409799	0.0019719517	-0.0128953625	-0.0464724528	-0.036220393	0.0231480895	-0.0436640561	-0.009075246	0.0208746769	0.0202871499	0.0433445703	0.0236157443	0.0484382808	-7.08356e-05	-0.0137043472	-0.0199923526	0.0228468392	-0.0431900955	-0.0350681193	-0.0211867652	-0.0453985282	-0.0101928277	-0.0253444228	-0.0320432286	-0.0140499032	-0.0213709406	-0.0299117046	-0.003926797	-0.0186888149	-0.0333740976	-0.0111246853	-0.0664408858	-0.0127201224	0.0188248556	-0.0028497644	-0.0370483371	0.0203479625	-0.0223851257	0.0018916206	-0.0299175145	-0.0362625598	-0.0063905924	-0.006879606	0.014782349	-0.0091243692	0.016352013	0.0707573264	0.0061108121	0.0050749594	0.0605314857	0.0620843627	-0.0025879053	-0.017602232	0.0129137037	-0.0405813195	-0.0330349282	-0.0127977074	0.0295857506	-0.0147690588	0.0337496816	-0.015556446	0.0186963819	0.0202348732	0.018467355	-0.0231602518	0.051249225	-0.0205026902	-0.0411748781	0.0307767402	-0.0145386831	0.0208880211	0.0720991223	-0.0384664231	0.0111215678	0.0092251119	-0.0005325544	-0.0264880605	0.0020113254	0.0297428232	-0.0356747908	0.0036548154	-0.0199931126	0.0081263143	0.0004124886	-0.0181819056	-0.0058991708	0.027649472	-0.0438952724	0.0088896604	0.0284718459	-0.0317118135	0.0003398977	0.0281799779	-0.0216306452	0.0120304457	0.0218444976	0.006201035	0.0181862541	0.0377088887	0.017345913	-0.04735871	0.0397757591	-0.0024184902	-0.0117320904	-0.0155837458	-0.0375192269	-0.0280643858	-0.0391830824	0.0273944046	0.0024084282	-0.0153990393	-0.022258231	-0.000422158	0.0349689129	0.02952811	-0.0554348101	0.0279785896	0.0077847867	0.0448129396	-0.0002157827	-0.0122964279	-0.0178705318	-0.0042428257	0.0239829625	0.0228192393	-0.0054578766	-0.0700186539	0.0127090838	-0.0275287892	0.0146379992	-0.0426309494	0.0256182505	-0.0103905744	-0.0019209736	0.0255142182	-0.030388459	-0.0458989088	0.0060634175	0.01664664	-0.0294584199	0.022027315	0.0610269633	0.005957367	0.0300002219	-0.0641246504	0.0613399741	-0.0287035938	-0.017039527	0.0111245598	-0.0290153974	-0.0026963356	-0.0050724737	0.0142481543	-0.0353014883	-0.0242465768	0.0209140855	-0.0073694661	-0.0248919433	0.0023540392	-0.0551367433	0.0247557478	-0.0084548578	0.03241938	0.0242006247	0.0220272336	-0.0377700669	-0.0631942627	-0.0014158041	0.0279967661	-0.0099520434	0.0345763623	0.0131803249	-0.0410633313	0.0173587239	0.0120683192	-0.0471425579	-0.00918128	-0.0120209119	-0.0473109816	-0.0116731634	0.02463768	-0.043725847	0.019396068	0.0148234291	-0.0144730643	-0.0259705364	0.0194864719	0.032931294	-0.0099822846	0.0107574621	0.0106544099	-0.0099310985	-0.0190046206	0.0327601229	-0.0402895985	0.0173252667	0.0117813266	-0.0367111306	0.0486258757	-0.0433014723	0.022625561	0.0060717052	-0.0326163926	0.0475977133	-0.0457043959	0.0276076712	0.0002766972	-0.0280629691	0.0459001824	-0.0474645768	0.0322015336	-0.005522202	-0.0231148951	0.0435571555	-0.0485572616	0.0363425447	-0.0112434423	-0.0178417553	0.0406015827	-0.0967058	-0.0040885999999999	1.6716649959999982e-05	0.00935201175364	-4.34237	0.0086599999999998	18.8561772169	7.49955999999981e-05	-0.769582	0.010341	0.000106936281	0.592256454724	-0.026695	-0.0002629999999999	0.000712623025	6.916899999999967e-08	-0.00262699	-3.261000000000019e-05	6.9010764601e-06	1.0634121000000124e-09	0.00102324	5.06049999999999e-05	1.0470200976e-06	2.5608660249999893e-09	0.0	0.0	0.0	0.0	0.0	0.0	0.0	0.0	0.0	0.0	0.0	0.0	0.0	0.0	0.0	0.0	0.0	0.0	0.0	0.0	0.0	0.0	0.0	0.0	0.0	0.0	0.0	0.0	0.0	0.0	0.0	0.0	0.0	0.0	0.0	0.0	0.0	0.0	0.0	0.0	0.0	0.0	0.0	0.0	0.0	0.0	0.0	0.0	0.0	0.0	0.0	0.0	0.0	0.0	0.0	0.0	0.0	0.0	0.0	0.0	0.0	0.0	0.0	0.0	0.0	0.0	0.0	0.0	0.0	0.0	0.0	0.0	0.0	0.0	0.0	0.0	0.0	0.0	0.0	0.0	0.0	0.0	0.0	0.0	0.0	0.0	0.0	0.0	0.0	0.0	0.0	0.0	0.0	0.0	0.0	0.0	0.0	0.0	0.0	0.0	0.0	0.0	0.0	0.0	0.0	0.0
55295.47867834135	67.03661663387174	3057589962.266903	4493.90796971669	67533.746765625	434.548008789061	4560806952.203565	188831.9719425378	55852.08229002962	-1.2586870617742534	3119455096.1322403	1.584293119477903	56047.246210826	56601.562985427656	0.901698	20.656874	0.1699492000000001	0.126838	0.0039566982	0.0177988497	0.0070332917	-0.0090476476	-0.0428415102	0.015143542	0.0445452093	-0.0066724124	-0.0187951978	0.0570735914	0.0193480067	0.0193949296	-0.0068467506	-0.0066970794	-0.018528817	0.0371233428	0.0065725273	0.0140708322	0.0020994712	-0.001978625	0.0087053682	0.0071091027	-0.014621416	-0.0323925533	0.0211916765	-0.0358791934	0.0118343422	-0.0240524948	-0.0220051716	-0.0482408218	0.0739646037	0.0193110544	0.0181584224	-0.0060771744	-0.030105932	-0.0067511089	-0.00448786	0.0180279065	0.034210628	-0.0498522688	-0.0095586567	0.037264854	-0.0210083351	0.0051650705	-0.003877265	0.0097124415	-0.0408003004	0.0181200449	0.0054864904	0.0192589501	-0.0117932541	-0.0098123238	0.0147611989	0.0039220426	0.0792277028	0.0153979055	-0.0299545981	-0.0355803499	-0.0105451738	-0.0100713011	0.0083846562	0.0568754995	-0.0402149349	0.0751340119	0.0121289714	0.049818422	0.0038843081	-0.0004721612	0.015495166	-0.0021335603	0.0036331901	0.0222815442	0.0383723977	-0.0260439744	-0.0015664908	-0.036095819	0.0598284261	0.0637633315	-0.0121446331	-0.0546787457	-0.0312798752	0.0174758453	-0.0625050875	0.0089809607	0.0254364968	-0.0127350466	-0.001968157	-0.0035245329	0.0076465331	-0.0105563722	0.0199662002	0.0077113903	-0.0139090806	-0.0548752723	0.062541045	-0.0411405047	0.0369503685	-0.0312986343	-0.0211320467	0.0073844188	0.0065646088	-0.0267302159	-0.0162888748	0.0005268825	0.0068550073	0.0068902166	-0.0061733744	-0.0006816617	0.021564916	0.0320557792	-0.0074482821	0.0361557129	0.0136362339	-0.002558107	0.0014171151	-0.0090925139	-0.008102613	0.0131034702	-0.0259537491	-0.0268368446	0.035422752	-0.0091031826	-0.014945688	-0.0243264194	-0.0416550585	0.0761253699	0.0311895145	0.0201460233	-0.0111886424	-0.0298236888	-0.0036804869	0.0021613468	0.0193140168	0.0290011988	0.0485417601	0.0114121619	-0.0400213047	0.0031181444	-0.0155392244	-0.0088625886	-0.01135531	0.0413170148	0.0087254398	0.0035281114	-0.0179570581	0.0173223131	0.0052530667	-0.0064120026	0.0331389901	-0.0711875369	-0.0352240189	0.0342767114	0.0129544749	-0.0058352304	0.0119216113	-0.0252567628	-0.0692450945	0.0645285234	-0.0539915338	0.009772487	-0.0533862629	0.0038035414	-0.0138213752	-0.015018599	-0.0042764715	-0.0128118805	-0.0261363115	0.0412976383	-0.0183662339	0.0029477023	-0.048401813	0.0588288112	-0.0547130086	0.0155202831	-0.0026636082	-0.0008770161	0.0102440069	-0.0804093656	-0.0006792547	0.0145868022	-0.0078400726	-0.0077428455	-0.0095500776	0.0054755711	0.0046659309	0.027125345	0.0023502917	-0.0510943738	-0.0213884959	-0.056059035	0.0020445878	0.0608297161	0.002118516	-0.0275937331	0.0126002718	0.005754991	0.0345564027	0.0100493949	0.0087348317	-0.0055434237	-0.0020142157	-0.0202697055	0.0109331168	0.0087674776	-0.0394955852	0.0120742391	0.0197056428	0.0331001227	0.0141191569	0.0200297746	-0.0345533006	0.0363692169	0.0086574408	0.0212861104	-0.0207964448	-0.0095349281	-0.0142804172	0.0001357289	-0.0398015025	-0.0449827602	-0.005181201	0.0127162775	-0.0121837385	0.0450663304	-0.0275766724	-0.0083901563	0.0347471625	-0.0183750508	-0.0053053545	0.0296377593	-0.0158309369	0.0026461329	-0.0403941669	0.0176698424	0.0112434423	-0.036218649	0.0485080733	-0.0438072762	0.0237627379	0.004604831	-0.0313595323	0.0471303837	-0.0463935571	0.0294071302	-0.002120693	-0.0259085287	0.0448631447	-0.0481041957	0.0344964857	-0.0088061905	-0.0199685217	0.0417491486	-0.0489069049	0.0389347468	-0.015325478	-0.0136516244	0.0378471697	-0.100947	-0.0042412	1.7987777440000004e-05	0.0101902968089999	-4.32285	0.0195199999999999	18.6870321225	0.0003810303999999	-0.818045	-0.048463	0.002348662369	0.669197622025	-0.0247633	0.0019317	0.0006132210268899	3.7314648900000056e-06	-0.00262699	0.0	6.9010764601e-06	0.0	0.00100044	-2.2799999999999904e-05	1.0008801936e-06	5.198399999999956e-10	0.0	0.0	0.0	0.0	0.0	0.0	0.0	0.0	0.0	0.0	0.0	0.0	0.0	0.0	0.0	0.0	0.0	0.0	0.0	0.0	0.0	0.0	0.0	0.0	0.0	0.0	0.0	0.0	0.0	0.0	0.0	0.0	0.0	0.0	0.0	0.0	0.0	0.0	0.0	0.0	0.0	0.0	0.0	0.0	0.0	0.0	0.0	0.0	0.0	0.0	0.0	0.0	0.0	0.0	0.0	0.0	0.0	0.0	0.0	0.0	0.0	0.0	0.0	0.0	0.0	0.0	0.0	0.0	0.0	0.0	0.0	0.0	0.0	0.0	0.0	0.0	0.0	0.0	0.0	0.0	0.0	0.0	0.0	0.0	0.0	0.0	0.0	0.0	0.0	0.0	0.0	0.0	0.0	0.0	0.0	0.0	0.0	0.0	0.0	0.0	0.0	0.0	0.0	0.0	0.0	0.0
55228.28094690896	-67.19773143238854	3050163016.3507075	4515.535109659419	66928.23012988281	-605.516635742184	4479387988.318553	366650.3961605328	55822.82980045636	-29.252489573256756	3116188326.930719	855.7081462334951	56019.71162323085	55949.6624879515	0.970241	22.227118	0.0722147	0.0591557	0.0077931746	0.0193496283	0.0131316784	-0.0174217897	-0.0563813412	0.0037697425	0.0572404868	-0.0254483385	0.0132115075	-0.0276178305	-0.0154480478	-0.0137923584	0.0422293697	0.003709001	0.0094262696	0.0275131317	-0.0040977771	0.0227234325	-0.0098331771	0.0288915461	-0.0085061127	-0.0034038634	0.0210157967	0.0204241543	-0.0133920729	-0.0060181089	0.0003510833	0.0061966687	-0.0143014515	-0.0035094012	0.0108639454	0.0269348939	0.0058213972	0.0344713682	-0.063469556	0.0427072324	0.03363523	0.0150612979	-0.0024033954	-0.0137074424	0.0674575026	0.0483753425	0.0394055509	-0.0091374591	-0.0024885823	0.0414610847	0.0166695141	-0.0551501595	-0.041043989	-0.0360472089	-0.0695541923	0.0204382385	-0.0099634971	-0.0263430447	0.0659129364	-0.0059821063	0.0325661099	-0.0257686332	0.003766219	0.0112231523	-0.0142880923	0.0003821672	0.0239911011	-0.0022509629	0.0008294715	-0.0518956225	0.0069817865	0.0056247978	-0.0059527432	0.0136296684	0.0077297477	0.0152262492	-0.0023770857	-0.0338999838	-0.0223234966	0.0107371473	0.0154470073	0.0002545769	-0.0175458584	-0.0122954827	-0.0261513265	-0.0204384161	-0.0189551718	0.078792244	0.0314552314	-0.0098399537	-0.0629439763	-0.0162617189	-0.0442445863	-0.0192268378	0.0154134108	0.022582033	0.0469443553	-0.0134147748	-0.0257119599	-0.0076593089	-0.0102821977	0.0413242418	0.0123095443	0.0377365244	0.0623382732	0.0054432374	0.0136284427	-0.0117498944	-0.0517193041	0.0315838403	-0.0234909713	-0.0104583129	0.002140627	-0.0269981113	0.0598732151	-0.006137485	0.0217286445	0.0110669767	-0.0308045396	0.007108216	0.0036772609	-0.0239056938	0.0125887007	0.0198141758	0.0067391895	0.0015495922	0.0062855602	-0.0136151782	-0.0038773249	0.0026647379	0.0294678703	0.0075675183	0.0262017832	-0.0645247002	0.0474718304	-0.0349614559	0.0165707278	0.0015990473	0.0025920916	-0.0674110444	-0.0403873014	0.008592709	0.0457496462	0.0032697879	-0.0301201653	-0.0334372138	0.0347615174	0.0492399021	0.0481820649	0.0693182781	-0.0271985518	0.0192277773	-0.018365639	-0.0554715018	-0.0152367495	0.0411753635	-0.0406393732	-0.0039547806	-0.0041966347	0.0181264654	-0.0134124962	-0.0155705834	0.0039465933	-0.0035796667	0.0510198172	-0.0067521461	-0.0034587843	-0.0049154312	0.0099857717	-0.0215757531	-0.0188582792	-0.0030348263	-0.0326755917	-0.0209610251	0.0133351617	0.0156961883	0.0033091709	-0.0051267102	-0.0084390172	-0.0275449561	-0.0026428494	-0.0386906023	0.0864789021	0.012215921	0.0039171526	-0.0635395787	0.0209044128	-0.0061344444	0.0231618086	0.0310633357	0.0059645925	0.0140019151	-0.051300702	0.0285897743	-0.0143449608	-0.0101029774	-0.0202288234	0.0032410551	-0.0666134034	-0.0408750798	-0.0051777903	-0.0089256575	-0.0218606001	-0.0256454571	-0.0619832668	-0.0271248969	0.0307255087	-0.0021551218	0.0349099475	0.0163957038	-0.0462169117	0.0026496211	0.0219362066	0.0166532463	-0.0344106199	0.0388644886	0.0116018192	-0.018591973	0.0229854524	-0.0464372199	0.0122511891	-0.011513695	0.0267027339	-0.0281823686	-0.003732432	-0.0386181481	-0.0377268159	-0.0030293527	-0.0014611998	0.0062386344	0.0050997503	-0.0126244476	-0.0084848875	0.0068955964	-0.0086913354	0.0061458674	-0.0404981621	0.0180134151	0.0107041222	-0.0357179449	0.0483730638	-0.0442907033	0.0248833938	0.0031337753	-0.0300666323	0.0465961863	-0.0470030752	0.0311465121	-0.0045129987	-0.0236820496	0.0436829132	-0.0485691282	0.0366500239	-0.0120497088	-0.016719905	0.0397042937	-0.0489506689	0.0412597087	-0.0192925486	-0.0093499925	0.0347573591	-0.100395	0.0005519999999999	3.047039999999967e-07	0.010079156025	-4.33435	-0.0114999999999998	18.7865899225	0.0001322499999999	-0.8099039999999998	0.0081410000000001	6.627588100000286e-05	0.6559444892159998	-0.0257974	-0.0010341	0.00066550584676	1.0693628100000064e-06	-0.00262699	0.0	6.9010764601e-06	0.0	0.000994106	-6.333999999999984e-06	9.88246739236e-07	4.01195559999998e-11	0.0	0.0	0.0	0.0	0.0	0.0	0.0	0.0	0.0	0.0	0.0	0.0	0.0	0.0	0.0	0.0	0.0	0.0	0.0	0.0	0.0	0.0	0.0	0.0	0.0	0.0	0.0	0.0	0.0	0.0	0.0	0.0	0.0	0.0	0.0	0.0	0.0	0.0	0.0	0.0	0.0	0.0	0.0	0.0	0.0	0.0	0.0	0.0	0.0	0.0	0.0	0.0	0.0	0.0	0.0	0.0	0.0	0.0	0.0	0.0	0.0	0.0	0.0	0.0	0.0	0.0	0.0	0.0	0.0	0.0	0.0	0.0	0.0	0.0	0.0	0.0	0.0	0.0	0.0	0.0	0.0	0.0	0.0	0.0	0.0	0.0	0.0	0.0	0.0	0.0	0.0	0.0	0.0	0.0	0.0	0.0	0.0	0.0	0.0	0.0	0.0	0.0	0.0	0.0	0.0	0.0
55281.28735798485	53.00641107589036	3056020731.956096	2809.679615146272	67310.59140234375	382.3612724609411	4530715714.933272	146200.14267795003	55889.96942811593	67.13962765956967	3123688682.6757336	4507.729602265653	56093.31388075345	56438.50796595982	0.905741	20.749506	0.0330161499999997	0.0184686	0.0037437146	0.019728588	0.0185896777	-0.0038658289	-0.0411932097	0.0267589272	0.0272254192	0.0433570757	0.005733194	-0.0137280975	0.0143751555	0.0042627079	0.0227027371	0.0021822221	-0.0371195167	0.031702052	-0.0230712247	0.0022989486	0.0231440613	0.02053462	-0.0006484095	-0.0376858425	0.0332031898	-0.0197018844	0.0266922708	0.0101834008	0.0167057119	-0.0159360683	0.0017055675	0.0103209058	0.0012751419	0.042128114	0.0371413146	-0.0436331758	0.0029349496	0.0236453344	0.0195847081	0.0342830197	0.0154987632	-0.0471958021	0.060070274	0.0155862567	0.006884168	0.0109303246	-0.0579056456	0.0110541069	0.0004910596	-0.0634584797	-0.0355023063	0.0102954209	-0.005576639	0.0343277114	0.0108897912	0.0120384602	-0.0142232403	-0.0322649551	0.0434730479	0.0569629303	-0.0017267909	0.0067586952	0.0095562352	-0.011994367	-0.0132585738	0.0034705839	-0.0013475142	0.0112246291	-0.014956649	-0.0471080033	0.0442471298	5.92039e-05	-0.0640886719	0.019522205	-0.02395045	0.0656634098	-0.0217747083	-0.0206304429	-0.0048925089	-0.0151748695	0.0203414484	-0.016625364	0.0304080879	-0.0605779227	-0.0063764276	0.0068539094	0.028698213	0.0294300757	0.0233728593	-0.0717517155	0.0421354509	-0.037069945	-0.0539338634	0.0185298054	0.0368227436	0.0116431514	0.0230208681	-0.0160679675	-0.0189817112	-0.0079350364	0.0022632102	0.0012970522	-0.0350380694	0.0445901596	0.0617703305	0.0196116519	0.0040399348	0.0052902081	-0.0413268768	-0.0148248409	0.012012801	0.0035100616	0.0077439568	-0.0161718036	-0.0004143137	-0.0250603775	-0.0212685	-0.0004454311	0.0378974181	-0.0323674679	-0.0075401292	-0.0331707828	-0.0104682048	-0.0122967845	-0.0169295987	-0.004689652	0.0074472446	-0.009106293	0.0414522161	0.0353939518	-0.0450795103	0.0080839501	0.0239715059	-0.0228641498	0.0334481275	0.0177412693	0.0458701448	-0.0595681219	-0.0149905072	0.0159120727	0.0083104623	0.0502468962	-0.0112788717	-0.0176592332	0.0577957007	0.0353740696	0.0056750881	-0.0014810018	-0.0203918334	0.0376073794	0.0178867537	0.008213348	0.0644498845	-0.0193822448	-0.0219242733	0.0189477079	0.0096938048	0.0114464784	0.0311707702	0.0020400774	-0.0017053743	-0.0068811099	-0.0218617688	-0.0056610981	0.0561280357	-0.0456030854	0.0144673438	0.0680408663	-0.0199236494	-0.024058126	0.0434988097	-0.0335503058	-0.0346309691	-0.009486578	0.0068205127	0.0212140203	-0.0094745833	-0.0158852399	-0.0616876669	0.0035570616	0.0090029752	0.0237165994	0.0062529559	0.0329587066	0.0402658066	-0.0237053117	-0.0832891595	0.0154960423	-0.0288981413	0.0504723869	-0.0365053206	-0.0248952117	-0.0402443622	0.0067944914	0.0184908784	0.0070737457	0.0236820463	-0.0037369703	-0.039588129	-0.0345427101	-0.0420767274	0.0207506956	0.0055049048	-0.0428035282	-0.010057383	-0.0281541293	-0.0144247695	-0.0177070315	-0.016589718	0.0373330298	0.0292907186	0.0118747908	-0.0513032579	0.0174457677	0.0011286772	-0.018359126	-0.0088429852	0.0042699284	-0.0450938482	-0.0122371006	0.0263492241	-0.0191732087	0.009301679	0.0327217299	-0.0291481825	-0.0227916613	0.0039446732	-0.0047869662	0.0286355608	0.005668664	-0.0119117031	0.0161801959	-0.0152118727	0.0229764646	-0.0406015827	0.0183559655	0.0101634351	-0.0352091317	0.048220895	-0.0447515066	0.0259867497	0.0016598739	-0.0287391785	0.045995879	-0.0475319038	0.0328222635	-0.0068944842	-0.0213897225	0.0423632548	-0.0488576859	0.0386533201	-0.015237851	-0.0133856785	0.0374341914	-0.0486882801	0.0433014723	-0.0231148951	-0.0049719936	0.0313595323	-0.100928	-0.000533	2.840890000000061e-07	0.010186461184	-4.34409	-0.0097399999999998	18.871117928099995	9.486759999999728e-05	-0.801479	0.0084249999999997	7.098062499999653e-05	0.6423685874410001	-0.0258412	-4.380000000000009e-05	0.00066776761744	1.9184400000000077e-09	-0.00238828	0.00023871	5.7038813584e-06	5.698246410000002e-08	0.000990253	-3.85300000000006e-06	9.80601004009e-07	1.484560900000046e-11	0.0	0.0	0.0	0.0	0.0	0.0	0.0	0.0	0.0	0.0	0.0	0.0	0.0	0.0	0.0	0.0	0.0	0.0	0.0	0.0	0.0	0.0	0.0	0.0	0.0	0.0	0.0	0.0	0.0	0.0	0.0	0.0	0.0	0.0	0.0	0.0	0.0	0.0	0.0	0.0	0.0	0.0	0.0	0.0	0.0	0.0	0.0	0.0	0.0	0.0	0.0	0.0	0.0	0.0	0.0	0.0	0.0	0.0	0.0	0.0	0.0	0.0	0.0	0.0	0.0	0.0	0.0	0.0	0.0	0.0	0.0	0.0	0.0	0.0	0.0	0.0	0.0	0.0	0.0	0.0	0.0	0.0	0.0	0.0	0.0	0.0	0.0	0.0	0.0	0.0	0.0	0.0	0.0	0.0	0.0	0.0	0.0	0.0	0.0	0.0	0.0	0.0	0.0	0.0	0.0	0.0
55384.79579488929	103.50843690443436	3067475605.241586	10713.996510399267	67846.64119628906	536.0497939453053	4603166721.617988	287349.38158880424	55930.99526452188	41.02583640594821	3128276231.2799687	1683.1192528076258	56130.7689495867	56807.22986378856	0.900905	20.63872	0.0709241499999994	0.0386006	0.0033746579	0.0220973712	0.0109335955	-0.0147603814	-0.0416035938	0.0071456867	0.0214235207	-0.035197722	0.0023997564	0.0618239407	0.0162097563	0.009139409	0.0117336744	-0.0031053607	-0.0175754502	0.0361755778	0.0216996178	0.0046275747	0.0093028702	0.0008411563	-0.0121450992	0.0467267231	-0.0216137519	-0.0304012713	0.0056517732	-0.0032207025	0.0166803061	0.0351144416	0.0272669552	-0.0219628445	0.1123622402	0.0092167868	0.0235016889	0.0237807511	0.023832803	0.0275899281	-0.0017840393	0.0295261962	0.010542245	-0.0632855372	0.0255804876	0.0232448067	-0.0268245185	0.0282830074	-0.0237336662	0.0225620725	-0.0479052577	0.0659302187	-0.0178686414	0.0595221298	-0.040889693	0.0303978173	0.0281274629	-0.0481104022	0.0059135548	-0.0174924657	-0.0546378284	0.0006183743	-0.0097155093	-0.0438502855	0.0347260312	-0.0308052792	-0.0041871132	-0.0384203533	0.0142440323	0.0581550785	0.0203571084	0.0292906502	-0.0446829569	0.0074683654	0.0079162039	0.0256932886	0.0093826335	-0.0109030574	-0.0022069183	-0.0454635454	-0.0360799314	0.0007845381	-0.0528879734	0.0311082208	0.0107457346	0.0108696972	-0.0026449652	-0.017659566	0.0378129469	-0.0391193047	0.0093023227	-0.0149227658	0.017145054	0.0295822257	-0.0148594445	0.0283540577	-0.0032958416	0.0303640793	-0.0296699701	-0.0152436184	-0.0736060331	0.0241835728	0.0180768482	-0.0390403652	-0.0543996256	-0.026737575	0.0042211356	-0.0410956949	-0.0014259937	-0.002055935	-0.062782156	0.0419315911	-0.0164564007	-0.0506571069	0.0291501775	0.0018352626	0.0033508648	-0.0069253495	-0.003379323	0.0131681715	-0.049081176	0.0175136103	-0.0285595925	-0.0098532668	0.0025454629	-0.0165694601	0.0329854199	0.02586743	-0.0006253719	0.1134491333	0.0268915153	0.0315520896	0.0180882029	0.0200258915	0.0294589406	-0.0011339495	0.0340697341	0.0126697115	0.063343442	-0.0292219398	-0.0264463232	0.0104738363	-0.025987638	0.0097337732	-0.0160872229	0.0621544449	-0.0300379548	0.0317458709	-0.0685429266	0.0121835177	-0.0633765177	-0.0001200943	-0.0195760201	-0.0390224214	0.0033383634	-0.0006973933	0.0581218561	-0.0130430178	0.0256848688	-0.0578622732	0.0302319089	-0.0174040224	0.0145153153	0.026172959	-0.0419470376	-0.0167148109	-0.0374435317	0.0557814715	-0.0005285332	-0.0222497767	-0.0321486994	0.0090474948	-0.0163844847	-0.0005708514	-0.0302211704	-0.0371731587	-0.0153879442	-0.0500282522	-0.0172617334	-0.0028580908	0.0176348721	0.0073890123	-0.0127063709	0.0426008939	-0.0524005898	0.0195992075	0.0302825155	0.01555333	-0.0163376035	-0.0239395855	0.0318593981	0.0346250021	0.0001091885	0.0210117402	-0.0689312954	-0.0570246275	-0.0075580016	0.0214805371	0.0269650609	0.0335967836	0.0150977278	0.0206574267	-0.0020737646	-0.0235756927	-0.0092326723	-0.0400489251	-0.0459389353	0.0301650976	0.0689288685	-0.0081214553	-0.0155140469	-0.024383552	0.0193450875	0.0176566627	-0.0443396965	0.0429457808	-0.0020060259	0.0008465605	0.011582084	-0.0153676587	-0.0090256915	0.0177970564	-0.0238307179	-0.0194400081	-0.0149244346	-0.0152835667	-0.0266321457	0.0634586831	-0.0056880943	0.0186325725	0.0167068232	-0.0201040581	0.0152479777	0.0156482653	0.0093511454	0.0075113348	-0.0407044271	0.018697474	0.0096214501	-0.0346923251	0.0480516209	-0.0451894509	0.0270720383	0.0001844653	-0.0273786964	0.0453303135	-0.047979135	0.0344309608	-0.0092594399	-0.0190379212	0.0409083818	-0.048968821	0.0404981621	-0.0183559655	-0.0099829142	0.0349517203	-0.0481213794	0.0450460234	-0.0267638437	-0.0005533855	0.0276838006	-0.106845	-0.0059169999999999	3.50108889999999e-05	0.0114158540249999	-4.32885	0.0152399999999994	18.7389423225	0.0002322575999999	-0.832518	-0.0310389999999999	0.0009634195209999	0.6930862203239999	-0.0257954	4.580000000000209e-05	0.00066540266116	2.0976400000001913e-09	-0.00262699	-0.00023871	6.9010764601e-06	5.698246410000002e-08	0.0009002	-9.005299999999999e-05	8.1036004e-07	8.109542808999997e-09	0.0	0.0	0.0	0.0	0.0	0.0	0.0	0.0	0.0	0.0	0.0	0.0	0.0	0.0	0.0	0.0	0.0	0.0	0.0	0.0	0.0	0.0	0.0	0.0	0.0	0.0	0.0	0.0	0.0	0.0	0.0	0.0	0.0	0.0	0.0	0.0	0.0	0.0	0.0	0.0	0.0	0.0	0.0	0.0	0.0	0.0	0.0	0.0	0.0	0.0	0.0	0.0	0.0	0.0	0.0	0.0	0.0	0.0	0.0	0.0	0.0	0.0	0.0	0.0	0.0	0.0	0.0	0.0	0.0	0.0	0.0	0.0	0.0	0.0	0.0	0.0	0.0	0.0	0.0	0.0	0.0	0.0	0.0	0.0	0.0	0.0	0.0	0.0	0.0	0.0	0.0	0.0	0.0	0.0	0.0	0.0	0.0	0.0	0.0	0.0	0.0	0.0	0.0	0.0	0.0	0.0
55395.89297229628	11.09717740699125	3068704958.1981044	123.14734640223703	67646.26802783203	-200.37316845702296	4576017578.09329	40149.40663750651	55983.58147591272	52.58621139083698	3134161394.8701577	2765.309628441793	56182.13530268792	56456.66810699066	1.06659	24.434366	0.34628015	0.209338	0.0047203539	0.0180280847	0.0416852377	0.0053363464	-0.0347459957	0.011612042	0.0282387546	0.0018569966	0.0531842353	-0.0148455013	0.0177643855	-0.0873728909	-0.0066201313	-0.0073321742	0.0063375783	0.0934252432	-0.0545590916	0.0097646788	0.0749513137	0.005724803	-0.0612307924	-0.0098620618	0.0470597898	0.032409113	-0.0064238111	-0.0393513918	0.003147391	-0.0019837911	-0.0177962961	0.0008010295	0.0483677895	0.0624140079	0.0544117634	0.018721521	0.0189213496	-0.0342097664	0.0586816338	-0.0515777946	0.0056968222	-0.0562294981	0.0397184115	-0.0087439442	0.0288025934	0.0657245453	-0.0365038953	-0.0128157126	-0.0249786259	0.0013135246	-0.0029173168	-0.0530086643	0.0578422132	-0.0083445245	0.0006081005	-0.0120507089	-0.0119576582	0.0070757427	0.0412636083	-0.0151477875	0.0127892858	0.0021752948	-0.0472120315	0.0343747249	-0.0380128051	0.0390234653	-0.0355633946	-0.0060524191	0.0421118541	0.0084045555	-0.0331151598	0.0041186057	-0.0096877147	-0.0294571864	-0.0033226736	0.0180722589	0.0237117518	0.0062729387	-0.0101096255	-0.024340089	-0.0154306243	-0.0140238403	-0.0074077876	-0.0176731779	0.0360791986	-0.0180393632	-0.014826908	0.0806171282	0.0235613287	0.0059646145	-0.0215661984	0.0704066381	0.0238505684	0.0133220394	-0.0560488581	0.0334450063	-0.0048703707	-0.0300542812	-0.0150705777	0.0317627996	0.0423414472	-0.0395029108	-0.0640638805	0.0285739042	-0.0245275099	-0.0022670377	0.037564821	0.0160394921	0.0294486315	0.0200102712	0.003779439	-0.0437093883	-0.059938499	0.0356063952	0.006581223	-0.0721987451	-0.0119356035	0.0640899414	0.007894631	-0.0473986712	0.027095347	0.0167530777	0.0408601909	0.0021444723	-0.0014667951	-0.0191432143	0.0007942191	0.0311524149	0.0757832347	0.0510241182	0.0182085746	0.0187892466	-0.0261865255	-0.061104877	-0.0460462008	-0.0075967718	0.0620909815	-0.0334298629	0.0077083377	0.0740224764	0.0162287777	0.0335122021	0.0155111811	0.0278462555	-0.0027522269	0.0106961546	0.0475585824	-0.0485849954	0.0364091036	-0.0148586006	-0.0196949447	0.008301022	0.0050934234	0.0023494043	-0.0442559935	0.0107425309	0.0173774851	0.0424085836	-0.0320002684	0.0426788545	-0.0346317122	-0.0332134675	0.0032330934	-0.0401140211	-0.026089243	0.0351361906	0.0017393906	0.009635157	0.0287553352	4.23733e-05	0.0116666786	0.01681738	0.0013943397	-0.0097362714	0.0171795779	0.0046988441	-0.0312200096	-0.0236064163	-0.0039640133	0.0263118283	-0.0123598236	-0.0136961403	0.0711818102	0.0413933467	0.0171739961	-0.0059456883	0.0128434634	-0.0538349736	0.068168717	-0.0130491552	0.0532325706	0.0183506532	-0.049005075	0.0009312998	0.0114196714	0.0460732135	0.0115689334	0.0368978513	-0.0207028948	0.004300936	0.0422317682	0.0193028539	-0.0076901985	0.0308968249	0.0076010727	0.0471000528	0.0399300008	-0.0026989741	0.0820977576	-0.0281309246	0.0571568481	-0.0037193215	-0.0637714992	-0.0660102671	0.0144274402	-0.0594221533	0.0044426702	-0.0165367936	-0.0175658227	-0.0114354316	-0.0059335885	0.0181446239	-0.0095948877	-0.0179380323	0.0034889309	-0.0227192643	-0.0307465351	-0.0536706896	-0.0298780804	0.0615815687	-0.0688838982	-0.0094750089	0.005164609	-0.0262387937	-0.040806694	0.0190379212	0.0090782364	-0.0341676424	0.0478653016	-0.0456043123	0.0281385053	-0.0012911108	-0.0259867497	0.044600434	-0.0483440011	0.0359693177	-0.0116021956	-0.016633185	0.0393229378	-0.0489021298	0.0421769872	-0.0213897225	-0.0065290352	0.0322709638	-0.0472535125	0.0464813877	-0.0302120217	0.0038697424	0.0237627379	-0.100386	0.0064589999999999	4.1718680999999904e-05	0.010077348996	-4.47006	-0.14121	19.9814364036	0.0199402641	-0.685082	0.147436	0.021737374096	0.4693373467239999	-0.0257228	7.259999999999905e-05	0.00066166243984	5.270759999999863e-09	-0.00176059	0.0008664	3.0996771481e-06	7.5064896e-07	0.000984703	8.450299999999999e-05	9.69639998209e-07	7.140757008999997e-09	0.0	0.0	0.0	0.0	0.0	0.0	0.0	0.0	0.0	0.0	0.0	0.0	0.0	0.0	0.0	0.0	0.0	0.0	0.0	0.0	0.0	0.0	0.0	0.0	0.0	0.0	0.0	0.0	0.0	0.0	0.0	0.0	0.0	0.0	0.0	0.0	0.0	0.0	0.0	0.0	0.0	0.0	0.0	0.0	0.0	0.0	0.0	0.0	0.0	0.0	0.0	0.0	0.0	0.0	0.0	0.0	0.0	0.0	0.0	0.0	0.0	0.0	0.0	0.0	0.0	0.0	0.0	0.0	0.0	0.0	0.0	0.0	0.0	0.0	0.0	0.0	0.0	0.0	0.0	0.0	0.0	0.0	0.0	0.0	0.0	0.0	0.0	0.0	0.0	0.0	0.0	0.0	0.0	0.0	0.0	0.0	0.0	0.0	0.0	0.0	0.0	0.0	0.0	0.0	0.0	0.0
55460.3946086156	64.50163631932082	3075855370.143358	4160.461087869927	67611.97488671874	-34.293141113288584	4571379148.082286	1176.019527415924	55934.363519251696	-49.21795666102116	3128653022.303795	2422.4072578861574	56129.280120123694	57018.53752346287	1.071342	24.543224	0.2205099500000001	0.141653	-0.0006766597	0.0158653118	0.017746986	-0.0006906054	-0.0312625643	0.0255301375	0.0224713674	0.0410393639	-0.0066515453	0.0363813346	0.0112932625	0.0606674737	-0.0209502092	0.0030793228	-0.0246886924	0.0949658479	-0.028580393	0.0116565014	0.049231802	0.009676697	-0.0032026914	-0.0061309851	-0.0580137138	-0.086558375	0.0020729852	0.0152077911	0.0055902159	-0.0487109554	-0.0393187255	-0.0159338712	0.0096180014	-0.0023936776	-0.053699173	0.0132535905	0.0202547711	0.0111134762	0.0375009515	0.0308636563	0.0189935494	-0.0217979084	-0.0286509758	-0.0331546496	0.0319916135	0.0606533043	-0.018739885	0.0257956553	0.0402404115	0.0208589012	-0.010692588	-0.0303284459	0.0179842003	-0.0031847635	0.0170036178	-0.0068975451	0.0547984006	-0.0014246959	0.0361423601	-0.0084793429	0.0536710235	0.0379641808	-0.0157474683	0.0292967396	0.0256183484	0.0001907283	0.0001184871	-0.0298498165	-0.0083620004	-0.0065256193	-0.0031843557	-0.0012880864	-0.0353094312	0.050525428	-0.0184461114	0.0260980461	-0.0087691622	0.0110919693	-0.0087653577	0.0277890515	0.0483754149	-0.0018231455	0.027923493	0.0559237318	0.0307552045	-0.01664954	-0.0141461211	0.0374991223	-0.0287354303	0.0265226778	0.0063208293	-0.0157478377	-0.0026808643	-0.0219836273	0.0648265378	0.0261177696	-0.0060537575	0.0581146992	0.0448273794	0.063383956	-0.0338739965	-0.029971118	0.1016038619	-0.0050917101	0.0118798974	-0.0033857967	0.0090141374	0.0354574381	-0.0075663976	-0.0676366005	0.0223409326	-0.0059099758	-0.0343407029	0.0186892778	0.0100166202	-0.0495835241	-0.0112379967	0.0035667704	0.0080464303	0.0490004127	-0.0851559572	-0.0260119083	-0.018066246	-0.0042176036	-0.038290252	-0.0408354179	-0.0237835963	0.0201178139	-0.0029201216	-0.0568747488	0.0167812175	0.0211335283	0.0098595814	-0.0420765117	0.0279318903	0.0136032365	0.0289388751	0.0356236405	0.0282987261	0.0552038372	0.0184950159	0.0198492781	-0.0114687055	-0.0350431564	-0.0323909908	0.022912158	0.0172299109	-0.0230610195	0.0009375966	-0.0167565388	0.0006987434	-0.0435025167	-0.0141185755	0.0341687388	-0.040632661	0.043134024	-0.0310415366	0.031122066	-0.0164990624	-0.0083983941	0.0216834444	-0.0068735751	0.0258580581	0.003766	0.0184202995	0.0001802407	0.0095780331	0.0449286034	-0.0384284712	-0.0352980665	0.0272781881	-0.0013724575	0.0217806552	0.0021691891	-0.0284634007	0.009236947	0.031704811	0.0752298973	0.0069868526	0.0297825262	-0.0206236853	-0.0189995071	0.0571044374	-0.0184107359	-0.0180283585	0.0329883118	0.023141692	0.022586524	-0.0448454385	0.0351178979	-0.0211638516	0.0071321777	0.0926759394	-0.0021428298	-0.075349064	0.0087984143	-0.0574981733	0.0258857003	-0.0026637385	-0.0138612607	-0.0344819725	0.0496991507	-0.0371359364	-0.0279347616	0.0396983286	-0.0375260492	0.008299143	-0.0147258612	0.0273595286	0.0283515939	0.0342275041	0.0168417503	-0.0628062103	0.0123244241	-0.0124137847	0.0424778999	-0.0589885763	0.0325238626	-0.0028421021	-0.0431129257	-0.0094574062	-0.0386015362	0.0190502757	0.0406201381	-0.0181500397	0.0226003274	-0.0155202282	-0.0284862774	-0.0107881534	0.037306926	-0.0178657602	-0.000751602	0.0133732704	0.004343933	-0.0409083818	0.019377288	0.0085338634	-0.0336352026	0.0476620031	-0.045995879	0.029185409	-0.0027655145	-0.0245649379	0.0438072762	-0.0486258757	0.0374341914	-0.0139171345	-0.0141822002	0.037611983	-0.0486578547	0.0436829132	-0.02432518	-0.0030417259	0.0294071302	-0.0460901072	0.0475977133	-0.0334335625	0.0082612638	0.0196310923	-0.10173	-0.0013439999999999	1.8063359999999944e-06	0.0103489929	-4.39853	0.0715300000000001	19.3470661609	0.0051165409	-0.802679	-0.117597	0.013829054409	0.6442935770410001	-0.0255983	0.0001244999999999	0.00065527296289	1.5500249999999904e-08	-0.00213487	-0.00037428	4.557669916900001e-06	1.4008551840000006e-07	0.000882704	-0.0001019989999999	7.79166351616e-07	1.0403796000999991e-08	0.0	0.0	0.0	0.0	0.0	0.0	0.0	0.0	0.0	0.0	0.0	0.0	0.0	0.0	0.0	0.0	0.0	0.0	0.0	0.0	0.0	0.0	0.0	0.0	0.0	0.0	0.0	0.0	0.0	0.0	0.0	0.0	0.0	0.0	0.0	0.0	0.0	0.0	0.0	0.0	0.0	0.0	0.0	0.0	0.0	0.0	0.0	0.0	0.0	0.0	0.0	0.0	0.0	0.0	0.0	0.0	0.0	0.0	0.0	0.0	0.0	0.0	0.0	0.0	0.0	0.0	0.0	0.0	0.0	0.0	0.0	0.0	0.0	0.0	0.0	0.0	0.0	0.0	0.0	0.0	0.0	0.0	0.0	0.0	0.0	0.0	0.0	0.0	0.0	0.0	0.0	0.0	0.0	0.0	0.0	0.0	0.0	0.0	0.0	0.0	0.0	0.0	0.0	0.0	0.0	0.0
55481.37224170433	20.977633088732546	3078182665.82256	440.06109000548656	67409.09189746094	-202.8829892578069	4543985670.440333	41161.5073301834	55922.75499236884	-11.608526882853766	3127354525.9365144	134.7578963899386	56117.56726294898	56402.26990348519	1.071919	24.556465	0.1444448000000004	0.0680541	0.0050481206	0.0135457375	0.0159901593	-0.0167535666	-0.0287560848	0.000449609	0.0153554834	-0.0435005269	0.0302101895	-0.0156373833	-0.0096594742	-0.0022081219	0.0583519096	-0.0067055181	0.0146847731	0.0437401609	0.000869487	0.0277897558	0.0163634367	0.0446338814	0.0022211292	0.0394797572	-0.0029268436	0.0139569964	-0.0206938915	0.0086734091	0.0475054645	0.0022362568	-0.0217603309	-0.0217247915	-0.0323749764	0.0090953724	0.0137894113	0.0083736605	0.0140800686	0.0226041127	-0.0040586672	0.0068304609	-0.0023254921	-0.0113057987	0.0320416538	-0.0133953579	0.0124111972	0.0080962488	0.0418329243	0.0401643961	-0.0514511521	-0.0422715743	-0.0193014947	0.0351225682	-0.0512214711	-0.0171463392	0.0131467814	0.0290302872	0.0344527311	0.0055794692	0.0192774771	-0.0161969732	0.0119516575	0.0597456838	-0.0047574761	0.0281427082	0.0011502083	0.0008981849	0.0503479599	-0.0048902236	-0.0534595153	0.0353017266	-0.0098266352	-0.0104397359	-0.005225051	0.0657162044	-0.0475294042	-0.0157371207	-0.0238561651	-0.017187141	-0.0075949184	0.0064827046	-0.033139434	0.0055649201	0.0052058313	-0.0090959957	0.0117963117	-0.0380781822	0.0030674661	-0.0188511764	-0.0215837288	-0.0358666593	0.0036211399	0.0178219771	0.0488549343	-0.001149502	-0.0727525648	0.0699832495	0.001619525	0.0761687671	0.0373900116	-0.0250756579	-0.0010188432	0.0458755707	0.0424268976	-0.0344823694	-0.0031106373	0.0673532701	0.0171957958	0.0524629056	-0.010889292	-0.0269449113	-0.0069111088	0.0011494549	-0.0177060242	-0.002248087	0.0263164888	-0.0137720602	-0.0465894811	-0.0024946318	-0.0392479951	0.0003069253	0.0048250505	0.0242515474	-0.0078042096	-0.0471436754	0.0034612512	-0.0247618721	-0.0223946954	-0.0297031985	0.0042071043	0.0125813976	0.0120721003	0.0134789363	0.0231666102	0.0044776107	0.0052428154	-0.0058214572	0.0061234689	-0.0284898703	0.0189661502	0.0119254471	0.0151599355	-0.0510032281	-0.0219059745	0.0247677151	0.057252618	0.0419977073	-0.0236528243	0.0582931826	-0.008468841	-0.014181746	0.0329349292	-0.0177987486	-0.0051290602	0.0286881131	-0.0218446435	0.0028507496	-0.0550619439	0.0278623554	-0.024136187	0.0176973813	0.0005645305	0.0502708345	0.0068741913	0.0570646551	0.0003186821	0.01194596	0.0051165957	0.0139717558	-0.0582448657	-0.0513109931	-0.0316357861	-0.0120023312	-0.0060704832	-0.0110971537	-0.01403496	-0.0323554602	-0.0034381025	-0.0187696665	-0.0094810597	0.0126043523	-0.0298260888	0.0165018548	-0.0027760324	-0.032842405	0.0319394974	0.0101168957	-0.0041629918	0.0216799262	0.0569092631	0.0051612102	0.1057000812	-0.002025306	0.0899794255	-0.0132111027	0.0272147187	-0.0141984426	-0.0112223853	-0.0352390916	0.0519419833	-0.044107858	0.0005579441	0.0529720238	-0.0182260744	-0.0134355395	0.0190069595	-0.0166905351	0.0124969008	-0.0110283172	0.0072655666	0.0105603554	0.0319659356	0.0091915942	-0.0524648349	0.0410954244	-0.0192633789	-0.0084114976	0.0401134841	-0.0198008536	0.0262079228	0.0126232918	0.0235378054	-0.0128465872	0.0030633695	-0.0459391056	-0.060763831	0.0277931995	0.0108944457	0.0098554323	-0.0147695759	-0.0193988646	0.0039531455	0.0286893906	0.0112124484	0.0092935803	-0.0410094892	0.0197155549	0.0079884006	-0.0330951267	0.0474417976	-0.046363951	0.0302120217	-0.0042374069	-0.0231148951	0.0429519653	-0.048824275	0.0388225891	-0.0161987064	-0.0116917818	0.0357809787	-0.0482368825	0.0450097667	-0.0271488476	0.0004611576	0.0263764663	-0.0446384398	0.0483873377	-0.0364042993	0.0125853106	0.015325478	-0.103156	-0.0014259999999999	2.0334759999999905e-06	0.0106411603359999	-4.35223	0.0463000000000004	18.941905972899995	0.00214369	-0.825018	-0.0223389999999999	0.0004990309209999	0.680654700324	-0.0265174	-0.0009190999999999	0.00070317250276	8.447448099999984e-07	-0.00257638	-0.00044151	6.6377339044000005e-06	1.949310801e-07	0.00100969	0.0001269859999999	1.0194738961e-06	1.6125444195999986e-08	0.0	0.0	0.0	0.0	0.0	0.0	0.0	0.0	0.0	0.0	0.0	0.0	0.0	0.0	0.0	0.0	0.0	0.0	0.0	0.0	0.0	0.0	0.0	0.0	0.0	0.0	0.0	0.0	0.0	0.0	0.0	0.0	0.0	0.0	0.0	0.0	0.0	0.0	0.0	0.0	0.0	0.0	0.0	0.0	0.0	0.0	0.0	0.0	0.0	0.0	0.0	0.0	0.0	0.0	0.0	0.0	0.0	0.0	0.0	0.0	0.0	0.0	0.0	0.0	0.0	0.0	0.0	0.0	0.0	0.0	0.0	0.0	0.0	0.0	0.0	0.0	0.0	0.0	0.0	0.0	0.0	0.0	0.0	0.0	0.0	0.0	0.0	0.0	0.0	0.0	0.0	0.0	0.0	0.0	0.0	0.0	0.0	0.0	0.0	0.0	0.0	0.0	0.0	0.0	0.0	0.0
55491.629732974936	10.257491270604078	3079320970.421588	105.21612716651886	67425.78780078125	16.695903320316575	4546236860.555983	278.75318768135804	55913.74363817698	-9.011354191861756	3126346727.6357765	81.20450437118444	56104.90954299477	56675.22804287997	0.915475	20.972502	0.0445626500000006	0.0221993	0.0009129763	0.0182670371	0.0217752926	-0.0015103077	-0.0134316185	0.0303836734	0.0086968416	0.040195127	0.018258147	-0.0065837171	0.0107798682	0.0388035064	0.0335909448	0.0129539364	-0.0134757324	0.0768271181	-0.0090891664	0.0271863658	0.0242703407	0.0484762628	0.0137493239	-0.0161229876	-0.0284145193	0.0049480804	0.0293412878	0.0102893855	0.034187211	0.0023098699	-0.0253876264	0.0354863058	-0.0156739987	0.0610328606	-0.0026327984	-0.0385414575	0.0067459478	0.033289027	-0.0308342695	0.0199979898	-0.0200361151	-0.0071874186	0.0087319825	-0.0340496745	0.005583727	0.0319320016	-0.0211852473	-0.0015259174	0.0114204058	-0.0086725555	0.0660503641	-0.0115996042	0.0162636654	-0.0445523777	0.0060965513	0.0418015454	0.003776399	-0.0708481617	0.0075913108	0.0197285661	0.0013490445	-0.0256251078	-0.0279788918	-0.0144719442	0.0031780564	-0.0494413715	0.0216372676	-0.0265841286	0.0228651787	-0.0420284375	0.0235800771	-0.0198626606	0.0392196698	0.0176815459	-1.65734e-05	-0.0488931206	-0.0550424248	0.0185060977	-0.0264437252	-0.007869468	-0.0334108658	0.0171046815	0.0077704226	-0.0046990038	0.0025804322	0.0183633143	0.0018990235	-0.0213177318	0.0083905942	-0.0009649913	-0.0158469183	0.0577114855	0.0059120669	0.0151316313	-0.0557739877	0.0824860327	0.0302447371	0.0498101444	0.0098066706	0.0095031679	-0.0315656434	0.032497711	-0.000540345	0.0081469433	0.0129172706	0.0106865586	0.0455569252	-0.0452103101	-0.0608956564	-0.0183753311	-0.0102506526	0.0099139273	-0.0056233807	-0.0044289451	0.0257612248	-0.0258022356	-0.0480581297	-0.0164190686	0.0176348669	0.0331096916	0.0112456096	-0.0247445815	-0.0100632057	-0.0311989572	0.0016172938	-0.0269861178	0.0243484899	-0.0329581472	0.0561679665	-0.0153937471	-0.0406863013	0.0116771282	0.0353892221	0.0265621461	0.0262990082	-0.0242172834	0.0168041774	-0.00440767	0.0281256733	0.0451900011	-0.0072126956	0.0237996074	-0.0036082856	-0.010249951	0.0057460589	-0.059126837	0.0138404994	-0.0017195279	0.03491629	-0.0395487172	0.0293606352	0.0175984834	0.0498589176	0.0438871153	0.0074963249	-0.0053732983	0.0348445417	0.0237016287	0.0435912489	-0.0163440902	0.0314642229	0.023688489	0.0256589111	-0.0231296805	0.0224326563	-0.0376952644	-0.0413313299	-0.0453625509	-0.0178070129	0.003885072	-0.0377809292	-0.0444854241	0.0326400335	-0.0185354291	0.0056124785	-0.021179225	-0.0053988402	-0.0127931718	0.0051509431	0.0079277317	0.016046936	-0.0085135356	-0.024267057	0.0223859252	0.0351986493	0.0130022096	0.0352627981	-0.0334675581	0.0508585041	0.0347269365	0.0827575368	-0.0383992643	0.0495951967	-0.0166159351	-0.0271251538	0.0108605039	0.0231923773	-0.0281338457	-0.0123617903	0.005579556	-0.0194832094	0.0343752266	0.0662357563	-0.0572169242	-0.028817115	-0.0269241825	-0.0039601122	0.0152114409	0.004513595	-0.0010964334	0.037486719	0.0056882819	-0.0662818666	0.0250433946	-0.0354729882	0.0031281425	-0.0058612326	0.0233162244	-0.0110098342	0.0106688768	0.0073165866	-0.01537277	0.0148548092	0.0137460486	-0.0412463506	-0.0323166422	0.0264347552	0.0179809482	-0.0114289243	-0.0027806941	0.0126455648	-0.0038019813	0.0070732835	0.0033289871	-0.0411100147	0.0200527028	0.0074419176	-0.0325475373	0.0472047632	-0.0467083402	0.0312176297	-0.0057054516	-0.0216382877	0.0420357148	-0.0489388583	0.0401316745	-0.018441441	-0.0091688544	0.0338357689	-0.0476407421	0.0461521087	-0.0298477488	0.0039616799	0.0231961654	-0.0429075896	0.0488448413	-0.039101947	0.0168065656	0.0108840509	-0.100612	0.002544	6.471936000000024e-06	0.0101227745439999	-4.35991	-0.0076800000000005	19.008815208100003	5.898240000000884e-05	-0.8243979999999999	0.0006200000000001	3.844000000002182e-07	0.6796320624039998	-0.0267667	-0.0002493	0.00071645622889	6.215049000000045e-08	-0.00231834	0.00025804	5.374700355599999e-06	6.65846416000001e-08	0.000842657	-0.0001670329999999	7.10070819649e-07	2.790002308899997e-08	0.0	0.0	0.0	0.0	0.0	0.0	0.0	0.0	0.0	0.0	0.0	0.0	0.0	0.0	0.0	0.0	0.0	0.0	0.0	0.0	0.0	0.0	0.0	0.0	0.0	0.0	0.0	0.0	0.0	0.0	0.0	0.0	0.0	0.0	0.0	0.0	0.0	0.0	0.0	0.0	0.0	0.0	0.0	0.0	0.0	0.0	0.0	0.0	0.0	0.0	0.0	0.0	0.0	0.0	0.0	0.0	0.0	0.0	0.0	0.0	0.0	0.0	0.0	0.0	0.0	0.0	0.0	0.0	0.0	0.0	0.0	0.0	0.0	0.0	0.0	0.0	0.0	0.0	0.0	0.0	0.0	0.0	0.0	0.0	0.0	0.0	0.0	0.0	0.0	0.0	0.0	0.0	0.0	0.0	0.0	0.0	0.0	0.0	0.0	0.0	0.0	0.0	0.0	0.0	0.0	0.0
55551.27742768485	59.6476947099145	3085944423.8476086	3557.847484207163	67915.985015625	490.19721484374895	4612581020.6426	240293.30944056856	55889.04353542069	-24.70010275628738	3123585187.3041496	610.0950761711554	56084.51490396052	56943.4441387226	0.7744609999999998	17.74202	0.0538706999999998	0.0320156	0.0009906441	0.0150711605	0.014706151	-0.0052707675	-0.0124920774	0.0319003509	-0.0037823431	0.0080529622	0.0214364771	0.0492300963	0.0076425862	-0.001795709	0.0358040501	-0.0135580741	0.0198894279	0.0522827407	-0.0109552636	0.0189276552	0.0393222363	0.0264841673	0.0463709998	0.0259569269	0.0020154206	-0.0176642129	-0.0365196424	0.0258456269	0.0349696892	0.0144263327	-0.0454243992	-0.0144657873	0.0263307392	0.0515171594	-0.0357423969	-0.0293463846	0.0241421221	-0.0238574463	-0.0145882933	0.0457617929	-0.0264821411	0.039454859	0.001239967	-0.0427605657	-0.0272750839	0.0053708196	-0.0002425373	0.0521025441	-0.0093875769	0.0294626311	0.0034060314	0.0326822945	-0.0184220882	0.0132767306	-0.0142278769	0.0312531426	-0.0298032815	0.0410613701	0.0560063619	-0.04663245	-0.0344995134	-0.005432384	-0.0371103168	0.0050283547	-0.0311634671	0.0005125059	-0.0370047828	-0.0492212652	0.041201515	0.0052774624	-0.0199659031	0.0047645534	0.0062682887	-0.0053548071	-0.0136020129	-0.019197151	0.0266909111	0.0044292307	-0.0275893987	0.0277974757	0.0106186566	0.0086960151	0.0223471321	-0.0272814017	0.0247351347	0.0306183129	-0.0428056392	0.0163955135	0.0147120642	-0.0109823373	-0.0423953893	-0.016077004	-0.0190320233	-0.0537671646	0.0222373468	0.0485047746	0.0468802862	-0.0278404778	0.0113193542	0.0467941254	-0.0294700021	-0.0186248324	-0.0149560858	0.0234344917	-0.067407587	0.0059721243	-0.0286884277	-0.0134284972	-0.043932584	-0.0081169326	-0.0250317563	-0.0275968737	0.0362426247	-0.0308372429	0.0167253764	-0.0392773424	-0.027974697	-0.0449615777	-0.0296239184	-0.0081888257	-0.0239433087	0.0280519326	-0.0268139236	-0.037178377	0.0191095421	-0.0376111259	-0.0167208513	0.0208235278	0.053804594	-0.0451677152	-0.0285298516	0.0236504945	-0.0264324233	0.0115554768	0.0466421706	-0.0265327408	-0.0314414414	0.0022345112	0.0368526106	0.0081175592	-0.0365368419	-0.0078037577	-0.0464917531	0.0171774892	-0.0153415997	-0.0004782535	-0.0435927164	0.0108285627	-0.0194342176	0.0081146121	0.0026586354	0.0551259932	-0.0316399263	-0.0107381919	-0.0719060849	-0.0464923571	0.0206866412	0.0320043848	-0.0038026291	0.0285884561	-0.0009682603	-0.0362567886	0.0467023527	-0.0373038437	-0.0212488785	0.0158663631	0.0052081338	-0.0048645236	0.001070835	-0.0058228037	-0.0194995818	0.0290132398	0.0212829137	-0.0280766708	-0.024420717	0.0028157467	0.0214825807	-0.0034005229	-0.0337431617	0.0307127129	0.0244768763	-0.0478947201	0.0120972277	0.0076308644	0.0131993693	-0.0421414382	0.0307082284	0.0009258655	-0.053450579	0.0338540859	0.0260170787	-0.0373364419	-0.0029356441	0.0270198482	-0.0488953613	0.0202696215	0.0020025424	0.0132057877	-0.018787246	-0.0176917461	0.0565801244	-0.0427132785	0.0046434633	-0.0300690827	-0.0185529101	-0.0154164407	0.0495567855	-0.0022796123	-0.043600677	0.066568082	0.0339825048	0.007919876	-0.063988885	0.0362798609	-0.0272846595	-0.0095827078	0.033605171	0.0025366082	0.0165978519	0.0254005549	-0.0136938006	0.0007734678	0.030479207	0.0277070675	-0.0434380553	0.0345309739	0.0001005095	0.0116408136	-0.0048351196	-0.0015060966	0.0252941807	0.0342359395	0.0074923411	-0.010097238	-0.0412099568	0.0203887125	0.0068944842	-0.0319925587	0.046950984	-0.0470288708	0.0322015336	-0.0071683153	-0.0201368126	0.0410598248	-0.048969429	0.0413587732	-0.0206399614	-0.006620433	0.0317825624	-0.0468715983	0.047105256	-0.0324094805	0.0074419176	0.0198842699	-0.0409083818	0.0489670838	-0.0415062691	0.0208905514	0.0063461704	-0.103065	-0.002453	6.017209000000053e-06	0.010622394225	-4.36571	-0.0057999999999998	19.0594238041	3.363999999999774e-05	-0.840573	-0.0161750000000001	0.000261630625	0.706562968329	-0.0263588	0.0004078999999999	0.00069478633744	1.6638240999999938e-07	-0.00249048	-0.00017214	6.202490630400001e-06	2.9632179600000107e-08	0.000851471	8.814e-06	7.25002863841e-07	7.768659600000002e-11	0.0	0.0	0.0	0.0	0.0	0.0	0.0	0.0	0.0	0.0	0.0	0.0	0.0	0.0	0.0	0.0	0.0	0.0	0.0	0.0	0.0	0.0	0.0	0.0	0.0	0.0	0.0	0.0	0.0	0.0	0.0	0.0	0.0	0.0	0.0	0.0	0.0	0.0	0.0	0.0	0.0	0.0	0.0	0.0	0.0	0.0	0.0	0.0	0.0	0.0	0.0	0.0	0.0	0.0	0.0	0.0	0.0	0.0	0.0	0.0	0.0	0.0	0.0	0.0	0.0	0.0	0.0	0.0	0.0	0.0	0.0	0.0	0.0	0.0	0.0	0.0	0.0	0.0	0.0	0.0	0.0	0.0	0.0	0.0	0.0	0.0	0.0	0.0	0.0	0.0	0.0	0.0	0.0	0.0	0.0	0.0	0.0	0.0	0.0	0.0	0.0	0.0	0.0	0.0	0.0	0.0
55432.936516055954	-118.34091162889672	3072810450.7930894	14004.571365158345	67590.17314746094	-325.8118681640626	4568431506.10375	106153.37343655652	55902.575030978	13.53149555730488	3125097895.094125	183.10137201736168	56091.86140060062	56828.88569827389	0.865357	19.824356	0.0619596000000003	0.0326945	0.0020474582	0.0128772338	0.0202269674	-0.013442724	-0.0173950273	0.0021472212	0.0131191456	-0.0262385111	0.0190568625	-0.0158069009	0.0366839172	0.01938835	0.018285164	0.0291835	0.0165938542	0.0765989791	-0.0149773583	0.013010901	0.0031041448	0.0562192606	-0.0201196618	0.0225989122	-0.0107141369	-0.0001475634	0.0250769294	-0.0083396318	0.0151565874	0.0154922968	-0.0021370107	0.0072841249	-0.0244889459	0.0590076411	-0.0148838558	0.0299608868	0.0719259324	0.0374174343	-0.0436898888	0.0302154386	-0.054970177	-0.0074589092	0.0155405216	0.0261841754	-0.0060354444	-0.0002994522	-0.0010604101	0.0339057573	-0.0057572557	0.0078818239	-0.049076778	-0.0329308718	-0.0605153191	0.0209496335	0.0013466364	-0.0172999565	0.0250469662	0.0214452829	0.023593134	-0.0279528284	0.0289332132	0.0364822281	0.0225042914	-0.0139292213	0.0139426701	-0.0336883687	0.030276741	-0.0061961733	-0.0353748386	-0.0333396513	-0.0339764893	0.0101365911	0.0305805568	-0.0378812598	-0.0345551278	-0.000634148	0.0469716587	-0.0606094965	-0.0080607805	-0.0111461154	0.0194569078	-0.0089046711	-0.0182972861	0.0210093642	-0.0226947035	0.0067829264	0.0017711613	-0.0044975099	-0.020538238	-0.0224184265	-0.0077456662	0.04579405	-4.36574e-05	0.0212904924	-0.0120516429	-0.0074617197	-0.0039163782	-0.0596130359	-0.0204375429	0.0378389743	0.0549086875	-0.016907901	0.0602014709	0.0456078389	0.0857255282	-0.0347976827	0.0097639477	-0.0023347304	-0.0371094861	-0.0137008967	-0.0007528393	-0.0072450621	-0.0047216518	-0.0294733231	0.0111861295	-0.0012970829	-0.0587816393	0.0171458776	-0.0210965043	0.016003055	0.0094655794	-0.0246565591	0.0076093606	-0.0165253609	0.0140806954	0.0036275011	-0.0006431524	-0.0342912193	0.0544077529	-0.0209765359	0.0344614998	0.0684823843	0.0356936099	0.0432799339	0.0388589955	-0.0485906704	0.0040194737	-0.0231512608	-0.0289267005	-0.0048629133	-0.0043480115	0.0022881702	-0.0273486591	0.0065274558	-0.016450824	0.0542013883	0.032972552	0.0451326092	-0.0433668096	0.0098344083	-0.0100780623	-0.0206069497	-0.0311706833	0.0099425881	-0.0378836903	0.0145330544	-0.0439154938	-0.0085890877	0.0171841026	-0.0123140236	0.0191213887	0.0252891027	0.0157861531	0.015382945	0.0488380686	0.0322652977	-0.0105096671	-0.0128809042	0.0406039912	-0.0231836478	-0.0157324218	0.0458820436	-0.0669959293	-0.0287686891	-0.001678626	0.0259400335	-0.0013785195	0.0126588374	0.0234604599	-0.0190830366	0.0077520594	-0.0005080253	-0.0139955686	-0.0105873955	0.0510541704	0.0092104749	0.0023850799	-0.0269983046	0.0261897643	-0.0076822519	-0.0102593973	-0.0009292631	-0.0657172979	0.0104086368	-0.0159149861	0.0169115685	-0.0868336753	0.0095611258	-0.0434977695	0.0031831803	-0.0749376325	0.0225890363	-0.0106373912	-0.0228857524	-0.0240111151	-0.0175736862	-0.0053178867	-0.0061349811	-0.005607251	0.0111259925	0.0417726068	0.0052014562	-0.0697572901	0.026723528	-0.0342627304	0.0046193647	-0.0057579571	0.0199836021	6.3012e-06	0.0197962056	0.0286378948	-0.0013051148	0.0191276073	-0.0427339476	-0.0443834579	0.0018718067	0.0203871206	0.0188780304	-0.0163490967	0.0108374982	0.0170537886	0.0158063244	0.011148738	-0.0185613288	-0.0413093142	0.020723565	0.0063461704	-0.0314303169	0.04668055	-0.0473253789	0.0331630496	-0.0086246698	-0.0186121956	0.0400256797	-0.0489159345	0.0425013783	-0.0227889965	-0.0040536034	0.0296279125	-0.0459322442	0.0478653016	-0.0348222698	0.0108840509	0.0164595684	-0.0386533201	0.0487532262	-0.0435992294	0.0248039116	0.0017520508	-0.0950424	0.0080226	6.436211076000008e-05	0.00903305779776	-4.38468	-0.0189700000000003	19.225418702400003	0.0003598609	-0.8248689999999999	0.0157040000000001	0.000246615616	0.6804088671609998	-0.0266023	-0.0002434999999999	0.0007076823652899	5.9292249999998636e-08	-0.0024819	8.58000000000022e-06	6.15982761e-06	7.361640000000375e-11	0.000984651	0.00013318	9.69537591801e-07	1.7736912399999997e-08	0.0	0.0	0.0	0.0	0.0	0.0	0.0	0.0	0.0	0.0	0.0	0.0	0.0	0.0	0.0	0.0	0.0	0.0	0.0	0.0	0.0	0.0	0.0	0.0	0.0	0.0	0.0	0.0	0.0	0.0	0.0	0.0	0.0	0.0	0.0	0.0	0.0	0.0	0.0	0.0	0.0	0.0	0.0	0.0	0.0	0.0	0.0	0.0	0.0	0.0	0.0	0.0	0.0	0.0	0.0	0.0	0.0	0.0	0.0	0.0	0.0	0.0	0.0	0.0	0.0	0.0	0.0	0.0	0.0	0.0	0.0	0.0	0.0	0.0	0.0	0.0	0.0	0.0	0.0	0.0	0.0	0.0	0.0	0.0	0.0	0.0	0.0	0.0	0.0	0.0	0.0	0.0	0.0	0.0	0.0	0.0	0.0	0.0	0.0	0.0	0.0	0.0	0.0	0.0	0.0	0.0
55407.98137325799	-24.955142797960438	3070044399.859305	622.7591520665965	67709.53744726563	119.36429980468527	4584581461.322666	14247.836067862792	55885.60891221893	-16.966118759068195	3123201283.489484	287.8491857468057	56095.60606156339	56700.593833388295	0.865819	19.834929	0.1222420999999999	0.066066	0.000607948	0.0208637745	0.0254860647	-0.0049766337	-0.0297057256	0.0384096702	0.0236988739	0.0331182012	0.0255820394	0.007911539	0.0237667026	0.0107146801	0.0632258354	0.0004085452	0.021052939	0.0804199087	-0.0060752558	0.0245461903	0.04418228	0.032265176	0.0275080176	-0.0226836169	-0.0019835871	-0.0191646401	-0.0288389997	-0.0106400953	-0.0028580454	0.0138115504	-0.0257258479	-0.0030860859	0.025529155	0.0112252541	-0.0241075925	-0.0226879166	0.0386313139	-0.0170115278	0.009716198	-0.034032317	-0.0101782836	0.0068071174	0.034073963	-0.0236424881	-0.0197319961	-0.0008890178	-0.0424202718	0.0523504945	0.0279785709	0.0479003561	-0.0266187905	0.0249995788	0.0463070279	0.0574342293	-0.021715924	-0.0350736374	0.0260350612	-0.0187609586	0.0872686762	-0.021267864	-0.0333888676	-0.002007725	-0.0169626491	-0.0024023604	0.0054204197	0.0113819519	0.0499404897	0.0726748302	0.0238891751	0.0093324014	-0.0011643616	0.0207192984	-0.0005654935	0.0450324036	-0.0164706192	-0.0227990831	0.0361168129	-0.0172727586	0.0362852115	-0.0072542722	0.0087526325	-0.0329148151	-0.0003609928	0.0304624072	0.0371510183	-0.0251968439	0.066649228	-0.0283909144	-0.0333959584	-0.0325149692	0.0495172233	-0.0010357377	-0.0041052108	0.0030410499	-0.0478835595	0.081647694	0.0486306245	0.056575147	-0.0402271443	-0.0102803601	-0.019639296	-0.0138078499	-0.0171970987	0.021159418	-0.0260438377	0.0249564369	-0.0059462292	0.0442040341	-0.0082279765	-0.0257694301	-0.0141661554	-0.0183904075	-0.0141252816	0.026906038	0.0200081072	-0.0468113247	-0.0362557078	-0.028546414	0.0207572919	-0.0054675247	-0.030990138	0.0246475356	0.0094776602	0.0024320723	0.0170527068	-0.0192624419	-0.0044844109	0.0231258587	0.0145137006	-0.0251478292	-0.0196268338	0.0397264874	-0.0167943088	-0.0110069174	-0.0272282769	-0.0110937418	-0.0021948237	-0.0327704517	0.0133645619	0.0217048817	-0.0309811604	0.0376716609	-0.0656220982	-0.0102387209	-0.0474906732	0.0131005573	-0.0277609957	-0.0370222633	0.0116670523	0.0715013595	-0.0285089256	-0.0313446915	0.0313430708	0.0144889885	-0.0825415587	-0.0302192307	0.0036578873	0.0036408767	-0.0119103547	-0.0175556898	-0.0252036198	0.0583886351	-0.0634518852	-0.025665969	-0.0180902412	0.0054693568	0.0164709561	-0.0081642431	-0.0412050241	-0.0144926194	-0.0208137032	0.0411952605	-0.0339008134	0.040323232	-0.0020568351	0.0260319739	-0.0228718605	0.0191784468	0.018152551	0.0279744404	0.0044528711	0.0679654639	-0.0074791796	-0.0283738072	0.0266262147	0.0411797059	-0.0406350735	0.0081829614	0.0168953096	0.0530206198	0.0799342171	-0.0531527737	0.0194307745	-0.0461599375	0.0083548146	-0.0111649404	0.0442885678	0.0110781612	-0.012725875	-0.0266219457	0.0286203667	0.0259544531	-0.0355632151	-0.018960912	0.0226517791	-0.0095064064	0.0242766529	0.0373803618	0.0208347184	0.0250608966	0.0491630712	0.0028613967	-0.0832915771	0.0330243232	-0.0408450699	-0.0154776244	0.0113844586	-0.0135468078	0.0103807694	0.0052977936	-0.0003495208	-0.0144152037	0.0271577248	0.0122975204	-0.034333185	-0.0431751865	0.0006566165	0.0310275492	-0.031997858	0.0014284925	0.0327476176	-0.0260776741	-0.0140734277	0.0377786643	-0.0414080854	0.0210572413	0.0057970462	-0.0308609395	0.0463935571	-0.0475977133	0.0341015091	-0.0100731925	-0.0170661886	0.0389347468	-0.0487784667	0.0435571555	-0.0248833938	-0.0014755028	0.0273786964	-0.044826091	0.0484291295	-0.0370750283	0.0142704553	0.0129414898	-0.0361565084	0.0482047363	-0.0453651274	0.0285146833	-0.0028575952	-0.100214	-0.0051715999999999	2.6745446559999982e-05	0.010042845796	-4.42593	-0.0412499999999997	19.5888563649	0.0017015624999999	-0.8309419999999998	-0.0060729999999999	3.688132899999994e-05	0.6904646073639997	-0.0274712	-0.0008689	0.00075466682944	7.54987210000004e-07	-0.00221831	0.00026359	4.9208992561e-06	6.947968810000009e-08	0.0007221909999999	-0.0002624600000001	5.215598404808555e-07	6.888525160005252e-08	0.0	0.0	0.0	0.0	0.0	0.0	0.0	0.0	0.0	0.0	0.0	0.0	0.0	0.0	0.0	0.0	0.0	0.0	0.0	0.0	0.0	0.0	0.0	0.0	0.0	0.0	0.0	0.0	0.0	0.0	0.0	0.0	0.0	0.0	0.0	0.0	0.0	0.0	0.0	0.0	0.0	0.0	0.0	0.0	0.0	0.0	0.0	0.0	0.0	0.0	0.0	0.0	0.0	0.0	0.0	0.0	0.0	0.0	0.0	0.0	0.0	0.0	0.0	0.0	0.0	0.0	0.0	0.0	0.0	0.0	0.0	0.0	0.0	0.0	0.0	0.0	0.0	0.0	0.0	0.0	0.0	0.0	0.0	0.0	0.0	0.0	0.0	0.0	0.0	0.0	0.0	0.0	0.0	0.0	0.0	0.0	0.0	0.0	0.0	0.0	0.0	0.0	0.0	0.0	0.0	0.0
55422.53017424596	14.548800987970026	3071656850.915204	211.6676101875576	67776.78274902343	67.24530175780819	4593692279.808321	4521.930608498682	55857.14066466695	-28.468247551980312	3120020163.23239	810.441118680833	56056.98364095207	56754.912750799005	0.804918	18.439758	0.0871683000000005	0.053109	0.0012591709	0.0149258712	0.0227562834	-0.0059262413	-0.0248573183	0.0329307071	0.013104362	-0.0079771349	0.0243224664	0.0654906885	0.0080092574	0.0106930628	0.023927116	0.0192367269	-0.0150282784	0.0855710614	-0.0257020329	0.0421472032	0.0372466631	0.0245742457	0.0365953521	0.0133388683	-0.0265645465	-0.0350506201	0.0339229397	0.0071146455	0.0361625063	-0.0342266261	-0.0238624311	0.0177363838	0.0437434466	0.0314437265	-0.0264358568	9.24325e-05	-0.0379054547	0.0312601788	0.0199096494	0.1067995374	-0.0407361091	0.0193799148	-0.0249389331	-0.0072224651	0.0021139189	0.0167096481	-0.0355095985	0.012141864	-0.0396016185	0.0298032016	-0.0362862962	0.0470140421	-0.0160377254	-0.0256430705	-0.0191969943	0.0011668358	0.0321492582	-0.0046443527	0.047848632	-0.0108342281	0.0010596354	0.0502982547	0.0360033991	0.0273633039	-0.0061686766	0.0379487743	-0.0491329729	0.0186740996	0.0280241151	-0.0449912457	-0.0041827476	0.0495569952	0.0200755374	-0.0472432477	0.0246571133	0.0203393244	0.0240400271	-0.0239314193	0.0676981941	0.0036211388	-0.0139843585	0.0083751296	0.0114356044	0.0178865705	0.0075595455	-0.0290879525	-0.0697845047	-0.0702888244	0.026103608	-0.0020240122	-0.0253404009	0.0282041326	-0.0699003968	0.0465601435	0.0060405078	0.0035823132	-0.0498237742	0.0232256298	0.025352248	0.0198110513	0.0172854941	0.0156405695	0.035344264	0.0727800068	-0.0185136812	0.0070924197	-0.0179744773	-0.0344696919	0.0408330093	-0.0014486531	0.0679961603	-0.017377937	-0.0557477708	0.007448099	0.0390232551	-0.0404093852	-0.0260824852	-0.0368680434	-0.014038406	0.0245792378	-0.0259817526	-0.0399980004	-0.0084285269	-0.0319937912	-0.0280761953	-0.0335381729	0.0139150752	0.034516997	0.0342214467	-0.0327286317	-0.0083436785	-0.0370242859	0.0380532164	-0.0270602373	0.1083254799	-0.0398041943	-0.0134365836	0.0273428235	0.0032226888	0.0081191708	-0.0054663853	0.0264997611	-0.0115857204	0.0428014243	-0.0108909242	0.0423363078	-0.0506182842	0.0385030828	0.0368053899	0.0129924142	0.007692633	-0.0293613279	0.0071037994	0.0088100542	-0.0362932696	0.005377917	-0.0455416417	-0.0106474405	-0.0286953772	0.0221317111	-0.0155457655	-0.061589321	-0.0230219218	-0.0487828158	0.0384350847	0.0089333984	0.0316970952	-0.0313477017	0.0448397748	0.0253236886	0.0163564964	0.0193331537	-0.0547505602	0.054581974	0.0030929323	-0.0225952285	-0.009313789	0.0128025525	0.0058261271	0.0219370949	-0.0365225083	-0.0437674181	-0.0726799913	-0.0210244698	-0.0256693115	-0.0528771996	-0.0145531842	-0.0657690484	0.0290272984	0.0248395529	-0.0248803994	0.0400811588	0.0465650981	-0.0124555466	-0.0166323868	0.0089729127	-0.055553344	-0.0134736817	-0.0627955911	-0.0231129615	0.0283997938	-0.0236369557	0.0306394138	0.0247887957	0.0533942023	0.012035786	-0.0186366839	-0.0622465488	0.0563840458	-0.0218004217	0.04618737	0.0014868435	-0.083063682	0.0288696905	-0.038981712	-0.0058779478	0.0021929139	0.0133000216	-0.0004200173	0.0261868808	-0.0138609874	-0.0042024402	0.0290810428	0.022378691	-0.0364870018	0.0452661596	-0.0004957429	0.0211720091	-0.0148698613	-0.004269398	0.0218267148	-0.0138650016	0.0055636524	0.0079487784	-0.0415062691	0.0213897225	0.0052471816	-0.0302845558	0.0460901072	-0.0478457346	0.0350162597	-0.0115125682	-0.0155005685	0.0377885739	-0.0485572616	0.0445239479	-0.026918132	0.0011067004	0.0250420933	-0.0435571555	0.0487944286	-0.0391574033	0.0175837917	0.0093499925	-0.0334335625	0.0473253789	-0.0467907162	0.0319925587	-0.0074419176	-0.101849	-0.0016349999999999	2.673224999999992e-06	0.0103732188009999	-4.39082	0.0351100000000004	19.2793002724	0.0012327121	-0.833751	-0.0028090000000001	7.890481000000969e-06	0.6951407300010001	-0.0267944	0.0006768	0.00071793987136	4.580582400000023e-07	-0.00212409	9.42199999999999e-05	4.5117583281e-06	8.87740839999998e-09	0.000903457	0.000181266	8.16234550849e-07	3.2857362756036255e-08	0.0	0.0	0.0	0.0	0.0	0.0	0.0	0.0	0.0	0.0	0.0	0.0	0.0	0.0	0.0	0.0	0.0	0.0	0.0	0.0	0.0	0.0	0.0	0.0	0.0	0.0	0.0	0.0	0.0	0.0	0.0	0.0	0.0	0.0	0.0	0.0	0.0	0.0	0.0	0.0	0.0	0.0	0.0	0.0	0.0	0.0	0.0	0.0	0.0	0.0	0.0	0.0	0.0	0.0	0.0	0.0	0.0	0.0	0.0	0.0	0.0	0.0	0.0	0.0	0.0	0.0	0.0	0.0	0.0	0.0	0.0	0.0	0.0	0.0	0.0	0.0	0.0	0.0	0.0	0.0	0.0	0.0	0.0	0.0	0.0	0.0	0.0	0.0	0.0	0.0	0.0	0.0	0.0	0.0	0.0	0.0	0.0	0.0	0.0	0.0	0.0	0.0	0.0	0.0	0.0	0.0
55370.55691121778	-51.973263028179645	3065898572.658408	2701.2200697963453	67115.14444335937	-661.6383056640625	4504442613.652992	437765.2475220114	55811.356694647606	-45.78397001934354	3114907536.097186	2096.1719107321483	55996.55808270397	56147.986319326425	0.909862	20.843922	0.0626062500000001	0.0278968	0.0043711255	0.0121645437	0.0257062227	-0.0128146285	-0.0326622614	0.0121661116	0.0164735163	-0.0190456324	0.0339613502	-0.0497487191	-0.0196715507	0.007550554	0.0650904886	0.0001997757	-0.0079604853	0.0867080894	0.0168729956	0.0740748065	0.0171129711	0.02491847	0.011890556	-0.0033605743	-0.0113368846	-0.0016096949	0.0116692021	0.0472700181	0.0400474926	-0.0005569358	-0.0124077737	-0.0100764883	-0.0022395408	0.0502068216	-0.0439720301	-0.0148797897	0.0128280593	-0.0462914115	-0.013064938	-0.0162061879	-0.0369714246	-0.0295144224	-0.0023902793	-0.0443173834	0.0118734638	-0.0339802177	0.0149811227	0.0463339179	0.0308370378	-0.0453806809	0.010927436	0.0229686989	0.0438435567	-0.0312282991	-0.0109197727	0.0236119102	0.0681947768	-0.0152964083	-0.0167902898	0.0208615672	0.0198272781	0.0325712955	-0.0144732954	0.0220474887	0.0186530127	0.0410458104	-0.0032264841	0.0140613145	-0.0065073705	0.0526175027	-8.45439e-05	-0.0014687767	0.0171496024	0.0357129682	-0.0205435046	-0.0236232456	0.0158291222	-0.0255228952	0.0285684988	0.0036229101	-0.0341564325	0.017267471	0.0155311499	0.0194052012	0.0269226542	0.0045157908	-0.0261717575	-0.0565304768	0.0506816411	-0.0222052633	-0.0636531314	-0.0302823174	-0.0033747126	-0.0111295487	0.0099477604	0.0047813768	0.00484259	-0.0130957577	0.0148035212	0.0142890341	0.0354208501	-0.0066214246	0.0187670438	-0.0172900471	0.0318872435	0.0710247783	-0.0241664443	-0.0134366707	-0.0420488093	0.0100948937	-0.0029515428	0.0256171243	0.0377540169	-0.0023545947	0.0733682314	-0.0188035573	-0.0267347627	-0.0132301819	0.002778794	0.0127074166	0.0043963885	-0.0099528514	-0.0469636578	-0.0420682899	-0.0008171719	-0.0114895153	-0.0136833149	-0.0077809361	0.0479550412	-0.0439881479	-0.0115784844	0.01159232	-0.0469169349	0.0142783718	-0.0134672125	-0.0389474416	0.0189818518	-0.0046502553	0.0374724342	-0.0189529915	0.0132785984	-0.0216816232	-0.0509164383	-0.0579905529	0.0350916917	-0.0031342639	-0.0120620809	-0.0138153756	0.0642751511	-0.000423551	0.0330797224	-0.0516000806	0.006929962	0.0383121574	0.0237592857	0.0229494793	-0.0197924439	0.0303686493	-0.0320957635	0.0008485546	-0.0117275453	-0.0104756027	-0.011668014	0.0287825261	-0.0463667499	0.0047945253	0.0093017753	-0.0064440393	-0.0270194193	-0.0207779285	-0.0301957265	0.0238512966	-0.0244621942	0.019027879	-0.0109134047	-0.0341471378	-0.0021971471	0.0021856941	0.0109534992	0.0445329524	-0.0001360269	-0.0277219717	-0.0536121334	0.0019937135	0.0127709756	-0.0750839662	0.0334122672	0.027166237	-0.0038009086	0.0180581652	-0.0049456515	-0.011585074	-0.0084285863	0.0067357685	0.0133976399	0.0269052373	-0.0328482059	0.0021766239	0.048110424	-0.0685453133	-0.0181018821	-0.0075534052	0.0166547475	-0.0276099933	-0.0106586734	-0.0092001323	-0.0346777993	0.0204813872	-0.0415698717	0.0219342135	0.0454961896	-0.00466425	-0.0795651781	0.0234604305	-0.0360726029	-0.0055849469	0.0206446919	0.0047726247	0.0226313289	0.012867384	0.029327031	0.0041286898	0.0336346255	-0.0494591464	-0.0490454854	-0.0037677272	0.0024917647	0.0039550581	-0.0239033281	-0.034748443	-0.0060687872	-0.0106886553	-0.0004311614	0.0249431067	-0.0416038638	0.0217209896	0.004696647	-0.0297012967	0.0457703078	-0.0480693164	0.0359066654	-0.0129414898	-0.0139171345	0.0365887872	-0.048252699	0.0453997805	-0.0288883326	0.0036858265	0.022625561	-0.0421300458	0.0489597013	-0.0410598248	0.0208070951	0.0057054516	-0.0305015125	0.0461211897	-0.0478653016	0.0352091317	-0.0119602904	-0.0910147	0.0108342999999999	0.0001173820564899	0.00828367561609	-4.39586	-0.0050400000000001	19.3235851396	2.540160000000157e-05	-0.818374	0.0153769999999999	0.0002364521289999	0.6697360038760001	-0.0263772	0.0004171999999999	0.00069575667984	1.740558399999996e-07	-0.0023303	-0.00020621	5.43029809e-06	4.252256410000003e-08	0.000899768	-3.688999999999971e-06	8.09582453824e-07	1.3608720999999784e-11	0.0	0.0	0.0	0.0	0.0	0.0	0.0	0.0	0.0	0.0	0.0	0.0	0.0	0.0	0.0	0.0	0.0	0.0	0.0	0.0	0.0	0.0	0.0	0.0	0.0	0.0	0.0	0.0	0.0	0.0	0.0	0.0	0.0	0.0	0.0	0.0	0.0	0.0	0.0	0.0	0.0	0.0	0.0	0.0	0.0	0.0	0.0	0.0	0.0	0.0	0.0	0.0	0.0	0.0	0.0	0.0	0.0	0.0	0.0	0.0	0.0	0.0	0.0	0.0	0.0	0.0	0.0	0.0	0.0	0.0	0.0	0.0	0.0	0.0	0.0	0.0	0.0	0.0	0.0	0.0	0.0	0.0	0.0	0.0	0.0	0.0	0.0	0.0	0.0	0.0	0.0	0.0	0.0	0.0	0.0	0.0	0.0	0.0	0.0	0.0	0.0	0.0	0.0	0.0	0.0	0.0
55563.4407824077	192.88387118991523	3087295951.5801272	37204.18776520781	67565.50147363282	450.35703027344425	4565096989.383478	202821.454716716	55905.30396216151	93.94726751390408	3125403011.101671	8826.089073329056	56087.77441870837	56625.80157867036	0.959274	21.975885	0.0710798000000002	0.039491	4.74928e-05	0.0119563403	0.0244443682	0.0021412174	-0.000931383	0.0381086853	-0.02604017	0.0402122214	0.0346623522	-0.0014851296	-0.022544521	0.0421104258	0.0480696262	0.0124986012	-0.0718445935	0.0899630675	0.0070356369	0.0620500204	0.0422331204	-0.0010598268	0.0232319956	-0.0438583454	-0.0528087016	-0.0015692392	0.0382034356	0.0122103714	0.0554267047	-0.0235604645	0.0092362637	0.0217903374	0.0464696625	0.0660788106	-0.0590933029	-0.0399096339	0.0038722444	0.0239888407	-0.0125859826	0.0005037635	-0.0247712452	0.0402880997	0.0245364135	0.0408798783	0.0246400846	-0.0079223059	0.0294018061	0.0005464623	0.0102514567	-0.0188344687	-0.0129163567	0.04374982	-0.0012884014	-0.0346674164	-0.0298282567	-0.0370125541	-0.0108491493	0.0400647292	-0.0124323513	0.0113544159	-0.0217036235	-0.0696475445	0.0254648269	0.0388778388	-0.033586757	0.0479390055	0.0144922568	-0.0421378978	0.0446818897	-0.0458570597	-0.0097068774	-0.0257708966	0.0302875766	0.0456278806	0.0315635549	0.0533229186	0.0123812068	0.0681907028	-0.0341727314	-0.0129255081	0.0216894504	0.0328197324	0.0248626089	-0.0447861478	-0.0099113608	0.0002151834	-0.0375013098	-0.0211689842	0.0295909748	-0.043773589	-0.0065527829	-0.0048578212	-0.0400996264	-0.0254746757	-0.012786499	0.0106646886	-0.0127514887	0.0349477324	-0.0724217115	0.0384888644	-0.0204911419	0.0434005001	0.0398578395	0.0055431515	-0.0501082322	0.0432155037	0.0060429069	-0.0343152085	-0.00482252	-0.0860596451	-0.0175098933	0.0069686111	0.016085453	-0.0372394143	0.0615777777	-0.047745007	0.0021905706	-0.0239581705	0.0425861654	0.0576246422	0.0104080975	-0.0328729738	-0.0106535417	-0.0558534224	-0.0276730173	0.0040960981	0.0198095441	0.0334829261	0.0685629999	-0.0637907841	-0.0398940651	0.0059378873	0.0235363609	0.0125102737	0.003402127	-0.01577049	-0.045029621	-0.027756726	-0.0361018296	-0.0036057667	0.025916407	-0.020562299	0.0091067043	-0.0153200445	0.0099233301	0.0107463157	-0.0364758574	0.0254528144	0.0367340994	0.0013416916	-0.0410159973	0.007254293	-0.0079615909	-0.0362887991	0.0080299039	0.0053064266	0.0631760404	-0.0467647142	-0.0509032526	0.0475751643	-0.0240100884	0.0016694252	0.031757569	-0.0516972803	0.0192802932	-0.0201417604	-0.0481478853	-0.0193863764	-0.0442744654	-0.0133664633	0.0695527876	0.0072362884	0.065378625	-0.0286264753	0.0358511256	0.0114706668	0.031236352	-0.0154631331	-0.0388406487	0.0032136444	-0.0051811077	-0.0287465692	-0.0374049967	0.0142685658	0.0211065909	-0.0499209441	-0.0251827015	-0.0159845877	-0.0302658245	0.0031031991	0.0242021055	-0.0102300355	0.0151772244	-0.0658261221	-0.0520381717	-0.0239359606	-0.0251833516	-0.0537035425	-0.0008462655	-0.0233558663	0.045555321	0.021875221	0.0490795868	0.0025311363	0.0346960997	-0.0746833769	0.0257809264	0.0243210356	-0.0467255126	-0.0349529353	0.042822656	-0.0006530898	-0.0859365433	0.0200620808	-0.0534268475	0.0098077993	-0.0106530227	0.0416315643	0.0081192078	0.0194930025	-0.0065337767	0.0158592236	0.0282292535	0.0084755838	-0.0394450209	-0.0265053928	-0.0121952768	-0.0105994094	-0.0055602756	-0.0272967482	-0.0050942803	-0.0152800594	0.0189344263	0.0341087954	-0.0417008682	0.0220510239	0.0041455125	-0.0291112946	0.0454342724	-0.0482683442	0.036772107	-0.0143586597	-0.0123177063	0.0353370889	-0.0478653016	0.0461828639	-0.030789272	0.0062547041	0.0201368126	-0.0405499443	0.04892427	-0.04277355	0.0239238614	0.0020285429	-0.0273786964	0.044600434	-0.0485808224	0.0381381307	-0.0163726724	-0.0896901999999999	0.0013245000000001	1.7543002500002735e-06	0.0080443319760399	-4.40315	-0.0072900000000002	19.3877299225	5.314410000000351e-05	-0.844603	-0.0262289999999999	0.0006879604409999	0.713354227609	-0.0260193	0.0003579	0.0006770039724899	1.280924100000009e-07	-0.00202525	0.0003050499999999	4.1016375625000005e-06	9.305550249999993e-08	0.0008379919999999	-6.17760000001e-05	7.022305920638324e-07	3.816274176012356e-09	0.0	0.0	0.0	0.0	0.0	0.0	0.0	0.0	0.0	0.0	0.0	0.0	0.0	0.0	0.0	0.0	0.0	0.0	0.0	0.0	0.0	0.0	0.0	0.0	0.0	0.0	0.0	0.0	0.0	0.0	0.0	0.0	0.0	0.0	0.0	0.0	0.0	0.0	0.0	0.0	0.0	0.0	0.0	0.0	0.0	0.0	0.0	0.0	0.0	0.0	0.0	0.0	0.0	0.0	0.0	0.0	0.0	0.0	0.0	0.0	0.0	0.0	0.0	0.0	0.0	0.0	0.0	0.0	0.0	0.0	0.0	0.0	0.0	0.0	0.0	0.0	0.0	0.0	0.0	0.0	0.0	0.0	0.0	0.0	0.0	0.0	0.0	0.0	0.0	0.0	0.0	0.0	0.0	0.0	0.0	0.0	0.0	0.0	0.0	0.0	0.0	0.0	0.0	0.0	0.0	0.0
55582.55755064703	19.11676823932794	3089420703.870989	365.4508279161775	67880.65406054688	315.1525869140605	4607783195.687639	99321.15303862448	55849.97779784212	-55.32616431939096	3119220020.019458	3060.9844582962487	56032.36791225619	56919.65904398336	0.904272	20.715851	0.1115552000000002	0.0505734	-0.0013376994	0.004376142	0.0223101189	0.0015291543	0.003710711	0.0371953558	-0.0486297985	-0.0137191409	0.0540136122	0.0296121828	-0.0597692715	-0.001634751	0.0597341069	-0.0356662829	-0.0242665566	0.0836607773	-0.0274755529	0.0708497615	0.0195637787	-0.0506624647	0.009465109	-0.0081546705	-0.0316639211	0.0144267968	0.000997315	0.0363197178	0.0406829585	-0.013088776	-0.0767736385	-0.006778483	0.0642145627	0.0278121049	-0.0299258025	-0.0043837314	0.0836167259	-0.0195878154	-0.0113842718	0.0136354382	0.0161394417	0.0682747922	-0.0003080093	0.003404965	-0.0246016757	0.0700618914	0.0215467802	-0.0338634442	0.0087276471	0.0851313341	0.0387765108	0.0074669613	0.0080828333	-0.0149479253	-0.0287419199	-0.0361637737	-0.0612995424	0.0346846432	-0.0134128815	0.0040519623	-0.0439398948	-0.0285309795	0.0188705179	-0.0245393688	0.0338418039	0.0378876603	-0.0336190807	-0.0380702096	-0.0245258163	0.0118096729	-0.0140244436	0.0083384413	0.0116704771	0.0414355427	0.0349583429	0.0207189298	-0.0084848285	0.0152201354	0.0139659466	0.0145111657	0.0116056214	0.0001499008	-0.0478915979	0.0157152068	0.0029974316	0.0199508058	-0.0075822294	0.0374157257	0.0035614705	0.0210725118	0.0169509727	0.0647126688	0.018713687	-0.0278342334	0.0119838113	-0.0102973664	0.0021306954	-0.0557246322	-0.0156678603	0.0159231781	-0.0099594787	-0.0158017707	-0.0292187485	0.0066845158	0.0715294578	-0.0876843957	0.0406434893	0.0108339195	-0.0058470389	0.0080193074	0.0033849758	0.0174900702	-0.0002080956	0.0495664759	0.0730065468	-0.0231323165	0.0483383947	-0.0078760962	0.0039211436	0.0321279715	0.0083856012	0.0097970138	-0.0367445898	-0.0363372046	-0.0012352056	-0.0769173347	-0.0149605824	0.057645839	0.0411387026	-0.038473912	-0.0010515745	0.0846870332	-0.0168595536	0.0079701757	0.0214038997	0.0116549388	-0.0529850913	0.0130800513	-0.0063942432	0.0711285065	-0.039296931	-0.0150355503	0.0388950489	0.02774297	-0.0765226235	-0.0516864785	-0.0264224011	-0.0035145964	0.0193683292	-0.0018612558	-0.045167845	0.0336998597	-0.0070430063	-0.0664958629	0.0203311725	-0.0293526452	0.0172801019	-0.0353413885	-0.0250994969	-0.0338502916	-0.029293191	-0.0458671886	0.0392287152	0.0266474934	-0.003758753	0.0173953285	0.0029032809	-0.0163944509	-0.0381557326	0.0068512791	0.0384199964	-0.0098019377	0.0046721301	0.0254900089	-0.0121497919	0.0206818061	0.0205610589	-0.0150431734	0.0480218698	-0.0073681375	0.0126935987	-0.0215618889	0.0283438566	0.0335386428	0.0195565293	0.0413476366	0.0215237387	-0.0291055275	-0.0066603532	-0.0202273305	-0.0046629441	0.0079450109	-0.0598863881	0.017231068	-0.0103972893	0.009544537	0.0181430056	0.0156691423	-0.0334429657	0.0637849137	-0.0787061432	0.013024873	-0.0177899064	0.0028055022	-0.0269414326	0.0184426967	-0.0012469753	0.0169263863	0.0401728718	-0.0846590643	0.0454210268	-0.0023603643	-0.0968694694	0.0031190678	-0.0557545432	0.0028671236	0.0421070261	0.0085289299	0.0684448284	-0.0169945355	-0.0106538742	0.0580230711	0.0367432537	-0.0025220553	-0.0148740555	0.0389865912	-0.0491002225	-0.0277302523	0.0265152179	-0.031262489	0.0067757679	0.0056813172	0.0164604728	0.0018511094	-0.0417972809	0.0223798066	0.0035938487	-0.0285146833	0.0450821203	-0.0484427166	0.037611983	-0.0157627911	-0.0107041222	0.0340352549	-0.0473957345	0.0468715983	-0.0326163926	0.0088061905	0.0175837917	-0.0388225891	0.0486882801	-0.0442907033	0.026918132	-0.0016598739	-0.0240846454	0.04277355	-0.0489319113	0.0407556328	-0.0206399614	-0.104103	-0.0144128000000001	0.00020772880384	0.010837434609	-4.43709	-0.0339400000000003	19.687767668100005	0.0011519236	-0.8372199999999999	0.0073830000000001	5.450868900000206e-05	0.7009373283999998	-0.0258494	0.0001698999999999	0.00066819148036	2.8866009999999026e-08	-0.0014773	0.00054795	2.18241529e-06	3.002492025000002e-07	0.00123653	0.0003985380000001	1.5290064409e-06	1.588325374440797e-07	0.0	0.0	0.0	0.0	0.0	0.0	0.0	0.0	0.0	0.0	0.0	0.0	0.0	0.0	0.0	0.0	0.0	0.0	0.0	0.0	0.0	0.0	0.0	0.0	0.0	0.0	0.0	0.0	0.0	0.0	0.0	0.0	0.0	0.0	0.0	0.0	0.0	0.0	0.0	0.0	0.0	0.0	0.0	0.0	0.0	0.0	0.0	0.0	0.0	0.0	0.0	0.0	0.0	0.0	0.0	0.0	0.0	0.0	0.0	0.0	0.0	0.0	0.0	0.0	0.0	0.0	0.0	0.0	0.0	0.0	0.0	0.0	0.0	0.0	0.0	0.0	0.0	0.0	0.0	0.0	0.0	0.0	0.0	0.0	0.0	0.0	0.0	0.0	0.0	0.0	0.0	0.0	0.0	0.0	0.0	0.0	0.0	0.0	0.0	0.0	0.0	0.0	0.0	0.0	0.0	0.0
55543.4105621041	-39.1469885429251	3085070456.8704576	1532.4867119799092	67677.37998144531	-203.2740791015676	4580227761.152934	41320.35123459037	55943.39911750484	93.42131966272429	3129663904.8204417	8727.542967524912	56121.66841103711	57217.12744584517	0.943955	21.624947	0.1042609999999998	0.0750245999999999	-0.0015506708	0.014625221	0.0340567982	-0.0006752964	0.0225447167	0.0173831142	-0.0396136962	-0.0109694994	0.0517063282	-0.0498123484	0.0215388665	0.0260332995	0.046145691	0.0237999019	-0.0527786676	0.0862734225	0.002715159	0.0318656567	0.0362603547	-0.0130894188	0.0076131298	-0.0256188843	-0.0586154526	0.0071376765	0.047678577	0.0203279432	0.014707068	-0.0642824332	0.0207960207	-0.0070844844	0.011041622	0.0877507584	0.0311532999	-0.0331397368	-0.010342961	0.0054948523	-0.027762347	0.0435955109	-0.0046128382	0.072295863	-0.011540801	-0.0373442452	-0.0194685347	-0.0016076421	-0.0288518369	-0.0486718207	0.0590896174	0.0256774543	0.0359508535	-0.0136469424	0.0094281429	-0.0756668047	-0.0064943042	-0.0103667099	-0.008690489	0.0375536986	0.0196255908	-0.0035144638	0.008210478	-0.0027304475	-0.0297022392	-0.0241993665	-0.0300748874	-0.0411280693	0.0235417284	0.0175363367	0.0168093376	0.0166320645	-0.03017567	0.0195429549	-0.008553719	0.0340491686	0.008050986	-0.0370533839	-0.0015061211	-0.0478284035	-0.0535405476	-0.0075184619	-0.0004712075	-0.0064476607	0.0145296964	0.0735351406	0.0508835607	0.0560347222	-0.0326990345	0.0289615464	-0.0076855557	-0.0065513548	0.0081697618	0.0406927986	-0.014090687	-0.0448251437	-0.0029943043	0.0429393583	-0.0085168122	-0.0349430029	0.0473834429	-0.0325265484	0.000643408	0.0114843342	-0.0231111467	0.0140166813	-0.0461756244	-0.0096731833	0.0079349125	0.0171138237	0.0462449828	0.0189146119	-0.0421633623	0.0057029915	0.02829143	-0.0097007747	0.0323616186	-0.0387251224	0.0133577868	-0.0070698087	0.0256401209	0.0653648604	0.0179250407	-0.0356170909	-0.0174744703	-0.009301854	-0.0676834674	0.0096075654	-0.011096454	-0.0032226619	0.0875974422	0.0285700781	-0.0359456582	-0.0083940379	0.0059381933	0.0259649181	0.0464537677	0.0007810287	-0.0642686789	0.0150795604	0.0379984613	-0.0022440811	-0.0289638345	0.0403222526	0.0351679706	-0.0392736971	-0.0422179704	-0.045881232	0.0008495351	0.0109962601	0.0453101289	-0.0553777175	-0.0143645521	0.0086002873	-0.0326307217	-0.0280123322	-0.025871553	0.0032231563	0.0089252332	0.0224635772	0.037823146	0.0054717191	0.0119280695	0.0383923436	-0.0092058141	-0.0099986258	-0.022443832	0.0385863555	0.0112221227	-0.0110711232	-0.0487894967	0.0155420108	-0.0371519067	0.0007350764	-0.0226967737	-0.04802078	-0.0234839103	0.0001062479	-0.0227745337	0.0623605742	0.0396264583	0.0390478005	0.04802719	-0.0588233701	0.0275322925	0.0222438267	0.0266790757	0.025374255	0.00204179	-0.0445406546	-0.0254926709	0.0096668309	0.042741817	0.0117980179	0.0074383613	0.0586795849	0.0164275606	-0.0148932968	0.0157040191	-0.0041731233	-0.0055921951	0.0122102832	0.04774464	0.0089228864	-0.0059640869	0.0618377105	-0.0285748336	0.0064802882	0.0161296686	-0.0014798643	-0.0268734606	-0.0151166414	0.0611847483	-0.01462318	-0.1094074191	-0.0022342909	-0.0795130921	-0.0028904666	0.0047231895	0.0629665739	-0.005424961	0.0276471289	0.0185447642	0.0597480872	0.0175539236	-0.027021021	-0.0049407126	-0.0097932707	0.0145001295	0.0226031768	-0.0085829934	-0.0188768942	0.0295093927	-0.0371511145	0.0274768699	0.0243518915	-0.0418931005	0.022707319	0.0030417259	-0.0279115985	0.0447139763	-0.0485923444	0.0384257095	-0.0171526089	-0.0090782364	0.0326851323	-0.0468448038	0.0474645768	-0.0343653138	0.0113331913	0.014974647	-0.0369542528	0.048252699	-0.0456043123	0.0297745756	-0.0053388741	-0.0206399614	0.040653077	-0.0489159345	0.0430402594	-0.0247243413	-0.103712	0.000391	1.528810000000019e-07	0.010756178944	-4.43017	0.00692	19.6264062289	4.788640000000052e-05	-0.817874	0.0193459999999998	0.0003742677159999	0.6689178798759999	-0.0271135	-0.0012640999999999	0.00073514188225	1.5979488099999928e-06	-0.0015704	-9.310000000000004e-05	2.46615616e-06	8.667610000000008e-09	0.00104165	-0.0001948799999999	1.0850347225e-06	3.7978214399999973e-08	0.0	0.0	0.0	0.0	0.0	0.0	0.0	0.0	0.0	0.0	0.0	0.0	0.0	0.0	0.0	0.0	0.0	0.0	0.0	0.0	0.0	0.0	0.0	0.0	0.0	0.0	0.0	0.0	0.0	0.0	0.0	0.0	0.0	0.0	0.0	0.0	0.0	0.0	0.0	0.0	0.0	0.0	0.0	0.0	0.0	0.0	0.0	0.0	0.0	0.0	0.0	0.0	0.0	0.0	0.0	0.0	0.0	0.0	0.0	0.0	0.0	0.0	0.0	0.0	0.0	0.0	0.0	0.0	0.0	0.0	0.0	0.0	0.0	0.0	0.0	0.0	0.0	0.0	0.0	0.0	0.0	0.0	0.0	0.0	0.0	0.0	0.0	0.0	0.0	0.0	0.0	0.0	0.0	0.0	0.0	0.0	0.0	0.0	0.0	0.0	0.0	0.0	0.0	0.0	0.0	0.0
55401.68421888349	-141.72634322060912	3069346614.288884	20086.3563626859	67321.50871972657	-355.87126171874115	4532185536.3002205	126644.35491728876	55836.74717986884	-106.6519376360011	3117742335.628591	11374.635801513468	56025.177065369295	56638.68803409725	1.005103	23.025782	0.1479254999999992	0.109917	-0.0011045317	0.0057902558	0.0292038229	0.0057549699	0.0120005415	0.0391278617	-0.0123418086	0.0104513615	0.0444515174	0.0121332486	-0.0273186307	-0.000930829	0.0257454404	-0.0141635686	0.0012294604	0.11317496	0.017706185	0.0582644521	0.0494104549	-0.00167228	0.0179283619	-0.0152349409	-0.0302842484	-0.0276670812	-0.0807177579	-0.0462646765	0.0502643565	-0.0016217196	-0.0033042367	-0.0258608802	0.0714881518	0.0708424434	-0.061118647	-0.0215328295	0.0476417088	-0.0057347636	-0.049257871	0.0149675463	-0.0469018584	0.0555858923	-0.0063492948	-0.0371986786	-0.0335100839	0.0407871245	0.1123588347	0.0039853991	0.0364108609	0.0290830147	-0.0227329876	0.0270083427	0.0543471201	0.0176933898	0.009114668	0.0297910134	-0.0344881235	0.0337022736	0.0146031441	0.0094671845	0.0078556925	-0.0038384479	0.0339300191	-0.0014439583	-0.0145657382	0.0214824824	0.0229281163	-0.0124875624	-0.0281941573	0.0150430331	0.0093086779	0.0126358458	0.0519642466	-0.0494410794	0.0161078271	0.0291969877	-0.0107280414	0.0482078656	-0.0205251922	-0.0166324809	0.0309918549	-0.0293980155	-0.0166700482	0.0240903887	-0.0900398851	0.0315454996	-0.0336792593	-0.0177608368	0.0048420361	-0.0642382712	-0.0126015466	0.0394048855	-0.0233377517	-0.0428003098	0.033033812	-0.0167069482	0.0482293528	0.010574961	0.0144631936	0.013359207	-0.0369455338	0.0341398337	-0.0176384581	0.0091263522	0.0003333852	-0.086523271	0.0163023831	-0.016529652	0.0412443175	-0.0106492515	0.0620372223	0.0080909622	-0.0446614388	-0.0115298634	0.0568574253	-0.0515604775	-0.0024536353	-0.0167678864	0.0100490727	0.022102622	-0.0475270525	0.0637250278	0.0439255113	-0.0608267718	0.0008780558	0.0087550156	-0.0278109232	0.0614568384	0.0765173603	-0.0733601025	-0.0205690269	0.0483972394	-0.0056074997	0.0505337046	0.023697699	-0.0406384269	-0.0581848757	0.0086817254	0.0239069935	0.0242884479	-0.0387148098	-0.1123919837	0.0156373032	-0.0330735873	-0.0505477586	0.0134460589	-0.0317428141	-0.0553437129	0.0108769641	0.0161601804	0.0297408668	0.0392479557	0.0014856513	-0.0373087017	-0.023597418	0.0209248522	-0.0090649948	-0.0329390326	-0.0063252685	0.0159955105	-0.0236514103	0.0152238265	0.0118952768	0.0321439951	-0.0004144389	-0.0040286546	0.000842893	-0.0385056989	0.0587740962	-0.0043296471	0.0405155827	-0.0157863188	0.0318327089	-0.0090194825	0.020767538	0.0547896002	-0.0041897672	0.0203411704	0.0163318045	-0.0822066734	0.006185202	-0.0489151398	-0.0411092784	0.0123588117	0.0800171554	-0.0180292331	0.0022760024	-0.0152030893	-0.0492769964	-0.007807412	-0.0133176531	-0.0374733482	0.0304275786	0.0110010685	-0.0197784247	-0.0037834923	0.019068215	-0.0266752699	-0.035990825	0.0746943071	-0.013434909	-0.0153772969	-0.0060281687	0.0114407312	0.0285717079	0.0086572659	-0.0154682885	-0.0617860845	0.0505277115	-0.0545804774	0.0534239441	-0.0096755262	-0.1088168421	-0.0026897742	-0.0602809714	0.0372757963	0.0094392158	0.0281564335	0.0578878905	0.007429685	-0.0521124941	0.0541797671	0.0100417841	-0.0155726957	-0.002143463	0.0092676051	-0.0388346027	-0.04861036	0.0266810119	-0.0282452056	-0.0010365281	-0.0037169001	0.013000217	-0.0298076726	-0.0419883256	0.0230335427	0.0024892147	-0.0273021769	0.044329971	-0.0487171511	0.0392127206	-0.0185268512	-0.0074419176	0.0312886365	-0.0462134553	0.0479605879	-0.0360318425	0.0138286801	0.0123177063	-0.0349517203	0.0476193122	-0.0467083402	0.0324785665	-0.0089875862	-0.0170661886	0.0382535695	-0.0485330118	0.0449733504	-0.0285896166	-0.100215	0.003497	1.2229009e-05	0.010043046225	-4.45299	-0.0228199999999993	19.8291199401	0.0005207523999999	-0.817706	0.0001679999999999	2.8223999999981847e-08	0.6686431024360001	-0.0250626	0.0020508999999999	0.00062813391876	4.206190809999992e-06	-0.0013204	0.00025	1.74345616e-06	6.25e-08	0.00116956	0.0001279099999999	1.3678705936e-06	1.6360968099999988e-08	0.0	0.0	0.0	0.0	0.0	0.0	0.0	0.0	0.0	0.0	0.0	0.0	0.0	0.0	0.0	0.0	0.0	0.0	0.0	0.0	0.0	0.0	0.0	0.0	0.0	0.0	0.0	0.0	0.0	0.0	0.0	0.0	0.0	0.0	0.0	0.0	0.0	0.0	0.0	0.0	0.0	0.0	0.0	0.0	0.0	0.0	0.0	0.0	0.0	0.0	0.0	0.0	0.0	0.0	0.0	0.0	0.0	0.0	0.0	0.0	0.0	0.0	0.0	0.0	0.0	0.0	0.0	0.0	0.0	0.0	0.0	0.0	0.0	0.0	0.0	0.0	0.0	0.0	0.0	0.0	0.0	0.0	0.0	0.0	0.0	0.0	0.0	0.0	0.0	0.0	0.0	0.0	0.0	0.0	0.0	0.0	0.0	0.0	0.0	0.0	0.0	0.0	0.0	0.0	0.0	0.0
55485.630701130765	83.9464822472728	3078655214.302265	7047.011881691687	67484.13986035156	162.6311406249879	4554109132.691489	26448.887900984588	55863.24765965003	26.50047978118528	3120702439.083394	702.2754286330097	56043.8799413505	57043.56763361151	1.071433	24.545324	0.1104665000000005	0.0722249999999999	9.01571e-05	0.0099793776	0.0368054271	0.0012935411	0.0039595165	0.0262956345	-0.0417409431	0.0296652102	0.0687360973	-0.0287574119	-0.0173394518	0.0061613247	0.0391321108	0.0259850203	-0.0768540828	0.1162799158	0.0034279028	0.0816296825	0.0393706029	0.0256693043	-0.0174842732	-0.0181754289	-0.0338607691	-0.0367959213	0.0248457771	0.0112705978	0.0273786888	0.003949579	-0.0728172437	0.0205023915	-0.0236688259	0.0584013389	0.0002695622	-0.0383006541	0.0415873601	-0.0796504974	-0.0395992437	0.0571093186	-0.0561616445	-0.0014935723	-0.0158805035	-0.0342091923	0.0375645952	0.0302301041	0.0143450005	0.0291323936	0.0368646765	0.0359410571	0.0738838374	0.0089508662	-0.0321657906	-0.0242127918	0.0113583639	-0.0207760369	-0.0303356732	0.0280666187	0.0311206683	0.033087939	-0.0148933062	-0.018132539	-0.0246752211	0.0518760051	0.0067174426	-0.0052521598	-0.003541739	-0.0167080973	0.0793231525	0.0343247001	0.032893679	0.0068371765	-0.0350490225	-0.0372641528	-0.0433948118	-0.0307833092	0.0296388866	-0.0105168383	-0.0277662973	0.039086439	0.0150514735	-0.0199022664	-0.0038997205	0.0161125875	-0.0205829563	-0.0378450087	-0.0208395901	0.0134362831	-0.0550055103	0.0004082379	0.0100441166	-0.028235038	0.0576962107	-0.0479559671	0.0300034396	0.0199670259	-0.0445077042	-0.0811766795	0.0238419086	-0.0490433915	0.0302549896	-0.035504759	-0.0626982326	0.0011457454	-0.0063932321	0.0111496325	-0.039323749	-0.0146920818	0.0100209202	0.0656213647	0.0407837668	0.0158306114	0.0199687115	0.0519269515	0.080662484	-0.0422495201	-0.0265216277	0.0163566605	0.0224262394	0.0327605952	-0.0300309078	-0.0376375662	-0.0140659403	-0.021688512	0.0136952055	-0.0723749409	0.0083842551	-0.0417322696	0.0563971332	-0.0147404797	-0.0348962042	0.0446720261	-0.0786696137	0.0351103268	0.0619548239	-0.0632101514	0.0066608972	0.0233808863	0.0275631005	0.0402868296	0.0275526138	-0.0162103406	-0.0213232544	-0.0230598722	-0.0375156635	-0.0656089107	-0.0242760174	0.0257368712	-0.0168677948	-0.0422412681	-0.0289114586	0.0098888768	0.0099094261	-0.0449341215	-0.0191058876	0.0062238946	0.0281057183	0.0313070292	-0.0382522617	0.0162142199	0.0345021721	-0.0040875603	0.0163203852	-0.0600123115	-0.0497348282	-0.0355146623	0.0395145777	0.0344094303	0.0405962927	-0.0053095927	-0.0461098859	0.0289281423	0.0093316875	-0.0232794087	-0.043390046	0.0114743916	0.0055202661	0.0110871541	-0.0016078353	-0.0155066307	-0.0456847619	-0.0128075389	0.0202526434	-0.0457348304	0.0127816826	0.0418448636	0.0132003563	0.0440660149	-0.0335251731	0.0081960134	0.0166034993	0.076320549	-0.0636653564	0.0678527518	0.0506376323	-0.0044825061	0.0218823019	0.0373465775	0.0103698531	-0.0039749717	0.0259839994	-0.0561794007	0.0027694952	0.0053291263	0.0044522156	0.0559240991	-0.057246547	0.0328812825	0.0111501448	-0.027322397	0.0632818788	-0.017814146	-0.1189114865	-0.0174284772	-0.0589905389	-0.030182307	0.0218932689	0.0407353698	-0.0050184931	0.0054038754	0.0390844737	0.0791435973	0.0300729657	0.0054848086	-0.0105752743	-0.00470071	-0.0043086948	-0.0066536829	0.0069896698	0.0010582899	0.0238334266	-0.0117478746	0.0160681101	0.0366400206	-0.0420829549	0.023358459	0.0019363856	-0.026686557	0.0439302406	-0.0488170731	0.0399724692	-0.0198842699	-0.0057970462	0.0298477488	-0.0455027728	0.0483586182	-0.037611983	0.0162857183	0.0096214501	-0.0328222635	0.0467907162	-0.0475977133	0.0350162597	-0.0125853106	-0.0133856785	0.0355914973	-0.0477860158	0.0465391172	-0.0322015336	-0.101707	-0.001492	2.2260640000000216e-06	0.010344313849	-4.45952	-0.0065300000000005	19.887318630400003	4.264090000000772e-05	-0.796344	0.0213619999999999	0.0004563350439999	0.6341637663360001	-0.0261645	-0.0011018999999999	0.00068458106025	1.2141836099999987e-06	-0.00183499	-0.00051459	3.3671883001000003e-06	2.648028681000001e-07	0.0011644	-5.160000000000147e-06	1.3558273599999995e-06	2.662560000000152e-11	0.0	0.0	0.0	0.0	0.0	0.0	0.0	0.0	0.0	0.0	0.0	0.0	0.0	0.0	0.0	0.0	0.0	0.0	0.0	0.0	0.0	0.0	0.0	0.0	0.0	0.0	0.0	0.0	0.0	0.0	0.0	0.0	0.0	0.0	0.0	0.0	0.0	0.0	0.0	0.0	0.0	0.0	0.0	0.0	0.0	0.0	0.0	0.0	0.0	0.0	0.0	0.0	0.0	0.0	0.0	0.0	0.0	0.0	0.0	0.0	0.0	0.0	0.0	0.0	0.0	0.0	0.0	0.0	0.0	0.0	0.0	0.0	0.0	0.0	0.0	0.0	0.0	0.0	0.0	0.0	0.0	0.0	0.0	0.0	0.0	0.0	0.0	0.0	0.0	0.0	0.0	0.0	0.0	0.0	0.0	0.0	0.0	0.0	0.0	0.0	0.0	0.0	0.0	0.0	0.0	0.0
55600.66229380611	115.03159267534647	3091433647.509873	13232.267313426824	67859.8060625	375.6662021484517	4604953278.840113	141125.09543664136	55993.08030668218	129.83264703215536	3135225042.2305603	16856.516235376243	56167.81734843304	57161.72870840097	1.211948	27.764351	0.1056300000000001	0.0696899	-0.0037780061	0.0100115642	0.0330979455	-0.0004739685	0.0185751019	0.0342224498	-0.0275872303	-0.0269034496	0.0166856747	-0.0006946146	0.0312970427	0.0570508406	0.0232097705	0.0174358107	0.0657423612	0.1010948272	-0.0281904126	0.0420764548	0.0686992156	0.0258341753	-0.0076935356	0.0005345677	-0.0594414573	0.0060360012	0.0047064001	0.0131233733	0.0331666437	-0.0005382409	0.0338017426	-0.0201674455	0.0014672986	0.0716747343	-0.0742605922	-0.0126748992	0.0481644022	0.0341200391	-0.0451079828	-0.0281196618	-0.0982777138	-0.0410737309	-0.0780300337	-0.017354212	-0.0170360816	0.0118272726	0.0104625864	0.012288685	-0.0079877152	-0.0150747791	0.0104264856	-0.0356560662	0.0132459024	-0.02763777	0.0011518139	-0.0170070162	0.024236752	0.0017279245	-0.0169781016	-0.0258171667	-0.051984485	-0.0451484975	0.0110235955	-0.0071119266	0.0216621492	-0.0022019153	-0.0478165685	0.0356774656	-0.0330489234	0.0094256224	0.0266558613	-0.0307249954	-0.0014973559	-0.0204241298	0.0112739113	-0.014306013	0.0114967517	0.0342709384	0.0675147773	-0.0696140818	-0.0375072874	-0.0205491475	0.0162533997	0.0337770775	0.0308465491	-0.0950574273	0.0135368756	0.0253264236	0.0378679207	0.0064995749	0.0115055107	0.1028118174	-0.0087912447	0.0662882118	0.0043708448	-0.020506659	0.0355423643	-0.0371995273	-0.0504147458	0.0223743083	-0.0032426951	0.0841790997	-0.0206564737	-0.0364359099	0.0704440905	-0.0036633834	0.0134284693	-0.009659126	0.0550342122	-0.0360384276	-0.0226139745	-0.0189902819	-0.0099568094	-0.0541637926	0.0416121072	-0.0707094929	-0.0267852306	0.0075285276	-0.0023975154	0.0673322998	0.0144656401	-0.0033296387	-0.0130456739	-0.0420675432	-0.0057751609	0.0421741622	-0.0241361612	0.0001778139	0.0617810308	-0.0847348442	-0.0075547318	0.0488593434	0.0291080224	0.0507836689	-0.0260236991	-0.0963333744	0.0413426834	0.061673711	5.09898e-05	-0.0121077352	-0.0200933595	-0.016513909	-0.0077800917	-0.0038698172	0.0051061881	0.0062052843	0.0333014485	-0.0159582879	0.0140335322	-0.0297891518	-0.005507579	-0.0230916037	-0.0247404494	-0.0001027386	0.001171567	-0.0544631567	0.0449751047	-0.0357794843	0.0056270515	-0.0182597977	0.0150399063	-0.0454338225	-0.0374305235	0.0485616556	-0.0050022325	-0.016150859	-0.0212212102	0.0086270475	0.0241476147	0.0251924002	-0.0053551616	0.013956995	0.0059233025	0.0720182973	0.0535408249	-0.0020654131	-0.0612188225	0.0019143026	0.0292683744	0.0495281752	-0.0945485184	0.0275184883	0.0166110077	0.053157778	0.0419208429	0.0311665971	0.0113511688	-0.0584792649	0.0775594773	0.0005430675	-0.0428328727	-0.0522944393	-0.0435272804	-0.001375672	-0.0205264171	-0.0042879278	0.0140785584	-0.0865712391	0.0262911054	0.0192761947	-0.0638494273	0.0181377196	0.0079990779	0.0651888053	0.0136772599	-0.0377967711	0.034776797	-0.0393869625	-0.0049714534	-0.0224633373	0.0593280763	-0.0075391712	-0.1190130701	0.0186623682	-0.0901473553	0.0547880855	-0.0186878056	0.0624101028	0.0090615178	0.0132780544	-0.0079202541	0.0491984225	0.0118382623	-0.0122261418	-0.0126840421	-0.0274241505	0.0162520352	-0.0015400943	0.0206988404	-0.0486209939	0.0376144196	-0.0152686382	-0.035007624	-0.0201542538	-0.0421769872	0.0236820496	0.0013833093	-0.0260648785	0.043514927	-0.0488920593	0.0407044271	-0.0212236325	-0.0041455125	0.0283645137	-0.0447139763	0.0486578547	-0.039101947	0.018697474	0.0068944842	-0.0305736153	0.0457703078	-0.0482683442	0.0373746616	-0.016111637	-0.0096214501	0.0326851323	-0.04668055	0.0477247713	-0.035528084	-0.101568	0.000139	1.9321000000000064e-08	0.010316058624	-4.42642	0.0331000000000001	19.5931940164	0.00109561	-0.855278	-0.0589339999999999	0.0034732163559999	0.7315004572839999	-0.0260443	0.0001202	0.0006783055624899	1.4448040000000208e-08	-0.00172876	0.00010623	2.9886111376e-06	1.1284812900000026e-08	0.00112169	-4.270999999999984e-05	1.2581884561000002e-06	1.8241440999999863e-09	0.0	0.0	0.0	0.0	0.0	0.0	0.0	0.0	0.0	0.0	0.0	0.0	0.0	0.0	0.0	0.0	0.0	0.0	0.0	0.0	0.0	0.0	0.0	0.0	0.0	0.0	0.0	0.0	0.0	0.0	0.0	0.0	0.0	0.0	0.0	0.0	0.0	0.0	0.0	0.0	0.0	0.0	0.0	0.0	0.0	0.0	0.0	0.0	0.0	0.0	0.0	0.0	0.0	0.0	0.0	0.0	0.0	0.0	0.0	0.0	0.0	0.0	0.0	0.0	0.0	0.0	0.0	0.0	0.0	0.0	0.0	0.0	0.0	0.0	0.0	0.0	0.0	0.0	0.0	0.0	0.0	0.0	0.0	0.0	0.0	0.0	0.0	0.0	0.0	0.0	0.0	0.0	0.0	0.0	0.0	0.0	0.0	0.0	0.0	0.0	0.0	0.0	0.0	0.0	0.0	0.0
55669.97883425855	69.31654045244068	3099146543.406795	4804.782780294845	67582.43846875	-277.3675937500084	4567385989.38238	76932.78206266969	56127.45590735312	134.37560067093727	3150291306.631869	18056.8020556752	56322.2958398995	57155.24420657467	1.944276	44.541172	1.1755896999999995	0.70643	-0.0045401041	-0.0468697859	-0.0510823124	0.0267135088	0.1090589677	-0.0502997688	-0.0670635872	0.0012234642	-0.0580885663	-0.0134923775	-0.0696062123	0.0079639929	-0.022947503	-0.0696729814	0.0633223219	-0.1464879411	0.0016546871	-0.1009826399	0.0207823861	-0.0114007526	0.0020838039	0.0256311712	0.007081762	0.032643912	-0.0723768692	0.075965526	-0.1017952492	0.0398385505	0.0731759463	0.0869305064	-0.1018385159	-0.0968119604	-0.0279131072	-0.0152874775	0.0520260471	0.0796576829	-0.1732870656	-0.1912203182	0.0290867311	-0.097997548	-0.0768663121	-0.0181686411	0.0073048577	0.0149309378	0.0521082473	-0.0684339972	-0.037594617	-0.087807902	-0.0544626218	0.0005611365	0.0538925296	0.0660885798	0.1049870083	0.0379759961	0.0374423506	0.0780421262	-0.0145249245	0.0843221734	-0.0675787968	0.0531757478	-0.0004364824	-0.0066734163	0.01890635	-0.042260364	0.0059107051	0.0923500729	0.0594964539	-0.0864404526	0.0179473986	0.0338237311	-0.0652373669	-0.0268848293	-0.0143858802	0.0903358008	-0.0160505594	0.0550039556	0.0003512125	-0.0070582445	-0.0552458472	-0.0216978293	-0.0245940829	-0.0040295613	0.0381906186	-0.0984422022	0.0192910274	0.058384105	-0.0677025868	0.0012240849	-0.0707815448	-0.0209202426	-0.0424703048	-0.0215782271	0.0060719096	-0.0219375313	0.0469134915	-0.0197187301	-0.0054227526	0.0253368391	-0.035405267	-0.0024264728	-0.0124300257	0.010908572	0.0305126734	-0.0056126644	-0.0009985711	-0.0440845189	-0.019729902	-0.0042892091	-0.0234394746	-0.0025519203	0.0263390301	0.0220257129	-0.0998257937	-0.0186332715	0.0159912576	0.0005175841	-0.0267418909	-0.0079176464	0.016696562	0.0701059261	-0.0733192226	0.0863997785	0.0212217467	0.0844705278	0.0888842053	-0.0830040513	-0.1161985956	-0.0416827375	0.0001140745	0.0560801158	0.0635502066	0.1926724093	-0.1963667264	0.0195236239	0.0985740332	0.0622650901	0.0201565274	-0.0182798037	0.0198760114	-0.0588561099	0.0826797802	-0.0028902486	0.0824755492	0.0560745518	0.0089098209	-0.0952372207	-0.0530892991	0.0152541702	0.0964103214	-0.0619287362	-0.0088640422	-0.1064234461	0.011639365	-0.0252040388	-0.0294118276	0.0540559629	0.0130313114	-0.0206181399	0.0436465322	0.0046524727	-0.1010726708	-0.1019186804	0.0697043272	-0.025590011	0.0228024264	0.0537871677	0.0214789285	-0.0188043597	0.0798033356	-0.0322670169	0.0316923197	0.0174909613	-0.0187565844	-0.0030905135	-0.0594368786	-0.0402580455	0.0191396356	0.0239640146	-0.0594336258	0.056272815	0.0796551349	-0.0693203166	0.0097921174	-0.0498583466	0.027324179	-0.0494935536	-0.0425614423	-0.0167196617	-0.0165692274	-0.0496024817	-0.0202422471	0.0120430059	-0.0293412701	0.006344353	0.016333607	-0.004381882	-0.0243041511	-0.0017478904	-0.0297467069	-0.0181350868	0.0263770827	-0.0097546738	-0.0091803467	-0.0146153915	0.0133878521	0.0171577136	-0.0108620461	0.0634980069	-0.0928000368	-0.0103904207	0.1530615443	-0.0679375677	0.0233816472	0.085674575	-0.006461689	0.0124099616	0.068480905	-0.0317304564	-0.0153936165	0.0090965978	0.0046988991	0.0086999727	0.0261891137	0.0189248368	0.0206597842	-0.0612379496	-0.0282317164	-0.0890130434	-0.024836078	-0.0123469684	-0.1461849005	-0.0785333654	-0.0422704209	0.024004296	0.0008300562	-0.0254372825	0.0430841775	-0.0489420714	0.0414080854	-0.0225437227	-0.0024892147	0.0268410355	-0.0438484199	0.0488576859	-0.0404981621	0.0210572413	0.0041455125	-0.0282139416	0.04456227	-0.0487171511	0.0395416966	-0.0195465601	-0.0057970462	0.0295544231	-0.0452249073	0.0485206286	-0.0385397882	-0.0393503	0.0622177	0.00387104219329	0.0015484461100899	-4.1279	0.2985199999999999	17.03955841	0.0891141903999999	-0.7295009999999998	0.1257770000000001	0.015819853729	0.5321717090009997	-0.0140123	0.012032	0.00019634455129	0.0001447690239999	-0.00238529	-0.00065653	5.6896083841e-06	4.310316409e-07	0.00221466	0.0010929699999999	4.904718915599999e-06	1.1945834208999994e-06	0.0	0.0	0.0	0.0	0.0	0.0	0.0	0.0	0.0	0.0	0.0	0.0	0.0	0.0	0.0	0.0	0.0	0.0	0.0	0.0	0.0	0.0	0.0	0.0	0.0	0.0	0.0	0.0	0.0	0.0	0.0	0.0	0.0	0.0	0.0	0.0	0.0	0.0	0.0	0.0	0.0	0.0	0.0	0.0	0.0	0.0	0.0	0.0	0.0	0.0	0.0	0.0	0.0	0.0	0.0	0.0	0.0	0.0	0.0	0.0	0.0	0.0	0.0	0.0	0.0	0.0	0.0	0.0	0.0	0.0	0.0	0.0	0.0	0.0	0.0	0.0	0.0	0.0	0.0	0.0	0.0	0.0	0.0	0.0	0.0	0.0	0.0	0.0	0.0	0.0	0.0	0.0	0.0	0.0	0.0	0.0	0.0	0.0	1.0	0.0	0.0	0.0	0.0	0.0	0.0	0.0
55787.97626579771	117.99743153915917	3112298295.833209	13923.39384983855	67958.64113476562	376.20266601562616	4618376904.883859	141528.44591726476	56114.75611815462	-12.699789198501094	3148865854.199971	161.28464568636505	56301.11169607814	58090.15461647727	1.629597	37.332226	0.2034383000000001	0.130006	-0.0103985585	-0.0601864498	-0.0855723063	0.0192087996	0.1123799832	-0.070283523	-0.0954470354	0.0312977385	-0.0676980633	-0.0330714861	-0.0037140369	0.0077138257	-0.0903362968	-0.0210714061	-0.0137773681	-0.1815267022	0.083644805	-0.1379369537	-0.0371567441	-0.0256194141	-0.0006255113	0.0200326126	-0.0409785161	0.0228632301	0.0370564023	0.0354262854	-0.0535541789	0.0044246648	0.0357651486	0.0122796411	-0.0255432684	-0.0637361054	0.0165644209	-0.0235906593	-0.0061103355	-0.025488842	-0.0158119271	-0.0451906442	0.0726495876	0.0236044534	-0.0250983675	0.0465050758	0.0175524711	-0.1000762142	-0.0447251835	-0.0166088174	0.0442076998	-0.0302934161	0.0221257519	0.0210049618	-0.0834107949	-0.0461273622	-0.0766794401	0.002451597	-0.0721406366	0.0639170531	-0.0182583325	-0.0220248352	0.0296407017	-0.0226777158	-0.0074332375	-0.0026122836	-0.0698661723	0.0101714929	-0.0142385251	0.0277598962	-0.0140134581	0.0131960443	-0.0557297391	0.0549408072	0.0053770583	-0.0805354704	0.014527702	-0.004503118	-0.0524973081	-0.029051837	0.0205753997	-0.017544008	0.0035936809	-0.0055276128	-0.0280679684	-0.0483813167	-0.0286292625	0.0289324591	-0.0214229692	0.076606813	0.0473506521	0.0308336503	0.0547373272	-0.081885114	0.0630901082	0.0262220575	-0.0100637542	-0.0503242852	0.0178338401	-7.8525e-06	0.0076374163	-0.0111867414	0.0105463448	-0.0677459999	-0.0186992111	0.0334844355	0.000138381	-0.0138339353	0.0038455002	0.0428152288	-0.0423285493	0.0062408026	-0.0244152673	0.0115592199	0.0239015359	-0.0470730369	-0.1337594745	0.0435666332	0.0333309514	0.0027653936	-0.0149069412	0.0505127772	0.0308928171	-0.0233775021	-0.0336817621	0.0598052435	-0.0036373899	0.0313896178	0.0232509972	-0.0159105971	-0.0636160145	0.0341599569	-0.0185886764	-0.0062690521	-0.0350491395	0.0218844468	-0.0535643971	0.0832992389	-0.0291475594	0.0169123492	-0.0357717941	-0.0941910261	0.0312459303	0.0607283425	-0.0073431182	-0.0435562695	0.0204018172	-0.0367283532	-0.0139900897	0.0970415345	0.0060466097	-0.009308509	-0.0409342719	0.0978145646	-0.0729554412	-0.0281576774	0.0090822831	0.0279800651	0.0269299805	-0.0095234355	0.0149157408	0.0546274305	-0.025416541	-0.0097535442	-0.0239488827	0.0026264064	0.0032498336	0.067112162	0.0467187301	-0.0222797981	0.0659145408	0.0235693124	-0.0202448614	-0.0584451527	-0.0391685762	-0.0065009566	0.039624146	0.002327862	0.0117258943	-0.042041286	-0.0239734336	-0.0443731844	0.0044299839	-0.0347712549	0.0658623818	0.0471977589	-0.0625985238	0.0108579072	-0.0374994001	0.0947383729	0.0121840026	-0.0499943059	-0.0266526703	-0.0188357433	-0.0156321541	0.0155041483	0.0184359903	0.0193683863	0.0213291386	0.0534456894	-0.0291555857	-0.0122888856	0.0119513132	0.0282990451	-0.0402834748	-0.0328417165	-0.0556370883	-0.0069196591	-0.0088699153	0.0146552515	-0.0493313893	0.0474302811	-0.1177644278	-0.0151134599	0.2129960926	-0.0837677547	0.0312554548	0.0129980535	-0.0015859518	0.0122963707	-0.0029344711	0.0029830871	0.012470384	0.0166295159	-0.0127183309	0.0096583376	0.0365933003	-0.0317151661	0.0463126849	0.0021125307	-0.0434363243	0.0364072021	-0.0250763395	-0.0262160309	0.0099935945	0.0089759724	-0.0423632548	0.02432518	0.0002766972	-0.0248039116	0.0426381448	-0.0489670838	0.0420829549	-0.0238433419	-0.0008300562	0.0252794756	-0.0429075896	0.0489577037	-0.0417972809	0.023358459	0.0013833093	-0.0257518113	0.043171555	-0.0489420714	0.0415062691	-0.0228705931	-0.0019363856	0.0262208584	-0.0434300072	0.048920189	-0.0412099568	-0.037188	0.0021622999999999	4.675541289999996e-06	0.001382947344	-4.08638	0.0415200000000002	16.6985015044	0.0017239104	-0.7211769999999998	0.0083239999999999	6.928897599999997e-05	0.5200962653289998	-0.011756	0.0022562999999999	0.000138203536	5.090889689999997e-06	-0.00280752	-0.00042223	7.8821685504e-06	1.782781729e-07	0.00186455	-0.0003501099999999	3.4765467025e-06	1.2257701209999988e-07	0.0	0.0	0.0	0.0	0.0	0.0	0.0	0.0	0.0	0.0	0.0	0.0	0.0	0.0	0.0	0.0	0.0	0.0	0.0	0.0	0.0	0.0	0.0	0.0	0.0	0.0	0.0	0.0	0.0	0.0	0.0	0.0	0.0	0.0	0.0	0.0	0.0	0.0	0.0	0.0	0.0	0.0	0.0	0.0	0.0	0.0	0.0	0.0	0.0	0.0	0.0	0.0	0.0	0.0	0.0	0.0	0.0	0.0	0.0	0.0	0.0	0.0	0.0	0.0	0.0	0.0	0.0	0.0	0.0	0.0	0.0	0.0	0.0	0.0	0.0	0.0	0.0	0.0	0.0	0.0	0.0	0.0	0.0	0.0	0.0	0.0	0.0	0.0	0.0	0.0	0.0	0.0	0.0	0.0	0.0	0.0	0.0	0.0	0.0	1.0	0.0	0.0	0.0	0.0	0.0	0.0
55670.76306942417	-117.21319637354463	3099233860.7319617	13738.933404103136	68080.26559960938	121.62446484375688	4634922564.113357	14792.51044853025	56008.75611626572	-106.0000018888968	3136980761.691333	11236.000400446126	56204.11136715033	57457.88696479302	1.051919	24.098269	0.1276153999999996	0.0647378	-0.007123295	-0.0559576425	-0.0700133892	0.0195344106	0.1050001785	-0.052561519	-0.066601578	-0.0288372025	-0.0615116702	0.047218753	-0.0186651068	-0.0205089689	-0.0767798982	-0.0223753799	0.0571677655	-0.1613265896	0.0044274517	-0.0885691229	-0.035160259	-0.0308619479	0.0233639506	0.0542592378	-0.0035783746	0.0418992421	-0.0036889439	0.0083550042	-0.0358593604	0.0356556173	0.0558048848	0.0175247162	-0.0327370486	-0.1030122857	-0.0167478082	-0.0133174055	-0.0199525599	0.0041527439	0.002288879	-0.0248747227	0.0310713033	-0.0069374639	0.004469578	-0.0252933344	-0.0243275604	0.0015372347	0.0673284448	0.0006679758	-0.0691856223	-0.0465698627	-0.0021325227	-0.0012540417	0.0738327259	-0.0020663855	0.0469768303	-0.0135824955	0.0121187384	0.0366925268	-0.0345872015	0.0490769615	0.0138156152	-0.0268861079	0.0093100166	0.0003492698	0.0151851074	-0.0338503737	0.0234049514	-0.0714868179	-0.0290487678	0.0147756625	0.1051667141	0.0423375128	0.0559374207	-0.0545428757	0.0156702976	-0.0488920665	-0.0253333313	0.0550175357	-0.0113079106	-0.014721147	0.0098109341	0.008830774	0.0085421709	0.0082528684	-0.0236195669	-0.0509655618	-0.0267418103	-0.0131957243	-0.0047984138	0.0432123049	0.0148992029	0.0173299176	-0.0163704829	0.0536296607	-0.0292304504	-0.0377425769	-0.0822102282	-0.0116311901	0.0326473791	-0.0474295732	-0.0405966522	-0.0494108829	-0.0175298785	-0.0397135078	-0.0127353507	-0.026954042	-0.0539335658	-0.0276117431	0.0234298385	0.026864493	0.0141549227	-0.0281054563	0.0020956559	0.029649948	-0.0861704214	0.0380624096	0.0346115736	-0.0208893097	-0.0546488547	0.0073639014	0.0378310789	0.0178003699	-0.0077620175	0.033235673	0.0282792536	0.0541833239	0.0268252378	-0.0166095049	-0.1080668014	-0.0054352764	-0.011638929	-0.0176820128	0.0002186396	-0.0011139454	-0.0312070884	0.0356241359	0.0010994927	-0.0024171872	0.0312390262	-0.0135566815	-0.0148477704	-0.0758812194	0.0191841299	0.0387218316	0.0608330837	0.0239699027	0.0028748735	-0.080229247	0.006148586	-0.0342991899	0.0065995605	-0.0310316632	-0.0074948825	-0.0309731775	0.0296010592	0.0387165869	0.0158622288	-0.0030760452	0.0055929068	-0.0035983425	0.0346058464	0.031714494	0.0625027635	0.045548772	0.0025713581	-0.1004097234	0.0470335011	-0.0755892162	0.0561567773	0.0215747838	-0.0278641507	-0.0280139461	0.0629233522	-0.0002072664	0.0288146727	0.0083308959	0.0044824232	0.0040497469	0.0011590533	-0.0091177741	-0.054763864	0.0004884361	-0.01715539	-0.0159906948	-0.0517083718	0.0061937676	-0.0193331178	-0.0485260667	0.0491568533	-0.0263184416	-0.022068837	0.0809922972	0.0071189797	0.017420171	-0.0001960377	-0.027177222	0.0382796014	0.0504197929	0.0228180819	0.0176368573	-0.0028878694	-0.0772444275	0.0009855544	0.003804268	0.0135196776	0.0259096121	0.0016515369	0.0027939393	0.002753965	-0.0052555691	-0.1047829411	-0.0131359267	0.1852553483	-0.0642381276	0.025283809	0.0259539166	0.0028621736	0.0045801572	-0.0003783443	0.0231605063	-0.0392983841	0.0198489175	-0.0156956161	0.0185283556	0.0401511514	0.0458027837	0.0428080022	-0.0074280247	-0.0210306591	0.0157024898	0.0031573306	0.0060076527	-0.0096066063	-0.0274275404	-0.0424554877	0.0246446833	-0.0002766972	-0.0241649094	0.0421769872	-0.0489670838	0.0427285664	-0.0251213099	0.0008300562	0.0236820496	-0.0418931005	0.0489577037	-0.0429961886	0.0255947285	-0.0013833093	-0.0231961654	0.0416038638	-0.0489420714	0.0432583199	-0.0260648785	0.0019363856	0.022707319	-0.0413093142	0.048920189	-0.043514927	-0.0441049	-0.0069169	4.784350561000005e-05	0.00194524220401	-4.09608	-0.0096999999999995	16.7778713664	9.40899999999922e-05	-0.754426	-0.0332490000000001	0.001105496001	0.5691585894760001	-0.0128746	-0.0011185999999999	0.00016575532516	1.251265959999998e-06	-0.00238529	0.00042223	5.6896083841e-06	1.782781729e-07	0.00187871	1.416000000000004e-05	3.5295512641e-06	2.0050560000000114e-10	0.0	0.0	0.0	0.0	0.0	0.0	0.0	0.0	0.0	0.0	0.0	0.0	0.0	0.0	0.0	0.0	0.0	0.0	0.0	0.0	0.0	0.0	0.0	0.0	0.0	0.0	0.0	0.0	0.0	0.0	0.0	0.0	0.0	0.0	0.0	0.0	0.0	0.0	0.0	0.0	0.0	0.0	0.0	0.0	0.0	0.0	0.0	0.0	0.0	0.0	0.0	0.0	0.0	0.0	0.0	0.0	0.0	0.0	0.0	0.0	0.0	0.0	0.0	0.0	0.0	0.0	0.0	0.0	0.0	0.0	0.0	0.0	0.0	0.0	0.0	0.0	0.0	0.0	0.0	0.0	0.0	0.0	0.0	0.0	0.0	0.0	0.0	0.0	0.0	0.0	0.0	0.0	0.0	0.0	0.0	0.0	0.0	0.0	0.0	0.0	0.0	0.0	0.0	0.0	0.0	0.0
55491.18528378238	-179.57778564178443	3079271644.199066	32248.18109600668	67440.43999804687	-639.8256015625084	4548212947.13016	409376.8004148257	55956.155960997945	-52.600155267777154	3131091389.9315257	2766.776334194265	56142.95150266116	57126.1974165483	1.036226	23.738775	0.1016953999999999	0.0639674	-0.0059353342	-0.0485583591	-0.0672404625	0.0073465352	0.0641126663	-0.0752343016	-0.0497706607	-0.0245904202	-0.0429427129	-0.0783470271	0.0019318314	-0.0520982794	-0.063752009	0.0192732168	0.0326981432	-0.1393939667	0.0090485349	-0.0794911803	-0.0663097332	-0.0320294292	-0.0337833833	0.0232092237	0.0426524843	0.024841287	0.0253951094	0.0431725427	-0.0085073916	-0.0119559731	-0.0103306334	0.0178306316	-0.05600672	-0.077887704	0.023553119	-0.0210035382	-0.0020016834	-0.0642209001	0.0358379892	0.0147639642	0.0127855528	-0.0194535208	0.0195050527	0.023399383	-0.0111088212	-0.0472747743	0.0454923891	0.0035428158	-0.0159980587	0.0379789774	0.0286075731	-0.0001420046	-0.0123744187	-0.0635795806	0.0190052804	0.0018406074	-0.014911234	0.0097152759	-0.0619767193	-0.0183638196	0.0404760298	0.0194779408	0.0362078255	-0.0123825058	0.0173723055	-0.0314806393	-0.0722130259	0.0234882063	-0.0354245168	0.0025281379	0.0426796573	0.0327629087	0.0246193678	-0.0054764811	-0.0375442371	0.0113682972	-0.0065631576	-0.011491502	-0.0146485463	0.0019824492	0.0484916356	0.0038153988	0.0319012683	-0.004636183	-0.027263042	0.0168224398	-0.0536285662	-0.040902104	-0.0639114825	-0.0168421596	-0.0185242116	0.0278717853	0.0789017129	0.0146579095	0.0886312765	-0.0189127485	-0.0010774753	0.0511270522	-0.0022761864	0.003249916	0.0558617957	-0.053569816	0.0036858593	0.0043061628	0.048052423	-0.0270334862	-0.0351108513	-0.0820697986	-0.0092442706	-0.006895486	0.0254438062	0.008442987	-0.0067260083	-0.0119084688	-0.0759837594	0.0692493315	0.036082229	0.0339654751	-0.0187222819	-0.0347769406	0.0370427084	-0.0219862985	-0.0412422374	0.0145278596	-0.0120871437	-0.0196635717	0.0187802729	-0.048678255	-0.0809559604	0.0333910124	-0.0191683465	-0.001093355	-0.0691920553	-0.0362963978	0.0061389884	0.0190992459	0.0085865164	-0.0251347187	-0.0166786287	-0.0572014502	0.0057538553	-0.0453846235	-0.0037414917	0.0250514436	-0.0220593001	-0.0264759779	-0.0135087231	0.008116311	-0.0012181192	-0.0800423962	-0.00323302	0.0185921623	-0.0348431907	0.0118336107	0.0494945703	0.0260203373	-0.0344374339	-0.0309310548	0.0254291251	-0.0111022604	0.0440009932	-0.0656332531	-0.0294495991	0.0400172085	0.0030296648	-0.0311666261	0.0281007191	-0.0210322422	0.0184911636	-0.0398563942	0.0056104103	-0.0035734349	-0.0120185643	-0.0181870681	-0.0058584464	0.0237388783	0.0274307871	0.030137553	-0.0311578521	0.0060106406	-0.0054477526	-0.0460186053	-0.0366103997	-0.0648354611	0.0576064349	0.0386188729	0.0535527362	0.0569075672	0.0130843179	-0.000907143	-0.0670463753	0.0272439027	0.023618933	-0.0306762532	0.0378861379	0.0275185107	-0.0354851856	0.060544751	-0.0310308694	0.0317738594	-0.052543866	-0.0501825537	0.0490248797	-0.0060379278	0.0186358631	-0.0178281794	-0.0161299969	2.36534e-05	0.0081211331	-0.0229656851	-0.0981521987	-0.0147054091	0.1608294865	-0.0661273405	0.0499143942	-0.0154911805	0.0166639603	0.0041982331	-0.0157800947	0.0089168398	0.0534038867	0.0398103541	-0.0072233929	-0.0369998	0.0186241685	-0.0274695967	0.0572289317	-0.0089269613	-0.0321208239	0.0365980985	-0.015029088	0.0060429651	-0.0009105706	-0.0121236912	-0.0425471181	0.0249627879	-0.0008300562	-0.0235204212	0.0417008682	-0.0489420714	0.0433444711	-0.0263764663	0.0024892147	0.0220510239	-0.040806694	0.0488576859	-0.0440920108	0.0277598318	-0.0041455125	-0.0205562846	0.039865623	-0.0487171511	0.0447888782	-0.0291112946	0.0057970462	0.0190379212	-0.0388787369	0.0485206286	-0.0454342724	-0.0462478	-0.0021428999999999	4.592020409999984e-06	0.00213885900484	-4.13167	-0.03559	17.070696988899996	0.0012666481	-0.729045	0.0253809999999999	0.0006441951609999	0.531506612025	-0.0136008	-0.0007261999999999	0.0001849817606399	5.273664399999996e-07	-0.00238529	0.0	5.6896083841e-06	0.0	0.00192414	4.542999999999995e-05	3.7023147396e-06	2.0638848999999955e-09	0.0	0.0	0.0	0.0	0.0	0.0	0.0	0.0	0.0	0.0	0.0	0.0	0.0	0.0	0.0	0.0	0.0	0.0	0.0	0.0	0.0	0.0	0.0	0.0	0.0	0.0	0.0	0.0	0.0	0.0	0.0	0.0	0.0	0.0	0.0	0.0	0.0	0.0	0.0	0.0	0.0	0.0	0.0	0.0	0.0	0.0	0.0	0.0	0.0	0.0	0.0	0.0	0.0	0.0	0.0	0.0	0.0	0.0	0.0	0.0	0.0	0.0	0.0	0.0	0.0	0.0	0.0	0.0	0.0	0.0	0.0	0.0	0.0	0.0	0.0	0.0	0.0	0.0	0.0	0.0	0.0	0.0	0.0	0.0	0.0	0.0	0.0	0.0	0.0	0.0	0.0	0.0	0.0	0.0	0.0	0.0	0.0	0.0	0.0	0.0	0.0	0.0	0.0	0.0	0.0	0.0
55416.07605530406	-75.10922847832262	3070941485.367244	5641.396202608869	67669.6634296875	229.2234316406248	4579183348.687185	52543.381613104175	55948.88380984042	-7.272151157521876	3130277599.567024	52.88418245784676	56147.26542429829	57175.43105278511	1.021928	23.411217	0.1006546999999993	0.0573535	-0.0057281351	-0.0458138231	-0.0606293579	0.0192772984	0.0639946913	-0.041214634	-0.0220058115	0.0338177632	-0.0755362852	-0.0002208388	0.0054276583	-0.0145139087	-0.1091507608	0.0120580707	0.0566358525	-0.1235916978	0.009558407	-0.0854630182	-0.0280135428	-0.0260328845	0.0419257118	-0.0260919892	0.0058044409	0.0051061877	0.032398313	-0.0101678492	-0.054042042	0.0127154724	-0.0062943361	-0.0048710285	0.0212336648	-0.0790281627	-0.0167779156	-0.0037935184	-0.0762338612	0.028578997	0.018364325	-0.0164550486	0.0156412635	0.0208254459	-0.0248377332	-0.0004304571	-0.0326805104	-0.0918252999	-0.035966268	-0.0123482584	0.0390893349	-0.0621885522	-0.0190983079	0.0121736543	-0.0070282893	0.0499995614	0.018843794	-0.0317992522	0.0169673197	0.0065811466	0.0007242111	0.0077375101	0.0021817802	-0.0013785969	-0.0130935799	-0.0240668068	0.0364195647	-0.0571740682	-0.0164862794	0.0342175544	0.0073506217	-0.0123808879	0.0470247274	0.0435912906	-0.0038398207	-0.0193276355	-0.0341644994	-0.02361576	-0.0155767714	0.0281376381	-0.0373707878	-0.0143746578	-0.0172215264	0.0013058925	0.0250299667	0.0091205153	-0.0196413658	-0.0081116374	-0.0847727489	-0.0257435932	0.0140434412	0.0740112575	-0.0292007791	0.0025184736	0.0183560476	-0.0258073622	0.0089324917	0.0183708398	0.02597093	-0.0313703038	0.0186584589	0.0008522754	-0.0162049769	-0.0432683315	0.040657206	-0.0045759036	-0.0239788747	-0.0025161685	0.0347098849	0.0096497486	0.0262291741	-0.0163978217	0.0051482153	-0.0288524729	-0.0508561695	0.0048253267	-0.0834777577	0.0285433253	0.0318070321	-0.0411985219	0.0262704425	-0.0030941748	0.0156909021	-0.0229238459	0.0104258281	0.0582538391	0.0155440028	-0.0043318202	0.004215223	0.0391406845	-0.0723153663	-0.0050240419	-0.0085502771	-0.076266742	0.0230069637	-0.0151722714	-0.0278221314	0.0267552894	-0.0264958651	0.0126513687	0.0049113056	-0.0967397487	-0.0182926945	0.0424571423	-0.0017465357	-0.0551474741	0.0475220785	0.006930471	-0.0041139644	-0.0125790251	-0.0498082165	0.0273584965	-0.0235749166	-0.0246809798	-0.0115326744	-0.0009587912	-0.0123890167	-0.0034799484	0.0023914106	0.021990785	0.0359061349	-0.0472899143	0.053421815	-0.0033538488	-0.0357206321	-0.0098502735	0.0117473379	-0.0414936508	0.0379281884	-0.0091472122	0.0219671599	-0.0204921463	-0.0264260245	-0.0162503267	0.0354147024	-0.0207613906	0.0030574959	-0.0036298161	-0.0190022786	0.0055603725	-0.0073423351	0.0043605741	-0.037666443	-0.0822882987	-0.0288757643	0.0091815396	-0.0403231873	0.0001850012	0.0714536265	-0.0152396682	-0.0168333412	0.0058124161	0.0193540274	-0.0208081462	-0.0027179518	0.0357927671	-0.0293077878	-0.0195060672	-0.0146536655	0.0437268735	0.0013190542	0.0157755641	0.010996547	0.0382864531	0.0065302676	0.0157104335	0.0183982946	0.0104067546	0.0136196907	-0.0038316987	0.0299551405	-4.69197e-05	-0.0915528413	-0.0158051444	0.1591188138	-0.0434613875	0.0296701054	0.0296765592	-0.0233434464	0.0057111661	-0.0339158323	0.0216476087	-0.0377172119	-0.0043033027	-0.026243152	0.0549836742	0.0320110226	-0.0315423463	0.0443731112	-0.0244787434	0.0158611389	0.0226317056	-0.0105858101	0.0078021951	0.0078008477	-0.0385452849	-0.0426381448	0.0252794756	-0.0013833093	-0.0228705931	0.0412099568	-0.0488920593	0.0439302406	-0.0276076712	0.0041455125	0.0203887125	-0.0396502352	0.0486578547	-0.0450821203	0.0298477488	-0.0068944842	-0.0178417553	0.0379639583	-0.0482683442	0.0460901072	-0.0319925587	0.0096214501	0.015237851	-0.0361565084	0.0477247713	-0.046950984	-0.0405481	0.0056997	3.248658009000002e-05	0.0016441484136099	-4.126	0.0056699999999993	17.023876	3.214889999999317e-05	-0.773451	-0.0444059999999999	0.0019718928359999	0.598226449401	-0.0132967	0.0003040999999999	0.0001768022308899	9.247680999999993e-08	-0.00280748	-0.0004221899999999	7.881943950399999e-06	1.7824439609999986e-07	0.00175285	-0.0001712899999999	3.0724831225e-06	2.9340264099999983e-08	0.0	0.0	0.0	0.0	0.0	0.0	0.0	0.0	0.0	0.0	0.0	0.0	0.0	0.0	0.0	0.0	0.0	0.0	0.0	0.0	0.0	0.0	0.0	0.0	0.0	0.0	0.0	0.0	0.0	0.0	0.0	0.0	0.0	0.0	0.0	0.0	0.0	0.0	0.0	0.0	0.0	0.0	0.0	0.0	0.0	0.0	0.0	0.0	0.0	0.0	0.0	0.0	0.0	0.0	0.0	0.0	0.0	0.0	0.0	0.0	0.0	0.0	0.0	0.0	0.0	0.0	0.0	0.0	0.0	0.0	0.0	0.0	0.0	0.0	0.0	0.0	0.0	0.0	0.0	0.0	0.0	0.0	0.0	0.0	0.0	0.0	0.0	0.0	0.0	0.0	0.0	0.0	0.0	0.0	0.0	0.0	0.0	0.0	0.0	0.0	0.0	0.0	0.0	0.0	0.0	0.0
55340.44518053768	-75.63087476637884	3062564872.780096	5720.029217927679	67387.03965527343	-282.6237744140672	4541013113.501394	79876.19786405352	55895.73181175955	-53.151998080873454	3124332834.7721486	2825.134899989175	56089.20219768376	56708.51679275314	1.080185	24.745829	0.2012024999999999	0.111422	-0.0015501252	-0.0385613254	-0.051167657	0.0035068226	0.0247004407	-0.0515071417	-0.0182438626	-0.0411123198	-0.0241192068	-0.006425084	-0.0484928225	-0.0655030034	-0.045039171	-0.0078320296	-0.0082165359	-0.1055591648	0.0059457095	-0.0366355351	-0.0669178405	-0.041925423	-0.028212501	0.0333200438	0.045855671	0.0237537163	0.001459047	0.0201229732	-0.0244808479	0.0200521983	0.007834682	-0.0569381061	-0.0619840873	-0.0685709506	0.0287833058	0.0323415189	-0.0280584446	0.0316286808	0.0071446175	-0.0480366103	0.0461627306	0.0314814601	-0.0286888319	0.0686013015	0.0055978669	-0.0530644415	0.0147850038	-0.0263513349	-0.0299733153	0.0379930669	-0.0332782878	-0.0460029601	-0.0449832709	0.0016326603	-0.0710246161	-0.0112236356	0.0308531438	-0.0258719899	-0.0319892048	-0.0048837817	0.0464055803	-0.0166223972	0.0145623916	0.0055068734	-0.0495832719	0.0324384328	-0.0187289354	0.0077506	-0.020425236	-0.0451503208	-0.0026219622	-0.0600672047	-0.0151244614	0.0249543371	-0.0026973226	-0.0145287958	-0.005952954	-0.0309542645	0.0180790206	0.0170401862	-0.0039460104	0.0338750601	-0.035607683	0.0205958027	-0.0033597581	-0.0107468084	-0.0254639089	-0.0414268246	-0.0389344815	0.0266899372	0.0298434784	0.0363901329	-0.0120155048	-0.0126192287	-0.0170348072	-0.0098617331	-0.011534091	0.0377797727	0.0136970503	-0.0614657328	0.0297671386	-0.0254720561	0.0597759313	-0.0155779619	0.012248256	-0.0180385023	0.0195987521	-0.0131902411	-0.026411449	0.0180591765	0.0462682313	0.0010592931	-0.0176156906	-0.0279827248	-0.0327995929	0.0690913218	0.043900284	0.0290141301	-0.030902624	-0.0424572381	0.0254042809	0.0027814482	-0.0209457769	0.0256600904	0.0232064351	0.0080285491	-0.0507509455	-0.0428209148	-0.07986499	0.0428837246	0.0337448935	-0.0299298156	0.0291938335	-0.0002091554	-0.0560975776	0.05364042	-0.0306201923	0.0248690645	-0.0601332283	-0.0559646655	0.0150126371	-0.0066202632	0.0140046627	0.0511424556	-0.0404407116	0.0150437623	0.050555006	0.0598230965	0.0191559935	0.0446593184	-0.0245349413	-0.0054685937	-0.0248892452	0.0438080069	0.0306960297	0.0444780423	0.0186432308	-0.0286519978	0.0147331708	0.0459993378	-0.0315514309	-0.0230179663	-0.0149102935	0.0098718281	0.033141371	-0.006963448	-0.0557251649	0.0267905343	-0.0231756579	0.012196035	-0.0202125399	0.0010657291	-0.0249498071	0.0099387109	-0.0128624698	-0.0346179983	0.0276610913	-0.0072428422	0.0435120653	-0.00147288	-0.0165794638	-0.0170297545	-0.0310309559	-0.0337610881	-0.0212221401	0.0549078688	-0.0036273721	-0.0319627265	-0.0042752186	-0.0168833235	0.0106254868	0.0207126711	0.0443815621	-0.0144747054	0.0487602429	-0.0496206078	-0.0514849586	0.0371217849	0.0065624234	0.02158627	-0.0294113901	0.0075012471	0.0117489866	-0.0415720715	0.00489397	0.0278753017	-0.0102093049	-0.0371123551	0.010113498	-0.0006109758	-0.0807404846	-0.0184078973	0.1267384669	-0.0492637961	0.0671412535	-0.0143262085	0.0179759984	-0.0332703916	0.0169162573	-0.0073439788	0.0093938522	0.0325481786	-0.0152858224	-0.035321228	0.0305726209	0.0475817659	0.005080914	-0.0172265346	-0.0332057972	0.0033889959	-0.0246215118	0.0091336435	-0.0083596953	0.0226177288	-0.0427285664	0.0255947285	-0.0019363856	-0.0222155728	0.0407044271	-0.0488170731	0.0444854679	-0.0288138067	0.0057970462	0.018697474	-0.0384257095	0.0483586182	-0.0459641431	0.0318526742	-0.0096214501	-0.0150624352	0.0359066654	-0.0475977133	0.0471553442	-0.0346923251	0.0133856785	0.0113331913	-0.0331630496	0.0465391172	-0.0480516209	-0.0541496	-0.0136015	0.00018500080225	0.00293217918016	-4.20347	-0.0774699999999999	17.669160040900003	0.0060016008999999	-0.7318	0.0416509999999999	0.0017348058009999	0.53553124	-0.01421	-0.0009133	0.0002019241	8.34116890000001e-07	-0.00238529	0.0004221899999999	5.6896083841e-06	1.7824439609999986e-07	0.00171874	-3.410999999999996e-05	2.9540671876000003e-06	1.163492099999997e-09	0.0	0.0	0.0	0.0	0.0	0.0	0.0	0.0	0.0	0.0	0.0	0.0	0.0	0.0	0.0	0.0	0.0	0.0	0.0	0.0	0.0	0.0	0.0	0.0	0.0	0.0	0.0	0.0	0.0	0.0	0.0	0.0	0.0	0.0	0.0	0.0	0.0	0.0	0.0	0.0	0.0	0.0	0.0	0.0	0.0	0.0	0.0	0.0	0.0	0.0	0.0	0.0	0.0	0.0	0.0	0.0	0.0	0.0	0.0	0.0	0.0	0.0	0.0	0.0	0.0	0.0	0.0	0.0	0.0	0.0	0.0	0.0	0.0	0.0	0.0	0.0	0.0	0.0	0.0	0.0	0.0	0.0	0.0	0.0	0.0	0.0	0.0	0.0	0.0	0.0	0.0	0.0	0.0	0.0	0.0	0.0	0.0	0.0	0.0	0.0	0.0	0.0	0.0	0.0	0.0	0.0
55390.29567587411	49.85049533643178	3068084855.0607586	2485.071885287606	67160.04680859375	-226.9928466796846	4510471887.332503	51525.7524437468	55910.976815612914	15.245003853364324	3126037328.4760046	232.4101424890931	56103.58649128806	56689.73903745181	0.973912	22.311216	0.1445410000000002	0.0824557999999999	-0.0046730054	-0.0406598938	-0.049446259	0.0176730423	0.0452574952	-0.0345955826	-0.0123214136	0.0223849182	-0.0682793193	-0.0526038162	-0.028911684	-0.0045616421	-0.0728040657	-0.0020678145	0.0089036951	-0.1056128366	-0.0096790598	-0.0569811972	-0.0578547066	-0.0270772755	0.0241916214	-0.0257341799	-0.0114775594	0.0375519359	-1.89853e-05	0.0160211098	-0.0604554568	0.0009229227	0.0856090316	-0.0019548404	-0.0520542348	-0.0211620439	0.0020890321	-0.018317854	-0.0471370156	0.0295810678	0.0645476118	0.0088074861	0.0413674696	-0.004753151	-0.0433012436	0.0142639156	0.0060161981	-0.0446298462	-0.0004433683	-0.0510524242	0.0081698543	-0.040792235	-0.0185526255	0.0519838684	0.0034633813	-0.0125072847	-0.0396880052	0.001118612	0.0158142558	0.0346971411	-0.0106493564	0.0093738071	0.0332931476	-0.0200622988	-0.0534941463	0.000538642	-0.0171189544	2.45338e-05	-0.0391675691	-0.0118379512	-0.0096002137	-0.0669001584	-0.0504651974	-0.0369536301	-0.0536082471	0.009958113	-0.0019605085	0.0189516948	0.0515766186	-0.0174049313	-0.0372938557	-0.0454419937	0.0334281149	-0.0143324291	-0.0044864755	-0.0204898195	0.0267256939	0.0076078895	0.0150560882	-0.0225033586	-0.0065355257	-0.005449658	-0.0175893684	0.0134503472	0.018218243	0.0107705626	0.0163272927	0.003657008	-0.0109364306	-0.0164677774	-0.0144745121	-0.0104476676	0.0124234899	0.0352097156	-0.0303738809	-0.0139770097	-0.002831157	-0.0040677438	0.001663733	0.012198138	-0.0752709914	-0.0508799342	-0.0836986323	-0.0036834904	0.0343887765	0.0195287782	-0.05311041	0.0568702271	0.0324300015	-0.0240125064	0.0282067318	0.0162054624	0.0331519771	0.0114179137	-0.014316126	0.0597991861	-0.0143162188	0.0858903136	0.0023063112	-0.045152635	-0.0347169664	0.0129232745	-0.017986504	-0.0439152266	0.0264591848	-0.0631995086	-0.0084414474	0.0493904682	0.0083938062	0.034909526	-0.0094447694	-0.0683475286	0.0155012938	0.0095167097	0.0463954421	-0.0179324272	0.0305945014	0.0085041558	-0.0423006118	0.0138405575	0.0290870138	0.0218667089	-0.0124941659	0.0161669581	-0.0408808327	0.0031070059	0.0006556429	0.0336559105	0.0560995448	0.0537041242	0.0109470679	0.0150902403	0.0019906468	-0.04183886	0.0078490601	-0.0136358935	0.0599081517	0.0366267443	-0.0459467057	0.0648228353	-0.0248537982	0.0042022979	0.0133187847	0.0432358586	-0.0167889411	-0.0435021057	0.0380362967	0.0456428221	-0.0154072825	-0.0036990032	-0.0057846807	0.0304691784	0.0194844727	0.0110101937	-0.0180474113	-0.0033213589	0.0164271915	0.0050925238	0.0190780301	0.001523611	0.0132572124	0.0064568355	-0.0113135647	0.0117537106	-0.0210540045	0.0064732046	0.0122362634	-0.0037654409	0.0177074042	-0.0311093933	0.0267797627	0.0078674774	0.0124715098	0.0239097675	-0.0077364862	-0.0522412737	-0.055465911	-0.078031301	0.0457251054	0.0529576361	-0.0126337857	-0.0053230077	-0.0803222524	-0.0185354994	0.1367489812	-0.0291109616	0.0291515916	0.036151694	-0.0307316788	0.0075467537	-0.041659181	0.0079795363	0.0109196874	-0.0046881459	-0.0210711906	0.0239963846	0.0218196539	-0.0344289175	0.0518221986	-0.0341243215	0.0117898001	-0.01867892	-0.0116934267	-0.0293083123	0.0073347746	0.0126344978	-0.0428183818	0.0259085287	-0.0024892147	-0.021555509	0.0401844584	-0.0487171511	0.0450097667	-0.0299937775	0.0074419176	0.0169797078	-0.0371352188	0.0479605879	-0.0467359647	0.0337690332	-0.0123177063	-0.0122284171	0.0337021777	-0.0467083402	0.047979135	-0.0371952777	0.0170661886	0.0073507428	-0.0299208162	0.0449733504	-0.0487264292	-0.0581951	-0.0040455	1.6366070250000003e-05	0.00338666966401	-4.13964	0.0638300000000002	17.1366193296	0.0040742689	-0.7681719999999999	-0.0363719999999998	0.0013229223839999	0.5900882215839998	-0.013912	0.0002979999999999	0.000193543744	8.88039999999998e-08	-0.00287835	-0.00049306	8.2848987225e-06	2.4310816360000004e-07	0.00170393	-1.4810000000000084e-05	2.9033774449e-06	2.1933610000000247e-10	0.0	0.0	0.0	0.0	0.0	0.0	0.0	0.0	0.0	0.0	0.0	0.0	0.0	0.0	0.0	0.0	0.0	0.0	0.0	0.0	0.0	0.0	0.0	0.0	0.0	0.0	0.0	0.0	0.0	0.0	0.0	0.0	0.0	0.0	0.0	0.0	0.0	0.0	0.0	0.0	0.0	0.0	0.0	0.0	0.0	0.0	0.0	0.0	0.0	0.0	0.0	0.0	0.0	0.0	0.0	0.0	0.0	0.0	0.0	0.0	0.0	0.0	0.0	0.0	0.0	0.0	0.0	0.0	0.0	0.0	0.0	0.0	0.0	0.0	0.0	0.0	0.0	0.0	0.0	0.0	0.0	0.0	0.0	0.0	0.0	0.0	0.0	0.0	0.0	0.0	0.0	0.0	0.0	0.0	0.0	0.0	0.0	0.0	0.0	0.0	0.0	0.0	0.0	0.0	0.0	0.0
55457.1381582287	66.84248235458654	3075494172.7008657	4467.917447323212	67610.89983789063	450.85302929687896	4571233776.889278	203268.4540261724	55919.34633212947	8.36951651655545	3126973294.2126417	70.04880672089448	56106.15795410621	56826.26235732041	0.943128	21.605989	0.1669084999999999	0.0964497	-0.0028935076	-0.0373474352	-0.044385096	0.0077448196	0.0351895683	-0.0374387944	-0.042709784	-0.0212728967	-0.0122191662	0.0204813492	-0.0377909972	-0.0597043061	-0.0398411695	-0.0135154458	-0.0357631104	-0.0974092063	0.0229284353	-0.0191548921	-0.0403511089	-0.0504289295	-0.0110389174	0.0206543981	0.0531954926	0.0752256506	0.0067822487	-0.0112653009	-0.0160978061	0.0516489229	0.0332740095	0.0029452945	-0.0056705552	-0.0494713027	0.0557537297	0.0450685779	-0.0468007984	0.028492043	0.0590296986	-0.0206987857	0.0419943472	0.0079867245	-0.0300040365	-0.0341700372	-3.3115e-05	-0.0274055298	0.0149027192	-0.0787160404	-0.0386851986	0.041934097	-0.0078354905	0.044273455	-0.0098637607	0.0234353508	-0.0112598388	-0.0067751009	0.0015518523	-0.0559346657	-0.0111423327	0.0061745275	0.0203455471	0.0273493054	-0.0111725109	0.0030990512	-0.0347265845	0.0367144169	0.0261259978	-0.0464511369	0.0015137207	-0.0031458564	-0.0140744707	0.0219175754	0.0112946461	0.0227164575	0.0518235718	0.0232604542	0.0309586945	0.011472006	-0.0612263819	-0.0007962596	0.0120145719	0.0242038097	0.0084266315	0.0153896277	0.0129902398	0.0376979889	0.0143245181	-0.0201254222	0.0765213747	-0.0253837414	-0.0049843281	-0.0572408195	-0.003664936	-0.060311751	-0.0443338616	-0.0098364697	-0.0336548904	-0.0098611818	-0.0218336981	-0.0122002341	-0.005755829	0.0152610096	-0.0093095476	-0.0209507922	-0.0153586807	0.0092337738	0.0096639804	-0.0084757075	0.0004731695	0.0963281331	-0.0054891321	-0.0163885337	0.0088689667	0.0450036797	-0.0149486869	0.0426547395	0.0519295243	0.0131210897	-0.0222028023	-0.044735528	0.0748456501	0.0194061151	0.0136256337	0.0177448958	0.0450493951	0.0315829594	0.0146636288	-0.0006950359	-0.0448094546	0.0676286978	0.0391632212	-0.0481471949	0.0336549813	-0.0570117504	-0.0318865857	0.0379147712	-0.0016462671	0.0319659634	0.0423020348	-0.035847472	0.0030343244	-0.0060008502	0.0627384521	0.0490975753	-0.0227129408	-0.0151064987	-0.0409892668	0.016551586	0.0034361852	0.0414193708	-0.0033734239	-0.0115618969	0.043872483	0.0309968363	0.0272042643	0.0115078504	-0.0244260801	0.0112452817	0.0032320571	0.0314831911	-0.0453510853	0.0108212218	0.0460572719	-0.0091013744	0.0031793848	0.0171895533	0.0164576202	-0.0189110043	-0.0269545862	0.0258165536	0.0501799952	0.0259567574	0.0281537057	-0.0504540971	-0.0022702915	-0.0032274068	0.0121934858	0.0281492888	0.0160823577	0.0146741374	0.0384836676	-0.0013808207	-0.0317292079	0.0611189383	-0.0217359988	-0.0564905299	-0.0233771562	0.0372419576	-0.0483431263	-0.02978316	0.0493383997	0.0271572952	-0.0226365687	-0.0227556211	-0.000708036	-0.0130370205	0.0092058172	-0.0185903128	0.0312111825	-0.0050978675	0.014400999	-0.0221177715	0.0151279833	0.0043338174	-0.0305526986	0.0887024786	-0.0099715295	0.0348154262	0.0201214729	0.0012462138	-0.0702222481	-0.0238154028	0.1121479271	-0.0523273331	0.066406228	-0.0342248702	0.0317408853	-0.0288413284	0.0169898734	0.0035316479	-0.0102455962	0.0437619442	-0.0085931185	-0.0047504097	0.0347620136	0.0487586167	0.0077665072	-0.0101001461	-0.0219496581	-0.0040554766	-0.0150602276	0.0111431043	-0.0139420023	0.0376482722	-0.0429075896	0.0262208584	-0.0030417259	-0.0208905514	0.0396502352	-0.0485923444	0.0455027728	-0.0311465121	0.0090782364	0.015237851	-0.0357809787	0.0474645768	-0.0473957345	0.0355914973	-0.014974647	-0.0093499925	0.0313595323	-0.0456043123	0.0485572616	-0.0394872168	0.0206399614	0.0033178403	-0.02645413	0.0430402594	-0.048969429	-0.0500371	0.0081579999999999	6.655296399999998e-05	0.00250371137641	-4.21272	-0.07308	17.7470097984	0.0053406864	-0.729109	0.0390629999999998	0.0015259179689999	0.531599933881	-0.0145729	-0.0006608999999999	0.0002123694144099	4.367888099999987e-07	-0.0027042	0.00017415	7.312697639999999e-06	3.032822250000003e-08	0.00160683	-9.709999999999992e-05	2.5819026489e-06	9.428409999999984e-09	0.0	0.0	0.0	0.0	0.0	0.0	0.0	0.0	0.0	0.0	0.0	0.0	0.0	0.0	0.0	0.0	0.0	0.0	0.0	0.0	0.0	0.0	0.0	0.0	0.0	0.0	0.0	0.0	0.0	0.0	0.0	0.0	0.0	0.0	0.0	0.0	0.0	0.0	0.0	0.0	0.0	0.0	0.0	0.0	0.0	0.0	0.0	0.0	0.0	0.0	0.0	0.0	0.0	0.0	0.0	0.0	0.0	0.0	0.0	0.0	0.0	0.0	0.0	0.0	0.0	0.0	0.0	0.0	0.0	0.0	0.0	0.0	0.0	0.0	0.0	0.0	0.0	0.0	0.0	0.0	0.0	0.0	0.0	0.0	0.0	0.0	0.0	0.0	0.0	0.0	0.0	0.0	0.0	0.0	0.0	0.0	0.0	0.0	0.0	0.0	0.0	0.0	0.0	0.0	0.0	0.0
55528.430526745935	71.29236851723545	3083406596.76365	5082.601808797303	67328.07223046875	-282.82760742187384	4533069310.271217	79991.45551998158	55955.81555057725	36.46921844778262	3131053293.930223	1330.0038941920884	56142.35335952367	57265.68602120536	0.979217	22.432755	0.1362237999999998	0.0724020999999999	-0.00704923	-0.0330027767	-0.0429980824	0.0132898677	0.0557024034	-0.039711928	-0.0423015108	0.0128771199	-0.0591616557	-0.0713969624	0.0005304831	0.0310909813	-0.0906260271	-0.0093752771	-0.016148661	-0.0834244348	0.0191483726	-0.0619612121	-0.0338141045	-0.0165542242	0.0108074006	-0.0121906551	-0.0408513439	-0.0029219593	0.0219298943	0.0273350578	-0.0530121592	-0.0065660089	0.0276451998	0.0169593689	-0.0654254228	-0.0572061473	0.0093552287	-0.0207289793	-0.0513766046	-0.0205878345	0.0130143555	-0.0340329848	0.0576592203	-0.0336363603	-0.0150244844	0.0047256328	-0.0328095816	-0.0767274585	-0.0021956839	0.0294613659	-0.0206474694	-0.0522788193	-0.0009527778	0.0455990737	-0.0578836674	-0.0378977376	0.0367584282	-0.0363490622	0.046156001	-0.0310119848	0.0169887111	0.0078655936	0.0010862047	0.0345938114	-0.0557476081	-0.0013523161	0.0219373666	0.0145716456	-0.0446542657	0.0323285581	0.01077494	0.0020812855	-0.0367734562	0.0135650225	-0.0536451388	-0.0215197288	0.0041826113	0.0192924171	-0.0101578662	-0.033342453	-0.0092945597	-0.0378892077	0.0370524931	0.0236650319	0.0282061483	-0.0062443856	-0.0253247268	-0.031338636	0.0033351429	0.0422817213	0.0038555362	0.0082750341	0.0184646071	0.0513933664	0.0044564561	-0.0123138581	0.0573806448	-0.0282162724	0.0112724605	0.0339282173	0.0090829957	0.0273137657	-0.0257150368	0.0135222862	0.0237415324	0.0082397626	-0.0045533531	8.6157e-06	0.0536403364	-0.01806086	0.0385632488	0.0133765458	0.0074390235	0.018477592	0.0028665331	-0.0177175978	-0.0588761206	0.0354341112	0.0220165155	-0.0102467614	0.0159865128	0.0450502081	0.0008903622	-0.019287646	-0.0265063514	0.0546982969	-0.011148678	0.0249718114	0.0180848092	-0.0522971283	-0.0672474006	0.0166044705	-0.018635625	-0.0496465512	-0.0277644436	-0.0085803416	-0.046801987	0.0586427695	0.0289371755	0.0052708006	-0.0050834019	-0.0731821585	-0.0183094697	-0.0065158538	-0.0367585129	-0.0052298224	0.0695228991	0.0046466293	-0.0394687585	0.0593488042	-0.0155107028	-0.0388454328	-0.0162437643	-0.0577955824	0.027700231	0.0191112199	-0.0130876297	-0.0085680541	-0.0007969858	0.0649083626	0.0071305285	-0.0211639605	0.0010683041	-0.0525626227	-0.0321740519	-0.0157589751	0.0007733147	0.0369812441	0.0193276007	0.0561698462	0.0137512681	0.0047051331	0.0115142517	-0.013988244	-0.0294239839	-0.0232030774	0.043865435	0.0029191123	0.025735051	0.0328571501	-0.0201659098	-0.001616015	-0.0387725052	0.0013662047	0.030218126	0.0393902981	0.0394318296	0.0404739183	0.0286815941	-0.0076292174	-0.0300293087	-0.0088922931	-0.0478405528	-0.0089879727	0.0486692071	-0.0085673914	-0.0328246043	0.0043414301	-0.0051759148	-0.0215788563	-0.0271930797	0.0231225881	-0.0088270843	0.0338664113	0.0356941722	0.0304776883	0.007051582	0.028851886	-0.029032444	-0.0075406558	-0.0282229682	0.0336605744	-0.0684082431	-0.0174998503	0.1208352385	-0.0306785629	0.02393623	0.0396639656	-0.0558286951	0.0383821176	-0.0463349836	-0.0126462856	0.0213983899	0.0005460324	-0.0103445782	0.0134963913	0.0328098576	-0.0348849696	0.04441464	-0.0260358664	0.00754043	-0.0002068352	0.0039924396	-0.0231496297	0.0134635101	0.0123619445	-0.0429961886	0.0265316999	-0.0035938487	-0.0202208511	0.039101947	-0.0484427166	0.0459641431	-0.0322709638	0.0107041222	0.013474375	-0.0343653138	0.0468715983	-0.0479418706	0.0373149993	-0.0175837917	-0.0064376142	0.0288883326	-0.0442907033	0.0488867639	-0.0415551402	0.0240846454	-0.0007378352	-0.0227889965	0.0407556328	-0.0487784667	-0.0480633	0.0019737999999999	3.895886439999991e-06	0.00231008080689	-4.17553	0.0371899999999998	17.435050780900003	0.0013830960999999	-0.766606	-0.037497	0.001406025009	0.587684759236	-0.0140611	0.0005117999999999	0.00019771453321	2.6193923999999976e-07	-0.00329988	-0.0005956799999999	1.0889208014399998e-05	3.548346623999999e-07	0.00169061	8.377999999999988e-05	2.8581621721e-06	7.019088399999981e-09	0.0	0.0	0.0	0.0	0.0	0.0	0.0	0.0	0.0	0.0	0.0	0.0	0.0	0.0	0.0	0.0	0.0	0.0	0.0	0.0	0.0	0.0	0.0	0.0	0.0	0.0	0.0	0.0	0.0	0.0	0.0	0.0	0.0	0.0	0.0	0.0	0.0	0.0	0.0	0.0	0.0	0.0	0.0	0.0	0.0	0.0	0.0	0.0	0.0	0.0	0.0	0.0	0.0	0.0	0.0	0.0	0.0	0.0	0.0	0.0	0.0	0.0	0.0	0.0	0.0	0.0	0.0	0.0	0.0	0.0	0.0	0.0	0.0	0.0	0.0	0.0	0.0	0.0	0.0	0.0	0.0	0.0	0.0	0.0	0.0	0.0	0.0	0.0	0.0	0.0	0.0	0.0	0.0	0.0	0.0	0.0	0.0	0.0	0.0	0.0	0.0	0.0	0.0	0.0	0.0	0.0
55541.72551415829	13.294987412351476	3084883273.0901017	176.75669029458416	67925.74258789062	597.67035742187	4613906506.116378	357209.85614078585	55971.49663019826	15.681079621004756	3132808435.024295	245.89625808029064	56168.80891338606	57062.31879312094	1.005462	23.034008	0.0932826999999999	0.04525	-0.0038056855	-0.0321842111	-0.0378676356	0.0120207796	0.0604325065	-0.0349251404	-0.031893403	-0.0344981104	-0.0211363291	0.0572599576	-0.0335776314	-0.0523585304	-0.0461378761	-0.002274055	0.0599604442	-0.0795156811	0.0476618582	-0.0568755347	-0.0426100239	-0.0291238913	0.0049549268	0.036675726	0.0146060359	0.0689997278	-0.0170363319	0.0036736344	-0.0308903131	0.0224641461	-0.0059571223	0.0039368794	0.0541488507	-0.0506397974	0.0066792485	0.0173145478	-0.0244790769	-0.0256770051	0.0301269288	-0.0626842652	0.062362606	0.0209278317	-0.0221172049	0.0107688175	-0.040675969	-0.0528788109	0.0374652991	0.0177782026	0.0459161751	0.0161885806	-0.0401421667	-0.0278264	0.0074246767	0.0005304221	-0.0489415981	0.0175913247	0.001509304	-0.0041059703	-0.0397078062	0.0561662606	-0.0065277575	-0.0028658115	0.0527197365	-0.0014387678	-0.0786253012	0.0052359847	-0.0282363569	-0.0673290722	-0.0570347933	-0.0122817549	-0.0061299084	0.0158333798	0.0198187349	0.0166768217	-0.0303647906	0.0621334251	0.0041945346	-0.0094954503	0.0014656153	0.0252655907	0.0608366758	0.0377174142	-0.0690757852	-0.0353205148	-0.0192949538	-0.0019594538	0.051975282	-0.0085199835	-0.0170681884	0.0080550814	0.0423658898	0.018672764	-0.0291971554	0.0490972455	-0.0468484291	-0.0140604269	-0.0220608997	0.0041726785	0.0362329103	-0.0004770648	0.0103361938	-0.0258219845	0.0433575887	0.0388136308	-0.0051814563	0.0645282518	0.0013286262	0.0643414772	0.0248667494	0.040587383	-0.0450321707	-0.021088652	0.0091144049	0.0078324287	-0.0550749756	0.045679247	0.0307377105	-0.0036876936	-0.0388076186	-0.0119929768	0.0567085926	0.0453783171	0.0008430607	0.0357211305	0.0216378147	-0.0080553291	0.0197024749	0.0604937326	-0.0378035767	0.0222711262	0.014336671	-0.0278229875	-0.0272242448	-0.0253683959	-0.0650909234	0.0644930643	-0.0238377329	0.0185698397	-0.0181414279	-0.0480747614	-0.0351071518	-0.0329043959	-0.0320152909	-0.039178772	-0.0412550736	0.0153947799	0.034225496	0.0094869336	0.0386605889	0.0473985181	0.0131224187	0.0098313512	0.008406893	-0.0262874181	0.0469145039	0.0201789603	0.006852889	-0.0369569982	0.0446527509	0.081143791	-0.0048270784	-0.0323769119	0.049574915	0.043152396	0.0419812904	-0.0028406716	0.0114914374	-0.0030949005	-0.009294192	-0.0604859295	0.0445336419	-0.0003840163	-0.0224852731	-0.0152222266	0.0033371117	0.0285061639	0.0675461586	-0.0390965357	0.0216801048	-0.0411074685	0.0258646275	0.060801309	-0.0137671081	-0.0151070092	-0.0397437888	0.0189908654	-0.0559473167	-0.0395546964	0.0458318107	-0.0164558767	0.0038728266	0.0174702003	0.0283771487	0.0251480706	0.0061444783	-0.0004837081	-0.0379831733	0.0157202714	-0.0200379498	-0.0786479826	0.0137376459	0.0266321734	-0.0393676834	0.0449337374	-0.0160654465	0.0408563779	0.0235063683	0.024650089	-0.0140425019	0.0076339095	-0.0617957995	-0.021613445	0.1174851329	-0.031287408	0.0395025409	-0.0050925458	0.0399472499	-0.0396522394	0.0302862303	0.0323042036	-0.058608184	0.0335603451	-0.0149980518	-0.0226262222	0.0298991768	0.03665719	0.00608226	-0.0053575236	-0.0112882451	0.0059053484	0.0152775382	0.0057205735	-0.0123320842	-0.0143505897	-0.0430841775	0.0268410355	-0.0041455125	-0.0195465601	0.0385397882	-0.0482683442	0.0463935571	-0.0333661115	0.0123177063	0.0116917818	-0.0328906545	0.0461828639	-0.0483730638	0.0389347468	-0.0201368126	-0.0035018582	0.026298709	-0.04277355	0.0489659547	-0.0433873161	0.0273786964	-0.0047884463	-0.01895291	0.0381381307	-0.0481552347	-0.0580915	-0.0100281999999999	0.0001005647952399	0.00337462237225	-4.20744	-0.0319099999999998	17.7025513536	0.0010182480999999	-0.768186	-0.00158	2.4964000000000817e-06	0.590109730596	-0.0143701	-0.000309	0.00020649977401	9.548100000000017e-08	-0.00291	0.00038988	8.4681e-06	1.520064144e-07	0.00198702	0.00029641	3.9482484804e-06	8.785888809999999e-08	0.0	0.0	0.0	0.0	0.0	0.0	0.0	0.0	0.0	0.0	0.0	0.0	0.0	0.0	0.0	0.0	0.0	0.0	0.0	0.0	0.0	0.0	0.0	0.0	0.0	0.0	0.0	0.0	0.0	0.0	0.0	0.0	0.0	0.0	0.0	0.0	0.0	0.0	0.0	0.0	0.0	0.0	0.0	0.0	0.0	0.0	0.0	0.0	0.0	0.0	0.0	0.0	0.0	0.0	0.0	0.0	0.0	0.0	0.0	0.0	0.0	0.0	0.0	0.0	0.0	0.0	0.0	0.0	0.0	0.0	0.0	0.0	0.0	0.0	0.0	0.0	0.0	0.0	0.0	0.0	0.0	0.0	0.0	0.0	0.0	0.0	0.0	0.0	0.0	0.0	0.0	0.0	0.0	0.0	0.0	0.0	0.0	0.0	0.0	0.0	0.0	0.0	0.0	0.0	0.0	0.0
55399.13678935143	-142.58872480685386	3069064357.0052714	20331.544442044706	67330.72320703125	-595.0193808593758	4533426287.581856	354048.0635982749	55913.32086217058	-58.17576802767872	3126299449.8360395	3384.419985610285	56108.931584874525	56948.16812030743	1.072744	24.575359	0.0886134999999999	0.054089	-0.0053512292	-0.0196511754	-0.030724493	0.0073750837	0.0357610975	-0.0326436526	-0.0126411645	0.0182223511	-0.0484385002	-0.0655147303	0.0246706768	0.0001178291	-0.0642606462	0.0052387057	-0.0107724819	-0.0729971624	-0.0202454766	-0.0530587749	-0.0256570905	0.0028671027	-0.0107379301	-0.0357844926	0.006137489	-0.024961862	0.0198310598	0.0080612462	-0.0238699222	0.0261812025	-0.0084015649	0.005985566	-0.0999626798	-0.0106292717	-0.007553795	-0.0238321652	-0.0066088876	-0.0334538514	0.0821662456	-0.0506809913	0.0035396105	-0.0228029384	-0.0144458644	-0.0135998768	-0.0641401129	-0.0414969163	0.0700668347	-0.008119395	-0.0210815423	-0.0341020469	-0.028095038	-0.0236368997	-0.035891848	0.0048639426	-0.0388791681	-0.0099540012	-0.0540028572	-0.0124258853	-0.0221918966	-0.0403541726	0.0364703542	0.0014676448	-0.033847664	0.0058482045	-0.010484056	0.0194424027	0.0205471378	-0.048859751	0.0524074761	0.0204736433	0.0038345348	0.047174924	-0.010971107	0.0070352944	-0.0024801995	-0.0126891154	0.0184729743	0.0229904221	-0.0520889191	0.0010242239	0.0256297969	0.0512322297	0.023861623	-0.0049185551	0.0463487036	0.0095714164	0.0258287173	-0.0149841188	0.0308041317	-0.0035460838	0.0834224446	-0.0134431309	-0.0101561969	0.0746101359	0.0715878136	-0.0205772906	-0.0409343757	0.0271238323	0.0223143587	-0.024289007	0.0474634272	-0.014414814	-0.0031829929	0.0307352543	-0.0272683057	0.0061790289	0.0102317837	0.0422970089	-0.0001712652	0.0026648025	0.0579939662	0.0018725965	0.0177010966	0.0047515093	-0.0523740139	0.0271815058	0.0004517323	0.0090873849	0.0402267932	-0.0060235981	-0.0178577745	-0.0290584779	-0.0083869559	0.025157389	0.0258921047	-0.0049219442	0.0008574486	-0.0933497228	-0.0263592485	-0.0039221949	-0.0150577292	-0.0048997064	-0.0377695973	-0.0759815225	-0.0666105102	0.0055380277	0.017790338	0.0043884402	0.0142799924	-0.066643279	-0.051636007	-0.0670536014	0.0194998646	0.0035468337	0.0275967654	0.0282504456	0.033374657	0.0335487457	-0.0156802699	0.0071269115	-0.0491909682	0.0654269179	-0.0112637619	0.0357171445	0.0190252045	0.0118496863	-0.0003435251	0.0197558178	-0.0155592596	0.0133740904	-0.0248908854	0.0090539752	0.0548969114	-0.0442742001	-0.030312112	-0.0025283219	0.04953804	-0.0033603735	-0.0075401899	-0.0054000561	-0.0007850525	0.0157933754	0.0394369114	-0.0353549022	0.0037849184	-0.0038068184	0.0336250442	0.0143637558	-0.0010783125	0.0561583008	0.0168100406	0.0231991433	-0.029915979	0.0459952855	-0.0090693107	0.0474739512	-0.0692654712	0.0240665936	0.0217803889	0.0367864037	-0.086900108	0.0367161281	0.0206249869	0.0008544924	0.0377885418	0.0145392967	-0.0094258256	0.0181782139	-0.024249069	0.0034106892	0.0398235219	0.0415939508	-0.0135233646	-0.0262524788	0.0259793563	0.020675112	-0.0365531068	-0.0305391983	-0.0218919023	0.0237122832	-0.0535877114	-0.0151903932	0.090052304	-0.028429339	0.0387223153	0.0055269298	-0.0404440991	0.0292948976	-0.0307326073	-0.0351969351	0.0459798048	0.0097981936	0.0087478072	0.0117499015	0.0391330125	-0.0415549344	0.0433405196	-0.0066187048	0.0040138919	0.0154134037	0.0163332281	-0.0298847002	0.001897846	0.0145240918	-0.043171555	0.0271488476	-0.004696647	-0.0188678315	0.0379639583	-0.0480693164	0.0467907162	-0.0344309608	0.0139171345	0.0098926005	-0.0313595323	0.0453997805	-0.0486882801	0.0404462362	-0.022625561	-0.0005533855	0.0236012772	-0.0410598248	0.0487944286	-0.0449733504	0.0305015125	-0.0088061905	-0.014974647	0.0352091317	-0.047105256	-0.0566185	0.0014729999999999	2.169728999999985e-06	0.00320565454225	-4.24024	-0.0327999999999999	17.979635257600002	0.0010758399999999	-0.7637319999999999	0.0044540000000001	1.9838116000001605e-05	0.5832865678239998	-0.0150762	-0.0007060999999999	0.00022729180644	4.985772099999992e-07	-0.00291	0.0	8.4681e-06	0.0	0.00169539	-0.0002916299999999	2.8743472521e-06	8.504805689999998e-08	0.0	0.0	0.0	0.0	0.0	0.0	0.0	0.0	0.0	0.0	0.0	0.0	0.0	0.0	0.0	0.0	0.0	0.0	0.0	0.0	0.0	0.0	0.0	0.0	0.0	0.0	0.0	0.0	0.0	0.0	0.0	0.0	0.0	0.0	0.0	0.0	0.0	0.0	0.0	0.0	0.0	0.0	0.0	0.0	0.0	0.0	0.0	0.0	0.0	0.0	0.0	0.0	0.0	0.0	0.0	0.0	0.0	0.0	0.0	0.0	0.0	0.0	0.0	0.0	0.0	0.0	0.0	0.0	0.0	0.0	0.0	0.0	0.0	0.0	0.0	0.0	0.0	0.0	0.0	0.0	0.0	0.0	0.0	0.0	0.0	0.0	0.0	0.0	0.0	0.0	0.0	0.0	0.0	0.0	0.0	0.0	0.0	0.0	0.0	0.0	0.0	0.0	0.0	0.0	0.0	0.0
55494.83643807095	95.69964871952106	3079676871.288248	9158.42276503973	68154.50083789062	823.7776308593748	4645035984.462033	678609.5851042843	55990.680490283485	77.35962811290665	3134956301.765012	5984.512061767216	56186.74104461525	57298.62328308898	1.172244	26.854778	0.0878567999999998	0.0431189	-0.0050655507	-0.0165369169	-0.0289552764	0.0034161843	0.0388673246	-0.0308073907	-0.0157231591	-0.0264251327	-0.0014010962	0.0813084926	0.0243982429	-0.0712575371	-0.0261463046	0.0229510643	0.0410728639	-0.0775879742	0.0555923924	-0.0397604048	-0.0111603031	-0.0489430529	-0.0058043812	0.0481193389	0.0390755457	0.0845891829	-0.0030584833	-0.034504761	0.0165020158	0.0266017481	0.0665380623	0.0136757939	0.1059593117	-0.0553252551	0.0540470689	0.0302355767	-0.0323247405	-0.1137704651	0.0186264979	0.0090766728	0.0318000444	-0.0220575069	-0.0001340649	-0.0211586219	-0.0101643124	-0.0351085481	0.035267033	0.008407602	0.0004149214	0.0456532034	0.018442545	0.0427518692	0.0174295016	-0.0262773562	0.0431616341	-0.0146154131	-0.023631703	-0.0108794502	-0.0345354396	0.0323952629	0.0188568486	-0.0304436111	0.043687607	0.0025589042	-0.0243718409	-0.0367551301	0.0119930954	0.0304228808	-0.0124471492	0.0323494875	0.031303978	-0.0646724559	-0.0289951978	-0.0597619574	0.022631033	-0.0260959876	-0.0227962946	0.0355396079	-0.0048880795	0.0220378422	-0.0007776866	-0.0224194755	0.0466236655	-0.0346480386	0.0570253266	-0.0325320396	-0.0437014457	-0.0421869601	-0.0178806703	-0.0101043327	0.000636916	0.0095109341	0.0566905887	0.055178837	-0.0013358419	-0.0067280743	0.0280281281	0.0100233574	-0.0015592328	0.0174683655	-0.0907809047	0.0012104513	-0.0012806121	-0.034777357	0.0463996498	0.0044758307	0.0323228457	0.0071377104	-0.0267776633	0.0193158724	-0.0292958866	-0.0176787096	-0.01615595	0.0402079856	-0.0375813297	0.0129578781	0.0501782725	0.0084515729	-0.0509027033	-0.0326941998	0.0809217943	0.0331153994	0.0393544505	-0.0138761181	0.0135540272	0.0550247321	0.042392881	0.1066323926	-0.0313597813	0.0742739971	0.0223471188	-0.0374944093	-0.1067963652	-0.0253440711	0.0108913979	0.0259389845	0.0184569848	0.0024444642	0.0212187559	-0.0264136356	-0.0029574545	-0.0370747602	-0.0140983512	0.0076074589	-0.0309694926	-0.0282916776	-0.0496933768	-0.020033201	-0.0026817732	-0.039956268	0.0018951167	-0.0060124443	0.0369444851	-0.0207299614	0.0401943389	0.0262328001	0.0062505886	-0.0500773001	0.0217822115	0.0213467713	0.0339635457	0.0300779001	-0.0237794724	0.0275022735	-0.0405245059	-0.0160423187	-0.0350959919	0.0354162945	0.0453291356	0.0602288929	-0.0179388708	-0.025236754	0.0400019649	0.0055455185	-0.0240984515	0.0098501691	-0.0081775206	-0.0151409383	-0.0556580607	0.0668226565	-0.028219936	-0.014307822	-0.0265002917	-0.0465749429	0.0013010519	0.0097986661	-0.0033649453	0.02625279	0.0704717019	-0.014101145	-0.0027709188	-0.0206868129	0.0246539208	0.004997813	-0.0586146378	-0.0164230637	0.0584731065	-0.0056708624	0.0109546921	-0.0003801758	-0.0620428931	0.0077203648	0.0039953867	-0.0204519436	-0.0088549804	0.0388378552	0.0309500612	0.0519251253	0.040299698	-0.0490886357	-0.0418324338	-0.0201042249	0.0824864862	-0.0177471277	0.0470742863	-0.0523335338	0.0486102595	-0.0345685868	0.0002784465	0.0795965726	-0.0820424621	0.0442093577	-0.0187572485	-0.0042443792	0.0283680037	0.0169954555	0.0045138916	0.021737227	-0.007754359	-0.0026859232	0.0193754949	0.0062916085	-0.0170038831	-0.0091177338	-0.0432583199	0.0274551188	-0.0052471816	-0.0181848193	0.0373746616	-0.0478457346	0.0471553442	-0.0354645447	0.0155005685	0.0080793838	-0.0297745756	0.0445239479	-0.0488867639	0.0418452649	-0.0250420933	0.0023970967	0.0208070951	-0.0391574033	0.0483730638	-0.0463042454	0.0334335625	-0.0127634908	-0.0108840509	0.0319925587	-0.0456378354	-0.0592048	-0.0025862999999999	6.688947689999999e-06	0.00350520834304	-4.26406	-0.0238199999999997	18.1822076836	0.0005673923999999	-0.782776	-0.0190440000000001	0.000362673936	0.612738266176	-0.0157036	-0.0006274	0.00024660305296	3.936307600000024e-07	-0.00278227	0.0001277299999999	7.7410263529e-06	1.6314952899999984e-08	0.00178839	9.299999999999998e-05	3.1983387921e-06	8.648999999999997e-09	0.0	0.0	0.0	0.0	0.0	0.0	0.0	0.0	0.0	0.0	0.0	0.0	0.0	0.0	0.0	0.0	0.0	0.0	0.0	0.0	0.0	0.0	0.0	0.0	0.0	0.0	0.0	0.0	0.0	0.0	0.0	0.0	0.0	0.0	0.0	0.0	0.0	0.0	0.0	0.0	0.0	0.0	0.0	0.0	0.0	0.0	0.0	0.0	0.0	0.0	0.0	0.0	0.0	0.0	0.0	0.0	0.0	0.0	0.0	0.0	0.0	0.0	0.0	0.0	0.0	0.0	0.0	0.0	0.0	0.0	0.0	0.0	0.0	0.0	0.0	0.0	0.0	0.0	0.0	0.0	0.0	0.0	0.0	0.0	0.0	0.0	0.0	0.0	0.0	0.0	0.0	0.0	0.0	0.0	0.0	0.0	0.0	0.0	0.0	0.0	0.0	0.0	0.0	0.0	0.0	0.0
55477.11339829037	-17.72303978058335	3077710111.0067687	314.1061390641399	68542.47352148438	387.97268359376176	4698070676.443388	150522.80321494516	56089.76057218629	99.08008190280816	3146061241.045184	9816.862629867172	56281.56783532053	57157.18898894075	1.800544	41.248432	0.8901496000000002	0.551922	-0.0080972302	-0.0109825666	0.0128079152	0.0095602049	-0.0494250102	0.0064219125	-0.0508987578	0.0019309192	0.0824842415	-0.0270331531	0.093405137	-0.2473680037	-0.0864122287	0.0326807865	-0.0083064299	0.1348676378	0.0278429019	0.0145482554	0.126783865	-0.1092176761	-0.1806696548	-0.0323419223	0.0893829823	0.0060976071	-0.0148352813	-0.0412662592	0.0611785886	0.0486823127	0.0102166577	0.0639342076	0.0155010929	0.1314975114	0.1219883468	0.0655863113	-0.0075173509	0.0398120284	0.0661658718	-0.1266357101	0.0047126208	-0.000442924	0.0103406101	-0.0415697026	0.0499687449	-0.0168026612	-0.0459451104	-0.0400846875	-0.022888132	-0.0212613089	-0.012552029	0.00188442	-0.0029322282	0.0382895792	0.0184553987	-0.0458676841	-0.0872021214	0.0654807519	-0.0061098021	-0.062795677	0.0465812611	-0.0335428871	0.0036056344	-0.0094834247	0.0924693892	-0.0244848196	0.0244931109	0.0293374281	0.0293257301	0.0414309212	0.0174297745	-0.0357075041	-0.0396709204	-0.0417620431	0.0356528291	-0.0102037413	-0.0163286909	0.0447318253	0.0198281449	-0.0351835831	0.0483915364	0.0479046971	-0.0215325979	-0.042815394	0.0527310525	-0.0365242759	0.0888937889	0.0655103367	-0.0523443116	0.0307645794	0.0417480074	0.0147562054	0.0414143194	0.0168680957	0.0158373376	0.0168345883	-0.051005496	0.0159024027	-0.0408527619	-0.0639825859	-0.0292243399	0.0297636797	-0.0249684125	0.0541961614	-0.0292104527	0.0600568733	-0.0163509707	0.0015641519	-0.112842411	-0.0022294006	-0.0036840879	0.0637717059	0.0034402727	-0.0248840372	0.0120063569	-0.1235192164	0.0986147176	0.1884499288	0.0307327668	-0.0904890774	0.006346796	0.0085834591	0.0463343444	-0.0581131792	0.0306756707	0.0092325773	0.0728558536	-0.0201578222	0.1482473016	0.1146693289	0.0627223434	-0.0117229519	0.0472201909	-0.05489546	-0.1328497061	-0.006147491	0.0010632126	-0.0099141697	0.0563241179	-0.0113583669	0.0482915963	0.0502615462	0.029610132	0.0227907263	0.0235921566	0.0106440515	-0.0041661988	-0.0251277952	-0.059296582	-0.0090509057	-0.0604476382	0.0623891685	-0.0481159796	-0.0248641165	-0.0192720757	0.0189225173	-0.0054329384	-0.0254311945	-0.0517739164	-0.0920249071	0.0223433477	0.0330400062	-0.0087011537	-0.0081696082	-0.0555162501	-0.0059322876	-0.0207244585	0.0409896344	0.035361329	0.0430776396	0.0110615367	-0.0225155742	0.031858183	0.0265648424	0.0659945805	0.0216777478	0.0504514504	-0.0325061776	-0.0003154596	0.0407359365	0.0064422674	0.0985698025	0.0768323386	-0.0033541429	-0.0046422511	0.0783975642	-0.0063115015	0.0024643193	0.0292632838	0.0175327136	0.0057144285	0.0558338836	-0.0127343627	-0.0244288894	0.0356382853	-0.0506211255	0.046573422	-0.0379568087	-0.0355618473	-0.0643657159	0.0466001624	-0.0019978702	0.0195485944	-0.0901227341	-0.0452898954	-0.0365093526	-0.0416038067	0.0019964268	-0.0218706767	0.0077138064	0.0123947743	-0.0516270026	-0.1356626955	-0.2721954561	0.1330964615	-0.1454494973	-0.1276491637	0.0028682594	0.0597134597	0.0267904038	-0.0136986952	0.042985397	-0.03202811	-0.0410684918	0.1237583724	-0.0175033654	-0.0772618264	-0.0441393252	0.0379473993	0.0022716137	-0.0959084806	0.0469222091	0.0125978318	-0.0919710492	-0.0433444711	0.0277598318	-0.0057970462	-0.0174976787	0.036772107	-0.0475977133	0.0474871876	-0.0364659247	0.0170661886	0.0062547041	-0.0281385053	0.0435571555	-0.0489680393	0.0431279427	-0.0273786964	0.0053388741	0.017927617	-0.0370750283	0.0477040178	-0.0473724506	0.0361565084	-0.016633185	-0.0067118073	0.0285146833	-0.0437659771	-0.0463967	0.0128081	0.00016404742561	0.00215265377089	-4.69938	-0.4353199999999999	22.0841723844	0.1895035023999999	-0.450688	0.332088	0.110282439744	0.2031196733439999	-0.015274	0.0004296	0.0002332950759999	1.845561600000019e-07	-0.00105883	0.00172344	1.1211209689e-06	2.9702454335999995e-06	0.00174276	-4.5629999999999846e-05	3.0372124176000004e-06	2.082096899999986e-09	0.0	0.0	0.0	0.0	0.0	0.0	0.0	0.0	0.0	0.0	0.0	0.0	0.0	0.0	0.0	0.0	0.0	0.0	0.0	0.0	0.0	0.0	0.0	0.0	0.0	0.0	0.0	0.0	0.0	0.0	0.0	0.0	0.0	0.0	0.0	0.0	0.0	0.0	0.0	0.0	0.0	0.0	0.0	0.0	0.0	0.0	0.0	0.0	0.0	0.0	0.0	0.0	0.0	0.0	0.0	0.0	0.0	0.0	0.0	0.0	0.0	0.0	0.0	0.0	0.0	0.0	0.0	0.0	0.0	0.0	0.0	0.0	0.0	0.0	0.0	0.0	0.0	0.0	0.0	0.0	0.0	0.0	0.0	0.0	0.0	0.0	0.0	0.0	0.0	0.0	0.0	0.0	0.0	0.0	0.0	0.0	0.0	0.0	0.0	0.0	1.0	0.0	0.0	0.0	0.0	0.0
55376.78164804861	-100.33175024176307	3066587945.695653	10066.460106575523	67542.46173535156	-1000.011786132818	4561984137.27143	1000023.5724045492	55818.495919970985	-271.26465221530816	3115704486.767817	73584.51154149209	56013.25358289724	57571.60324041193	1.729146	39.612782	0.71798155	0.334851	-0.0098126237	0.0089190982	0.0042435161	0.0005214465	-0.0359592614	0.024904976	0.0057383561	0.0371003674	-0.0425436894	3.03387e-05	-0.0055839526	0.0906710353	-0.0873665098	-0.0194208599	-0.0791101267	0.1184144302	0.0184250098	0.0276489624	-0.0077907034	-0.0395265362	-0.0048381644	-0.0733541015	-0.1167144497	-0.1118740853	-0.1020164396	-0.0417451273	0.0122205939	0.0113900545	0.0075313872	0.0975358999	-0.0629461253	0.0189033805	-0.0515632465	0.1005395803	-0.0193831793	-0.0559864097	-0.0586667591	-0.1085803134	0.0092131519	0.0448700966	0.0315331652	-0.054418554	0.0242938277	-0.0347463075	-0.0659430869	-0.0476577386	0.0124328465	-0.0835902093	-0.0304550411	-0.0888991712	-0.0058389985	0.0274814863	-0.0131105714	0.019951023	-0.011161996	-0.0704142984	0.001714627	0.004193943	0.0067798089	0.0172616645	0.0347563845	0.0236139797	-0.0165924448	-0.0062526799	0.0476675994	-0.0628443748	0.0558109328	0.1147362955	-0.0200226756	0.0438203596	-0.011859956	0.049777966	0.08067514	0.0576550381	0.0077911853	-0.0809527352	-0.0206285889	0.0756571016	0.004818218	-0.0417855128	0.0645380564	-0.0451311378	0.0056815451	0.0322487716	0.0418697735	-0.0247395276	-0.0366980412	0.0405325828	0.0146745606	-0.1005042294	0.0202212669	0.0087357497	-0.0201341368	0.0360733855	-0.0272867992	0.0381983064	0.0393177787	0.0052229708	0.0329791957	0.0864592425	-0.0281878559	-0.0408501288	0.0049846061	-0.0194855634	-0.006668772	0.0413427415	0.1017052847	0.0471953608	-0.0597120878	0.0112841663	-0.0605988211	0.0047448446	0.0276596449	0.0083243464	0.0381637455	0.0047982496	0.0739565599	0.0892251456	-0.1558642171	0.0653847597	0.0411165909	-0.0222125029	0.0024497321	0.0124447835	0.091531595	-0.0637788928	0.0122252086	-0.0579417576	0.1096277579	-0.031671832	-0.0559159247	0.0642226323	-0.1014523809	0.0037105505	-0.0483584936	-0.0274116347	0.06964029	-0.000739668	0.0178968265	0.0795398285	0.0264486473	-0.0351976007	0.0604633308	0.0142715624	0.1115951121	0.0153486636	0.0108663288	0.0442286257	0.010231452	0.0008420234	0.0634882075	0.0309131595	0.014789261	-0.0076542271	-0.047074616	-0.0225849572	-0.0099209402	0.0245278129	0.0105351811	0.0484198467	0.07550691	-0.0252629188	-0.1146325533	0.0270703129	0.0617086175	-0.0131502868	-0.0629859296	0.0410650482	0.0630251915	0.0003106015	-0.0588665736	-0.0363513608	-0.0661059389	-0.0168637109	0.010286473	0.0305654338	-0.1010912791	-0.0293186207	0.0462678361	0.0384005929	0.0052790211	-0.0547237748	-0.091646933	-0.0028082211	-0.016999625	0.0564645162	-0.0030957865	0.0249283757	0.0406303015	0.0140284604	0.0401172925	0.0052359829	0.0330674281	0.0386465146	0.0065210903	-0.0760786198	0.0353990142	0.038617938	0.0077155422	0.0088574603	-0.0419403561	0.1269209177	-0.0375721458	0.0074426407	0.0012721865	-0.0304256983	0.0466500292	-0.050177937	0.0058259633	-0.0074738017	-0.0719736549	-0.053720337	0.0586957358	0.0883494154	-0.159295405	0.0348097727	0.0722605553	-0.1514696355	0.006241411	-0.0094604869	0.0078909847	0.0482163505	0.0780821497	-0.0292452682	-0.0395004073	0.0190782517	-0.0630957591	0.0640412895	-0.0123018836	-0.0359029685	0.1289281698	0.0306166363	-0.0434300072	0.0280629691	-0.0063461704	-0.0168065656	0.0361565084	-0.0473253789	0.0477860158	-0.0374341914	0.0186121956	0.0044211503	-0.02645413	0.0425013783	-0.0489319113	0.0442907033	-0.0296279125	0.0082612638	0.014974647	-0.0348222698	0.0467907162	-0.0481719062	0.0386533201	-0.0203887125	-0.0024892147	0.0248039116	-0.0415062691	-0.0606578	-0.0142610999999999	0.0002033789732099	0.00367936870084	-4.49794	0.2014399999999998	20.2314642436	0.0405780735999999	-0.702797	-0.252109	0.063558947881	0.493923623209	-0.0175377	-0.0022637	0.00030757092129	5.124337690000002e-06	-0.00291979	-0.0018609599999999	8.525173644099998e-06	3.4631721215999997e-06	0.000863991	-0.000878769	7.46480448081e-07	7.722349553610001e-07	0.0	0.0	0.0	0.0	0.0	0.0	0.0	0.0	0.0	0.0	0.0	0.0	0.0	0.0	0.0	0.0	0.0	0.0	0.0	0.0	0.0	0.0	0.0	0.0	0.0	0.0	0.0	0.0	0.0	0.0	0.0	0.0	0.0	0.0	0.0	0.0	0.0	0.0	0.0	0.0	0.0	0.0	0.0	0.0	0.0	0.0	0.0	0.0	0.0	0.0	0.0	0.0	0.0	0.0	0.0	0.0	0.0	0.0	0.0	0.0	0.0	0.0	0.0	0.0	0.0	0.0	0.0	0.0	0.0	0.0	0.0	0.0	0.0	0.0	0.0	0.0	0.0	0.0	0.0	0.0	0.0	0.0	0.0	0.0	0.0	0.0	0.0	0.0	0.0	0.0	0.0	0.0	0.0	0.0	0.0	0.0	0.0	0.0	0.0	0.0	0.0	1.0	0.0	0.0	0.0	0.0
55279.45033074783	-97.3313173007773	3055817628.8696165	9473.385327504591	66976.17830175781	-566.2834335937514	4485808459.908855	320676.9271627286	55757.79764000544	-60.698279965545225	3108931997.663796	3684.281190775709	55949.01391717709	56306.36121176187	1.415713	32.432381	0.46793455	0.264864	-0.0005392907	-0.0079039185	-0.0031023781	-0.0022298659	-0.0157837273	-0.0027002585	0.0381225491	-0.0351108906	-0.0185668732	0.00133933	-0.0351696819	6.53956e-05	0.0248338494	0.0152013842	0.052514929	-0.0490783877	0.0042190981	0.0520978885	-0.0448210689	-0.0229270689	0.0185459928	-0.0234163415	0.0014851752	0.0479347223	0.0105729222	-0.0154997151	0.0205077575	0.0024472759	0.009997323	-0.005994691	0.0424585855	-0.0052683175	-0.0045457996	0.0249234319	-0.0704422722	0.0241221911	-0.0240188983	-0.0124336056	0.0060686384	-0.0090949268	0.0137304813	0.0414894903	-0.0212708386	0.016645605	-0.0860992603	0.0168745419	-0.0010468208	0.0044674492	0.0161720269	0.0183960902	0.0575096811	0.0072135295	0.0172595484	0.0061620088	0.0165944866	-0.0073536472	0.0013492061	-0.0528153807	0.0075592061	-0.0433585325	0.0330393217	0.0142927857	-0.041672061	-0.0720903647	0.0085756779	0.0034657679	-0.0391154611	-0.031067699	0.029587917	-0.0199333834	0.0499897782	0.0055897575	-0.0129801315	0.019630122	0.1167527943	-0.0432138881	-0.0529726638	0.0366826353	-0.0096222192	-0.1151762654	0.013384331	0.0201440166	-0.0439822085	0.0230804044	-0.0027077773	-0.0267449518	0.0090926724	0.0710757401	0.0225519918	-0.0662816585	0.0234251508	0.0200351741	-0.033410963	0.0093987329	-0.0185877971	0.0032198118	0.0475335311	0.0330557247	0.001684275	-0.0001174152	-0.0481260396	-0.0598242706	-0.0238953692	0.0296157064	-0.0056121398	-0.0237717048	0.0404105686	-0.0026337414	-0.0307192424	-0.0323728008	-0.0312687662	0.0205915296	0.0529171158	0.040274713	0.0226866521	-0.0182662314	0.0214591743	0.0003193662	0.0465803799	0.0123099181	0.0173859957	-0.0159095044	-0.0003712031	0.0056419995	0.0030826186	0.0413225846	0.0040130384	0.0068239763	0.0150463114	-0.0747078557	0.0219926361	0.0196345405	-0.0029836489	0.0116669755	0.0107792744	-0.019144203	-0.0393158263	0.0154746082	-0.0216208685	0.0847622706	-0.0193223923	0.0072987985	0.0046123422	0.0037487436	-0.0234863041	-0.0608500687	0.0003022552	-0.0194459409	0.0088719484	-0.0027918863	-0.0261162582	0.0521980057	-0.0226051132	-0.0130656294	0.0167237544	-0.0494093782	0.0274372995	0.0332133712	0.0515788765	0.0432109733	-0.0111697729	0.0377004922	0.0255909044	-0.0291886792	-0.0323341005	-0.0394047662	-0.0039346318	-0.0101507019	0.0146269421	0.1100088134	-0.0347444633	-0.0579141643	-0.0655473421	0.044574815	-0.0811578434	0.028365922	-0.0334372984	-0.0729435003	0.0076127895	-0.0096835565	-0.0127996741	-0.0197694556	-0.1130741107	0.0014662793	-0.0067501674	0.0314089722	0.0252488235	0.0007451306	0.0241646267	0.0199738141	0.0090208659	0.022628175	-0.0076151075	0.0649856384	0.0372848108	0.0156447938	0.0694950554	-0.0122182937	0.024363466	-0.0204571097	0.0300946317	0.045406984	0.016505396	-0.0025123399	0.0521940557	-0.0044805905	0.0486723562	-0.0627590549	-0.0096927933	0.0029445247	0.0121453467	0.0456974	0.0074976925	0.0202105363	0.0246282691	-0.0259826825	0.0028535661	0.0006579565	0.0018445218	0.021597238	-0.0520145916	-0.0053884639	-0.0203807392	-0.0147659281	-0.0107752834	0.0474928061	-0.025721461	-0.0161848614	-0.023572249	0.0589256053	0.0172709355	-0.0365696025	-0.043514927	0.0283645137	-0.0068944842	-0.016111637	0.035528084	-0.0470288708	0.0480516209	-0.0383684655	0.0201368126	0.0025813239	-0.0247243413	0.0413587732	-0.0487784667	0.0453303135	-0.0317825624	0.0111536535	0.0119602904	-0.0324094805	0.0456378354	-0.0486980765	0.0409083818	-0.024004296	0.0017520508	0.0208905514	-0.0388787369	-0.0992284	-0.0385706	0.0014876911843599	0.00984627536656	-4.30082	0.1971199999999999	18.4970526724	0.0388562943999999	-0.869121	-0.166324	0.027663672976	0.7553713126410001	-0.0174318	0.0001058999999999	0.00030386765124	1.12148099999998e-08	-0.00365055	-0.00073076	1.33265153025e-05	5.340101776e-07	0.00134573	0.000481739	1.8109892329000005e-06	2.32072464121e-07	0.0	0.0	0.0	0.0	0.0	0.0	0.0	0.0	0.0	0.0	0.0	0.0	0.0	0.0	0.0	0.0	0.0	0.0	0.0	0.0	0.0	0.0	0.0	0.0	0.0	0.0	0.0	0.0	0.0	0.0	0.0	0.0	0.0	0.0	0.0	0.0	0.0	0.0	0.0	0.0	0.0	0.0	0.0	0.0	0.0	0.0	0.0	0.0	0.0	0.0	0.0	0.0	0.0	0.0	0.0	0.0	0.0	0.0	0.0	0.0	0.0	0.0	0.0	0.0	0.0	0.0	0.0	0.0	0.0	0.0	0.0	0.0	0.0	0.0	0.0	0.0	0.0	0.0	0.0	0.0	0.0	0.0	0.0	0.0	0.0	0.0	0.0	0.0	0.0	0.0	0.0	0.0	0.0	0.0	0.0	0.0	0.0	0.0	0.0	0.0	0.0	0.0	0.0	0.0	0.0	0.0
55333.742809283765	54.29247853593552	3061823093.2839627	2947.6732255750185	66920.44272460937	-55.735577148443554	4478345654.457723	3106.454560070103	55838.814447458295	81.01680745285557	3117973198.8976774	6563.723089853074	56038.88823702129	56542.14864232447	0.946455	21.682205	0.0995709000000004	0.0670153	-0.0003207318	0.0074467803	0.0043939666	-0.0002040219	-0.0279048767	0.017213732	0.0395634122	0.0219304625	-0.0162920321	0.0288846758	-0.0463924724	0.0286446679	0.0220662933	-0.0150250367	-0.026103905	-0.0287143736	-0.0044427104	0.0377919515	-0.0247789531	-0.0330001355	0.0001211371	0.0050788537	-0.0198099863	-0.0017768747	-0.0124893278	-0.0041040416	0.0159938456	-0.0063013089	-0.0338588371	0.0003089568	-0.0023872075	-0.0426267821	0.0010764979	0.027283109	0.0258108153	0.023265671	0.0064820167	0.0077757189	0.0267657632	-0.0009162551	0.0509883089	0.0250303589	-0.0072959244	-0.0054619476	0.0481795923	-0.0292676525	0.0130170988	0.0763258039	-0.0206933121	-0.0736724145	-0.0193924131	0.0789054502	-0.0338322377	-0.0625674065	0.0507894597	0.0324922166	0.0371398328	-0.0147230205	0.001718984	0.0071139413	0.0348661418	-0.0404578163	0.0299265898	0.0155195763	0.0148476272	-0.0321217441	-0.0369760889	-0.0550623919	0.044835403	-0.0225027642	0.0221239675	0.009654797	-0.0191232699	-0.0152011786	-0.0461457855	0.0651742689	0.0375546477	0.0017279867	0.0180209088	-0.0379975553	-0.0108409219	0.004938897	0.0770005795	0.0011923238	0.0391596976	0.0140615042	-0.0008860182	0.0113903694	-0.0135430477	-0.0628484576	0.0291033003	-0.0589175527	0.005882519	-0.035279332	0.0455626309	0.021901751	-0.0337044001	-0.0548374201	-0.0117160753	-0.0075903926	-0.0352712142	-0.0410888891	-0.0389603969	0.032863821	-0.0631774292	0.0196985527	0.0118715007	0.014919292	0.006910346	0.0033711998	-0.0047789263	-0.0177471089	0.0389406702	0.0222140153	0.0316401246	-0.0001294004	-0.0047757981	0.0145084195	-0.0144107711	0.0182259319	0.0032677842	-0.0107269759	0.0011465327	-0.0404059344	-0.0001330702	0.0064456464	-0.0426404972	0.0057448451	0.0283646619	0.0243734695	0.0227642364	-0.0093282735	0.0109952194	0.0309076879	0.0014930269	-0.050196239	-0.0213913196	0.002475807	-0.0038070329	-0.0362273265	0.0225550692	0.0179042646	-0.0828308351	-0.008340978	0.0658251749	0.0046185711	-0.0320894618	0.0784738349	-0.0458761009	-0.0614526824	-0.0401169049	-0.0123398373	-0.0489734177	0.0071206376	-0.0259459412	-0.0401035625	0.0094836039	-0.0378510419	-0.0205700188	0.005684971	0.0303398301	0.0221262366	0.0543097509	-0.0491725773	-0.0294954701	-0.0128516573	-0.0003436574	-0.0165168957	-0.0033396821	-0.0369748	0.052195366	0.0523634873	-0.0189676123	0.0447195012	-0.0111946673	-0.0081307083	0.0113450282	0.0696282828	0.0230703217	0.0345035777	0.0450559447	-0.0181749668	-0.0273155236	-0.0113993194	0.0235653892	0.0697565959	-0.0500543582	-0.0248362242	0.0037796685	-0.0467473157	-0.009439452	-0.0314722661	0.0505107665	-0.0314778818	0.0528405083	0.0029693985	0.0511130612	-0.0331774075	0.039698252	-0.0594002773	-0.0271551628	0.0076816566	0.0150961606	0.0134137027	-0.0082340404	-0.0098896325	-0.0148532182	0.0160481568	-0.0015412807	0.0056305761	-0.0044966081	0.0374769799	0.011001991	0.0233798942	-0.0031408584	-0.0274627234	0.0136438862	-0.0279840543	-0.0011378638	-0.012918044	-0.0153383456	0.0240830119	0.0207239736	0.0068585185	-0.0182586657	0.0015061544	0.0168865497	0.0296108171	0.0102429489	0.0084759367	0.0375509376	0.0080304235	-0.0435992294	0.0286644484	-0.0074419176	-0.0154130506	0.0348870569	-0.0467083402	0.0482838183	-0.0392678988	0.0216382877	0.0007378352	-0.0229521086	0.0401316745	-0.0485080733	0.0462438827	-0.0338357689	0.0140055395	0.0088969041	-0.0298477488	0.0442512785	-0.0489479767	0.0429075896	-0.0274551188	0.0059801733	0.0168065656	-0.0359066654	-0.0897425	0.0094858999999999	8.998229880999984e-05	0.00805371630625	-4.36544	-0.0646200000000005	19.057066393600003	0.0041757444	-0.871252	-0.0021309999999999	4.541160999999974e-06	0.759080047504	-0.017636	-0.0002041999999999	0.0003110284959999	4.1697639999999244e-08	-0.00371169	-6.114000000000033e-05	1.37766426561e-05	3.73809960000004e-09	0.00114439	-0.00020134	1.3096284720999995e-06	4.053779560000006e-08	0.0	0.0	0.0	0.0	0.0	0.0	0.0	0.0	0.0	0.0	0.0	0.0	0.0	0.0	0.0	0.0	0.0	0.0	0.0	0.0	0.0	0.0	0.0	0.0	0.0	0.0	0.0	0.0	0.0	0.0	0.0	0.0	0.0	0.0	0.0	0.0	0.0	0.0	0.0	0.0	0.0	0.0	0.0	0.0	0.0	0.0	0.0	0.0	0.0	0.0	0.0	0.0	0.0	0.0	0.0	0.0	0.0	0.0	0.0	0.0	0.0	0.0	0.0	0.0	0.0	0.0	0.0	0.0	0.0	0.0	0.0	0.0	0.0	0.0	0.0	0.0	0.0	0.0	0.0	0.0	0.0	0.0	0.0	0.0	0.0	0.0	0.0	0.0	0.0	0.0	0.0	0.0	0.0	0.0	0.0	0.0	0.0	0.0	0.0	0.0	0.0	0.0	0.0	0.0	0.0	0.0
55385.67094542763	51.9281361438625	3067572546.0751863	2696.531323375519	67723.41597265625	802.973248046881	4586461071.005432	644766.037078958	55906.79692033365	67.98247287535196	3125569941.891428	4621.616618247965	56103.06616466461	57490.25863370029	1.015937	23.27396	0.1111013000000004	0.0580426	-0.0051235034	0.0056560571	0.0016618792	-0.0052672991	-0.0192268529	-0.0075501708	0.0125001526	-0.0079903952	-0.0198465846	-0.0045498266	0.0315859878	0.0198112354	0.0146514046	0.0044147879	0.0144812933	-0.0449392331	-0.0342325858	-0.0150934781	-0.0133052058	0.0252349483	-0.0153628006	-0.0068589173	-0.0154808072	0.0154296574	-0.0179939436	-0.0315819581	-0.0088279752	0.0108744101	-0.0221387682	0.0173240304	-0.0704286274	-0.0131280267	0.0623702948	-0.0011176918	0.0134136671	-0.0205874512	0.0029263306	0.0569169569	-0.0279615591	0.0101347858	0.057531184	0.0346774927	-0.0561605479	0.0513279069	-0.0179799505	-0.005865134	0.0261456384	0.0303196298	0.0024732726	0.0310776642	0.0008894861	-0.0318209877	0.0036640979	-0.0005058008	-0.0676549488	0.026928533	0.0384550699	0.034711696	-0.02651101	0.0311743909	0.004309631	-0.050174431	0.018714413	-0.0029790057	0.0133905933	0.037070801	0.0118674958	-0.0100542048	-0.0022850713	0.0042179526	-0.0447908355	-0.0017581789	0.0007354265	-0.0204089555	0.0146302942	0.0123097014	0.0139572412	0.0022565861	0.0014318962	-0.0179216252	0.0176461656	-0.0211295546	0.0020927866	0.0035715948	-0.0090817815	0.0114124218	-0.0088125963	-0.0202555028	0.0087114146	-0.0631427767	-0.0282419318	-0.0511630501	-0.0508935605	-0.0451880587	-0.0186748356	0.0172128985	0.0001513512	-0.0605868356	-0.0300338624	0.0164342344	0.0097239057	0.0281946371	-0.012645885	0.0284839264	-0.0655021184	-0.0337769499	0.0276247838	0.0273697696	-0.0422754968	0.0045198657	-0.0129050709	-0.0086616848	-0.0166571116	0.015110709	-0.0253817646	0.0148465764	0.0088547537	0.0116845999	0.0006718825	0.0227429263	0.0314618238	0.0108910019	0.0134608307	-0.0231291133	0.010084382	-0.0762374296	-0.0200152497	0.0566594146	-0.0003169568	0.0120696278	-0.0199206622	-0.0073547831	0.061323947	-0.0296923399	-0.0111724606	-0.0551303236	-0.0339184316	0.0361906732	-0.0574301189	0.0156960795	0.0188293683	-0.0093862176	-0.0209468302	-0.0019946282	-0.0438943829	0.0034377569	0.0065946734	-0.0283975834	-0.0072131747	0.0455866992	0.0163370947	-0.0719580793	-0.0172786025	-0.0064979922	-0.0360411766	0.0074892516	0.0260467108	-0.0487258345	-0.0156141679	0.019338643	-0.0392419905	-0.020917169	0.0112163214	-0.0028790075	0.0199947327	0.0289909743	-0.0141923977	0.0177837921	-0.0267946205	0.0120474079	0.0175512083	0.0146620062	0.0006780925	-0.0018846397	-0.0151551091	0.004848461	-0.0367745614	-0.0100739086	0.0072925702	0.0042399365	0.0156894217	-0.0303796625	-0.0379983956	-0.0388868219	-0.0546463761	0.0120281471	-0.0514286096	-0.0586769973	0.0270818395	0.0111263505	0.0185470952	-0.0138017148	0.0316347452	-0.048063057	0.0107043972	-0.0215166694	-0.0131948611	-0.0567633976	0.0128667063	-0.0752972075	0.0099673449	0.040601697	-0.022365797	-0.0118961025	-0.006767714	0.0003047948	0.0068362323	0.0766073159	0.0002439207	0.0063221317	0.0070470151	0.055411285	-0.0015405573	-0.0038288635	0.0167023036	-0.0120493336	-0.049995608	0.009480433	0.0340387661	-0.0071533668	-0.0231248356	0.0120640242	-0.0109199103	-0.0097337024	0.000739195	0.0337282199	0.0227536669	0.0272416849	0.0279159011	0.0677889131	-0.0050764082	-0.0115376953	-0.0436829132	0.0289627561	-0.0079884006	-0.014710965	0.0342336544	-0.046363951	0.0484824465	-0.0401316745	0.0231148951	-0.0011067004	-0.0211404744	0.0388225891	-0.0481213794	0.0470288708	-0.0357809787	0.0168065656	0.0057970462	-0.0271488476	0.0426381448	-0.048920189	0.0446384398	-0.0307174953	0.0101634351	0.0125853106	-0.0326163926	-0.0967368	-0.0069942999999999	4.892023248999993e-05	0.0093580084742399	-4.32573	0.0397100000000003	18.7119400329	0.0015768841	-0.903811	-0.032559	0.001060088481	0.8168743237210001	-0.0176725	-3.650000000000181e-05	0.00031231725625	1.332250000000132e-09	-0.00420202	-0.0004903299999999	1.76569720804e-05	2.4042350889999977e-07	0.00103446	-0.0001099299999999	1.0701074916e-06	1.2084604899999964e-08	0.0	0.0	0.0	0.0	0.0	0.0	0.0	0.0	0.0	0.0	0.0	0.0	0.0	0.0	0.0	0.0	0.0	0.0	0.0	0.0	0.0	0.0	0.0	0.0	0.0	0.0	0.0	0.0	0.0	0.0	0.0	0.0	0.0	0.0	0.0	0.0	0.0	0.0	0.0	0.0	0.0	0.0	0.0	0.0	0.0	0.0	0.0	0.0	0.0	0.0	0.0	0.0	0.0	0.0	0.0	0.0	0.0	0.0	0.0	0.0	0.0	0.0	0.0	0.0	0.0	0.0	0.0	0.0	0.0	0.0	0.0	0.0	0.0	0.0	0.0	0.0	0.0	0.0	0.0	0.0	0.0	0.0	0.0	0.0	0.0	0.0	0.0	0.0	0.0	0.0	0.0	0.0	0.0	0.0	0.0	0.0	0.0	0.0	0.0	0.0	0.0	0.0	0.0	0.0	0.0	0.0
55085.40698541941	-300.2639600082184	3034402062.7492933	90158.44567981698	67436.84958496093	-286.5663876953185	4547728681.944645	82120.29455674363	55833.69969664229	-73.09722369135852	3117402021.814833	5343.204111384505	56047.0435392632	57331.52613541244	1.054375	24.154547	0.0975676000000002	0.0473771	-0.0018466494	0.009025588	0.0055885943	0.0010013393	-0.0354230606	0.0124865864	0.058872636	0.009612957	-0.0360338512	0.0571085176	0.0282747549	0.0258633169	-0.0324467562	0.0344832606	0.0333277808	-0.0164479209	-0.0015350445	-0.0132214927	-0.0250600626	0.03794328	-0.0025562938	0.0228095967	0.0034370576	-0.072470015	-0.0318029116	-0.0240448904	-0.0019296921	-0.0015954768	-0.0378128942	-0.0023055631	-0.0098691698	-0.0352322267	-0.0137323063	0.0419856836	0.013808004	-0.0247918157	-0.0646957119	0.0412129581	0.078752369	-0.0268337069	0.0360385002	-0.00878913	0.0163838438	0.0400646099	-0.0310921724	0.0499367588	0.0037707476	0.0209450974	-0.0083666892	-0.0068607198	0.0146504327	0.0333379519	0.0232580896	0.0426588357	0.0272542826	-0.0374630192	-0.0051153838	-0.0054501404	0.0052177316	-0.0620731821	-0.029814117	-0.0168566807	0.0540522518	-0.0135473954	0.0674088361	0.0154931602	0.0199655033	0.0232236302	-0.0535804398	0.0224719402	0.0014598022	-0.0369691266	-0.0503274148	0.0115004029	-0.0075367699	-0.0347036163	0.0318989136	-0.0135077903	-0.0339411983	0.0486022992	0.0357654989	-0.0237520029	-0.030447305	0.0269857485	-0.0097708147	-0.0070006647	0.0325922503	0.0436551821	-0.0310803235	0.0212918479	-0.0136174644	-0.0403299446	0.0290580615	-0.0219534604	0.0382803062	0.0132314318	0.00617261	-0.1047690311	-0.0371488591	-0.0947215461	0.0346272348	0.0095352307	-0.0468270505	-0.005850328	-0.012542492	-0.0098877913	-0.0410588811	-0.0210026496	0.0611601673	-0.0024729212	0.0295061638	0.0349925083	-0.0154877484	0.0267749429	-0.0412088632	0.0024286323	-0.0239220602	-0.0169837796	-0.0773542419	0.0048459619	0.0170865505	0.0020640731	0.0100013681	-0.0328500299	-0.0093932219	0.0031360175	-0.0375079035	-0.0187242352	0.0453225082	0.0098856596	-0.0265472766	0.0544097329	0.0549155264	0.0757718517	0.0368495425	-0.0220203802	0.0060570725	0.0656431934	0.0067519448	0.0179144754	-0.050723718	0.0071690488	-0.0159324047	0.0152926496	0.0045859693	-0.0301198485	-0.0243544465	0.0138008994	0.046711023	-0.0082709309	0.0078016067	0.0367251869	0.0133010675	-0.0082203902	0.0525077803	0.0049714452	-0.0059126617	-0.0718828133	0.0027962005	0.0731038069	0.0019524173	-0.0264773131	-0.0119324746	0.0502745581	0.0134426968	0.0051813105	0.0488320145	-0.0455958919	-0.0164009201	-0.0059879765	-0.032768993	0.0083664958	0.0303540769	-0.0679104223	0.0089352685	-0.0061159139	-0.0389873152	-0.0156309701	0.0139172021	-0.026082449	-0.0152939193	0.0451107443	-0.0190359334	-0.0075743897	0.0668117134	-0.0277035313	-0.0441898138	-0.0127947686	-0.0169390431	-0.022232555	0.0390360601	0.0140491371	0.0365202979	-0.1031261818	0.0181466434	0.1018873997	-0.0174334644	-0.0025547933	0.0317251092	-0.0152413141	0.0058266784	-0.0673752309	0.0444113912	0.0100098184	-0.0149270153	0.01972727	-0.0106646661	-0.0229779691	0.0008290269	0.0058554822	-0.0045691311	0.0555248958	0.0079392428	0.0258801176	-0.0182892163	-0.0376390737	-0.0134762266	0.0022221493	-0.0313656376	-0.0469507607	-0.0324067574	0.0262956907	0.0106489398	0.0275586753	-0.0058791399	0.0123314463	0.0289668875	0.0584200989	0.0309430789	0.0370157197	0.0079898664	-0.0404560195	-0.0437659771	0.02925942	-0.0085338634	-0.0140055395	0.0335681082	-0.045995879	0.0486473676	-0.0409590082	0.0245649379	-0.0029496658	-0.0192925486	0.0374341914	-0.0476193122	0.047683095	-0.037611983	0.0195465601	0.0026734239	-0.02432518	0.040806694	-0.0486148711	0.0460901072	-0.0337690332	0.0142704553	0.0082612638	-0.0290370768	-0.0938527	0.0028841	8.318032810000003e-06	0.00880832929729	-4.34764	-0.02191	18.901973569600003	0.0004800481	-0.8925269999999998	0.0112840000000001	0.000127328656	0.7966044457289997	-0.0175022	0.0001703	0.0003063270048399	2.9002090000000582e-08	-0.00352758	0.0006744399999999	1.24438206564e-05	4.5486931359999954e-07	0.00141951	0.0003850499999999	2.0150086401e-06	1.482635024999999e-07	0.0	0.0	0.0	0.0	0.0	0.0	0.0	0.0	0.0	0.0	0.0	0.0	0.0	0.0	0.0	0.0	0.0	0.0	0.0	0.0	0.0	0.0	0.0	0.0	0.0	0.0	0.0	0.0	0.0	0.0	0.0	0.0	0.0	0.0	0.0	0.0	0.0	0.0	0.0	0.0	0.0	0.0	0.0	0.0	0.0	0.0	0.0	0.0	0.0	0.0	0.0	0.0	0.0	0.0	0.0	0.0	0.0	0.0	0.0	0.0	0.0	0.0	0.0	0.0	0.0	0.0	0.0	0.0	0.0	0.0	0.0	0.0	0.0	0.0	0.0	0.0	0.0	0.0	0.0	0.0	0.0	0.0	0.0	0.0	0.0	0.0	0.0	0.0	0.0	0.0	0.0	0.0	0.0	0.0	0.0	0.0	0.0	0.0	0.0	0.0	0.0	0.0	0.0	0.0	0.0	0.0
54873.58986012419	-211.8171252952161	3011110864.1371245	44866.49456832928	66261.38644824219	-1175.4631367187394	4390571334.043294	1381713.585784658	55690.57539175834	-143.12430488394602	3101440187.46512	20484.566648512737	55897.83460878033	55977.9764578683	1.140965	26.138216	0.0606059999999998	0.0338419	0.0052161221	0.0050819091	0.0094336285	-0.0073458782	-0.0720960628	-0.0115182187	0.105224274	-0.0293684346	-0.0172646183	-0.0334451021	-0.0220015902	-0.0088777238	0.0371927274	0.0312102591	-0.0002870082	-0.0632395926	-0.024690953	0.0076480075	-0.0670847949	0.0877819332	-0.0187437509	0.0013905395	0.0888879048	-0.0496315528	-0.0012304622	-0.0146430505	-0.0057712929	0.0285524783	0.0010405102	-0.0321679911	-0.0247132234	-0.0055511263	0.0403049475	0.0160279391	0.031484364	0.0204628393	-0.0117763633	0.0281021971	-0.0367933888	-0.0013921466	-0.0115468173	0.0521179626	-0.0180868734	-0.0183772729	-0.024518319	-0.0130697236	-0.0153666727	-0.0048278407	0.0048750299	-0.0550437244	0.0362672816	-0.0285240532	-0.0047755165	0.0377772119	0.0499558525	-0.0032475227	0.025365796	-0.0153910132	-0.0035921929	0.0108166835	0.0436651581	-0.018727743	0.0278324065	0.0199997768	-0.0202901232	0.0328945178	-0.0028385639	-0.0091956403	-0.0037376841	-0.0630034433	-0.0481323813	0.0189069204	0.025472306	-0.0109864129	-0.0447681351	-0.0301996006	0.010123551	-0.0375860397	0.0111984681	-0.0186374337	0.0195989047	-0.0278162868	-0.0259288583	0.0568034952	0.0170031997	0.0304212562	-0.0239910267	-0.0422893645	-0.0147398604	0.0263141098	-0.0554572844	-0.0179729883	0.0180045451	-0.0267888142	0.0293868391	0.0248883088	-0.0062226087	0.0442002796	-0.0085351535	0.0281711007	-0.0284135006	-0.0499213831	-0.0035474586	-0.0513491148	0.0294353737	-0.043544138	0.0185344057	-0.0237023709	-0.0067173677	-0.0308644193	0.0191833219	-0.0245858037	0.0057657038	0.0698582044	-0.0891289477	0.0127809973	0.0018194176	-0.0917719461	-0.0343318921	-0.0257409125	0.0094893714	-0.0010062518	0.0334582988	0.0107447919	-0.0354610348	-0.0246696261	-0.0092169059	0.0370609074	0.0154883543	0.0302452885	0.0227754105	0.0126260312	0.0335350899	-0.03852077	-0.005661032	0.0055825208	-0.0557174873	-0.0174739809	-0.0137312148	0.0253233114	-0.0018515525	0.0152677172	0.0087874573	-0.0138408025	0.0573723625	-0.0169680875	0.0541791242	-0.0064652337	0.0502385904	-0.0286912454	-0.0083209946	0.0166148851	-0.0300813782	-0.0033976108	-0.0280693091	-0.0392527699	-0.0015554968	-0.0298925757	-0.0056354709	-0.0258116122	-0.0297838532	0.0054032986	-0.0046072253	-0.0058626548	-0.0522444878	0.0518470101	-0.0345817346	0.036162207	-0.0163154433	-0.0462406026	-0.027950747	-0.0007338712	0.0335644585	0.0115995614	-0.0123319707	0.0059421976	-0.0391684613	-0.024227015	0.0511271616	-0.0022734299	0.0210906382	0.0029803144	0.0570102635	-0.0095040355	-0.0093112071	-0.0348429535	-0.0446377298	-0.0065098488	-0.0349828812	-0.0300893235	0.007871083	-0.0276459196	-0.0192258074	0.0362287256	0.0171441204	-0.0217530779	0.015739707	0.0751901811	-0.0155082091	-0.0123443613	0.0250426298	0.0124798555	0.0161066899	-0.0048119371	0.0490949165	-0.017633609	-0.0229756948	-0.0183779014	6.37583e-05	0.0002406185	0.0103789419	0.0728997515	0.0211556095	-0.0064513181	0.0176043557	-0.0774169793	-0.0368993302	-0.0094559587	0.0686275512	-0.0505483433	-0.0405031368	-0.0121612276	-0.0266257719	0.0024668325	-0.0073418703	0.0127309325	0.0236358124	0.0091482803	-0.0095149549	0.022777917	-0.006147084	0.0141922145	-0.0438484199	0.0295544231	-0.0090782364	-0.0132969345	0.0328906545	-0.0456043123	0.0487784667	-0.0417491486	0.0259867497	-0.0047884463	-0.0174115036	0.0359693177	-0.0470030752	0.0482047363	-0.0393229378	0.0222155728	-0.0004611576	-0.0213897225	0.0387663036	-0.0480337549	0.0472535125	-0.0365887872	0.0182704248	0.0038697424	-0.0252004375	-0.0998072	-0.0059545	3.545607025000002e-05	0.00996147717184	-4.31683	0.0308099999999997	18.635021248900003	0.0009492560999999	-0.8880639999999999	0.0044629999999999	1.9918368999999957e-05	0.7886576680959997	-0.017603	-0.0001008	0.000309865609	1.0160640000000321e-08	-0.00376365	-0.0002360699999999	1.41650613225e-05	5.572904489999985e-08	0.00147021	5.0700000000000094e-05	2.1615174441e-06	2.570490000000009e-09	0.0	0.0	0.0	0.0	0.0	0.0	0.0	0.0	0.0	0.0	0.0	0.0	0.0	0.0	0.0	0.0	0.0	0.0	0.0	0.0	0.0	0.0	0.0	0.0	0.0	0.0	0.0	0.0	0.0	0.0	0.0	0.0	0.0	0.0	0.0	0.0	0.0	0.0	0.0	0.0	0.0	0.0	0.0	0.0	0.0	0.0	0.0	0.0	0.0	0.0	0.0	0.0	0.0	0.0	0.0	0.0	0.0	0.0	0.0	0.0	0.0	0.0	0.0	0.0	0.0	0.0	0.0	0.0	0.0	0.0	0.0	0.0	0.0	0.0	0.0	0.0	0.0	0.0	0.0	0.0	0.0	0.0	0.0	0.0	0.0	0.0	0.0	0.0	0.0	0.0	0.0	0.0	0.0	0.0	0.0	0.0	0.0	0.0	0.0	0.0	0.0	0.0	0.0	0.0	0.0	0.0
54854.92937632113	-18.66048380306165	3009063276.881179	348.21365576432623	66411.37379589844	149.98734765624977	4410470569.458547	22496.204456956733	55756.45503845805	65.87964669970825	3108782278.455594	4340.12784927838	55963.98278611144	55757.26943549614	0.885977	20.296741	0.0394047999999999	0.0242641	0.0036807935	0.0071521371	0.0139865951	0.0003175931	-0.0762123983	0.0232753293	0.1110443962	0.0452393449	-0.0291903191	0.0015680451	-0.0064472802	0.0076650657	0.0038121942	0.0228351202	-0.0284610174	-0.0343035017	-0.0075561447	-0.0106241913	-0.0167168944	0.0611996113	0.027859223	-0.0230107419	0.0545607339	-0.0499674332	0.00618573	-0.0896674386	-0.003013181	0.0149621024	0.012833439	-0.0282150446	-0.0360513484	-0.0324752729	0.0130277484	-0.0299574571	-0.0214622128	-0.0215713844	0.0419186853	0.0439752621	0.0165251795	0.0280140725	-0.0091468341	-0.0030742809	0.0260600601	0.048555577	-0.0086640407	-0.0694230624	-0.0381849437	-0.0143353003	-0.0584867782	-0.0284460201	0.053812172	-0.0009872343	0.0443692256	0.0035338894	-0.0006066199	-0.0308638879	0.0583382085	0.0082429421	0.0170720023	0.0460502333	-0.0205526557	-0.0258957329	0.0203534805	-0.0307534066	0.0274402925	0.0370711355	0.007595541	-0.0309811484	0.0356855176	-0.0464953224	-0.0484355261	0.0318244696	-0.0065026853	-0.0674528482	-0.0235831266	0.039084381	0.0486128237	-0.0169650201	0.0309038931	0.0324090653	-0.0075399712	-0.0227985821	0.0244408552	0.0347622661	0.0238283387	-0.00485603	-0.0047384259	-0.0330341394	-0.0193692846	0.0063219428	-0.0456294643	-0.0458646116	-0.018481608	-0.0416867013	-0.0502212535	-0.0096221423	0.007528922	0.0088991053	0.0610789352	0.0070085161	0.0152183881	-0.0064804926	-0.0485510782	-0.0165380062	0.0291987777	-0.0544171702	-0.0026384498	-0.0753928057	0.049853788	0.0304778809	0.0551523165	0.0098603183	-0.0131154859	0.0166862459	-0.0598330034	-0.0311622674	0.0241012506	-0.0576884759	-0.0386195509	-0.0310922753	0.0857020115	-0.0005027537	0.0200049853	0.017258676	-0.0307867593	-0.0263111381	-0.0397171691	0.0150706901	-0.0301577593	-0.0184311239	-0.0210696476	-0.0463915243	0.0388759543	0.0174173865	-0.0234311858	0.0180185448	0.0134698065	0.0264997191	0.0216920942	0.0173831032	0.0795118657	0.03613004	0.0090042632	0.0549925796	0.0301746388	-0.0535764433	0.0122344137	-0.0116500214	0.0186942135	-0.0065674478	0.0474311183	0.0036860747	-0.0548858344	0.0097209158	-0.0379069028	0.0331894532	0.0347298649	-0.0360545008	0.0064210272	0.0355788461	-0.0368156352	-0.00909441	0.0214834394	-0.0354315913	-0.0421299156	0.0447535402	-0.0323728158	0.0138726005	-0.0529376885	-0.0197741128	0.0332440449	0.0701003476	0.0309217541	0.0153873397	0.0330803727	-0.0090098535	0.0046194476	0.0350225677	0.047669543	0.0169395551	-0.0131488159	0.0139475981	0.0296987778	-0.0202137129	-0.0089607721	-0.0365583346	-0.0594932505	-0.042899655	-0.0040793876	0.0428151194	-0.0156944353	-0.0150533792	0.0122327831	0.0204427762	-0.0544885433	0.0020873546	0.0088764072	0.0558500637	0.0469747874	0.0251869199	0.0529311657	-0.027942642	0.0476316165	-0.0501359109	-0.0440552239	0.0173250524	-0.0543469969	0.0287632042	0.0020724949	6.61616e-05	-0.0038500569	0.0705467001	0.0251539455	-0.0050872879	-0.0143827063	-0.0612814849	-0.0677001189	-0.0045291272	0.018131343	-0.0592298791	-0.0392919251	0.0464467021	-0.013626322	-0.0337863229	-0.0128983611	-0.0014450345	0.0424177439	-0.0135724428	-0.0337052582	-0.0260021238	-0.0067807214	0.0459696805	-0.0439302406	0.0298477488	-0.0096214501	-0.0125853106	0.0322015336	-0.0451894509	0.0488756528	-0.0425013783	0.0273786964	-0.006620433	-0.0155005685	0.0344309608	-0.0462741461	0.0485923444	-0.0409083818	0.0248039116	-0.0035938487	-0.0183559655	0.0365274207	-0.0471801374	0.0481213794	-0.0391574033	0.0221333376	-0.0005533855	-0.0211404744	-0.10139	-0.0015827999999999	2.505255839999985e-06	0.0102799320999999	-4.33872	-0.0218899999999999	18.824491238400004	0.0004791720999999	-0.878278	0.0097859999999998	9.576579599999708e-05	0.7713722452840001	-0.0175822	2.0800000000001373e-05	0.0003091337568399	4.3264000000005704e-10	-0.00368928	7.436999999999982e-05	1.36107869184e-05	5.530896899999973e-09	0.00144246	-2.775e-05	2.0806908516e-06	7.700624999999997e-10	0.0	0.0	0.0	0.0	0.0	0.0	0.0	0.0	0.0	0.0	0.0	0.0	0.0	0.0	0.0	0.0	0.0	0.0	0.0	0.0	0.0	0.0	0.0	0.0	0.0	0.0	0.0	0.0	0.0	0.0	0.0	0.0	0.0	0.0	0.0	0.0	0.0	0.0	0.0	0.0	0.0	0.0	0.0	0.0	0.0	0.0	0.0	0.0	0.0	0.0	0.0	0.0	0.0	0.0	0.0	0.0	0.0	0.0	0.0	0.0	0.0	0.0	0.0	0.0	0.0	0.0	0.0	0.0	0.0	0.0	0.0	0.0	0.0	0.0	0.0	0.0	0.0	0.0	0.0	0.0	0.0	0.0	0.0	0.0	0.0	0.0	0.0	0.0	0.0	0.0	0.0	0.0	0.0	0.0	0.0	0.0	0.0	0.0	0.0	0.0	0.0	0.0	0.0	0.0	0.0	0.0
54968.19244339447	113.26306707334152	3021502180.494049	12828.52236286026	66982.16651953125	570.7927236328105	4486610631.650213	325804.33335216204	55693.34510812077	-63.10993033728301	3101748689.33224	3982.8633071767135	55893.84036222942	55985.21952427455	0.828975	18.990873	0.0594813999999996	0.0252468	0.0042718899	0.0092544913	0.0138592278	-0.0053792814	-0.0704515787	0.006554954	0.0818635908	-0.0182492283	-0.0126837226	0.0685781504	-0.0254500357	0.0120407889	0.0169593699	0.0142442994	-0.0560928381	-0.0254172879	-0.0077617231	0.0334400355	-0.0480748392	0.0324783966	0.0081504421	0.0308782336	0.0486158226	-0.0498869482	0.0090125992	-0.0657623254	-0.0160331335	0.015041736	-0.0172015366	-0.0176785334	0.0276452867	-0.0477293346	0.0104310045	0.0112211683	-0.0038211888	-0.0476866609	-0.0098041744	0.0688204818	-0.0256070902	0.0127550051	-0.0355243258	0.0172513146	0.0225369109	0.0231168579	-0.041062972	-0.0562666788	-0.0362155563	-0.0048981555	0.0143586756	-0.0431950592	-0.0246895941	-0.028343968	0.0309067687	0.0478492793	0.0681009785	-0.0025528728	-0.0096974443	-0.0362718277	0.0070761595	0.0346931242	-0.0162126032	-0.0013623984	0.0596880066	0.0143052193	-0.0122273271	0.0562606116	0.0361077473	-0.0313874742	-0.0289750543	-0.0468467949	0.0259223561	0.0226517637	0.0305718319	0.0086366388	-0.0430638654	0.0512220645	0.0238706857	0.0152986206	-0.0349376016	-0.0203887089	0.0299144658	-0.0336568325	-0.0702405797	0.0027972051	-0.0035075977	-0.0228437167	0.0111853956	-0.0302310303	-0.0142440973	0.0322819932	-0.0324787943	0.0581045349	-0.0304007037	-0.0056716437	-0.0064043894	0.0373588787	0.0449936234	0.0104743929	0.0232173153	-0.0348220976	0.0140202822	0.0121792367	-0.0187816746	0.0064813449	-0.0567282562	0.0514317944	0.0193855669	-0.0161945246	0.0082250426	-0.002693986	-0.0197900066	-0.0398404178	0.0330220347	0.047487225	-0.0311861121	-0.0113333043	-0.0283301946	-0.053595719	-0.040667314	-0.0342746771	0.0627035691	0.0137125282	0.0240572274	-0.0142677457	-0.0133672798	0.0333079579	-0.0425055737	0.0103400942	0.0067955244	-0.0068273922	-0.0440723746	0.0052020819	0.0717663508	-0.0317187856	-0.011948111	0.0398263825	-0.0093861379	0.0065737713	0.0202695959	0.0422057468	0.0508782776	0.0402356962	0.0100478822	-0.0068113348	0.0435491149	0.0258040877	0.0072493313	-0.0384402058	0.069171817	-0.0472739591	-0.0319562678	0.0424191091	0.0035935145	-0.0067768557	-0.0316573241	0.02101806	-0.0376822134	-0.0547385303	-0.0113612946	-0.020366457	-0.0520860944	-0.0400190787	0.0032130934	0.0178990501	-0.0688018065	-0.0271018877	-0.0158020745	0.0144166068	0.0180264023	-0.0377531801	0.0397416772	0.0394560555	-0.0040906457	-0.0182268836	-0.0182919689	-0.0156524852	-0.0490830226	-0.0655401518	-0.0169450841	0.0037448996	-0.0373408404	0.0013208105	0.0189746539	-0.0251222496	-0.0209325261	-0.0308743815	0.0573310862	-0.0042321373	-0.0124966135	0.0037259928	0.0466804246	-0.0111296148	0.0103294225	0.0250557587	-0.0307554594	0.0441931061	-0.0033006624	-0.022786298	0.02232675	-0.0233883253	-0.0642796941	0.0068043838	0.0201315655	-0.0259499979	0.0050094806	-0.0477198465	0.0071896516	-0.0003220873	0.0064542776	-0.0002499587	0.0009407692	0.0744899474	0.0207583901	-0.0102424302	-0.0017945987	-0.0726621224	-0.0455205672	0.0069677559	0.0049510613	-0.0607912233	-0.0367050328	0.0340864152	-0.005951675	0.0432925827	-0.0338462142	0.0307211271	0.0205846395	-0.0260616511	-0.0109126913	-0.0276650865	-0.0113384981	0.0401496394	-0.044011438	0.0301393805	-0.0101634351	-0.0118708295	0.03150099	-0.0447515066	0.0489388583	-0.0432150141	0.0287391785	-0.0084430267	-0.0135630238	0.0328222635	-0.0454342724	0.0488448413	-0.0423632548	0.0273021769	-0.0067118073	-0.015237851	0.0341015091	-0.0460588611	0.0486882801	-0.0414572508	0.0258302158	-0.0049719936	-0.0168931667	-0.0969606	0.0044294	1.961958436e-05	0.0094013579523599	-4.34211	-0.0033899999999995	18.8539192521	1.1492099999997016e-05	-0.893111	-0.0148329999999999	0.0002200178889999	0.797647258321	-0.0178344	-0.0002522	0.00031806582336	6.360484000000052e-08	-0.00398111	-0.00029183	1.5849236832100003e-05	8.516474890000019e-08	0.00124991	-0.00019255	1.5622750080999997e-06	3.707550250000004e-08	0.0	0.0	0.0	0.0	0.0	0.0	0.0	0.0	0.0	0.0	0.0	0.0	0.0	0.0	0.0	0.0	0.0	0.0	0.0	0.0	0.0	0.0	0.0	0.0	0.0	0.0	0.0	0.0	0.0	0.0	0.0	0.0	0.0	0.0	0.0	0.0	0.0	0.0	0.0	0.0	0.0	0.0	0.0	0.0	0.0	0.0	0.0	0.0	0.0	0.0	0.0	0.0	0.0	0.0	0.0	0.0	0.0	0.0	0.0	0.0	0.0	0.0	0.0	0.0	0.0	0.0	0.0	0.0	0.0	0.0	0.0	0.0	0.0	0.0	0.0	0.0	0.0	0.0	0.0	0.0	0.0	0.0	0.0	0.0	0.0	0.0	0.0	0.0	0.0	0.0	0.0	0.0	0.0	0.0	0.0	0.0	0.0	0.0	0.0	0.0	0.0	0.0	0.0	0.0	0.0	0.0
54977.78385408772	9.591410693246871	3022556717.5067883	91.99515908653042	66457.78014746094	-524.3863720703084	4416636542.128254	274981.0672130599	55689.903307090186	-3.4418010305817006	3101365330.3530545	11.845994334113255	55890.78306746551	55578.4576755276	0.8701299999999998	19.933697	0.0944075	0.0620563	0.0056807792	0.0101783653	0.0168425587	-0.0086267059	-0.078061732	0.0016773109	0.0668042018	-0.0193219863	0.0079454252	-0.0545991963	-0.0041851246	-0.006228828	0.0507854675	0.0241737558	0.0005616187	-0.0058781994	0.0108519381	0.0479660825	-0.0478199145	0.026284866	-0.0038628452	-0.0193583731	0.0523957845	-0.027420237	-0.0387382665	-0.0056016012	0.0052675313	0.0119493832	-0.0149713695	-0.0632580966	-0.0443837835	-0.0329910323	-0.0004901047	0.0480834658	-0.018312122	-0.0312774792	-0.0066025556	0.0238285847	-0.0991730421	-0.0079371504	0.0223452799	0.0331376104	0.0339421608	0.011357476	0.0207914497	-0.0012093692	-0.0153965134	-0.0343940091	0.0801488878	0.0293706776	-0.0520485441	-0.01684268	0.0036985562	0.0340293175	-0.0209260468	-0.0631071615	-0.0243965952	0.0071767864	0.0507423168	0.0656668415	-0.0049733933	-0.0208774356	0.0406560419	0.0136227865	-0.0099776834	-0.0301197749	0.0265317628	0.0138146066	0.0145859392	0.0549822254	-0.0247498815	0.020114897	-0.0474931638	-0.0100957089	0.0097204583	-0.0111273713	-0.0009893758	-0.0163512418	0.0113706824	0.0150101203	-0.041119126	0.002638717	-0.0119842239	-0.0359227125	0.002771775	0.0197127435	0.0119469617	-0.0053378265	0.008262664	0.0063711391	-0.0293566875	0.0113321368	-0.0014470639	0.0294464329	0.0167009147	0.017637084	-0.0322304926	0.0526592373	0.0135622646	0.0339345597	-0.0116679432	0.0030209127	-0.0347980986	0.0143201282	-0.0451293911	0.0116749967	0.0355768666	0.0299198845	0.0131089332	-0.0287052818	0.0404156486	-0.0261845289	0.0478725899	0.0472891784	-0.02747915	0.0011209358	0.0190146226	-0.0597320893	-0.0334763187	0.0180170049	0.0019161129	-0.0134500088	0.0173545253	-0.0030818872	-0.0686278969	-0.0292522948	-0.0402867939	-0.0026905477	0.04799736	-0.0231326999	-0.0281206032	0.0066616134	0.0264477523	-0.1018172432	0.0001317471	-0.0249308857	-0.0280159244	0.0138001125	0.0410050891	-0.0171786488	0.0121536117	0.003940018	0.0435934202	-0.0585789619	-0.0208503391	0.0499836967	-0.0228140096	-0.0348563207	0.0122870139	0.0336482252	0.0329717007	0.0596312923	0.0476156603	0.0307603329	-0.0603197739	0.0377865913	0.0129830066	-0.0369307148	-0.0095084455	-0.0247947803	0.0339757752	-0.0237298304	-0.0029511842	-0.0167273474	0.0613995708	0.0200634091	-0.0100782998	-0.0484642843	-0.0232902413	0.0106649964	-0.015697359	0.001937376	0.0131005031	0.0127739396	0.0126683927	-0.0159885946	0.0355934468	-0.0089278027	-0.0317938296	0.010474577	0.0142438876	0.0150776968	0.0106223016	-0.0056177847	-0.01649118	-0.0181638294	0.0032359112	0.0382840558	0.0067285904	-0.0182975574	-0.0048037251	-0.037868725	-0.01495563	0.0371170624	-0.0062357347	-0.0405342053	-0.0018871276	-0.0033222565	0.0367061757	-0.0366152962	-0.0270251528	0.0351213338	0.0367387064	0.0311169803	0.0109766027	-0.0003332866	-0.0490717093	0.0428307494	0.0097244963	0.0016590434	-0.014573411	0.0578980457	0.0241275555	-0.0038038017	-0.0046951094	-0.0713460014	-0.0051776605	-0.0178413714	0.0332544584	-0.0609413971	-0.0263299126	-0.0239480703	-0.0118311864	-0.0216108114	-0.0408388562	-0.0023608923	0.0195146118	0.0071741788	-0.0382682427	-0.0292153873	0.0083042971	0.0280979709	-0.0440920108	0.0304293015	-0.0107041222	-0.0111536535	0.030789272	-0.0442907033	0.0489680393	-0.0438894081	0.0300666323	-0.0102536416	-0.0116021956	0.0311465121	-0.0444854679	0.0489615251	-0.0436829132	0.0297012967	-0.0098022517	-0.0120497088	0.03150099	-0.0446762873	0.0489506689	-0.0434725442	0.0293333271	-0.0093499925	-0.0124961534	-0.0933376	0.0036229999999999	1.3126128999999907e-05	0.00871190757376	-4.39891	-0.0567999999999999	19.3504091881	0.0032262399999999	-0.878417	0.0146939999999999	0.0002159136359999	0.771616425889	-0.0178501	-1.5700000000000436e-05	0.00031862607001	2.464900000000137e-10	-0.00392514	5.597000000000067e-05	1.54067240196e-05	3.132640900000075e-09	0.00156405	0.00031414	2.4462524025e-06	9.868393960000005e-08	0.0	0.0	0.0	0.0	0.0	0.0	0.0	0.0	0.0	0.0	0.0	0.0	0.0	0.0	0.0	0.0	0.0	0.0	0.0	0.0	0.0	0.0	0.0	0.0	0.0	0.0	0.0	0.0	0.0	0.0	0.0	0.0	0.0	0.0	0.0	0.0	0.0	0.0	0.0	0.0	0.0	0.0	0.0	0.0	0.0	0.0	0.0	0.0	0.0	0.0	0.0	0.0	0.0	0.0	0.0	0.0	0.0	0.0	0.0	0.0	0.0	0.0	0.0	0.0	0.0	0.0	0.0	0.0	0.0	0.0	0.0	0.0	0.0	0.0	0.0	0.0	0.0	0.0	0.0	0.0	0.0	0.0	0.0	0.0	0.0	0.0	0.0	0.0	0.0	0.0	0.0	0.0	0.0	0.0	0.0	0.0	0.0	0.0	0.0	0.0	0.0	0.0	0.0	0.0	0.0	0.0
55105.56317929002	127.7793252022966	3036623093.306724	16327.555949154272	66964.82166210937	507.04151464843017	4484287340.238112	257091.09757697425	55726.08807384853	36.18476675834245	3105396892.014323	1309.3373453556446	55923.373500312206	55956.81769226867	0.86939	19.916739	0.0957431000000002	0.0646319	0.0041303406	0.0065601764	0.0125240579	0.0005088657	-0.050039736	0.0199923813	0.0443840588	0.0357605617	-0.0034840835	-0.0137263415	-0.01080393	0.0199043852	0.0359686787	0.0047707319	-0.0394533402	-0.0303968069	-0.014395305	0.0162232322	-0.0449478355	0.0215182977	0.0156794709	-0.02526551	0.056026648	-0.0304073922	-0.0015117545	0.014494905	0.0254290577	-0.0247457435	0.0242221024	-0.0085916599	-0.0163769541	-0.0050311966	-0.0120500134	-0.0204103873	0.0138533091	-0.0433959556	-0.0089202271	0.0665645182	0.0183337651	0.0126447656	-0.0152126043	-0.0091700093	0.019354899	0.0264515403	-0.0454431897	-0.0122560585	-0.005211052	-0.055529026	0.0128917344	-0.0143696003	0.0691671231	0.0072730165	-0.0200092338	-0.0259795367	-0.0272813177	-0.0073844227	0.0191889958	-0.0577068192	-0.0634581677	0.0023787573	-0.0323231858	-0.065235861	-0.0358553116	0.0135542635	0.0175560216	0.0162382659	-0.0893271806	0.0127110624	0.0336919978	-0.0241031173	0.0130297751	-0.003396931	-0.016072565	0.0102949213	-0.0267783436	-0.0144994998	0.0003040876	-0.0234505215	-0.0264486984	0.0067919452	0.0113957323	0.0123888114	0.0049436768	-0.0291606311	0.0238620014	0.0166912781	-0.002714086	0.0083839935	-0.0357518436	0.0042397516	0.0633340023	0.0572930909	0.019936696	0.0195403377	0.0263451917	-0.0144813686	0.0062530996	0.0009812914	0.0466057403	0.0288764998	0.0193390867	-0.0277256619	0.0304180572	0.0087963431	0.0306412009	0.0360280184	0.0424149983	-0.0666749776	0.0095125053	0.0556446837	-0.0407251981	0.033443543	0.0160247382	0.0413619859	-0.0186733176	-0.0199541138	0.0262559941	-0.0566460123	-0.0160177124	-0.0201818356	-0.0146360798	-0.030741996	-0.0290346381	0.0232668659	-0.0099690682	-0.0132870387	-0.0104618507	-0.0117712313	-0.0186554138	0.0132266194	-0.0447174733	0.0030331552	0.0652931615	0.0156041575	-0.009321769	0.024239326	0.0131457606	0.0205194073	0.0143100586	0.0441141769	0.0154935859	-0.0066418828	0.0531739665	-0.0037996249	0.0175531706	-0.0617416608	0.0260081357	0.0029573947	-0.0375279635	0.0278116795	-0.0132971198	0.0054670425	-0.0377620957	-0.0795365096	0.0123264449	0.0028474602	0.0501938544	-0.0049473755	-0.0661221015	0.0257214655	-0.0282674239	0.092974561	0.0141626713	-0.0200483569	-0.0108013665	-0.0017904283	0.0079530292	-0.0127458276	0.0055445546	-0.0235273156	-0.0058194889	-0.0098638067	0.0081339846	-0.0293185978	-0.0206233727	0.0060124452	0.0045763847	0.0138959288	-0.0209183083	0.0313821559	0.024777249	-0.0095058244	0.0166522841	-0.0085728231	0.0422574054	0.0353282005	0.0697163842	0.0209425245	-0.01861168	-0.015291834	-0.0071669521	0.0258721456	0.0221782406	0.010589828	-0.0274558892	-0.0162643668	0.0276862124	0.0307865373	-0.0204465064	0.0604989217	-0.0177602595	0.0403367353	0.0347714648	-0.0510293453	-0.056178224	0.0315810044	0.0395038095	-0.0291324562	0.0091232664	-0.0021787446	-0.0028568409	0.0643376775	0.0038037902	-0.0086845808	-0.0027538759	-0.0317013713	-0.0629634975	0.0028845539	0.0357464056	-0.0475005136	-0.0190827063	0.0438543735	-0.0300746898	-0.0141489438	-0.0158554542	0.0063746758	0.0307234041	-0.0219434237	-0.0194883658	-0.008789266	0.0045910813	0.0289780979	-0.044171958	0.0307174953	-0.0112434423	-0.0104339452	0.0300666323	-0.0438072762	0.0489631754	-0.0445239479	0.0313595323	-0.0120497088	-0.0096214501	0.0294071302	-0.0434300072	0.0489420714	-0.0448631447	0.0319925587	-0.0128525131	-0.0088061905	0.0287391785	-0.0430402594	0.0489069049	-0.0451894509	0.0326163926	-0.0136516244	-0.0079884006	-0.0937892	-0.0004515999999999	2.039425599999968e-07	0.00879641403664	-4.33829	0.0606200000000001	18.8207601241	0.0036747844	-0.891715	-0.013298	0.000176836804	0.795155641225	-0.0177231	0.000127	0.0003141082736099	1.6129000000000538e-08	-0.00417807	-0.00025293	1.74562689249e-05	6.39735849000001e-08	0.00161159	4.754e-05	2.5972223281e-06	2.2600515999999995e-09	0.0	0.0	0.0	0.0	0.0	0.0	0.0	0.0	0.0	0.0	0.0	0.0	0.0	0.0	0.0	0.0	0.0	0.0	0.0	0.0	0.0	0.0	0.0	0.0	0.0	0.0	0.0	0.0	0.0	0.0	0.0	0.0	0.0	0.0	0.0	0.0	0.0	0.0	0.0	0.0	0.0	0.0	0.0	0.0	0.0	0.0	0.0	0.0	0.0	0.0	0.0	0.0	0.0	0.0	0.0	0.0	0.0	0.0	0.0	0.0	0.0	0.0	0.0	0.0	0.0	0.0	0.0	0.0	0.0	0.0	0.0	0.0	0.0	0.0	0.0	0.0	0.0	0.0	0.0	0.0	0.0	0.0	0.0	0.0	0.0	0.0	0.0	0.0	0.0	0.0	0.0	0.0	0.0	0.0	0.0	0.0	0.0	0.0	0.0	0.0	0.0	0.0	0.0	0.0	0.0	0.0
55215.52305904931	109.95987975929164	3048753986.684406	12091.175156677878	67198.00325488282	233.1815927734424	4515571641.443242	54373.65520835952	55793.70381067154	67.61573682301241	3112937384.912944	4571.887866118876	55987.59895895278	56187.171269404425	0.847913	19.424719	0.0712589000000002	0.0379756	0.0028597068	0.0074080661	0.0153924902	-0.0036691056	-0.038287248	0.0058886054	0.0405487124	-0.0456769913	-0.0122745793	0.0397856055	-0.0279807979	0.0178856132	0.016992389	-0.0056261837	-0.0387453883	0.019905177	0.0249205356	0.0333143019	-0.0215838883	-0.0163542365	0.0235446501	0.0116499237	0.0067088906	-0.0005993058	-0.0159792976	-0.0413016158	0.0228886225	0.0208542521	0.0350440446	-0.020050786	0.0176526755	-0.0155741382	-0.0158866607	0.0265280547	-0.0216389673	0.0292982031	-0.012412075	0.017645367	-0.0133112424	0.0195010499	-0.008627704	0.0177761957	0.0519249016	0.0150711967	0.0046024152	0.0283501762	-0.0569523798	-0.0270796964	0.0150319498	-0.0112430805	0.0015353737	0.0496159991	-0.0014438648	0.0359689204	0.0538252275	-0.002960544	-0.0153513958	0.0070345932	0.0262835011	-0.0282506429	-0.0109626881	0.0019120779	0.0298386079	-0.0386274716	-0.0269182382	-0.0161960375	-0.0051751794	0.0375294369	-0.020246578	0.002438484	0.004672199	-0.0054976808	-0.0292431832	0.0030411972	0.0326347485	0.0453285756	0.0108462776	-0.057286193	-0.0269147292	0.0217375682	-0.0034412124	0.0403161856	-0.0353226605	0.070233393	0.0506605476	0.0116195928	0.0020700884	-0.0046165225	-0.069030288	-0.037603398	0.020548085	0.0350833092	0.0454313513	-0.0236326159	-0.014843965	0.0391123754	-0.0398635401	-0.0521451771	0.0349247658	-0.0408195656	0.0469081772	0.0192776201	0.0055528791	-0.0141072804	-0.0232613465	0.0180696645	0.0047013606	-0.0632427436	-0.0184829358	-0.0164023065	-0.0357032944	-0.0019636479	0.0349785392	0.0207556283	0.0160230683	-0.0231755286	-0.0150649797	-0.007348797	-0.0044297131	0.0127254405	0.0391995623	-0.0288699734	0.0204963709	0.0372869547	-0.0166304534	0.0244088273	-0.0167973291	-0.0149418899	0.0221458688	-0.0231129615	0.0318811912	0.0125610349	0.0195703096	-0.0103368733	-0.0202614606	0.0137709872	-0.013645661	0.0243989647	0.051216285	-0.0128557156	-0.019656453	0.0459128552	0.0375457108	0.0053446855	0.0174448372	-0.0179030035	-0.0276162817	0.0272649708	0.0354655047	-0.0227434718	-0.0284459711	0.0410843056	0.0138652388	0.0206014596	0.0310767388	0.017129548	0.0093653166	-0.027932772	0.0483103157	-0.0155145699	0.0174599469	0.0105474124	-0.0239588262	0.0213080379	0.0094875705	0.0027519987	0.0143970474	-0.0372362056	-0.0026996977	0.0325958089	0.0407519052	0.0133544139	0.0598613981	-0.0361966099	-0.0322258583	0.0212949243	0.0296294421	-0.0421878933	0.0721000315	0.0186871319	0.0097870583	-0.0021787605	-6.06654e-05	-0.0485678681	0.0387811344	0.0425021639	0.0234772533	0.0141481329	-0.0616481644	0.0184520187	-0.0084229252	-0.0441181872	0.0519056431	-0.0494213306	-0.0407900318	0.0437988974	-0.020253445	-0.0147455065	-0.0049876928	0.0108415528	-0.0355135032	-0.009883821	0.0202416979	-0.0568690036	0.0390258683	-0.0122330328	0.0298785195	-0.0085990736	0.0110047417	-0.0007966388	-0.0133072227	0.0488029847	0.0086435511	0.0197520406	-0.0146293286	-0.0366224239	-0.0048554163	0.0180135711	-0.034085494	-0.045041582	-0.025442686	-0.0072242808	0.0019114181	0.0436198094	-0.040039024	0.0080296472	0.0115827705	-0.0265532297	-0.0148674831	-0.0203802215	0.0056753203	0.0168532617	-0.0442512785	0.0310039458	-0.0117813266	-0.0097118681	0.0293333271	-0.0433014723	0.04892427	-0.0451180572	0.0326163926	-0.0138286801	-0.0076241876	0.0276076712	-0.0422704209	0.0487865342	-0.0459001824	0.0341676424	-0.0158500872	-0.005522202	0.0258302158	-0.0411600588	0.0485572616	-0.0465961863	0.0356547843	-0.0178417553	-0.0034098553	-0.0905278	0.0032613999999999	1.0636729959999983e-05	0.00819528257284	-4.37228	-0.0339900000000001	19.1168323984	0.0011553201	-0.8744619999999999	0.0172530000000001	0.000297666009	0.7646837894439997	-0.0175046	0.0002184999999999	0.0003064110211599	4.7742249999999985e-08	-0.00417039	7.679999999999493e-06	1.7392152752100003e-05	5.898239999999221e-11	0.00150268	-0.00010891	2.2580471824e-06	1.1861388100000007e-08	0.0	0.0	0.0	0.0	0.0	0.0	0.0	0.0	0.0	0.0	0.0	0.0	0.0	0.0	0.0	0.0	0.0	0.0	0.0	0.0	0.0	0.0	0.0	0.0	0.0	0.0	0.0	0.0	0.0	0.0	0.0	0.0	0.0	0.0	0.0	0.0	0.0	0.0	0.0	0.0	0.0	0.0	0.0	0.0	0.0	0.0	0.0	0.0	0.0	0.0	0.0	0.0	0.0	0.0	0.0	0.0	0.0	0.0	0.0	0.0	0.0	0.0	0.0	0.0	0.0	0.0	0.0	0.0	0.0	0.0	0.0	0.0	0.0	0.0	0.0	0.0	0.0	0.0	0.0	0.0	0.0	0.0	0.0	0.0	0.0	0.0	0.0	0.0	0.0	0.0	0.0	0.0	0.0	0.0	0.0	0.0	0.0	0.0	0.0	0.0	0.0	0.0	0.0	0.0	0.0	0.0
55309.50486560038	93.9818065510699	3059141328.477872	8832.579962602724	66833.673125	-364.3301298828155	4466739863.379348	132736.44354042923	55829.401153741535	35.69734306999453	3116922033.1853967	1274.3003022568869	56025.24338799358	56079.20274293578	0.919395	21.062298	0.0510595999999997	0.025163	0.0035629529	0.007760699	0.0166681525	-0.0047068543	-0.0335419029	0.004274342	0.0296462264	0.0025707755	0.014314087	-0.0401276517	-0.0405906526	-0.0062111073	0.056785837	-0.0108474173	-0.0070540297	-0.0027980492	-0.0187602352	0.020623713	-0.0084898553	0.0077930408	0.0095328699	-0.0178345872	0.0268288398	0.005294159	0.0004169995	0.0185215984	-0.0210775927	-0.0154032277	-0.0413922737	0.0344881455	-0.0293160372	-0.0063459462	-0.0466482718	0.0341840022	0.0292742861	-0.0264366983	-0.0484282229	0.0270256331	-0.0222213918	-0.0186716122	-0.0136488248	0.0299023837	-0.0118239561	0.05477766	-0.0092897978	0.0171475513	-0.0302303905	-0.0343246716	-0.0262749074	0.0430824527	-0.006072032	0.0589720214	-0.0060847482	0.0342281265	-0.0217660925	0.0607260069	-0.0673086575	0.012177605	0.0429408502	-0.0074044129	-0.0228577157	0.0359641611	0.0072381332	0.0291173696	0.0102483123	0.0188056691	-0.0221907793	-0.0002812375	0.0150781226	-0.0612706861	0.060123856	0.0441764356	-0.0127359509	-0.0425982353	0.0006903369	-0.0252604151	-0.046011798	-9.13671e-05	0.0176386684	-0.023330467	-0.0240347402	0.0124600717	0.014667971	0.0160575143	-0.0011848547	-0.0171831125	0.0342284869	-0.0312416003	-0.0248650545	0.0419033477	0.0139278295	0.0280658718	0.0177326923	0.0041764626	-0.0531992662	-0.035334939	0.0111007198	0.0864913467	0.0086350583	-0.0191793189	-0.0260834962	-0.024184421	0.0283182404	-0.067028618	0.0300437502	0.0501076631	-0.0062564846	-0.0713175756	-0.0095688506	0.0244987244	0.0191258906	-0.0835152586	0.0213678193	0.0070010786	-0.0064320755	-0.0119103636	0.0184037938	-0.0270997891	0.0078494327	-0.0003021815	-0.0189897113	0.0210527409	-0.0094820586	-0.0388695127	0.0207700042	-0.0282380597	-0.0126935237	-0.0554615166	0.0401875561	0.0280737989	-0.0244318823	0.0456649359	0.0319153639	-0.0271720124	0.019928595	0.0152394702	-0.0349967831	0.0440032936	-0.0139168892	0.00069487	0.007352617	0.0109330147	0.0493819382	0.038169957	-0.035665126	-0.0136123656	-0.0400351151	0.0454963679	0.0259476261	0.0329217233	-0.0401061654	-0.0166001938	0.0492631657	0.0501142075	0.0106613799	0.0210543217	-0.0583786183	0.0187813021	-0.0114925417	0.0061618896	-0.0145982751	0.0427536222	-0.0222325627	-0.0184257992	-0.0751723884	-0.0360868337	-0.0302126146	-0.0095402802	-0.0336391981	0.0136872969	-0.011857692	-0.039392201	-0.0308895031	0.0465235315	0.0009768596	-0.0023017294	0.0318845658	0.0252032081	0.0088349634	-0.0113517841	-0.0228085892	0.0358701904	0.0547909568	-0.0089010075	0.0152503237	-0.0002678415	0.0315545589	0.0102241207	-0.0240802141	0.0516856641	-0.0344202833	-0.0020947177	-0.0569929052	0.0724870721	-0.0008510377	0.0171094368	0.0051068467	0.0684439316	-0.0267606404	0.0431316596	-0.0589137174	-0.003830415	-0.0213001953	-0.0628429016	0.0019378073	-0.0382221002	-0.0518005434	0.0145475352	0.0137821165	0.0025253636	-0.0101325272	0.0371161138	-0.0005349104	-0.0234305742	0.0269550796	-0.0263629767	-0.0001264172	-0.0304853192	0.0466819969	-0.017813839	0.0208513265	0.0084745528	-0.0331316567	-0.02241619	-0.0493187681	-0.0209864229	0.0234933942	-0.025013189	-0.0356831781	-0.0088445438	0.0101910199	0.03384483	-0.044329971	0.0312886365	-0.0123177063	-0.0089875862	0.0285896166	-0.04277355	0.0488513503	-0.0456711967	0.0338357689	-0.0155880314	-0.0056138368	0.0257518113	-0.0410094892	0.0484953459	-0.0467907162	0.036218649	-0.018782686	-0.0022128355	0.0227889965	-0.0390463521	0.047903926	-0.047683095	0.0384257095	-0.021886162	0.0011989077	-0.0821671999999999	0.0083606000000001	6.989963236000178e-05	0.0067514487558399	-4.39012	-0.0178399999999996	19.273153614399995	0.0003182655999999	-0.8824159999999999	-0.007954	6.326611600000027e-05	0.7786579970559998	-0.0176726	-0.000168	0.00031232079076	2.8224000000000498e-08	-0.00416013	1.026000000000065e-05	1.7306681616899997e-05	1.0526760000001335e-10	0.00166252	0.00015984	2.7639727504e-06	2.5548825600000023e-08	0.0	0.0	0.0	0.0	0.0	0.0	0.0	0.0	0.0	0.0	0.0	0.0	0.0	0.0	0.0	0.0	0.0	0.0	0.0	0.0	0.0	0.0	0.0	0.0	0.0	0.0	0.0	0.0	0.0	0.0	0.0	0.0	0.0	0.0	0.0	0.0	0.0	0.0	0.0	0.0	0.0	0.0	0.0	0.0	0.0	0.0	0.0	0.0	0.0	0.0	0.0	0.0	0.0	0.0	0.0	0.0	0.0	0.0	0.0	0.0	0.0	0.0	0.0	0.0	0.0	0.0	0.0	0.0	0.0	0.0	0.0	0.0	0.0	0.0	0.0	0.0	0.0	0.0	0.0	0.0	0.0	0.0	0.0	0.0	0.0	0.0	0.0	0.0	0.0	0.0	0.0	0.0	0.0	0.0	0.0	0.0	0.0	0.0	0.0	0.0	0.0	0.0	0.0	0.0	0.0	0.0
55521.46861583373	211.96375023334983	3082633477.25901	44928.63141298592	67419.20639746093	585.5332724609325	4545349391.263437	342849.2131588086	55986.33026323743	156.92910949589714	3134469176.3442955	24626.745407175276	56175.17630530447	56811.60702649401	0.947437	21.704704	0.0519256999999999	0.0245379	-0.0005661168	0.0068032675	0.01128302	0.0001473674	-0.0006672355	0.0123514613	-0.0073066655	0.0220461316	0.0040781004	0.0128201765	0.025669699	0.0340653949	0.0138252696	-0.0083922489	-0.0417076168	0.0106367902	-0.0067659216	-0.0077772243	0.0409607574	0.0062515933	0.0191986896	0.0272364783	-0.0217348129	0.0200340491	0.063258026	-0.020545935	-0.010797625	-0.0380988476	-0.0002921147	-0.0210469887	0.026734946	-0.0039109513	-0.0303381334	-0.0025665711	-0.035224545	0.0068183498	-0.0475204896	0.0180161777	-0.0753798096	-0.006758344	-0.0242816159	-0.0201836322	0.032512815	0.0028580437	-0.004153103	-0.0187726498	-0.0076378288	0.0141218243	0.0422761787	0.0188804151	0.0270261983	-0.0136582737	-0.0172945193	-0.0211206947	-0.0219212826	0.0281956563	0.0046939552	-0.0047709998	-0.0426978291	-0.0185224187	-0.055084414	0.0183994216	-0.0111047832	0.0250010759	0.0287388741	-0.0714750665	0.0001450551	-0.0225838799	0.0407943943	0.00064371	-0.0138706224	-0.0032557559	0.0110643104	-0.0038569864	0.0613964513	0.0234587055	-0.0378671942	-0.010565118	-0.0309306732	0.0522735357	0.0276801929	-0.0312278759	-0.033381883	-0.0147147043	0.014944946	-0.0090495086	-0.0369507908	-0.0272578602	-0.0035472696	-0.0330524714	0.0340051921	-0.1084043983	-0.0291907662	-0.0373328114	0.0495207468	-0.0077951528	-0.0101161424	-0.0232359072	-0.042920817	-0.0130408551	0.0212082031	-0.0348130302	-0.034697479	-0.0048215444	0.0036099791	0.0329439863	0.0319289066	0.0300588286	-0.0129468165	0.0023062957	-0.0210330926	0.0080179219	-0.0085756404	-0.0402436785	-0.0047510752	-0.0179411631	-0.0282407876	0.0313878979	0.0361650914	-0.0504755422	0.0235260995	0.0125963241	-0.0355482489	-0.0045543954	-0.021650094	0.0320812736	-0.0012254015	-0.0300527124	-0.0069174996	-0.0374147662	0.006990352	0.0459447571	0.0189638246	-0.0735990643	0.0086468489	0.0194019184	0.0232194797	-0.0048007625	0.0314865681	0.011997636	0.0211413283	0.0103247842	-0.0064947553	-0.0330553916	-0.0262574479	-0.0194324987	0.0191856006	-0.01366237	-0.0371101003	0.0152439711	-0.0172527818	-0.0201676354	-0.0040965478	-0.0351703958	0.0317018316	0.0423700705	-0.0258354163	0.0176472023	-0.021537026	0.0252961414	0.0591630145	0.0007928777	0.0210819834	-0.0564337677	0.0193603745	0.0116480729	-0.0079964087	0.0152472362	0.0089835325	0.0585325619	0.050510848	-0.0475304544	0.0264225668	-0.0520445926	0.0090502638	-0.0110675566	-0.0285139269	-0.0192395671	-0.0116323146	0.0245526191	-0.0116522988	-0.0284022432	0.0207866226	-0.0044576134	0.019039489	0.0379352942	-0.0876952502	-0.0771879356	0.0520062183	-0.0422343484	0.0015052265	0.0092405078	-0.0115741649	-0.0472052964	0.0156314287	0.0120153635	0.0304252455	-0.0055569024	0.0161943567	-0.0097653001	-0.0282572897	0.0313471018	-0.0101272045	0.0368123973	0.0072416649	-0.012417794	0.0164639217	0.0101157723	0.0130887381	0.0036349771	-0.0133288302	0.0336036075	-0.0211089587	0.0001098794	-0.0165306713	0.031135558	-0.0470089572	0.0289061084	-0.0152440086	-0.0159600436	0.0104859852	0.0330250713	-0.0075542346	0.0190980714	-0.0089544249	0.0060783096	0.0122026359	-0.0277219659	0.0119675982	-0.0035009709	0.007666589	-0.0122432995	-0.0444080345	0.0315715513	-0.0128525131	-0.0082612638	0.0278357645	-0.0422237789	0.0487444668	-0.0461828639	0.0350162597	-0.0173252667	-0.0035938487	0.0238433419	-0.0396502352	0.0480693164	-0.0475319038	0.0381381307	-0.0216382877	0.0011067004	0.0196310923	-0.0367111306	0.046950984	-0.0484427166	0.0409083818	-0.0257518113	0.0057970462	-0.0761084999999999	0.0060587	3.670784569e-05	0.0057925037722499	-4.36884	0.0212799999999999	19.0867629456	0.0004528383999999	-0.891935	-0.0095190000000001	9.061136100000316e-05	0.795548044225	-0.0177996	-0.0001269999999999	0.0003168257601599	1.6128999999999654e-08	-0.00410329	5.683999999999984e-05	1.68369888241e-05	3.2307855999999822e-09	0.001545	-0.00011752	2.387025e-06	1.3810950400000021e-08	0.0	0.0	0.0	0.0	0.0	0.0	0.0	0.0	0.0	0.0	0.0	0.0	0.0	0.0	0.0	0.0	0.0	0.0	0.0	0.0	0.0	0.0	0.0	0.0	0.0	0.0	0.0	0.0	0.0	0.0	0.0	0.0	0.0	0.0	0.0	0.0	0.0	0.0	0.0	0.0	0.0	0.0	0.0	0.0	0.0	0.0	0.0	0.0	0.0	0.0	0.0	0.0	0.0	0.0	0.0	0.0	0.0	0.0	0.0	0.0	0.0	0.0	0.0	0.0	0.0	0.0	0.0	0.0	0.0	0.0	0.0	0.0	0.0	0.0	0.0	0.0	0.0	0.0	0.0	0.0	0.0	0.0	0.0	0.0	0.0	0.0	0.0	0.0	0.0	0.0	0.0	0.0	0.0	0.0	0.0	0.0	0.0	0.0	0.0	0.0	0.0	0.0	0.0	0.0	0.0	0.0
55571.728465472246	50.25984963851806	3088217004.640178	2526.052485686444	67282.15904882812	-137.04734863281192	4526888926.271804	18781.975767283493	55925.694521049925	-60.63574218750728	3127683307.6617937	3676.6932306298495	56113.7992927123	56748.213163301545	0.934103	21.399244	0.0435689999999999	0.0196001	0.0014338582	0.0033892146	0.0119375403	-0.00490059	0.0109703907	-0.0114104677	-0.0133698705	-0.0288937873	0.0250112499	-0.0284341379	-0.0225992913	0.0209637515	0.0368995563	0.0062309685	0.0240978121	0.0135445195	0.0076839091	-0.0033375802	0.0004080658	0.0175348205	0.002838147	0.0136473893	-0.026979695	0.0044629173	-0.0190159005	0.0031039829	0.0288616732	-0.027709223	-0.0017472105	-0.0337107697	0.0053057773	0.0112706546	-0.0003774719	0.0159403945	0.0138473288	-0.0103211906	0.0461083637	0.0126001526	-0.0082584624	-0.0298329445	-0.002800961	0.041472927	0.0232254623	0.0294314411	0.0363544355	0.0810402895	0.0492327417	0.0004954022	0.0253084905	-0.0171103251	0.0025073806	-0.0089003628	-0.0222239615	0.0319381102	0.0283761717	-0.0359996346	0.0023628576	-0.0186515471	-0.0347044077	-0.0273374357	0.0056009196	0.0165107269	0.0174786411	-0.0052503946	-0.0011723091	-0.0256993847	-0.0251167736	0.0046439682	-0.0126601746	0.0202014809	0.0179257543	0.0236463174	0.0078790021	-0.0107220638	0.0178436409	-0.0220290104	0.0298008335	0.0154281239	-0.0071494892	0.0410514915	-0.0100862124	0.0403736197	-0.0480815464	-0.0140204741	0.0180085248	0.0298190582	0.0197377836	0.0476602795	0.012986571	0.0077494452	0.0578636405	-0.0321893682	-0.0121792056	0.0639801567	-0.0889472044	0.0070621929	0.0102605498	0.017866332	0.0517669871	0.0350423642	0.0363778867	-0.0079346629	-0.011992857	0.0117257458	-0.0340552478	-0.0022289286	0.0272477304	0.0104148991	-0.0040001633	0.0310203298	-0.0543122384	0.0022231499	-0.0024294349	0.0020467519	-0.0177874384	-0.0026289159	-0.0135701822	0.0267700074	-0.0024193675	0.0193566534	-0.0039551416	-0.0294619032	-0.023181093	-0.0051150088	-0.0370008883	0.0068788344	0.0103863872	-0.0012868467	0.0171608125	0.0153370785	-0.0076071427	-0.0462931209	0.0129649418	-0.0111782328	0.0221502476	0.002845258	-0.0527027151	0.039870191	0.022264263	-0.0476407121	-0.0623385873	-0.0512467879	-0.0124489705	-0.0100246476	0.0123860951	0.0010652256	0.0149787611	-0.0038153155	0.0173234112	-0.0015900371	-0.0033407886	0.0405562923	0.0059849749	-0.0372645333	0.0275857796	-0.0145444677	-0.0115822237	-0.0079901167	0.0164907887	-0.0087819636	0.0239875465	0.0141823524	0.0176224856	0.0103644882	0.0269589039	-0.0244314892	-0.0144749268	-0.0002690277	-0.0035222173	0.0274037592	-0.0148764045	0.0186294956	0.0030580826	-0.0554125308	0.0379807415	0.0250111286	0.0312287463	-0.0451297451	-0.0271051929	0.0049389728	0.0275692773	0.0340889353	-0.0194230795	0.0426968922	0.0419469324	0.0369759145	0.0112673339	0.0287077598	0.0589942812	0.0948638698	0.0034373746	-0.0116734493	0.0093410276	0.0230961358	-0.0620721912	-0.0346010865	0.0249449809	-0.0044886588	0.0068220716	-0.0105110893	-0.0080592789	0.0274026956	-0.0044246084	-0.0178334458	-0.0369378146	-0.0129874081	0.0430646402	0.0655775553	0.0141126345	0.0045911803	-0.0035998864	0.0292318695	-0.022844362	0.0161457424	0.0238894312	0.0080326984	0.0288117897	-0.0015090944	0.0168940925	-0.0026829644	0.0049213703	-0.0555734488	-0.0225081036	0.003373913	-0.0232485535	-0.0110754376	-0.0002449832	-0.0024521583	-0.0125595612	-0.003655756	0.0040115163	-0.0263640999	-0.0444854679	0.0318526742	-0.0133856785	-0.0075330659	0.0270720383	-0.0416524399	0.0486036939	-0.0466525943	0.0361565084	-0.0190379212	-0.0015676912	0.021886162	-0.0381959179	0.04750963	-0.0481213794	0.0399191169	-0.0244051859	0.0044211503	0.0163726724	-0.0341676424	0.0457043959	-0.0488698372	0.0430841775	-0.0294071302	0.0103438118	-0.071445	0.0046634999999999	2.17482322499991e-05	0.0051043880249999	-4.37433	-0.0054899999999999	19.1347629489	3.0140099999999945e-05	-0.887135	0.0048	2.304000000000025e-05	0.787008508225	-0.0175091	0.0002904999999999	0.00030656858281	8.439024999999948e-08	-0.00397581	0.00012748	1.5807065156099997e-05	1.6251150400000032e-08	0.00169933	0.00015433	2.8877224489e-06	2.3817748900000016e-08	0.0	0.0	0.0	0.0	0.0	0.0	0.0	0.0	0.0	0.0	0.0	0.0	0.0	0.0	0.0	0.0	0.0	0.0	0.0	0.0	0.0	0.0	0.0	0.0	0.0	0.0	0.0	0.0	0.0	0.0	0.0	0.0	0.0	0.0	0.0	0.0	0.0	0.0	0.0	0.0	0.0	0.0	0.0	0.0	0.0	0.0	0.0	0.0	0.0	0.0	0.0	0.0	0.0	0.0	0.0	0.0	0.0	0.0	0.0	0.0	0.0	0.0	0.0	0.0	0.0	0.0	0.0	0.0	0.0	0.0	0.0	0.0	0.0	0.0	0.0	0.0	0.0	0.0	0.0	0.0	0.0	0.0	0.0	0.0	0.0	0.0	0.0	0.0	0.0	0.0	0.0	0.0	0.0	0.0	0.0	0.0	0.0	0.0	0.0	0.0	0.0	0.0	0.0	0.0	0.0	0.0
55578.56830961205	6.839844139802153	3088977255.346213	46.783467856785855	67656.60151953125	374.4424707031285	4577415729.172638	140207.16386626323	55971.68806289289	45.993541842966806	3132829864.6097865	2115.4058912607384	56168.07342337655	57070.28780565138	0.945759	21.666279	0.0985330000000003	0.0630874	-0.0021510742	0.0080281269	0.0094622664	0.0024966273	0.0208832264	0.0182242093	-0.0337128844	0.0625145655	0.0214739532	-0.0042701973	0.0165134824	0.005601175	0.020985958	-0.0080157508	-0.0049797615	0.0226550215	-0.0206948774	-0.0248566697	0.0348282392	0.0217977286	0.0061329863	-0.0199761779	0.0062512531	0.0017958347	0.0419133635	-0.0086482318	-0.0168635729	-0.0403022332	-0.0476193589	0.0237901534	0.0174483942	0.0454108293	-0.0077886549	-0.0726388172	0.0086668278	-0.0030990794	0.006009223	0.0154784557	0.001615053	-0.0136024291	0.0167213529	-0.0046378849	-0.0068457528	0.0048115051	0.0485636081	0.0176640561	0.0234409534	0.0276467865	0.012281836	0.0451629229	-0.007184908	0.0101357066	0.0176988986	0.0200428619	-0.0314856798	-0.0040439335	0.0285492124	0.0438205459	0.028584424	-0.0259364939	-0.01132463	0.0371758759	-0.0336913227	0.0067891529	-0.0283147163	0.0162952579	-0.0159102342	0.0211520477	0.0289740471	0.0446431394	-0.0729324641	0.0713066126	-0.0399348	0.0278278063	-0.0375996602	-0.0324062519	0.0269959777	0.0426934903	0.0078717805	-0.0003985852	-0.0050910994	-0.0001422962	0.0380840462	0.0086043533	-0.0289725479	0.013724281	0.0355781454	-0.0125477315	0.0513027349	-0.0023826921	-0.0411216881	0.0025813692	0.0066443111	0.0080646489	0.0332122059	-0.0596151898	0.015204505	0.0353160605	0.0077180048	-0.0131638407	-0.019271468	-0.0007492726	-0.0418268415	0.0166531027	-0.0119772597	-0.0549841563	0.031611905	-0.0054450607	0.0075663773	-0.0267511346	-0.034542521	-0.0446575431	-0.0266083417	-0.0359512242	-0.0198264212	-0.0080763236	0.0211927093	-0.0006883476	0.0158247683	-0.0388859674	0.0104100196	0.0224087255	-0.0327085939	-0.0512369635	0.0127773233	0.0027840022	0.0461107478	-0.0187628143	-0.0747536199	0.0158027128	-0.0028427864	-0.0065677954	0.0153269923	0.0001305749	0.0121434056	-0.0152730942	-0.0018043487	0.0100765441	-0.0067106815	-0.0487593501	-0.0128380837	-0.0169027174	-0.0270735084	-0.0216431758	-0.043976193	0.0019159135	-0.0177777757	0.0065754946	0.0160067134	0.0288501906	0.048001222	-0.0137923177	-0.0169168235	0.0448133005	0.0346327685	0.0122303722	-0.0121715313	0.0398562126	0.0175252459	-0.0193063903	-0.0224375707	0.0186253948	-0.0100276537	-0.010533712	0.061188439	0.0538049293	-0.0685937023	-0.0404792286	0.0080371416	-0.0426371389	-0.0406649201	0.0363141006	-0.0542214126	0.0011585369	0.0119387037	-0.0033329419	-0.0024905883	0.0375429805	0.0031035071	-0.0348249019	0.0025815413	0.0382007067	-0.0043648336	0.0071602845	-0.0533821841	-0.0166947897	-0.0195485316	0.0214726675	-0.0060475386	-0.0286073169	-0.0259200247	0.0465431886	-0.0290009985	0.0285335537	-0.0045706723	0.0168900358	0.0044146535	-0.0023137676	0.0452700903	-0.040675848	0.0478400622	0.0420147897	0.0201709711	-0.0054562463	0.0233137446	-0.0394640166	0.0063050221	-0.023919857	0.0179920757	-0.003796132	-0.0224987751	0.0034627363	-0.0092099059	-0.0327631615	0.0249791847	0.030484391	-0.0170210911	0.0203547206	0.0100841228	0.0161063243	0.0339888536	0.0297851171	-0.0176365011	-0.0320243842	0.0083036184	0.0016616928	0.0003149571	-0.0009602685	0.0235359747	-0.0110335403	-0.0122482273	-0.0256857367	-0.04456227	0.0321319892	-0.0139171345	-0.0068031578	0.026298709	-0.0410598248	0.0484291295	-0.0470799613	0.0372552045	-0.020723565	0.0004611576	0.0198842699	-0.0366500239	0.046817843	-0.0485572616	0.0415551402	-0.0270720383	0.0077152822	0.0130304206	-0.0314303169	0.044171958	-0.0489615251	0.0449367745	-0.0328222635	0.0147989116	-0.070258	0.0011869999999999	1.408968999999985e-06	0.004936186564	-4.38692	-0.0125900000000003	19.2450670864	0.0001585081	-0.850626	0.036509	0.001332907081	0.723564591876	-0.018237	-0.0007279	0.000332588169	5.298384100000001e-07	-0.00374271	0.0002330999999999	1.4007878144099998e-05	5.433560999999999e-08	0.00169539	-3.94000000000002e-06	2.8743472521e-06	1.5523600000000157e-11	0.0	0.0	0.0	0.0	0.0	0.0	0.0	0.0	0.0	0.0	0.0	0.0	0.0	0.0	0.0	0.0	0.0	0.0	0.0	0.0	0.0	0.0	0.0	0.0	0.0	0.0	0.0	0.0	0.0	0.0	0.0	0.0	0.0	0.0	0.0	0.0	0.0	0.0	0.0	0.0	0.0	0.0	0.0	0.0	0.0	0.0	0.0	0.0	0.0	0.0	0.0	0.0	0.0	0.0	0.0	0.0	0.0	0.0	0.0	0.0	0.0	0.0	0.0	0.0	0.0	0.0	0.0	0.0	0.0	0.0	0.0	0.0	0.0	0.0	0.0	0.0	0.0	0.0	0.0	0.0	0.0	0.0	0.0	0.0	0.0	0.0	0.0	0.0	0.0	0.0	0.0	0.0	0.0	0.0	0.0	0.0	0.0	0.0	0.0	0.0	0.0	0.0	0.0	0.0	0.0	0.0
55596.77180900719	18.20349939513835	3091001035.582816	331.3673902288023	68154.3450029297	497.7434833984444	4645014742.778368	247748.57526561743	55938.84370277744	-32.8443601154504	3129154234.8037634	1078.751991393389	56138.33899076772	57607.96751851664	0.928077	21.261196	0.1034401999999998	0.0522955	-0.0017728916	0.0116995871	0.0103863051	-0.0026221263	0.0168748614	0.002939543	-0.0192799639	-0.0368977544	0.0074792563	0.0637131018	0.0251028709	0.0307546981	-0.0104911325	0.0036076019	0.0129974899	0.0219144471	-0.0015014983	-0.007146601	0.0211580951	-0.0027164354	0.0056658977	0.0219538749	-0.0179045547	-0.0144192309	0.0240542402	-0.0221447346	-0.0087177794	0.0158774322	-0.020141125	-0.0252859279	0.0349458089	0.0023387326	-0.002240467	0.0214400887	0.0334936926	0.0420101541	-0.036723201	-0.0432121227	-0.0068595637	0.0611083535	-0.024163389	0.0087157278	-0.0237750861	0.0549770616	0.1066317858	0.0152591938	-0.0053058572	0.0791240731	-0.0220563974	-0.0006001527	-0.0060811372	0.0301086855	0.0258347651	-0.003538914	-0.0311802619	-0.0634248622	0.0003834014	-0.004181245	0.020190048	-0.0224236346	0.0295815852	-0.0199956383	0.0249312979	0.0034451554	0.0071776081	-0.0335799915	0.002328078	-0.0153407481	-0.0037269069	-0.0072791351	0.0100247376	-0.0414241261	0.0492095842	0.0546796749	-0.0221448709	-0.0333125258	0.0269974353	-0.0106540648	0.0018374668	0.0689636841	0.0009593163	0.0303388962	-0.0268980925	0.0481793254	-0.036840844	-0.0082028227	0.0010436681	0.0044727447	-0.0076635114	-0.002626294	-0.009087284	0.015412697	-0.0128551774	-0.0174309872	-0.0401632796	-0.0529896903	0.0347095049	-0.0098731934	-0.0451486493	-0.0089587505	0.0055662661	-0.0026989074	-0.0301844066	0.0276321948	0.0054176751	-0.0192475198	-0.0056406256	0.0225093656	0.0038442747	-0.0154344599	0.0493561916	0.0157617334	-0.0081089844	-0.0211640127	0.0014447951	-0.0047474237	-0.0239795731	0.0202720953	-0.0064413099	-0.020511429	0.0189748708	0.008160329	0.0271840652	-0.0162496595	-0.0249045421	0.0386248762	0.005269469	-0.0045821595	0.021259927	0.0316084416	0.0437393852	0.0411115695	-0.0334669427	-0.0044103178	-0.0569257064	0.0275384705	-0.0185133668	0.047139133	-0.0340684541	-0.0987176675	0.008539391	0.0261741212	-0.0890810667	0.0219672262	-0.0041757157	-0.0126592691	-0.0364701467	0.0051945521	-0.0052297342	0.0186278997	0.0608471419	0.0298028014	0.0118894476	0.0071934453	-0.001266065	-0.0420725191	0.0092141877	-0.0311826954	-0.0057696661	-0.0004864839	0.0419213808	-0.0055440148	0.0088150517	0.0028126648	-0.0177080515	-0.0068818956	0.0358856431	0.033027963	0.0562501888	-0.0291930577	-0.039971532	0.0002664352	0.0365284837	-0.0499268936	0.0364786831	0.0265643666	0.0195366944	-0.0184918737	0.0345380063	-0.0458770226	-0.0249181825	-0.0055165141	-0.0115737124	-0.0192830368	-0.004411267	-0.0206279536	0.0087163933	-0.0241507521	-0.0116452065	0.0425812503	-0.0188046504	0.0534968468	-0.0296172946	-0.0122570492	0.0230011307	0.0091389951	0.0076017611	-0.0219276984	0.0198896963	-0.0172258521	0.0357519614	-0.0140827793	0.014932229	0.0322604121	0.0076300254	0.0187465385	-0.043557137	0.0203264022	0.0166623723	0.0060666304	-0.0183239874	0.0095634121	-0.0193253426	0.0126791956	-0.0126336834	0.0265182421	0.0119263285	0.0113632568	-0.0268020604	-0.0065627659	0.0183976921	-0.0254248654	0.0095458912	0.0688943055	-0.0243167998	0.0167101189	-0.0047491347	0.0061338481	0.0279785252	0.0040980073	0.00052068	-0.032357822	-0.0446384398	0.0324094805	-0.0144468132	-0.0060717052	0.0255160508	-0.0404462362	0.048220895	-0.0474645768	0.0383110855	-0.0223798066	0.0024892147	0.0178417553	-0.0350162597	0.045995879	-0.0488381591	0.0430402594	-0.0296279125	0.0109739574	0.0096214501	-0.0285146833	0.0423632548	-0.0487171511	0.0464522756	-0.0359693177	0.019122865	-0.0611093	0.0091487	8.369871169000005e-05	0.00373434654649	-4.40508	-0.0181599999999999	19.4047298064	0.0003297855999999	-0.872861	-0.022235	0.000494395225	0.761886325321	-0.0175621	0.0006748999999999	0.00030842735641	4.554900099999988e-07	-0.00399395	-0.0002512399999999	1.5951636602499997e-05	6.312153759999989e-08	0.0015436	-0.0001517899999999	2.38270096e-06	2.3040204099999987e-08	0.0	0.0	0.0	0.0	0.0	0.0	0.0	0.0	0.0	0.0	0.0	0.0	0.0	0.0	0.0	0.0	0.0	0.0	0.0	0.0	0.0	0.0	0.0	0.0	0.0	0.0	0.0	0.0	0.0	0.0	0.0	0.0	0.0	0.0	0.0	0.0	0.0	0.0	0.0	0.0	0.0	0.0	0.0	0.0	0.0	0.0	0.0	0.0	0.0	0.0	0.0	0.0	0.0	0.0	0.0	0.0	0.0	0.0	0.0	0.0	0.0	0.0	0.0	0.0	0.0	0.0	0.0	0.0	0.0	0.0	0.0	0.0	0.0	0.0	0.0	0.0	0.0	0.0	0.0	0.0	0.0	0.0	0.0	0.0	0.0	0.0	0.0	0.0	0.0	0.0	0.0	0.0	0.0	0.0	0.0	0.0	0.0	0.0	0.0	0.0	0.0	0.0	0.0	0.0	0.0	0.0
55449.4154499298	-147.3563590773847	3074637673.738914	21713.896560543137	67274.64796484375	-879.697038085942	4525878258.793655	773866.8788171794	55924.51328842783	-14.33041434961342	3127551186.5475407	205.3607754316062	56126.38159156458	56686.535059227885	0.972228	22.272642	0.0593422999999998	0.0294163	0.0001636129	0.0092522407	0.0129314086	-0.004454119	-0.0053794491	-0.0020156017	0.0023373277	-0.0054303442	0.0128729977	-0.0461593883	0.0098308446	-0.0049259057	0.0219192856	0.0146921619	0.0550699054	0.0382397604	-0.0090790565	-0.0235812813	0.0098079043	0.036915391	-0.0101973602	-0.0033685844	0.0328259517	0.008573451	-0.0473646339	0.049915456	-0.0141699446	-0.0323330329	-0.0136279711	-0.0394884225	-0.0022123572	0.0332030461	0.0072787203	0.0127844265	-0.0267281701	0.0268032691	0.02951252	-0.020354271	-0.0222935234	0.0052375955	-0.0119258413	0.0393715245	0.0019381152	0.0316272931	0.0200667229	0.0281260443	0.0295090571	0.0340433837	-0.0060889972	-0.0186930408	0.0089353636	0.0331777309	-0.0256169714	0.0113001251	-0.0346568763	-0.0222087312	0.0301815142	0.0401325515	-0.0157375514	0.0348835705	0.0757088756	0.0157312289	-0.0299533785	0.0549608876	-0.0035567159	0.0229190985	-0.003101513	0.0212601517	0.0053968342	-0.030369435	-0.0077349136	0.0084232552	-0.0076500156	-0.0308250884	0.0339341782	0.0222196996	-0.0282888055	0.0152501297	-0.0245939375	-0.0334538507	-0.0714289754	0.0071624486	-0.021136899	-0.032967792	0.0376649049	0.0282145768	0.0177342925	-0.008835591	0.0222821695	-0.0118920008	-0.0015289101	0.0037870925	0.0457366925	0.0053460512	0.0003689451	-0.0659278931	0.0209949796	0.0105446461	-0.0064380942	-0.0098713877	-0.0168943811	-0.0340769461	0.0255213165	-0.0408944631	0.0122068773	0.0524690934	-0.0021683562	0.0539255211	-0.0012714434	-0.010608409	-0.0183078117	-0.0171126733	-0.0254667357	-0.0075927155	-0.0400832517	0.008772949	0.0013530763	-0.0342850256	-0.0009177427	0.043301533	-0.0499389489	0.0069934366	-0.0298512227	-0.0048043738	-0.0495439703	-0.0050633203	0.030541594	-0.0021686892	0.0092613922	-0.0240590451	0.0330596834	-0.0264618923	-0.0187159345	-0.0308333888	-0.0058966438	0.0149638276	-0.0524592888	0.0458015728	-0.0028560098	-0.0230450687	-0.026769135	-0.0185577503	-0.0350967694	-0.0089710297	0.0160052015	-0.0051554591	0.008614837	0.0544642392	0.0087434604	0.0206699646	0.0553383921	-0.0351641454	-0.0094873795	0.0101432323	-0.0537007754	-0.0555043418	-0.0087926373	0.0388854883	-0.0314598185	-0.0170745705	-0.0270594483	0.0059489408	-0.0166153688	-0.0046400268	-0.0040191128	0.0267501628	-0.0063628474	0.0063605001	-0.0245336113	0.0401101619	0.0290314144	-0.0134809467	-0.0307224947	0.0261528432	-0.0189387835	-0.046398961	0.0566894955	-0.0352874343	-0.0259790482	0.0334766623	0.0276879874	0.0253545905	0.0122250455	0.0061999751	-0.0116462099	0.020032462	-0.0166323869	0.0334318927	-0.0288056789	0.0071439707	-0.0373934032	0.0551309008	-0.0172382297	0.0082800008	0.0138712163	0.0096755364	0.0283424357	0.02713462	-0.02914065	0.005863666	-0.0488700897	0.0059651163	-0.0399512366	0.0487412023	0.0096030352	-0.0304198235	0.0120430536	-0.0321382927	0.0175139726	0.004889477	-0.0217392405	0.0049865178	-0.0101106507	-0.0117834489	0.0199536194	-0.0017509446	0.0292066911	-0.0088789187	0.0278574186	-0.000779358	0.0292555177	-0.0270603878	-0.0142903782	-0.0370842182	-0.0153695671	-0.0196880587	-0.0033191667	0.0287235759	-0.0020745774	-0.0099436232	-0.0026544505	-0.0345613635	-0.0447139763	0.0326851323	-0.014974647	-0.0053388741	0.0247243413	-0.0398119877	0.047979135	-0.0478060917	0.0393229378	-0.024004296	0.0045129987	0.0157627911	-0.0332985423	0.0450460234	-0.0489631754	0.0443690814	-0.0320623308	0.0141822002	0.0061632156	-0.0254372825	0.0402895985	-0.0481383925	0.0476193122	-0.0388225891	0.0232773535	-0.0759211	-0.0148118	0.00021938941924	0.00576401342521	-4.42514	-0.0200599999999999	19.5818640196	0.0004024035999999	-0.859267	0.0135939999999999	0.0001847968359999	0.738339777289	-0.0176185	-5.639999999999812e-05	0.0003104115422499	3.1809599999997876e-09	-0.00391069	8.325999999999993e-05	1.52934962761e-05	6.9322275999999895e-09	0.00162147	7.787000000000007e-05	2.6291649609e-06	6.06373690000001e-09	0.0	0.0	0.0	0.0	0.0	0.0	0.0	0.0	0.0	0.0	0.0	0.0	0.0	0.0	0.0	0.0	0.0	0.0	0.0	0.0	0.0	0.0	0.0	0.0	0.0	0.0	0.0	0.0	0.0	0.0	0.0	0.0	0.0	0.0	0.0	0.0	0.0	0.0	0.0	0.0	0.0	0.0	0.0	0.0	0.0	0.0	0.0	0.0	0.0	0.0	0.0	0.0	0.0	0.0	0.0	0.0	0.0	0.0	0.0	0.0	0.0	0.0	0.0	0.0	0.0	0.0	0.0	0.0	0.0	0.0	0.0	0.0	0.0	0.0	0.0	0.0	0.0	0.0	0.0	0.0	0.0	0.0	0.0	0.0	0.0	0.0	0.0	0.0	0.0	0.0	0.0	0.0	0.0	0.0	0.0	0.0	0.0	0.0	0.0	0.0	0.0	0.0	0.0	0.0	0.0	0.0
55454.394041666	4.978591736195085	3075189818.5283613	24.78637567570999	67644.82008984375	370.1721249999973	4575821684.987329	137027.40212701363	55942.27242504836	17.759136620530626	3129537844.078326	315.38693350667194	56147.69917414962	57322.39414236886	0.83975	19.237732	0.0536232999999997	0.0354237	-0.0017230344	0.0154535149	0.0109291181	-0.0015493513	0.0022234157	0.0120809363	-0.0012775955	0.0275645908	-0.002549373	-0.006692139	0.033060481	0.014747317	0.0082636447	0.0133780839	0.0119213698	0.0089686609	-0.0307200485	-0.0129138228	0.0365979976	0.0324194539	-0.0010331241	-0.0107516948	-0.0088206475	-0.0258417844	-0.0138260364	0.0160294472	-0.0056402195	-0.0160215528	0.03308816	0.0375061979	-0.0006725138	0.0291068732	0.0216274278	-0.0127518216	-0.0393878694	0.0442402446	-0.0078362046	0.0421107481	-0.0024861805	-0.0027465809	-0.0254843152	0.0553959192	0.0028910402	0.0229875138	-0.0370037238	0.0274464443	0.0383663133	0.0722645874	0.0008493103	0.0279189163	-0.0290598814	-0.0237849153	-0.0048697229	0.0179154351	0.0120410055	0.0057628251	-0.0103270977	0.0212598824	-0.0685559106	0.0321895443	-0.0207061285	0.0121948294	0.0124295021	0.0022966016	-0.0536878752	0.0367800891	0.0214230843	0.0077600896	0.0206304085	0.0292685401	0.0132431846	-0.0290092618	-0.0552002401	0.0446485733	-0.0742353525	0.0272167778	0.0475195513	-0.0645991548	-0.0750895594	-0.003322779	-0.0292581243	0.0029527791	-0.0596527519	0.0271567921	-0.0417013613	0.0067598016	0.0105764392	-0.0082887605	0.0161845038	-0.0050648629	-0.0262587999	-0.001355763	-0.0010672789	0.0322511283	-0.0389597575	0.0195408522	0.0337429106	0.0190820767	0.0158612022	0.0318726191	-0.0673522009	0.027346764	0.0021860009	-0.0177310019	0.0155540966	0.0003953214	-0.0238370467	0.0004241822	-0.0097794679	0.0006989913	0.0096436945	-0.0116858874	-0.0168939011	-0.0361376105	-0.0353802248	0.0019006386	0.0102410465	0.0045922884	-0.0301324804	0.0028985358	-0.0171777341	0.0036044084	-0.0224552143	0.0307719695	0.0334167849	-0.0147903088	0.0266439613	0.0137732946	-0.019909169	-0.0364585471	0.0467907504	0.0045184893	0.0481287317	-0.0025952789	0.0092493799	0.0239673555	-0.0660810875	0.0263900874	-0.0028977675	0.0340429556	-0.0330593498	-0.0091406073	-0.0687652894	-0.0041419175	-0.0426631613	0.0346662843	0.0105539514	-0.0049515505	0.0242888264	-0.0131623493	-0.0041806851	-0.0325253857	0.0184353031	-0.0531408754	-0.0124474947	0.0352586334	-0.0056697786	-0.0035305234	0.0093113848	-0.0497364643	-0.050263626	-0.0156350373	-0.0085648093	-0.023312747	0.0207130117	-0.014155678	0.0423453856	-0.0630282975	0.0135005497	-0.074619622	0.0014585053	0.0418353693	0.052683611	-0.0502999122	-0.0700741377	-0.0387459436	0.0212310688	-0.0568611769	0.0010453279	-0.0525732222	-0.00746653	0.0088458074	0.0035326258	-0.0109763769	-0.0217446165	-0.0108461205	-0.0094131154	0.0296023072	0.0147628928	0.0365179544	0.0132961369	0.0038713612	0.019752784	0.0606709705	0.0338814953	-0.0310039877	-0.0263524767	0.0174952892	0.0142147378	0.0069734697	0.0093815159	-0.0127100836	-0.0286548353	-0.0076925521	0.0037660375	0.0006512931	-0.0068615251	-0.0070399099	0.0186014092	0.0094878601	-0.0142020911	0.0176381412	-0.0241698898	-0.0065264144	-0.0030882797	0.0181634525	-0.0194972646	0.0037023335	0.0035137992	-0.0116963528	0.0279989942	0.0206977566	-0.0105429858	-0.0194448688	-0.0105492616	0.0013248684	0.0145046512	0.0155777674	0.0029133992	0.0008350354	-0.0189090878	-0.0202833906	-0.0447888782	0.0329589289	-0.0155005685	-0.004604831	0.0239238614	-0.0391574033	0.0477040178	-0.0481041957	0.0402895985	-0.0255947285	0.0065290352	0.0136516244	-0.03150099	0.0439709173	-0.0489319113	0.0455367808	-0.0343653138	0.0173252667	0.0026734239	-0.0222155728	0.0379639583	-0.0472292216	0.0484291295	-0.0413587732	0.0272255606	-0.0764249	-0.0005037999999999	2.538144399999987e-07	0.00584076534001	-4.41129	0.0138499999999996	19.459479464100003	0.0001918224999999	-0.8926549999999999	-0.0333879999999998	0.0011147585439999	0.7968329490249998	-0.0176824	-6.390000000000215e-05	0.00031266726976	4.0832100000002755e-09	-0.00391069	0.0	1.52934962761e-05	0.0	0.0016752	5.372999999999988e-05	2.80629504e-06	2.886912899999987e-09	0.0	0.0	0.0	0.0	0.0	0.0	0.0	0.0	0.0	0.0	0.0	0.0	0.0	0.0	0.0	0.0	0.0	0.0	0.0	0.0	0.0	0.0	0.0	0.0	0.0	0.0	0.0	0.0	0.0	0.0	0.0	0.0	0.0	0.0	0.0	0.0	0.0	0.0	0.0	0.0	0.0	0.0	0.0	0.0	0.0	0.0	0.0	0.0	0.0	0.0	0.0	0.0	0.0	0.0	0.0	0.0	0.0	0.0	0.0	0.0	0.0	0.0	0.0	0.0	0.0	0.0	0.0	0.0	0.0	0.0	0.0	0.0	0.0	0.0	0.0	0.0	0.0	0.0	0.0	0.0	0.0	0.0	0.0	0.0	0.0	0.0	0.0	0.0	0.0	0.0	0.0	0.0	0.0	0.0	0.0	0.0	0.0	0.0	0.0	0.0	0.0	0.0	0.0	0.0	0.0	0.0
55376.95488488181	-77.43915678418853	3066607132.322235	5996.823003446132	67588.83952929688	-55.98056054687186	4568251228.917045	3133.823159141986	55894.37837169064	-47.8940533577188	3124181533.5577183	2293.840347032016	56099.33630359479	56785.42004600624	0.749518	17.170605	0.0824269999999995	0.0505889	0.0003415595	0.0179242261	0.0144314328	-0.0014605245	-0.0070467323	0.0245391815	0.0054256803	0.0294206713	0.0053368958	0.0392527207	0.0381223793	0.0059209042	0.0112405267	0.0079151546	0.0379128704	0.0157823246	0.0096625173	-0.0096165225	0.0215443914	0.0105626864	0.0233823982	-0.0028920971	0.0197087539	0.0022125089	-0.0043795787	-0.0325762852	-0.022468635	-0.0105432648	-0.0074636293	-0.0229731707	0.0014215449	-0.0149593666	-0.0210951075	-0.0008892385	0.0153054531	0.0218500119	0.0033038136	0.0177593244	0.0206955964	0.024586491	0.0346378273	-0.0066275931	0.0627654046	0.0222391343	-0.0149360384	0.0172916886	-0.0530051466	0.0015227154	0.0335434702	-0.0385228644	0.0487745091	-0.0195227637	-0.0461610966	0.0046876188	-0.0322690132	-0.0005404088	0.0044888449	0.0422227003	0.0061003694	-0.049236064	0.0206879209	-0.0220636847	0.0135740414	-0.0114139269	0.0238475113	0.0094379346	0.0333836747	0.0187237698	-0.0066082572	0.024618099	-0.0117198222	-0.0423126593	0.0113214259	-0.0229690641	0.0133891204	-0.0296810676	0.0209262866	0.0077624238	0.0162139508	0.0031014662	-0.0036958086	0.0287428942	0.0114477366	0.0219447663	-0.0179520657	-0.0512975443	-0.0340339279	0.0109724292	-0.0101285621	-0.00306781	0.0112858334	0.0567145894	-0.0532128847	-0.0056317861	0.0168141135	0.0147202857	-0.0853114737	-0.0309388693	0.0264331324	0.0258833432	-0.0463473994	0.033443278	-0.0142536085	-0.0055555201	0.0175901173	-0.0579247125	-0.0422178683	0.0109600453	-0.0580918334	0.003206255	0.0280091849	-0.0093341393	-0.011854068	-0.0234141617	-0.0109438661	-0.0239434792	0.001509184	-0.0196473459	0.0001222776	0.0018834832	0.032378176	0.0205312232	-0.0058898542	-0.0031513435	-0.0277500808	0.0064810276	-0.017843532	-0.0230241452	-0.0018436673	0.015649023	0.022902802	-0.0047644862	0.0185404165	0.0185964863	-0.019704416	-0.02064634	0.0124871333	0.0458724248	0.0551885269	0.0104551858	-0.0240041092	0.0569827129	0.0136348559	-0.0270191245	0.0368301166	-0.0296463656	0.0547102389	0.0051145465	-0.0156508107	0.0355573177	0.0116223768	-0.0270058669	0.0175399457	0.0237984011	0.0384923111	-0.0253831313	0.0162234512	-0.0294561444	0.0116330567	0.0262624104	5.6048e-06	-0.0328218605	-0.0193146392	0.00850953	0.0344332579	0.0046224062	0.0304525628	0.0273780272	-0.0281263408	0.0115924454	-0.0316797837	0.008210798	0.0020167249	0.0067468586	0.010685135	0.0227256168	0.0173086982	0.0032456896	0.0239766002	-0.0104002601	-0.0410453658	-0.0579689124	-0.0183929464	0.0004332588	-0.0069101987	-0.007130741	0.0694473699	-0.0116631018	0.0085610531	-0.036427395	-0.0468352386	-0.0625261995	0.0391129616	-0.0144074614	0.0201776398	-0.0285732754	-0.0286632864	0.0063048435	0.0299779966	-0.010076199	0.0609358847	-0.0117034239	-0.0609211721	-0.0219106514	0.0268508289	0.041873504	-0.0221401781	-0.0331972123	0.0234014157	0.008534936	-0.0245274232	0.0182668102	-0.0128346252	-0.0181602746	0.0096628887	-0.0012859684	-0.0018575433	0.0169291629	-0.0349928623	-0.0183167812	0.0225859986	0.0343678664	0.0001232378	0.0093014915	-0.0164185018	0.0253650028	-0.0077252216	0.0216823701	0.0214890673	-0.0235907033	-0.0142802137	-0.0244377423	-0.0448631447	0.0332308549	-0.0160245105	-0.0038697424	0.0231148951	-0.0384828171	0.0473957345	-0.0483586182	0.0412099568	-0.0271488476	0.0085338634	0.0115125682	-0.0296279125	0.04277355	-0.0487444668	0.0465391172	-0.0365274207	0.0203887125	-0.0008300562	-0.0188678315	0.0354008796	-0.045995879	0.0488756528	-0.0435571555	0.0309324975	-0.0828339	-0.0064089999999999	4.107528099999998e-05	0.00686145498921	-4.44274	-0.0314499999999995	19.7379387076	0.0009891024999999	-0.8799559999999998	0.012699	0.000161264601	0.7743225619359997	-0.0182823	-0.0005999	0.00033424249329	3.5988001000000053e-07	-0.0039103	3.899999999994186e-07	1.5290446090000003e-05	1.520999999995465e-13	0.00163811	-3.709000000000004e-05	2.6834043721e-06	1.375668100000003e-09	0.0	0.0	0.0	0.0	0.0	0.0	0.0	0.0	0.0	0.0	0.0	0.0	0.0	0.0	0.0	0.0	0.0	0.0	0.0	0.0	0.0	0.0	0.0	0.0	0.0	0.0	0.0	0.0	0.0	0.0	0.0	0.0	0.0	0.0	0.0	0.0	0.0	0.0	0.0	0.0	0.0	0.0	0.0	0.0	0.0	0.0	0.0	0.0	0.0	0.0	0.0	0.0	0.0	0.0	0.0	0.0	0.0	0.0	0.0	0.0	0.0	0.0	0.0	0.0	0.0	0.0	0.0	0.0	0.0	0.0	0.0	0.0	0.0	0.0	0.0	0.0	0.0	0.0	0.0	0.0	0.0	0.0	0.0	0.0	0.0	0.0	0.0	0.0	0.0	0.0	0.0	0.0	0.0	0.0	0.0	0.0	0.0	0.0	0.0	0.0	0.0	0.0	0.0	0.0	0.0	0.0
55359.81717301069	-17.137711871117062	3064709357.4291697	293.70116817742667	67879.65302441406	290.81349511718145	4607647294.714845	84572.48894227092	55844.94966830875	-49.42870338189096	3118658403.4559374	2443.196718014958	56044.728926320175	57124.18324418501	0.87431	20.029461	0.0722281999999997	0.0405927	0.0032266114	0.0121342149	0.0114210668	-0.0093523673	-0.0164028947	0.0003399095	0.0102832154	-0.0368810114	0.0040420941	0.0538134103	0.0008729112	0.0243474796	0.0047909469	0.01093957	-0.0001226917	0.0283637699	-0.0215802224	0.0296883241	-0.0086878764	0.0139142584	0.0017441916	0.0494862668	-0.0042247152	-0.0094564606	0.0004806638	0.0241661434	-0.0039988819	0.0012103197	0.0242464908	-0.0284238589	-0.0066214383	0.0081746418	0.012482785	0.0086546929	0.0276530189	0.0046890031	0.0060273062	0.0042673801	-0.0525337419	-0.0053944346	0.0086923083	-0.0002690509	0.0160842885	0.0160105963	0.0031289868	0.0243383662	0.0315029147	0.043367984	-0.0482205464	0.0005451605	0.0020163932	-0.0111660889	0.0160690258	-0.0208004849	-0.0070087379	-0.0074347471	-0.0265187492	-0.0347338744	-0.0557168131	-0.0508507479	-0.00307728	-0.0041648783	0.0294918767	-0.0040856016	0.0258944662	-0.0220716425	-0.0126571267	0.0356143608	-0.0717161382	-0.0028356384	-0.0033898617	-0.0434512868	0.0175342815	-0.0456231554	0.0141613364	0.0349660415	0.0521892368	-0.0129023196	-0.0167437025	-0.0422389746	0.0889739004	-0.0135931888	-0.0018984106	-0.061367005	-0.011601667	-0.015984258	-0.0082824543	0.0133300136	-0.0089542622	0.0113713253	-0.0697280703	-0.1078171852	-0.0230119453	0.0005618362	-0.0203348919	0.0333641441	-0.0028140224	0.022338835	0.003666972	-0.0247273931	0.0216698867	-0.0359233873	0.0030908445	0.0261242456	0.0255844814	-0.0037459852	-0.0005004351	0.0460913965	0.0520147215	-0.0272883412	0.0294734935	-0.0054798416	0.0290150056	0.0080974337	-0.0160126597	-0.0021213841	-0.0491700167	0.0033360338	-0.0098238883	-0.0044049429	-0.0253647822	0.0010507967	-0.0002792056	0.0253712416	-0.0269203425	-0.0039476077	0.00388574	0.0121541483	0.0096317386	0.0253719011	0.0057123397	-0.0050335462	0.0084883106	-0.0514387812	0.0037311973	-0.0128757349	-0.0026374469	0.0107990686	0.0113931013	-0.0009806949	-0.0163333149	-0.0174139933	-0.0589991122	0.0488050268	-0.0077433821	-0.0088412522	-0.0070428575	-0.0134729029	-0.0144871712	-0.0098958043	9.24396e-05	-0.0068289938	0.0226034694	-0.0664375508	0.0402444186	-0.0312866256	-0.0264365532	-0.0286730252	-0.0025813566	0.0262221594	0.0339055136	0.0139630264	-0.0179487998	0.0738517139	-0.0047992513	-0.0058368625	0.0348387208	0.031846676	-0.0379028417	0.0139029663	0.0322417634	0.0576883461	0.0162162261	-0.0043201153	-0.0398422722	0.0325682081	-0.0775794057	0.0145839523	-0.0599792819	0.0128527294	-0.0095535977	-0.0114943334	-0.0038442998	-0.0150351912	0.0128974989	-0.0597386425	-0.0982745897	-0.0098711628	0.0485375926	0.0034594187	0.0231533701	-0.0443715431	-0.0070964207	0.0138347991	-0.0225906891	0.0148272437	0.0372467276	-0.0204128359	-0.0148986305	0.005814944	0.0180176125	-0.0094219647	0.0183395814	0.0760434797	0.0011394529	-0.0247540482	-0.0368174246	-0.0115200597	0.0179088938	0.0109136903	-0.0166022662	0.0269656427	-0.016082911	0.0111197534	-0.001948876	-0.0084292706	0.0086693514	0.0056786536	-0.0034316532	-0.0306919035	0.0094956023	-0.0208833805	-0.0052654409	0.0570237277	-0.0117527588	0.0172363807	-0.0106829086	0.0129525551	0.0083948806	0.006487781	-0.0089649642	-0.0162224674	-0.0449367745	0.0335008948	-0.0165464061	-0.0031337753	0.0222977292	-0.0377885739	0.0470544995	-0.0485691282	0.0420829549	-0.0286644484	0.0105240416	0.0093499925	-0.0276838006	0.0414572508	-0.04840144	0.0473724506	-0.0385397882	0.023358459	-0.0043292863	-0.0154130506	0.0326163926	-0.04444683	0.0489555324	-0.0453997805	0.0343653138	-0.0802202	0.0026136999999999	6.831427689999982e-06	0.00643528048804	-4.42685	0.0158899999999997	19.5970009225	0.0002524920999999	-0.8880099999999999	-0.008054	6.486691600000009e-05	0.7885617600999998	-0.0177069	0.0005754	0.00031353430761	3.310851600000003e-07	-0.00416228	-0.0002519799999999	1.73245747984e-05	6.349392039999987e-08	0.00155208	-8.602999999999996e-05	2.4089523264e-06	7.401160899999993e-09	0.0	0.0	0.0	0.0	0.0	0.0	0.0	0.0	0.0	0.0	0.0	0.0	0.0	0.0	0.0	0.0	0.0	0.0	0.0	0.0	0.0	0.0	0.0	0.0	0.0	0.0	0.0	0.0	0.0	0.0	0.0	0.0	0.0	0.0	0.0	0.0	0.0	0.0	0.0	0.0	0.0	0.0	0.0	0.0	0.0	0.0	0.0	0.0	0.0	0.0	0.0	0.0	0.0	0.0	0.0	0.0	0.0	0.0	0.0	0.0	0.0	0.0	0.0	0.0	0.0	0.0	0.0	0.0	0.0	0.0	0.0	0.0	0.0	0.0	0.0	0.0	0.0	0.0	0.0	0.0	0.0	0.0	0.0	0.0	0.0	0.0	0.0	0.0	0.0	0.0	0.0	0.0	0.0	0.0	0.0	0.0	0.0	0.0	0.0	0.0	0.0	0.0	0.0	0.0	0.0	0.0
55207.03882810655	-152.77834490413807	3047817136.1680646	23341.22267164777	66649.08570117188	-1230.5673232421832	4442100624.802154	1514295.9370314318	55794.17608536327	-50.77358294547594	3112990085.044523	2577.9567251211247	55995.53181307981	55741.05540612951	1.055982	24.19136	0.0416031000000003	0.0314712	0.0055626776	0.0103172194	0.0179241015	-0.0040801931	-0.0320573715	0.0087677257	0.029249055	0.0222299326	0.0216289261	-0.0591471071	-0.0208251211	-0.0009354325	0.0584295146	-0.0047844359	0.0080628581	0.0243538959	0.0003999143	0.0179895267	-0.0036687649	0.0186161831	0.0150447396	-0.0067643054	0.0519408104	0.0214935503	-0.0076197227	-0.0028750701	-0.0006954006	-0.0170294785	-0.0390306616	-0.0008367406	-0.0164140384	0.0264544994	-0.0104514408	-0.0450643405	-0.0142708789	0.0329676449	0.0512342112	0.0219060659	0.020690374	-0.0303518415	0.0083342089	-0.0328390856	-0.0140235143	-0.0209358884	-0.0062405403	-0.0076013237	-0.0102531044	-0.0244441331	-0.076054877	0.0056308442	-0.0319540391	-0.0550473352	-0.0031139452	-3.49902e-05	0.0064918165	0.0037726326	0.0292940353	-0.0559704661	-0.0061769586	0.035981523	-0.02257225	-0.0345870865	-0.0293824015	0.002815926	0.0053154901	0.0161121362	0.0249323889	0.0560256535	0.0055593331	-0.0019034835	0.016691844	0.0055643852	0.0373954178	0.0285297764	-0.0962574089	0.0481557026	0.0087024495	0.0405173064	0.0357533752	-0.0095387331	0.0448078644	-0.0405796296	0.0542894765	0.0010595371	-0.0077826082	-0.0275871669	0.0025415462	-0.0302931968	-0.0327319027	0.0023634124	0.0016697576	0.0221739832	0.0379737405	0.0332968775	0.0119164486	0.0116163536	0.00322715	-0.0484464202	-0.0032227701	-0.0098758807	0.0259342464	0.0352913237	0.0390302129	0.0442973837	0.0023102382	-0.0358652577	0.0031534781	0.0408958982	0.0242940031	-0.0276139315	-0.0036121922	0.009003928	0.016560766	0.0026131998	-0.0211506707	-0.0152746558	0.0065425665	-0.0518196251	0.0195199529	0.0107915384	0.0014750655	0.0045210645	-0.0114494516	-0.0380109547	-0.0139006947	-0.0303291859	0.0247820844	-0.0117410909	-0.0474678137	-0.0080048484	0.0321424081	-0.0542659482	0.0179205786	0.0226735333	0.0274353987	-0.0125012514	0.0304342053	-0.0294545938	-0.0114959721	0.0067870138	0.0028303467	-0.009190594	0.017739559	0.0689438551	-0.0012936212	0.0535525256	0.0343280028	-0.0256052457	0.0067565367	0.001625819	-0.0101542919	0.0078677363	-0.0449421725	-0.0315420591	-0.0333385937	0.0106310571	0.0252920181	0.0081326824	-0.0329440415	0.0066591282	-0.0077394378	-0.0035102715	-0.0734775372	0.0155476066	-0.0080831253	-0.0216957954	-0.0034433616	0.0136816121	0.0472407854	-0.1020135228	0.0322700151	0.0277472927	-0.0289119968	0.0345322726	0.0331840119	-0.0052790181	-0.0545038102	0.0647819262	0.0131528369	0.0032201312	-0.0223185231	-0.0160556733	0.0271906522	-0.0274863541	0.0082996396	0.0084091782	0.0181880803	0.0407076171	-0.0118006063	-0.0049996532	0.0127545591	0.0071629185	0.0211610401	-0.0386068487	0.0007946382	0.0094833268	-0.026480638	-0.0404081236	-0.03963121	0.008304946	0.0467091892	-0.0037819713	0.0224559887	0.0478554913	-0.006021213	0.0089266329	0.0182133536	0.0235947337	0.0200211948	0.0128055574	-0.0219109198	0.021759072	-0.0094628233	-0.0156556997	0.0222093453	-0.0200922884	0.0118423071	-0.024007853	0.0394243265	-0.0173845426	0.0110815257	-0.0212634087	-0.0256892355	-0.0291247005	-0.0323385084	-0.0208995944	0.0066830265	0.0174376089	-0.0385646128	-0.0104862478	0.0164996004	0.0170972881	-0.0450097667	0.0337690332	-0.0170661886	-0.0023970967	0.0214726538	-0.0370750283	0.04668055	-0.0487355344	0.0429075896	-0.0301393805	0.0124961534	0.0071683153	-0.0256733154	0.0400256797	-0.047903926	0.0480337549	-0.0403941669	0.0262208584	-0.0078063495	-0.0118708295	0.0296279125	-0.042592707	0.0486681691	-0.0468715983	0.0374935883	-0.0806548	-0.0004345999999999	1.888771599999942e-07	0.00650519676304	-4.458	-0.0311500000000002	19.873764	0.0009703225	-0.891092	-0.0030820000000001	9.498724000000864e-06	0.794044952464	-0.0176471	5.980000000000221e-05	0.0003114201384099	3.5760400000002643e-09	-0.00416228	0.0	1.73245747984e-05	0.0	0.00147315	-7.893000000000006e-05	2.1701709224999995e-06	6.229944900000009e-09	0.0	0.0	0.0	0.0	0.0	0.0	0.0	0.0	0.0	0.0	0.0	0.0	0.0	0.0	0.0	0.0	0.0	0.0	0.0	0.0	0.0	0.0	0.0	0.0	0.0	0.0	0.0	0.0	0.0	0.0	0.0	0.0	0.0	0.0	0.0	0.0	0.0	0.0	0.0	0.0	0.0	0.0	0.0	0.0	0.0	0.0	0.0	0.0	0.0	0.0	0.0	0.0	0.0	0.0	0.0	0.0	0.0	0.0	0.0	0.0	0.0	0.0	0.0	0.0	0.0	0.0	0.0	0.0	0.0	0.0	0.0	0.0	0.0	0.0	0.0	0.0	0.0	0.0	0.0	0.0	0.0	0.0	0.0	0.0	0.0	0.0	0.0	0.0	0.0	0.0	0.0	0.0	0.0	0.0	0.0	0.0	0.0	0.0	0.0	0.0	0.0	0.0	0.0	0.0	0.0	0.0
55371.89879143174	164.85996332518698	3066047175.76856	27178.807507582	67573.62586132812	924.540160156248	4566194912.046753	854774.5077417408	55872.68094362004	78.50485825676878	3121756475.8275623	6163.012769915358	56072.07281569636	56632.16346007509	0.960791	22.010626	0.0484503999999999	0.0354212	0.0043768588	0.0090627543	0.0112240319	-0.0006653669	-0.0038371863	0.010539047	-0.0012469541	0.0119491389	0.015433878	0.0093914902	0.0042439432	0.0299521494	0.0163570624	-0.0063820626	-0.0551947768	0.0199499783	-0.0122572743	0.0232456069	0.0238241611	-0.0026538997	0.0296836814	-0.0066892659	-0.0316580845	-0.0057741449	0.0366321056	0.0326057169	0.0416131896	-0.0217788558	0.0365708688	-0.0372177115	0.0386629596	-0.0059286445	0.043521621	-0.0835212964	-0.0152223077	-0.0094725079	-0.0213596577	0.00667668	0.0263907339	0.0417297488	-0.018865009	-0.0401504336	-0.0336248848	-0.016197718	-0.01011085	0.0369000485	-0.011573748	-0.0065034759	0.0156962783	-0.0289786551	-0.0203380975	-0.0031648977	0.0113302877	-0.0086334171	0.0177101151	-0.0170987238	0.0016226753	-0.036671074	-0.028678789	0.0040021552	-0.0156524717	-0.020157717	0.0236800247	-0.0121345137	-0.0097833559	0.0297287078	-0.0140811942	0.0293736389	-0.0296626581	0.0016488983	0.0315605138	-0.0649819248	-0.0089442964	-0.0012474695	-0.0328661997	-0.029205792	-0.0029870268	0.0012980912	-0.0475808495	-0.0070611221	0.0070358574	-0.052884682	0.0067263666	-0.0450143515	-0.015834264	-0.0050676846	-0.0089064403	-0.0451324445	-0.054963916	0.0370428765	-0.0026141026	0.054981401	-0.0080066715	-0.0436632406	0.0458799332	0.0351520466	-0.0271372787	0.0461462415	0.0077224114	0.0104221044	0.0177581194	-0.0035211213	0.0277195039	-0.0177000594	-0.0166545871	0.0440976713	-0.0559216183	-0.0271390688	-0.0364420761	0.0157325493	-0.0330584614	-0.0029318035	0.0209967701	-0.0285653417	0.0019046176	-0.0290321564	0.0053028753	0.0346258042	0.0040633846	-0.0340320872	-0.0332691054	-0.0395670906	-0.0248816998	0.0253512946	-0.0283509276	0.0358380745	-0.001389551	0.0510385708	-0.0895675257	-0.010225299	-0.0108746299	0.0188261294	0.0127554735	0.0274518681	-0.0351790094	0.0223551803	0.0348818521	-0.0055614682	-0.0422599823	0.0026157829	-0.0454086033	0.0106482436	0.0025744097	-0.0055779822	0.0298277295	0.0145719911	-0.0127260829	-0.019004785	-0.0046203449	-0.0166002072	-0.0064097051	0.0258075383	-0.009105952	-0.0457055568	-9.52999e-05	0.0073112085	0.00744336	-0.0312695801	-0.0001719636	-0.0094312285	-0.0233188158	0.0187275479	-0.0174885605	0.0396959084	-0.0035364402	-0.025443353	0.06253555	0.0015780439	-0.0140258043	-0.0343453864	-0.0275357756	-0.0219077988	0.0019867897	-0.0194590043	-0.0178639823	-0.0559365784	-0.033923443	0.0129264544	-0.0384602343	0.0124740601	-0.0054850345	-0.0269734686	0.0552004465	-0.0400716343	0.0105018826	-0.0264060301	0.0582476916	-0.0304720139	-0.0421218324	-0.055527619	0.0185169489	-0.0387278405	-0.022329789	0.0228057457	-0.0251635056	-0.0139583797	0.0087950575	-0.0145079177	-0.0218861065	0.0099268944	-0.0534045087	-0.0462648007	-0.0395603555	-0.0480716344	0.0177978401	0.0014109187	0.0366141912	-0.020029642	0.0157150777	0.0092457244	-0.0170277446	0.024376581	-0.0245896163	0.0005976258	-0.0093340803	0.0199222588	-0.0451619564	0.011507146	-0.0032289104	-0.0129508641	0.0062950702	0.0085087713	-0.0250532151	-0.0049512505	-0.0028485814	-0.0058878692	0.0071318433	-0.037916566	-0.0104118974	-0.0090792349	-0.0105014599	0.0144264545	-0.0450821203	0.0340352549	-0.0175837917	-0.0016598739	0.0206399614	-0.0363425447	0.0462741461	-0.0488576859	0.0436829132	-0.0315715513	0.0144468132	0.0049719936	-0.0236012772	0.0384828171	-0.0472535125	0.0485206286	-0.0420829549	0.0289627561	-0.0112434423	-0.0082612638	0.02645413	-0.0404462362	0.0480157186	-0.0479605879	0.0402895985	-0.0818076999999999	-0.0011528999999999	1.3291784099997723e-06	0.0066924997792899	-4.42269	0.0353099999999999	19.5601868361	0.0012467960999999	-0.8938819999999998	-0.0027899999999998	7.784099999999154e-06	0.7990250299239997	-0.0177568	-0.0001097	0.00031530394624	1.2034090000000168e-08	-0.00416228	0.0	1.73245747984e-05	0.0	0.0015474	7.42500000000001e-05	2.39444676e-06	5.513062500000014e-09	0.0	0.0	0.0	0.0	0.0	0.0	0.0	0.0	0.0	0.0	0.0	0.0	0.0	0.0	0.0	0.0	0.0	0.0	0.0	0.0	0.0	0.0	0.0	0.0	0.0	0.0	0.0	0.0	0.0	0.0	0.0	0.0	0.0	0.0	0.0	0.0	0.0	0.0	0.0	0.0	0.0	0.0	0.0	0.0	0.0	0.0	0.0	0.0	0.0	0.0	0.0	0.0	0.0	0.0	0.0	0.0	0.0	0.0	0.0	0.0	0.0	0.0	0.0	0.0	0.0	0.0	0.0	0.0	0.0	0.0	0.0	0.0	0.0	0.0	0.0	0.0	0.0	0.0	0.0	0.0	0.0	0.0	0.0	0.0	0.0	0.0	0.0	0.0	0.0	0.0	0.0	0.0	0.0	0.0	0.0	0.0	0.0	0.0	0.0	0.0	0.0	0.0	0.0	0.0	0.0	0.0
55357.63672372375	-14.262067707990354	3064467943.6357684	203.40657530730124	67102.2734296875	-471.3524316406256	4502715099.432545	222173.1148135306	55759.69893919246	-112.98200442758387	3109144025.789381	12764.933324474585	55951.17382626665	56304.45570845171	0.902014	20.664131	0.1247658	0.0727617	0.0046747385	0.0097172384	0.0127075593	-0.0023830256	-0.0024530311	0.0191143044	0.0035807868	-0.0098390203	0.0326125651	0.008501796	-0.0244348152	0.0060517214	0.0190136023	-0.0273501292	-0.0309283145	0.036711807	0.0152717521	0.0725431129	-0.0213513334	-0.0499452727	0.0081001965	0.0041188131	0.0021221597	0.0261282627	-0.0326395319	-0.014977875	0.0446337446	-0.0238542652	-0.0085692587	-0.0364073538	0.0209560604	-0.0272646029	-0.0632199282	-0.0028410106	0.0295578037	0.0233984211	0.0125645157	0.0001066675	0.0032544481	-0.001291095	0.0252697687	0.001006403	0.0327296718	0.0152260641	-0.0135434688	0.0332331747	-0.0065443307	0.0325875175	0.0358989358	0.0537208688	-0.0256216448	0.038607866	-0.0077546913	0.0251895275	0.0257749659	0.0215541563	-0.0215974647	-0.033538251	-0.0204710536	0.0145264564	0.0037230752	-0.0050495706	-0.0044139154	0.0374821024	-0.0340898513	0.020834719	0.0393128979	-0.0348919986	0.0246250265	0.0118873309	0.0185608555	-0.0227474531	0.0046584835	0.08709145	0.069294476	-0.042729065	-0.0153313976	0.0058236413	-0.0012177094	0.0137075395	-0.0544162021	0.0216119369	0.0148139515	0.0501999469	-0.0073192799	-0.020326513	0.0159809021	0.0297054799	0.0442574636	0.0455323024	-0.0274494407	-0.0071370357	-0.0108683596	-0.0089869584	0.0665676684	-0.0091803788	-0.0246583997	0.0232642229	-0.0125623947	0.0259636976	-0.0746214093	-0.0003222105	0.0038635937	0.0095741799	0.0860171382	0.0131195696	-0.0142096886	0.0163512895	0.0088220916	0.0015503908	0.0244439131	0.0598334889	0.0740871449	0.0179132293	0.0478458233	-0.0078594265	-0.0081865537	-0.0042231893	0.0109163345	0.0365450507	0.0168496139	-0.0473099723	-0.021650765	-0.0098576512	-0.0388243207	0.0301002542	-0.0265339354	-0.0576071713	-0.0019631598	0.0301069562	0.0200162019	-0.0131157162	0.0012062167	0.0073214231	0.0019491257	-0.0230967125	-0.0003217661	0.0240261006	0.0296653226	0.008123162	-0.0355649703	0.0157650898	-0.0141106706	-0.0250266592	-0.0597148073	0.0135945946	-0.0321345434	0.0225684475	0.0248625449	-0.0040344517	-0.043682792	0.0210551651	0.0083277313	-0.0233874329	-0.0057154269	0.0019683596	-0.014927163	0.0086363061	-0.0325408007	-0.0481019215	-0.022292809	-0.0456313158	0.0083928689	-0.0273854386	0.0005500651	-0.0031243226	0.0265523694	-0.007874803	0.0804218447	0.0603394177	-0.0606201979	-0.0299514421	-0.0115628979	0.0081793712	-0.0025849806	-0.0200899868	0.0557568509	0.0016556367	0.0457515112	-0.0268453593	-0.0355961257	0.0284631217	-0.0097811387	0.0458219673	-0.0143940321	-0.045009336	-0.001135363	-0.0047501526	-0.0069185611	-0.0666242311	-0.0329054306	-0.0040400813	0.0091591234	0.0389587111	0.0680204069	-0.0280381696	0.0018013797	0.0098476841	0.0001461484	0.0543556323	0.0201434138	-0.0151417686	-0.0002778687	0.0516950624	0.0037286182	0.044460052	0.0153424822	0.0163151061	0.0200155661	0.0106248615	-0.0291356733	0.0053267094	-0.010839539	0.0007205843	0.0121748959	-0.0133514597	0.0371743505	-0.0061080876	-0.0318788028	-0.0022897028	0.0155908039	-0.0189727367	-0.0045104482	0.0137235557	-0.0324695576	-0.0111420152	-0.0101629618	-0.0169187742	-0.0127213898	-0.0190518834	0.0144650629	0.0208554426	-0.0451538342	0.0342995449	-0.0180991493	-0.0009222743	0.0197999475	-0.0355914973	0.0458355703	-0.0489354716	0.0444080345	-0.0329589289	0.0163726724	0.0027655145	-0.0214726538	0.036832953	-0.0464522756	0.0488313037	-0.0435992294	0.0315715513	-0.0146229661	-0.004604831	0.0231148951	-0.0380221508	0.0470030752	-0.0486578547	0.0427285664	-0.0730509	0.0087567999999998	7.668154623999821e-05	0.00533643399081	-4.48472	-0.06203	20.112713478400003	0.0038477209	-0.862442	0.0314399999999998	0.0009884735999999	0.743806203364	-0.0177933	-3.650000000000181e-05	0.00031660152489	1.332250000000132e-09	-0.00391542	0.0002468599999999	1.5330513776400002e-05	6.09398595999999e-08	0.00171482	0.0001674199999999	2.9406076324e-06	2.8029456399999982e-08	0.0	0.0	0.0	0.0	0.0	0.0	0.0	0.0	0.0	0.0	0.0	0.0	0.0	0.0	0.0	0.0	0.0	0.0	0.0	0.0	0.0	0.0	0.0	0.0	0.0	0.0	0.0	0.0	0.0	0.0	0.0	0.0	0.0	0.0	0.0	0.0	0.0	0.0	0.0	0.0	0.0	0.0	0.0	0.0	0.0	0.0	0.0	0.0	0.0	0.0	0.0	0.0	0.0	0.0	0.0	0.0	0.0	0.0	0.0	0.0	0.0	0.0	0.0	0.0	0.0	0.0	0.0	0.0	0.0	0.0	0.0	0.0	0.0	0.0	0.0	0.0	0.0	0.0	0.0	0.0	0.0	0.0	0.0	0.0	0.0	0.0	0.0	0.0	0.0	0.0	0.0	0.0	0.0	0.0	0.0	0.0	0.0	0.0	0.0	0.0	0.0	0.0	0.0	0.0	0.0	0.0
55475.5601904498	117.92346672605343	3077537778.444219	13905.944004690637	67485.18030664063	382.9068769531296	4554249561.019796	146617.6764179991	55876.85681931516	117.1578801227006	3122223128.006247	13725.968874845084	56065.02947899322	56989.06400289164	0.947571	21.707792	0.0807836000000003	0.0425926	0.003992456	0.0090696567	0.0081481833	-0.0048690475	0.0119854065	-0.0006036262	-0.0332457962	0.0058553562	0.0205289941	-0.0237633006	0.0023431026	0.0277154878	0.0243663524	-0.0169683168	-0.0565515796	0.0103866282	-0.0232526157	0.0205986323	0.0027568176	-0.012583019	0.011283248	-0.0305208447	-0.0255350539	0.0319094231	0.0457850549	0.0265520667	-0.0232305823	-0.0259689451	-0.0171113917	-0.0132417464	-0.044182602	0.0135610536	-0.0220152751	-0.0672556073	-0.0113560176	0.0020004407	0.0076718448	0.0022544704	-0.0312336922	-0.0839375754	-0.0406912825	-0.0051486723	-0.0183290551	-0.0643670392	-0.0105960984	0.0336249892	0.1101657912	-0.030856062	0.0253441576	0.003482914	0.0243038016	-0.0043046939	0.0048752635	0.0180469343	-0.0113331804	0.008442627	-0.0119433418	-0.0348060289	-0.0174292876	0.0245371749	-0.0080909801	0.0192515409	-0.0078092926	0.0418761431	0.0402125626	-0.0271938112	0.0050097654	-0.0514123271	-0.0236315154	0.0355782713	-0.0160993649	-0.0051393214	0.018928895	-0.0200767392	-0.0086689844	0.0120943961	-0.0618286914	-0.0123914648	0.0295314066	-0.0091074781	-0.0374991581	-0.0301701617	0.0047525846	-0.0193281358	-0.0390069157	-0.0154314601	-0.0514204401	0.0213385666	-0.0028230363	-0.0087855608	-0.0365276413	0.0214949346	-0.0333389273	0.0439209266	0.0319057931	-0.0210426077	0.0043185039	-0.0381793948	-0.0758340905	0.0205261278	0.0264107586	-0.0137179373	-0.011239824	0.0247538437	-0.0714977961	0.0321922572	-0.0095480994	-0.0226361631	-0.0070505408	-0.0006308425	0.1155093072	-0.0309568201	0.021637481	-0.0058278245	0.014903773	-0.0124824597	0.0319542622	0.0321880796	0.0395772107	-0.0276694561	-0.024011291	0.0290657617	-0.0242889843	-0.0200166288	-0.020131566	-0.0445843546	0.0038603217	-0.0193031665	-0.0631015168	-0.0060535629	-0.0033681477	-0.0067409093	-0.0046409924	-0.0254394388	0.0753945025	0.0224528813	-0.006334031	-0.0736188052	-0.0087832144	0.0131197401	-0.0417116273	-0.1194095428	-0.0010128127	-0.0218408354	-4.99526e-05	-0.0215776297	0.0016959311	-0.0140667932	0.0014514031	0.0191451089	-0.0155361017	0.0243999192	0.0045317541	-0.0220263672	-0.0205133984	0.0144914855	-0.0427747777	0.0218757448	-0.0420256172	0.0201500158	0.0247614825	-0.0266147532	0.0570311301	0.0049644986	0.0251865787	-0.0046453493	-0.0177189424	0.0243456248	-0.0191541092	-0.0122101444	0.0207457092	-0.0611397523	0.021524253	0.048089483	0.0075882265	-0.0306720566	0.0061796188	-0.0088120168	-0.0110118084	-0.0202420943	-0.0069473742	-0.0591116669	-0.0325344154	0.0037181993	-0.0187542677	-0.0470673789	0.0124828021	0.0231428889	0.0362258212	-0.0341011058	0.0144386265	0.0409831587	-0.0283064346	-0.067566416	0.0313892033	-0.0287899279	0.0115833319	-0.0305593726	-0.0039237189	-0.0313163343	-0.0461384693	-0.0198507856	0.0287839072	-0.031474609	0.0136908542	0.0273036376	-0.1220066081	0.0105854542	0.0163028276	0.0110805709	-0.0167567948	0.013847522	-0.0290031854	-0.0034897215	0.0054887416	0.0395407186	-0.0306283408	-0.0065974908	0.0316660796	0.0143859863	0.0291695498	-0.0159836911	-0.0191442016	-0.0043681998	0.0046263031	-0.0002657022	-0.0125366661	-0.0313564634	0.0006894564	-0.0124313837	-0.0181412434	0.0367895818	-0.0452249073	0.0345618882	-0.0186121956	-0.0001844653	0.01895291	-0.0348222698	0.0453651274	-0.048968821	0.0450821203	-0.0342995449	0.0182704248	0.0005533855	-0.0192925486	0.0350806749	-0.0455027728	0.0489646519	-0.0449367745	0.0340352549	-0.017927617	-0.0009222743	0.0196310923	-0.0353370889	0.0456378354	-0.0489577037	0.0447888782	-0.0655733	0.0074776	5.591450176000001e-05	0.00429985767289	-4.44628	0.0384400000000004	19.7694058384	0.0014776336	-0.8796389999999998	-0.0171969999999997	0.0002957368089999	0.7737647703209997	-0.0180241	-0.0002307999999999	0.00032486818081	5.326863999999989e-08	-0.00388616	2.9260000000000137e-05	1.51022395456e-05	8.56147600000008e-10	0.0016215	-9.332000000000003e-05	2.62926225e-06	8.708622400000006e-09	0.0	0.0	0.0	0.0	0.0	0.0	0.0	0.0	0.0	0.0	0.0	0.0	0.0	0.0	0.0	0.0	0.0	0.0	0.0	0.0	0.0	0.0	0.0	0.0	0.0	0.0	0.0	0.0	0.0	0.0	0.0	0.0	0.0	0.0	0.0	0.0	0.0	0.0	0.0	0.0	0.0	0.0	0.0	0.0	0.0	0.0	0.0	0.0	0.0	0.0	0.0	0.0	0.0	0.0	0.0	0.0	0.0	0.0	0.0	0.0	0.0	0.0	0.0	0.0	0.0	0.0	0.0	0.0	0.0	0.0	0.0	0.0	0.0	0.0	0.0	0.0	0.0	0.0	0.0	0.0	0.0	0.0	0.0	0.0	0.0	0.0	0.0	0.0	0.0	0.0	0.0	0.0	0.0	0.0	0.0	0.0	0.0	0.0	0.0	0.0	0.0	0.0	0.0	0.0	0.0	0.0
55495.44274781503	19.882557365228426	3079744165.776016	395.31608738159895	67117.87240039062	-367.3079062500037	4504808795.555118	134915.09799376153	55908.0135925411	31.156773225942743	3125705983.8637605	970.7445178528226	56096.43596500357	56413.59552303165	0.983793	22.537592	0.0802305000000006	0.0446497	0.0034124656	0.0061092968	0.0077297892	0.0015750482	0.0327490907	0.012312288	-0.0274701088	-0.0023769225	0.0250286567	-0.0075090978	-0.0014426137	0.0172757847	0.0277360966	-0.0203538515	-0.0083556819	0.0263973749	0.0364766534	0.0058938215	0.0194038327	-0.006568255	0.0107900673	0.0103404761	-0.0125354652	0.0474775492	-0.0044960081	0.0123606602	0.0243394293	0.0088575016	0.0409602763	-0.0320533053	0.0399250595	0.0142633114	-0.002525293	0.0347917196	-0.0207999685	0.0157112944	0.0211209004	0.0021156763	0.0336431924	-0.0531858794	0.0630994869	-0.052324531	0.0227622887	0.0314356951	0.0311196196	0.0132753433	-0.0240066148	-0.0638793924	0.0394985032	-0.0161768462	0.0290022865	-0.0233274163	-0.0264596385	-0.0360035122	-0.0070568772	-0.0335619151	-0.0214023477	-0.0057445784	-0.0595103129	-0.0197720655	0.0431828531	-0.0010419049	0.0004832275	-0.0111728638	0.0126852957	-0.0258596214	-0.0079172839	0.0246248968	0.0388639831	0.033555401	-0.0014255512	-0.004466236	0.0143396581	0.0134296498	0.0090148688	0.035955325	0.0341943416	0.0448231041	-0.0694807082	0.0123092858	-0.0719048535	0.0179127719	0.0186374176	0.019892118	0.0185184331	-0.0012678284	0.0221513233	0.0092645913	0.0425334757	-0.030797404	-0.0037940059	-0.0019556369	0.0174967363	-0.0851452608	0.0680316813	-0.0303558599	-0.0096816971	0.0838895409	0.0410309694	-0.0171624611	-0.0249761251	-0.0175274053	0.0566359409	-0.0311865702	-0.0150290502	-0.0143905199	-0.0833565424	0.0223828604	0.0411754425	-0.01955536	-0.042691492	-0.0083102574	0.008028001	-0.0192509382	0.0074485208	-0.0113462447	-0.0133896394	0.0200111389	0.0455146423	0.0223001662	-0.0098914868	-0.0299099851	0.0033633112	0.0405770962	-0.0241409263	0.0455812506	0.0180346275	0.0007061426	0.0317762603	-0.020162511	0.0224940011	-0.0226698628	-0.0015945602	0.0232298021	0.0529700181	-0.0498893656	0.0549196098	0.0522257209	0.0226470375	-0.0446669762	-0.0045924745	-0.003719255	0.0719129963	-0.0269905877	0.0245257398	-0.0131616425	0.0385480224	-0.005241209	-0.0375517143	-0.0112990356	0.022830122	-0.002875768	0.0339656904	-0.0555921404	0.0138130621	-0.0499639066	0.0043564146	0.0076828759	0.0093997626	0.0100503609	0.0255782358	0.0101413528	-0.0035521517	-0.0240365121	0.0506440764	-0.0054007841	0.0104814308	0.0116627637	0.0259502408	0.0086632191	0.0146820015	0.0571126457	-0.0496185383	-0.0315480416	-0.0112456063	-0.0614315149	0.0753038095	-0.0044170604	0.0172024472	0.0132923338	-0.0069314275	0.0249345761	-0.0191666716	0.0166013226	-0.031170188	0.0315058167	-0.0238244899	-0.0440859234	-0.0638222469	-0.0835784712	-0.0574728402	-0.0049088975	-0.0154876938	0.0889835285	-0.0304438314	0.0159759069	0.0116593646	0.004682346	-0.0506785502	-0.0389491282	0.0047970538	-0.0688134683	-0.0302963577	0.0157992238	0.0111884986	-0.0643195174	0.0362984783	0.0020916251	0.0155199166	0.0081588043	-0.0091291997	0.0012734708	-0.0328909806	0.0072811111	0.0079403815	0.015799957	0.0260391131	0.0171917871	-0.0591384306	0.0015156647	0.0224899268	-0.0285623248	0.0004846251	-0.0057636222	-0.0220715717	-0.0205250683	0.0035669872	-0.0226977054	-0.0013901613	-0.0013348728	0.0168385866	-0.0038621608	-0.0452953387	0.0348222698	-0.019122865	0.0005533855	0.0180991493	-0.0340352549	0.0448631447	-0.0489577037	0.0457043959	-0.0355914973	0.0201368126	-0.0016598739	-0.0170661886	0.0332308549	-0.0444080345	0.048920189	-0.0460901072	0.0363425447	-0.0211404744	0.0027655145	0.0160245105	-0.0324094805	0.0439302406	-0.0488576859	0.0464522756	-0.0623003	0.0032729999999999	1.0712528999999989e-05	0.00388132738009	-4.46107	-0.0147900000000005	19.901145544900004	0.0002187441	-0.88317	-0.0035310000000001	1.246796100000122e-05	0.7799892489	-0.0175694	0.0004547	0.0003086838163599	2.067520900000021e-07	-0.00455239	-0.0006662299999999	2.07242547121e-05	4.438624128999998e-07	0.0015697	-5.179999999999985e-05	2.4639580900000003e-06	2.6832399999999846e-09	0.0	0.0	0.0	0.0	0.0	0.0	0.0	0.0	0.0	0.0	0.0	0.0	0.0	0.0	0.0	0.0	0.0	0.0	0.0	0.0	0.0	0.0	0.0	0.0	0.0	0.0	0.0	0.0	0.0	0.0	0.0	0.0	0.0	0.0	0.0	0.0	0.0	0.0	0.0	0.0	0.0	0.0	0.0	0.0	0.0	0.0	0.0	0.0	0.0	0.0	0.0	0.0	0.0	0.0	0.0	0.0	0.0	0.0	0.0	0.0	0.0	0.0	0.0	0.0	0.0	0.0	0.0	0.0	0.0	0.0	0.0	0.0	0.0	0.0	0.0	0.0	0.0	0.0	0.0	0.0	0.0	0.0	0.0	0.0	0.0	0.0	0.0	0.0	0.0	0.0	0.0	0.0	0.0	0.0	0.0	0.0	0.0	0.0	0.0	0.0	0.0	0.0	0.0	0.0	0.0	0.0
55619.17242073519	123.72967292015528	3093492340.76747	15309.031960928609	67713.36577929687	595.4933789062488	4585099905.160852	354612.36432118126	55911.41182603965	3.3982334985485068	3126085972.3810062	11.547990910657225	56108.732185864654	57209.18340541294	0.930196	21.309744	0.0732381999999996	0.0371425	0.001005346	0.0062759623	0.0025188115	-0.0005691096	0.0319135147	0.0078345258	-0.0626014592	0.0274415147	0.0368062615	0.0020199423	-0.0115137269	0.008612517	0.0236436032	-0.0317001077	-0.0293577794	0.0187698032	-0.0298361826	0.0043065762	0.0342165499	-0.0170687539	-0.0085384654	-0.0168602314	-0.0038072536	-0.0215237216	0.0145366226	0.0349358468	-0.0090316255	-0.0189362405	-0.033746728	-0.0111089967	-0.022348005	-0.0209722155	0.0031183328	-0.0581188876	0.0117185846	-0.0244930137	-0.0144992093	0.030103432	0.0247552387	-0.0104789586	-0.0103326645	-0.0520230664	-0.036291562	0.0065349574	0.0079423307	0.0450580935	0.0154213283	-0.0089824916	-0.0174178115	-0.0285514435	0.0439551779	0.0017556526	0.0210382688	0.0312911589	-0.0135969078	0.0115515289	-0.0545623198	0.0036946032	0.0454477646	-0.016642051	-0.0301011335	0.0354253664	-0.0013531047	0.0445228243	-0.0307130887	0.008924901	0.0041986712	-0.0782964464	-0.0505857324	-0.0107071225	0.0489656898	0.033216815	-0.0197593522	0.0436870821	0.0251887874	-0.0463201224	-0.0206065314	0.0590139111	0.0024089077	-0.0260266141	-0.0423527089	0.0541552705	-0.0097667463	0.0028340726	-0.0047433425	0.0243879147	0.0064063886	-0.0435381837	-0.0460691778	0.0109040384	0.0414997557	-0.0266917523	-0.0389181642	-0.0006454872	-0.0275753689	-0.0022961274	-0.0054164249	-0.0400767128	-0.0247745397	-0.0254978239	0.0044885466	0.0434650566	0.0279879726	-0.0212826522	0.019766227	0.0061231352	-0.0801643439	-0.0367757927	0.0271798101	0.0009498604	-0.0320821479	0.0330174366	0.0041789	-0.0358408919	0.0175370973	0.0089349072	0.0181575018	0.0032001449	-0.0166217086	-0.0190640676	-0.0363879147	0.0124497441	-0.0092401128	-0.0384674975	-0.0159318537	-0.0172316018	-0.0268708099	0.0004693164	-0.0550881598	0.0181641591	-0.0263136285	0.0133277224	0.0264759292	0.0223264199	0.0168115281	0.0157855905	0.0434177145	0.0042480435	-0.0410218374	-0.0219765909	-0.0371507584	-0.0200886267	0.0001724486	0.0230157098	0.0235096003	-0.0540671395	0.0003460759	-0.0124250243	0.0176825958	0.0212217285	-0.010540195	0.0090476395	0.0447218189	0.0437414681	0.0329623037	0.0276230656	-0.0522335943	0.0202162367	-0.023309971	-0.0450004111	-0.00936359	-0.024744597	0.049261499	0.0330807947	-0.054793798	-0.0300430572	-0.0151887735	-0.0347183221	0.0326549968	0.0331881388	-0.0550999014	-0.0207384351	-0.0839563725	0.0162752069	0.0025324443	0.0214000383	0.0556457931	-0.0265649567	0.0035185532	-0.0150562588	0.027691545	0.0042165846	0.0409702363	-0.0320958962	0.0231083	0.0155820676	0.0076556934	-0.0427189166	0.0458262765	0.0330368874	-0.00523935	0.0032654117	0.0028865176	-0.0415279299	0.009889512	0.0205352619	-0.0484752625	0.0018194171	-0.0226318681	0.022497021	0.0003024053	-0.0900552727	-0.0162797931	-0.0213074399	-0.0176993253	0.015734215	0.0402128455	-0.0062276193	0.0134827949	0.0076249847	-0.0143252189	-0.0167552928	-0.0290930097	-0.019896644	0.0325195682	0.0412817436	0.0095678623	-0.0225346444	0.0205112955	0.0352827179	0.0570337588	0.0060613906	-0.0160852375	0.0140899412	-0.0038386939	-0.0061260661	-0.0071841738	-0.0042143222	0.013785512	0.0093726708	-0.0030235834	0.0143791105	-0.0453651274	0.0350806749	-0.0196310923	0.0012911108	0.0172389684	-0.0332308549	0.044329971	-0.0489021298	0.0462741461	-0.036832953	0.0219686319	-0.0038697424	-0.0147989116	0.0312886365	-0.043171555	0.0486980765	-0.0470544995	0.0384828171	-0.0242450877	0.0064376142	0.0123177063	-0.02925942	0.0418931005	-0.0483586182	0.0477040178	-0.0563846	0.0059157	3.499550649000003e-05	0.00317922311716	-4.46305	-0.0019799999999996	19.9188153025	3.920399999998609e-06	-0.866967	0.0162029999999999	0.0002625372089999	0.751631779089	-0.0178373	-0.0002679	0.00031816927129	7.17704100000008e-08	-0.00420383	0.0003485599999999	1.7672186668900002e-05	1.2149407359999964e-07	0.00193603	0.00036633	3.7482121609e-06	1.341976689e-07	0.0	0.0	0.0	0.0	0.0	0.0	0.0	0.0	0.0	0.0	0.0	0.0	0.0	0.0	0.0	0.0	0.0	0.0	0.0	0.0	0.0	0.0	0.0	0.0	0.0	0.0	0.0	0.0	0.0	0.0	0.0	0.0	0.0	0.0	0.0	0.0	0.0	0.0	0.0	0.0	0.0	0.0	0.0	0.0	0.0	0.0	0.0	0.0	0.0	0.0	0.0	0.0	0.0	0.0	0.0	0.0	0.0	0.0	0.0	0.0	0.0	0.0	0.0	0.0	0.0	0.0	0.0	0.0	0.0	0.0	0.0	0.0	0.0	0.0	0.0	0.0	0.0	0.0	0.0	0.0	0.0	0.0	0.0	0.0	0.0	0.0	0.0	0.0	0.0	0.0	0.0	0.0	0.0	0.0	0.0	0.0	0.0	0.0	0.0	0.0	0.0	0.0	0.0	0.0	0.0	0.0
55626.67523948401	7.502818748820573	3094326998.1990232	56.29228917765351	67848.84658496093	135.48080566406134	4603465982.909565	18355.04870338316	55993.72846273574	82.31663669608679	3135297627.158582	6776.028676955542	56180.60054040795	57136.71765041599	0.875997	20.068092	0.1007574999999996	0.0550007	0.0006011432	0.0032408777	0.0030335257	-0.0012551451	0.0539981602	-0.0025619972	-0.0523544556	-0.0120846448	0.0126713874	-0.0081885727	0.0365495447	0.0422918027	-0.0105279879	0.0236492033	0.0400041959	0.0221260322	0.0088798323	-0.0288367294	0.0337407727	0.0176997284	-0.0108339856	0.0176524707	-0.0306389682	0.0095734934	0.0193854308	0.0434968302	0.0331136733	-0.0042334172	0.047174958	-0.0155119571	0.0244997948	0.0336769867	0.0084128131	0.02678345	0.0183590518	-0.0054242289	-0.0065378454	-0.0009049233	-0.0114248085	-0.0533442645	0.0226955198	-0.0068147905	0.0100791115	-0.0154824413	-0.0241411336	0.0139417324	-0.0363829094	-0.0318829769	0.0511474121	0.0156666477	0.0548971867	0.0342944541	-0.0031587311	0.0384419555	-0.0305263606	-0.006313214	0.0113804685	0.0307592606	0.003981268	-0.0268171667	-0.0019933715	0.010408854	-0.0142989002	-0.0015248035	-0.0147065945	-0.00506322	-0.0044841906	0.0015763028	-0.0669185687	-0.0171319169	-0.0113547117	0.0485928648	-0.0129325517	-0.0544593531	0.0274058482	-0.0044490186	-0.0282293988	0.0054842311	0.0419516521	0.0002473725	-0.0178651022	0.0460202565	-0.0222269208	-0.0370326066	0.0055391695	-0.0158663904	0.0470272747	-0.0142928229	0.0148646719	0.0077166437	-0.0135970097	0.0039542225	-0.0022634709	0.0248084115	0.025180671	-0.0215354833	0.0212403868	0.050363496	-0.0386116159	-0.0093000027	0.0367432756	0.0246284957	-0.0149709869	0.0165318274	0.0051632855	-0.0038836244	-0.0094105383	-0.0394696819	-0.023712654	-0.0228352768	-0.0571102839	0.0469024846	-0.0278458521	-0.0315236099	-0.0163350189	0.0120185519	-0.0175115925	0.039469883	0.0230435208	-0.0153680146	-0.0426613577	-0.0354618749	-0.0134534297	0.0453278787	-0.00821587	0.0261394502	0.0354787681	0.0089060358	0.0272971893	0.0157927265	-0.004642354	0.006039939	2.63656e-05	-0.0131896451	0.0497435072	-0.0262318975	0.0057846346	-0.0035044115	0.0144737214	0.0103072874	-0.0244855687	0.0237117811	0.0555384007	-0.0464720473	-0.009206329	-0.0619846804	0.0009556341	0.0257343233	0.0269119517	0.0374469323	0.0223386931	-0.0069803674	-0.000447992	0.0138964411	0.0291111237	0.002089831	0.0035545773	0.0121925598	0.0107288887	-0.0113415982	0.004868481	0.0036527776	0.0045088429	0.0568505644	-0.0182993067	0.0115474661	-0.0494430234	-0.0098272812	-0.0573764078	0.0332363832	0.0123482787	-0.0204419283	-0.001143847	0.0310360993	0.0238319068	0.0397512858	0.0432668241	-0.0185402947	-0.0411324551	0.0043967848	-0.022212109	0.0419196315	0.000570743	-0.0057148707	-0.0101522748	-0.0026073938	-0.0022728588	0.0186622035	0.0149586813	-0.0203334169	0.0221993734	0.0390601647	-0.0720174795	0.0001971808	-0.0173103851	0.0101460316	-0.0153760285	-0.0263225432	0.0105834395	0.0216573266	0.0004772328	-0.0125115898	0.0180053222	-0.0337891111	0.0317888715	0.0259190354	0.0722681415	0.0131686735	0.0116419406	0.0073056694	0.0014275593	0.0049689324	-0.0491265396	0.0215948239	0.0069933783	0.0530646548	0.0017762324	0.020737043	-0.0329788223	0.0087522209	0.017111768	-0.0335093008	-0.0156776135	-0.021377919	0.0321579553	-0.0106536182	0.0025147618	-0.009472503	0.0167587742	0.0092379594	0.0105971259	-0.0288707226	-0.0454342724	0.0353370889	-0.0201368126	0.0020285429	0.0163726724	-0.0324094805	0.0437659771	-0.0488021499	0.0467907162	-0.0380221508	0.0237627379	-0.0060717052	-0.0124961534	0.02925942	-0.0417972809	0.048299121	-0.047825998	0.0404462362	-0.0272255606	0.0100731925	0.0085338634	-0.0259085287	0.0395416966	-0.0474645768	0.0485330118	-0.0669961	-0.0106115	0.00011260393225	0.00448847741521	-4.42846	0.0345899999999996	19.611257971600004	0.0011964680999999	-0.899729	-0.0327619999999999	0.0010733486439999	0.809512273441	-0.0176398	0.0001974999999999	0.00031116254404	3.900624999999991e-08	-0.00420384	-9.999999999940612e-09	1.7672270745600005e-05	9.999999999881223e-17	0.00167766	-0.0002583699999999	2.8145430756000004e-06	6.675505689999999e-08	0.0	0.0	0.0	0.0	0.0	0.0	0.0	0.0	0.0	0.0	0.0	0.0	0.0	0.0	0.0	0.0	0.0	0.0	0.0	0.0	0.0	0.0	0.0	0.0	0.0	0.0	0.0	0.0	0.0	0.0	0.0	0.0	0.0	0.0	0.0	0.0	0.0	0.0	0.0	0.0	0.0	0.0	0.0	0.0	0.0	0.0	0.0	0.0	0.0	0.0	0.0	0.0	0.0	0.0	0.0	0.0	0.0	0.0	0.0	0.0	0.0	0.0	0.0	0.0	0.0	0.0	0.0	0.0	0.0	0.0	0.0	0.0	0.0	0.0	0.0	0.0	0.0	0.0	0.0	0.0	0.0	0.0	0.0	0.0	0.0	0.0	0.0	0.0	0.0	0.0	0.0	0.0	0.0	0.0	0.0	0.0	0.0	0.0	0.0	0.0	0.0	0.0	0.0	0.0	0.0	0.0
55535.00919931458	-91.66604016942438	3084137246.767956	8402.662920342524	67680.72334179688	-168.12324316405284	4580680312.06885	28265.42489199924	55930.76326198319	-62.96520075254375	3128250279.068009	3964.616505808136	56129.46493480911	56893.27311599533	0.8108699999999999	18.576115	0.0676345999999997	0.0421544	0.00296389	0.0062837738	0.0047514007	0.0004251019	0.0363213981	0.0103381515	-0.0423235059	0.0097569953	0.0169466785	0.0397645203	-0.009168623	0.0177206749	0.0076658724	-0.0142627065	0.03541665	0.0110662231	0.0063798393	-0.0014487856	0.0161403691	0.0020661799	0.0295931979	0.0208363007	-0.0406261204	0.009263304	-0.0027516413	0.0351904305	-0.0329130947	-0.0145947047	-0.0829483914	0.0603237192	0.0130976532	0.0053035266	-0.0526631933	0.0301334722	-0.041471931	0.0049690982	0.0215563072	-0.030281605	0.0087186886	0.0197395694	0.0375347328	0.0310136872	-0.0385612861	-0.0437613322	-0.0505886844	0.0117011702	-0.0246942895	-0.024936256	0.0002559044	-0.0202513932	0.046046491	0.0010356464	-0.0538425769	-0.0530338589	0.001105163	-0.0144615825	-0.0219526362	-0.0025626867	0.0018716076	0.0025148455	0.0580532574	0.0511257225	-0.0208665276	-0.0095424783	-0.0039560332	-0.019138746	0.0036257232	-0.0182355497	0.015617611	-0.0099432865	0.0086020107	-0.0063213734	0.0300662824	-0.0608403088	0.0271289023	-0.0189115011	0.0248925444	-0.0161611102	0.0034056658	-0.0120533928	-0.063897366	-0.005626601	-0.0237888818	0.0264550452	0.0075407964	0.0333790535	0.0232393034	-0.0637169284	-0.0339309483	-0.0343308375	-0.0353829006	-0.0485498633	-0.0194527588	-0.0317034761	-0.0280982037	-0.0198496007	-0.0511697643	-0.0170211845	0.0030533302	0.02752052	0.0431549119	0.0254416188	0.0468329031	-0.0349982054	-0.0253259645	-0.0567390652	0.0372557959	0.0465693228	-0.0054754522	-0.0372252171	-0.0309585345	0.0182309686	-0.0008561137	-0.0159222593	-0.0010678524	-0.0284484265	-0.020763218	0.037744228	0.0008323869	0.0155955494	-0.0336483507	0.0414433671	-0.0061472113	-0.0837049016	0.0532432183	0.0102265846	0.0088604147	-0.0600572154	0.0289578035	-0.0431851357	0.0067323433	-0.0195817832	-0.032082441	0.0106412581	-0.0223131498	-0.0398297814	-0.0268310246	-0.0229617603	-0.0317062109	0.046290411	-0.0239561051	0.0188486461	0.040790803	-0.0080143591	0.0240558903	-0.0254889842	0.0453364179	0.035510573	-0.0636732694	-0.0148482147	0.0020079364	0.0089189963	0.0235938667	0.0037287755	-0.0184762877	-0.0499722292	-0.0202388931	0.052437647	0.0320850809	-0.0005968014	0.0149250954	-0.0031189142	0.0125643304	-0.0234586778	-0.0106963116	-0.0112522446	-0.0005920679	0.0434949769	-0.0477462848	0.0294496534	-0.0247587794	0.0217703081	0.0131143989	0.0231039598	0.003950776	-0.0273879737	0.0430344873	-0.0372195674	0.028148244	0.0006384201	0.0290580785	0.0159491504	0.0259503499	-0.0744574566	-0.0262033924	0.0120020415	-0.0581961597	-0.0319476287	0.0074015049	0.0189617957	-0.0367923759	-0.0401106276	-0.0061001754	-0.0477718928	-0.0506075332	-0.0322694114	-0.0340974326	0.0122017074	-0.0486608357	-0.0558676035	0.0253680542	0.036362313	-0.0057531898	0.0309996792	0.0002247571	-0.0060722464	0.0376137888	0.0307820236	0.0129197509	0.0109721148	-0.0042315496	-0.0013155005	-0.0385311568	0.0008885953	0.0477048257	0.0234196268	0.034134618	-0.0092652094	-0.0224937551	0.0221339367	0.041767369	0.0143004232	-0.0117284539	0.0138977365	0.0056292841	-0.0029929044	-0.01077541	-0.0035288448	0.0348554307	-0.0022662091	-0.0030322338	-0.0070911303	-0.0455027728	0.0355914973	-0.0206399614	0.0027655145	0.0155005685	-0.0315715513	0.043171555	-0.0486578547	0.0472535125	-0.0391574033	0.0255160508	-0.0082612638	-0.0101634351	0.0271488476	-0.0402895985	0.0477247713	-0.04840144	0.0422237789	-0.0300666323	0.0136516244	0.004696647	-0.0223798066	0.0368936684	-0.0461828639	0.0489319113	-0.065439	0.0015571	2.4245604100000176e-06	0.0042822627209999	-4.45993	-0.0314699999999996	19.8909756049	0.0009903608999999	-0.8830019999999998	0.0167270000000001	0.000279792529	0.7796925320039997	-0.0179565	-0.0003166999999999	0.00032243589225	1.0029888999999976e-07	-0.00420384	0.0	1.7672270745600005e-05	0.0	0.00163675	-4.091000000000012e-05	2.6789505625e-06	1.6736281000000099e-09	0.0	0.0	0.0	0.0	0.0	0.0	0.0	0.0	0.0	0.0	0.0	0.0	0.0	0.0	0.0	0.0	0.0	0.0	0.0	0.0	0.0	0.0	0.0	0.0	0.0	0.0	0.0	0.0	0.0	0.0	0.0	0.0	0.0	0.0	0.0	0.0	0.0	0.0	0.0	0.0	0.0	0.0	0.0	0.0	0.0	0.0	0.0	0.0	0.0	0.0	0.0	0.0	0.0	0.0	0.0	0.0	0.0	0.0	0.0	0.0	0.0	0.0	0.0	0.0	0.0	0.0	0.0	0.0	0.0	0.0	0.0	0.0	0.0	0.0	0.0	0.0	0.0	0.0	0.0	0.0	0.0	0.0	0.0	0.0	0.0	0.0	0.0	0.0	0.0	0.0	0.0	0.0	0.0	0.0	0.0	0.0	0.0	0.0	0.0	0.0	0.0	0.0	0.0	0.0	0.0	0.0
55477.49473233376	-57.51446698082145	3077752421.77612	3307.9139120880013	67520.03078320312	-160.69255859375698	4558954556.964698	25822.098387408023	55924.97446581842	-5.788796164772066	3127602769.0024424	33.51016103727978	56111.71097838368	56903.53175159801	0.834128	19.108938	0.0542849999999999	0.028309	0.0021153473	0.0060047899	0.0008393547	-0.005889624	0.0333177692	-0.0087635569	-0.0331078885	-0.0179108096	0.0079563561	-0.0369302745	0.0216961383	0.0158855263	0.0137168056	-0.0037322473	0.0076859385	0.0122349335	-0.0098754549	-0.0169143951	0.0049127596	0.0474946248	0.0010172196	0.0169644037	-0.0153901078	-0.0068908012	0.0472590868	0.0022392454	0.0239410099	-0.0390131205	0.0195964059	0.0513650397	-0.0149339711	0.0039775415	-0.0370286845	-0.015554729	0.0501688221	0.0256809226	-0.0289736097	0.0267573388	0.0216369681	0.0412072399	-0.0141990538	-0.0027120317	0.03840551	0.058380737	-0.0141611069	0.0072990084	0.017557666	0.0187016357	-0.0081472875	0.0206445513	-0.0113647377	-0.0212509589	0.0099738563	-0.0164388305	-0.0553950556	0.0186952196	0.0152621561	0.0502779584	0.0049545991	0.0747885061	0.0209457477	0.0301889271	-0.0233670317	-0.0463319407	0.0355277828	-0.0276393075	-0.0646247754	-0.0427076946	-0.0270964428	0.0110875112	0.0128783248	-0.0464756008	0.0241394812	-0.007306506	-0.0210248408	0.0047526906	-0.0451300535	0.027488133	0.0320952455	-0.0233141492	0.0648922759	-0.037979969	0.0056629987	0.0494076621	0.0261896342	-0.033211522	0.0035872613	-0.0082179086	-0.0033780753	0.0275102723	0.0022467776	0.0042264453	0.0155127676	-0.0127525373	0.0385571574	0.0116457978	0.0377024456	0.0598659468	0.0378771721	0.0416302623	0.0047139324	0.0199266155	0.0589500755	-0.0610456647	-0.0277424787	0.0074411221	0.0162683692	0.0112210985	0.0531591954	0.0423048404	0.0275596532	0.0242179073	-0.0166376109	-0.0034085372	-0.044201569	-0.0034016387	-0.0134453691	0.0247500169	0.0155070904	-0.0509527894	-0.0012321827	-0.0227422663	-0.0426429349	0.0097644888	0.0439956777	-0.0193117182	0.0001220293	-0.03969591	-0.0096744935	0.0542191348	0.0220135984	0.0272348762	0.0292318909	0.0236966834	-0.0352854185	0.0236759779	0.0030850831	0.0578471271	0.0253332392	0.0205174367	0.0087225971	-0.0142683599	-0.0189932111	0.0160184281	-0.0307095319	0.0097537524	-0.0042823359	-0.021784555	-0.0182551136	0.0263100754	0.0285382547	-0.0606576239	-0.0017813667	0.0225252951	-0.0695084224	0.0164741833	0.0143157459	0.0439140797	0.0394483382	0.0273820905	0.0220373351	0.0367488815	0.0784661852	0.0315235537	0.0022007587	-0.0220683659	0.0349653558	0.0332307882	0.0015379681	-0.0226034021	0.0223783802	-0.0417482992	-0.0267018313	0.0291715446	0.0083403507	0.027312165	-0.0735979865	0.0103533801	0.0482033901	0.0136174446	-0.0418793735	0.0135427018	0.0282382755	0.0198566916	0.0139973727	0.0046450816	0.0027098883	-0.004488905	-0.0242116874	-0.0389097199	0.0154323304	0.0108390605	-0.0003658831	0.0698444392	-0.0408231287	-0.0387126073	-0.0286450207	0.0433090337	-0.0574630608	-0.0128094675	-0.0429861161	-0.002893621	0.014069378	-0.0027049486	-0.0691418578	-0.0147649393	-0.0029093184	0.031996752	0.0112719806	0.005314469	-0.0040432681	-0.0019384334	-0.038563677	-0.004278651	0.0219453265	0.0452414516	-0.0157831236	0.0064537473	0.0105878412	0.0154871253	0.0216062087	-0.0254480572	-0.0222573248	-0.0196080962	0.0373144018	-0.0006310032	-0.000648279	-0.0101850127	0.02387362	0.0028508993	-0.0044777022	0.0015251456	-0.0455706274	0.0358438856	-0.0211404744	0.0035018582	0.0146229661	-0.0307174953	0.0425471181	-0.0484693751	0.0476620031	-0.0402370998	0.0272255606	-0.0104339452	-0.0078063495	0.0249627879	-0.0386533201	0.046977113	-0.0487784667	0.0438072762	-0.032753756	0.0171526089	0.0008300562	-0.018697474	0.03396888	-0.0445239479	0.0488971813	-0.060597	0.0048419999999999	2.344496399999999e-05	0.003671996409	-4.44475	0.0151799999999999	19.7558025625	0.0002304323999999	-0.875459	0.0075429999999998	5.689684899999782e-05	0.766428460681	-0.0180253	-6.88000000000008e-05	0.00032491144009	4.7334400000001106e-09	-0.00463104	-0.0004272	2.1446531481600003e-05	1.8249984000000003e-07	0.00159835	-3.840000000000007e-05	2.5547227225e-06	1.474560000000005e-09	0.0	0.0	0.0	0.0	0.0	0.0	0.0	0.0	0.0	0.0	0.0	0.0	0.0	0.0	0.0	0.0	0.0	0.0	0.0	0.0	0.0	0.0	0.0	0.0	0.0	0.0	0.0	0.0	0.0	0.0	0.0	0.0	0.0	0.0	0.0	0.0	0.0	0.0	0.0	0.0	0.0	0.0	0.0	0.0	0.0	0.0	0.0	0.0	0.0	0.0	0.0	0.0	0.0	0.0	0.0	0.0	0.0	0.0	0.0	0.0	0.0	0.0	0.0	0.0	0.0	0.0	0.0	0.0	0.0	0.0	0.0	0.0	0.0	0.0	0.0	0.0	0.0	0.0	0.0	0.0	0.0	0.0	0.0	0.0	0.0	0.0	0.0	0.0	0.0	0.0	0.0	0.0	0.0	0.0	0.0	0.0	0.0	0.0	0.0	0.0	0.0	0.0	0.0	0.0	0.0	0.0
55447.18627127386	-30.308461059903493	3074390465.40134	918.6028118196864	67620.75057910156	100.7197958984325	4572565908.881063	10144.477285821898	55809.56993094173	-115.40453487668856	3114708095.876676	13318.206670104826	56008.74225440057	56992.47272537033	0.765285	17.531811	0.0841674000000004	0.0469468	0.0016609378	0.0097942835	0.0040004544	-0.0001799328	0.0273202216	0.006135926	-0.0130291394	0.0036750397	0.0025679263	0.0285069913	0.0211720894	0.020146888	-0.0042014489	-0.0060650778	0.0478695787	0.0307441967	0.0185997307	0.021357288	0.0063228065	-0.0137525477	0.0153727007	-0.0092534037	-0.0280546128	-0.026277994	-0.0005183928	-0.0224164295	-0.0070622961	0.0482132891	0.0048365938	0.0279015721	0.0529184364	0.0151251683	-0.0716057553	-0.0237978207	-0.0073795394	0.0149493867	0.0472043746	-0.0324778937	0.0046463306	0.02654965	-0.0024469265	0.0407161254	-0.0115362953	-0.0354234845	0.0035614974	-0.0016020128	0.0073190462	0.0556540116	0.0006791366	0.0172989097	0.0136113594	0.0032896184	0.0341621887	-0.0160068111	0.0123085165	0.0796021598	-0.0209595123	-0.0412523841	-0.0025537353	0.0135131465	-0.0091087336	0.0423281148	0.033353399	0.0271883815	-0.0277368827	-0.0070569668	0.0186700428	-0.0525565607	-0.0297109341	-0.0081657018	0.0495760228	0.0536717604	-0.0238433913	0.0060550962	0.0568358333	-0.0186736342	0.0335670082	0.0352917651	-0.0375805942	-0.0152754605	-0.0026461343	0.0240337796	0.0004675866	-0.0014825421	-0.0002455661	0.0127243895	-0.0078672004	0.0027484301	-0.0254681453	0.0157020577	-0.0200255328	-0.0055053294	-0.0175851047	0.0325441471	0.0305018056	0.027218206	0.0394290249	-0.0545714652	-0.0128816152	-0.0154694986	-0.0286621603	0.0539513149	-0.0466241756	-0.0230112755	-0.003383715	0.0255201658	0.022491538	0.0321013849	-0.0332576806	0.0404429752	0.0092599137	-0.0245199054	0.0210800728	-0.009273317	0.0127662609	-0.0148137099	0.0092189546	0.0247948534	-0.0253064539	-0.0044931789	0.0204257955	0.0056346148	0.0449029995	0.0151417141	0.0342094484	0.046891727	0.0233450168	-0.069347021	-0.0245438857	-0.0056822249	0.0117289059	-0.0462277324	-0.0356836158	0.0142830838	-0.0286493456	-0.0061387186	-0.0395965386	-0.0377254031	-0.005376308	0.0038311074	-0.0057294599	0.0131715798	-0.0495634678	-0.0069785289	-0.0320736649	-0.0225053228	-0.0165386209	-0.0199561832	-0.0069557853	-0.0211796285	-0.0600415311	-0.0186416231	-0.013762642	-0.0044054418	-0.0168804838	0.0127048696	-0.0802158627	0.0033115919	-0.0034210363	-0.0333116986	0.0071880529	-0.0218629283	0.0245213918	0.0031707502	-0.0519186787	-0.0416827269	-0.0408117667	-0.041099626	0.0013672268	0.0635601954	-0.031833985	0.0290662825	-0.0371128444	-0.0180825809	-0.0154172403	-0.0007165959	0.0075880287	-0.0178664358	0.0050874644	-0.0046681625	0.0210647617	-0.0124141819	0.0064268061	-0.0180148195	0.0197011698	-0.0356139889	0.0031854708	0.0142683136	0.0315348322	-0.032403016	0.0426695855	0.0268939294	0.0354583641	-0.019156881	0.0441191314	0.0158563542	-0.0419839757	-0.0048606419	0.0517025034	0.0097019889	-0.0250879147	0.0253326045	-0.0551674108	0.0007493696	-0.0228407802	-0.0191744366	-0.0190472884	0.0285582285	0.0118561105	0.0108321042	-0.0055190036	0.0042118814	-0.0323661829	0.0165643662	0.0132722312	0.0283751864	0.0132178561	-0.000476859	-0.0455274428	-0.0001358728	0.0240898759	0.0145505788	-0.0085294944	0.0046707322	0.0140006122	-0.0026049186	0.0025677006	0.0032098711	0.0273518427	-0.0120939978	0.002310747	-0.0158701507	-0.0456378354	0.0360942395	-0.0216382877	0.0042374069	0.0137401766	-0.0298477488	0.0418931005	-0.0482368825	0.0480157186	-0.0412597087	0.0288883326	-0.0125853106	-0.0054305477	0.022707319	-0.0368936684	0.0460588611	-0.0489555324	0.0451894509	-0.0352731729	0.0205562846	-0.0030417259	-0.0148868057	0.030789272	-0.0425013783	0.0484291295	-0.0621494	-0.0015524	2.409945760000008e-06	0.00386254792036	-4.48425	-0.0395000000000003	20.108498062500004	0.00156025	-0.884943	-0.009484	8.994625600000091e-05	0.7831241132490001	-0.0179234	0.0001019	0.00032124826756	1.0383610000000406e-08	-0.00420384	0.0004272	1.7672270745600005e-05	1.8249984000000003e-07	0.00174187	0.00014352	3.0341110969e-06	2.0597990400000017e-08	0.0	0.0	0.0	0.0	0.0	0.0	0.0	0.0	0.0	0.0	0.0	0.0	0.0	0.0	0.0	0.0	0.0	0.0	0.0	0.0	0.0	0.0	0.0	0.0	0.0	0.0	0.0	0.0	0.0	0.0	0.0	0.0	0.0	0.0	0.0	0.0	0.0	0.0	0.0	0.0	0.0	0.0	0.0	0.0	0.0	0.0	0.0	0.0	0.0	0.0	0.0	0.0	0.0	0.0	0.0	0.0	0.0	0.0	0.0	0.0	0.0	0.0	0.0	0.0	0.0	0.0	0.0	0.0	0.0	0.0	0.0	0.0	0.0	0.0	0.0	0.0	0.0	0.0	0.0	0.0	0.0	0.0	0.0	0.0	0.0	0.0	0.0	0.0	0.0	0.0	0.0	0.0	0.0	0.0	0.0	0.0	0.0	0.0	0.0	0.0	0.0	0.0	0.0	0.0	0.0	0.0
55359.106377602	-88.07989367185655	3064630658.926655	7758.067669245556	67179.39854296875	-441.3520361328119	4513071588.595031	194791.6197985789	55793.16588340184	-16.404047539894236	3112877359.2927947	269.09277569111015	55986.25302167579	56531.612184836646	0.875661	20.060398	0.0669085	0.0380191	0.0049103252	0.003116211	-0.0010511441	-0.0079481431	0.0158202356	-0.012784888	-0.0169528427	-0.0308819201	0.0263868646	-0.0387864838	0.0083496255	-0.0179845164	0.0198038635	0.0042421154	0.0153917139	-0.0132613799	-0.0125239711	0.0121151967	-0.0324882401	0.0153485171	-0.0055907118	0.0021147434	0.0164218593	0.0190614559	0.044979362	0.0059248013	-0.016973746	0.0400533205	0.0320729566	0.0205949677	0.0006790017	0.0488280331	-0.0458289803	-0.0330325919	0.0309981481	0.0482602418	-0.0200220177	0.0315853659	0.0059526083	0.0063532459	-0.0149587842	0.0053398518	-0.03436206	-0.0383397595	-0.0081368403	-0.0378708784	0.0486332554	0.0405014711	0.0264031588	0.0449626789	-0.0102605641	-0.0309827095	-0.0445740295	0.0298247242	-0.0204181966	-0.0207223929	0.001745076	0.0076566522	0.0379843948	0.0285217338	-0.003164581	-0.0260641924	-0.0310998544	0.012957121	-0.0664672696	0.0059393951	-0.0039343267	-0.0051947065	-0.0501710527	0.0136683716	0.0593911831	0.006509281	-0.0053916259	-0.0681337797	-0.0008805804	0.0502642324	0.0146086078	-0.0031743604	-0.0518071686	0.0051694714	-0.0235034348	0.0213929566	0.0690238214	-0.0156240265	0.0093176254	0.0103736404	-0.0366516377	0.0330224057	0.0599791882	0.0077618291	-0.02680444	0.0101439021	-0.0075031058	0.009403597	-0.0269376585	-0.0535668917	-0.0379278346	0.0476311266	-0.0068652709	0.011864356	0.0303503495	0.0141029546	0.0016912849	-0.0130336813	0.0331748637	0.0132066541	0.0024799523	-0.0041105565	0.0087559908	-0.0253414105	0.0040625426	0.0426146599	0.01508967	0.0324782786	-0.0126782246	0.0037809437	-0.0002166929	-0.0068268706	0.0392883204	-0.0371920299	-0.0077713633	0.0155411762	0.0353278973	0.0383244723	0.0185695892	-0.0099607256	0.0425414215	-0.0468123313	-0.0292528184	0.0349191979	0.0457190839	0.0186877117	0.0300335276	0.0160090443	-0.0016259169	0.0082376291	-0.007889424	-0.0460134214	-0.0324832787	0.0192507769	0.0229597792	-0.030933433	-0.0436891007	-0.04625539	-0.0461118778	0.0341194314	0.0380058272	0.0101172576	0.0078908107	0.0407514648	0.0050150649	0.0193183646	0.0118227813	0.0358000958	-0.0201501635	0.0069425175	0.0330379319	0.018074993	-0.0250476789	-0.0639828731	-0.0054326626	-0.0002202927	0.0025447653	0.0556738569	-0.0089834819	-0.0724376893	-0.0009110683	0.0015960658	-0.0576595254	0.013543669	0.047128543	0.0355517783	-0.0071215776	-0.0276044397	-0.0270041585	-0.0291625218	0.0478516574	0.0549108812	-0.0031553297	0.0135230287	0.0277276639	-0.0114493996	-0.0306355481	0.0650242584	-0.0337273764	-0.0289575137	-0.0066173323	0.0141271529	0.0055058045	0.0105318258	-0.0523539698	-0.0028339843	-0.0641338249	-0.0064824131	-0.0342704432	-0.0183856993	-0.0143116551	0.0148540473	-0.0002002262	0.0319530552	-0.0062767844	-0.0020858218	0.0146582401	0.0205262609	0.0136515096	0.0227537438	0.0172434223	-0.0100011327	0.0097185241	0.0047350982	-0.002925414	-0.0023780066	-0.0189992814	-0.0206885419	0.0490350892	0.0237970404	-0.0134438962	-0.0034092849	0.0346690589	0.0255115045	0.0274078861	-0.0397440933	-0.0313210199	-0.0044134883	0.0394162853	-0.0040927456	0.0013479429	-0.0066000372	0.0151544888	0.0144880692	-0.0174700094	0.0052749608	-0.0457043959	0.0363425447	-0.0221333376	0.0049719936	0.0128525131	-0.0289627561	0.0412099568	-0.0479605879	0.0483142525	-0.0422237789	0.0305015125	-0.014710965	-0.0030417259	0.0203887125	-0.0350162597	0.0449733504	-0.0489319113	0.046363951	-0.037611983	0.0238433419	-0.0068944842	-0.0109739574	0.0273786964	-0.0401316745	0.0475319038	-0.0602019	0.0019474999999999	3.792756249999992e-06	0.00362426876361	-4.47475	0.0095	20.0233875625	9.025000000000122e-05	-0.860171	0.024772	0.000613651984	0.739894149241	-0.0181009	-0.0001775	0.00032764258081	3.15062500000002e-08	-0.00420384	0.0	1.7672270745600005e-05	0.0	0.00217815	0.0004362799999999	4.744337422499999e-06	1.9034023839999986e-07	0.0	0.0	0.0	0.0	0.0	0.0	0.0	0.0	0.0	0.0	0.0	0.0	0.0	0.0	0.0	0.0	0.0	0.0	0.0	0.0	0.0	0.0	0.0	0.0	0.0	0.0	0.0	0.0	0.0	0.0	0.0	0.0	0.0	0.0	0.0	0.0	0.0	0.0	0.0	0.0	0.0	0.0	0.0	0.0	0.0	0.0	0.0	0.0	0.0	0.0	0.0	0.0	0.0	0.0	0.0	0.0	0.0	0.0	0.0	0.0	0.0	0.0	0.0	0.0	0.0	0.0	0.0	0.0	0.0	0.0	0.0	0.0	0.0	0.0	0.0	0.0	0.0	0.0	0.0	0.0	0.0	0.0	0.0	0.0	0.0	0.0	0.0	0.0	0.0	0.0	0.0	0.0	0.0	0.0	0.0	0.0	0.0	0.0	0.0	0.0	0.0	0.0	0.0	0.0	0.0	0.0
55361.83691220847	2.7305346064677	3064932986.293968	7.455819237117716	67185.01007617188	5.611533203133149	4513825578.935317	31.48930488986578	55909.71148339277	116.5455999909318	3125895838.1562214	13582.876877246284	56106.2744614504	56855.099301187096	0.903126	20.689598	0.1065463999999997	0.0451415	0.0010389716	0.0098210589	0.0017642921	-0.0015575112	0.0211861367	0.0095021915	0.0104984485	0.0239584758	-0.00622538	0.0019489693	0.0401154098	0.0443648437	-0.0033085379	0.0115650241	0.008361805	0.0066863943	0.0047099456	-0.0032354898	0.0283492482	0.0023911326	0.0123393105	-0.0194884985	-0.0485169399	0.0052231075	0.0530444759	-0.0236205968	-0.0164080069	-0.0016468854	-0.0045927883	0.0025028332	0.0599085306	0.0298658392	-0.0059229992	-0.0054395674	-0.0392208076	-0.001281347	-0.0195063157	-0.0102277208	-0.0070160444	-0.035108591	-0.0125569962	-0.021420568	-0.020925049	-0.0242760395	-0.0071860843	-0.0188120108	0.036456144	-0.0065740311	0.0373043288	-0.0060125053	-0.0475230272	0.037278991	-0.0086945273	-0.0503184607	0.0171616517	-0.0049598465	0.0301002025	0.0358902739	-0.034118802	0.0252235065	0.0253274921	-0.0136741513	0.0019010847	-0.0158874549	-0.00764164	-0.0016796484	-0.0011609875	-0.0278099428	-0.0250996138	-0.0644510934	-0.0227929978	0.0043928268	-0.0115804256	-0.011700494	0.0032992813	-0.0105152551	-0.0059169568	-0.0170226904	0.0217843361	0.0562236406	0.0546228178	-0.0309893865	0.0038326158	-0.0137806855	-0.0129760702	0.0125860425	0.0022279325	0.0041572457	-0.0622593391	0.0191518734	-0.0320316499	0.0261431385	-0.0383400833	0.0229812998	0.0414689588	0.0117696034	0.0376287606	0.0489619968	0.0106583698	0.0077803154	-0.0017045048	-0.0019528214	-0.0060716818	0.0230661946	0.0490074719	0.0155741431	0.0287179449	-0.0453658937	0.011429183	0.0064427453	0.0481814549	-0.0030595599	-0.0032963098	-0.0305567541	-0.0009643132	-0.0121862007	0.0201117005	0.0544160611	0.0166498187	-0.0411659062	0.0235230468	0.0219098921	-0.0011012535	-0.00384424	0.005818629	0.0538628236	0.0399141962	-0.0069864991	-0.0106572009	-0.0387582575	0.0004783199	0.0157162136	-0.0064569209	-0.0089833756	0.0393680247	0.0091943991	0.0132383342	-0.0123543354	-0.0202504814	0.0106368185	0.0017063825	-0.0345525336	-0.0034823939	-0.0515488551	0.0123327854	0.0391835548	-0.032423908	0.0370729166	-0.0320009278	-0.0422334983	0.0195307094	-0.0331827737	-0.0196839776	-0.0175414777	-0.0231595677	-0.0042116022	0.0326034446	-0.0048265065	0.0132492884	-0.0067569087	-0.0030780429	-0.0074226226	0.0287413155	0.0033628682	-0.0587918996	0.0415368366	-0.0082704576	-0.0066926696	-0.0239914293	0.0023516616	0.0038272241	-0.0234210388	0.0470486653	-0.0307629064	0.0449621593	0.0120127948	-0.0501225125	0.0188629272	-0.0077382132	-0.0004716383	0.0033823379	-0.0020994842	0.0011342654	-0.0503776632	0.0212996662	-0.0630184836	0.0316690604	0.0040642087	0.02087006	-0.039386364	0.0166716027	0.0227060641	-0.0169944992	0.0481150697	-0.0032500845	-0.0009638876	0.0057994621	0.0086386401	0.0093933226	0.0736543292	-0.0022673564	0.0048938555	0.0516059388	-0.0149143467	0.00272226	0.0244342336	-0.0304906143	-0.0231499892	0.0121019354	0.0074682276	-0.0124378098	0.0081658455	-0.0340669793	0.0126590907	0.0009282386	0.046616986	-0.0266638905	0.0104275831	-0.0301992793	-0.0029877371	0.0125036138	0.0149006803	-0.0156619056	-0.0324623631	0.0381782189	0.004715398	0.0145243294	-0.0210684345	0.0329729175	-0.0101827356	-0.0092652395	0.0089744354	-0.0457703078	0.0365887872	-0.022625561	0.0057054516	0.0119602904	-0.0280629691	0.0404981621	-0.0476407421	0.0485572616	-0.0431279427	0.0320623308	-0.0168065656	-0.0006456115	0.0180134151	-0.0330270864	0.0437245227	-0.0487077002	0.0473253789	-0.0397582112	0.0269951331	-0.0107041222	-0.0069857861	0.0237627379	-0.0374341914	0.0462134553	-0.055452	0.0047499	2.256155001000001e-05	0.003074924304	-4.48597	-0.0112199999999997	20.1239268409	0.0001258883999999	-0.886175	-0.026004	0.000676208016	0.7853061306250001	-0.0184867	-0.0003857999999999	0.0003417580768899	1.4884163999999896e-07	-0.00469873	-0.0004948899999999	2.20780636129e-05	2.449161120999996e-07	0.00176739	-0.0004107599999999	3.1236674121e-06	1.6872377759999985e-07	0.0	0.0	0.0	0.0	0.0	0.0	0.0	0.0	0.0	0.0	0.0	0.0	0.0	0.0	0.0	0.0	0.0	0.0	0.0	0.0	0.0	0.0	0.0	0.0	0.0	0.0	0.0	0.0	0.0	0.0	0.0	0.0	0.0	0.0	0.0	0.0	0.0	0.0	0.0	0.0	0.0	0.0	0.0	0.0	0.0	0.0	0.0	0.0	0.0	0.0	0.0	0.0	0.0	0.0	0.0	0.0	0.0	0.0	0.0	0.0	0.0	0.0	0.0	0.0	0.0	0.0	0.0	0.0	0.0	0.0	0.0	0.0	0.0	0.0	0.0	0.0	0.0	0.0	0.0	0.0	0.0	0.0	0.0	0.0	0.0	0.0	0.0	0.0	0.0	0.0	0.0	0.0	0.0	0.0	0.0	0.0	0.0	0.0	0.0	0.0	0.0	0.0	0.0	0.0	0.0	0.0
55416.70779957635	54.870887367877	3071011503.343626	3010.814280538244	67370.50097265626	185.49089648437803	4538784401.306678	34406.87267857824	55898.9873840214	-10.724099371371269	3124696790.558984	115.0063073270456	56089.94240046682	56587.092708756085	0.968917	22.196785	0.1367148	0.0810966999999999	0.0055419846	0.0068501934	0.004992766	-0.003107074	0.0051922562	0.0098583115	0.0030603081	-0.0395038886	0.0286172714	0.0183689245	-0.0316914304	-0.0038413984	0.0352695222	-0.0163420349	0.0143255744	0.0324242344	0.0058476019	0.0325811569	0.0064169867	-0.0206040195	-0.0211532872	0.0075833395	-0.005637599	0.0391272922	-0.0350827562	0.0566112798	-0.0340873075	0.0400960327	-0.0102996243	0.0078490359	0.0399034319	0.0201514574	0.0257820145	-0.0420685988	-0.0055690962	0.0294317341	0.0071630699	-0.0244202229	-0.0026331224	0.0059571925	-0.0029934752	-0.0256974766	0.0003339428	-0.0123733415	-0.0360095906	-0.0360394435	-0.0409257666	-0.0254594807	0.0340117802	-0.042992742	0.0182889082	0.001355236	-0.015756118	-0.0313980972	0.0265369555	0.0058061605	-0.0235038435	0.043575058	-0.0159528552	-0.0822637263	-0.0264077279	-0.053719662	-0.0194721999	0.0288103252	-0.021944318	0.0513956258	-0.0011319426	0.0922349534	-0.0377791749	-0.0078477962	0.0234217031	-0.0210883714	-0.0364715346	-0.0358187666	-0.0100312402	0.0227988449	-0.035924143	0.045399273	0.0219541251	0.0020222794	-0.0045655676	-0.001033711	-0.0061557001	-0.0200708295	0.0114324289	0.0021256408	0.0434282599	0.0075919107	0.0361297613	0.0383922154	0.0079478779	-0.000266799	-0.0008480568	0.0094040515	-0.0175619766	-0.0267681403	-0.0225017002	-0.0070137432	-0.0065837761	0.0452014602	0.0199269044	0.050774433	0.0452966022	0.0368331027	0.0120376409	-0.0064863703	0.0062467738	0.0275442289	-0.0270774939	0.0014791913	-0.0088667331	0.012020561	0.0341088535	-0.0053487657	0.0185076157	0.0224882881	-0.0105892809	0.005379113	0.0254144516	0.0509892394	-0.0551440215	0.030107975	0.0382285521	-0.0012786857	0.013137828	0.0298423351	0.0279697287	0.0179981088	-0.0460176899	-0.0004712155	0.0322449629	-0.0011381548	-0.0287033321	-0.0106392003	-0.005457627	0.0073349089	0.024693325	-0.0039143309	-0.002342568	0.0273254566	0.0130362709	0.0340176184	0.0407721497	-0.0401647574	0.0461226195	-0.0117157771	0.0262800409	0.016166697	-0.0094696195	-0.0443543825	-0.0035336677	-0.0359948699	0.0274496312	0.005809746	0.0893551139	-0.0133192292	0.0334304213	-0.0210102996	-0.0416580063	-0.0135997999	-0.0436005753	0.029346441	-0.0895103522	0.0552212282	0.0071271537	-0.0117304625	0.0282594187	-0.0217325307	-0.0435660636	-0.0024778507	0.0359826452	-0.0207728721	-0.0424760008	0.0227941998	0.0275934187	-0.0075811105	0.0041938926	-0.0033254654	-0.0217604861	0.0133065666	-0.0163300665	0.0554768026	0.0023147359	0.0298172855	-0.0146615173	-0.0129453649	0.0214225349	0.0057160163	0.0096690415	0.0169695128	-0.0238796883	0.0104457781	0.0039058246	-0.021558716	-0.0128101415	-0.0564205538	-0.0334677564	-0.0524381215	-0.0366243916	0.0149529769	0.019943385	0.0276513001	-0.0177323316	0.015242395	0.0057701136	0.0193758094	0.0206695835	-0.0196381368	0.0160427314	0.0100259604	-0.0233990116	-0.0067965953	-0.0166027105	0.0025951106	0.0373299526	-0.018928649	0.0667725399	-0.0167506204	-0.022204558	0.0068914813	0.0133964323	-0.0497284784	-0.0003871838	0.0217617993	-0.0122531047	-0.0011452829	-0.0106714768	0.0120397727	0.008028957	-0.0049906248	-0.0107901808	0.0141954476	-0.0458355703	0.036832953	-0.0231148951	0.0064376142	0.0110638251	-0.0271488476	0.0397582112	-0.0472776357	0.0487444668	-0.0439709173	0.0335681082	-0.0188678315	0.0017520508	0.0155880314	-0.0309324975	0.0423169129	-0.0482838183	0.0480693164	-0.0417008682	0.0299937775	-0.0144468132	-0.0029496658	0.0199685217	-0.0344309608	0.0444854679	-0.0544597	0.0009923	9.84659290000003e-07	0.00296585892409	-4.56088	-0.07491	20.8016263744	0.0056115081	-0.8686819999999998	0.0174930000000002	0.000306005049	0.7546084171239997	-0.0182751	0.0002115999999999	0.00033397928001	4.4774559999999697e-08	-0.0042115	0.0004872299999999	1.773673225e-05	2.3739307290000002e-07	0.00193495	0.0001675599999999	3.7440315025e-06	2.8076353599999996e-08	0.0	0.0	0.0	0.0	0.0	0.0	0.0	0.0	0.0	0.0	0.0	0.0	0.0	0.0	0.0	0.0	0.0	0.0	0.0	0.0	0.0	0.0	0.0	0.0	0.0	0.0	0.0	0.0	0.0	0.0	0.0	0.0	0.0	0.0	0.0	0.0	0.0	0.0	0.0	0.0	0.0	0.0	0.0	0.0	0.0	0.0	0.0	0.0	0.0	0.0	0.0	0.0	0.0	0.0	0.0	0.0	0.0	0.0	0.0	0.0	0.0	0.0	0.0	0.0	0.0	0.0	0.0	0.0	0.0	0.0	0.0	0.0	0.0	0.0	0.0	0.0	0.0	0.0	0.0	0.0	0.0	0.0	0.0	0.0	0.0	0.0	0.0	0.0	0.0	0.0	0.0	0.0	0.0	0.0	0.0	0.0	0.0	0.0	0.0	0.0	0.0	0.0	0.0	0.0	0.0	0.0
55388.91417408649	-27.79362548985955	3067931813.384319	772.4856178705705	67204.34588964844	-166.15508300781948	4516424106.455506	27607.511609335383	55883.814674126574	-15.172709894824948	3123000742.5321245	230.2111255525189	56084.43375542638	56979.375941368206	0.942945	21.601803	0.0913334	0.0551628	0.0021884085	0.0059653298	-0.0030039454	-0.0010371066	0.0195566271	0.0053256611	-0.002152915	0.0313739637	-0.0046816644	-0.0247427212	0.0094748026	0.0196577622	0.0220428655	-0.0081091578	-0.0207842483	-0.0128138486	-0.0421412944	0.000613294	0.0115856184	-0.0014202022	0.0012734116	-0.026385081	-0.0336230256	-0.0178316214	0.0277162885	0.0121486137	0.0401367372	-0.0295934599	-0.006014697	-0.0207919713	-0.040707823	0.0026182492	-0.0043765798	-0.0236420112	0.0530006759	0.0135569963	-0.0435759339	0.0409023646	0.0135336646	0.007279221	0.0164587261	-0.0456601265	0.0128184122	0.0650811731	0.0292356652	-0.0267263632	0.0262357157	0.0092067724	0.0117538447	0.0343038503	0.0090753454	-0.0091311779	-0.0147311066	0.020904907	-0.0274514545	0.0171530344	0.0422251422	0.0132510827	0.0634546283	0.0411436743	-0.0235172825	-0.0043310355	0.0358476551	-0.035162609	-0.0159824267	0.0111094259	0.0817749843	-0.0021428635	0.017062954	-0.0276505131	0.0077232669	-0.011509957	0.007401055	-0.0060202224	-0.0656523452	0.0291723541	-0.002228818	-0.0239817286	0.0189848115	-0.0028223269	-0.0253535764	-0.0174952613	-0.0069845879	-0.0418031853	0.0329695419	0.0211622265	-0.0416379374	-0.0337591516	0.018336732	-0.0793492107	0.007618818	0.0034851636	-0.0166283311	0.027705818	-0.0170535368	0.0035378952	0.0296617823	-0.0191659003	0.0574749722	-0.0365342906	0.0466462793	0.0070558541	0.0008869721	-0.0001250156	0.0179146426	0.0149820485	-0.0246022681	-0.0440787318	0.0033344952	0.0306713683	-0.0304509677	-0.0335723545	-0.0003369646	-0.0139231606	0.0008587749	-0.0024670358	0.0278094854	0.033243422	-0.0127039001	-0.0298794265	-0.013349434	-0.0373841428	-0.027450053	-0.0133744466	-0.0287083921	-0.038273502	-0.004097332	-0.003998408	-0.0170099484	0.0563772559	0.0110171869	0.0361076216	0.0441507791	0.0126700439	0.0040375669	-0.0066742283	0.0497834576	0.0570515379	0.0018261051	-0.0208889822	0.0451591444	-0.0204169197	-0.0209950885	-0.0059750825	-0.0377726862	0.0040896412	0.0152779479	-0.0064963934	-0.0019577149	0.044063922	-0.002118428	0.0072082604	-0.0372098606	0.0581440657	-0.0406891852	0.0512846729	0.0056250747	-0.0387113284	0.0368448535	-0.0033021246	-0.0096870342	-0.0633014143	-0.0354734977	-0.0307655915	-0.0318781173	-0.0029544263	0.0080817786	0.0012036644	-0.009849132	-0.0619477219	0.023492364	-0.0019913995	0.0307420966	0.0206695472	0.0063194677	-0.0147332077	0.0102579295	-0.015985003	-0.0233634418	0.0556827783	0.035426729	-0.0509079998	-0.0139945534	-0.0191230945	-0.0507663832	0.0509291352	-0.0097442575	0.0165947098	0.0328841437	0.0126832054	0.0076179948	0.0126704814	0.0287407626	-0.0005517321	-0.0647173096	0.0426004047	-0.0012970594	-0.0002180233	0.0057765939	0.037455631	-0.0001844305	-0.0175526542	-0.0213883311	-0.0442540862	-0.0261080115	-0.0355808731	-0.0076138495	0.0458991325	0.0084924203	0.0123089446	-0.0043412493	0.002644772	-0.0318360323	0.0013968529	0.0091990343	0.0483926246	-0.0341586558	-0.0271454863	0.0357635411	0.0109926183	0.0284330002	0.0164297962	-0.0078598902	-0.0250291209	0.0357693031	-0.010557938	0.0142946092	0.0077359612	0.021198031	0.0014192468	-0.0118634332	0.0306871892	-0.0459001824	0.0370750283	-0.0236012772	0.0071683153	0.0101634351	-0.0262208584	0.0389906186	-0.0468715983	0.0488756528	-0.0447515066	0.0350162597	-0.0208905514	0.0041455125	0.0131193052	-0.0287391785	0.0407556328	-0.0476620031	0.0485923444	-0.0434300072	0.0328222635	-0.0180991493	0.0011067004	0.0160245105	-0.0311465121	0.0423632548	-0.0604221	-0.0059624	3.555021375999999e-05	0.00365083016841	-4.51567	0.0452099999999999	20.3912755489	0.0020439440999999	-0.8872149999999999	-0.018533	0.000343472089	0.7871504562249998	-0.0179649	0.0003102	0.0003227376320099	9.622404000000005e-08	-0.00421282	-1.319999999999967e-06	1.77478523524e-05	1.7423999999999129e-12	0.00181391	-0.0001210399999999	3.2902694881e-06	1.4650681599999998e-08	0.0	0.0	0.0	0.0	0.0	0.0	0.0	0.0	0.0	0.0	0.0	0.0	0.0	0.0	0.0	0.0	0.0	0.0	0.0	0.0	0.0	0.0	0.0	0.0	0.0	0.0	0.0	0.0	0.0	0.0	0.0	0.0	0.0	0.0	0.0	0.0	0.0	0.0	0.0	0.0	0.0	0.0	0.0	0.0	0.0	0.0	0.0	0.0	0.0	0.0	0.0	0.0	0.0	0.0	0.0	0.0	0.0	0.0	0.0	0.0	0.0	0.0	0.0	0.0	0.0	0.0	0.0	0.0	0.0	0.0	0.0	0.0	0.0	0.0	0.0	0.0	0.0	0.0	0.0	0.0	0.0	0.0	0.0	0.0	0.0	0.0	0.0	0.0	0.0	0.0	0.0	0.0	0.0	0.0	0.0	0.0	0.0	0.0	0.0	0.0	0.0	0.0	0.0	0.0	0.0	0.0
55412.644443685385	23.730269598898303	3070561164.2422967	563.1256952363971	67485.83555273438	281.4896630859439	4554338000.250708	79236.4304242382	55873.53405879775	-10.28061532882566	3121851808.219632	105.69105153928516	56066.99433389332	56831.24466584441	0.934803	21.415285	0.0457105000000002	0.0327871	0.0040066211	0.0074590795	0.0023926023	-0.0040568604	0.0280324799	-0.0073785811	-0.0131669258	-0.0392326042	0.0193201968	0.0432182397	0.0179933338	0.0075034502	0.0098218293	0.0163667231	0.008234964	-0.0063717775	0.0347965902	0.0014673683	-0.006468708	-0.0224986428	0.0016717957	0.0308422022	0.0014028409	0.0284313516	0.0039331127	-0.0028649988	0.0003690174	0.0506759202	0.0272559969	-0.0295958441	0.0446591108	0.0187348904	-0.0038629941	0.0036147247	0.0198889085	-0.0081569337	0.002033957	-0.0048032303	0.0191305451	0.01481625	0.0512805145	0.0065555552	-0.0176019898	-0.0166850273	0.0082521714	0.0142088604	-0.0109355012	0.0006081406	0.0173357203	-0.0488126569	-0.0271142851	0.0204763437	0.0311433722	-0.0146134245	0.0528558993	0.017993076	0.0097462567	0.0272473137	-0.010228011	-0.0621201534	0.0250472365	0.0762532269	-0.0308408088	0.0163923947	0.058270679	0.0227546384	-0.0575300433	0.0523529247	-0.0394330623	-0.0051254078	0.0368984915	0.0193154727	0.0048602117	-0.0006792402	0.0129324512	-0.0443477172	0.0011256246	0.0030777899	0.0278518083	-0.0184323416	0.0523906669	0.0197791894	0.0064941082	-0.0235505738	-0.0638504958	0.0473151013	-0.0001573578	0.0208470354	-0.0271823947	0.0107414302	0.0467410725	-0.0013806543	-0.0570933961	0.027504946	-0.0333604196	-0.0134048684	-0.0168771966	0.0549558408	0.0034893902	0.0200103093	0.0416655706	0.0478047203	0.0445108112	-0.0031215765	-0.0108924004	-0.0483511944	0.0302865158	-0.0573465801	-0.0304805918	-0.0003607368	-0.0193929555	-0.066533682	0.0032975465	0.0073700684	0.0237325023	-4.45979e-05	-0.0331506201	0.0039734759	0.0317888262	0.0073686212	0.0025197916	-0.0054236677	0.0494381162	0.0337205373	-0.0179384561	0.0428046593	0.0227997162	0.0012523497	0.0015341558	0.0154993637	-0.00654855	0.000244064	-0.0022488941	0.0225209081	-0.0236273818	-0.0473230467	-0.0030409603	-0.0051560081	-0.013792973	-0.0168744258	-0.0227802567	0.0151053135	0.0019221372	-0.0192068502	0.0538045693	0.0110356243	-0.0312929656	0.0045287087	0.021434772	-0.0705500699	0.0047632786	-0.0203362874	-0.0035957735	0.0158739793	0.0519362491	-0.0431490365	-0.0581918732	0.0522280011	0.0095902693	0.0662719047	-0.0218421861	0.057517903	-0.0158445541	0.0516775501	0.0073205119	-0.021852441	-0.0085363477	-0.0107124421	-0.0028911142	0.0199721734	-0.0289733235	-0.0195085556	-0.0009571905	-0.0043057584	0.0178871148	0.0555366012	-0.0351464916	0.0147793753	-0.0483252386	-0.0584995277	0.0516158648	-0.0083491523	-0.0138678988	-0.008773013	0.0248161593	0.0078084872	0.0453406745	-0.0203383838	0.0563678993	0.0284284593	-0.0229965754	-0.016726658	-0.0406342242	0.0187954328	-0.06133484	-0.0236056447	-0.0452997426	-0.0196906647	-0.0427659975	-0.0047577069	0.0221455177	0.03720629	0.0034942884	-0.0830727132	0.0295026867	-0.0514025525	0.0023244932	-0.0264741478	0.005194681	0.0102597535	0.0044233678	0.0152952732	-0.0233735556	0.001966488	0.0469921713	0.0094909658	-0.0003699916	0.0313099692	-0.0417870403	0.0206828277	-0.0124860794	-0.0432198197	-0.0007471093	0.0303625035	0.0248368953	0.013002891	-3.93179e-05	-0.0226427241	0.0100244627	0.0175259071	-0.0257364455	0.026146749	-0.0459641431	0.0373149993	-0.0240846454	0.007897389	0.0092594399	-0.0252794756	0.0381959179	-0.0464229987	0.0489506689	-0.0454686032	0.0364042993	-0.0228705931	0.0065290352	0.0106141007	-0.02645413	0.0390463521	-0.0468448038	0.0488920593	-0.0449367745	0.0354645447	-0.0216382877	0.0051554705	0.0119602904	-0.0276076712	0.039865623	-0.0638571	-0.003435	1.1799225000000004e-05	0.00407772922041	-4.51422	0.0014500000000001	20.3781822084	2.102500000000503e-06	-0.890224	-0.0030090000000001	9.054081000000905e-06	0.792498770176	-0.0179776	-1.2700000000000903e-05	0.00032319410176	1.61290000000023e-10	-0.00484208	-0.00062926	2.3445738726400004e-05	3.959681476000005e-07	0.00169954	-0.0001143699999999	2.8884362116e-06	1.3080496899999982e-08	0.0	0.0	0.0	0.0	0.0	0.0	0.0	0.0	0.0	0.0	0.0	0.0	0.0	0.0	0.0	0.0	0.0	0.0	0.0	0.0	0.0	0.0	0.0	0.0	0.0	0.0	0.0	0.0	0.0	0.0	0.0	0.0	0.0	0.0	0.0	0.0	0.0	0.0	0.0	0.0	0.0	0.0	0.0	0.0	0.0	0.0	0.0	0.0	0.0	0.0	0.0	0.0	0.0	0.0	0.0	0.0	0.0	0.0	0.0	0.0	0.0	0.0	0.0	0.0	0.0	0.0	0.0	0.0	0.0	0.0	0.0	0.0	0.0	0.0	0.0	0.0	0.0	0.0	0.0	0.0	0.0	0.0	0.0	0.0	0.0	0.0	0.0	0.0	0.0	0.0	0.0	0.0	0.0	0.0	0.0	0.0	0.0	0.0	0.0	0.0	0.0	0.0	0.0	0.0	0.0	0.0
55499.020266669904	86.37582298451889	3080141250.560237	7460.782796252942	68159.13133984375	673.2957871093677	4645667185.00207	453327.2169392229	55972.795314766685	99.2612559689369	3132953815.3487678	9852.79693653081	56174.036598328974	57028.13778218852	1.109282	25.412392	0.3897933999999997	0.234485	-0.0008178667	-6.68817e-05	0.000884875	-0.0017921344	-0.0085594631	0.0172572576	-0.0333871205	0.0122510478	0.0334859046	0.0028260736	0.0123940748	-0.0814895352	-0.0045220219	-0.0358129551	-0.0029124991	0.0753013699	-0.0039825401	0.004314052	0.0579168032	-0.0662404335	-0.0717421164	-0.0420747211	-0.0124077064	0.0040958379	0.0044316071	0.0221761508	0.0145881765	-0.0453107139	-0.0351112547	0.0194552911	-0.0324473208	0.0423194765	0.0160695628	0.0201031996	0.0600360856	0.0098869218	0.007334511	-0.0309916063	0.0139924025	0.0432818567	0.0274914268	0.0113229438	0.0015251444	-0.0804065894	-0.0076282535	0.014393344	0.011324903	0.016332703	-0.0685542707	0.0231001849	-0.0981251834	-0.0036961439	-0.0120011635	-0.053255829	-0.0190484191	-0.0147750808	0.0135462917	-0.0889831979	0.0759057052	0.0018006842	-0.0176113204	-0.0230788966	-0.0832958214	-0.0042392875	0.0069956238	0.0147541844	-0.0306766782	0.0427374289	0.0335153031	0.0111956863	-0.0753131971	-0.0236873875	0.0168045785	0.0480919503	-0.0195123718	-0.0212583162	-0.0389271257	0.0407633027	-0.0303254631	-0.0281630379	-0.0483827321	0.033363268	-0.0262965092	-0.0303278986	0.0078844812	-0.0159734537	0.0025287007	0.0106791424	0.0577350336	0.0216082107	-0.0268815175	-0.0622543363	0.0294507144	0.0028774875	-0.0219321069	0.0172696167	0.0134861225	0.0088632869	0.0037368589	0.0091801698	-0.0132082799	-0.0283691654	-0.0337530464	0.0395033495	-0.0077690252	-0.0288936994	-0.0376295374	0.0605635349	0.0403852697	0.0091334363	-0.0364486362	0.033037933	0.0037670223	-0.0578410244	0.0630863797	0.0761943588	0.0436231342	0.0109771517	-0.0032588741	0.0014129239	-0.0184188875	-0.0050127081	-0.0450736258	-0.0456779629	0.0133893926	-0.0393881021	0.0409426661	0.0186965544	0.0280370225	0.0548916816	0.0036855779	-0.0015457126	-0.0361607111	0.0260850727	-0.0464764404	-0.0365397158	0.0013609184	-0.0790502058	0.0096193956	0.0213068278	-0.0188866494	-0.0008142092	-0.0276880393	0.0562134241	-0.0219808977	0.0886767063	-0.0553356752	-0.007293991	-0.0725858286	0.0278587389	-0.0256581692	0.060467295	-0.0403878741	0.0240665609	-0.0040324234	-0.0106406957	0.0454837629	0.0503993225	-0.0313880888	0.0177249479	-0.0093898668	0.034549448	-0.0375185991	0.0092839186	0.0398961339	0.0708939243	0.0113912057	0.0321909777	0.0538851779	-0.0329670504	-0.0204945952	-0.0192260937	-0.0740900633	0.0028617182	-0.0301064999	-0.0112608544	0.0461086515	-0.0269277091	-0.0286252486	0.0074309191	-0.0143491144	0.0211767726	0.0089158774	0.0495721288	-0.0080743257	-0.0128206497	-0.0703357897	0.0223982411	0.0100106621	0.0303040083	0.0343877723	-0.0130267232	-0.0010301979	0.0202821356	0.0019170945	-0.009539605	0.0368519565	-0.011590778	0.032632924	-0.0474799524	0.0478273751	-0.0345297701	-0.0006881533	0.0661143391	-0.0482132983	0.0134766543	0.0302927213	0.0017343169	0.0184203383	0.0084408867	-0.0772357824	-0.1043013366	0.0136748753	-0.0337376056	-0.0273278847	0.0024323942	0.0446967382	0.0165348677	0.006793568	0.0442215635	-0.0089978325	0.0259648056	0.0453090297	-0.0392478699	-0.0131823676	-0.0227942037	0.0113844545	0.0064325148	0.0098666273	0.0209550498	-0.0297045239	-0.0184692323	-0.0460274517	0.0375528523	-0.0245649379	0.0086246698	0.0083521601	-0.02432518	0.0373746616	-0.0459322442	0.048969429	-0.0461211897	0.0377298441	-0.0248039116	0.0088969041	0.0080793838	-0.0240846454	0.0371952777	-0.0458355703	0.0489670838	-0.0462134553	0.0379056313	-0.0250420933	0.0091688544	0.0078063495	-0.0238433419	0.0370147062	-0.0625402	0.0013168999999999	1.734225609999989e-06	0.00391127661604	-4.70839	-0.1941699999999997	22.1689363921	0.0377019888999998	-0.766928	0.1232959999999999	0.0152019036159999	0.588178557184	-0.0178081	0.0001694999999999	0.00031712842561	2.8730249999999838e-08	-0.00406842	0.00077366	1.65520412964e-05	5.98549795600001e-07	0.00217659	0.0004770499999999	4.7375440281e-06	2.2757670249999998e-07	0.0	0.0	0.0	0.0	0.0	0.0	0.0	0.0	0.0	0.0	0.0	0.0	0.0	0.0	0.0	0.0	0.0	0.0	0.0	0.0	0.0	0.0	0.0	0.0	0.0	0.0	0.0	0.0	0.0	0.0	0.0	0.0	0.0	0.0	0.0	0.0	0.0	0.0	0.0	0.0	0.0	0.0	0.0	0.0	0.0	0.0	0.0	0.0	0.0	0.0	0.0	0.0	0.0	0.0	0.0	0.0	0.0	0.0	0.0	0.0	0.0	0.0	0.0	0.0	0.0	0.0	0.0	0.0	0.0	0.0	0.0	0.0	0.0	0.0	0.0	0.0	0.0	0.0	0.0	0.0	0.0	0.0	0.0	0.0	0.0	0.0	0.0	0.0	0.0	0.0	0.0	0.0	0.0	0.0	0.0	0.0	0.0	0.0	0.0	0.0	0.0	0.0	0.0	0.0	0.0	0.0
55504.88531989963	5.865053229725163	3080792294.3752093	34.398849387509564	67357.82058691407	-801.3107529296831	4537075994.2189045	642098.9227607356	55866.194485160784	-106.6008296059008	3121031686.253809	11363.736872666295	56062.97440309824	57371.70519163454	1.12148	25.691837	0.3446649999999998	0.18557	-0.0032900497	0.0082952026	-0.0036347315	-0.0052729712	0.0137229177	-0.006372939	-0.0179218585	-0.0421037326	-0.0072458555	-0.0061036101	0.0037092766	0.0519357281	-0.0139717706	-0.012443906	-0.0214789369	0.0335329031	-0.0362491561	-0.0269013559	0.0056941027	-0.0045928588	0.0174779543	0.0071952705	-0.0581564496	-0.0855272227	-0.0087802577	-0.0085297974	-0.0951662478	0.0842739888	-0.0291305845	-0.0199793435	0.0378878091	0.0107680521	-0.0010984409	0.0105957935	-0.0020998052	0.0807715426	0.070974318	0.0171326428	0.0006545675	-0.0213589466	-0.0043146298	-0.0095402699	0.1008170807	-0.0128506264	-0.0111662339	0.0144016796	0.0191863941	-0.0177561068	0.0455876922	-0.0176615277	0.0179753944	-0.0338926782	0.0417042309	0.0222424622	0.0443127723	-0.0242196438	0.0147865872	0.0315557278	0.0288906822	0.0573820327	-0.0830932516	0.0648148217	0.0422339037	-0.0474393436	-0.0130818043	-0.0102626478	0.0009572958	-0.0752061515	0.0857006806	0.0051130596	0.0025876645	-0.0003118703	0.0803223422	0.0283328098	0.001270369	-0.0149064172	-0.0357794101	0.0389789329	-0.003164006	-0.0175957179	0.0056794198	-0.0110260234	0.0602292081	0.0283653793	-0.0206649387	0.0198112137	0.0047534618	-0.0301998474	0.0309661896	0.0013392519	0.0063704221	0.0200459973	0.0985198656	0.0496409785	0.0600607292	-0.0751882711	-0.0027082714	-0.0191207949	-0.0867782379	-0.0233373932	0.0430801806	-0.0122924749	-0.013779464	0.0091871139	0.0433948268	0.0528263454	0.0150825302	-0.0001253497	0.0273552291	0.0035047276	0.0491515916	0.0110877379	-0.0266937786	-0.0034039177	0.0041579323	-0.0156973376	-0.0062925979	0.0462167982	-0.0886312369	-0.0120722503	0.0011622707	0.0902654233	0.0920141327	-0.0019937747	-0.0167871797	0.0354443127	0.0227675397	-0.0101345197	0.0056723707	0.0003922647	0.0807081114	-0.069204945	0.0082437506	-0.0052506678	0.0147540652	0.0090341581	0.0169582714	0.0041081489	0.1003908471	0.0157632237	-0.0199099621	-0.024776365	0.0136325093	-0.0337472701	0.0117868008	-0.0102614039	0.014318756	-0.0561308233	0.0238889536	-0.0352534195	0.0185920808	0.0380184878	-0.0160355318	0.0259990926	-0.0258293346	0.1142461226	-0.022960347	-0.0043873031	0.0731189632	-0.0116586817	-0.0034397322	-0.0078443472	0.0550646941	-0.0861710004	-0.0047281608	-0.0288386068	-0.0041803515	0.0785054879	0.0601366461	-0.0014038549	0.0026871778	-0.0256856311	-0.0497881395	0.0068796645	0.0032820006	-0.0011501665	-0.0142594507	0.0475007734	0.023336198	-0.0404553029	0.0287031088	0.0194966068	0.0271693187	0.0301118777	-0.0111866219	0.0301650001	-0.0168783139	0.0689422457	-0.0392684312	-0.0400079414	0.0051169517	0.07519169	-0.0789459043	-0.0917283988	0.031136766	0.0289819368	0.0075674163	-0.0041002176	0.0047083893	0.0532902386	-0.0352818791	0.0116612123	0.0268536234	0.0271147506	-0.0047158233	0.0065188001	-0.024572438	-0.014127539	0.0056922701	0.0241881256	-0.0127466658	-0.0081447359	-0.0287147889	0.0591422637	-0.0274364996	0.0299804395	0.0330184463	-0.0817698024	0.0175199445	0.0316766294	-0.0198065962	0.0064981917	0.0373424826	0.023898487	0.0144341903	0.057289359	-0.0763172697	0.0260633768	-0.0086759161	0.0443764309	0.0595986268	0.03654898	-0.0460901072	0.0377885739	-0.0250420933	0.0093499925	0.0074419176	-0.023358459	0.0365274207	-0.0453997805	0.0489319113	-0.0467083402	0.0389906186	-0.026686557	0.0112434423	0.005522202	-0.0216382877	0.0352091317	-0.0446384398	0.0488170731	-0.0472535125	0.0401316745	-0.0282892778	0.0131193052	0.0035938487	-0.0198842699	0.0338357689	-0.0616652	0.000875	7.656250000000014e-07	0.00380259689104	-4.58545	0.1229399999999998	21.0263517025	0.0151142435999999	-0.8764889999999999	-0.1095609999999998	0.0120036127209999	0.7682329671209998	-0.0173585	0.0004496	0.00030131752225	2.0214016000000125e-07	-0.00499117	-0.00092275	2.49117779689e-05	8.514675624999999e-07	0.00132316	-0.0008534299999999	1.7507523856000002e-06	7.283427648999997e-07	0.0	0.0	0.0	0.0	0.0	0.0	0.0	0.0	0.0	0.0	0.0	0.0	0.0	0.0	0.0	0.0	0.0	0.0	0.0	0.0	0.0	0.0	0.0	0.0	0.0	0.0	0.0	0.0	0.0	0.0	0.0	0.0	0.0	0.0	0.0	0.0	0.0	0.0	0.0	0.0	0.0	0.0	0.0	0.0	0.0	0.0	0.0	0.0	0.0	0.0	0.0	0.0	0.0	0.0	0.0	0.0	0.0	0.0	0.0	0.0	0.0	0.0	0.0	0.0	0.0	0.0	0.0	0.0	0.0	0.0	0.0	0.0	0.0	0.0	0.0	0.0	0.0	0.0	0.0	0.0	0.0	0.0	0.0	0.0	0.0	0.0	0.0	0.0	0.0	0.0	0.0	0.0	0.0	0.0	0.0	0.0	0.0	0.0	0.0	0.0	0.0	0.0	0.0	0.0	0.0	0.0
55458.00029652428	-46.88502337534737	3075589796.8892875	2198.2054169068697	67428.07241113282	70.2518242187507	4546544949.080971	4935.318806062247	55945.643875800895	79.44939064011123	3129915068.6779385	6312.2056730849945	56152.86035806672	57171.21410466974	1.003704	22.993732	0.1638651000000001	0.0835522999999999	0.0023260296	0.0025197042	-0.0016501549	-0.0010385233	0.0354563475	-0.0084507302	-0.0127149094	0.0092533885	0.0022992568	-0.0182053822	0.0364470799	0.0211619666	-0.0006262376	0.0226284184	0.0431024386	-0.0316843783	0.0155716256	-0.0242526489	0.0144647859	0.008388141	-0.0003394774	0.0376856914	-0.0218912343	0.0424299994	0.0293813197	0.0135997422	-0.0254319641	1.39682e-05	0.0134907819	-0.0229810685	-0.0107031822	-0.0107040049	0.0429653807	-0.005628795	0.0032487466	0.0474006701	-0.0072807582	0.0019170468	-0.0349639136	0.0410105588	-0.0154042802	0.0462876308	-0.042385626	-0.0240720687	-0.0186972803	0.0205762617	0.0050168017	0.0360673751	-0.0180001164	-0.0496932699	-0.0303425712	-0.0301078456	0.0064545473	-0.012176188	0.0004855327	-0.0027007833	0.0109014731	0.0108420173	-0.0345608989	0.0001948319	0.0199136679	0.0017804338	-0.0335078357	-0.003092257	0.0006014436	0.0135876124	-0.0209892937	0.0137171031	-0.0150584333	-0.0177697426	-0.0008764971	0.0322969336	-0.0374734284	-0.0444956593	0.020629406	0.0224967745	-0.0162129902	-0.0176768598	-0.0435771024	-0.0586450322	-0.0202503813	0.0455647127	0.0206652178	-0.0425961114	0.0385607269	0.0214783669	-0.0369289056	0.033866047	-0.005301221	0.0202142887	0.0499693713	-0.0341681588	0.0069255073	0.0269969289	0.0047908986	0.0370128656	0.0255921331	-0.0080742175	-0.006987371	0.0193937869	-0.0492051973	-0.0088472687	-0.0041136884	0.0070570849	-0.0267796314	-0.0546121914	0.012140616	-0.0014707603	-0.0197107213	-0.022772323	0.0690917769	-0.0141961973	-0.0257267757	-0.0138467031	-0.0092721901	0.0016311506	-0.0385692441	0.0280837296	0.0430773631	-0.0086223695	-0.013157245	0.0273471584	-0.0001086841	0.0111647626	-0.0221719161	-0.0107996698	-0.0154133106	0.0446565531	-0.0103910648	0.0014386198	0.0486819515	0.0098734228	0.0076767102	-0.0301575419	-0.0423157388	0.0060173226	-0.050882125	-0.0270925246	-0.042160951	0.0213452625	-0.0290277915	0.0123756943	-0.0397796992	0.0112090735	0.0436976656	0.0294581738	0.0013712608	-0.0221137923	-0.0013707372	-0.0118435859	0.0132682548	-0.0277933945	-0.0063442965	-0.0271472536	-0.0025398212	-0.0240691564	0.0175634753	0.0282127559	0.0022994356	0.0063801224	-0.0180433978	0.022291417	-0.0061081055	0.0181265724	-0.0104619998	0.0067310708	-0.0312986861	-0.0245891742	-0.0443153444	0.0286154716	0.0346835928	-0.0023286258	-0.0197341945	0.0116005062	-0.0702229752	0.0033020613	0.0416469524	0.0125266031	-0.0259227696	0.0340247143	0.0489360811	-0.0247499803	0.0123423352	0.0425965118	0.0616122848	0.0175111693	-0.0026041289	0.0118456776	0.0320921287	0.0052254764	0.0317688966	0.0040237119	0.0340680896	0.0278442593	0.0395003802	-0.0178158633	0.0049832637	-0.0011572271	0.0008945955	-0.0433669794	0.0382514164	0.0117225367	0.0114475938	-0.011930207	0.0313894075	0.0153129881	-0.0645710904	-0.0108819923	-0.0005732544	0.013243161	0.015727968	0.0245151284	-0.0306257834	0.0039867469	0.0528972635	0.028572548	-0.0214483878	0.0101387557	-0.0146132032	0.0383547669	-0.0346999752	-0.0162156886	-0.0155418158	-0.0251562744	0.0599664377	0.0468633632	-0.0301067209	-0.0154390086	0.0060498776	0.035761271	-0.0236440805	-0.0006898429	-0.0461521087	0.0380221508	-0.0255160508	0.0100731925	0.0065290352	-0.0223798066	0.0356547843	-0.044826091	0.0488381591	-0.0472292216	0.0401844584	-0.0285146833	0.0135630238	0.0029496658	-0.019122865	0.0330951267	-0.0432583199	0.0484427166	-0.0480516209	0.0421300458	-0.0313595323	0.0169797078	-0.0006456115	-0.0157627911	0.0303569825	-0.0662778	-0.0046125999999999	2.127607875999995e-05	0.00439274677284	-4.50876	0.0766900000000001	20.3289167376	0.0058813561	-0.9003609999999999	-0.023872	0.000569872384	0.8106499303209997	-0.017893	-0.0005345	0.000320159449	2.856902500000003e-07	-0.00469873	0.0002924399999999	2.20780636129e-05	8.552115359999985e-08	0.00167003	0.00034687	2.7890002009e-06	1.203187969e-07	0.0	0.0	0.0	0.0	0.0	0.0	0.0	0.0	0.0	0.0	0.0	0.0	0.0	0.0	0.0	0.0	0.0	0.0	0.0	0.0	0.0	0.0	0.0	0.0	0.0	0.0	0.0	0.0	0.0	0.0	0.0	0.0	0.0	0.0	0.0	0.0	0.0	0.0	0.0	0.0	0.0	0.0	0.0	0.0	0.0	0.0	0.0	0.0	0.0	0.0	0.0	0.0	0.0	0.0	0.0	0.0	0.0	0.0	0.0	0.0	0.0	0.0	0.0	0.0	0.0	0.0	0.0	0.0	0.0	0.0	0.0	0.0	0.0	0.0	0.0	0.0	0.0	0.0	0.0	0.0	0.0	0.0	0.0	0.0	0.0	0.0	0.0	0.0	0.0	0.0	0.0	0.0	0.0	0.0	0.0	0.0	0.0	0.0	0.0	0.0	0.0	0.0	0.0	0.0	0.0	0.0
55463.9819787231	5.981682198820636	3076253296.936121	35.78052192768767	67619.614203125	191.54179199218925	4572412224.979465	36688.25807957909	55887.19666684297	-58.44720895792853	3123378751.278384	3416.07623497176	56091.15129378271	56820.00235262784	0.88649	20.308487	0.1443034000000006	0.0701818	0.0012406181	-0.0006685276	-0.0028340425	0.0009657697	0.0205576732	-0.0009905267	-0.0148229521	-0.0170448014	-0.0051585301	0.0297676539	-0.0360200595	-0.0029520681	-0.0006759043	-0.0136880361	0.0407826448	0.0010956256	0.005886551	0.0090869445	0.0035459418	-0.0298222145	0.007184548	0.0118788913	-0.0358926649	0.0598113104	-0.0549586193	0.0413251978	0.0166912765	-0.029730267	0.0411322116	-0.0017043311	0.0341365317	-0.0440399708	0.0062770979	0.0257008601	-0.008426761	0.0153387086	0.006490723	0.0077808082	0.0254434241	0.0052776288	-0.0367734238	-0.058323484	0.0352089901	0.0466806053	0.0282822641	-0.0229589159	0.0304833934	0.0055274889	-0.0152014993	0.0062944519	-0.031150486	0.0212913875	0.0287798438	-0.0018445099	0.0389704884	0.0075131727	0.0356331257	0.0460034472	-0.0427154796	0.0389292086	0.0022561868	0.0062470411	0.0222729021	0.0092364494	0.0245827244	-0.0366550834	-0.0075313645	-0.0026508652	0.0120996824	0.000260928	0.0236143998	-0.0118569815	-0.0311106579	-0.0163005391	-0.0105166304	-0.001261961	0.0052559153	0.0206489769	0.0050239972	0.0486336605	-0.002798561	0.0430245339	-0.0027913721	-0.0191756295	-0.0182135193	-0.0278557126	-0.0454617438	0.0200177859	0.0111748303	0.0192457548	-6.51561e-05	-0.0442500776	0.0681866067	0.0054883757	-0.0001082855	-0.0284327579	0.0387636685	-0.0179063976	0.0284857771	0.0095666327	-0.0519593196	0.012955965	0.0725873341	0.0091343397	0.0201811629	-0.006021982	0.0183496209	0.0171730657	0.0104440466	0.041784825	-0.0164271041	-0.0206639577	0.0091678266	-0.0035592441	0.0278659916	-0.0052259733	-0.0163298149	0.0321577249	0.029964702	0.0770907727	-0.0379360524	-0.0193860819	-0.0377266377	0.0310978386	0.0049366067	0.0382878939	-0.0392002826	0.0136919347	0.0213843057	-0.0093624327	0.0189275517	-0.0089751324	0.0095967217	0.0175221888	0.0012380579	0.0472380872	0.053254703	0.0446239535	0.0218917413	-0.023317457	0.0267902205	-0.0327905676	-0.0254590685	0.0109885716	-0.0038181722	0.0266157744	-0.0160854203	0.0180308747	0.0322493721	-0.0580473489	0.0287441008	-0.041128927	-0.0236093102	-0.0191440474	-0.0260170962	0.0248993946	-0.0094526821	-0.0094951181	-0.0010393078	0.0097956278	0.0313350144	0.0038665706	0.0194196285	-0.017975104	0.0045213612	-0.0115911901	0.0240596644	-0.0280929787	-0.0214180289	-0.0048163672	0.0122842106	-0.0021072691	-0.0080089813	-0.0276937184	0.0413665588	0.0216261649	0.0351703117	0.014027125	-0.0206362644	-0.013725331	-0.0256853547	-0.0408144407	0.023346809	0.0438944978	0.0324361919	-0.0118256005	-0.0452117489	0.0329025426	-0.0277545639	0.0176228611	-0.0175560563	0.0516807098	0.0591548758	0.0341970156	0.0242269503	-0.0059140332	-0.0012061053	-0.0228750989	-0.0505995718	0.0099968587	0.0137292242	0.0273717748	-0.0210242485	0.002602188	-0.0395364457	-0.0263480551	0.014318268	-0.0357811425	-0.0046900989	0.0123902801	0.0071930527	-0.008551328	-0.0036575946	0.024704594	0.0307265205	-0.010471644	0.0577705351	-0.0203625709	-0.028828377	0.0121241771	-0.027333339	-0.0182980401	0.007777967	0.0156093378	0.0307357389	0.0018270117	-0.022232283	0.0306454852	0.0170712141	0.0028796629	0.0095674653	-0.0289300958	-0.0462134553	0.0382535695	-0.0259867497	0.0107941057	0.0056138368	-0.0213897225	0.0347573591	-0.0442116967	0.0486882801	-0.047683095	0.0413093142	-0.0302845558	0.0158500872	0.0003689281	-0.0165464061	0.0308609395	-0.0417008682	0.0478457346	-0.0486036939	0.0438894081	-0.0342336544	0.020723565	-0.0048802286	-0.0115125682	0.0266091756	-0.0527529	0.0135249	0.0001829229200099	0.00278286845841	-4.54933	-0.0405700000000006	20.696403448900003	0.0016459249	-0.844225	0.0561359999999998	0.0031512504959999	0.712715850625	-0.0172375	0.0006554999999999	0.0002971314062499	4.296802499999998e-07	-0.00469873	0.0	2.20780636129e-05	0.0	0.00169598	2.5949999999999845e-05	2.8763481604e-06	6.73402499999992e-10	0.0	0.0	0.0	0.0	0.0	0.0	0.0	0.0	0.0	0.0	0.0	0.0	0.0	0.0	0.0	0.0	0.0	0.0	0.0	0.0	0.0	0.0	0.0	0.0	0.0	0.0	0.0	0.0	0.0	0.0	0.0	0.0	0.0	0.0	0.0	0.0	0.0	0.0	0.0	0.0	0.0	0.0	0.0	0.0	0.0	0.0	0.0	0.0	0.0	0.0	0.0	0.0	0.0	0.0	0.0	0.0	0.0	0.0	0.0	0.0	0.0	0.0	0.0	0.0	0.0	0.0	0.0	0.0	0.0	0.0	0.0	0.0	0.0	0.0	0.0	0.0	0.0	0.0	0.0	0.0	0.0	0.0	0.0	0.0	0.0	0.0	0.0	0.0	0.0	0.0	0.0	0.0	0.0	0.0	0.0	0.0	0.0	0.0	0.0	0.0	0.0	0.0	0.0	0.0	0.0	0.0
55403.20458153573	-60.77739718737576	3069515077.903501	3693.89200887203	67479.31638183593	-140.2978212890739	4553458139.359911	19683.47865846092	55903.5522470382	16.355580195231596	3125207153.8373294	267.50500352265203	56110.962951950525	57215.62952452821	0.959213	21.974495	0.0568332000000002	0.0376122	-0.0009637921	-0.0010084434	-0.0083882775	-0.000381114	0.0116614162	-0.0044823664	-0.0183019827	0.0403094806	-0.0044535264	-0.0353341864	0.0278187184	-0.0356594816	-0.0147066261	-0.0083493186	0.0245454982	-0.0167657117	-0.0183613283	-0.027650261	0.0228681198	0.0354216436	-0.0300745224	-0.014257028	0.0141479877	-0.0128578647	-0.0078363956	-0.0043279379	-0.0305221769	0.0191017214	0.0016053499	0.0730837344	-0.0270138729	0.0770219855	0.0495617854	-0.0420099799	0.047405284	0.0109486473	-0.026974559	-0.0219586285	-0.0161424369	0.0049061081	0.0136420232	0.0049487285	-0.0311199491	-0.0155927383	-0.0273159438	-0.0009292062	0.0050503452	0.0049545739	-0.056850759	-0.0042550463	-0.0655642003	-0.0443766587	0.0667962968	-0.0360662193	0.0183419092	0.050057743	-0.0153197717	0.0324774271	-0.0713999841	0.0074396766	-0.0380315054	0.0052406717	-0.0242315726	-0.0539204103	-0.0190694545	-0.0444834705	0.0131812577	0.0034296114	0.0435234142	-0.0066248468	-0.0105494458	0.0425406579	-0.0608504474	0.0293082536	0.0099178972	0.0167525267	0.0649063028	0.0449488912	0.0073577927	-0.0553148523	0.0246082276	0.0267374091	-0.0608905239	0.0273560865	-0.0056740657	0.0435582175	0.0514698959	-0.0187162983	0.0476937582	0.0321362097	0.0047210488	-0.0166256358	0.0360395865	0.0344325368	-0.0745807002	0.0461870209	-0.0398123758	-0.0820116798	0.0007284909	-0.0182335652	0.00193504	-0.0232898501	-0.0372711998	-0.004709109	0.0064679493	0.0118885224	0.0279617643	0.0137783199	-0.0037742214	0.0487847965	-0.0210952679	0.0567392523	-0.0296220175	-0.020837969	-0.0357594955	0.0298823635	0.0183556368	-0.0158094849	-0.013748788	-0.0013285942	0.0052810129	0.0331185981	0.0100395521	0.0049428057	0.0695187039	-0.0520346636	0.0754909619	0.0348160272	-0.03637137	0.0506466762	0.0082066398	0.0319830598	-0.0223301813	-0.0153031597	-0.0037589167	-0.0198436914	-0.0061978421	-0.0246632971	-0.028557676	0.0255328331	-4.10059e-05	-0.0020881039	-0.007815607	0.0495588159	-0.0055335619	0.0486219136	-0.0355644093	-0.0541675538	0.0015799566	-0.0516104382	-0.0106723891	-0.0896175401	-0.0027019262	-0.0532845568	0.0256116541	0.0452206372	0.0283358332	0.0348641331	0.0371323187	-0.0074743744	0.0336756223	-0.0003736022	-0.005904887	-0.0510793149	-0.0131712209	0.013235935	-0.0170260957	-0.0688876567	0.0168701185	0.0099901227	-0.0034512135	0.0871839075	-0.0517549526	0.0081353483	-0.0158750703	0.0344654105	-0.0323762763	-0.0647108648	-0.0005026231	-0.0333710824	0.0277706646	0.0693517364	0.025299064	0.03073253	-0.0204034463	0.0193231764	-0.0088321879	0.0361320514	0.0012114091	0.0767949522	0.0403636657	-0.059664316	0.0344956494	-0.07696881	0.0198327401	0.0168492508	0.0238813994	0.0257058219	0.0337416552	0.0087538204	-0.0002708642	0.0326718471	-0.0148863186	0.0142288612	-0.0666928859	0.059008949	0.0267508775	0.0253187159	-0.0055754738	0.0060566467	-0.0026440976	-0.0322066235	0.013275893	-0.0341360991	0.0303433354	0.0302474922	-0.0288695234	-0.0046767769	0.025631873	0.0521939949	-0.015062227	0.022303992	-0.0113974991	-0.0237456866	0.065768034	0.0142857983	-0.0123061514	0.0181091401	0.0057863446	0.0380725843	-0.0313350206	-0.0179265053	-0.0462741461	0.0384828171	-0.02645413	0.0115125682	0.004696647	-0.0203887125	0.0338357689	-0.0435571555	0.0484824465	-0.0480693164	0.0423632548	-0.0319925587	0.0180991493	-0.0022128355	-0.0139171345	0.0285146833	-0.0399724692	0.0470288708	-0.0489069049	0.0453997805	-0.0368936684	0.02432518	-0.0090782364	-0.0071683153	0.022625561	-0.0572116	-0.0044587	1.9880005690000025e-05	0.00327316717456	-4.54821	0.0011200000000002	20.6862142041	1.2544000000005197e-06	-0.809967	0.034258	0.001173610564	0.656046541089	-0.0172186	1.889999999999878e-05	0.00029648018596	3.5720999999995383e-10	-0.00442288	0.00027585	1.95618674944e-05	7.609322250000012e-08	0.00174116	4.518000000000013e-05	3.0316381456e-06	2.041232400000012e-09	0.0	0.0	0.0	0.0	0.0	0.0	0.0	0.0	0.0	0.0	0.0	0.0	0.0	0.0	0.0	0.0	0.0	0.0	0.0	0.0	0.0	0.0	0.0	0.0	0.0	0.0	0.0	0.0	0.0	0.0	0.0	0.0	0.0	0.0	0.0	0.0	0.0	0.0	0.0	0.0	0.0	0.0	0.0	0.0	0.0	0.0	0.0	0.0	0.0	0.0	0.0	0.0	0.0	0.0	0.0	0.0	0.0	0.0	0.0	0.0	0.0	0.0	0.0	0.0	0.0	0.0	0.0	0.0	0.0	0.0	0.0	0.0	0.0	0.0	0.0	0.0	0.0	0.0	0.0	0.0	0.0	0.0	0.0	0.0	0.0	0.0	0.0	0.0	0.0	0.0	0.0	0.0	0.0	0.0	0.0	0.0	0.0	0.0	0.0	0.0	0.0	0.0	0.0	0.0	0.0	0.0
55311.31714551433	-91.88743602139584	3059341804.3716674	8443.300898586114	67776.87061621094	297.55423437501304	4593704190.526599	88538.52239450019	55838.957783033125	-64.59446400507295	3117989206.295356	4172.444780102665	56036.73385466223	57447.08469143161	1.042571	23.884119	0.0951198000000003	0.0703416	-0.0005872507	0.0048510205	-0.0078007154	-0.0015928344	0.0111638319	-0.0086120218	-0.0015447855	-0.0396757694	-0.021089137	0.0619112369	0.002230665	0.0431176174	-0.0277249424	0.0145038006	0.0151151571	-0.0064119243	-0.0057034481	-0.0114955646	0.0023417324	-0.0055417567	0.0224433534	0.0256491013	-0.0485465532	-0.0252583434	0.0032321892	-0.0369122837	0.0187555817	0.0362493448	0.0334666265	-0.0243195305	0.028529617	-0.0071507646	-0.0223779772	0.0136590856	0.0357402041	-0.0560851793	-0.0197688381	-0.0130805355	-0.0341861384	-0.0109082687	-0.015332891	0.0060134567	0.0187388994	0.029560392	0.0003286154	-0.0080716606	0.0504376694	0.0108444675	-0.0347870019	0.015482833	0.0068722115	0.0019864501	0.0284663175	-0.0167830502	0.0581333068	-0.0128023282	-0.0053475711	0.0415149869	0.0210773516	-0.0662960878	-0.0031934587	-0.0210642825	0.0317137362	0.0249574092	0.0233492173	-0.0388832535	0.0189520999	-0.0233235596	0.0021313885	0.006681773	0.0104748304	0.0110412072	0.0203395354	-0.0336737017	0.0025492182	-0.0201409264	0.0732897124	-0.0383503526	0.003620514	0.0077455132	-0.0014276171	0.0106746406	0.0280953684	-0.0090241869	-0.0335825014	-0.0154612182	0.0163125697	-0.0094569973	0.0342735198	0.0064592894	-0.0255183395	-0.0064820073	0.0520320098	-0.0215092665	0.022785508	0.0179112972	-0.0294418515	0.0022145174	-0.0243655741	-0.0186342003	-0.0452048059	-0.0196883252	-0.0252580421	-0.024777091	-0.0559243362	-0.0341940064	0.0071593443	-0.0214533391	0.0333256121	0.0175172791	0.0211711825	0.0070101158	-0.0100269414	0.0007723882	0.005045326	-0.0207278838	-0.0269777899	0.0484687056	-0.025579974	-0.0039192575	0.0334204459	-0.022556125	0.038690698	0.0358085152	-0.0168926648	0.036959855	-0.003326419	-0.0134091723	0.0199118778	0.033875606	-0.0558998825	0.01842284	-0.007867743	-0.0291415812	0.0069273179	0.0106386549	-0.0101552948	0.0196895104	0.0138878191	0.0040752381	0.0209188457	-0.0490907164	-0.0349752232	0.0351088975	-0.0139323258	-0.0111834478	-0.0032989783	0.003903008	0.0140847879	-0.0678295869	0.0201403906	0.0019739735	0.0184770116	0.0408187085	0.0654357417	-0.0164864175	-0.0073514822	-0.0391118546	-0.0178996643	0.0104103257	0.0470918768	-0.0218844535	0.0143164252	-0.0113274087	-0.0036192836	-0.0217262692	-0.012693025	0.0254950228	-0.0266935842	0.0053009002	-0.0330817093	0.0570336248	0.0414378754	-0.0041072744	0.0020284127	0.001989083	0.0139192803	0.0448842113	-0.0206759557	-0.03443791	-0.0114382322	0.0096276137	0.0100070446	0.016842358	-0.0139491053	0.0079866036	-0.0361999375	0.0180889961	-0.0487906221	-0.022032531	0.0089832132	-0.0269707849	-0.0079170817	-0.0033889124	0.0420335216	0.0173075794	0.0009150149	0.0219906785	0.0199366209	-0.0716842212	0.000498662	-0.0019180357	0.0295209286	-0.0211882806	-0.0181920821	-0.0024616562	-0.0147573939	-0.0102468895	-0.0067391103	0.0150312132	0.0166353485	0.0213905728	-0.0132754991	0.0470169808	-0.0011485236	0.006584276	0.0047876239	-0.0156207747	-0.0349880715	-0.0126946133	-0.0373594499	0.0095157806	0.0115449334	0.0614396178	0.0441482137	0.020046103	-0.0112361677	0.0372590334	0.0275521798	0.0082495089	0.0354182289	-0.0150282454	-0.0463341804	0.0387098805	-0.026918132	0.0122284171	0.0037777911	-0.019377288	0.0328906545	-0.0428630618	0.048220895	-0.0483873377	0.0433444711	-0.0336352026	0.0203048178	-0.0047884463	-0.0112434423	0.0260648785	-0.0380802083	0.045995879	-0.0489597013	0.0466525943	-0.0393229378	0.0277598318	-0.0132081433	-0.0027655145	0.018441441	-0.0620274	-0.0048158	2.319192964000002e-05	0.00384739835076	-4.53147	0.0167400000000004	20.5342203609	0.0002802276	-0.8781409999999998	-0.0681739999999998	0.0046476942759999	0.7711316158809998	-0.0172344	-1.5799999999999842e-05	0.00029702454336	2.49639999999995e-10	-0.00449862	-7.574000000000036e-05	2.02375819044e-05	5.736547600000054e-09	0.00175742	1.625999999999993e-05	3.0885250564e-06	2.643875999999977e-10	0.0	0.0	0.0	0.0	0.0	0.0	0.0	0.0	0.0	0.0	0.0	0.0	0.0	0.0	0.0	0.0	0.0	0.0	0.0	0.0	0.0	0.0	0.0	0.0	0.0	0.0	0.0	0.0	0.0	0.0	0.0	0.0	0.0	0.0	0.0	0.0	0.0	0.0	0.0	0.0	0.0	0.0	0.0	0.0	0.0	0.0	0.0	0.0	0.0	0.0	0.0	0.0	0.0	0.0	0.0	0.0	0.0	0.0	0.0	0.0	0.0	0.0	0.0	0.0	0.0	0.0	0.0	0.0	0.0	0.0	0.0	0.0	0.0	0.0	0.0	0.0	0.0	0.0	0.0	0.0	0.0	0.0	0.0	0.0	0.0	0.0	0.0	0.0	0.0	0.0	0.0	0.0	0.0	0.0	0.0	0.0	0.0	0.0	0.0	0.0	0.0	0.0	0.0	0.0	0.0	0.0
55287.42164902631	-23.89549648801767	3056698992.5972238	570.9947524088648	67222.06191015625	-554.8087060546968	4518805607.45288	307812.700314087	55921.65011862307	82.69233558994165	3127230951.989695	6838.022365319531	56117.66992745005	56450.65194741781	1.286985	29.483377	0.2658002	0.169099	0.001870234	-0.0060718273	-0.0048650075	-0.0045918773	-0.0315607922	-0.010693332	0.000456343	-0.0056018987	0.037025747	-0.0487187596	0.0095770569	-0.1321631482	0.0019917912	-0.0098431202	0.0260945388	0.0008889197	0.0132751281	0.0021726913	0.0278514489	0.000147654	-0.0580492858	0.0175815318	0.0505332073	0.0647790325	-0.0026745619	-0.0336499696	0.0053476563	-0.0229581281	-0.0361358273	0.0425768037	-0.0145368026	0.0258193934	0.0477204386	-0.0245374128	0.0555641456	0.0020008482	-0.017245933	-0.0235275538	-0.0220387778	0.0124601635	0.0620354358	0.0186224128	-0.0267521461	-0.0388925812	0.0152506871	-0.0036843722	0.0038563393	-0.022009942	-0.0194887446	0.0506229293	-0.0106744049	-0.0773346942	0.0487270066	0.0817354249	0.0216885574	-0.0243491092	0.0143832634	-0.0534331023	-0.0209578259	0.0314630075	0.0400940486	-0.0198128818	-0.0597592577	0.0356166611	0.0208481538	-0.0436422745	0.0159233316	0.001747377	0.0221951792	0.0294430977	-0.0131568479	-0.0573043184	-0.0067628345	0.0675461838	-0.0032987518	0.0014194876	0.0174453005	0.0304286519	0.0591742071	-0.0066363533	0.0224833301	-0.0235089299	0.043126787	0.0758082469	-0.0140027392	0.0077782929	0.0192465198	0.0143946743	-0.0880294923	-0.0496503373	0.061985122	0.008285419	-0.0060120884	-0.0352920773	-0.0260648022	0.011980876	-0.0687867051	-0.040723313	-0.0008241097	0.0169612442	-0.0432502914	-0.0074757089	0.0277138473	0.0252442247	-0.0588379453	0.0243859428	-0.0893325383	0.0070516615	-0.034979585	-0.0540348609	0.0284185768	0.0025019218	0.0018079584	-0.0250188292	-0.0016148411	0.0595871228	-0.0165245523	-0.0455927854	0.061209368	0.0165158809	0.0382766318	0.0021744325	-0.0244448619	-0.0428515164	0.0364103368	-0.0323861723	0.0297633817	0.0400613744	-0.0203275004	0.057085532	-0.0005675154	0.0227727769	-0.0203150831	-0.0185613197	-0.0237339878	-0.0690667085	-0.0129110946	-0.0395456268	-0.0155701828	-0.0132916488	0.0005458562	-0.0143260163	0.0225810182	0.0152572507	-0.046075452	0.0307501647	0.0317937649	-0.0670811605	0.0902801267	0.0114740631	0.0104313316	0.0349444255	-0.0239018733	-0.0401313516	-0.0326589419	-0.0296070811	0.0183881406	0.0499844248	-0.0546666235	0.0063507167	0.0421364214	-0.0303496744	0.0051895631	-0.0170999248	0.035915726	0.0255834566	0.0587688197	-0.0131351652	0.0585042895	-0.014835797	-0.0181176701	0.0102151694	-0.0192901657	0.0331220415	0.0341637916	0.0145234253	-0.0464875969	0.0329174556	0.083587729	-0.0290319448	0.0152063133	-0.0143758205	-0.0365073331	-0.0688695435	0.0471683781	0.054834897	0.0360481057	-0.0361817416	-0.013025175	0.0245739359	-0.0477025287	-0.0520522345	0.0463673769	-0.0258651072	0.0376323704	-0.0314993428	0.0117125031	-0.0403319669	-0.0116671821	-0.0456175989	-0.0298198738	-0.0639980926	-0.026492074	-0.0021688746	0.0610813292	0.0340431297	-0.0178659634	-0.0192122988	0.0047903472	-0.0012123104	-0.0466290482	-0.063985896	0.0352423407	-0.076212793	0.0542665637	-0.0327652528	-0.0088886682	0.0822525463	0.0151224168	0.0761679058	-0.0662007229	-0.0292488485	-0.0134218113	-0.0353779371	0.028296179	-0.0189125538	-0.0005539431	-0.0103785875	-0.0187622796	0.0667835267	-0.0612747774	-0.0487355212	-0.0463935571	0.0389347468	-0.0273786964	0.0129414898	0.0028575952	-0.0183559655	0.0319226731	-0.0421300458	0.047903926	-0.0486367079	0.0442512785	-0.0352091317	0.0224618045	-0.0073507428	-0.0085338634	0.0235204212	-0.0360318425	0.0447515066	-0.0487618127	0.0476407421	-0.0415062691	0.0310039458	-0.0172389684	0.0016598739	0.0140938949	-0.0545107	0.0075167	5.6500778890000014e-05	0.00297141641449	-4.66121	-0.1297399999999999	21.7268786641	0.0168324675999999	-0.7798509999999998	0.0982899999999999	0.0096609240999999	0.6081675822009998	-0.0176171	-0.0003826999999999	0.00031036221241	1.4645928999999978e-07	-0.00432718	0.00017144	1.87244867524e-05	2.9391673600000048e-08	0.00180835	5.093000000000003e-05	3.2701297225e-06	2.5938649000000024e-09	0.0	0.0	0.0	0.0	0.0	0.0	0.0	0.0	0.0	0.0	0.0	0.0	0.0	0.0	0.0	0.0	0.0	0.0	0.0	0.0	0.0	0.0	0.0	0.0	0.0	0.0	0.0	0.0	0.0	0.0	0.0	0.0	0.0	0.0	0.0	0.0	0.0	0.0	0.0	0.0	0.0	0.0	0.0	0.0	0.0	0.0	0.0	0.0	0.0	0.0	0.0	0.0	0.0	0.0	0.0	0.0	0.0	0.0	0.0	0.0	0.0	0.0	0.0	0.0	0.0	0.0	0.0	0.0	0.0	0.0	0.0	0.0	0.0	0.0	0.0	0.0	0.0	0.0	0.0	0.0	0.0	0.0	0.0	0.0	0.0	0.0	0.0	0.0	0.0	0.0	0.0	0.0	0.0	0.0	0.0	0.0	0.0	0.0	0.0	0.0	0.0	0.0	0.0	0.0	0.0	0.0
55274.15533651835	-13.266312507963448	3055232248.16556	175.99504755894745	67925.24223339844	703.1803232421953	4613838532.465856	494462.5669949983	55900.92036954485	-20.72974907821481	3124912898.1621947	429.7224968457477	56110.03971849727	57341.08986721287	1.353148	30.999096	0.3716216	0.217483	-0.0087229491	-0.0118635044	-0.006900267	0.0066426772	-0.0442435597	0.0305221921	-0.005151818	0.0475321213	-0.0055788313	0.0160746747	-0.016408481	-0.0523597592	-0.0747994749	-0.0466427021	-0.0393939181	0.1563021861	0.0093838392	0.0369904675	0.0718260476	-0.0663673402	-0.0377156897	-0.0550522985	-0.061932757	-0.0297390464	-0.0773665264	0.0484466256	0.0843125517	-0.1103875632	0.0022228853	0.0636210501	0.0143201344	0.0346562691	0.0484691368	0.1008103904	-0.0088805257	-0.0370415718	0.0294262571	-0.0431126106	-0.0481213858	-0.0108918329	-0.0008370351	-0.0350169982	0.0291292495	0.0571570146	-0.0303172248	-0.0772987141	-0.0309451036	-0.0096949055	-0.0055193661	0.0499239567	-0.0356391009	0.0459156485	0.0019401505	-0.0260448744	-0.0488773759	-0.0029346838	-0.0187939504	-0.0031549329	0.0090123897	0.0115979667	0.0070806686	-0.0730553427	-0.0234273903	-0.0457938959	-0.00758897	0.0188646878	0.0225400359	-0.0136477545	0.0024934971	0.0975698005	-0.045563494	0.0136806143	0.0477246176	-0.0065021765	0.0122569779	0.00158636	0.0320917082	-0.059335544	0.0311940888	0.0176500387	0.0226740323	0.0284076252	-0.0060086142	0.0618258947	0.0523490539	-0.0248634154	-0.0045405932	-0.0151161654	-0.0501757453	-0.0432725233	-0.0147496842	0.0568425575	-0.0319263005	0.0137013393	0.0887632315	-0.0256504346	0.0004189809	-0.0286655914	-0.0377779598	-0.0007073937	0.0001877896	-0.0362829221	0.0070949675	-0.009313858	-0.024215637	0.0445015088	0.0228242233	-0.0447873827	-0.0660724531	0.0285936581	-0.0181408448	-0.014918867	0.0342505774	-0.0727496918	0.0609086452	0.0425869563	0.0541709248	0.0434830754	-0.0702572939	0.0669342773	-0.0392357964	-0.075685833	-0.1248323491	-0.0274542259	0.0673282534	0.0065486836	0.0442713295	0.0492150955	0.1002495302	-0.0191227226	-0.0311494574	-0.0291156892	-0.0445328091	-0.0506821432	0.0152415135	0.0018393084	0.047479096	0.0291584893	0.0222729722	0.037406035	0.0920345206	0.0328263653	0.0104050066	0.0183632257	-0.0456200535	0.0081154619	-0.0677273865	0.0106018416	-0.0336786405	0.0373108976	-0.0095626105	-0.0033703826	0.0218138362	-0.0011744282	-0.0103431239	0.0003092394	0.0797828137	-0.0214255629	-0.0018964057	0.0033308682	-0.0188324099	-0.0386325736	0.0152544248	0.004371774	0.084955971	-0.0113909781	-0.0411441289	0.0350493662	0.002521398	-0.0030914069	-0.0161159329	0.0303425405	0.0770266456	0.0077508148	-0.0123635701	0.0581137464	0.0015664118	-0.0183709027	0.0832465434	0.0389983849	-0.0249310718	-0.0243669931	-0.0204019231	-0.0626754651	-0.0073683151	0.0003159456	0.0476594601	0.0140930352	0.0029596724	-0.0841240691	-0.0140658376	0.039173869	-0.0017031112	-0.0403844068	0.0317848094	0.0121599023	0.031090933	-0.0021294049	-0.0108378678	-0.0038211743	-0.0585291046	0.0264034236	-0.011091443	-0.0635795871	0.0276680421	0.0075323059	0.0143029519	-0.0276808231	0.0129842919	-0.0077418528	-0.1079070121	-0.1678528834	0.0435179571	0.0405098475	-0.1622787317	-0.0290622447	0.0936959953	0.0346441441	-0.0100038089	-0.026152609	-0.0396483383	0.0547028853	0.0774954607	-0.0350948428	-0.0163771882	-0.0036319372	0.0144038332	0.0013652489	0.005921862	-0.0290782011	0.0357725486	-0.0195521799	-0.0464522756	0.0391574033	-0.0278357645	0.0136516244	0.0019363856	-0.0173252667	0.0309324975	-0.0413587732	0.0475319038	-0.0488170731	0.0450821203	-0.0367111306	0.0245649379	-0.0098926005	-0.0057970462	0.0208905514	-0.0338357689	0.0433014723	-0.0483142525	0.0483586182	-0.0434300072	0.0340352549	-0.0211404744	0.0060717052	0.0096214501	-0.0240326	0.0304781	0.00092891457961	0.00057756586276	-4.84416	-0.1829499999999999	23.4658861056	0.0334707024999999	-0.65807	0.1217809999999998	0.0148306119609999	0.4330561249	-0.0169835	0.0006336	0.00028843927225	4.0144896000000193e-07	-0.00423426	9.29199999999998e-05	1.79289577476e-05	8.634126399999964e-09	0.00181008	1.7299999999999174e-06	3.2763896064e-06	2.992899999999714e-12	0.0	0.0	0.0	0.0	0.0	0.0	0.0	0.0	0.0	0.0	0.0	0.0	0.0	0.0	0.0	0.0	0.0	0.0	0.0	0.0	0.0	0.0	0.0	0.0	0.0	0.0	0.0	0.0	0.0	0.0	0.0	0.0	0.0	0.0	0.0	0.0	0.0	0.0	0.0	0.0	0.0	0.0	0.0	0.0	0.0	0.0	0.0	0.0	0.0	0.0	0.0	0.0	0.0	0.0	0.0	0.0	0.0	0.0	0.0	0.0	0.0	0.0	0.0	0.0	0.0	0.0	0.0	0.0	0.0	0.0	0.0	0.0	0.0	0.0	0.0	0.0	0.0	0.0	0.0	0.0	0.0	0.0	0.0	0.0	0.0	0.0	0.0	0.0	0.0	0.0	0.0	0.0	0.0	0.0	0.0	0.0	0.0	0.0	0.0	0.0	0.0	0.0	0.0	0.0	0.0	0.0
55217.248884965	-56.906451553346415	3048944574.424169	3238.3442283933628	67133.260125	-791.9821083984425	4506874615.010915	627235.6600232424	55768.78723215365	-132.1331373912035	3110157629.345224	17459.165996842657	55981.76418106268	56853.60994635247	1.342196	30.74819	0.6317415999999996	0.338599	-0.0016397457	0.0037537194	-0.0019252214	0.0023739314	-0.0081416369	0.0089654157	0.0114685954	0.0300672343	-0.0271970208	0.010784317	-0.0362610452	0.0748233246	0.0307191265	-0.0305374624	-0.0012135873	-0.0186571009	-0.028876083	0.0079561484	-0.0293377651	-0.0176125158	0.0521576098	-0.0088176898	0.0095756958	-0.0209926461	-0.0472944797	0.0538881805	-0.0414229637	0.024582941	-0.0377992525	-0.0464119332	0.0055454574	-0.0267701616	-0.0260384507	-0.0254094657	0.0172000294	-0.0113496667	0.0048517739	0.0451964702	-0.0175471729	-0.000865634	-0.0314425063	-0.0280166144	-0.0265042955	-0.0041144193	0.0675945458	-0.0114905856	0.02341568	0.0076786116	0.0387720731	0.0235084161	-0.0237987058	-0.0006805319	-0.0019985883	-0.0374159122	0.0098933682	0.0270294422	-0.0181063493	0.0129554492	0.0668458974	-0.0203859422	-0.0240418588	0.0373286163	0.0090664105	-0.049222543	0.0351913509	0.0156811495	0.031660736	0.0232782846	0.0583268585	0.0157485875	-0.0088197434	-0.0055113675	-0.0160811226	0.0425030786	0.0053731734	-0.0110428202	-0.0209724211	-0.0466862469	-0.0277057292	-0.0104827334	0.0405082244	0.0495442735	0.0358880058	-0.0337419569	-0.0451573032	0.0288328309	-0.0015360916	-0.0133826194	-0.0407739812	0.0297047589	-0.0015310187	0.0590059072	-0.0257752234	0.0191703806	-0.0216825752	0.0303965889	-0.0628529839	-0.0544377607	0.0377290764	-0.0188059493	0.0041422987	-0.0461038138	0.0333173729	0.0013215612	0.0541092473	0.0510353142	0.0033362395	-0.0098394694	0.0158527679	0.0227564664	0.0111769693	0.0327458444	0.0081227247	0.0269304802	0.0176840276	-0.0518176347	0.0054956828	-0.0199755733	-0.0350775448	0.0414780515	-0.0561558068	0.0384607669	0.0317192101	-0.0237695422	-0.0451148612	0.017500732	-0.0257564446	-0.0275218394	-0.0246302997	0.0169972374	-0.0146389474	-0.00598123	0.0379274783	-0.0163674536	0.0018004648	0.0319693829	0.0266747959	-0.0256723162	-0.0199816108	-0.062437981	0.0220483979	-0.0198569276	-0.0153396011	-0.0333965508	-0.02533042	0.0163272719	-0.0276490332	-0.0196373038	-0.0392894905	-0.0086198464	-0.032085331	0.0122035014	0.013367378	0.0621778554	0.0189102334	0.0241949938	-0.0069358625	0.0017664207	0.0571191694	0.0565298487	-0.0136860428	-0.012800792	-0.0329450679	-0.048536162	0.0233923064	0.0144514453	0.0141205213	-0.0240697964	0.0356520783	-0.0004155251	-0.0113236365	-0.0199980571	0.0176828307	-0.0182453497	-0.0532259451	0.0429577237	0.0117445128	0.0463021037	-0.0416135235	-0.0337720601	0.0283859808	-0.0099547781	0.0222185811	-0.0304652503	0.000377107	-0.0372839872	0.0753522618	0.0076720255	-0.0002487447	0.0074394238	-0.0214426607	-0.0663150543	0.0391377084	-0.0418370931	0.0073976556	0.0235964598	0.0451066999	0.0210287926	-0.0258511312	0.0827896664	-0.0188738831	-0.0088227851	0.0042566586	0.0094919038	-0.0270452138	0.019133266	0.0089478412	-0.0198946352	-0.0043103047	0.0123753684	0.0167096176	0.0318979509	-0.0091816626	0.0312385741	0.0068343865	-0.02447374	0.0229748671	-0.083473428	0.0400226298	-0.0361535692	0.0399639759	0.0525393915	-0.008897171	0.0239901197	-0.0054255384	0.0094200746	-0.0121217429	0.0668664093	0.0252100604	-0.0276485245	0.0382942728	0.0352586002	-0.046510335	0.0393778372	-0.0282892778	0.0143586597	0.0010144892	-0.0162857183	0.0299208162	-0.0405499443	0.047105256	-0.0489281774	0.0458355703	-0.0381381307	0.0266091756	-0.0124069519	-0.0030417259	0.0181848193	-0.03150099	0.0416524399	-0.0476193122	0.0488021499	-0.0450821203	0.036832953	-0.0248833938	0.0104339452	0.005063741	-0.0415292	-0.0174966	0.00030613101156	0.00172467445264	-4.60649	0.2376699999999996	21.2197501201	0.0564870288999998	-0.892757	-0.2346869999999999	0.0550779879689999	0.797015061049	-0.0180886	-0.0011051	0.0003271974499599	1.2212460100000026e-06	-0.00596041	-0.00172615	3.5526487368100004e-05	2.9795938225e-06	0.00180357	-6.509999999999936e-06	3.2528647449e-06	4.2380099999999166e-11	0.0	0.0	0.0	0.0	0.0	0.0	0.0	0.0	0.0	0.0	0.0	0.0	0.0	0.0	0.0	0.0	0.0	0.0	0.0	0.0	0.0	0.0	0.0	0.0	0.0	0.0	0.0	0.0	0.0	0.0	0.0	0.0	0.0	0.0	0.0	0.0	0.0	0.0	0.0	0.0	0.0	0.0	0.0	0.0	0.0	0.0	0.0	0.0	0.0	0.0	0.0	0.0	0.0	0.0	0.0	0.0	0.0	0.0	0.0	0.0	0.0	0.0	0.0	0.0	0.0	0.0	0.0	0.0	0.0	0.0	0.0	0.0	0.0	0.0	0.0	0.0	0.0	0.0	0.0	0.0	0.0	0.0	0.0	0.0	0.0	0.0	0.0	0.0	0.0	0.0	0.0	0.0	0.0	0.0	0.0	0.0	0.0	0.0	0.0	0.0	0.0	0.0	1.0	0.0	0.0	0.0
55150.57601985599	-66.67286510901613	3041586035.321914	4445.27094184506	67559.6300390625	426.3699140624958	4564303611.014996	181791.30361766007	55863.53086655283	94.74363439917944	3120734080.8783007	8976.356259165375	56054.12367128033	56652.5770438058	1.167511	26.746349	0.1528506999999999	0.0923508	0.00345834	-0.0065820573	-0.0073054482	-0.0045063299	-0.0199651408	-0.0120259984	0.0134869955	-0.0429142137	0.011979502	0.0337937558	0.0229455498	-0.0779045501	-0.0323758994	0.0223874774	-0.0064205226	-0.029450824	0.0288449193	0.0038803176	-0.0076860493	0.0041114799	-0.0236171857	0.0322854595	0.0499398745	0.0211492297	0.061424632	-0.0290379632	0.0566694061	-0.0139337806	0.0473330849	0.012753302	0.0171999055	-0.0116318861	0.0715118632	0.0188477591	0.0075668679	-0.0517090406	-0.0403580231	0.046913223	-0.026736312	0.0245411524	-0.0148319939	-0.0222164825	0.0021676823	0.0253641339	0.004379268	0.0031567214	-0.0267607858	0.0082290539	-0.0119434471	0.0071984282	-0.0130985811	0.0101170548	0.0252867007	-0.0109026179	0.0528138237	0.0531942322	-0.0657717105	-0.0208903062	-0.0103632084	-0.0185191267	-0.029542538	-0.0043044205	0.0361480871	0.0088735976	-0.016006338	-0.0406124985	-0.0039985899	0.0070421435	-0.017482491	0.008433275	-0.0332318102	-0.0384615964	0.0492553109	0.0095641512	0.0229386692	0.0072062237	0.000870445	0.043493736	0.0184456343	-0.0188447911	-0.0196637491	-0.0540019222	-0.0020678573	-0.0458122985	-0.0511465348	-0.0365657771	0.0125182119	0.0292462504	0.0643115598	-0.0125759122	-0.00655726	0.0215461318	0.0590324315	-0.0188889198	0.0137008016	-0.008869165	-0.0052849839	-0.0076289498	0.0363465055	0.0302831608	0.0283222091	-0.0202698969	-0.0027031985	0.0384128783	0.0111027222	0.0547690305	0.0021551783	0.044881514	0.0027768022	0.0020761871	0.0122107599	-0.0265514195	0.0063641714	0.0101951014	-0.0019052538	0.0241522101	-0.0293626683	-0.0368816389	0.0495833236	-0.0579855001	0.0316690847	-0.0487762836	-0.0225579648	0.0296748139	0.024512788	0.0172350191	-0.0034248882	0.0799570754	0.0176548975	0.0059658808	-0.049062727	0.03636408	0.0512521471	-0.0223045206	-0.0195948051	0.0161664471	0.0246435052	0.0108504898	-0.0017706356	-0.0060491564	0.0147033561	0.0245233666	-0.0028373279	0.0276449961	-0.017238173	-0.0109319409	-0.0353855408	-0.0189499014	-0.0008648076	-0.0441221138	-0.0755384006	0.0002131049	0.0371789694	-0.0129188053	0.0340106838	0.0263145132	-0.0227951057	-0.0175604197	0.0013861423	-0.0367836331	0.0509203628	0.0009499513	0.0030155803	0.0145558537	0.0174136199	0.0231271542	0.0215705749	0.0574854893	0.0217650867	0.0156980122	0.0003582685	0.0017827826	-0.012776817	0.0336892675	0.0337628435	-0.0548929653	-0.0347122354	-0.0045180324	-0.0562682776	-0.033193305	-0.0342601435	-0.0065519876	-0.032841819	0.0446942015	-0.0327585984	0.018029375	-0.006392671	0.0309513299	-0.0524441931	-0.0206908365	0.0171614038	0.0161750501	0.0148959414	-0.0108143485	-0.0281686557	-0.0406785811	0.0517686093	-0.0340512508	0.0165193731	0.040827383	-0.0303104026	0.0135618226	-0.0263713008	0.0393175203	-0.0201191755	-0.0044107439	-0.0289400478	-0.0294060594	-0.0021163313	-0.0095832919	-0.012858292	-0.0225416659	0.0317738867	-0.0364972849	0.0067224581	-0.004018972	-0.0408557687	0.075351252	-0.0346837456	0.019727619	-0.0525207565	-0.0226858668	0.0012765664	0.0532052893	0.035718828	0.01326225	-0.0096601885	-0.0292536901	0.0030756867	0.0423985873	-0.0561836344	-0.0223011497	-0.0465677344	0.0395960362	-0.0287391785	0.0150624352	9.22328e-05	-0.015237851	0.0288883326	-0.0397042937	0.046624473	-0.0489698633	0.046510335	-0.0394872168	0.0285896166	-0.0148868057	-0.0002766972	0.0154130506	-0.0290370768	0.0398119877	-0.04668055	0.048968821	-0.0464522756	0.0393778372	-0.028439649	0.014710965	0.0004611576	-0.0474254	-0.0058961999999999	3.4765174439999965e-05	0.00224916856516	-4.60743	-0.0009399999999999	21.2284112049	8.835999999998888e-07	-0.8036539999999999	0.0891030000000001	0.007939344609	0.6458597517159997	-0.017654	0.0004346	0.0003116637159999	1.8887716000000027e-07	-0.0053531	0.0006073099999999	2.8655679610000003e-05	3.6882543609999977e-07	0.00189989	9.632e-05	3.6095820121e-06	9.2775424e-09	0.0	0.0	0.0	0.0	0.0	0.0	0.0	0.0	0.0	0.0	0.0	0.0	0.0	0.0	0.0	0.0	0.0	0.0	0.0	0.0	0.0	0.0	0.0	0.0	0.0	0.0	0.0	0.0	0.0	0.0	0.0	0.0	0.0	0.0	0.0	0.0	0.0	0.0	0.0	0.0	0.0	0.0	0.0	0.0	0.0	0.0	0.0	0.0	0.0	0.0	0.0	0.0	0.0	0.0	0.0	0.0	0.0	0.0	0.0	0.0	0.0	0.0	0.0	0.0	0.0	0.0	0.0	0.0	0.0	0.0	0.0	0.0	0.0	0.0	0.0	0.0	0.0	0.0	0.0	0.0	0.0	0.0	0.0	0.0	0.0	0.0	0.0	0.0	0.0	0.0	0.0	0.0	0.0	0.0	0.0	0.0	0.0	0.0	0.0	0.0	0.0	0.0	0.0	0.0	0.0	0.0
55088.50935808801	-62.06666176797444	3034743863.2961507	3852.27050302014	66861.95647363282	-697.673565429679	4470521223.48197	486748.40389936056	55708.51405909997	-155.01680745285557	3103438538.67294	24030.2105928757	55913.3468590182	56502.07199104606	1.14477	26.225386	0.1959224000000003	0.114041	-0.0014280521	-7.40713e-05	-0.0018806943	-0.0010845339	-0.040157099	0.0019803193	0.0394759655	0.010125989	-0.0221599812	-0.0613183435	-0.025264205	0.0147065167	-0.0137572812	-0.0248360558	-0.0229921585	0.0365138348	0.0080388883	0.0372527649	-0.0330559368	-0.0090851172	-0.0050897384	-0.0364956925	-0.0121945291	-0.0273892173	-0.0801800598	0.0336416108	-0.0015129174	-0.0511068969	-0.0554543388	0.0287807562	-0.0041562333	-0.0049270529	0.0067712729	0.0344185808	0.0026722995	0.0072539455	0.0201406139	-0.0038461696	0.0428418777	-0.0176464215	0.0246932826	0.0051069487	-0.0342297619	0.0654279949	-0.0196495533	-0.0465931718	-0.0104480308	-0.1009289559	0.0238122746	0.0033150473	-0.0148956715	-0.0275396355	-0.0333814424	0.0041735284	-0.0232027666	-0.003447636	0.0382076947	0.0106925164	0.0025463438	-0.0001091928	-0.0072665221	0.0211254047	-0.0461698235	-2.68751e-05	0.0025059748	0.0162737555	0.0116252991	0.0721655003	0.0802387656	-0.0056071788	0.0351745597	0.0480734901	0.0261880732	0.0120375266	-0.0239858545	0.0185362422	-0.0334972244	-0.0208767555	0.0704317583	0.0630703129	-0.008665815	0.0232287539	0.0047730132	0.0315017461	0.0553488288	-0.0211384219	0.0037055398	0.0139880521	-0.0512928838	0.0016462844	0.06509802	-0.0362572561	0.0015580719	-0.0041651812	-0.0198983264	0.0103064245	0.0264607606	-0.0048531903	0.0032436409	0.0056810744	0.0143324963	-0.0038707056	-0.0073335588	-0.0021037242	0.0116595225	-0.040597126	-0.0277622718	0.0202493218	0.0289196454	-0.0228253969	0.0252176752	0.0360445737	0.038021798	0.0319924848	0.007027971	0.0036369229	0.0360242313	-0.0018966435	-0.0549186408	0.0675449252	-0.032356315	0.0001869518	-0.0472646887	-0.0552604962	0.0182934127	-0.0044092136	-1.87506e-05	-0.0051857307	0.0363848603	0.0033495735	0.0112158106	-0.0213801838	-0.0061812324	0.0278643392	0.0173883662	-0.0123430501	-0.0027714627	0.0629779362	-0.0347751625	0.0146865339	0.0575787235	-0.0203618146	0.106334446	-0.019004056	0.0140130963	0.0354399684	0.0303369774	-0.0008286815	-0.0004064851	0.0310059332	0.0154198529	-0.0126038907	-0.0298135564	0.0084975268	0.0011800499	9.41007e-05	0.0130320219	0.0389196607	0.0017168664	0.0257472102	-0.0311480802	0.0298154935	-0.0799686069	-0.0658529682	0.0140377444	-0.0232515161	-0.0342106592	-0.0136441882	0.0356325103	-0.0201995218	0.0294033212	-0.0274806013	0.0364845001	0.0135510074	0.0680408563	0.0447984224	0.0407922419	0.0192132445	0.042406495	0.0406739401	-0.0195182456	0.014484959	-0.0053956279	-0.0065141441	0.0710530668	0.0413322512	-0.0054928925	-0.0350787387	0.0178564741	0.0378832895	0.0147654801	0.0098314983	0.00841275	-0.0014566024	-0.019720395	0.0034792096	-0.0046786244	0.0174320975	-0.0069137296	-0.0106377082	0.0383318676	-0.0384017439	0.0219916332	0.0310712339	0.011712005	0.0093845162	0.0028077566	-0.0022067843	-0.0059495439	0.0056713098	-0.0120021896	-0.0303775498	0.0315836952	0.0295383131	-0.0486787866	-0.0303174614	0.0593033978	-0.0644889003	0.0491568491	-0.0469410168	-0.0087524211	0.0016323908	0.0244175595	-0.0352783223	-0.0264986855	-0.0200033277	0.0036595199	0.0367122414	-0.0134911333	-0.0361509751	0.0403639351	0.0444517268	-0.046624473	0.0398119877	-0.029185409	0.0157627911	-0.0008300562	-0.0141822002	0.0278357645	-0.0388225891	0.0460901072	-0.0489420714	0.047105256	-0.0407556328	0.0305015125	-0.0173252667	0.0024892147	0.0125853106	-0.02645413	0.0377885739	-0.0455027728	0.0488576859	-0.0475319038	0.0416524399	-0.0317825624	0.0188678315	-0.0041455125	-0.019724	0.0277014	0.00076736756196	0.0003890361759999	-4.71222	-0.1047900000000003	22.205017328400004	0.0109809441	-0.797427	0.0062269999999998	3.87755289999984e-05	0.635889820329	-0.0169775	0.0006765	0.00028823550625	4.5765225000000003e-07	-0.00573431	-0.0003812099999999	3.2882311176100005e-05	1.4532106409999994e-07	0.00198626	8.637000000000011e-05	3.9452287876e-06	7.459776900000019e-09	0.0	0.0	0.0	0.0	0.0	0.0	0.0	0.0	0.0	0.0	0.0	0.0	0.0	0.0	0.0	0.0	0.0	0.0	0.0	0.0	0.0	0.0	0.0	0.0	0.0	0.0	0.0	0.0	0.0	0.0	0.0	0.0	0.0	0.0	0.0	0.0	0.0	0.0	0.0	0.0	0.0	0.0	0.0	0.0	0.0	0.0	0.0	0.0	0.0	0.0	0.0	0.0	0.0	0.0	0.0	0.0	0.0	0.0	0.0	0.0	0.0	0.0	0.0	0.0	0.0	0.0	0.0	0.0	0.0	0.0	0.0	0.0	0.0	0.0	0.0	0.0	0.0	0.0	0.0	0.0	0.0	0.0	0.0	0.0	0.0	0.0	0.0	0.0	0.0	0.0	0.0	0.0	0.0	0.0	0.0	0.0	0.0	0.0	0.0	0.0	0.0	0.0	0.0	0.0	0.0	0.0
55137.787627582606	49.27826949459268	3040175624.464401	2428.3478443817035	67539.41312792969	677.4566542968678	4561572325.665161	458947.5184511058	55901.17979894524	192.66573984526624	3124941902.9140034	37120.0873101238	56107.77480710336	56922.66006873985	1.050019	24.054756	0.2702708000000002	0.158436	-0.0002020346	-0.002089968	-0.0084580431	0.0003793002	-0.0039350138	-0.0040082483	0.0300563145	0.0243259273	-0.0297742237	0.0345115229	0.0175787096	-0.0124456068	-0.0156014594	0.0210688271	0.0379848819	-0.0378224739	-0.0227520466	-0.0438839962	-0.0061213747	0.0245731227	0.0259277634	0.0189136683	0.0111542646	0.0367190547	0.0242830856	-0.0553462507	-0.0333363442	0.0026158677	-0.0072547734	-0.0010783995	-0.0007975588	0.024776752	0.0047056013	-0.045637118	-0.0892876889	0.0010001585	0.0021403868	-0.0046758229	0.0148426765	0.0320763484	0.0348239382	-0.0180726371	-0.0589689972	0.0085041753	0.0038821418	0.0234089885	-0.0203213323	0.0286310075	-0.0048132527	-0.0196067983	-0.0167238826	-0.0150444226	-0.0102393048	0.0293873673	-0.0179977901	-0.000691493	-0.0390338539	0.0182196735	0.008466083	-0.0279142483	-0.0022890711	0.0036156228	0.0142236817	0.0148394323	0.0177019965	0.0795617405	0.0042359724	-0.0265798172	-0.0292350508	-0.0143886576	0.0272844514	0.0575853437	-0.0103389794	0.0341927452	0.0257185658	0.0122893366	0.0035227378	-0.0622508422	-0.0487618137	0.0107112531	0.0192990886	-0.0675584836	0.0096828903	0.0003553709	-0.0305227627	-0.0060038826	0.0002723088	0.0575863741	0.004648999	0.0077074774	-0.0453354048	0.0821108195	-0.0255387666	0.0082486979	-0.0419281143	0.0272971004	0.0153533293	-0.0407681591	0.0327928334	-0.0331050682	-0.0283209009	-0.0088797094	-0.0236454561	-0.0232373281	0.0139814775	0.0198263133	0.0289522772	-0.0436796186	-0.007145461	-0.0409476733	-0.0278313465	0.0615426046	-0.0443985923	0.0066111619	-0.021521763	-0.0268227988	-0.0197413557	-0.0057264852	0.0419564481	-0.0115593808	0.0560299778	0.0347253271	0.0040825618	-0.0031667997	-0.0045908138	-0.0094548249	0.021234529	-0.0001144635	-0.0548666945	-0.0869752389	0.0037491219	-0.0044829824	0.0005367044	0.014832328	-0.0273613298	-0.0276012824	0.0169899285	0.0161810885	-0.0624646163	-0.0111217382	-0.0263891333	0.0317935347	-0.0194928551	0.0067346079	0.0184179883	0.0179953519	0.0026742928	-0.0074748684	0.0215478639	0.0278896725	-0.0046370064	-0.0037812285	0.0481423695	0.0174907348	0.0176223759	-0.0106863684	-0.018453769	-0.0192252188	-0.0114404145	0.026017597	-0.0747096218	-0.0142030767	0.0113956975	0.0171028182	-0.0351353378	-0.0238028409	-0.0496652637	-0.0342499951	0.0265534373	0.0276989555	0.001851271	-0.0078420908	0.0576383751	-0.0352107582	-0.0390620638	-0.0566600554	-0.0451883335	0.0118210197	-0.0072834209	-0.0201550206	-0.0065493349	-0.0057432813	-0.0627102125	-0.0047197331	-0.0170902642	-0.0606070012	0.0581010706	0.0169935192	-0.0201296677	0.0288512941	0.0074770578	-0.0190751997	0.0428776119	0.0027113923	0.0219706867	0.0431852553	-0.0053919039	0.0487187455	0.0256139665	0.0344651518	-0.0098191531	0.0183646362	0.0293707412	-0.0186255834	0.032880766	0.0187047292	0.0464380997	0.0094599503	-0.0094909832	-0.0023565568	0.0289665712	0.024671955	0.0081994692	-0.0214205525	0.0209938779	-0.0125037811	-0.0487568133	0.0215338845	-0.0182154607	-0.013990196	-0.0141146811	0.0320438641	-0.0272787484	-0.0115054341	0.022667986	0.0032479059	0.0073446317	0.002682571	0.0025034193	0.0070261933	-0.0226257535	-0.0209900529	-0.04668055	0.0400256797	-0.0296279125	0.0164595684	-0.0017520508	-0.0131193052	0.0267638437	-0.0379056313	0.0455027728	-0.0488448413	0.0476193122	-0.0419407874	0.0323402795	-0.0197155549	0.0052471816	0.0097118681	-0.0237627379	0.0355914973	-0.0440920108	0.0484693751	-0.0483142525	0.0436411487	-0.0348870569	0.0228705931	-0.0087154456	-0.0344748	-0.0147508	0.00021758610064	0.00118851183504	-4.56982	0.1424000000000003	20.8832548324	0.02027776	-0.8701999999999999	-0.0727729999999998	0.0052959095289999	0.7572480399999998	-0.0175186	-0.0005410999999999	0.0003069013459599	2.927892099999992e-07	-0.00591411	-0.0001797999999999	3.4976697092100005e-05	3.2328039999999976e-08	0.00190022	-8.604000000000012e-05	3.6108360484e-06	7.40288160000002e-09	0.0	0.0	0.0	0.0	0.0	0.0	0.0	0.0	0.0	0.0	0.0	0.0	0.0	0.0	0.0	0.0	0.0	0.0	0.0	0.0	0.0	0.0	0.0	0.0	0.0	0.0	0.0	0.0	0.0	0.0	0.0	0.0	0.0	0.0	0.0	0.0	0.0	0.0	0.0	0.0	0.0	0.0	0.0	0.0	0.0	0.0	0.0	0.0	0.0	0.0	0.0	0.0	0.0	0.0	0.0	0.0	0.0	0.0	0.0	0.0	0.0	0.0	0.0	0.0	0.0	0.0	0.0	0.0	0.0	0.0	0.0	0.0	0.0	0.0	0.0	0.0	0.0	0.0	0.0	0.0	0.0	0.0	0.0	0.0	0.0	0.0	0.0	0.0	0.0	0.0	0.0	0.0	0.0	0.0	0.0	0.0	0.0	0.0	0.0	0.0	0.0	0.0	0.0	0.0	0.0	0.0
55013.40814054995	-124.37948703265285	3026475075.238728	15470.256794505854	67537.67056738281	-1.7425605468743015	4561336945.668326	3.036517259522865	55849.899548174566	-51.28025077067287	3119211279.5411897	2629.664119103095	56061.25577946599	56615.30339006696	1.057311	24.221804	0.4414755000000002	0.245282	-0.0005868701	-0.0068303846	-0.0042927496	-0.0041848541	-0.055365452	-0.0042140483	0.0380940266	-0.0355907559	0.0073419533	0.0204949129	-0.0035951663	-0.0914661726	-0.0360891184	-0.0097260973	-0.017692001	0.0400416522	0.025249248	0.0055247096	0.0181462215	0.0121341055	-0.0421440919	0.0213374298	0.0563502539	-0.0408070654	-0.0428450254	0.0185141447	0.0453662885	-0.0351225046	-0.0141917605	-0.0161819524	0.0199734518	-0.0010847744	0.0697519991	-0.0057571419	0.0149378964	-0.0421988746	0.0296492025	-0.079080932	-0.0099315484	0.033016972	-0.0308668521	0.0094404621	0.0269733718	-0.0523673605	-0.0062468107	-0.0691949675	-0.032870947	-0.0449307729	-0.0038476067	-0.0519717333	-0.018755747	0.018522577	0.0096651794	0.0294785822	0.0134468669	-0.0386046546	0.0337197162	-0.0405560479	0.0316468542	0.0291238673	0.0181413191	-0.0015366185	-0.0128585294	-0.0013106394	-0.0110668278	-0.017818719	0.0395374895	-0.005617116	-0.0013855974	-0.0369637754	0.0014432844	-0.0140696559	-0.0253278922	-0.0098490723	0.0465750302	0.0302586106	0.0076181286	-0.0117563185	0.0418227713	-0.0070837718	0.0347799054	-0.0158359123	0.0158982486	-0.0354287814	0.0178834695	-0.0158977313	0.0020484452	0.0822656967	0.0674109845	0.0051066365	-0.0155729481	-0.0187227011	0.0348416173	0.0011293022	0.0034417037	0.0641573292	0.0010775899	-0.0173878588	-0.0335014804	-0.0250289296	0.0476216342	0.0201326842	0.0075802611	0.0425435691	0.060057218	0.0445178696	-0.0186651302	0.0037991219	0.0289149802	-0.0536013724	-0.0001555664	-0.0346444717	0.0033561983	-0.0144157555	-0.0174100752	0.0439043579	-0.0218653222	-0.0628091659	-0.04376016	0.0208059295	-0.0175785015	-0.0440793954	-0.0339454828	-0.0223600858	-0.0095247734	0.0218132359	0.0087207134	0.0721184047	-0.0023743447	0.0154128208	-0.0418553145	-0.0199153107	-0.0845889919	-0.0111192925	-0.0410999644	0.0274903371	-0.0014091222	-0.0486821337	0.0337999778	0.014314638	0.0483892034	0.0227682783	0.0354321662	-0.00960551	0.0685393487	0.0143601508	-0.0129544598	0.0141973466	0.0316636506	0.0022655381	0.0129353966	0.0485185835	-0.0379820677	0.0059293019	-0.0367169682	-0.012040529	0.0152300734	0.0113526186	-0.0072016923	-0.0131085894	0.0207337561	-0.0329000327	-0.0098999949	0.0002816225	-0.0369447275	0.0174784922	0.027762259	-0.0144791227	-0.0102738027	0.0469750135	0.0214459414	0.0178752287	0.0193519905	0.0289839361	0.0040975147	0.0163473076	-0.0304243269	0.030923965	-0.0363923931	0.0238307262	-0.0141321226	0.0260309948	-0.0691436352	0.0797962369	0.0032785684	-0.0124577324	-0.0352093985	0.0199483919	-0.0161303065	0.0008345641	0.0510594167	-0.0216930866	0.0047825156	-0.0262669931	0.0019212573	0.0212042375	-0.0254462657	-0.0411041299	-0.0246343606	0.0748120701	0.0011415064	-0.0421695561	0.0350856105	0.0506410369	0.0468885125	-0.0162875578	-0.0180729064	0.032222996	-0.0055582797	-0.0134534775	-0.0369915701	-0.0902923388	0.0705451173	-0.0276434655	-0.0672836735	-0.0474271841	0.0510707562	0.0248831376	0.0075506018	-0.016280155	-0.0342669855	-0.0225109739	0.0304019255	0.036039692	-0.0284485059	0.0055700264	-0.0061129653	-0.0195845886	-0.0132178012	0.0139599752	-0.0239062305	0.0299068704	-0.0467359647	0.0402370998	-0.0300666323	0.0171526089	-0.0026734239	-0.0120497088	0.0256733154	-0.0369542528	0.0448631447	-0.048678311	0.0480516209	-0.0430402594	0.0341015091	-0.0220510239	0.0079884006	0.0068031578	-0.0209739336	0.0332308549	-0.0424554877	0.0478060917	-0.0487944286	0.0453303135	-0.0377298441	0.026686557	-0.0132081433	-0.0120923	0.0223825	0.00050097630625	0.00014622371929	-4.76064	-0.1908200000000004	22.663693209600005	0.0364122724000001	-0.710732	0.1594679999999998	0.0254300430239999	0.505139975824	-0.0167174	0.0008011999999999	0.00027947146276	6.419214399999975e-07	-0.00551319	0.0004009199999999	3.03952639761e-05	1.6073684639999994e-07	0.0020742	0.00017398	4.30230564e-06	3.0269040400000004e-08	0.0	0.0	0.0	0.0	0.0	0.0	0.0	0.0	0.0	0.0	0.0	0.0	0.0	0.0	0.0	0.0	0.0	0.0	0.0	0.0	0.0	0.0	0.0	0.0	0.0	0.0	0.0	0.0	0.0	0.0	0.0	0.0	0.0	0.0	0.0	0.0	0.0	0.0	0.0	0.0	0.0	0.0	0.0	0.0	0.0	0.0	0.0	0.0	0.0	0.0	0.0	0.0	0.0	0.0	0.0	0.0	0.0	0.0	0.0	0.0	0.0	0.0	0.0	0.0	0.0	0.0	0.0	0.0	0.0	0.0	0.0	0.0	0.0	0.0	0.0	0.0	0.0	0.0	0.0	0.0	0.0	0.0	0.0	0.0	0.0	0.0	0.0	0.0	0.0	0.0	0.0	0.0	0.0	0.0	0.0	0.0	0.0	0.0	0.0	0.0	0.0	0.0	0.0	0.0	0.0	0.0
54999.7457516691	-13.66238888085354	3024972032.748244	186.66086993167048	66926.36923925781	-611.3013281250023	4479138899.549474	373689.3137673918	55742.02166759853	-107.87788057603755	3107172979.591024	11637.637117577824	55957.321923688745	56096.94103338068	1.078311	24.702885	0.3381835000000004	0.200132	0.0002613835	0.0013596226	0.0026521565	0.0051715539	-0.0321631718	0.0037232489	0.037771634	0.0194895992	-0.040448462	-0.0378093852	-0.0135584136	0.0501039321	-0.0123888659	-0.0006688924	-0.0311478606	-0.0366033503	-0.0119279783	-0.018652776	-0.0289173457	0.0127894663	0.0255650757	-0.0315062397	-0.0245322911	-0.0667994575	-0.0314248686	0.0048006476	-0.0304039428	-0.0187305496	0.0341383841	-0.0284782556	-0.0438546825	-0.0457344592	0.0053398664	0.0053590921	-0.0504888426	-0.0065298561	0.0185270957	0.0045691401	0.0238928839	-0.0528571426	0.0161395657	0.0174076394	0.04270885	0.0645169542	-0.0116141302	-0.0518563321	0.0058429885	0.0150306589	-0.0122196127	0.009436808	0.007261673	-0.0092931923	-0.0360040342	0.0094311697	0.0172984616	-0.0567894812	0.0642895706	0.0149475885	0.0083164435	0.0138247415	0.0383425997	0.0072779303	0.0063713715	0.0019410724	-0.0031500926	0.0208785839	-0.0158861937	0.0432490482	-0.0122508926	-0.0008963291	-0.0097692417	0.0342984896	-0.0340269493	0.0476425829	-0.0248083433	-0.0542488179	-0.0131480631	-0.0189475588	0.0138562101	-0.0266192086	-0.0172552462	0.0150264967	0.0005234415	0.0025380536	0.0218534146	0.0189777531	-0.0104831644	0.0446432964	0.0217527162	0.0016457533	0.0286533679	0.0159873825	0.0436610341	-0.0006763899	-0.0343477163	-0.0196910097	-0.0357341529	-0.004322495	-0.0421171772	-0.0418016827	0.0226524867	0.0096580655	-0.0470966375	0.0466983612	-0.0632106444	-0.0464199617	-0.0060611458	0.03385198	0.01321328	0.0177679511	0.0074075553	-0.0440434	-0.0198838773	0.0267445126	-0.0124069849	-0.0274332354	0.0339234061	0.0133764253	-0.0749776608	0.0090300155	-0.0079830238	0.0261073006	-0.0184834989	0.0355585901	-0.0279714289	-0.0270991336	-0.0553025204	0.0099986282	0.0045205747	-0.0476718388	-0.0071719671	-0.0235117708	0.0029546656	0.0189038736	0.0561077072	-0.0125131014	-0.0155825514	0.0604944483	0.0380335294	0.0151200178	0.0551248402	-0.0001352185	-0.0153354545	0.005919885	-0.0061597888	0.0159727424	0.0449669147	0.0339345034	0.014243795	-0.0103564847	0.0472247073	0.0214483	-0.0394708725	0.0102041419	-0.0276663241	-0.0326595814	0.0171972764	-0.0112001801	0.0152586036	-0.0006339031	-0.023384483	0.0251494015	-0.0195207379	0.0187305519	0.0198212397	0.0304986257	-0.021565726	-0.0512998517	0.0220121758	-0.020790811	-0.0513226007	-0.0331043366	0.002839679	0.0080544699	-0.0130260838	0.0146876467	0.0144411362	-0.0075067683	-0.0095860752	0.0048232246	0.0345973559	0.0078867417	-0.0337329349	0.0588852836	0.0280764193	0.0384585132	0.0048320999	0.0151159343	-0.0364068705	0.0308331571	-0.0059155387	-0.0152826459	-0.0507990156	-0.04812178	-0.0050139275	0.0292196425	-0.0065538918	-0.0480455921	0.0417203306	-0.0697591765	0.0300149384	0.0032960758	0.001671702	0.0079111457	-0.033988521	-0.0001024101	-0.0444009692	0.0484698715	-0.0133300563	-0.0016568807	0.0363457017	0.0287506034	0.0113890342	0.0360800288	-0.0534365679	-0.0068862826	-0.017856761	-0.0636135551	0.0365130184	-0.067628976	0.0179948966	0.0192378139	0.0060282817	-0.0277341857	-0.0043484183	0.0010726361	-0.0043228622	0.0315302046	-0.0267049581	-0.0640427187	0.0307534598	0.048148335	-0.0467907162	0.0404462362	-0.0305015125	0.0178417553	-0.0035938487	-0.0109739574	0.0245649379	-0.0359693177	0.044171958	-0.0484427166	0.04840144	-0.0440518025	0.0357809787	-0.02432518	0.0107041222	0.0038697424	-0.0180991493	0.0307174953	-0.0406015827	0.0468715983	-0.048969429	0.0467083402	-0.0402895985	0.0302845558	-0.0175837917	-0.0174323	-0.00534	2.851560000000001e-05	0.00030388508329	-4.62892	0.1317200000000005	21.4269003664	0.0173501584000001	-0.863959	-0.153227	0.023478513529	0.746425153681	-0.017065	-0.0003476	0.000291214225	1.2082576e-07	-0.00597214	-0.0004589499999999	3.56664561796e-05	2.106351024999997e-07	0.00222558	0.00015138	4.9532063364e-06	2.29159044e-08	0.0	0.0	0.0	0.0	0.0	0.0	0.0	0.0	0.0	0.0	0.0	0.0	0.0	0.0	0.0	0.0	0.0	0.0	0.0	0.0	0.0	0.0	0.0	0.0	0.0	0.0	0.0	0.0	0.0	0.0	0.0	0.0	0.0	0.0	0.0	0.0	0.0	0.0	0.0	0.0	0.0	0.0	0.0	0.0	0.0	0.0	0.0	0.0	0.0	0.0	0.0	0.0	0.0	0.0	0.0	0.0	0.0	0.0	0.0	0.0	0.0	0.0	0.0	0.0	0.0	0.0	0.0	0.0	0.0	0.0	0.0	0.0	0.0	0.0	0.0	0.0	0.0	0.0	0.0	0.0	0.0	0.0	0.0	0.0	0.0	0.0	0.0	0.0	0.0	0.0	0.0	0.0	0.0	0.0	0.0	0.0	0.0	0.0	0.0	0.0	0.0	0.0	0.0	0.0	0.0	0.0
55041.71403604095	41.9682843718474	3029590284.025307	1761.336893116251	67457.61864257812	531.2494033203111	4550530312.927503	282225.9285281866	55814.75049867021	72.72883107168309	3115286373.2288065	5289.482869053416	56021.18993815414	56197.87855494116	1.082214	24.792292	0.1115022000000003	0.0692801	0.0026988861	-0.0065999833	-0.0053659789	0.0004663715	-0.0262739475	0.0014149269	0.0309003069	0.0095788315	0.007140423	0.0425481387	0.013268591	-0.1024948046	-0.015553007	0.012184957	0.0212736624	-0.0409041748	0.0106194643	-2.82152e-05	-0.0003094443	0.0118761139	-0.0042203363	0.019154927	0.063416991	0.0603718311	0.0217510844	-0.0591248463	0.0454764352	0.0362862903	0.0021506558	0.0092147275	0.0128503398	-0.0101819748	0.0123137052	0.02436602	0.0330457617	-0.0703664811	0.0013576788	-0.0059587751	-0.0120255714	-0.0369591866	0.0333176983	0.0258146196	-0.0061520438	-0.0277640962	0.0115081243	0.041410717	-0.0606455874	0.0239806394	-0.0371214872	0.0580082296	0.0402270199	0.0145668328	-0.0011622108	0.0112558526	-0.0040372993	0.0521161436	0.0210240538	-0.0482456118	-0.0083992638	-0.0572708884	-0.0054383835	0.0236872806	-0.0324559302	-0.0082462573	0.0097893722	-0.0598944882	-0.0429924535	0.005697484	-0.0340645304	0.0048623175	-0.040157913	0.0688244138	-0.0251286279	0.0233383306	-0.011442652	-0.0203544481	0.0070082495	-0.0093588423	0.0078495561	-0.0184302056	0.0175415213	0.006815977	-0.0092042794	0.0168105154	-0.0382021929	-0.026145284	0.0057086818	-0.0029559694	-0.0110008574	0.0429363015	-0.0296836525	-0.0088810538	-0.0175234313	0.0021351773	0.0266478258	0.0300309793	0.0251293091	-0.0238288007	0.026179016	-0.0152164594	-0.002062587	0.0129056335	-0.0268684484	-0.0344045759	0.040657277	0.0081048391	0.0232694765	0.0038849559	-0.0064952001	0.0541311826	-0.065317406	-0.0223039699	-0.0001882016	0.0020929421	-0.0099635132	0.0039931801	-0.0217548156	-0.056343654	0.0712654418	-0.0041246817	0.0622248051	-0.0410029716	0.0331342075	-0.0032400062	0.0209001406	0.0157211404	-0.0070392781	0.0211703916	0.0290762708	0.0261078429	-0.0708250165	-0.0016257483	-0.0027146651	-0.0079982892	0.0297518998	-0.0413986948	-0.0255797121	-0.0332845263	0.0014716352	-0.021893584	-0.03981732	0.0590943858	0.0036831048	0.0432673258	-0.0591871967	-0.037745428	0.0070635596	0.013073875	0.0051038504	0.0218424873	-0.0384155386	0.0025930538	-0.0455215284	-0.0145385147	0.0547202846	-0.0186942557	-0.0286733257	0.0398180029	0.0005844732	0.0205259416	0.0600846611	0.0387651688	0.014024466	0.0339955029	0.0012776821	0.0275105138	-0.0724131697	-0.0372032399	0.0049864537	-0.0165895187	-0.0229169446	0.0088566507	0.0023643155	0.0054636092	-0.0220466071	0.0223734579	-0.0183636065	-0.0065689096	0.0052780518	-0.0397980567	-0.0334601573	-0.0009887854	0.006587125	-0.0068365725	-0.0021297786	-0.0516338869	0.0071226167	-0.0055691544	0.0128323293	-0.0190162777	0.0413477015	0.0018637325	0.0404436358	-0.0018717404	-0.0098723732	0.0238261064	-0.0105265048	0.0215177251	0.0262564567	0.0269265881	-0.0069833728	0.0297235757	-0.0408133137	-0.0095421499	-0.0181775157	-0.0508866319	0.0487977208	-0.049641564	-0.0112177272	-0.0164896959	0.0144290946	-0.0083473138	0.0509408659	-0.0815574766	0.0384096048	-0.0354910569	-0.0412596228	0.0743038002	-0.0459990397	0.0180269707	-0.0238966956	0.0100458728	-0.021849753	0.0226377114	-0.0012105463	0.0042382343	-0.0019568643	-0.0551001436	-0.0183912521	0.0341815315	-0.0708425751	-0.0037282508	-0.0468448038	0.040653077	-0.0309324975	0.0185268512	-0.0045129987	-0.0098926005	0.0234394817	-0.0349517203	0.0434300072	-0.0481383925	0.0486681691	-0.0449733504	0.0373746616	-0.0265316999	0.0133856785	0.0009222743	-0.01515017	0.0280629691	-0.0385397882	0.0456711967	-0.0488381591	0.0477657704	-0.0425471181	0.0336352026	-0.0218036145	-0.0149776	0.0024547	6.025552090000003e-06	0.00022432850176	-4.63574	-0.0068200000000002	21.4900853476	4.6512400000003685e-05	-0.8076719999999998	0.0562870000000002	0.003168226369	0.6523340595839997	-0.0174062	-0.0003411999999999	0.00030297579844	1.1641743999999989e-07	-0.00551319	0.0004589499999999	3.03952639761e-05	2.106351024999997e-07	0.00210692	-0.00011866	4.4391118864e-06	1.4080195600000009e-08	0.0	0.0	0.0	0.0	0.0	0.0	0.0	0.0	0.0	0.0	0.0	0.0	0.0	0.0	0.0	0.0	0.0	0.0	0.0	0.0	0.0	0.0	0.0	0.0	0.0	0.0	0.0	0.0	0.0	0.0	0.0	0.0	0.0	0.0	0.0	0.0	0.0	0.0	0.0	0.0	0.0	0.0	0.0	0.0	0.0	0.0	0.0	0.0	0.0	0.0	0.0	0.0	0.0	0.0	0.0	0.0	0.0	0.0	0.0	0.0	0.0	0.0	0.0	0.0	0.0	0.0	0.0	0.0	0.0	0.0	0.0	0.0	0.0	0.0	0.0	0.0	0.0	0.0	0.0	0.0	0.0	0.0	0.0	0.0	0.0	0.0	0.0	0.0	0.0	0.0	0.0	0.0	0.0	0.0	0.0	0.0	0.0	0.0	0.0	0.0	0.0	0.0	0.0	0.0	0.0	0.0
55065.95565419844	24.241618157495395	3032259472.1101494	587.6560508938104	67439.91303857422	-17.70560400390241	4548141870.650453	313.488413143005	55845.1479501632	30.397451492986875	3118680549.575617	924.00505726849	56043.39517795552	56436.401530159295	1.164676	26.681412	0.3983057993999996	0.208631	-0.002933033	-0.0122236684	-0.0045690228	-0.0022736938	-0.0620768007	-0.0069213858	0.0147850602	-0.0217119198	-0.0065658356	-0.0356850348	0.009190353	-0.0607575451	-0.056749779	-0.0038297444	-0.0442948917	0.0653740261	0.0236510353	0.0090632606	0.0055792706	-0.0308898572	-0.0655985032	-0.0014370804	-0.0103399486	-0.0480393783	-0.0001335677	0.012100627	0.0629155908	-0.0367668373	-0.024966964	0.0356636179	-0.0319648639	0.0561149835	0.0258091827	0.0295019399	-0.0005824154	-0.0530134797	0.0163985442	-0.0669196764	0.0640650967	0.0171351108	-0.0591691489	-0.0225691932	0.0181645483	-0.0434110859	-0.0123605619	-0.0393342186	-0.0782905575	-0.059909856	-0.0325594337	0.0442960159	0.0274735876	-0.0097053757	0.0232064527	-0.0339363924	-0.0233391841	0.0404640933	0.035798266	-0.0361272624	-0.0158767431	-0.0033781238	0.0678741202	-0.0272907765	-0.0107977355	0.0099337739	0.0344121237	0.0115142178	0.0005424562	-0.0306580577	0.0530492025	-0.0395482303	-0.0231179939	0.0018320866	-0.0098036884	-0.000533922	0.0488690559	-0.0407608452	-0.0500294123	-0.0489834238	-0.0216191201	0.0449956946	0.011360937	-0.0147742093	-0.0123768006	0.0161657864	-0.0221932796	-0.03093633	-0.0346734623	-0.0183460491	-0.0385279725	-0.0471487698	0.0049901061	0.057642173	-0.0512468781	-0.041789364	-0.047903503	-0.0245318474	-0.0014682879	0.0182169217	-0.0167378818	-0.0761709693	0.0172885705	-0.0249263175	0.0546405816	-0.0186867709	-0.0109743775	-0.0476982102	-0.0010320115	0.0225368519	0.0126321344	-0.0206334948	0.006950286	-0.0223711489	0.0096324409	-0.0027373132	0.0283678811	0.0673219392	0.004512319	0.0074219301	-0.0455800438	-0.0178458539	-0.0096899243	-0.057936743	-0.0397977406	-0.0355895912	0.0333583173	-0.0405282747	0.0581996811	0.0266182615	0.0365973973	-0.005043393	-0.0544965433	-0.0092889283	-0.0773164987	0.0583313402	-0.0208502759	0.0607836639	0.0342573671	-0.0484942456	0.0261507135	0.0101965008	0.0323237949	0.0481462395	0.0843696998	0.0340197721	-0.0338051333	-0.0234391524	0.0075525811	-0.0102582123	-0.016007567	-0.0003179048	-0.0073663742	-0.0339565548	-0.0480390328	-0.0167548497	-0.0276734761	-0.0720648621	0.0034743991	-0.0038086626	-0.0225319641	0.0369278306	-0.01110636	-0.0020358987	0.0181236676	-0.0588667696	-0.0241052533	0.0371451091	-0.0149971287	0.0082244903	-0.0106526547	0.0400814932	-0.0269491473	-0.0695843338	0.0383313505	-0.0360055269	-0.0150366003	-0.0079684576	-0.0043639575	0.0054063714	0.0159358222	-0.0054488003	-0.0384260048	-0.053480954	-0.0146004087	-0.054964795	-0.0226366374	-0.0001201316	0.0389181513	-0.052446184	-0.0144837225	0.041808293	-0.0469804891	-0.0038530082	-0.0407269243	0.0136105254	-0.0055803547	0.0729682224	-0.0058208188	0.0119562714	-0.0617743724	-0.030503161	0.0301969088	-0.0090442991	0.0051384753	0.0201336328	0.0049304463	-0.0146987579	-0.0271759079	-0.0188844441	-0.0075340856	-0.0231803933	-0.0494804638	-0.1218616457	0.0682798084	-0.0008437078	-0.1271814916	-0.0231200929	0.0498226791	0.0094259159	0.0459372845	-0.0237486103	-0.0285875309	-0.0222128177	0.0377900413	-0.0139019063	-0.005492521	-0.0158470362	0.0075392109	-0.0176944147	-0.0183220572	-0.0243428503	0.0203373688	0.0122837406	-0.0468982266	0.0408576104	-0.0313595323	0.0192077409	-0.0054305477	-0.0088061905	0.0222977292	-0.0339023846	0.0426381448	-0.0477657704	0.0488513503	-0.0458030203	0.0388787369	-0.0286644484	0.0160245105	-0.0020285429	-0.0121390845	0.0252794756	-0.0362806612	0.0442116967	-0.04840144	0.0484953459	-0.0444854679	0.0367111306	-0.0258302158	-9.28006e-05	0.0148847994	0.0002215572531782	8.611951360359999e-09	-4.79587	-0.1601299999999996	23.0003690569	0.0256416168999998	-0.670814	0.1368579999999998	0.0187301121639999	0.449991422596	-0.0164266	0.0009796	0.00026983318756	9.596161600000011e-07	-0.00492846	0.00058473	2.42897179716e-05	3.419091729000004e-07	0.00227125	0.0001643299999999	5.158576562499999e-06	2.7004348899999952e-08	0.0	0.0	0.0	0.0	0.0	0.0	0.0	0.0	0.0	0.0	0.0	0.0	0.0	0.0	0.0	0.0	0.0	0.0	0.0	0.0	0.0	0.0	0.0	0.0	0.0	0.0	0.0	0.0	0.0	0.0	0.0	0.0	0.0	0.0	0.0	0.0	0.0	0.0	0.0	0.0	0.0	0.0	0.0	0.0	0.0	0.0	0.0	0.0	0.0	0.0	0.0	0.0	0.0	0.0	0.0	0.0	0.0	0.0	0.0	0.0	0.0	0.0	0.0	0.0	0.0	0.0	0.0	0.0	0.0	0.0	0.0	0.0	0.0	0.0	0.0	0.0	0.0	0.0	0.0	0.0	0.0	0.0	0.0	0.0	0.0	0.0	0.0	0.0	0.0	0.0	0.0	0.0	0.0	0.0	0.0	0.0	0.0	0.0	0.0	0.0	0.0	0.0	0.0	0.0	0.0	0.0
55100.43609162832	34.480437429876474	3036058057.4876165	1188.900565355627	67221.85170507812	-218.06133349609445	4518777346.659514	47550.74516609492	55776.56953238334	-68.57841777985595	3111025708.8007936	4702.999385188463	55991.94626583313	56336.8365002917	1.066864	24.440649	0.3651282805999996	0.215431	-0.0007794764	-0.0050097381	-0.0045943136	0.0058975057	-0.0160254886	-6.3497e-05	0.0176380934	0.044026576	-0.0190303281	-0.0158768063	-0.0342417523	0.0116692143	-0.0035263847	-0.0131959636	-0.0046495829	-0.0216477547	0.0029681668	-0.01184545	-0.014627362	0.0198733245	0.0197048199	-0.0307324358	0.0111498919	-0.0018342522	-0.0435154949	0.0019229953	-0.0015908081	0.0116052725	-0.0249758308	0.0258175137	-0.0060403148	-0.0438714609	0.0038962234	0.0273038494	-0.0047524221	-0.0167307595	-0.0371959906	0.0286360952	0.0272822286	0.0071961518	0.0074634774	0.0094621408	-0.0228902216	-0.0012709239	-0.0166709955	-0.0563686472	0.0051198713	-0.0237522452	-0.0268998043	0.0285899252	0.0026429822	-0.0443396478	-0.0392776093	-0.0202121032	-0.0770653097	0.0014507956	0.0217093668	0.0089809147	-0.0098127863	-0.0125861029	-0.0298390852	-0.0035879267	0.0048847027	-0.0195770041	-0.0400737891	0.0230953433	-0.0470363741	0.0039447	0.009564719	-0.0155521997	-0.000391921	0.0271259186	-0.0017582566	-0.0335894586	-0.0220598342	-0.0871609423	-0.0284891337	-0.0063812833	-0.0521657008	0.0485366924	-0.0015233345	-0.0069465704	-0.0199673857	-0.0112784486	0.0424476697	0.029388997	0.0069197116	-0.0519157263	-0.0072682841	-0.0451594094	0.07131809	0.01377423	-0.0279949536	0.0472984883	0.0401508044	0.0309504452	-0.0078874025	0.0273962924	-0.0221149493	-0.0200965944	-0.0630693755	-0.0102465751	-0.0266807964	-0.0611140232	0.03397156	-0.0747078987	0.024896233	-0.0061957814	-0.039981107	0.00476091	0.0410202557	0.0145467822	-0.0130796307	0.0133545602	-0.019445458	-0.0217296868	0.0310776698	-0.0178678662	-0.0155998645	0.0410103967	-0.0011541334	0.0043148353	0.011064538	-0.024652246	0.0295163581	-0.0001928369	-0.0410636796	0.0068268381	0.0270925687	-0.0070621421	-0.0176617798	0.0329928278	0.028718926	0.0292806096	-0.0013380366	-0.0071774619	-0.004513335	-0.0146057166	-0.0200483594	0.0268388598	0.0540149499	-0.0051544668	0.0150978168	0.0102947324	-0.0214690833	0.0244437704	0.0443663623	-0.0025083309	-0.0435256932	0.0693847723	0.0263142072	-0.033839697	-0.0178032067	-0.0080379023	0.0208022095	0.0178315723	0.011068594	-0.0105696867	0.0178685402	-0.0192919196	-0.0312067027	0.0589817668	-0.0008616282	-0.0099758244	-0.0142472977	-0.0022979935	-0.0363130135	0.0057713816	-0.0425916722	-0.0158554546	-0.0596567201	-0.0494043694	-0.0032009907	-0.0707489102	0.0062748721	-0.0102322109	0.0115297143	-0.0158443146	-0.000260872	0.0488171257	0.0272840998	0.0119827832	0.0423583923	-0.0336873998	-0.004147848	0.0712043758	0.0231779646	-0.000994059	0.0528852829	-0.0314650393	0.0053513886	-0.0096788582	-0.0194239372	0.0385863211	0.063261204	0.0273501009	-0.031651863	0.0888586037	0.0153817431	-0.007891879	0.0561377364	0.0364585481	-0.0084641221	-0.0084658099	0.0300228701	0.0555235955	-0.0246144076	-0.0598875287	-0.0176213093	-0.007845466	0.0338635053	0.0069871142	0.0354117804	0.0069397813	-0.0164366132	-0.0104450202	0.0020845602	-0.0292058043	-0.0012663618	-0.0310163419	0.0264242375	0.0260446562	-0.0103563229	-0.0280703485	-0.004240913	-0.0195079375	-0.0120326398	0.0081740915	-0.0149003455	-0.0385493608	0.0036966079	0.0237864137	-0.046950984	0.0410598248	-0.0317825624	0.0198842699	-0.0063461704	-0.0077152822	0.0211404744	-0.0328222635	0.0417972809	-0.0473253789	0.0489506689	-0.0465391172	0.0402895985	-0.0307174953	0.0186121956	-0.0049719936	-0.0090782364	0.0223798066	-0.0338357689	0.0425013783	-0.0476620031	0.0488920593	-0.0460901072	0.0394872168	-0.0296279125	0.00490948	0.0050022806	2.502281120113636e-05	2.41029938704e-05	-4.63391	0.1619599999999996	21.473121888100003	0.0262310415999998	-0.816604	-0.1457899999999999	0.0212547240999999	0.666842092816	-0.0169177	-0.0004911	0.00028620857329	2.411792100000013e-07	-0.00542744	-0.00049898	2.9457104953600003e-05	2.489810404000004e-07	0.00232869	5.744000000000018e-05	5.4227971161e-06	3.2993536000000204e-09	0.0	0.0	0.0	0.0	0.0	0.0	0.0	0.0	0.0	0.0	0.0	0.0	0.0	0.0	0.0	0.0	0.0	0.0	0.0	0.0	0.0	0.0	0.0	0.0	0.0	0.0	0.0	0.0	0.0	0.0	0.0	0.0	0.0	0.0	0.0	0.0	0.0	0.0	0.0	0.0	0.0	0.0	0.0	0.0	0.0	0.0	0.0	0.0	0.0	0.0	0.0	0.0	0.0	0.0	0.0	0.0	0.0	0.0	0.0	0.0	0.0	0.0	0.0	0.0	0.0	0.0	0.0	0.0	0.0	0.0	0.0	0.0	0.0	0.0	0.0	0.0	0.0	0.0	0.0	0.0	0.0	0.0	0.0	0.0	0.0	0.0	0.0	0.0	0.0	0.0	0.0	0.0	0.0	0.0	0.0	0.0	0.0	0.0	0.0	0.0	0.0	0.0	0.0	0.0	0.0	0.0
55096.433257191806	-4.002834436512785	3035616957.6641912	16.022683526132624	67756.14909960938	534.2973945312551	4590895740.808496	285473.7058028877	55798.89882661388	22.329294230534288	3113517110.2626915	498.5973808337718	55995.87872784848	56565.164864042206	0.9305	21.316713	0.1882598099999995	0.0888354999999999	-0.0012428543	-0.0100206422	-0.0102806223	0.0036581672	-0.0225846252	-0.0003040598	0.0054819267	-0.0116049531	-0.0135260085	0.0359222878	0.0018401798	-0.0718385792	-0.0531430164	-0.0094291337	-0.0308700279	-0.0143625177	-0.0080028679	-0.019070375	-0.0157927409	-0.0159436322	0.003856008	0.0177664305	0.0399818263	-0.0028298743	0.0296652508	-0.0216721686	-0.0150302964	0.0588769688	0.0060222917	0.00918877	0.0298724575	0.0513590543	-0.0169885681	0.022416886	-0.0409641882	0.0129957626	0.0300251777	-0.0210597835	-0.0380474855	-0.0238420532	-0.049620604	-0.0361400653	-0.0213695167	-0.0335971699	0.0102960325	-0.0141997949	-0.046941243	-0.0010613507	-0.0352435116	-0.0035516007	0.000620183	-0.0187113023	0.0464635086	0.0389066069	0.0250525284	-0.0194849842	0.0311574833	-0.005102614	0.0521468296	-0.020739099	-0.0473044077	-0.0522274352	-0.0096742567	-0.0352792098	0.0059815849	-0.0251449993	0.0486072272	-0.043034536	-0.0293068228	0.0165661534	0.0031472328	-0.0138876603	0.0203904216	-0.0478500001	-0.0055096087	-0.0051562904	0.0264951296	-0.0528415006	0.0011461198	0.045379159	0.0480885944	-0.0063046099	-0.0270351889	-0.0241454205	-0.0008667783	-0.0542099399	-0.0054844271	0.0323418455	0.0285309391	-0.0919753427	0.0238319716	-0.0215859978	-0.0007753004	-0.0106097837	-0.0150713826	0.0043399255	0.0205494223	0.0162226429	-0.0241688379	0.0410507528	0.108256598	-0.0437460709	-0.0085977385	-0.0058197936	-0.0173520864	-0.009512022	-0.009401163	0.0013665396	0.0144445414	0.0310936563	-0.0218292064	0.0027590201	-0.0170724089	0.0178047448	0.0183928122	-0.0035494465	-0.0177204643	-0.0358673806	0.0130284811	-0.0330634494	0.0218578173	0.01336551	0.0538951779	0.0165613383	0.0168570815	0.0193490612	0.0578820923	-0.0174318979	0.0181804676	-0.0446804105	0.0138622085	-0.0262855465	-0.030226869	-0.0373106855	0.0237757646	0.0407508809	0.0368896849	-0.0627249063	-0.0153991362	-0.0094265066	0.0156361873	0.0381981076	0.0055226364	0.0420170807	0.0016312189	-0.0065532859	-0.0094577037	-0.0417530531	0.0406127047	-0.0028257525	0.0042494269	0.0403395654	-0.0324663392	0.0378076808	0.0305804589	0.0417940117	0.0542794828	-0.0269998599	-0.0022142619	0.0120387031	0.0345677826	-0.0670255125	0.0184069694	0.0159609919	-0.002053719	-0.0274394639	-0.0006454801	0.0310952701	-0.0429864853	-0.0018334065	0.002632864	0.0104177815	0.0662999923	-0.0492697242	0.0078239788	0.0319190835	-0.0270070162	-0.0011665276	-0.0284228106	0.0167596434	-0.0440370837	-0.0260468767	-0.0677687513	0.0008601611	-0.0094206615	0.0708110504	-0.0434247294	-0.0037533075	0.0166085678	0.011035403	0.0283427725	0.0078929117	-0.0435632594	-0.0256482151	-0.0652611143	-0.0374870446	0.0332891231	0.0166799532	-0.0218702187	-0.0171342921	-0.0025967838	-0.0204106226	0.0127037512	-0.0002806718	-0.0366040043	-0.0078179823	0.0050079135	0.0386514402	-0.0178239126	-0.0159196552	0.0045658252	-0.049078047	0.0601157246	-0.0302998654	-0.0377557587	-0.0012640923	-0.0137323905	0.0212910484	-0.0082203153	0.0101234685	-0.0100964877	0.0044264552	0.0204908246	0.0652073582	-0.0152772916	-0.0098849015	0.0106298117	-0.0310679293	-0.024565024	0.0161061582	-0.0283437812	-0.0036713241	-0.0470030752	0.0412597087	-0.0322015336	0.0205562846	-0.0072595419	-0.006620433	0.0199685217	-0.0317123377	0.0409083818	-0.046817843	0.0489659547	-0.0471801374	0.0416038638	-0.0326851323	0.0211404744	-0.007897389	-0.0059801733	0.019377288	-0.0312176297	0.0405499443	-0.046624473	0.0489531875	-0.0473489988	0.0419407874	-0.0331630496	0.00404967	-0.0008598099999999	7.392732360999998e-07	1.63998271089e-05	-4.69518	-0.0612699999999994	22.0447152324	0.0037540128999999	-0.7581879999999999	0.0584160000000001	0.003412429056	0.5748490433439998	-0.0159637	0.000954	0.00025483971769	9.10116e-07	-0.00517278	0.00025466	2.67576529284e-05	6.485171560000017e-08	0.00218307	-0.0001456199999999	4.765794624900001e-06	2.1205184399999983e-08	0.0	0.0	0.0	0.0	0.0	0.0	0.0	0.0	0.0	0.0	0.0	0.0	0.0	0.0	0.0	0.0	0.0	0.0	0.0	0.0	0.0	0.0	0.0	0.0	0.0	0.0	0.0	0.0	0.0	0.0	0.0	0.0	0.0	0.0	0.0	0.0	0.0	0.0	0.0	0.0	0.0	0.0	0.0	0.0	0.0	0.0	0.0	0.0	0.0	0.0	0.0	0.0	0.0	0.0	0.0	0.0	0.0	0.0	0.0	0.0	0.0	0.0	0.0	0.0	0.0	0.0	0.0	0.0	0.0	0.0	0.0	0.0	0.0	0.0	0.0	0.0	0.0	0.0	0.0	0.0	0.0	0.0	0.0	0.0	0.0	0.0	0.0	0.0	0.0	0.0	0.0	0.0	0.0	0.0	0.0	0.0	0.0	0.0	0.0	0.0	0.0	0.0	0.0	0.0	0.0	0.0
55116.3384915632	19.905234371392	3037810768.716571	396.2183553800454	66931.9022578125	-824.2468417968776	4479879539.849366	679382.8562121269	55704.42264756105	-94.47617905282824	3102982702.498112	8925.74840842206	55909.13304479365	56165.95640980114	1.00248	22.965681	0.1692856199999994	0.0852473	-0.0003444734	-0.008227058	-0.0055067235	0.0006130757	-0.017018714	-0.0231816413	0.0211833437	-0.0048436603	-0.0153557519	-0.0633730766	-0.0163863051	-0.004090677	-0.0078381161	0.0047068002	0.0054111998	-0.0136850942	0.0135961165	0.0159086368	-0.0544436129	0.0190239818	0.0160101714	-0.0184817258	0.003620129	0.0136868053	-0.0120929069	-0.0023744474	-0.0184937693	0.0500889541	-0.0430619673	-0.0322621318	-0.0028019998	-0.0385585635	-0.0046394763	0.0434464256	0.0009836123	0.0035879939	0.0046181333	-0.034976797	0.0132068667	-0.0340231023	0.032439962	0.0406032499	-0.0353900875	-0.0043135266	0.0063455393	0.0141102014	0.0445180638	-0.0145314576	-0.0383917249	-0.0491570241	-0.0033569284	0.0094158535	-0.0166646056	-0.0426435959	-0.0066163081	-0.0210162621	0.0379816385	0.0212798582	-0.040672813	0.0378338991	0.0156795326	0.0356063311	-0.0202952818	0.0208263242	-0.0189762013	-0.0354231497	0.0297072705	0.0045487427	0.0097224829	-0.0463000168	-0.0029687294	-0.0072445187	-0.0062072774	0.0006204343	-0.0005127069	0.0680128564	-0.0067608181	0.0022058216	-0.0143732641	-0.0071504865	0.0115496528	-0.015294231	-0.0454723692	-0.0205070167	0.0254578754	0.0492663307	0.0181084657	-0.0126286432	-0.0458679221	-0.0119483029	0.0261797266	-0.0513708691	0.0006000244	-0.0213954402	-0.0332156467	-0.0109424448	0.0163442354	0.098950171	0.0189405603	-0.0637206088	-0.0185137004	0.0031849832	0.0182413462	-0.0598408277	-0.0258559746	-0.0221721856	0.0396544021	0.0067971253	-0.0011530453	-0.0054238141	-0.0108907129	-0.0118304406	0.0169579905	0.054640376	-0.0174987118	-0.0183379067	0.0200381379	-0.0057669226	0.0051163149	0.0184472357	0.0021577058	0.0184124094	0.0562185521	-0.0323083269	-0.0282436907	0.0074409741	-0.0344430383	0.0024646875	0.0438554895	-0.0041924528	0.0011015527	-0.0033043838	-0.0344873535	0.011413068	0.0289044727	-0.0402320618	-0.0437501937	-0.0066639949	-0.0300478501	-0.0013196217	-0.0107228728	-0.0466512427	-0.0038695328	0.0224897835	0.0502646294	0.0105892575	0.0114023383	0.0245741124	-0.0376319264	-0.0152584425	0.044794785	-0.0284203762	-0.0287982114	-0.0248613026	-0.0331166374	-0.0028362316	-0.0116412199	0.0388344579	0.000341822	-0.0258738047	0.0171500827	-0.022512023	-0.015426429	-0.0255972446	-0.0310849656	0.0241339471	0.0162063963	-0.0125041585	0.0113393941	0.0017354222	0.0812673094	0.0064683818	0.00180474	-0.0080778486	-0.0057582203	-0.001555091	-0.0167249687	-0.0374082454	-0.0224556043	0.0269879409	0.040246046	0.0201090789	0.0266491403	-0.041748373	0.0418651212	0.0290529682	-0.0390609547	-0.035767064	0.0020476321	0.0378676673	-0.0227977403	-0.0093636285	-0.0444665449	0.0913183212	-0.026678622	0.050464108	-0.0213100515	0.0340313976	-0.0257124274	-0.0414084956	-0.0219331563	0.0388280653	-0.0034153493	0.0020647269	-0.0001087932	0.0003159543	0.0008141164	0.0079518541	-0.0193404994	-0.0091197794	0.0414328131	0.0062672186	0.0288388563	0.0151063759	-0.0186628664	-0.0059596745	-0.0028738745	-0.0232583464	0.0261576047	-0.0245698543	0.0014365396	-0.0349413528	-0.0070778652	-0.0260904731	-0.0002773143	-0.0165445053	-0.0091467089	0.0041837712	-0.0295163058	-0.0234439229	0.0077985668	0.0183447058	-0.0470544995	0.0414572508	-0.0326163926	0.0212236325	-0.0081703383	-0.005522202	0.018782686	-0.0305736153	0.0399724692	-0.0462438827	0.0488971813	-0.0477247713	0.0428183818	-0.0345618882	0.0236012772	-0.0107941057	-0.0028575952	0.0162857183	-0.028439649	0.0383684655	-0.0452953387	0.048678311	-0.048252699	0.0440518025	-0.0364042993	0.00315355	-0.0008961199999999	8.030310543999996e-07	9.9448776025e-06	-4.64172	0.0534599999999994	21.5455645584	0.0028579715999999	-0.821666	-0.0634780000000001	0.004029456484	0.675135015556	-0.016378	-0.0004142999999999	0.000268238884	1.716444899999995e-07	-0.0057004	-0.00052762	3.249456016000001e-05	2.783828644000004e-07	0.00227018	8.711000000000005e-05	5.1537172324e-06	7.588152100000009e-09	0.0	0.0	0.0	0.0	0.0	0.0	0.0	0.0	0.0	0.0	0.0	0.0	0.0	0.0	0.0	0.0	0.0	0.0	0.0	0.0	0.0	0.0	0.0	0.0	0.0	0.0	0.0	0.0	0.0	0.0	0.0	0.0	0.0	0.0	0.0	0.0	0.0	0.0	0.0	0.0	0.0	0.0	0.0	0.0	0.0	0.0	0.0	0.0	0.0	0.0	0.0	0.0	0.0	0.0	0.0	0.0	0.0	0.0	0.0	0.0	0.0	0.0	0.0	0.0	0.0	0.0	0.0	0.0	0.0	0.0	0.0	0.0	0.0	0.0	0.0	0.0	0.0	0.0	0.0	0.0	0.0	0.0	0.0	0.0	0.0	0.0	0.0	0.0	0.0	0.0	0.0	0.0	0.0	0.0	0.0	0.0	0.0	0.0	0.0	0.0	0.0	0.0	0.0	0.0	0.0	0.0
55175.1080064891	58.7695149259016	3044292543.5277376	3453.8558846257715	68001.16214257812	1069.259884765619	4624158052.7412	1143316.7011689849	55810.93841422872	106.51576666767504	3114860846.6768312	11345.608548802596	56017.96473224905	56752.23612203226	0.904443	20.719772	0.1448244799999998	0.0841799	-0.0029791467	-0.0095591538	-0.009490553	0.0041888931	-0.0094049967	0.0008477936	-0.0070243366	0.0340241896	-0.0029551381	0.0221403498	0.0135037111	-0.0507590258	-0.0293929002	-0.0121283117	0.0018335985	-0.0030989747	0.0036573918	-0.0092095599	-0.0103757872	-0.0023742034	0.0063347813	-0.0425912337	0.0053328986	-0.0033786594	0.0620538438	-0.0287661048	0.0197314422	-0.0078862118	0.0208837443	0.0501378354	0.018562563	-0.0147286272	0.0255722798	-0.0379884913	-0.0343349436	-0.0649042981	0.0339578102	-0.0341919547	0.0123342446	-0.0230988554	0.0226910795	0.0090857864	0.0432689027	-0.0009147114	0.0036265317	-0.0285707336	-0.0409880982	-0.0179066821	0.0315396136	-0.0299312821	0.0025864545	0.0210665783	-0.0144503059	-0.0291707548	0.0140570382	-0.0252508693	-0.0132127805	-0.0371975861	0.0172385355	0.0211819263	-0.0217254601	-0.0147721124	-0.0188108246	0.0239771496	-0.0077457513	-0.0217064504	-0.0274840219	-0.0458223626	-0.0744100754	0.0084209091	-0.0063529811	-0.0127289115	0.0617200019	-0.0444646539	0.0107387251	0.0209554107	0.0065176884	-0.0181680158	-0.0200476092	-0.0106397346	-0.0102554688	-0.0216603737	0.0075438857	0.0120001742	0.0216216922	0.0018552668	0.0101598606	-0.0188246358	0.0051387793	-0.0570129355	0.0431046643	0.0217180717	0.0032608335	0.0181802601	-0.0073061809	-0.0243926435	0.0379632793	0.0222069197	0.0297413293	0.0765689218	-0.0326802478	0.010145634	-0.0352092196	0.0097988298	0.0184323796	-0.0426705949	0.0598834654	0.0194462102	0.01882618	0.0413253906	-0.0311869814	-0.0176765794	-0.0095014327	0.0063994158	0.0058436333	-0.0083712773	0.0459965588	-0.0003013046	0.0157257917	-0.0594832612	0.0298670965	-0.0126123477	-0.0128861568	0.00729643	0.0551944655	0.0116742475	-0.0084970688	0.0304267826	-0.0408313887	-0.0307116085	-0.0631757884	-0.0375810389	-0.033044035	0.0074254756	0.0233429539	-0.0222078401	-0.0018766965	0.0154517743	0.0429451465	0.0021824121	0.0256269129	0.0349929897	0.023567874	-0.0271260241	0.0357267087	-0.0038474513	-0.0029480365	0.009454503	-0.0383115134	-0.0139270455	-0.0088316279	0.0493348611	0.0055401975	-0.0049518397	-0.0116099576	0.0180002151	0.0049587132	0.0107981651	-0.0388753029	-0.0235604638	0.0241070993	-0.0006244792	0.0487580227	0.0688341022	-0.011946542	-0.0169099728	-0.0109212151	0.0658979352	-0.0187738598	0.0072007033	0.0239585645	0.0040037568	0.0249358903	0.0048950452	-0.0140232787	-0.0208771096	-0.0082512845	-0.0051912818	0.0245093813	0.0187588671	0.014608338	-0.0082322657	0.003015011	-0.0224764444	-0.0057995191	0.0681187894	0.0124240026	0.0165678175	0.012421099	0.0073377031	-0.003933936	0.0423208548	-0.0005242935	0.0489239932	0.0045512174	-0.0633194452	0.0034870319	0.027283793	0.0521811094	0.0049611414	0.0546167914	0.0570541417	0.0043782823	-0.0024554869	-0.0640413951	-0.0304087815	0.0184458368	0.0001343717	-0.0167121828	-0.0138085865	0.0096347906	-0.0428170703	0.049568394	-0.0360984031	-0.0298627085	-0.0004279865	-0.017810987	0.032140484	-0.0067245272	0.0072387978	-0.0020359042	0.0296976127	0.0099712135	-0.0122183448	-0.0099172052	-0.0074863693	0.0014726631	-0.0163193732	-0.0147974841	0.0040930636	-0.0138883446	-0.021173489	-0.047105256	0.0416524399	-0.0330270864	0.021886162	-0.0090782364	-0.0044211503	0.0175837917	-0.0294071302	0.0389906186	-0.0456043123	0.0487444668	-0.0481719062	0.0439302406	-0.0363425447	0.0259867497	-0.0136516244	0.0002766972	0.0131193052	-0.0255160508	0.0359693177	-0.0436829132	0.0480693164	-0.0487944286	0.0458030203	-0.0393229378	0.00780853	0.0046549799999999	2.1668838800399994e-05	6.09731407609e-05	-4.70216	-0.0604399999999998	22.1103086656	0.0036529935999999	-0.7686199999999999	0.0530460000000001	0.002813878116	0.5907767043999997	-0.016485	-0.0001069999999999	0.000271755225	1.1448999999999885e-08	-0.00542744	0.00027296	2.9457104953600003e-05	7.450716160000003e-08	0.00242389	0.00015371	5.8752427321e-06	2.3626764100000013e-08	0.0	0.0	0.0	0.0	0.0	0.0	0.0	0.0	0.0	0.0	0.0	0.0	0.0	0.0	0.0	0.0	0.0	0.0	0.0	0.0	0.0	0.0	0.0	0.0	0.0	0.0	0.0	0.0	0.0	0.0	0.0	0.0	0.0	0.0	0.0	0.0	0.0	0.0	0.0	0.0	0.0	0.0	0.0	0.0	0.0	0.0	0.0	0.0	0.0	0.0	0.0	0.0	0.0	0.0	0.0	0.0	0.0	0.0	0.0	0.0	0.0	0.0	0.0	0.0	0.0	0.0	0.0	0.0	0.0	0.0	0.0	0.0	0.0	0.0	0.0	0.0	0.0	0.0	0.0	0.0	0.0	0.0	0.0	0.0	0.0	0.0	0.0	0.0	0.0	0.0	0.0	0.0	0.0	0.0	0.0	0.0	0.0	0.0	0.0	0.0	0.0	0.0	0.0	0.0	0.0	0.0
55180.61539564828	5.507389159181912	3044900315.442456	30.331335350674447	67685.15489160156	-316.0072509765596	4581280192.700094	99860.58266976233	55738.71590720201	-72.2225070267159	3106804450.983774	5216.090521224028	55946.84866161691	56647.4756100345	0.889738	20.382902	0.1126420600000003	0.062998	-0.0020022825	-0.005472919	-0.0038069185	0.0027848022	-0.0051499455	-0.0134692405	0.0055858146	-0.035110238	-0.0190411906	0.0192490997	-0.0198118356	0.0017893425	-0.0300484972	-0.0148884895	-0.0114448854	-0.0111949937	-0.0089285935	0.0201038776	-0.0371298649	0.0002884705	-0.0071690187	0.0224014068	-0.0063560518	-0.0295766322	-0.0321588418	-0.009901724	-0.0151048166	-0.0017957716	-0.0119672341	0.012666808	-0.029023015	-0.0412138864	-0.008103914	0.0292464827	-0.0126118954	-0.0239983263	0.0095445619	-0.0258551251	0.0013348212	0.0139099679	-0.0527065483	-0.0074093377	0.0113140693	-0.0161780403	0.0271056087	0.0317561028	-0.0046367335	-0.0162868573	-0.036292486	-0.035163956	0.0092094795	0.0113263265	0.0179806218	0.0153712196	-0.0066661797	0.0758957961	-0.0655238775	0.0222104643	-0.0021511535	0.028969175	0.0337917477	0.0145547466	-0.0047956332	0.0128808802	-0.0239507665	0.0034782241	0.0009348524	0.0079392838	-0.0116120355	0.0517464757	0.0264921357	-0.0003402228	-0.0005830576	-0.0136100758	-0.0549544573	-0.009022249	-0.001585769	0.0305279068	-0.0164476177	0.0288027749	-0.0581831421	-0.0354474662	-0.0184221885	0.0165243236	0.0303693837	-0.0291604696	0.0176177056	0.0079008295	-0.0115540638	0.0300116581	0.0483398073	0.0047691168	-0.0856222254	-0.0259265722	0.0461561764	-0.0159620115	-0.0276274584	0.0063095042	0.03016995	-0.0060555024	0.0318892154	-0.0062711563	-0.0289700873	0.0271344208	0.0019537555	0.0061746387	0.0173572927	0.0268153558	-0.0509982114	-0.0289133038	0.0117220512	0.0177420537	0.0207045939	0.0378461888	-0.0020639609	0.0069229383	-0.0199142154	0.000618838	-0.0408189271	0.0185147503	0.0088532596	0.0153840423	0.0001430317	-0.0101194277	0.0116700729	-0.0200483014	-0.0438289464	-0.0059111938	0.0319538299	-0.0137860495	-0.0246325377	-0.0047438776	-0.0290554099	0.0018577248	-0.0184547531	0.0497680414	0.0013065599	-0.020822955	0.0148211162	-0.0320954514	-0.0272232443	-0.0100534508	0.0087874193	0.040936855	0.0312440286	-0.027334037	-0.0155930846	-0.001482266	0.0221151992	-2.82877e-05	-0.0502157175	-0.0580159879	0.0472019391	0.0169093913	-0.0312046995	-0.0075541953	-0.0230655677	0.0297892638	0.0039582508	-0.0379402887	-0.0008805164	-0.0013456949	-0.0011758485	0.0090943718	0.0339553388	-0.0380756025	-0.0035281497	-0.0119773386	-0.0156565504	-0.0518508645	-0.0190395608	-0.0042136703	-0.0126535145	0.0010249117	0.0364335506	-0.0661192358	0.0269915539	-0.0314936695	0.0233033774	0.0282968618	-0.0342386022	0.0190504507	0.0047608359	0.0075655942	0.026593424	0.0049223311	0.0524354766	-0.0698502684	0.0490436999	-0.0584123898	-0.0251265142	-0.0133983499	0.0011224291	-0.0033540796	-0.0334442982	-0.0002586401	0.0229881512	-0.0166869651	0.0275628509	0.0071083223	-0.0004103238	0.03491516	-0.0164718677	0.0251595899	0.0233062447	0.0515570762	-0.0138905048	0.0450535372	-0.0177468494	-0.0107886351	0.0366477968	0.0044555349	0.0273771822	0.0256627187	-0.0334955591	-0.0032659341	0.0186264446	-0.02873071	-0.0058562188	-0.0234245634	0.0020266794	-0.0127000222	0.0136805946	0.0534394247	-0.0137725603	0.0040492478	-0.0169590193	0.0043186814	-0.0060107793	-0.0278127622	0.0202625466	0.020045239	-0.0471553442	0.0418452649	-0.0334335625	0.0225437227	-0.0099829142	-0.0033178403	0.0163726724	-0.0282139416	0.0379639583	-0.0449000392	0.0485080733	-0.0485206286	0.0449367745	-0.0380221508	0.0282892778	-0.0164595684	0.0034098553	0.0098926005	-0.0224618045	0.0333661115	-0.0417972809	0.0471303837	-0.0489701238	0.0471801374	-0.0418931005	0.0089940899999999	0.0011855599999999	1.4055525135997645e-06	8.089365492809822e-05	-4.67057	0.0315900000000004	21.8142241249	0.0009979281	-0.816388	-0.0477680000000001	0.002281781824	0.666489366544	-0.0163375	0.0001474999999999	0.00026691390625	2.1756249999999507e-08	-0.00568529	-0.0002578499999999	3.23225223841e-05	6.648662249999977e-08	0.00218727	-0.00023662	4.784150052899999e-06	5.598902440000015e-08	0.0	0.0	0.0	0.0	0.0	0.0	0.0	0.0	0.0	0.0	0.0	0.0	0.0	0.0	0.0	0.0	0.0	0.0	0.0	0.0	0.0	0.0	0.0	0.0	0.0	0.0	0.0	0.0	0.0	0.0	0.0	0.0	0.0	0.0	0.0	0.0	0.0	0.0	0.0	0.0	0.0	0.0	0.0	0.0	0.0	0.0	0.0	0.0	0.0	0.0	0.0	0.0	0.0	0.0	0.0	0.0	0.0	0.0	0.0	0.0	0.0	0.0	0.0	0.0	0.0	0.0	0.0	0.0	0.0	0.0	0.0	0.0	0.0	0.0	0.0	0.0	0.0	0.0	0.0	0.0	0.0	0.0	0.0	0.0	0.0	0.0	0.0	0.0	0.0	0.0	0.0	0.0	0.0	0.0	0.0	0.0	0.0	0.0	0.0	0.0	0.0	0.0	0.0	0.0	0.0	0.0
55181.81866698593	1.2032713376465836	3045033111.3961167	1.4478619120017986	67392.61425390626	-292.5406376953033	4541764455.975809	85580.02470317471	55759.68292885638	20.96702165437455	3109142240.3265977	439.6159970550112	55963.97879251903	56319.63675235897	0.886065	20.298754	0.0478149799999999	0.0326632	-0.0016040112	-0.0105659676	-0.0089147393	0.0021370598	-0.0006880275	-0.0182697857	-0.007844469	0.0037203468	0.0052993166	-0.0554637389	0.013149325	-0.0577515884	-0.0057511467	0.0029618878	-0.0084231635	-0.0282629219	0.0185950384	-0.0091042814	-0.02525426	0.0017817743	-0.0096239173	-0.0209255736	0.0612964034	0.0255694109	0.0309235333	-0.0401344265	0.0282562038	0.0327505192	-0.0334311945	0.0276613001	-0.030277898	0.0010418892	-0.0405737596	-0.0124362615	0.039588628	-0.0458650872	0.0162620357	-0.0593649392	-0.065173346	0.0214758481	0.0171912785	0.0048725979	-0.0226989578	-0.0465879894	0.0231417125	0.0089749952	-0.00172964	0.0005126478	-0.0195334211	-0.0020372006	0.0240429989	0.0198086786	0.0264426557	0.0254767197	-0.0039073992	-0.0024915257	-0.0095137068	0.0162534768	-0.0028299633	0.0422413324	-0.0662184103	-0.036091994	0.0254419105	-0.0138611375	0.034737705	0.0029663876	-0.0257573992	-0.0640458075	0.0583987917	-0.0004111281	0.0476160934	-0.0509095655	-0.0075804553	-0.027712683	-0.0212755436	-0.0157600535	0.0523402374	-0.0433515037	0.0055426635	0.0060657869	-0.0216196709	0.0060534073	-0.0190573596	-0.0066693707	0.0414414723	0.0187047804	-0.0310724998	0.0163419811	-0.0132040958	-0.0269723109	-0.0004289726	0.0404726166	0.005636619	-0.0013958318	0.00957589	0.0311993339	0.0249313678	0.064755309	-0.0014869256	-0.0189604694	-0.0526764081	0.007242372	-0.0454986138	0.0111909366	-0.0232783626	0.0167819396	-0.0043856176	-0.0428862125	0.006345801	-0.0236056673	0.0105526489	0.0721497156	-0.0074721649	0.0244876236	0.0009942754	0.0073739512	0.0207161164	-0.05250098	0.0438978513	-0.0265052346	0.0405652282	-0.0265749118	0.0351881088	-0.02905186	0.0230208578	-0.0286387305	-0.0020800281	-0.0430851778	-0.0022612978	0.0388019809	-0.0484438747	-0.0100368958	-0.0602619043	-0.057552704	-0.0293192415	-0.0272838975	-0.0060676003	-0.0459071382	-0.0123200721	-0.0214015779	-0.0153351192	0.0013681021	-0.0090289555	0.0149237025	0.0058815346	-0.0320001639	-0.0124446317	0.0083181945	0.0243726658	0.0048112605	0.009593714	-0.0015005743	0.0115928706	-0.0046495086	-0.0182719593	0.0790899944	0.0222978941	-0.0340918707	-0.0201884053	0.0388869796	-0.0027330548	0.0167086915	0.0581027667	-0.0640168408	-0.0240000413	-0.044072793	0.0535672464	0.0065531503	-0.0250932868	-0.0175769298	-0.0351490273	0.0348852097	0.0436459653	0.0047384118	-0.0028363672	-0.0069783421	0.0228107414	-0.0143336449	0.007181451	0.0442269717	0.0268170129	-0.0241319239	-0.0115105994	-0.0052687579	0.0109118293	0.0070491594	0.0124423124	0.0143639333	-0.0221387676	-0.0100619598	0.0027155644	-0.0091182876	-0.0236903976	0.0839982205	0.0381098481	0.0171117321	-0.0158154635	0.0124436627	0.0484924301	-0.0062191071	-0.0154253223	-0.028702144	0.0609919909	-0.0056960166	0.018727966	0.0545772169	0.0179497686	-0.0092119001	-0.0172718107	-0.0195951792	0.0297675026	-0.0185618265	0.0357745172	-0.0379465032	0.0015814658	0.0051046234	-0.0299564037	0.0290551478	0.0051785036	0.0203168444	-0.0084041777	-0.0211327412	-0.0169806132	-0.0185126587	0.0131830846	-0.0132221058	-0.0033102286	-0.0278792524	-0.0189200485	-0.0020967338	-0.0149429921	-0.0166772062	-0.0472047632	0.0420357148	-0.0338357689	0.0231961654	-0.0108840509	-0.0022128355	0.01515017	-0.0269951331	0.0368936684	-0.0441320627	0.0481884067	-0.0487702262	0.0458355703	-0.0395960362	0.0305015125	-0.0192077409	0.0065290352	0.006620433	-0.0192925486	0.0305736153	-0.0396502352	0.0458679577	-0.0487784667	0.0481719062	-0.0440920108	0.00967107	0.00067698	4.583019204001348e-07	9.35295949449e-05	-4.66367	0.0068999999999999	21.7498178689	4.760999999999871e-05	-0.787427	0.028961	0.000838739521	0.620041280329	-0.016473	-0.0001355	0.000271359729	1.8360250000000057e-08	-0.00561745	6.783999999999957e-05	3.1555744502500006e-05	4.602265599999941e-09	0.00220947	2.22e-05	4.881757680899999e-06	4.928399999999998e-10	0.0	0.0	0.0	0.0	0.0	0.0	0.0	0.0	0.0	0.0	0.0	0.0	0.0	0.0	0.0	0.0	0.0	0.0	0.0	0.0	0.0	0.0	0.0	0.0	0.0	0.0	0.0	0.0	0.0	0.0	0.0	0.0	0.0	0.0	0.0	0.0	0.0	0.0	0.0	0.0	0.0	0.0	0.0	0.0	0.0	0.0	0.0	0.0	0.0	0.0	0.0	0.0	0.0	0.0	0.0	0.0	0.0	0.0	0.0	0.0	0.0	0.0	0.0	0.0	0.0	0.0	0.0	0.0	0.0	0.0	0.0	0.0	0.0	0.0	0.0	0.0	0.0	0.0	0.0	0.0	0.0	0.0	0.0	0.0	0.0	0.0	0.0	0.0	0.0	0.0	0.0	0.0	0.0	0.0	0.0	0.0	0.0	0.0	0.0	0.0	0.0	0.0	0.0	0.0	0.0	0.0
55258.15343893101	76.33477194508305	3053463521.480443	5826.997407907838	67594.2987314453	201.6844775390491	4568989220.995869	40676.62848019921	55808.21486830573	48.53193944934901	3114556846.786981	2355.349146715279	56017.27908502319	56680.33560648336	0.868955	19.906769	0.1301762299999999	0.070276	-0.0035230656	-0.0093398645	-0.0054385402	0.0073681713	0.0022747127	-0.0036591781	-0.0093824386	0.0262894383	-0.0255045248	0.0104892002	-0.0088673092	0.0261856974	-0.0334902656	-0.0211380487	-0.0006304457	-0.0044897061	0.0265893142	0.0047206886	-0.0071919561	-0.0115604546	0.0399998581	-0.0184053133	-0.0445547979	-0.0143407524	-0.0302856367	0.0062413181	0.0071469163	-0.0078771818	0.0094692664	-0.0279555925	0.0028787637	-0.0200018486	-0.0160758998	0.0117825617	-0.0292275327	-0.0311023887	-0.0016591556	-0.0381426145	0.0178678912	-0.0098766204	-0.0080669962	-0.0441724392	-0.0132090712	0.0288897533	0.0218445152	0.0094980488	-0.0264356649	0.0245241027	-0.0284311762	-0.0352413801	-0.0140793729	0.0148085538	0.0100122319	0.016591944	0.0137452797	-0.0166858043	0.0284403607	0.0084094442	-0.0334806139	-0.0262250727	0.0059052588	0.0105806517	0.0121798282	-0.0098008158	0.055001978	0.0213585163	0.0146917104	0.0087279301	-0.0132623642	0.0535330913	-0.0634643194	-0.0072481048	-0.0269463901	0.0324858307	-0.0193555806	0.0098065374	-0.0355189148	-0.0408864545	-0.0007413485	0.0183830054	-0.0372192127	-0.0125163216	0.0118107029	0.0280825126	-0.0154734025	-0.013435214	-0.0152162306	0.0279932723	0.004753988	-0.0270902883	0.0138268759	0.0340997113	-0.0152885172	-0.0288791758	0.0312356678	0.0202050849	-0.0106770484	0.0349142071	0.0362521765	0.0081167778	-0.0092216189	0.0042990987	-0.0101231612	-0.0177948499	-0.0229200627	-0.007859568	0.0072391318	0.00190879	0.007930254	0.0191011443	0.0236511355	-0.0335657586	0.0043947534	0.0053137426	0.0122779959	-0.038574905	0.0181927531	0.0375448921	-0.0324993331	0.0257719462	-0.005960149	-0.0078173806	-0.0093288586	0.0085467669	-0.0224545669	0.0123461896	-0.02047438	-0.009044595	0.0122656822	-0.032889984	-0.0328297149	0.0008870832	-0.0384330728	0.0154205687	0.0186813738	0.0116181223	0.0414901311	0.0195742893	-0.0201695628	-0.0257933416	-0.0032135038	0.031510942	-0.0270647256	0.034271456	0.0320486361	0.0040061551	-0.0144452709	0.0071379493	0.0209714682	-0.009780113	0.016531576	-0.0039951077	-0.0113137097	-0.0258656941	0.0203457108	-0.0058310018	-0.0055151469	-0.0174178454	0.0137094528	0.0524843704	-0.0155865579	-0.0391028291	0.0150593436	0.0158782751	0.0758335878	0.0542368274	-0.0012981799	-0.0275122573	0.0190596002	-0.024384102	0.013039257	-0.0393734321	0.0415720492	-0.0023790634	-0.0077902213	-0.0277341802	0.0219868927	0.0030983117	0.0252530271	-0.0183344834	-0.0057538163	-0.0212130559	-0.0376179263	0.0137775924	-0.0053714949	0.0203689717	0.0249761732	-0.0178274177	-0.0184760739	-0.0364350087	-0.0010772484	-0.0236276182	0.0061816267	0.0423080854	-0.0191187542	-0.0082369761	-0.0037932628	0.0173611457	0.0195031493	-0.0170678923	-0.0135291116	0.006199837	-0.0035746922	-0.0190841937	-0.0188679021	-0.0191247295	-0.0279841376	-0.020016903	-0.0192035547	-0.0084675748	0.0260733207	-0.009800375	0.0230498137	0.0400690916	-0.052040899	0.0066008332	0.0187087581	-0.0176945102	-0.0353099529	-0.0296656951	-0.0009623634	0.0175768604	0.0187744347	-0.0181804809	-0.023635673	-0.0230369236	0.0180624032	-0.0023472781	-0.0125035516	-0.0228573303	0.0358688876	-0.0035637247	-0.0472535125	0.0422237789	-0.0342336544	0.0238433419	-0.0117813266	-0.0011067004	0.0139171345	-0.0257518113	0.0357809787	-0.0433014723	0.0477860158	-0.048920189	0.046624473	-0.0410598248	0.0326163926	-0.021886162	0.0096214501	0.0033178403	-0.0160245105	0.0276076712	-0.0372552045	0.0442907033	-0.048220895	0.0487702262	-0.0459001824	0.0188948	0.00922373	8.507719511289998e-05	0.00035701346704	-4.70989	-0.0462199999999999	22.1830638121	0.0021362883999999	-0.8215139999999999	-0.0340869999999998	0.0011619235689999	0.6748852521959997	-0.0158749	0.0005981	0.00025201245001	3.577236100000009e-07	-0.00582132	-0.0002038699999999	3.38877665424e-05	4.156297689999968e-08	0.00222041	1.0940000000000082e-05	4.9302205681e-06	1.196836000000018e-10	0.0	0.0	0.0	0.0	0.0	0.0	0.0	0.0	0.0	0.0	0.0	0.0	0.0	0.0	0.0	0.0	0.0	0.0	0.0	0.0	0.0	0.0	0.0	0.0	0.0	0.0	0.0	0.0	0.0	0.0	0.0	0.0	0.0	0.0	0.0	0.0	0.0	0.0	0.0	0.0	0.0	0.0	0.0	0.0	0.0	0.0	0.0	0.0	0.0	0.0	0.0	0.0	0.0	0.0	0.0	0.0	0.0	0.0	0.0	0.0	0.0	0.0	0.0	0.0	0.0	0.0	0.0	0.0	0.0	0.0	0.0	0.0	0.0	0.0	0.0	0.0	0.0	0.0	0.0	0.0	0.0	0.0	0.0	0.0	0.0	0.0	0.0	0.0	0.0	0.0	0.0	0.0	0.0	0.0	0.0	0.0	0.0	0.0	0.0	0.0	0.0	0.0	0.0	0.0	0.0	0.0
55266.243533684654	8.090094753642916	3054357674.3245406	65.44963312292063	67603.96097460938	9.662243164071697	4570295539.456508	93.35894296165024	55831.16521284152	22.950344535791373	3117119009.0236053	526.718314311529	56033.24079559646	56570.78202118317	0.977239	22.387436	0.1131685999999994	0.063276	-0.0008948343	-0.0086548334	-0.006456501	-0.0028613181	0.017106053	-0.0264278914	-0.027454202	-0.047739564	0.0139848617	-0.0198385363	-0.0102133129	-0.0145137323	0.0040950381	0.0063183252	-0.0083629276	-0.0366802951	-0.0201839659	-0.024930995	-0.0342163524	0.0197397053	-0.0158235363	0.0278868059	0.0380126018	-0.0015805252	0.0386052466	-0.0271830853	-0.021089965	0.0311691081	0.0359736334	0.0075142974	-0.0013900844	-0.0141043899	-0.0471801521	-0.02834202	0.0056232986	0.0082830989	-0.0225631801	0.0564967987	-0.0052861243	-0.0188571757	0.0626217068	0.0332354333	-0.0054714458	-0.0188768124	0.0367707855	0.0207643846	-0.0326914752	0.0141086755	-0.0235597589	-0.0246236743	0.0763565014	0.059876083	-0.0123634086	0.0117595109	0.0004287965	-0.0080073948	-0.0319076563	0.0232782191	0.0860791675	-0.0060683744	0.0275810752	-0.053404037	0.0341614674	0.0400595908	-0.0256390024	-0.0121690735	-0.0323907008	0.0076575214	-0.0428455731	-0.0003228488	0.033503909	-0.0276864791	0.0010552971	-0.0049206641	0.0775971603	-0.0530715856	-0.0320913517	-0.0422349649	0.0472241676	-0.0039437457	0.0037043372	-0.0289188703	0.009379332	-0.0137480946	-0.0366304813	0.0185268508	-0.0319354624	-0.0274063238	0.0774970748	0.0365096735	-0.0066487405	-0.0327367103	0.0100219743	0.0347420776	-0.0339815264	-0.0262832084	-0.0089771888	-0.0470290916	-0.0338247551	0.0119462406	-0.0071589341	-0.0111523658	0.0337250506	-0.0132349393	-0.0235767422	-0.0601801799	-0.0008289614	-0.0498721686	-0.0019856373	-0.0456996599	-0.0168951039	-0.0123689392	-0.02281682	0.0367289527	-0.0177050105	0.0131987764	-0.0251445233	-0.028933089	0.0197443952	-0.0418836868	0.0247383811	0.0181783554	0.0318730529	0.0386307013	0.0079789996	0.0003232119	-0.0220192235	-0.0425185118	-0.0291318553	0.0093641559	0.0077679457	0.0192008181	0.0572178266	0.0117835509	0.0092446282	-0.0682263928	-0.0323845858	-0.0205597617	0.0056988477	-0.0436657495	-0.0139285354	0.0302390515	-0.0040398219	0.0194475248	0.0227616648	-0.0864298466	0.0030068626	0.0520760076	0.0024656789	0.0049099555	0.0001025968	0.0215169314	0.0328433374	0.0867114822	-0.007573428	-0.0235382516	0.0153869632	-0.0451128779	-0.035454627	-0.0460380505	0.0290075972	0.0300910042	-0.0003058473	0.0427558237	-0.0056298696	-0.0144844096	0.0278649556	0.0076886083	-0.0087772751	0.0783846731	-0.0554431129	-0.0556885235	0.0368992496	0.044054075	0.0148130854	-0.0043801798	-0.0184158738	0.0212434639	-0.0212319823	-0.0287931316	0.0090095796	-0.0042412322	0.0453681731	0.0612360655	-0.0531211124	-0.0170709515	-0.0285353999	0.0209131186	0.029178228	0.0401230387	-0.0199962123	0.0114231425	0.0074554369	-0.043891438	0.0266086102	-0.0071394579	-0.0090445192	0.0152273843	-0.0512621339	-0.0398709806	0.0486759719	0.0034786398	0.0189601347	-0.0493688357	0.0478865738	-0.0312290678	0.0098641855	0.0062944693	-0.0175725292	-0.0147743437	0.044654261	0.0120442155	0.0201275212	-0.0260115001	0.041746762	-0.0065271171	-0.0130191389	-0.0245534982	0.0414765883	0.0246386235	0.0306389732	-0.0123157883	-0.019735311	0.0310977077	0.0057607259	-0.0035563834	-0.0063880039	-0.0036912661	-0.0111847741	-0.0039987261	-0.000328076	0.0042968654	-0.0473015912	0.0424094465	-0.0346271681	0.0244851053	-0.0126744232	-0.0	0.0126744232	-0.0244851053	0.0346271681	-0.0424094465	0.0473015912	-0.0489702107	0.0473015912	-0.0424094465	0.0346271681	-0.0244851053	0.0126744232	0.0	-0.0126744232	0.0244851053	-0.0346271681	0.0424094465	-0.0473015912	0.0489702107	-0.0473015912	0.0140952	-0.0047995999999999	2.3036160159999992e-05	0.00019867466304	-4.66089	0.0489999999999994	21.723895592100003	0.0024009999999999	-0.830291	-0.0087770000000001	7.703572900000256e-05	0.689383144681	-0.0166993	-0.0008243999999999	0.00027886662049	6.796353599999991e-07	-0.00577811	4.3209999999999256e-05	3.3386555172100005e-05	1.867104099999936e-09	0.00207618	-0.0001442299999999	4.3105233924e-06	2.0802292899999992e-08	0.0	0.0	0.0	0.0	0.0	0.0	0.0	0.0	0.0	0.0	0.0	0.0	0.0	0.0	0.0	0.0	0.0	0.0	0.0	0.0	0.0	0.0	0.0	0.0	0.0	0.0	0.0	0.0	0.0	0.0	0.0	0.0	0.0	0.0	0.0	0.0	0.0	0.0	0.0	0.0	0.0	0.0	0.0	0.0	0.0	0.0	0.0	0.0	0.0	0.0	0.0	0.0	0.0	0.0	0.0	0.0	0.0	0.0	0.0	0.0	0.0	0.0	0.0	0.0	0.0	0.0	0.0	0.0	0.0	0.0	0.0	0.0	0.0	0.0	0.0	0.0	0.0	0.0	0.0	0.0	0.0	0.0	0.0	0.0	0.0	0.0	0.0	0.0	0.0	0.0	0.0	0.0	0.0	0.0	0.0	0.0	0.0	0.0	0.0	0.0	0.0	0.0	0.0	0.0	0.0	0.0
55213.9488356859	-52.29469799875369	3048580146.0297403	2734.735438780853	67106.48648388672	-497.4744907226559	4503280528.212071	247480.86891976584	55844.07599242928	12.910779587757132	3118560823.4482164	166.68822956364625	56045.77459896824	56612.68577595501	1.079573	24.731794	0.4062063999999993	0.194271	-0.0044086206	0.0004340028	0.0077872112	0.003629496	0.02504627	0.0074416838	-0.0074811436	0.0246440116	-0.0145472958	-0.0184542099	0.0366230099	0.1070244426	0.0201840021	0.0591963945	-0.0369233261	-0.0253932565	0.0189738738	-0.0192005461	0.025096144	0.0175427247	-0.0028517963	-0.0175925462	-0.0490306931	-0.0330160426	0.033052786	-0.0651430063	0.0216461214	0.0434489156	0.0297138957	-0.0321527653	-0.0441681113	-0.0260927904	0.0053433997	0.0029496849	-0.012786178	0.0260829124	-0.0215592987	0.0317315526	0.0475607615	0.0149871252	0.0305109696	0.0365219517	-0.0640420028	0.0605532851	-0.0152122996	0.0049256783	0.0539966549	-0.0039875977	0.0435659119	-0.0053875837	0.061442011	0.0044768683	-0.0154296312	-0.0194049051	-0.0122681484	0.0192624796	0.003765887	-0.0372431317	-0.0506662484	-0.0314216485	0.0321036669	0.0565953384	0.0449208544	0.0207541557	0.007184143	0.054447493	-0.0499097812	0.0621783973	0.0580971869	0.0267717859	-0.0443902793	0.0122670887	-0.0387648938	0.0177436532	-0.0751137007	0.0537872967	-0.040640046	0.0114141827	-0.0118900528	0.0334582221	0.0175802044	-0.0060957511	-0.0065455302	0.0089513311	0.0057168616	0.0064733852	0.0098595587	0.0165516821	0.0046885387	0.0107377781	-0.0956134905	0.0205566712	0.0100127753	-0.0250286235	-0.0409688298	0.0008158994	0.0491426002	-0.0008570164	-0.0257136028	-0.0324603163	0.0045283548	0.0131508752	0.0357210584	0.0182569251	-0.0162974443	0.0085924327	-0.0131792875	-0.0432627384	0.0158545852	-0.0295364267	-0.0328975029	0.0031157785	-0.0201963017	-0.0246606531	-0.0171605484	0.0026844296	0.0172881394	0.0517114756	-0.0223529563	-0.0385091342	0.0590339314	-0.026888677	0.050230507	0.0334500327	-0.0353573884	-0.0330413713	-0.0369244963	0.0079181576	0.0017393044	-0.0113340034	0.0238528469	0.0166012897	0.0395931508	0.0479002326	-0.0096800816	-0.0258627445	-0.0392535021	0.0616913989	-0.0697654867	0.0117619547	0.0076727719	-0.0446680646	-0.0006243406	-0.0383298278	-0.0014207967	-0.0581632714	0.0199650899	-0.0015466908	-0.0236909435	0.0061056342	-0.0221490285	-0.0028629802	-0.0087417689	-0.0474778201	0.0048881813	-0.0504777839	-0.0773429781	-0.0218206156	0.0220149243	0.0149219632	-0.0675691038	0.0628669186	-0.0235440931	-0.0366813773	0.0651082598	0.0409665285	-0.0050374015	-0.0422714372	0.010232722	-0.07854988	0.0677029621	-0.0152052746	-0.0081071234	-0.0274428972	0.0059780753	-0.0026766296	-0.0089955315	-0.0012774469	0.0086769304	0.0054338904	-0.0134955677	0.0260991709	-0.027149895	-0.0121382657	-0.0348801568	-0.0810396719	-0.0189597283	0.0105402222	-0.0457524413	0.0339782294	0.018870291	0.0212439548	-0.0122669186	0.011653838	0.0044616137	0.0331355101	-0.013409203	-0.0398721183	-0.0324779954	-0.0053346122	-0.003983296	-0.0303122278	0.0222659274	-0.0331052155	0.0236201135	-0.0483810086	0.0273534323	-0.0079891214	0.0015851543	-0.0005140257	0.0132253357	0.0805648365	-0.0752885686	0.0445421054	-0.0079924803	0.0376147143	-0.0681235198	0.0077688079	-0.0024658936	-0.01340798	-0.0151203403	-0.0008791486	0.0010062738	-0.0340477022	0.0024636743	0.0081372205	0.0304117848	0.0036326766	-0.0012596606	-0.0038952745	0.0459123426	0.0083067501	-0.0473489988	0.042592707	-0.0350162597	0.0251213099	-0.0135630238	0.0011067004	0.0114229	-0.0231961654	0.0334335625	-0.0414572508	0.0467359647	-0.048920189	0.0478653016	-0.0436411487	0.0365274207	-0.0269951331	0.0156754391	-0.0033178403	-0.0092594399	0.0212236325	-0.0317825624	0.0402370998	-0.0460274517	0.0487702262	-0.0482838183	-0.0302827	-0.0443779	0.00196939800841	0.00091704191929	-4.69091	-0.0300199999999994	22.0046366281	0.0009012003999999	-1.00363	-0.173339	0.030046408921	1.0072731769	-0.0189077	-0.0022083999999999	0.00035750111929	4.8770305599999966e-06	-0.00663599	-0.0008578799999999	4.40363632801e-05	7.359580943999987e-07	0.00217929	0.00010311	4.7493049041e-06	1.0631672100000002e-08	0.0	0.0	0.0	0.0	0.0	0.0	0.0	0.0	0.0	0.0	0.0	0.0	0.0	0.0	0.0	0.0	0.0	0.0	0.0	0.0	0.0	0.0	0.0	0.0	0.0	0.0	0.0	0.0	0.0	0.0	0.0	0.0	0.0	0.0	0.0	0.0	0.0	0.0	0.0	0.0	0.0	0.0	0.0	0.0	0.0	0.0	0.0	0.0	0.0	0.0	0.0	0.0	0.0	0.0	0.0	0.0	0.0	0.0	0.0	0.0	0.0	0.0	0.0	0.0	0.0	0.0	0.0	0.0	0.0	0.0	0.0	0.0	0.0	0.0	0.0	0.0	0.0	0.0	0.0	0.0	0.0	0.0	0.0	0.0	0.0	0.0	0.0	0.0	0.0	0.0	0.0	0.0	0.0	0.0	0.0	0.0	0.0	0.0	0.0	0.0	0.0	0.0	0.0	0.0	0.0	0.0
55359.51268195898	145.56384627307852	3064675644.383977	21188.83334181244	67682.1751953125	575.6887114257843	4580876839.168976	331417.4924630799	55950.64274812621	106.56675569692744	3130474423.928448	11356.473419768616	56157.6020196539	56649.0930270901	1.06799	24.466438	0.2244040000000004	0.126005	-0.0019206155	-0.0102867921	0.0011315959	0.0073273595	0.0187966104	0.0246718925	-0.0068287345	0.0054388499	0.0074162489	0.0690915211	-0.0596252526	0.0032865388	0.0480450029	-0.0178758257	0.0614469392	0.0122107366	0.0255243984	-0.0083577943	0.0395471581	0.0004908934	0.042764731	0.03813602	-0.0082519214	0.0527394307	-0.0525110542	0.0233879561	-0.0223580779	-0.038821067	-0.0112027952	0.0194765387	0.0069101318	-0.0102122842	-0.0606156147	-0.0016829099	-0.0138676427	0.0237009799	-0.0638115523	0.0400643571	-0.016428636	0.0059274914	-0.034142139	-0.0367239921	0.000322402	0.0140224147	0.0062284887	-0.0064175322	-0.0173721763	0.0258646134	-0.0235975336	-0.0104977198	0.0013603755	0.0387702598	-0.0377024849	0.0463990572	-0.0345147689	-0.0094473454	0.0010490392	0.0185360245	0.0324741297	-0.023403696	0.0222669929	-0.0818493833	0.0327339469	-0.0067705782	-0.0239125252	0.0022841149	0.0228461344	0.0177400679	-0.0577419626	-0.0190396117	-0.0288562121	-0.0454043592	-0.0031229246	-0.009572241	-0.0351658122	-0.0351851629	0.0036807538	0.0363662525	0.0148260821	-0.0303408862	-0.0152177373	-0.0082127518	-0.037097168	0.0382314368	-0.0218294296	0.0048907489	0.0241258056	-0.0405200892	0.0018544138	0.0395669253	-0.0320138954	0.0243416392	-0.0731829995	-0.0164502265	0.0579351474	-0.0071117117	-0.0092770746	-0.0779809753	0.0349462104	0.0222016765	0.0281644542	0.0305091179	-0.0050020759	0.0122188333	0.0365200742	-0.0362705435	-0.0067598604	0.0152767937	-0.0221289905	-0.0355731015	0.0272454727	-0.0411093874	-0.0098823975	-0.0386484982	-0.0007797959	-0.0409481052	-0.0434561875	0.0059759003	0.0286125092	0.0690170347	-0.0198635209	0.018532067	-0.037434528	-0.0128483986	0.0119661771	0.0068977337	-0.0160136091	-0.0669576532	-0.0052053346	-0.0149640259	0.0231257483	0.0618211149	0.0432610906	-0.0165834402	0.0021676311	0.0378621177	0.0323773254	0.0076258748	-0.0067130812	-0.0058676008	0.0054184618	0.0230427375	-0.0260520627	0.0161220618	0.0124011877	-0.0052639109	-0.0020478369	0.0530707945	0.0253576922	0.0507722815	0.0041868942	-0.0038173385	0.0127546527	0.0276665671	0.0073990719	-0.0228008545	0.0477692384	-0.069812525	-0.0075967902	-0.0262473881	0.0165703105	-0.0209158631	-0.0268723946	0.0576237668	-0.0145864726	0.0306628624	0.0304172023	0.022622051	-0.0365909103	-0.0376515575	-0.0403705805	-0.0020415278	-0.0373912229	0.0269952189	0.0025390989	-0.0059248396	-0.0104878161	-0.0513443671	0.0262708138	-0.0265029694	-0.0158314	0.0168516873	0.0200804451	-0.0289359559	-0.0462877433	-0.0426725235	0.0465624481	-0.035561953	0.0246507053	-0.0623941243	-0.0073505098	0.0060703568	0.0681568732	-0.057408373	-0.0353666258	-0.0128125145	-0.0223126894	-0.0045993283	0.0012204084	0.008706542	0.0520837636	0.0043722614	-0.0219771723	0.0134841839	0.0399571166	-0.0246013364	-0.0369736793	0.0296817079	0.0054975316	-0.0053532051	-0.0111989132	0.0343297799	-0.0332582767	0.006557487	0.0624863739	-0.0573149077	0.0493557367	0.0174953163	-0.0450343386	0.0171607934	0.0093602428	0.0332441052	-0.0046600445	0.0165964547	-0.0479247327	-0.0077648082	0.0034241961	0.0026067357	0.0161300922	-0.0043659243	0.0050482784	-0.0315569797	-0.0473957345	0.04277355	-0.0354008796	0.0257518113	-0.0144468132	0.0022128355	0.0101634351	-0.021886162	0.0322015336	-0.0404462362	0.0460901072	-0.0487702262	0.0483142525	-0.0447515066	0.0383110855	-0.0294071302	0.0186121956	-0.006620433	-0.0057970462	0.0178417553	-0.0287391785	0.0377885739	-0.0444080345	0.0481719062	-0.0488381591	-0.0128852	0.0173975	0.0003026730062499	0.00016602837904	-4.76079	-0.0698800000000003	22.6651214241	0.0048832144	-0.909814	0.093816	0.008801441856	0.827761514596	-0.0189567	-4.900000000000043e-05	0.00035935647489	2.401000000000042e-09	-0.00585753	0.0007784599999999	3.43106577009e-05	6.059999715999999e-07	0.00214054	-3.875000000000016e-05	4.581911491599999e-06	1.501562500000012e-09	0.0	0.0	0.0	0.0	0.0	0.0	0.0	0.0	0.0	0.0	0.0	0.0	0.0	0.0	0.0	0.0	0.0	0.0	0.0	0.0	0.0	0.0	0.0	0.0	0.0	0.0	0.0	0.0	0.0	0.0	0.0	0.0	0.0	0.0	0.0	0.0	0.0	0.0	0.0	0.0	0.0	0.0	0.0	0.0	0.0	0.0	0.0	0.0	0.0	0.0	0.0	0.0	0.0	0.0	0.0	0.0	0.0	0.0	0.0	0.0	0.0	0.0	0.0	0.0	0.0	0.0	0.0	0.0	0.0	0.0	0.0	0.0	0.0	0.0	0.0	0.0	0.0	0.0	0.0	0.0	0.0	0.0	0.0	0.0	0.0	0.0	0.0	0.0	0.0	0.0	0.0	0.0	0.0	0.0	0.0	0.0	0.0	0.0	0.0	0.0	0.0	0.0	0.0	0.0	0.0	0.0
55255.6015641593	-103.91111779968196	3053181504.2171235	10797.52040237938	67049.4982109375	-632.676984375008	4495635210.338511	400280.16655785416	55865.51315431576	-85.12959381044493	3120955559.9950275	7247.047742331344	56061.93373870124	56987.95800923929	1.157977	26.527935	0.1153995619999996	0.0752348999999999	-0.0035272355	-0.0055714442	-0.0060739134	-0.0046925185	0.0238353768	-0.0199126741	0.007096408	-0.0346366701	-0.0213218781	-0.0402838962	0.0028938242	0.0718219616	0.0145043512	0.0330737572	-0.0465466489	-0.0254371642	-0.059785505	-0.0204442721	-0.0014781366	0.0313717523	0.0025328708	0.0352626557	-0.0190699816	-0.0267502185	0.0280406421	0.0206595759	-0.026327728	-0.0303074786	0.0250507268	-0.0565445469	-0.0658316107	0.0134304424	0.0044598624	-0.0135057178	-0.0112366937	0.0163773432	-0.0050499423	-0.0140560221	0.0026292467	-0.0183109621	-0.0363591512	0.024672831	0.0110964392	0.0342916808	0.0224979196	0.0180640111	0.0050672733	-0.0046154	0.0250360886	0.0109389611	0.0279198169	0.0428990959	0.0061327216	-0.0623419232	0.0136848064	-0.0128929461	0.0060478346	0.0226605342	0.0118529255	0.0149176871	0.0486076503	0.0289349233	0.0477957753	-0.0234232738	-0.0204610852	0.045127853	-0.0176962069	-0.0777613323	-0.0386572927	-0.0281489539	-0.001408113	-0.0003944092	0.0226899649	0.0200337964	-0.0221860449	0.0405780301	-0.0384714375	0.0461580007	0.0106010571	0.0010841166	0.0383535135	0.0147407777	0.0211194295	0.0526415027	-0.0106857292	-0.0241603308	-0.0159514698	-0.0496182499	0.0264075543	0.065257802	-0.0136459644	-0.0163656527	-0.0257919491	0.0218151088	-0.0473109155	-0.0190834526	0.0088689479	-0.0481569714	-0.000749901	0.0518611176	-0.0152989971	0.0093636418	-0.0181172023	0.0095154105	0.0345300948	0.0068771642	0.0026368884	-0.0379167805	0.0231585308	0.0312260511	0.0345100872	0.0010255869	-0.0199857903	0.003021633	-0.0300307323	-0.0030776435	-0.0320359451	0.0239012319	-0.0133609819	-0.0419288469	-0.0245902565	0.0206325108	-0.0270978037	0.029908682	-0.0684572752	-0.0608908297	-0.0033465211	-0.0015060959	-0.0106853447	-0.0073248228	0.0162622415	0.0072570729	-0.0145562555	-0.0053845568	0.0195615966	0.0365845524	-0.0296560874	0.0349282509	0.007034154	-0.0280797965	-0.0024149153	-0.0104693883	0.0129184649	-0.0162826473	-0.0146254642	-0.037569485	-0.0165457877	0.022656119	-0.0483303867	-0.0430094087	0.0210173835	0.0004708972	-0.0001948534	0.024083419	-0.0292129318	-0.0333341088	-0.0244131235	-0.0273515714	0.0457565862	-0.0292876097	-0.0472825889	-0.0163848157	0.0747446773	0.0299691705	-0.0515113042	-0.0068651718	-0.0001646626	0.0207872461	0.0287314884	-0.0227236616	0.0476224215	-0.0129507396	-0.0432889857	0.000656054	0.0098590388	0.0307181727	-0.0226505604	0.0130774283	0.05110797	-0.0258095824	-0.0349468598	0.0032403272	0.0571833605	0.0363720734	-0.0371177362	-0.0462681535	0.0130755918	-0.0047182478	0.0393906508	0.0501196836	-0.002063343	0.0130092096	0.0292273714	-0.036722907	0.0171437809	-0.0409879876	0.0068653548	0.0083162039	0.0257518101	0.0365476397	0.0097626229	-0.0102675694	0.0161991242	-0.0271094656	-0.0271385364	-0.0133768602	-0.0192302568	-3.0087e-06	-0.0028272964	-0.0072088318	0.0085891614	0.0421996059	-0.040352605	0.0249277637	-0.001147548	0.0282045091	-0.0448185307	-0.0150791139	0.0699467928	0.0133525509	0.0174860872	-0.0196557928	-0.011285199	0.0173926178	0.0068238759	0.01377563	0.0062980705	0.0257074793	0.0174082886	0.001255005	0.0130875416	0.0057808473	-0.0474417976	0.0429519653	-0.0357809787	0.0263764663	-0.015325478	0.0033178403	0.0088969041	-0.0205562846	0.0309324975	-0.0393778372	0.0453651274	-0.0485206286	0.0486473676	-0.045737433	0.0399724692	-0.0317123377	0.0214726538	-0.0098926005	-0.0023049702	0.0143586597	-0.0255160508	0.0350806749	-0.0424554877	0.0471801374	-0.0489597013	0.000370862	0.0132560619999999	0.0001757231797478	1.37538623044e-07	-4.69251	0.0682799999999996	22.019650100100005	0.0046621583999999	-0.915061	-0.005247	2.7531009000000016e-05	0.837336633721	-0.0185721	0.0003845999999999	0.00034492289841	1.479171599999991e-07	-0.00585753	0.0	3.43106577009e-05	0.0	0.00232827	0.00018773	5.4208411929e-06	3.5242552900000044e-08	0.0	0.0	0.0	0.0	0.0	0.0	0.0	0.0	0.0	0.0	0.0	0.0	0.0	0.0	0.0	0.0	0.0	0.0	0.0	0.0	0.0	0.0	0.0	0.0	0.0	0.0	0.0	0.0	0.0	0.0	0.0	0.0	0.0	0.0	0.0	0.0	0.0	0.0	0.0	0.0	0.0	0.0	0.0	0.0	0.0	0.0	0.0	0.0	0.0	0.0	0.0	0.0	0.0	0.0	0.0	0.0	0.0	0.0	0.0	0.0	0.0	0.0	0.0	0.0	0.0	0.0	0.0	0.0	0.0	0.0	0.0	0.0	0.0	0.0	0.0	0.0	0.0	0.0	0.0	0.0	0.0	0.0	0.0	0.0	0.0	0.0	0.0	0.0	0.0	0.0	0.0	0.0	0.0	0.0	0.0	0.0	0.0	0.0	0.0	0.0	0.0	0.0	0.0	0.0	0.0	0.0
55286.42724977971	30.825685620409786	3056589038.045184	950.2228939683388	67144.17165820312	94.67344726562442	4508339787.666247	8963.061617156967	55883.98612223464	18.47296791887493	3123019904.9101133	341.2505437317824	56088.42095511715	56016.12201054561	1.089944	24.969376	0.0505950369999998	0.0326444	0.000644173	-0.005760818	0.0070045685	0.0074205695	0.0287888973	0.0062990359	0.0112899895	-0.003145981	-0.0051801674	-0.0091789174	-0.008503065	0.0321361792	0.0501479731	0.0342388631	0.0450307	-0.0201405581	0.0303390492	-0.0265593959	0.0302725704	0.0355057673	-0.0042108571	0.010982491	0.0151364507	0.0261568749	-0.0392975268	-0.0363678104	-0.0027435144	0.0568793819	0.0304306371	-0.0027000695	-0.0005648022	-0.0118505011	0.0043710317	-0.0262528445	-0.0233008868	0.048285217	-0.0159001817	0.0385085615	-0.0211714825	-0.0007137059	-0.0223940863	-0.0026503916	-0.0276370957	0.0457029628	0.036154077	0.0272712903	0.0134045053	0.0195323175	0.0534598406	0.0116551121	0.019386281	-0.0127971954	-0.0156148545	0.0611028512	0.032538191	-0.0215929611	0.0127847407	0.0187983473	-0.0116929798	-0.0192903651	-0.0195423246	0.0546635153	0.0016927721	0.0283146209	-0.0135643437	0.0367408797	0.0104897703	0.060853111	-0.0049869797	0.0113280556	0.0012204266	-0.0205298918	0.0075191743	0.0021200118	-0.0229885472	0.0132481901	0.0333567959	0.0565941127	0.0090195997	-0.0040001685	0.0684853033	0.0634703707	0.074469195	-0.0143745205	0.0062433776	-0.0549121774	-0.0512427236	0.0191594259	0.0306916049	-0.0020173265	-0.020710197	-0.0251469573	-0.0184501402	-0.0255801767	0.0188226886	0.0037195831	-0.0099145924	0.0466073068	0.0020067569	0.0216567434	-0.0004967886	-0.0119681022	0.0539824354	0.0137066248	0.0122663168	0.0352782703	-0.0237380659	-0.0433920575	-0.0290585421	-0.0150151126	-0.0399583077	-0.0184779924	-0.0278515838	-0.0274759121	-0.0362566182	0.0043448293	-0.0139231259	-0.0131078606	0.0202230499	0.0423365296	0.0332433245	-0.0079942341	0.0552147389	0.0431983514	-0.002534896	-0.0042043384	-0.0159706392	-0.0042175474	-0.0328836356	-0.0173628333	0.0519903023	0.0155622976	0.0436149691	-0.027697786	0.0013135803	0.0282697517	-0.0127191834	0.0465815818	-0.0335308441	-0.0457376477	-0.0223170068	-0.0127417401	-0.010161498	-0.0482633718	-0.0135083453	-0.0059546024	0.0364903266	0.0044531611	0.0620693707	-0.0036938167	0.0132939318	0.0209249045	0.0024449727	0.0016687551	0.0261111601	0.009781669	-0.0401763076	0.0183540683	0.0057583676	-0.0093099379	-0.0386294007	0.0082717274	-0.0547905945	0.0194483823	0.0288944674	-0.0026880931	0.0309358719	0.0073935283	0.0060865268	-0.0162918246	0.0187422769	0.0437108559	-0.0448618844	-0.0228361363	0.010153931	0.0779974145	-0.0095302127	0.0719247072	-0.0061374659	0.0124898957	-0.0297570737	-0.0513792297	-0.0238803297	0.058194939	-0.0102412317	-0.0171073396	-0.0287413578	-0.02714132	0.0032865038	-0.0368176238	-0.003558947	-0.0108324918	-0.0266750924	0.0313871373	0.0002000122	-0.0232068656	0.0322120215	-0.0278191535	-0.037636825	0.0494369577	-0.0315151254	-0.0230763192	-0.0090100435	-0.0505774576	0.0240159598	-0.000291315	0.0382208653	0.0110090367	0.000336528	-0.0076117902	0.0205043524	0.0641623907	-0.0453071823	0.0172698852	0.0441218375	-0.014890474	1.64532e-05	0.0238419628	-0.0443712103	-0.011237555	-0.0031113079	-0.0221823893	-0.0223081461	-0.0371834123	-0.0190047275	-0.0032755797	0.0099527448	-0.0101827822	0.0027419079	-0.0086910304	-0.002994952	-0.0129012819	-0.0474871876	0.0431279427	-0.0361565084	0.0269951331	-0.0161987064	0.0044211503	0.0076241876	-0.0192077409	0.0296279125	-0.0382535695	0.04456227	-0.0481719062	0.0488638482	-0.0465961863	0.0415062691	-0.0339023846	0.0242450877	-0.0131193052	0.0011989077	0.0107941057	-0.0221333376	0.0321319892	-0.0401844584	0.0458030203	-0.0486473676	0.000902899	0.000532037	2.83063369369e-07	8.15226604201e-07	-4.69561	-0.0030999999999998	22.048753272100004	9.60999999999926e-06	-0.941726	-0.0266649999999999	0.0007110222249999	0.886847859076	-0.0184955	7.659999999999959e-05	0.00034208352025	5.8675599999999375e-09	-0.00615918	-0.00030165	3.79354982724e-05	9.099272250000033e-08	0.00235598	2.7710000000000234e-05	5.550641760400001e-06	7.67844100000013e-10	0.0	0.0	0.0	0.0	0.0	0.0	0.0	0.0	0.0	0.0	0.0	0.0	0.0	0.0	0.0	0.0	0.0	0.0	0.0	0.0	0.0	0.0	0.0	0.0	0.0	0.0	0.0	0.0	0.0	0.0	0.0	0.0	0.0	0.0	0.0	0.0	0.0	0.0	0.0	0.0	0.0	0.0	0.0	0.0	0.0	0.0	0.0	0.0	0.0	0.0	0.0	0.0	0.0	0.0	0.0	0.0	0.0	0.0	0.0	0.0	0.0	0.0	0.0	0.0	0.0	0.0	0.0	0.0	0.0	0.0	0.0	0.0	0.0	0.0	0.0	0.0	0.0	0.0	0.0	0.0	0.0	0.0	0.0	0.0	0.0	0.0	0.0	0.0	0.0	0.0	0.0	0.0	0.0	0.0	0.0	0.0	0.0	0.0	0.0	0.0	0.0	0.0	0.0	0.0	0.0	0.0
55284.87668124592	-1.5505685337848265	3056417589.660569	2.404262777963626	67538.66593066406	394.49427246094274	4561471395.693843	155625.73100448854	55821.80593984224	-62.18018239239609	3116074018.3854065	3866.375082351645	56031.52092315354	57027.29722821124	1.012983	23.206303	0.2065788209999997	0.102803	-0.0044290203	-0.0093805084	-0.0076776877	0.0054537584	0.0135395175	0.0167534163	-0.0272868324	0.0573462849	-0.0088682371	0.0066587215	-0.0176989319	0.0080468257	-0.0024814524	-0.0061050956	-0.0185632825	-0.0135245051	-0.0207034509	-0.0069233247	0.0175701241	-0.0315362756	-0.0036418448	-0.0024404713	0.0280416722	-0.0363322644	0.0505239262	0.0215165801	-0.0168233686	-0.02271711	-0.0505910851	-0.0261026546	-0.0155286285	-0.0047391782	-0.0339283521	0.0123401974	-0.0334868035	-0.0421672084	0.0062371422	0.0333563777	0.003360558	-0.0259423155	-0.0496100211	-0.0388378155	-0.0044955304	-0.0303356266	0.0007196014	0.0740636315	-0.0294301569	0.0298661006	0.0479433163	-0.0204736879	0.0044072691	0.059542343	0.0127137306	-0.0552746859	-0.0165647829	0.0063256725	-0.0058583449	0.0017149953	-0.0045616237	0.0165247446	-0.015508913	0.0279470209	0.0238670748	0.0148362788	0.0276902864	0.0400233266	-0.0200542624	-0.0102606755	0.0309860464	-0.0122062428	-0.0339965088	-0.0085387417	-0.0335314172	-0.030108977	-0.0292582133	0.0197775194	-0.0033883708	0.0201749983	0.0176488025	0.0160601174	0.0392161861	-0.0126546214	0.0128588052	-0.0442717911	-0.0519886359	0.0757497929	-0.0052591959	-0.0029922034	-0.0338085474	-0.0007180303	-0.0245202685	-0.0392643424	0.0575027218	-0.010919297	0.0152665301	-0.0374351312	-0.0452155666	0.0006752005	-0.0470268649	0.0553364378	-0.0238886591	-0.0361786707	-0.0582712482	0.0046401488	-0.0139119207	0.0025507076	0.0180746155	-0.0085095919	0.0160053669	0.0454583713	0.0101351944	-0.0226232269	-0.0079439119	-0.0201231576	0.0314427973	0.0045826357	0.0022225446	-0.0279093221	-0.0164001687	-0.060582966	-0.0225603885	0.0212622215	-0.0123671754	-0.0485820343	-0.0338163951	-0.006072478	-0.0084131839	-0.0354179783	0.0096125111	-0.0373669404	-0.0440016792	-0.0110017744	0.0309914512	-0.0035550728	0.0348024069	0.0504864305	0.0317583573	-0.016231512	-0.0065934322	-0.0109363129	-0.0794395801	0.0352678255	-0.0064068693	-0.0363256943	0.0095313189	-0.0348004285	-0.0583759002	0.0113673178	-0.0616360348	-0.011827053	0.0010422569	-0.002489073	0.0027585367	-0.005891101	-0.0172653889	0.0213283602	-0.0327124203	-0.0101979777	0.0057416048	0.0200411823	-0.0417345823	0.0136060246	0.0192292876	-0.0269816495	0.0089824733	0.0429809224	0.0122884725	-0.0112617607	-0.0308640167	-0.0245444312	0.0374464873	-0.0029571392	-0.0147065473	-0.0002904413	0.0399866416	0.0065541423	-0.0381418281	0.0336956019	-0.0552925817	-0.0416403178	0.0701098928	0.0014943629	0.0349771683	-0.0208789594	0.0282866523	-0.014797902	-0.0523155797	0.0198508767	-0.0353396086	-0.0171544043	-0.0346922808	-0.0070172921	-0.0317278082	-0.0300799705	0.0402002021	-0.0619063343	0.0406213557	0.0028326604	0.0512803093	-0.0326934383	-0.0001003016	0.0175840712	-0.0009369061	-0.0137780834	-0.0320744677	-0.0378052397	-0.0244439251	0.0026682676	-0.0039894407	-0.0103517707	-0.0091990801	-0.0012886702	-0.0088640147	-0.0092504721	0.000541086	0.0082539193	-0.0166116291	0.0004599106	0.028971747	0.0209531596	0.0337736907	0.0611665933	0.0092343472	-0.0115512074	-0.0007426678	-0.0071885972	0.0201523415	0.0109455866	0.0213980543	0.0092190501	-0.0093814729	-0.0222496047	-0.0475319038	0.0433014723	-0.0365274207	0.0276076712	-0.0170661886	0.005522202	0.0063461704	-0.0178417553	0.0282892778	-0.0370750283	0.0436829132	-0.0477247713	0.0489631754	-0.0473253789	0.0429075896	-0.0359693177	0.026918132	-0.0162857183	0.004696647	0.0071683153	-0.0186121956	0.0289627561	-0.037611983	0.0440518025	-0.047903926	0.00678722	0.005884321	3.4625233631040995e-05	4.60663553284e-05	-4.74831	-0.0526999999999997	22.5464478561	0.0027772899999999	-0.855234	0.0864919999999999	0.0074808660639999	0.7314251947560001	-0.0179812	0.0005143	0.0003233235534399	2.645044900000024e-07	-0.00560445	0.0005547299999999	3.140985980250001e-05	3.077253728999998e-07	0.002517	0.00016102	6.335289000000001e-06	2.59274404e-08	0.0	0.0	0.0	0.0	0.0	0.0	0.0	0.0	0.0	0.0	0.0	0.0	0.0	0.0	0.0	0.0	0.0	0.0	0.0	0.0	0.0	0.0	0.0	0.0	0.0	0.0	0.0	0.0	0.0	0.0	0.0	0.0	0.0	0.0	0.0	0.0	0.0	0.0	0.0	0.0	0.0	0.0	0.0	0.0	0.0	0.0	0.0	0.0	0.0	0.0	0.0	0.0	0.0	0.0	0.0	0.0	0.0	0.0	0.0	0.0	0.0	0.0	0.0	0.0	0.0	0.0	0.0	0.0	0.0	0.0	0.0	0.0	0.0	0.0	0.0	0.0	0.0	0.0	0.0	0.0	0.0	0.0	0.0	0.0	0.0	0.0	0.0	0.0	0.0	0.0	0.0	0.0	0.0	0.0	0.0	0.0	0.0	0.0	0.0	0.0	0.0	0.0	0.0	0.0	0.0	0.0
55298.59579110306	13.719109857134754	3057934696.4678006	188.213975272132	67774.45446289063	235.7885322265647	4593376677.742435	55596.23192955775	55784.7281132888	-37.07782655343908	3111935890.673554	1374.7652219269123	55988.58245309527	56905.306665356125	0.926504	21.225155	0.1791993799999995	0.104334	-0.00087625	-0.0002479153	0.0015657757	0.0021628595	0.0265546144	-0.0112207896	-0.0084863109	-0.0511056931	-0.0090508391	0.0489315394	-0.0056150758	0.060196708	0.0077112734	0.0376764163	0.0144446357	-0.0249320772	-0.0123575397	0.0007173523	-0.0258552498	0.0129453288	0.0094334483	0.0365339806	-0.0134408569	-0.0277129434	0.0054647423	0.0105909573	-0.0050802934	0.0687244279	0.0218509494	0.0007000731	0.0266964049	-0.0004996838	0.0108106431	0.0297245884	0.0020053749	-0.0171471746	-0.0162405567	0.0045244046	-0.0329121775	0.0370886456	-0.0293050883	0.0595982902	-0.0260058055	0.012991003	-0.0267220855	0.0591312207	-0.0384775271	-0.0521154191	0.0376449708	-0.0097598991	-0.0280448478	-0.0157152846	0.0291095663	-0.0171009919	-0.004658426	0.0378441051	-0.1083413346	-0.0145430046	-0.0114584547	0.0438393435	0.0295649155	-0.042161188	0.0098682146	-0.003960992	-0.0320710556	-0.018433878	-0.0124933489	0.0242279502	-0.0507157844	-0.0332539552	0.0288937888	-0.0011706245	-0.008146312	0.0102252267	-0.0263436994	-0.0112539541	0.0233743802	0.0306845394	0.0088653687	-0.1178233445	-0.0052237456	-0.0465074308	0.0400063232	-0.0012083818	0.0494678524	0.0105766717	0.0424941921	-0.001206121	0.0163361183	0.0402252534	0.0285703084	-0.0082547665	-0.0471136481	-0.0289254957	-0.0178543804	0.0177465559	0.0436871228	-0.0030693947	-0.0010485996	-0.0132829899	0.0289135404	-0.0304610605	-0.0252219506	0.0679972016	0.0267800976	0.0080008934	-0.0119330729	-0.01288338	-0.0265859217	-0.0418593096	-0.036308215	-0.0297018794	0.0011515313	0.0259863373	-0.0124144594	-0.0102168441	-0.0369438122	0.0147211878	-0.0190558122	-0.0138015982	-0.0139812466	-0.0016756918	0.066350927	0.0337872822	0.010764761	0.0292233812	0.0038671803	0.0089294073	0.0290733644	-0.0020042037	-0.0146517255	0.0195372819	0.0094958411	-0.0350838555	-0.0423437922	0.0283723058	-0.0667190908	0.015225762	-0.0242541393	0.0106194685	-0.0474472402	0.0181366445	0.0700659777	-0.0039252091	0.0097851529	0.0042152525	-0.038689976	-0.0491595634	-0.0056457317	-0.0137703738	-0.0524350237	-0.0237346499	0.0893534862	-0.0219357959	-0.0427945879	-0.0152534749	0.0183803872	-0.0057199354	-0.0144569849	-0.0410299385	0.0256339655	0.030412853	-0.0204864174	0.0491061567	-0.0552507723	-0.0152847641	0.0053434689	-0.0153487897	-0.0034728865	-0.0267361494	-0.0360543181	0.0305822937	-0.046051312	0.0863822288	-0.0513564305	-0.0327393994	-0.0457458213	0.0090965821	0.0108298253	0.0443369728	0.021637753	0.0430559583	-0.0103774118	0.0160762562	-0.0024780046	0.0014349812	0.0356490464	-0.0599458464	0.02651386	0.0065332166	0.0536314283	0.0106262397	-0.0028800543	-0.0015598836	-0.0190602211	0.0191762719	0.0588017051	-0.0595367597	0.0206704934	0.0371940986	0.0241138863	0.0001337453	-0.0115566673	-0.0114528623	0.0532955412	-0.0325913766	0.0138223973	0.0038880335	-0.0049384576	-0.0077159884	0.0316888608	0.0587930585	-0.0337554872	0.0227390869	0.0229211996	0.000779909	-0.006452933	0.0093909876	-0.02206943	-0.0088317535	0.016639899	-0.0327682734	-0.0044239689	0.0424863005	-0.0121918489	0.0125417505	-0.0017731023	-0.0011005122	0.0052631268	0.0088634865	0.0021637145	0.0027784203	-0.0475759455	0.0434725442	-0.0368936684	0.0282139416	-0.017927617	0.006620433	0.005063741	-0.0164595684	0.026918132	-0.0358438856	0.0427285664	-0.0471801374	0.0489451109	-0.0479229833	0.044171958	-0.0379056313	0.0294808289	-0.019377288	0.0081703383	0.0035018582	-0.014974647	0.0255947285	-0.0347573591	0.0419407874	-0.0467359647	0.0134101	0.0066228799999999	4.38625394944e-05	0.00017983078201	-4.68003	0.0682799999999996	21.902680800900004	0.0046621583999999	-0.929796	-0.0745619999999999	0.0055594918439999	0.864520601616	-0.0180127	-3.150000000000028e-05	0.00032445736129	9.922500000000175e-10	-0.00605601	-0.0004515599999999	3.66752571201e-05	2.0390643359999937e-07	0.00240537	-0.00011163	5.7858048369e-06	1.2461256900000034e-08	0.0	0.0	0.0	0.0	0.0	0.0	0.0	0.0	0.0	0.0	0.0	0.0	0.0	0.0	0.0	0.0	0.0	0.0	0.0	0.0	0.0	0.0	0.0	0.0	0.0	0.0	0.0	0.0	0.0	0.0	0.0	0.0	0.0	0.0	0.0	0.0	0.0	0.0	0.0	0.0	0.0	0.0	0.0	0.0	0.0	0.0	0.0	0.0	0.0	0.0	0.0	0.0	0.0	0.0	0.0	0.0	0.0	0.0	0.0	0.0	0.0	0.0	0.0	0.0	0.0	0.0	0.0	0.0	0.0	0.0	0.0	0.0	0.0	0.0	0.0	0.0	0.0	0.0	0.0	0.0	0.0	0.0	0.0	0.0	0.0	0.0	0.0	0.0	0.0	0.0	0.0	0.0	0.0	0.0	0.0	0.0	0.0	0.0	0.0	0.0	0.0	0.0	0.0	0.0	0.0	0.0
55176.99717555143	-121.59861555162934	3044501017.31081	14786.223304072952	67249.68870800782	-524.7657548828138	4522520631.323954	275379.0974977294	55779.49825465425	-5.2298586345496005	3111352425.540977	27.35142133737301	55982.80713308754	56443.11284560167	0.896995	20.549143	0.1731067999999994	0.0936768	-0.0014875259	-0.0056679197	-0.0017739318	-0.0004322132	0.0039750218	-0.0096138205	-0.0022537009	0.0062406375	0.0063714452	-0.0447069547	-0.001281991	-0.0062484612	0.0171016249	0.0148293811	-0.0047402403	-0.015171749	-0.0052822938	-0.0038204088	-0.0262491012	0.0173413135	-0.0019866477	-0.0125209985	0.0499464717	0.0212325095	0.0009481162	0.054507512	-0.0026470612	-0.0374384851	0.0537681984	0.0381842226	-0.0268235565	0.034634827	0.0214156075	0.0428721068	0.0474565517	-0.009252568	-0.0542182161	0.0202403692	0.014464238	-0.0011985283	0.0121154903	-0.0026693295	0.0101726356	-0.005962369	0.0157229533	0.0262343364	0.0308851501	0.0333706548	0.0127696517	-0.0220168389	0.0144135171	-0.0142850453	-0.0547106355	-0.0025657173	-0.0176309216	-0.0728906251	0.007618253	-0.0050659527	-0.0240070176	0.0315424848	-0.0392143694	-0.0272260466	0.0091518952	-0.0192015437	-0.0372401242	0.0080096282	-0.0379152107	-0.0154064256	0.0391794883	0.0563471605	0.0235604835	0.0292430071	-0.0186320614	-0.0003823878	0.0292964723	0.0264751081	0.0206931213	-0.0157461806	-0.0438896233	-0.001337546	-0.0100934127	-0.0192979255	0.0521542002	-0.0160669034	0.0043260966	-0.0147802963	-0.0330322685	-0.0348748695	-0.0113445299	0.0384475153	-0.0008858599	-0.0232282261	0.0205426102	-0.0027017859	-0.0195079203	0.0288436471	-0.0141549068	-0.0167312971	-0.0036236813	-0.0713537817	0.0260435914	0.028319133	-0.0183371119	0.0170627426	-0.0273196661	0.0261792602	-0.0111067692	0.00097157	0.0493004473	-0.0387346408	-0.027060604	0.0435413534	-0.0038240977	0.0248077859	-0.0162408472	0.0004917719	0.0142654539	-0.045439907	0.0292613755	-0.0026485033	-0.0529335311	0.0007161307	-0.0490444926	0.0465907108	0.0327404303	-0.0397305354	0.0287581351	0.0186601942	0.0441317174	0.0428019152	-0.0080549333	0.0511313808	0.0312100484	0.012835403	0.0052794361	-0.0120060436	-0.0004237878	0.0121650673	0.0053116973	-0.0131286747	-0.0315541247	-0.0157810904	-0.0453031086	-0.0229105408	0.0192824518	0.0053651376	0.0437309266	0.0169899258	-0.0307938685	0.0282322896	0.0358801172	0.0386537454	0.0120879147	-0.0380709877	-0.0144722365	0.0352772745	0.0425354567	-0.0231256668	0.0049530258	-0.034645462	-0.0178709213	0.028224655	0.0275450962	-0.0223530766	0.0475695036	-0.04462777	-0.016047032	-0.0243002898	0.0158189642	0.0297173069	0.01815996	0.0339523667	-0.0051824139	-0.0160836909	-0.0350908787	-0.0396833982	0.0090017648	0.059420352	-0.0011236596	0.0142515591	-0.0003045593	-0.0246096822	0.0506450485	0.0142116738	0.01365488	-0.0150497842	-0.0211829709	-0.006204685	-0.0048668219	0.0319765387	0.0196229501	-0.0368217841	-0.0018264244	-0.0266344532	-0.0102115017	0.0721242959	-0.0272989001	-0.0256270286	0.0148218263	-0.0081220235	-0.0285458614	-0.0362432218	0.0564333494	0.0350893778	0.0011003309	0.0191512538	0.0526604347	0.0416685989	-0.0037073381	-0.0113804788	0.0075136582	0.0161983956	-0.010610093	-0.0131056549	0.0189018681	-0.0047551593	-0.0093950811	0.0011804071	0.041294808	0.0146475407	0.0204306617	-0.0151744948	-0.0153969908	-0.0325733857	-0.0154920562	-0.0138232296	0.0173496846	0.0087082175	0.0032052235	0.0199721322	-0.0125369152	-0.0123269099	-0.0476193122	0.0436411487	-0.0372552045	0.0288138067	-0.018782686	0.0077152822	0.0037777911	-0.0150624352	0.0255160508	-0.0345618882	0.0417008682	-0.0465391172	0.0488096981	-0.0483873377	0.0452953387	-0.0397042937	0.0319226731	-0.0223798066	0.0116021956	-0.0001844653	-0.0112434423	0.0220510239	-0.0316420006	0.0394872168	-0.0451538342	0.0263009	0.0128908	0.00016617272464	0.0006917373408099	-4.74977	-0.0697399999999994	22.5603150529	0.0048636675999999	-0.86622	0.0635759999999999	0.0040419077759999	0.7503370884	-0.01772	0.0002926999999999	0.0003139984	8.567328999999994e-08	-0.00584874	0.0002072699999999	3.42077595876e-05	4.2960852899999945e-08	0.0024434	3.8030000000000095e-05	5.97020356e-06	1.446280900000007e-09	0.0	0.0	0.0	0.0	0.0	0.0	0.0	0.0	0.0	0.0	0.0	0.0	0.0	0.0	0.0	0.0	0.0	0.0	0.0	0.0	0.0	0.0	0.0	0.0	0.0	0.0	0.0	0.0	0.0	0.0	0.0	0.0	0.0	0.0	0.0	0.0	0.0	0.0	0.0	0.0	0.0	0.0	0.0	0.0	0.0	0.0	0.0	0.0	0.0	0.0	0.0	0.0	0.0	0.0	0.0	0.0	0.0	0.0	0.0	0.0	0.0	0.0	0.0	0.0	0.0	0.0	0.0	0.0	0.0	0.0	0.0	0.0	0.0	0.0	0.0	0.0	0.0	0.0	0.0	0.0	0.0	0.0	0.0	0.0	0.0	0.0	0.0	0.0	0.0	0.0	0.0	0.0	0.0	0.0	0.0	0.0	0.0	0.0	0.0	0.0	0.0	0.0	0.0	0.0	0.0	0.0
55243.23049242106	66.23331686963502	3051814515.23876	4386.852263553479	67420.35941601562	170.67070800780493	4545504863.784726	29128.49057188541	55831.68730544306	52.18905078880925	3117177307.372772	2723.697022236912	56036.29879839141	56705.893135843646	0.837925	19.195921	0.1133820999999998	0.0561784	-0.0023250944	0.0002568378	0.0031581719	0.0089550661	0.0166973068	0.0047364102	0.0015217882	0.0148025669	-0.0176007369	-0.0009009202	-0.0015749553	0.037100621	0.0091597959	0.025709541	0.0149120772	-0.0271446516	0.0104929688	-0.0081948579	-0.000742523	0.0027003255	0.0073045376	-0.0273774113	-0.0197933391	0.002247212	0.0008531701	0.0240991209	-0.0277319124	0.0247032863	0.0516143549	0.0387988858	-0.0152249681	-0.0533832979	-0.039386442	-0.0231341981	-0.0024147658	0.0201618666	-0.0182949701	0.0282275278	0.0302493122	0.0253524206	0.0014596356	0.0266393422	-0.002094619	-0.0304203474	-0.0241921677	-0.023198702	0.046719863	0.0230076748	0.027647187	0.0248859509	-0.0661982275	-0.0502182384	0.0263217202	0.0366552141	-0.0466594902	0.0298625081	0.0423219274	-0.0214147134	-0.0109750802	-0.0107653282	0.0009345635	0.0525244212	0.0222182681	0.0080265071	0.0511860701	-0.009749353	0.0009554878	0.0070267966	0.0158450269	-0.02524753	-0.0089374253	0.0148733924	-0.0148372204	0.019051894	-0.0093447687	0.0143029352	0.0136958083	-0.0282404806	-0.0298569884	-0.0104816679	0.018604467	0.0099645896	-0.0304109307	-0.0168395138	0.0142101717	0.040840643	0.0476467068	-0.0917602449	-0.0534204962	-0.0045160696	0.0076090007	0.0112486468	0.0429968504	-0.015555376	-0.0239852919	-0.0252241595	0.0256644134	-0.0050849766	0.0300885386	-0.0221447167	-0.0747764296	0.0296941004	0.0002649872	-0.015856156	0.0097555228	0.0397008793	0.0455800504	-0.0070355242	-0.0425067418	-0.0236340976	-0.0192526538	0.0060483542	-0.0087971411	-0.0006555889	-0.0009535473	-0.0088711813	0.0255317899	0.0203776486	0.0024383187	0.0011202992	-0.0241091057	0.0191770351	0.0164662513	0.0540043497	0.0405552587	-0.0112187758	-0.0593061253	-0.035407468	-0.0240526821	-0.0019635968	0.0171747639	0.0167195819	0.0288819402	0.0350146465	-0.0265133711	0.0015331238	-0.020922967	-0.0249620674	0.0006666576	0.0371930926	0.0062373525	-0.028753859	-0.0279378968	-0.0403343382	-0.0226989092	0.0730093984	-0.0127787467	-0.0483106122	0.035620825	0.0439674363	0.012745491	-0.0252702363	-0.035895361	-0.0095836728	-0.0065882219	-0.0107190038	-0.0729625803	1.04385e-05	0.0071578113	0.0592087762	0.0094153994	0.0074234599	-0.0062050808	-0.0151921784	-0.0189928456	0.0171504237	-0.0081892174	-0.0179271404	0.0124960383	-0.0110412675	0.0127856622	0.0175005632	0.0120867643	-0.0159497606	-0.0411684795	0.0104430902	-0.0052393342	-0.013331081	-0.0202745209	0.0130266785	0.0179663837	0.0356888658	0.076815754	-0.0864898031	-0.0086539545	0.0229242836	0.0039452847	-0.0045077852	-0.0475999611	0.0401966599	-0.0232568314	0.0382778852	0.0367129839	0.0312745004	0.0359554268	0.0238311989	-0.0219782623	0.0016641899	0.0231191625	0.0206487169	-0.0429299871	0.0565723484	-0.0167798269	-0.0105233825	0.0422347755	-0.0060298506	0.036076825	0.0072617276	-0.005976229	-0.0107658547	0.0244228148	0.0415491287	-0.0128434456	0.0205786593	-0.0011517268	0.0055692642	-0.0137225369	-0.0060512061	-0.0235992374	-0.0204330845	0.0134810125	0.0042027197	-0.0069380178	-0.0250524743	-0.0151768382	-0.0063919223	0.0123940631	0.0028406555	-0.0033543521	-0.0053339022	0.0004680834	0.0072046276	-0.0476620031	0.0438072762	-0.037611983	0.0294071302	-0.0196310923	0.0088061905	0.0024892147	-0.0136516244	0.0240846454	-0.0332308549	0.0406015827	-0.0458030203	0.0485572616	-0.0487171511	0.0462741461	-0.0413587732	0.0342336544	-0.0252794756	0.014974647	-0.0038697424	-0.0074419176	0.0183559655	-0.0282892778	0.0367111306	-0.043171555	0.0191963	-0.0071045999999999	5.047534115999999e-05	0.0003684979336899	-4.71225	0.0375199999999997	22.2053000625	0.0014077503999999	-0.888749	-0.022529	0.000507555841	0.7898747850010001	-0.0172993	0.0004206999999999	0.00029926578049	1.7698848999999966e-07	-0.00614443	-0.00029569	3.77540200249e-05	8.743257610000023e-08	0.00265158	0.00020818	7.030876496400001e-06	4.3338912400000033e-08	0.0	0.0	0.0	0.0	0.0	0.0	0.0	0.0	0.0	0.0	0.0	0.0	0.0	0.0	0.0	0.0	0.0	0.0	0.0	0.0	0.0	0.0	0.0	0.0	0.0	0.0	0.0	0.0	0.0	0.0	0.0	0.0	0.0	0.0	0.0	0.0	0.0	0.0	0.0	0.0	0.0	0.0	0.0	0.0	0.0	0.0	0.0	0.0	0.0	0.0	0.0	0.0	0.0	0.0	0.0	0.0	0.0	0.0	0.0	0.0	0.0	0.0	0.0	0.0	0.0	0.0	0.0	0.0	0.0	0.0	0.0	0.0	0.0	0.0	0.0	0.0	0.0	0.0	0.0	0.0	0.0	0.0	0.0	0.0	0.0	0.0	0.0	0.0	0.0	0.0	0.0	0.0	0.0	0.0	0.0	0.0	0.0	0.0	0.0	0.0	0.0	0.0	0.0	0.0	0.0	0.0
55194.217338871	-49.01315355006227	3046401627.650528	2402.2892209219817	67716.25070214843	295.89128613281355	4585490609.156219	87551.65320933054	55769.7256671603	-61.96163828275894	3110262300.990319	3839.244618683458	55973.79222169363	56703.74135615361	0.7855529999999998	17.996134	0.1415803499999996	0.0766146999999999	-0.0017786909	-0.0034844901	-0.0023196212	0.0060436762	0.00836911	0.0148267306	-0.0109675207	0.0223512237	0.0053547758	0.0377172458	0.0046019084	-0.0236688201	0.0004112817	0.0106917637	0.0028018334	-0.0225354112	-0.0035047553	0.0144074879	-0.0054827537	-0.0120505057	-0.0007898747	0.0086284589	0.0412026733	-0.0115052538	0.0302774457	0.0035149328	0.0171187633	-0.0154024116	-0.0369723683	0.0246357379	-0.0052929409	-0.0320915483	0.0104564366	0.0151411281	-0.021863851	-0.026393103	0.0266046925	0.0425489831	0.009389089	-0.0134439716	0.0457185063	0.0086169283	0.035912058	-0.0445353786	-0.0119686251	-0.014762629	0.0591136042	0.0003609959	0.0515605168	0.0008006618	0.0061757178	0.0614184068	-0.055786275	0.0221604822	0.0237229804	-0.0252044664	0.0158222864	-0.0283274735	0.0406008809	0.0247313617	0.0016410566	-0.0471676671	-0.0203301595	-0.0389593934	0.025277801	-0.0247358826	-0.0366937254	-0.0061681298	0.0379421687	-0.0401925759	-0.0317970377	-0.0800501577	-0.0158317059	-0.0121441583	0.0212094323	-0.00366977	-0.0474022469	-0.0003793228	-0.0256343298	-0.0566455645	-0.0408631364	0.0145621144	-0.0272205612	-0.0856856269	-0.0347710149	-0.0256005078	-0.0347836402	-0.0054881952	-0.0077025746	-0.0156334123	-0.0534123357	-0.0384523575	-0.0044442208	-0.0602105935	-0.0098177953	-0.0149298971	0.0106395986	0.0444369668	-0.0402976278	0.0242757969	0.0037083614	0.033012012	-0.0588958744	-0.0556374401	-0.0033338898	0.0294433764	0.0015989223	-0.0190570002	0.0026609569	0.007308609	0.0234128901	0.0066408361	0.0141669528	0.0020750586	0.012769126	-0.0002414287	-0.0085060391	-0.0391518247	0.0065380582	-0.0354229644	-0.0034214794	-0.0113606019	-0.0106286289	-0.0427681802	0.0229723413	-0.0013444012	-0.0292520656	0.0094927188	0.011525339	-0.0219865731	-0.0259667535	-0.0308455274	0.042555546	0.0096456083	0.0063536917	-0.0427501173	-0.0038370077	-0.0156492787	0.0440460884	0.0163207012	-0.010867346	-0.0468068599	-0.0084566052	-0.0740352299	0.006059506	-0.0040819001	-0.0083866213	0.0715531598	0.0054469757	0.0120666325	-0.0296939648	0.059461362	-0.0250777034	0.0156096475	-0.0284223368	-0.0002911266	0.0701371634	-0.0068818745	0.0032119144	0.0339072979	0.0212385533	0.0396447003	0.0172924811	-0.0274348662	-0.0165388479	0.0471872797	0.0721665375	0.0283536882	-0.0200788552	0.0134861212	0.0115910352	-0.0366389627	-0.0388693008	0.0298269995	-0.06129696	-0.0153197597	0.0339795462	-0.0250109337	-0.0824796697	0.0017275513	-0.0171231665	-0.0467108994	-0.0076225805	-0.0227407521	-0.0163719546	-0.0442042076	-0.0734041385	-0.0455398282	-0.017836688	0.0032018256	0.0124212494	0.0109308055	-0.0570576811	0.0077340689	-0.0053248636	-0.0297938071	-0.0455919574	0.0437966543	0.054603335	-0.0070207169	-0.0379575804	-0.0079335237	0.0012817128	-0.0122573804	-0.0016754723	0.00765927	-0.018432699	-0.0115699677	-0.0057740092	-0.0081857328	0.009008498	0.0051027392	0.0045350466	-0.0179303639	0.010623964	-0.0113066147	-0.0103528475	0.0058828829	-0.0049452133	0.0126140234	0.0178318355	0.0310468454	0.0059616131	0.0246119152	-0.030790448	0.0118481323	0.0099860469	-0.0057140243	0.0015613971	0.0203810984	-0.0207751773	-0.011068179	-0.0477040178	0.0439709173	-0.0379639583	0.0299937775	-0.0204725349	0.0098926005	0.0011989077	-0.0122284171	0.022625561	-0.0318526742	0.039432597	-0.0449733504	0.0481884067	-0.0489115064	0.047105256	-0.0428630618	0.0364042993	-0.0280629691	0.0182704248	-0.0075330659	-0.0035938487	0.0145349155	-0.0247243413	0.0336352026	-0.040806694	0.0086544499999999	-0.01054185	0.0001111306014225	7.489950480249828e-05	-4.77645	-0.0641999999999995	22.814474602499995	0.0041216399999999	-0.85511	0.0336389999999999	0.0011315823209999	0.7312131121000001	-0.017133	0.0001663	0.0002935396889999	2.7655690000000394e-08	-0.00567065	0.00047378	3.21562714225e-05	2.2446748840000002e-07	0.00262767	-2.391000000000025e-05	6.9046496289e-06	5.71688100000012e-10	0.0	0.0	0.0	0.0	0.0	0.0	0.0	0.0	0.0	0.0	0.0	0.0	0.0	0.0	0.0	0.0	0.0	0.0	0.0	0.0	0.0	0.0	0.0	0.0	0.0	0.0	0.0	0.0	0.0	0.0	0.0	0.0	0.0	0.0	0.0	0.0	0.0	0.0	0.0	0.0	0.0	0.0	0.0	0.0	0.0	0.0	0.0	0.0	0.0	0.0	0.0	0.0	0.0	0.0	0.0	0.0	0.0	0.0	0.0	0.0	0.0	0.0	0.0	0.0	0.0	0.0	0.0	0.0	0.0	0.0	0.0	0.0	0.0	0.0	0.0	0.0	0.0	0.0	0.0	0.0	0.0	0.0	0.0	0.0	0.0	0.0	0.0	0.0	0.0	0.0	0.0	0.0	0.0	0.0	0.0	0.0	0.0	0.0	0.0	0.0	0.0	0.0	0.0	0.0	0.0	0.0
55209.55423853028	15.336899659283516	3048094879.217217	235.22049115893088	67493.24424804687	-223.00645410155997	4555338019.126513	49731.87857095116	55772.04356942094	2.3179022606345825	3110520843.909387	5.372670889854908	55975.28093779734	56723.64306989397	0.8771299999999999	20.094057	0.0910934499999991	0.0461904	-0.0001289355	-0.0005054811	0.0015236538	-0.0016331088	0.0032551311	-0.0166696535	0.0131529139	-0.0509616648	-0.000844578	-0.0026131376	-0.0161462414	0.0345693771	0.0064702462	0.0285427777	0.0054075513	-0.0209208604	0.0006405473	0.0056330105	-0.0323596157	-0.0077078556	0.0099383738	-0.0003321503	-0.0136939003	-0.0096922118	0.0021736841	0.0061569855	0.0352612917	0.0325532372	0.0265329488	-0.055103717	0.0006121441	-0.0295198601	0.0008876482	0.0061478852	0.0220767589	0.0353013526	-0.0204440328	0.0139115753	0.0537690991	0.0344304444	0.0245725529	-0.010979023	-0.0038659374	-0.0194900393	-0.0443699351	-0.0217391458	-0.0081778717	-0.0156224949	0.0007054298	0.0097354222	-0.0073807374	0.0248702002	0.0081205273	0.0129784926	-0.0012007438	0.0589932535	-0.0402236215	0.0368427375	-0.0162156933	-0.0088507549	0.0124883756	0.0367335123	-0.0119581225	-0.0416691729	0.0697139842	-0.0496896959	0.0335848475	0.0050438857	-0.0160863255	-0.0334401945	0.0246685048	-0.042323622	0.0875400736	0.0283384659	0.0017736162	0.0572040135	-0.0364102128	-0.0346546613	0.0764536905	-0.0120096336	-0.025694793	-0.0098173856	-0.0856936436	0.0289051948	0.0511201802	-0.0226681218	-0.0587155464	-0.0279145238	-0.0483695904	0.0202094218	0.0202669435	0.0146459969	0.0083066951	0.0075731162	-0.0467712342	-0.0110159023	0.0296479267	0.0402911521	-0.0280943811	0.0405805755	-0.0031628629	0.0371958525	0.0347525712	0.0496105144	-0.0866954384	0.0143544037	0.0149024434	0.0432994981	0.0107505865	0.0016245216	0.0176218395	0.0335005859	0.0064953855	0.0321919301	0.0081378169	-0.0095405758	0.0004254646	0.0131504058	-0.0099431195	-0.0052807756	-0.0088592631	-0.0390063569	0.0305962228	0.0293045915	-0.0470294058	0.0096940075	-0.0281844221	0.0145601916	0.0086591455	0.019161125	0.0320127215	0.0180765518	0.0130952799	0.0596243183	-0.0321018066	-0.0187222773	0.022062055	-0.0159012608	-0.0035176649	0.0471229812	0.0105711932	0.0072708329	0.0224660329	-0.0048318347	-0.0063145382	0.0003834189	-0.0181001597	0.0187586749	0.0227354424	-0.0071283359	-0.0267144887	-0.0541070255	0.0362686781	0.0060628851	-0.0004613791	0.0029548576	-0.0222929519	0.0325919693	0.0373991946	0.0718395086	0.0517794896	-0.0296381543	-0.0148787891	-0.0015754503	-0.0405460072	-0.0239618967	0.0243597978	0.0592521716	0.056921762	-0.0107025231	0.0545133685	-0.0397588583	0.0703719213	0.0721555926	0.0264463166	0.0153524335	-0.0059601494	-0.0971222375	0.0425857098	0.0460526631	-0.0239335212	-0.0587579303	0.0348651946	-0.0106896448	0.0250646646	-0.0018755116	0.0308802861	0.0064393071	-0.0031822658	0.060157482	0.0058072687	0.0275848956	-0.01899383	0.0260261099	-0.0058118538	-0.0520774901	-0.0213642452	-0.0779792033	-0.0219196839	-0.0694990799	-0.0396740243	0.0109332114	0.0325604071	0.0287005684	-0.0177164045	0.0322186124	0.0033390349	-0.0263472867	-0.004682735	-0.0050620302	0.0244403462	0.0388637324	-0.0045519291	0.0284887435	0.0008109516	-0.013769161	0.0038094988	-0.0098729107	0.0045714401	-0.0188577022	-0.0016495547	-0.0414858563	0.0122499278	0.0151247278	-0.0159761768	0.0058573283	-0.0006209717	0.0033659904	-0.0141119725	-0.0150123897	0.0247845788	-0.0040838235	-0.0477453555	0.0441320627	-0.0383110855	0.0305736153	-0.0213067153	0.0109739574	-9.22328e-05	-0.0107941057	0.0211404744	-0.0304293015	0.0381959179	-0.0440518025	0.0477040178	-0.0489698633	0.0477860158	-0.0442116967	0.0384257095	-0.0307174953	0.0214726538	-0.0111536535	0.0002766972	0.0106141007	-0.0209739336	0.0302845558	-0.0380802083	0.0177189	0.00906445	8.21642538025018e-05	0.00031395941721	-4.74931	0.0271399999999992	22.555945476100003	0.0007365795999999	-0.880086	-0.0249759999999999	0.000623800576	0.7745513673960001	-0.0170029	0.0001300999999999	0.00028909860841	1.692600999999937e-08	-0.00609232	-0.0004216699999999	3.71163629824e-05	1.778055888999999e-07	0.00258118	-4.6489999999999726e-05	6.662490192400001e-06	2.161320099999974e-09	0.0	0.0	0.0	0.0	0.0	0.0	0.0	0.0	0.0	0.0	0.0	0.0	0.0	0.0	0.0	0.0	0.0	0.0	0.0	0.0	0.0	0.0	0.0	0.0	0.0	0.0	0.0	0.0	0.0	0.0	0.0	0.0	0.0	0.0	0.0	0.0	0.0	0.0	0.0	0.0	0.0	0.0	0.0	0.0	0.0	0.0	0.0	0.0	0.0	0.0	0.0	0.0	0.0	0.0	0.0	0.0	0.0	0.0	0.0	0.0	0.0	0.0	0.0	0.0	0.0	0.0	0.0	0.0	0.0	0.0	0.0	0.0	0.0	0.0	0.0	0.0	0.0	0.0	0.0	0.0	0.0	0.0	0.0	0.0	0.0	0.0	0.0	0.0	0.0	0.0	0.0	0.0	0.0	0.0	0.0	0.0	0.0	0.0	0.0	0.0	0.0	0.0	0.0	0.0	0.0	0.0
55154.131105880246	-55.42313265003759	3041978178.0446267	3071.7236327436626	67237.35342480469	-255.8908232421818	4520861695.572095	65480.11341956153	55721.93607198985	-50.10749743109045	3104934159.610924	2510.761298806736	55934.48615158183	56292.923601105926	0.880793	20.177971	0.0616334000000001	0.0341728	-8.7052e-05	-0.0029579645	-0.0018369861	0.0039072434	0.004118699	0.0053756158	0.0076659075	0.0353052449	0.0057914955	-0.0328475286	-0.0077652364	-0.0189953833	0.0187088891	0.0052163519	-0.0062942376	-0.0392684034	-0.002117426	0.0094163537	-0.0359872155	0.0132829031	-0.0093070429	-0.0373633121	0.0498775613	0.0397784535	0.0108157201	0.0224846869	-0.0176793983	0.0159067227	-0.0348120345	0.0044530019	-0.045647914	0.0315998969	-0.0355402097	-0.0837720916	-0.0243336455	0.0047564922	-0.0072885667	0.0671944227	0.0419738145	-0.0326734708	0.0281527107	0.0309560649	0.018127628	-0.0252109168	0.022684751	0.0441470087	-0.0492629397	0.0696993787	0.0085334479	0.0378818504	0.0022131441	-0.0286111919	-0.0460492332	0.022289327	-0.036936208	-0.0289245655	0.0282755764	-0.0240891136	0.0167398712	0.0024672118	-0.0513947659	0.0125303329	0.0237916848	0.0081496481	-0.0031795612	0.0304413543	-0.0105419528	-0.0261555593	0.0311427657	-0.0201634939	-0.003463664	-0.0083886466	-0.0120169473	-0.01404334	0.0722425709	0.0288008498	0.0333221317	0.0170689882	-0.0238710733	0.0110118779	0.0527850952	-0.0155228985	-0.0157706587	0.0122321192	0.0298739771	0.0074095494	0.0374935682	0.0186273683	-0.0587490722	-0.0409448442	0.0106235691	-0.0111085427	0.0009579591	0.0144672055	0.0317117178	-0.008658047	0.0076802854	0.0165527172	0.0104138854	0.0193955917	-0.0629005583	0.0386741095	0.0106746853	0.0214901578	0.0048689309	0.0435437093	0.0111751418	0.0865140594	0.0593698869	0.0206146288	0.0154557633	-0.0289463356	0.0093191621	0.0353986592	-0.0129862251	0.0070063161	0.0369242007	-0.0491960703	0.0415117226	0.0042060952	-0.0217936569	0.0208284886	0.0188651423	-0.0308564839	-0.0057211838	-0.0536533577	0.0191501054	-0.0375410182	-0.0829383512	-0.0183254254	0.0007671859	-0.0006457301	0.0619256414	0.0471464216	0.039088173	-0.0247198044	-0.0284776869	-0.0129863619	0.0219524969	-0.0241912489	-0.0451822889	0.0678978755	-0.0349218042	-0.0064322159	-0.0461787126	0.0253986869	0.0373358295	-0.0012441963	-0.0211258607	0.0602247758	0.0155356213	0.0428309531	-0.0199884657	-0.0009211679	0.0021394149	0.0407346496	-0.01980608	-0.0202099779	-0.001490575	0.0090313857	-0.0279168953	0.0094066369	0.0110643555	-0.0282552119	-0.0121886905	0.0082362522	0.0102788844	0.0125827264	-0.0090344883	0.080151098	0.0233021069	0.0366931253	-0.0131703079	-0.031828307	-0.0086122746	0.004854361	-0.0467861562	-0.0010917441	0.0164205894	0.0197316927	-0.0034269726	0.0235668848	-0.0159467935	-0.0578556402	0.0480764504	0.0234081146	-0.0041344902	0.0177749879	0.0089926392	-0.0291489868	-0.0381059154	0.0208058947	0.0312825947	0.0490613922	0.0419307282	-0.0349392247	-0.0280856045	-0.0310413953	0.0114388778	0.0068473974	-0.0311196576	0.0036963567	-0.0034988888	0.0886357149	-0.0491959457	-0.0433952168	-0.0335235153	-0.0263773539	-0.006482605	-0.0059152571	0.0207426705	0.020951701	0.0057799484	-0.0264762902	0.0247216153	-0.0057556926	-0.0289491322	-0.0029589493	0.0223050596	0.0128089001	0.007766936	0.016808485	-0.0148318468	-0.0353286073	-0.0133009719	-0.0029535195	-0.0011335924	-0.0148983001	-0.0155477423	-0.0099971222	-0.0020100288	0.0045409	-0.0477860158	0.0442907033	-0.0386533201	0.0311465121	-0.0221333376	0.0120497088	-0.0013833093	-0.0093499925	0.0196310923	-0.0289627561	0.0368936684	-0.0430402594	0.047105256	-0.0488920593	0.0483142525	-0.0453997805	0.0402895985	-0.0332308549	0.0245649379	-0.014710965	0.0041455125	0.006620433	-0.0170661886	0.026686557	-0.0350162597	0.014866	-0.0028528999999999	8.139038409999991e-06	0.000220997956	-4.75027	-0.00096	22.565065072900005	9.21600000000138e-07	-0.8568219999999999	0.0232640000000001	0.000541213696	0.7341439396839997	-0.016926	7.690000000000127e-05	0.000286489476	5.913610000000196e-09	-0.00564857	0.0004437499999999	3.1906343044900004e-05	1.9691406249999974e-07	0.0024107	-0.00017048	5.81147449e-06	2.9063430400000068e-08	0.0	0.0	0.0	0.0	0.0	0.0	0.0	0.0	0.0	0.0	0.0	0.0	0.0	0.0	0.0	0.0	0.0	0.0	0.0	0.0	0.0	0.0	0.0	0.0	0.0	0.0	0.0	0.0	0.0	0.0	0.0	0.0	0.0	0.0	0.0	0.0	0.0	0.0	0.0	0.0	0.0	0.0	0.0	0.0	0.0	0.0	0.0	0.0	0.0	0.0	0.0	0.0	0.0	0.0	0.0	0.0	0.0	0.0	0.0	0.0	0.0	0.0	0.0	0.0	0.0	0.0	0.0	0.0	0.0	0.0	0.0	0.0	0.0	0.0	0.0	0.0	0.0	0.0	0.0	0.0	0.0	0.0	0.0	0.0	0.0	0.0	0.0	0.0	0.0	0.0	0.0	0.0	0.0	0.0	0.0	0.0	0.0	0.0	0.0	0.0	0.0	0.0	0.0	0.0	0.0	0.0
55239.57608641609	85.44498053584539	3051410766.2069526	7300.844698770998	67678.44703613281	441.09361132812046	4580372193.222634	194563.573954483	55838.01270664592	116.07663465607038	3117883663.0275507	13473.78511307884	56039.49627772657	56865.27510336344	0.8540499999999999	19.56531	0.0781443	0.0428034	-0.0018123324	0.0047139062	0.0046892941	0.0043710505	0.0097481721	-0.002532622	0.0013211245	0.0044401488	-0.0113293402	0.0439401146	0.0053028917	0.0449140667	-0.0088752529	0.0218302166	0.0002482189	-0.0188388492	0.0140368963	-0.00919466	0.0119991356	-0.0184327309	0.0164065149	-0.0045673502	-0.029471161	-0.0259915481	-0.0076979322	-0.0131412079	-0.0254409032	-0.0315711204	0.0206043405	-0.0032808256	0.0612014996	-0.0368852204	-0.0488370942	0.01848615	-0.0020359607	0.0220275925	0.0022700179	0.0008344826	-0.0230420086	-0.0342320164	-0.0529840208	0.038527469	0.0558462673	0.0345374575	-0.0278521572	0.0238815018	0.0306157638	0.0203286002	-0.0194171349	-0.0070313744	-0.0070139233	-0.0182432647	-0.0259885584	-0.0455893346	0.0426011637	-0.0176329456	-0.0349570738	0.0175065644	-0.046515299	-0.0100433602	0.036208566	0.0055843859	0.025435528	0.0077538537	-0.004766822	0.044254269	0.0700335355	-0.0074642117	0.0106147022	0.0375494189	-0.041428615	-0.0388537899	-0.032130842	0.0162402164	0.0223118094	-0.0311407045	0.0403369804	0.0231001199	-0.0367332883	0.0153896027	-0.0468376036	-0.0186155146	-0.0285307483	0.002331719	-0.0098072199	-0.0589876492	0.0084883136	-0.0391702464	-0.0386203677	0.0189410396	-0.001083826	0.0063265462	0.0143200952	0.0139114162	0.0372054539	0.0010573101	-0.0319476552	0.0086441192	0.0416208051	-0.0136082982	-0.0049560626	-0.0010613175	-0.0194717369	-0.0490306233	-0.0319674118	-0.0684328626	-0.0379276105	0.0046150199	-0.0692816736	-0.0095302177	0.0385401555	0.0576692328	-0.0090292452	-0.0132011993	0.0190800938	-0.0156948266	0.0047072633	0.0255354328	-0.0298751175	-0.0003114218	0.0132375365	0.0225716325	-0.0301486252	0.0186891563	0.0002265762	0.0686285941	-0.0294108316	-0.0463844324	0.0154207425	-0.0013577989	0.0222364756	-0.0035213985	0.0012680931	-0.0243714037	0.0349154386	0.047397658	-0.0446996836	0.0285262649	0.0505060815	0.0275697107	-0.0130654303	-0.0250768925	-0.0314132275	0.0268920949	-0.0019682229	0.0137779446	0.0221873476	0.0026497738	-0.0319153907	-0.0555234082	-0.004190613	-0.0089090688	0.0471392404	-0.0332688157	0.0094238844	-0.0319059805	-0.0057559973	-0.0184340174	0.0176223973	-0.0211298744	-0.0430165101	-0.0790394204	-0.0062950422	-0.0163627831	0.0476000264	0.0398290568	0.0369527887	-0.0102538089	-0.0026086747	0.016484698	-0.0464155903	0.0261184732	-0.018961622	-0.0218308754	0.0010944519	-0.0531204029	0.0222263057	-0.0237097821	0.0040093481	-0.0058204304	-0.0619889357	-0.0184930065	0.049616107	-0.0308171727	0.0280403841	0.0068118535	0.0070972077	0.0195216757	-0.0092566948	-0.0315948331	-0.0050692226	-0.022772197	0.0080615371	0.0061386539	-0.0299120948	0.0142184718	-0.0061907827	0.0411231798	0.014344523	-0.0618074454	0.0300511548	-0.0036664544	-0.0475944837	-0.0207960315	0.0282397509	0.0976025288	0.0035655643	0.0051934415	-0.0035342147	-0.0058453904	0.0239431466	0.042724588	-0.0167616918	0.0237417311	-0.0104631286	0.004541881	-0.0150753012	-0.0023951688	-0.0357143651	-0.0233402263	0.0016587572	0.0227338938	0.0189903616	0.0136158189	-0.0101142373	0.0046299315	0.0135361361	0.0020046668	-0.0015042845	-0.0313401374	0.0260709788	-0.0125924971	-0.047825998	0.04444683	-0.0389906186	0.0317123377	-0.0229521086	0.0131193052	-0.0026734239	-0.007897389	0.0180991493	-0.0274551188	0.035528084	-0.0419407874	0.0463935571	-0.048678311	0.0486882801	-0.0464229987	0.0419883256	-0.0355914973	0.0275314438	-0.0181848193	0.0079884006	0.0025813239	-0.0130304206	0.0228705931	-0.0316420006	0.0213608	0.0064947999999999	4.218242703999998e-05	0.0004562837766399	-4.7441	0.00617	22.506484810000003	3.8068900000000106e-05	-0.896664	-0.0398420000000001	0.001587384964	0.804006328896	-0.0170532	-0.0001272	0.00029081163024	1.6179840000000234e-08	-0.00587193	-0.0002233599999999	3.44795619249e-05	4.9889689599999873e-08	0.00257289	0.00016219	6.6197629521e-06	2.63055961e-08	0.0	0.0	0.0	0.0	0.0	0.0	0.0	0.0	0.0	0.0	0.0	0.0	0.0	0.0	0.0	0.0	0.0	0.0	0.0	0.0	0.0	0.0	0.0	0.0	0.0	0.0	0.0	0.0	0.0	0.0	0.0	0.0	0.0	0.0	0.0	0.0	0.0	0.0	0.0	0.0	0.0	0.0	0.0	0.0	0.0	0.0	0.0	0.0	0.0	0.0	0.0	0.0	0.0	0.0	0.0	0.0	0.0	0.0	0.0	0.0	0.0	0.0	0.0	0.0	0.0	0.0	0.0	0.0	0.0	0.0	0.0	0.0	0.0	0.0	0.0	0.0	0.0	0.0	0.0	0.0	0.0	0.0	0.0	0.0	0.0	0.0	0.0	0.0	0.0	0.0	0.0	0.0	0.0	0.0	0.0	0.0	0.0	0.0	0.0	0.0	0.0	0.0	0.0	0.0	0.0	0.0
55188.4647051128	-51.111381303293456	3045766636.507481	2612.373298730656	67309.30638476563	-369.1406513671827	4530542725.998251	136264.82049178795	55741.15985780343	-96.8528488424854	3107076902.2931967	9380.474328905326	55940.19568788654	56222.686449878245	0.951871	21.806288	0.0657458999999996	0.0284432	0.0022782591	-0.0022374805	0.002732114	-0.0013059508	0.0047332115	-0.012869522	-0.0058849103	-0.0420942778	0.021133424	-0.0243939234	-0.0125769786	-0.0179644031	0.0346755634	0.0074904622	0.0020760517	-0.0362494659	-0.0123187469	0.0074846053	-0.0237332443	-0.0170432619	-0.0060199616	0.0167112631	0.0512178596	0.0163232555	-0.020438963	-0.0279186758	-0.0299125161	0.0323383612	0.0032881669	-0.0324889602	-0.0254357402	-0.0367746826	0.0345830841	-0.0232300738	0.0239131401	-0.0149084199	0.038643243	-0.0097625995	-0.0479065977	0.0056680046	-0.0042530326	-0.0342504025	0.0435641155	-0.0210692664	-0.0121906434	-0.0764755846	0.0275021264	-0.0311886831	-0.0214172361	-0.0021854166	-0.0204015255	0.018913272	-0.0127025059	0.0164263963	0.0247411458	-0.0480640325	-0.0055574525	-0.0007527809	-0.0485375476	0.0042771598	-0.0163015632	-0.0781802934	0.0067941274	0.0012799019	-0.0359751515	0.0228906974	0.0175992033	-0.0224301659	-0.0207990697	-0.0134160928	0.0524146838	0.0426712919	0.0245820466	0.0148384821	0.0167421542	-0.0617488581	0.0623686184	0.0264070931	-0.0159682714	0.0082475466	-0.0152113197	0.025792684	-0.0379177614	0.0298671816	-0.0581120216	0.0342273695	0.017909108	0.0609704581	0.0217194542	0.0589742028	-0.003843317	-0.0921186303	0.0412761517	-0.0251892298	-0.0019720824	0.0173253569	0.0118666408	-0.0257660047	0.0280337154	-0.0099580758	0.0169411709	0.0286725862	0.0541455909	0.0695317043	0.0101395908	0.000594301	-0.0106941007	-0.0493339679	0.0367441197	0.0233433359	0.0436464483	-0.0041690689	0.0097207982	0.0256561442	0.0167761099	0.0049251551	-0.0183073209	-0.0518938973	0.0128973266	0.0214381437	0.0275514525	0.0251611352	0.0340091014	0.0115486984	-0.0306484103	-0.0161370653	-0.0378251732	0.0344861179	-0.0191828877	0.0280198805	-0.0130874053	-0.0337172615	-0.0178587305	-0.051548261	-0.0119540048	0.0024965868	0.0408333708	-0.0241764352	0.0450935349	0.0214392991	0.060919386	-0.0341635	0.0127947101	-0.0013397348	0.0146004742	0.0255547765	0.0053142783	0.0436710984	0.0262573205	-0.0194230317	0.0201084748	0.0108364165	0.0069396468	-0.0555679724	0.0128292406	0.0078620189	0.0611826087	-0.0412055675	-0.0348872547	-0.0423944429	-0.0163795921	-0.0172063663	-0.0003935167	0.0160033517	-0.0441702824	-0.052923095	-0.0300931715	0.0078601599	0.014288869	0.0241231193	-0.0761653668	0.046466699	-0.0242623435	-0.0297431324	0.0226435513	0.0046958023	0.0205882145	-0.0340813945	-0.0107619489	-0.0842531698	0.0190590944	0.0481094552	-0.0005553704	0.0547980795	0.0543749869	-0.0301209005	-0.0708101189	-0.0168750814	-0.0130667507	0.0072988814	0.0099451053	-0.0060243827	0.0594228906	0.0036150679	-0.0211674656	0.0029556251	-0.0140349133	-0.0628555156	-0.0458906359	0.0305372536	0.0254662284	-0.0121347155	0.038653731	-0.0244247203	-0.040756789	0.0015086675	-0.0510665825	0.0451858018	-0.0064113246	-0.001269072	0.0337675523	0.0322343527	0.0045590192	-0.0277452774	0.0548002781	-0.0244993309	-0.0058049626	-0.0289448499	0.0329643543	0.0151833451	0.0090195423	-0.0260676744	-0.0105800759	0.0246927966	-0.016874528	-0.0103301028	0.0052200043	-0.0011499591	-0.0282958133	-5.01876e-05	0.001598103	-0.0034029666	-0.0478653016	0.044600434	-0.0393229378	0.0322709638	-0.0237627379	0.0141822002	-0.0039616799	-0.0064376142	0.0165464061	-0.0259085287	0.0341015091	-0.0407556328	0.0455706274	-0.0483292125	0.0489069049	-0.0472776357	0.043514927	-0.0377885739	0.0303569825	-0.021555509	0.0117813266	-0.0014755028	-0.0088969041	0.0188678315	-0.0279873335	0.0276297	0.0062689	3.929910721000001e-05	0.00076340032209	-4.75143	-0.0073299999999996	22.5760870449	5.372889999999435e-05	-0.875542	0.0211219999999999	0.0004461388839999	0.766573793764	-0.0166187	0.0004345	0.00027618118969	1.8879025000000079e-07	-0.00575043	0.0001215	3.30674451849e-05	1.4762250000000022e-08	0.00250839	-6.449999999999989e-05	6.2920203921e-06	4.160249999999985e-09	0.0	0.0	0.0	0.0	0.0	0.0	0.0	0.0	0.0	0.0	0.0	0.0	0.0	0.0	0.0	0.0	0.0	0.0	0.0	0.0	0.0	0.0	0.0	0.0	0.0	0.0	0.0	0.0	0.0	0.0	0.0	0.0	0.0	0.0	0.0	0.0	0.0	0.0	0.0	0.0	0.0	0.0	0.0	0.0	0.0	0.0	0.0	0.0	0.0	0.0	0.0	0.0	0.0	0.0	0.0	0.0	0.0	0.0	0.0	0.0	0.0	0.0	0.0	0.0	0.0	0.0	0.0	0.0	0.0	0.0	0.0	0.0	0.0	0.0	0.0	0.0	0.0	0.0	0.0	0.0	0.0	0.0	0.0	0.0	0.0	0.0	0.0	0.0	0.0	0.0	0.0	0.0	0.0	0.0	0.0	0.0	0.0	0.0	0.0	0.0	0.0	0.0	0.0	0.0	0.0	0.0
55256.360358685306	67.89565357250831	3053265360.088889	4609.81977403806	67595.71243164063	286.4060468749958	4569180339.141055	82028.4236865623	55844.23711390836	103.07725610493073	3118578818.83442	10624.920726121476	56040.140625	56835.28129375507	0.912493	20.904184	0.0471644900000004	0.0253792	-0.0026766667	0.0007007537	0.001009072	0.0031755466	0.0133648292	-0.0030285805	-0.0078554677	0.0213585917	-0.0097445868	-0.016026656	0.023565783	0.0257638675	-0.0136612969	0.0083606268	-0.0298748508	-0.0258139916	-0.0014441786	-0.0157326166	-0.0054948177	0.0184914701	-0.009614194	-0.0145407494	-0.0193775258	0.0053554471	0.0253247573	-0.0308429314	-0.0139298242	-0.0043262813	0.0908217202	-0.004465671	-0.0300797502	0.0015072375	0.02955524	-0.0054987274	-0.0296136074	0.0441019053	-0.0411426301	-0.0172108	0.0391804029	0.0138776057	-0.012545546	0.0212048389	0.0162328503	0.0422786446	0.0208509159	0.0297508291	0.0115474378	0.0008819218	0.0190821689	0.0002224391	0.0247423171	-0.0170947868	-0.0078957517	0.0074976457	-0.033843673	0.0167119446	-0.0111522633	0.0033081537	-3.30874e-05	-0.0074349926	-0.0023344488	0.0273992876	0.0126956869	-0.0051452684	-0.009585084	-0.0295209916	0.012415351	0.0110415363	0.0062737073	0.025039568	0.0158465893	-0.0073705393	0.0058631779	-0.0415980859	0.0288064115	0.0269049896	-0.0011261842	0.0150991095	-0.0305034963	0.0350074182	0.0251740119	-0.060452854	-0.0176658493	-0.0518636326	-0.0041778895	0.0370355675	0.0423359258	-0.0196229404	0.0220494806	0.0041269192	-0.0215340537	0.0266115017	0.0166008937	0.0485526612	-0.0261586292	0.0071729431	-0.0045848625	-0.0103671107	0.0289561331	0.0229503255	-0.0006548554	-0.0302936707	-0.0442774856	0.0296950317	-0.0108675596	0.0255112319	-0.0054521394	0.0290206474	-0.066419652	0.0627180903	-0.0660848949	-0.0293447424	-0.01508357	0.005896668	-0.0163583116	0.007170685	0.0171943831	0.0272795134	0.0142075584	-0.0249269375	0.0313703029	0.008015741	-0.0158061974	0.0885396144	-0.0022940878	-0.030847847	-0.0075139081	0.0331844434	-0.0088778179	-0.0265581472	0.0447892057	0.0424052571	-0.0133254091	0.0382654346	-0.0094385779	0.0184362936	-0.0220903368	0.0474781606	0.0097395296	-0.0179199234	-0.0111079326	-0.0122368428	-0.0033875392	-0.005089912	-0.0055120185	-0.0212010982	0.0142665511	-0.0232570685	-0.0140162108	0.0388393476	-0.0070048694	-0.0052526385	0.0093264034	0.007076559	0.0053168253	0.0052134457	-0.0277284423	0.0076803636	0.0201273366	-0.0120652123	0.0278707417	-0.0073448495	-0.0053035421	-0.0135082493	0.0282301818	-0.0292901117	0.0045228133	0.0101015891	-0.0311265072	0.0326068497	0.0373231386	0.0005500172	0.0126907082	-0.0358694241	0.0250136742	-0.0446990028	-0.0500523232	-0.0093369171	-0.0534582978	0.0164638805	0.016331734	0.0397682758	0.0148265729	-0.0171754336	-0.03729185	-0.0083102384	0.0243346642	0.0518417053	0.0025641591	0.0184556969	0.0140214961	-0.007801898	0.0092925553	-0.0022114574	-0.00660696	-0.0238431984	0.0551492608	-0.0267269546	0.0447223723	0.0061564672	-0.0099206122	0.0351617714	-0.0825566182	-0.023724913	-0.0143620365	-0.0291588779	0.0315726912	0.0504560549	-0.0048580777	-0.000839039	0.024781925	0.0238234418	-0.0090019208	0.0082156897	-0.0259946155	0.0289219017	-0.0512918968	0.0108522308	-0.0041443364	-0.009384242	-0.0093872189	0.0015936138	0.0042236551	-0.0216646509	0.0053235987	0.002332206	0.0002466333	-0.0122694466	-0.0039121764	-0.0094635422	0.0028759372	0.0062332531	-0.047903926	0.0447515066	-0.0396502352	0.0328222635	-0.0245649379	0.015237851	-0.0052471816	-0.0049719936	0.014974647	-0.02432518	0.0326163926	-0.0394872168	0.0446384398	-0.0478457346	0.048969429	-0.0479605879	0.0448631447	-0.0398119877	0.0330270864	-0.0248039116	0.0155005685	-0.005522202	-0.004696647	0.014710965	-0.0240846454	0.0082542099999999	-0.0193754900000001	0.0003754096127401	6.813198272409836e-05	-4.74482	0.0066100000000002	22.5133168324	4.3692100000003e-05	-0.8735549999999999	0.0019870000000001	3.948169000000728e-06	0.7630983380249997	-0.0165419	7.680000000000187e-05	0.0002736344556099	5.898240000000287e-09	-0.00548026	0.00027017	3.00332496676e-05	7.299182890000008e-08	0.00254526	3.6870000000000045e-05	6.478348467600001e-06	1.359396900000003e-09	0.0	0.0	0.0	0.0	0.0	0.0	0.0	0.0	0.0	0.0	0.0	0.0	0.0	0.0	0.0	0.0	0.0	0.0	0.0	0.0	0.0	0.0	0.0	0.0	0.0	0.0	0.0	0.0	0.0	0.0	0.0	0.0	0.0	0.0	0.0	0.0	0.0	0.0	0.0	0.0	0.0	0.0	0.0	0.0	0.0	0.0	0.0	0.0	0.0	0.0	0.0	0.0	0.0	0.0	0.0	0.0	0.0	0.0	0.0	0.0	0.0	0.0	0.0	0.0	0.0	0.0	0.0	0.0	0.0	0.0	0.0	0.0	0.0	0.0	0.0	0.0	0.0	0.0	0.0	0.0	0.0	0.0	0.0	0.0	0.0	0.0	0.0	0.0	0.0	0.0	0.0	0.0	0.0	0.0	0.0	0.0	0.0	0.0	0.0	0.0	0.0	0.0	0.0	0.0	0.0	0.0
55335.82400344525	79.46364475994051	3062053418.140267	6314.47083853402	67458.04668457032	-137.66574707030668	4550588062.497668	18951.85791642565	55802.20317222256	-42.033941685804166	3113885878.8740053	1766.852253645585	56009.45749026225	56705.61981407265	0.8590459999999999	19.679781	0.1504612899999999	0.074752	-0.0003972753	0.0047081004	0.0088787665	0.0017297761	0.0247191865	-0.0042270818	-0.0094373641	0.0025327622	-0.0061221369	0.0419012804	-0.0106170273	0.0538038954	0.0159675325	0.0009327254	0.0016076757	-0.0212833018	0.0203381597	-8.36928e-05	-0.0158676118	-0.0042351044	0.0471408098	0.0242427819	-0.0496946974	0.0164112788	0.0002849383	-0.0325286443	-0.0172176992	0.0109743967	-0.0501686162	-0.00412815	0.0119409227	-0.0810681293	-0.0607531504	-0.0200698225	0.0267019296	0.0113469449	0.0015180711	0.0116945937	-0.0020456187	0.007365782	-0.0194247323	0.0351438285	0.0153667003	0.01785421	-0.0300682935	-0.0207064073	0.0199793752	-0.0387647864	-0.0334599369	0.0157632015	0.0206885518	0.003005863	-0.0172574313	-0.0239545277	-0.0020493344	-0.0297655385	-0.0259840149	-0.0174327535	-0.0311308221	0.0034729849	-0.0278300377	-0.0402929215	-0.0350613521	0.0451021425	-0.0049688298	0.0098522419	0.0007832607	0.0071481469	0.0315141988	0.0128375851	0.0230680604	-0.0029351228	0.0584500108	-0.0407006614	0.0040046806	-0.0084163955	0.0030153887	0.0114936222	-0.0100664911	0.0375298115	-0.0365833921	0.0159064557	0.0295823531	-0.0076711706	-0.003094478	0.0112276849	0.0099708938	0.0271493647	0.0306896096	0.0179078981	0.0243916889	0.0329359716	0.0106009022	0.0313098117	-0.0258704438	0.0216428148	0.0096854882	0.0257612466	-0.01948603	-0.0253881158	0.0062277502	-0.0606055732	0.0060987166	-0.00297733	0.0069723027	0.0103872395	-0.1067553574	0.0578065336	0.0001680311	-0.0287331348	0.0378157666	0.0377035058	0.0009248221	0.0153609309	0.005552141	-0.0470189133	-0.0258016497	0.0462586958	0.0039377326	0.0158426901	0.0304986231	0.0206192898	0.025324491	-0.0511022469	-0.0067642907	0.0280980967	-0.0804904685	-0.0557169374	-0.0146993179	0.0299370932	0.0087359557	-0.0039786462	0.0094347537	0.0027301238	-0.0083967705	0.0143546081	-0.031862113	0.0041705076	0.0148364458	0.0362635692	0.0346819294	-0.0324756728	0.0252217037	0.0381813359	-0.0104628808	-0.0113300829	0.0186360683	0.0164834111	-0.0277085096	-0.0049344581	0.009915782	0.0161114554	0.0256935435	-0.0387668136	0.0118947552	0.0115785122	0.0216807109	0.0107036305	-0.0680611309	-0.0124963405	-0.0121841014	0.0054442512	-0.0190859588	-0.0205051399	0.0161548958	-0.0385965309	-0.0084371692	0.0620201932	-0.0095900012	0.0067878556	-0.0011786779	0.000702373	-0.0038936258	-0.0168696984	0.0323336876	-0.0197117577	0.0481735235	0.0284013163	-0.0015203363	0.0004626535	0.0174530834	0.0123046186	-0.012002632	0.0328506133	0.0052310723	0.0076020029	0.0402180453	0.0309928149	0.0029353332	0.0297995841	0.0242707334	-0.0132084371	-0.028845053	0.0229673299	0.0096948198	0.024532464	0.0441724293	0.010496748	-0.0270750585	-0.0209312509	0.0079267223	-0.0890197294	-0.0322751093	0.0718180215	0.0248774173	0.0607270166	-0.0229911172	-0.0103783129	-0.0015938223	0.0045815129	0.039187399	0.0669674581	-0.026832956	0.0141635722	0.0462794962	-0.0010590713	-0.0110330847	-0.0298816943	-0.0300201531	-0.009525353	0.0050575757	0.0096936825	-0.0016687092	0.0308047266	-0.0085007508	0.0059697898	-0.0002168325	0.0109096506	-0.0107219026	-0.0142711439	0.0253149104	0.0021969894	-0.0479418706	0.0449000392	-0.0399724692	0.0333661115	-0.025358424	0.0162857183	-0.0065290352	-0.0035018582	0.0133856785	-0.022707319	0.031075284	-0.0381381307	0.0435992294	-0.0472292216	0.0488756528	-0.0484693751	0.0460274517	-0.0416524399	0.035528084	-0.0279115985	0.019122865	-0.0095309979	-0.0004611576	0.0104339452	-0.0199685217	0.00666542	-0.0015887899999999	2.5242536640996845e-06	4.44278237764e-05	-4.73074	0.0140799999999998	22.3799009476	0.0001982463999999	-0.929765	-0.05621	0.0031595641	0.8644629552249999	-0.0170108	-0.0004689	0.00028936731664	2.1986721000000123e-07	-0.00640373	-0.00092347	4.10077579129e-05	8.527968409e-07	0.00236598	-0.0001792799999999	5.597861360400001e-06	3.214131839999999e-08	0.0	0.0	0.0	0.0	0.0	0.0	0.0	0.0	0.0	0.0	0.0	0.0	0.0	0.0	0.0	0.0	0.0	0.0	0.0	0.0	0.0	0.0	0.0	0.0	0.0	0.0	0.0	0.0	0.0	0.0	0.0	0.0	0.0	0.0	0.0	0.0	0.0	0.0	0.0	0.0	0.0	0.0	0.0	0.0	0.0	0.0	0.0	0.0	0.0	0.0	0.0	0.0	0.0	0.0	0.0	0.0	0.0	0.0	0.0	0.0	0.0	0.0	0.0	0.0	0.0	0.0	0.0	0.0	0.0	0.0	0.0	0.0	0.0	0.0	0.0	0.0	0.0	0.0	0.0	0.0	0.0	0.0	0.0	0.0	0.0	0.0	0.0	0.0	0.0	0.0	0.0	0.0	0.0	0.0	0.0	0.0	0.0	0.0	0.0	0.0	0.0	0.0	0.0	0.0	0.0	0.0
55344.83486386062	9.010860415372008	3063050746.1080017	81.19560542531819	67799.38568994141	341.33900537109	4596756699.933432	116512.31658772504	55850.80024480174	48.597072579184896	3119311887.9847465	2361.6754632665647	56047.15637265104	56570.88082196124	0.974934	22.334633	0.2246727799999996	0.115952	-0.0004141094	-0.0048553665	0.0024108322	-0.0057732211	0.0068276779	-0.0182951425	-0.0195374887	-0.0451876023	0.0215552066	-0.0190358536	0.0174997159	-0.0474660084	0.0250944192	0.0128743966	0.00986235	0.0053416456	0.0175153752	0.0052187979	0.0034267715	-0.0010534731	-0.03677276	0.0171944511	0.0386962059	0.0563430228	0.0136034961	-0.0218781205	0.0181079032	-0.0406612772	0.0250084746	-0.0389488721	0.0138818137	0.010179932	0.0107290288	0.0443621474	0.0030721143	0.0682481697	-0.0099889949	-0.0399916426	-0.044386204	0.0238024523	-0.0389687439	0.0383734316	0.0064996997	-0.0310375248	0.0209491626	0.0334339699	0.0113835436	0.016700081	-0.0003979502	0.0465801719	0.0209772764	-0.0333647483	-0.0062848106	-0.0222429767	0.0365293066	-0.0103704683	-0.0316447428	0.019081604	0.0048141943	-0.0175546282	-0.008420699	0.0124608596	-0.0010621482	0.0631405706	-0.0011123021	-0.0329610481	-0.0265827318	0.0119758786	-0.00846114	-0.0226426664	-0.0052171668	0.0161211254	0.0243960326	-0.0041379112	-0.0238625755	0.0543301854	0.0098651081	0.022652526	-0.0114530851	-0.0110713143	-0.0055156659	0.0110756037	0.0390740952	0.0061894129	0.0289287746	0.0225479515	0.0332146115	-0.0112004298	0.0635395641	-0.0169238715	0.0157294213	-0.0154530067	0.0627278895	0.0305619656	-0.0336952396	-0.0021275338	-0.0321122955	-0.0366107368	0.0393208873	0.0041353242	0.010988454	0.0539172848	0.0209242303	-0.0336537452	0.0493720426	0.0284238136	0.0092170626	-0.0294474788	-0.0463989499	0.0178962661	-0.0269047758	0.002288319	0.0057376921	-0.0022854777	0.0007521387	0.0372132856	-0.016555577	-0.0285154446	0.0615225834	-0.000958834	0.0234049692	-0.0193363952	-0.0400899245	0.0182711798	-0.0399232289	0.0109282276	0.0077073166	0.0136890385	0.0412409108	0.0001472358	0.0701906307	0.0186644786	-0.0375477042	-0.0416251075	-0.0294251587	0.0280491009	-0.0475150996	-0.0290549352	0.0080468335	-0.0199245449	-0.0338148974	-0.0120294155	-0.0202554651	0.0010369049	-0.0478369849	0.000884838	0.0445957839	-0.0088717398	-0.0110836818	-0.0425898048	0.010129251	0.0084932617	0.0349649745	0.0150247069	0.0261458735	-0.0013092687	-0.0327596426	0.012723109	-0.0417303753	-0.0212605856	0.0299516835	0.0290387359	-0.0041758984	0.0078053366	-0.0135981255	0.0068362186	-0.0102542518	0.0189608617	0.0136027295	-0.0224558381	0.0531543708	0.0297838475	-0.023988358	0.0022070977	0.0021256612	-0.0081538463	0.0093657225	0.0267157351	0.0107824582	0.0099060208	0.0304553938	0.0426420574	0.0119225003	0.0386920391	-0.0265088439	0.0545143847	-0.0249409114	0.0592251942	-0.01106481	0.0355970148	-0.011698828	-0.0119670876	0.0391373785	-0.0302279441	-0.0185334643	-0.0036727267	-0.0420208723	0.0097287135	-0.000925511	0.0628194078	-0.0137448139	0.0280615764	-0.0461944246	-0.0365076897	-0.0025500222	0.0228952288	0.0312889732	-0.0355920026	0.0019095094	-0.0018422096	-0.0087391618	0.0033557915	-0.0060312193	-0.0298535114	0.0396967134	-0.0059080687	-0.0155101912	0.060335769	0.0042696478	0.0490071987	-0.0288595254	-0.0411460037	-0.0112874432	-0.012790834	0.0099256809	-0.0037264718	0.0009904277	-0.0322181917	-0.0055314733	0.0227271467	-0.0157957272	-0.0406950773	-0.047979135	0.0450460234	-0.0402895985	0.0339023846	-0.0261429148	0.0173252667	-0.0078063495	-0.0020285429	0.0117813266	-0.0210572413	0.0294808289	-0.0367111306	0.0424554877	-0.0464813877	0.0486258757	-0.0488021499	0.0470030752	-0.0433014723	0.0378471697	-0.0308609395	0.022625561	-0.013474375	0.0037777911	0.0060717052	-0.0156754391	0.0197597	0.01309428	0.0001714601687184	0.00039044574409	-4.79076	-0.0600199999999997	22.9513813776	0.0036024003999999	-0.856388	0.0733769999999999	0.0053841841289999	0.7334004065440001	-0.0173842	-0.0003733999999999	0.0003022104096399	1.3942755999999956e-07	-0.00537629	0.00102744	2.89044941641e-05	1.0556329536000003e-06	0.00220319	-0.00016279	4.854046176099999e-06	2.6500584100000108e-08	0.0	0.0	0.0	0.0	0.0	0.0	0.0	0.0	0.0	0.0	0.0	0.0	0.0	0.0	0.0	0.0	0.0	0.0	0.0	0.0	0.0	0.0	0.0	0.0	0.0	0.0	0.0	0.0	0.0	0.0	0.0	0.0	0.0	0.0	0.0	0.0	0.0	0.0	0.0	0.0	0.0	0.0	0.0	0.0	0.0	0.0	0.0	0.0	0.0	0.0	0.0	0.0	0.0	0.0	0.0	0.0	0.0	0.0	0.0	0.0	0.0	0.0	0.0	0.0	0.0	0.0	0.0	0.0	0.0	0.0	0.0	0.0	0.0	0.0	0.0	0.0	0.0	0.0	0.0	0.0	0.0	0.0	0.0	0.0	0.0	0.0	0.0	0.0	0.0	0.0	0.0	0.0	0.0	0.0	0.0	0.0	0.0	0.0	0.0	0.0	0.0	0.0	0.0	0.0	0.0	0.0
55356.73772701038	11.902863149764016	3064368411.7770147	141.67815116201015	67769.43688085937	-29.94880908203777	4592696575.148783	896.9311654323479	55834.44517272123	-16.35507208051422	3117485267.745613	267.4883827588157	56042.180245004754	57181.455258218346	0.991062	22.704115	0.2165530999999999	0.136224	-0.0058164611	-0.0061364698	-0.0050158788	0.0055145503	-0.0019015849	0.0120511636	-0.0169370345	0.043205519	0.0117519912	-0.0250000769	-0.0203255958	0.013267128	-0.007139547	-0.0311157635	-0.0140690087	0.0657885533	0.001572061	0.0095386561	0.0374304164	-0.03124972	-0.0111327007	-0.0333139071	-0.0165398237	-0.0234232797	-0.0512858035	0.0428300056	0.0161942082	-0.0224950369	-0.0275238897	0.003064528	-0.0078075318	0.0376937993	0.0446301502	0.0083071043	-0.0056547487	0.0292688084	0.006342651	-0.0053642178	0.0269888083	0.0120637302	-0.0600126306	-0.0120497529	-0.038090875	-0.0177763719	-0.0005641819	0.0279821616	-0.0013102794	0.0076221382	-0.007742408	-0.0154344168	-0.0194798782	-0.025521586	-0.0147887941	0.036349125	-0.0233387675	0.0051116152	-0.0157299029	-0.0092817606	0.0112413126	-0.0405390826	0.0462270884	-0.0315233503	-0.0300814812	-0.0467811436	-0.0442692996	0.0559032688	0.0382584834	0.0543845566	-0.0095462615	-0.011980402	0.0144724463	0.0308496294	0.034652343	-0.0230193594	0.0327987877	-0.0342741325	0.0097208773	-0.0171705528	0.0365583326	-0.0101340632	-0.0283398193	-0.0293512752	0.00100672	0.0544876774	-0.0042921562	0.0276980095	-0.0144753564	0.0223236951	0.0706519513	-0.0455380053	0.016788795	-0.021539696	0.0157967351	-0.0378036637	0.0036387963	0.0327395639	0.0093240871	0.0333835265	-0.0910429802	0.0470969422	0.0035658885	-0.0141542758	-0.0597494862	-0.0114476016	-0.0399437846	-0.0175089031	0.0479359307	0.0236091102	0.003049461	0.03727589	0.0419480706	0.0067216237	0.0085388161	-0.0375488262	0.0275764193	0.0136674491	0.0313777639	0.006692992	-0.0443863815	0.0439881013	-0.042176555	-0.0145993713	-0.022387824	-0.0292122891	-0.0009824487	-0.0148497843	0.039760163	0.0367505802	0.0069061347	-0.0053541917	0.0307997185	-0.0033792632	-0.0096541799	0.0210706775	-0.0056459228	0.0618709021	0.0063224335	-0.0197558311	-0.0386824101	-0.0039412617	-0.0301019651	0.0037691462	-0.0029912164	0.0054197829	0.0117086521	0.0171199357	0.0004058182	-0.0167230997	0.0178835045	0.047361901	-0.0219655021	-0.0019359288	0.0099393336	0.0045550069	0.0169656035	-0.0557376039	0.0538883104	0.005097467	0.0386796125	-0.0209042707	-0.04493293	-0.0190025738	-0.0750535636	0.0165283971	-0.0070930667	-0.0159631874	-0.0397654937	0.0258268454	-0.0149439203	0.0377419653	-0.036439095	-0.0029625899	0.0276734503	0.0262603138	0.0257809835	-0.0165218911	-0.0094721673	-0.0178976626	0.0428484116	-0.0220997427	0.0374599451	0.0044109477	-0.0491569158	0.0480770543	-0.0365425217	0.0546731742	-0.047118757	-0.0277546701	-0.0127000931	-0.0118393476	0.0542806758	-0.0112685244	-0.0659272384	-0.0075013041	0.0334145601	-0.0522776959	-0.0090190738	0.0207898887	0.0362994757	-0.0603891018	0.0008800276	0.0378609379	0.0172120115	0.0111792678	-0.0384537228	0.0163326449	-0.0529870232	0.0113319415	0.002890925	0.0018949584	-0.0396449151	-0.05274403	-0.0054746316	0.0272429251	-0.0513267338	-0.0250185694	0.0641574887	0.0053692744	0.025178151	-0.0020522275	-0.0009397734	0.0406816715	0.0312937948	-0.0479870312	-0.0220521872	0.0116448864	0.0096167036	0.0078718279	0.0193575273	-0.0067135991	0.0437826521	0.0004863669	-0.0480157186	0.0451894509	-0.0406015827	0.0344309608	-0.026918132	0.0183559655	-0.0090782364	-0.0005533855	0.0101634351	-0.019377288	0.0278357645	-0.0352091317	0.0412099568	-0.0456043123	0.048220895	-0.0489577037	0.0477860158	-0.0447515066	0.0399724692	-0.0336352026	0.0259867497	-0.0173252667	0.0079884006	0.0016598739	-0.0112434423	0.0284198	0.0086600999999999	7.499733200999995e-05	0.0008076850320399	-4.9163	-0.1255399999999999	24.17000569	0.0157602915999999	-0.798675	0.057713	0.003330790369	0.637881755625	-0.0169428	0.0004413999999999	0.00028705847184	1.948339599999983e-07	-0.0053297	4.659e-05	2.8405702089999995e-05	2.1706280999999998e-09	0.00219838	-4.809999999999624e-06	4.832874624400001e-06	2.313609999999638e-11	0.0	0.0	0.0	0.0	0.0	0.0	0.0	0.0	0.0	0.0	0.0	0.0	0.0	0.0	0.0	0.0	0.0	0.0	0.0	0.0	0.0	0.0	0.0	0.0	0.0	0.0	0.0	0.0	0.0	0.0	0.0	0.0	0.0	0.0	0.0	0.0	0.0	0.0	0.0	0.0	0.0	0.0	0.0	0.0	0.0	0.0	0.0	0.0	0.0	0.0	0.0	0.0	0.0	0.0	0.0	0.0	0.0	0.0	0.0	0.0	0.0	0.0	0.0	0.0	0.0	0.0	0.0	0.0	0.0	0.0	0.0	0.0	0.0	0.0	0.0	0.0	0.0	0.0	0.0	0.0	0.0	0.0	0.0	0.0	0.0	0.0	0.0	0.0	0.0	0.0	0.0	0.0	0.0	0.0	0.0	0.0	0.0	0.0	0.0	0.0	0.0	0.0	0.0	0.0	0.0	0.0
55323.80861821628	-32.92910879410192	3060723800.025022	1084.3262059738006	67248.67733300781	-520.7595478515577	4522384603.038999	271190.5066785588	55821.48329832568	-12.961874395550694	3116037997.6252527	168.01018784603266	56031.784922098	56986.146902029854	1.028131	23.55332	0.5047242599999999	0.247456	-0.0022349683	0.010209103	0.0091902605	0.0034966234	0.0282663472	0.0084143271	0.0101178384	0.021761259	-0.0189348869	0.0204244113	0.0064358922	0.0958739629	0.0535629151	0.0237346531	-0.0075354484	-0.0308353205	-0.0167617015	-0.0180639413	-0.0028589998	-0.0011786356	0.0366372256	-0.0123088374	-0.0154427492	-0.0010052066	-0.0222711254	0.0366099637	-0.0560081268	0.0018380077	-0.0042335114	-0.050452734	-0.0073024847	-0.0335413141	-0.0311754671	-0.0229190183	-0.0447183451	0.0260569953	0.0322518721	-0.0257326778	-0.0169922697	-0.0192171615	0.0101335988	-0.0536326328	0.006116019	0.0409617274	-0.0057366415	0.0477249521	0.0494523679	0.0345589845	0.036695139	0.0118630861	-0.0283745424	0.0308934798	-0.0029425248	-0.0107585587	-0.0372940775	-0.0135701257	0.0154048984	-0.0152833747	0.0496835441	-0.0367080924	-0.0351027936	-0.0115962076	-0.0006424981	-0.0300480836	-0.0611766596	0.0108184126	0.0579985303	-0.0422939821	0.0649711642	-0.039224446	-0.0184605773	0.0575445742	0.0226065897	0.0107826573	0.0125773118	0.0355653992	-0.0198285015	0.0093935082	-0.0005272133	-0.032677757	-0.0280220717	0.0215884987	-0.0213979868	0.0094477255	0.0062266399	-0.0254321852	-0.0045389714	0.0399737284	-0.0175788285	0.0001223766	-0.0288250743	-0.0145115953	0.0268912948	-0.0687699861	0.0249309872	0.014068125	-0.0421876852	-0.0431780934	-0.0212826356	0.0114631233	-0.0569584613	0.0016567015	0.0421475819	-0.0463457212	-0.0103212019	-0.0090411268	-0.0410927113	-0.0194845311	-0.0206290612	-0.0131618887	0.0237777625	-0.0343317466	-0.019186846	-0.000237642	0.0012837746	-0.0374117647	0.0100473374	0.0102580872	-0.011462743	0.0233525964	-0.0390944338	0.0495117711	0.0067341266	0.0074939975	-0.0548379876	0.0035344851	-0.0399296435	-0.0345775499	-0.0284624398	-0.041065037	0.0272875096	-0.0337362122	-0.0243965561	-0.025654491	0.0281632814	-0.0040355296	0.0450266449	0.0538687102	-0.0085675323	0.0025915132	-0.044548225	-0.032611117	-0.0440768907	-0.0284789177	-0.0188227882	0.0107768197	-0.0480515852	3.05367e-05	-0.0324541826	0.0443655813	0.0044304376	0.0330974351	-0.0214868945	0.0352042853	0.0384219628	0.0169201324	0.0185597423	-0.0168960118	0.023130141	-0.0411764226	-0.0182276447	-0.0406019397	-0.0163828424	-0.0667818175	-0.0482096787	0.0074378306	-0.059364679	0.0173588282	0.0273261865	0.0080976854	0.0313167922	0.011898008	-0.0316555479	0.034239423	-0.034894473	0.0053687305	0.0342412519	-0.0237220736	0.0032078442	0.0049615717	-0.0301470361	-0.0011036805	-0.0338763327	-0.0014204714	0.0215838885	-0.0287612297	-0.0319456657	-0.0321373628	-0.0595311602	-0.0202139393	-0.0296244138	-0.0347642317	0.04521539	-0.0183327993	0.0567354013	-0.0082393722	-0.0231094454	0.01823987	-0.0395472505	-0.0364957127	0.0021866476	-0.0345038976	-0.0235940471	-0.0297654562	0.0541886539	-0.0401983752	-0.0158220112	-0.0698630987	0.0072323682	0.0149854945	0.0192204231	0.0825681047	-0.0630506034	0.0341078039	0.0429983108	0.003788377	-0.0156586377	-0.0541141745	-0.0060646192	-0.0084678128	0.0148616048	0.0415543934	-0.0002907834	0.0041606727	-0.0054164255	0.0079834895	0.0106064038	0.0445477422	0.0097359319	-0.0318233638	0.0482714185	0.0034843357	-0.0480516209	0.0453303135	-0.0409083818	0.0349517203	-0.0276838006	0.019377288	-0.0103438118	0.0009222743	0.0085338634	-0.0176698424	0.0261429148	-0.0336352026	0.039865623	-0.044600434	0.0476620031	-0.0489354716	0.0483730638	-0.045995879	0.0418931005	-0.036218649	0.029185409	-0.0210572413	0.0121390845	-0.0027655145	-0.0067118073	-0.00247646	-0.03089626	0.0009545788819875	6.132854131600001e-06	-4.76474	0.1515599999999999	22.7027472676	0.0229704335999999	-0.992594	-0.1939189999999999	0.0376045785609999	0.985242848836	-0.0182724	-0.0013296	0.00033388060176	1.7678361600000006e-06	-0.00649686	-0.00116716	4.22091898596e-05	1.362262465600001e-06	0.0022686	7.021999999999974e-05	5.14654596e-06	4.930848399999964e-09	0.0	0.0	0.0	0.0	0.0	0.0	0.0	0.0	0.0	0.0	0.0	0.0	0.0	0.0	0.0	0.0	0.0	0.0	0.0	0.0	0.0	0.0	0.0	0.0	0.0	0.0	0.0	0.0	0.0	0.0	0.0	0.0	0.0	0.0	0.0	0.0	0.0	0.0	0.0	0.0	0.0	0.0	0.0	0.0	0.0	0.0	0.0	0.0	0.0	0.0	0.0	0.0	0.0	0.0	0.0	0.0	0.0	0.0	0.0	0.0	0.0	0.0	0.0	0.0	0.0	0.0	0.0	0.0	0.0	0.0	0.0	0.0	0.0	0.0	0.0	0.0	0.0	0.0	0.0	0.0	0.0	0.0	0.0	0.0	0.0	0.0	0.0	0.0	0.0	0.0	0.0	0.0	0.0	0.0	0.0	0.0	0.0	0.0	0.0	0.0	0.0	0.0	0.0	1.0	0.0	0.0
55349.73618173354	25.92756351725984	3063593295.387503	672.2385499415435	67830.18248046875	581.5051474609354	4600933655.33369	338148.2365235642	55873.84707069028	52.36377236460248	3121886786.4788847	2741.9646562519065	56071.52912776522	56619.44659471388	1.02837	23.558796	0.3686864599999999	0.182932	0.0020406455	-0.0060969365	-0.0008277323	0.0011104918	0.0097648096	0.0052114855	-0.0032394749	-0.0141081637	0.0274617002	0.0332903604	0.0141125419	-0.0740908047	0.0026387881	-0.007747634	0.0070710455	-0.0252546482	-0.0126898096	-0.004769479	0.0297321223	0.0099532211	0.0008226445	0.0488689568	0.0340512745	0.031329917	0.0471230696	-0.0407408818	0.0290200701	-0.0193425059	-0.0221534691	0.0272107049	0.0250499746	0.0164955374	0.007495908	-0.0065416157	0.0164793473	0.0039726313	0.0124633932	-0.0323034868	-0.0578413274	0.0706422636	0.0165714932	0.0485639569	0.0022343571	-0.0656836802	-0.0014998175	0.0039383513	-0.0047074371	0.0750876183	-0.053784449	-0.0358483952	-0.0100350887	0.0011058879	-0.0592894981	0.0236223842	-0.0177427084	-0.0027913568	0.0006430608	-0.0137490337	-0.0050693539	-0.0579038563	0.0274506632	0.029035802	0.0186669927	-0.0009484024	-0.0035699918	-0.0609668551	0.0277917375	-0.0330444971	-0.018079749	-0.0184580752	-0.0019916456	-0.0199184608	-0.0202181744	0.0002361809	-0.0077510029	-0.0007995934	0.0202987281	0.0254638579	0.0106672963	0.0285974505	-0.0057373363	0.0038511914	0.0104664285	0.0110807843	-0.002054673	-0.057593166	0.0043410098	0.0201196987	0.0005550335	-0.0388220005	0.0052173287	-0.0481466667	-0.0016836733	-0.0138701158	0.0341891018	-0.0205511497	-0.0341448481	-0.0520156438	-0.0040879385	-0.0109390645	0.0079794904	-0.0484759052	-0.033724605	0.0293710127	0.0159791592	0.060183276	0.0043912586	0.0295185503	0.0601503648	-0.0131540241	-0.0467028677	-0.0377059303	-0.0052148052	-0.0286684404	-0.009381248	0.0002479577	-0.0488936846	-0.0241162403	0.0491680033	-0.03799241	0.0435621226	-0.0203626488	-0.0184907036	-0.0311662232	0.027870726	0.016823415	0.0223706156	0.0059907728	-0.0077437133	0.0151010289	0.0038207571	-0.0064220958	-0.0272741914	-0.0455367591	-0.0752368247	-0.0281411731	-0.044143035	-0.0567243706	0.0075574054	0.0138653196	-0.0237864417	0.0365827917	-0.081859613	0.0258334496	0.0312794991	0.0219132702	0.0282170044	0.0448937924	-0.0035481633	0.0416770587	-0.0127843049	0.0040330533	0.0027475577	-0.0066433563	0.0371902243	-0.0438333072	-0.0309045771	1.41577e-05	0.0250408868	-0.0095659893	0.064765188	-0.0377240354	0.0222286982	-9.83175e-05	-0.0244168879	0.0124021417	0.0242757301	-0.0123833271	-0.0104281134	-0.00493763	0.0006073106	0.0142119751	-0.0114994363	-0.0192919578	0.0321950931	-7.65435e-05	0.0091587044	0.011476483	0.0112708794	-0.0057700831	-0.0473963967	-0.0101477934	-0.0424552597	0.0033378431	0.0134778867	0.0271031192	-0.0482026269	-0.0147420433	0.015824627	-0.0325695649	-0.0212608036	-0.004817994	0.0184337065	-0.06110661	0.0188319283	0.0137724721	0.061156264	-0.0110233746	0.0359222868	0.0255575238	-0.0387365331	-0.0132721877	0.0272955769	0.0564633545	-0.014980575	-0.060114357	0.0204096257	0.0113061862	0.0044322358	-0.0058851506	-0.0221773406	-0.0152550274	0.0070450779	-0.0608995552	0.0443095157	-0.0055805351	-0.0326099808	0.070281406	-0.0227279269	0.0536441418	-0.0260875919	0.007546336	-0.0017579058	0.0451665294	0.0039318689	-0.0012211531	0.0070563809	-0.0458842274	0.0112334357	0.0569524758	-0.0564818715	-0.0536079386	-0.0480868413	0.0454686032	-0.0412099568	0.0354645447	-0.028439649	0.0203887125	-0.0116021956	0.0023970967	0.0068944842	-0.0159373271	0.0244051859	-0.0319925587	0.0384257095	-0.0434725442	0.046950984	-0.0487355344	0.0487618127	-0.0470288708	0.0435992294	-0.0385966226	0.0322015336	-0.0246446833	0.0161987064	-0.0071683153	-0.002120693	0.01697	0.01944646	0.0003781648065316	0.0002879808999999	-4.826	-0.0612599999999998	23.290275999999995	0.0037527875999999	-0.8270189999999998	0.1655750000000001	0.027415080625	0.6839604263609997	-0.0173172	0.0009551999999999	0.00029988541584	9.124070399999996e-07	-0.00533289	0.00116397	2.84397157521e-05	1.3548261609000006e-06	0.00259753	0.0003289299999999	6.747162100899999e-06	1.081949448999999e-07	0.0	0.0	0.0	0.0	0.0	0.0	0.0	0.0	0.0	0.0	0.0	0.0	0.0	0.0	0.0	0.0	0.0	0.0	0.0	0.0	0.0	0.0	0.0	0.0	0.0	0.0	0.0	0.0	0.0	0.0	0.0	0.0	0.0	0.0	0.0	0.0	0.0	0.0	0.0	0.0	0.0	0.0	0.0	0.0	0.0	0.0	0.0	0.0	0.0	0.0	0.0	0.0	0.0	0.0	0.0	0.0	0.0	0.0	0.0	0.0	0.0	0.0	0.0	0.0	0.0	0.0	0.0	0.0	0.0	0.0	0.0	0.0	0.0	0.0	0.0	0.0	0.0	0.0	0.0	0.0	0.0	0.0	0.0	0.0	0.0	0.0	0.0	0.0	0.0	0.0	0.0	0.0	0.0	0.0	0.0	0.0	0.0	0.0	0.0	0.0	0.0	0.0	0.0	0.0	0.0	0.0
55310.19821832379	-39.537963409748045	3059218026.9502683	1563.2505505905751	67274.03611572266	-556.1463647460914	4525795935.299557	309298.77902029257	55738.13316383583	-135.7139068544493	3106739488.589496	18418.26451369814	55931.47942807445	57060.19371195211	1.080501	24.753063	0.1327158000000004	0.067382	-0.0024182153	-0.0030791444	-0.0012428056	-0.0039372098	-0.0031142394	-0.0083672503	0.0091786513	-0.0435255663	-0.0110232787	-0.0296961001	-0.0291442431	0.0496378616	-0.0082069939	-0.0136615011	-0.0312545116	0.0489039039	0.0040662363	0.0392009983	-0.0101128719	-0.0350954767	-0.018246943	0.0031746179	-0.0319531581	-0.0188202563	-0.0456646155	0.0110740693	0.0049290608	-0.0443408156	-0.0095760509	-0.0491423023	-0.022513791	0.0174984398	0.0189231401	0.0072462754	0.0127279824	0.0162074775	-0.0253474856	-0.0519035907	0.0101939056	-0.0012288435	-0.0603577883	-0.0081050226	0.0735642474	0.0484068205	-0.0210962532	-0.0678296602	0.0185872469	-0.072923745	0.0479543706	0.0355593662	0.0615483018	-0.0098648632	0.0297564061	-0.0412821114	0.0052392316	0.0091446698	-0.0576626264	0.0136056582	-0.015983284	0.0020207447	0.0244757534	0.0228014505	0.0069630923	-0.0145794637	-0.0021992482	-0.0305954012	0.0360959542	0.0623141625	0.0297287069	-0.0114481387	0.0137408541	0.0009374748	-0.0291449301	0.0267194715	-0.0032161405	0.0149541029	-0.0371836945	-0.021484677	-0.002231908	0.0580827223	-0.038283511	0.0778763525	-0.0083318581	0.0186779514	-0.0393777414	-0.022736774	-0.0409243346	0.0300927631	-0.0289147818	0.0044942354	-0.0502560471	-0.0217416862	-0.0356142939	0.0258272617	-0.008231304	-0.0472562356	0.0136754981	-0.0084979968	0.0457949104	-0.0041478782	0.0405412035	-0.0139508453	-0.0088615913	-0.0719462229	-0.0509059451	0.0147721815	0.0028500786	-0.011261425	0.0179762256	-0.0001061496	-0.0192044471	-0.0428003686	0.0406352862	0.0103492432	0.0311441511	0.0199177114	-0.0035419224	0.0260317526	-0.0370714034	0.0374007755	-0.0109014164	-0.0079942345	-0.0410818074	-0.0076765702	-0.0567408528	-0.0189426231	0.0164742016	0.0152677426	0.0101447586	0.0145555503	0.0147168239	0.0301345383	-0.0559722202	0.0032076951	0.0006001361	0.0639430218	0.0149361051	0.0419784208	0.0696123068	0.0272766299	0.0774465587	-0.0409654921	0.0635666857	-0.034183418	-0.0312248134	-0.0623265853	0.0121302266	-0.0316875886	-0.0178869579	-0.033551567	-0.0052251725	-0.0171581673	0.0472434912	-0.0136189338	-0.0085096967	-0.0157633392	-0.0079330001	0.0098817414	0.0287977855	0.0006817126	0.0203225662	0.0022498869	-0.0651934928	-0.0369268138	-0.0026891666	0.0066599766	0.0155012983	-0.0491018863	0.0161091384	-0.0085825351	0.0238427774	-0.0335040682	0.0253570604	-0.0303842335	0.0133269229	0.032045037	0.087494731	-0.0152694459	0.0157737349	-0.0425568821	-0.0236237887	-0.0386884434	-0.0231868204	-0.0081219772	0.0101242749	-0.0714968993	-0.0189621309	0.0116221174	0.0355768581	0.0092100774	-0.0300588006	0.0300675479	0.0102589454	-0.0124490354	-0.0682320428	0.0164646435	0.009482231	0.0503221811	0.0019621201	-0.036624601	-0.0493041427	-0.0037121058	-0.0026288358	-0.0290969521	-6.01038e-05	-0.0425149232	0.0044352508	-0.007626085	0.0032148509	-0.0006105749	-0.0250299386	-0.0184927682	-0.0122952303	0.064933938	-0.0781031457	-0.0016073462	0.0524678333	-0.0172483369	0.0158851914	-0.032590383	-0.0080409391	-0.0323698419	0.0335439698	-0.0018328016	-0.0134783713	0.0020873576	0.0006843766	0.0227011296	0.0136235186	-0.0261429136	0.0558112879	0.0232515103	-0.0481213794	0.0456043123	-0.0415062691	0.0359693177	-0.029185409	0.0213897225	-0.0128525131	0.0038697424	0.0052471816	-0.0141822002	0.022625561	-0.0302845558	0.0368936684	-0.0422237789	0.0460901072	-0.0483586182	0.0489506689	-0.0478457346	0.0450821203	-0.0407556328	0.0350162597	-0.0280629691	0.0201368126	-0.0115125682	0.0024892147	0.0352168	0.0182468	0.00033294571024	0.00124022300224	-4.87676	-0.0507600000000003	23.7827880976	0.0025765776	-0.823876	0.0031429999999997	9.878448999998647e-06	0.678771663376	-0.0170027	0.0003145	0.00028909180729	9.891025000000145e-08	-0.00608438	-0.00075149	3.70196799844e-05	5.647372201000007e-07	0.0024522	-0.0001453299999999	6.01328484e-06	2.112080889999998e-08	0.0	0.0	0.0	0.0	0.0	0.0	0.0	0.0	0.0	0.0	0.0	0.0	0.0	0.0	0.0	0.0	0.0	0.0	0.0	0.0	0.0	0.0	0.0	0.0	0.0	0.0	0.0	0.0	0.0	0.0	0.0	0.0	0.0	0.0	0.0	0.0	0.0	0.0	0.0	0.0	0.0	0.0	0.0	0.0	0.0	0.0	0.0	0.0	0.0	0.0	0.0	0.0	0.0	0.0	0.0	0.0	0.0	0.0	0.0	0.0	0.0	0.0	0.0	0.0	0.0	0.0	0.0	0.0	0.0	0.0	0.0	0.0	0.0	0.0	0.0	0.0	0.0	0.0	0.0	0.0	0.0	0.0	0.0	0.0	0.0	0.0	0.0	0.0	0.0	0.0	0.0	0.0	0.0	0.0	0.0	0.0	0.0	0.0	0.0	0.0	0.0	0.0	0.0	0.0	0.0	0.0
55295.406455047065	-14.79176327672758	3057581975.0288606	218.79626083474665	67319.02736035157	44.99124462890904	4531851444.743763	2024.2120932583368	55783.77881898271	45.64565514688002	3111829979.3251843	2083.525833787894	55989.72861597586	56578.58420925388	1.056074	24.193457	0.2499632	0.149878	0.0020823504	0.0037556845	0.0036951651	0.000301607	0.0211707511	-0.003473717	0.0108657768	0.0162793078	0.002584043	-0.0245654248	-0.0067626793	0.0228627902	0.045188991	0.0110899586	0.0423613267	-0.0365104061	-0.0293581757	-0.008055798	-0.0047593941	0.0405194829	0.013910624	-0.0023305617	0.0023692994	0.014883696	-0.029930572	0.0135386043	-0.0332546138	0.0539417725	0.0013063312	-0.0287357403	-0.0007951991	0.0103964748	-0.0132143024	-0.0187151361	-0.0350857446	-0.0068480932	0.0417542332	0.0943615929	-0.0464392956	0.0267586762	0.0423750873	-0.0033433405	0.008310805	-0.0155068628	0.0136395625	-0.0015366102	0.0327309623	0.0162740265	0.0296468877	-0.0086825169	0.0402114107	-0.0840447631	-0.0299287192	0.030112169	0.0099924586	-0.0007452375	0.0164485131	0.0145188257	0.0038600185	0.0209245174	0.0053249661	0.0203428437	0.0062090945	-0.0148360719	-0.0115419726	-0.0151683064	0.0077135103	-0.0096902394	0.0186709391	0.0272322541	-0.0055594077	0.0087126105	0.006410752	-0.0308467186	-0.0110104257	-0.0221520042	0.058849513	0.0431752294	0.0304877483	-0.0582526872	0.029493018	-0.0612291102	0.0294490318	0.0318686225	0.0350598418	0.0365704326	-0.0211370026	0.0128131555	-0.0014306655	0.0372353284	-0.0063532042	0.0140877212	0.0074948046	-0.038711042	0.0238108122	0.0089599176	0.0183174134	-0.004252776	0.0005657456	0.020793279	-0.0241588711	-0.0221148461	0.0057175635	0.0092415571	0.0326491766	-0.0027292474	-0.0292306874	-0.0070133545	-0.0069527187	0.0331228795	0.0025793395	0.0049806616	-0.0092394099	0.0053266648	-0.0415795628	-0.0142359025	0.0015196522	-0.0058485857	0.0061328577	0.0341652993	-0.017916286	0.0281384191	0.0555092696	0.0168836259	-0.0296471146	-0.0061434849	0.0075582006	-0.0157144432	-0.025107913	-0.0330133681	-0.0028267645	-0.0493075831	0.0943897347	-0.0414187257	-0.0305293553	-0.0400364813	0.0029018584	-0.007071285	0.009265536	-0.0106033652	-0.0059702563	-0.0241317396	-0.024605433	-0.0382232944	0.0014338957	0.0024946328	0.0918155226	-0.037234025	0.0160727172	0.0111862243	0.0004881533	-0.000975041	-0.0097013275	0.0109200273	-0.0162569918	0.0118431711	-0.0018460655	0.0119175297	0.0281356609	-0.0117050159	0.0136090982	-0.007752985	0.010926882	-0.0202915885	0.0208782025	-0.0138983617	-0.0100285828	0.0160643027	-0.0274753569	-0.0090759958	-0.0359202109	0.0585920184	-0.0294242959	0.0454088537	0.0083242422	-0.0140529352	-0.077230961	0.0116478079	0.0418837435	0.0229992925	0.0460100951	0.0053963073	0.0053152892	0.0362146139	0.0164413151	-0.0256592757	0.0076153668	-0.0272705325	-0.0352530106	-0.0247761722	0.0197854019	0.0127000831	0.0079579106	0.0079112333	0.0181692004	-0.0165356657	0.022359335	0.0152098941	-0.0014532881	0.0286199944	0.0137092366	-0.0243713771	-0.0221683887	-0.0094760928	-0.0280638635	0.0299431097	0.0012883238	-0.0042457922	0.0049814397	0.0065428404	0.0254890787	0.0552783196	-0.0207032977	-0.0124179015	0.0835837723	-0.0042007113	-0.0061151285	-0.0379942838	0.0205606436	0.0139614862	0.0239418664	-0.0055845244	-0.0353075894	-0.0330535193	0.0091389035	-0.0071938567	-0.0097498981	0.0224557603	-0.0057860091	-0.0017433418	0.0036390063	-0.0046621555	-0.0481552347	0.045737433	-0.0417972809	0.0364659247	-0.0299208162	0.0223798066	-0.0140938949	0.0053388741	0.0035938487	-0.0124069519	0.0208070951	-0.0285146833	0.0352731729	-0.0408576104	0.0450821203	-0.0478060917	0.0489388583	-0.0484427166	0.0463341804	-0.0426834313	0.037611983	-0.0312886365	0.0239238614	-0.0157627911	0.0070770633	0.0210421	-0.0141746999999999	0.0002009221200899	0.00044276997241	-4.75122	0.1255399999999999	22.5740914884	0.0157602915999999	-0.91061	-0.0867339999999999	0.0075227867559999	0.8292105721	-0.0174692	-0.0004665	0.00030517294864	2.1762225000000158e-07	-0.00608438	0.0	3.70196799844e-05	0.0	0.00244841	-3.7900000000000433e-06	5.994711528099999e-06	1.4364100000000327e-11	0.0	0.0	0.0	0.0	0.0	0.0	0.0	0.0	0.0	0.0	0.0	0.0	0.0	0.0	0.0	0.0	0.0	0.0	0.0	0.0	0.0	0.0	0.0	0.0	0.0	0.0	0.0	0.0	0.0	0.0	0.0	0.0	0.0	0.0	0.0	0.0	0.0	0.0	0.0	0.0	0.0	0.0	0.0	0.0	0.0	0.0	0.0	0.0	0.0	0.0	0.0	0.0	0.0	0.0	0.0	0.0	0.0	0.0	0.0	0.0	0.0	0.0	0.0	0.0	0.0	0.0	0.0	0.0	0.0	0.0	0.0	0.0	0.0	0.0	0.0	0.0	0.0	0.0	0.0	0.0	0.0	0.0	0.0	0.0	0.0	0.0	0.0	0.0	0.0	0.0	0.0	0.0	0.0	0.0	0.0	0.0	0.0	0.0	0.0	0.0	0.0	0.0	0.0	0.0	0.0	0.0
55242.10502648349	-53.3014285635727	3051690167.757033	2841.042286917644	67516.32783398438	197.30047363281483	4558454524.186054	38927.47689573306	55872.04380931153	88.26499032881839	3121685279.429627	7790.708517746403	56072.72040207243	56916.003896103895	1.02699	23.527176	0.2222269	0.139293	-0.0008819263	-0.0025866985	-0.0007765748	0.0016686291	-0.006352369	0.0165977028	0.0107244744	0.0388605189	-0.0027979644	0.0070624822	0.0331152907	-0.0305481592	-0.0210996285	0.0047333316	-0.0265855631	0.003292003	0.0042558037	-0.0173128256	0.0348904989	0.0192945126	-0.0236892256	-0.0159238741	-0.0017788086	0.0084876655	0.0279664501	-0.0367222364	0.0112079385	0.0152063907	0.012558491	0.0352436987	-0.0295712395	0.0656180745	0.0003793021	0.0056791222	-0.0189303312	0.0382822709	-0.0246189973	-0.0153847627	-0.0141897789	0.003330477	-0.0387390407	0.0533686509	-0.0186910731	0.0184931093	-0.0240050111	0.0268412745	-0.0126524151	-0.0191543186	-0.0095634861	0.0143673208	-0.0192953758	-0.0272384113	0.0095832317	0.054556729	-0.0446625792	0.0011294793	-0.0042847319	-0.0568181578	0.0077237856	-0.002359524	-0.0470432147	0.0073932467	0.0115754937	-0.017415562	-0.0122811778	0.0095468197	0.012749632	-0.0359995061	-0.0155298476	0.0098900657	-0.0211393968	-0.0008828041	-0.0251056062	0.0270683241	-0.0773627577	0.0235209406	-0.0077014846	-0.0116169876	0.0095142746	0.0069504323	-0.0239642839	0.0103158706	-0.0408253807	-0.0467404178	0.0015887695	0.0021062734	0.004715981	-0.0043024307	-0.0124988993	-0.003314303	-0.0109145246	-0.0316443298	-0.0222775221	0.0303371244	-0.0041290827	-0.0291682111	-0.0310689441	0.0007255972	0.0440017051	0.0371834326	0.0667176266	0.008306144	0.036236644	-0.0609685772	0.0399391289	-0.0118668219	-0.0751529728	0.0007506414	0.0147223835	-0.0065424234	0.0047593166	-0.0366022329	-0.0190822785	-0.0347027413	-0.0190546005	0.0224537633	0.0182167867	0.0075743093	0.0152963164	-0.027442452	0.0392298455	-0.0092521581	0.0081609539	0.012376674	0.0309082487	-0.0437805552	0.0577674842	-0.0046798008	0.0032742104	-0.0187644538	0.0364285253	0.026770294	-0.0143351973	-0.0110744457	0.0049153354	0.0307042945	-0.0560171178	0.0022287028	-0.0200079871	0.0253749553	-0.0100398444	0.0117296007	0.0143029394	0.0275806896	-0.0140745694	0.0112788985	-0.0175978096	-0.0452594825	0.0205699923	0.0816848463	-0.0202083379	0.0394156606	-0.0092428463	-0.022589954	0.0185705653	0.0410029573	-0.0133935653	-0.0103548341	0.0136954096	-0.0143630085	-0.0098586497	-0.02578515	0.028630949	0.0142625383	-0.0055495625	0.0211553631	0.0026877064	-0.0298207688	0.0158566915	-0.0788782672	0.0096149089	0.0028888987	0.0035174	0.015431568	0.002385046	-0.0049055086	0.0319972502	-0.0235793298	-0.0457733107	0.0142474414	-0.0084629404	0.0076119226	0.0194633305	-0.016315156	0.0107531261	-0.0075401969	-0.0239352233	0.0160048452	0.0396052812	-0.0021483302	-0.0435120923	-0.0045902983	0.005955669	-0.0173662092	-0.0817352516	-0.0396136971	-0.0169700307	0.0510908049	-0.0502713173	0.0259505846	0.0186078308	-0.0705385725	-0.0412343488	0.0025652149	0.0044092475	-0.0213797433	-0.0306373884	0.0258436065	0.0056550877	-0.0071574746	-0.030782433	-0.0317790686	0.0061425194	-0.0233619815	-0.0261191691	0.0233776654	-0.0352940805	0.0552003322	-0.0232938259	0.0198438775	-0.0214024898	0.0227192877	0.0064320964	-0.0119342936	0.0140006576	-0.0013521309	0.0315771035	-0.0249881164	0.0086970355	0.0357886039	-0.0391439126	-0.0303328568	-0.0481884067	0.0458679577	-0.0420829549	0.0369542528	-0.0306456097	0.023358459	-0.015325478	0.0068031578	0.0019363856	-0.0106141007	0.01895291	-0.026686557	0.0335681082	-0.0393778372	0.0439302406	-0.0470799613	0.0487264292	-0.0488170731	0.0473489988	-0.0443690814	0.0399724692	-0.0342995449	0.0275314438	-0.0198842699	0.0116021956	0.0237065	0.0026643999999999	7.099027359999986e-06	0.0005619981422499	-4.86102	-0.1097999999999999	23.6295154404	0.0120560399999999	-0.819893	0.090717	0.008229574089	0.672224531449	-0.0171218	0.0003474	0.00029315603524	1.2068676000000082e-07	-0.00608438	0.0	3.70196799844e-05	0.0	0.0024149	-3.3509999999999616e-05	5.831742010000001e-06	1.1229200999999743e-09	0.0	0.0	0.0	0.0	0.0	0.0	0.0	0.0	0.0	0.0	0.0	0.0	0.0	0.0	0.0	0.0	0.0	0.0	0.0	0.0	0.0	0.0	0.0	0.0	0.0	0.0	0.0	0.0	0.0	0.0	0.0	0.0	0.0	0.0	0.0	0.0	0.0	0.0	0.0	0.0	0.0	0.0	0.0	0.0	0.0	0.0	0.0	0.0	0.0	0.0	0.0	0.0	0.0	0.0	0.0	0.0	0.0	0.0	0.0	0.0	0.0	0.0	0.0	0.0	0.0	0.0	0.0	0.0	0.0	0.0	0.0	0.0	0.0	0.0	0.0	0.0	0.0	0.0	0.0	0.0	0.0	0.0	0.0	0.0	0.0	0.0	0.0	0.0	0.0	0.0	0.0	0.0	0.0	0.0	0.0	0.0	0.0	0.0	0.0	0.0	0.0	0.0	0.0	0.0	0.0	0.0
55255.04918385005	12.94415736656083	3053120460.3096886	167.551209930291	67866.949390625	350.6215566406172	4605922819.589655	122935.47598108952	55748.18870511968	-123.8551041918472	3107860543.9016337	15340.086834373327	55951.402960721935	57064.95406288048	0.869993	19.930552	0.0761289999999999	0.039481	-0.0012906258	0.0009107562	-0.0028849122	-0.0011383675	-0.0142702899	0.0102123445	0.0032568593	-0.0089010087	-0.0079258064	0.0469346995	-0.0148217968	-0.0030599853	-0.018498124	-0.0155556258	0.0198605356	0.0349496153	-0.0095261899	0.0185370375	-0.0118982849	-0.0148357928	0.0112748379	0.0068269639	-0.0155374859	-0.0109991954	-0.0153386894	0.0042626336	-0.0099938898	-0.0566914669	-0.0586599905	-0.0540448676	0.0512387535	-0.0095747904	0.0342100954	0.0156223714	-0.0020559095	-0.0053428554	-0.0026816842	-0.0060728714	0.041456312	-0.0350845298	0.0046136105	-0.0537832435	-0.0085771655	-0.0372976011	0.0012061894	-0.0229722058	0.0292778679	-0.0242455598	0.0012920948	-0.0372106536	0.001652668	-0.0645879188	0.0422043635	0.0248748216	0.0533584446	-0.0462690854	0.0253942654	0.0240432095	0.0501050091	-0.0487534292	-0.0453732125	-0.0130219582	0.0026645939	0.0384550721	-0.0420460933	-0.0275087518	0.0043734029	0.0338732621	-0.0621164492	0.0389951155	0.0174487193	0.0100393148	0.0219275603	-0.0184701667	0.0062774593	-0.0125429277	-0.0139933429	0.0191791281	0.0324484534	-0.0204176555	0.021065693	0.0539570085	0.0127447211	-0.033974726	0.0397567368	0.0169552992	-0.0002101937	0.0271115324	-0.0092860249	-0.0032652654	0.0033979782	0.0518314522	-0.0383251984	0.0148935139	-0.0147903576	-0.0135984974	0.0322925016	-0.005916591	0.0502725486	-0.0372998891	0.0301638495	-0.0437644539	0.0462155336	-0.0483908122	0.0282739408	-0.0534426192	0.0043196871	0.0221394699	-0.0237525055	-0.0218141794	-0.0178246341	0.0288414981	0.0183178497	0.0114495973	0.0133966612	-0.0108459774	-0.0082659345	0.0090928698	-0.0227715935	0.0165542832	-0.0021662131	0.0157860443	-0.0444704243	-0.0640151677	-0.0512654432	0.0587886591	0.0028072549	0.0381049229	0.0129372052	-0.0050757551	-0.0055066395	0.0037759735	-0.0077862646	0.035235584	0.032831519	-0.0027153525	0.0539091114	-0.0336045424	-0.0066066683	-0.0012350292	0.002848685	-0.0357394067	0.0055090043	-0.0106321805	0.044614559	0.0180721157	0.0396545566	-0.0527538854	0.0487642421	-0.0468188705	0.0453184737	0.0358395417	-0.0120806012	0.0490598692	0.0609222693	0.0226458407	-0.0022250932	-0.0203328045	-0.0273880736	-0.0372271279	0.0280525127	0.0026128845	-0.034488242	0.0655974598	0.0273502094	-0.0283933841	-0.0131509821	0.005366337	-0.0107074169	0.0095934472	0.0005336832	-0.0083837285	-0.024714222	0.0192566495	0.0026757267	0.0718194382	0.0171352569	0.0025404371	-0.0134599813	0.0505306937	0.0311301043	-0.0056296208	-0.0415717928	-0.0150868521	0.0011743297	-0.0156028062	0.0522221361	0.0003028418	0.0134058925	0.0117088702	-0.002741119	0.0224472755	0.0107714557	0.0119844556	-0.0484486121	0.0522683115	0.0213743526	0.0615509028	-0.0588520925	-0.0013267758	0.0429090064	0.018543332	-0.0256082052	0.0163747301	0.0231825798	0.0029695774	0.0325049891	-0.0124447912	0.0033164585	0.0049348435	-0.0182161154	-0.0125294612	0.0117515179	0.0229837549	-0.0267112933	-0.0236687036	0.0421751916	-0.0170719193	-0.001120364	-0.0177398689	0.0023935561	0.0210501001	0.0146622311	0.0363071524	-0.0225904253	0.001548612	-0.0033441703	0.0237871292	0.0050069675	-0.0116915457	0.0362814991	0.0160757722	-0.048220895	0.045995879	-0.0423632548	0.0374341914	-0.0313595323	0.02432518	-0.0165464061	0.0082612638	0.0002766972	-0.0088061905	0.0170661886	-0.0248039116	0.0317825624	-0.0377885739	0.0426381448	-0.0461828639	0.0483142525	-0.0489670838	0.0481213794	-0.0458030203	0.0420829549	-0.0370750283	0.0309324975	-0.0238433419	0.0160245105	0.030946	0.0072395	5.241036025000004e-05	0.000957654916	-4.87252	-0.0114999999999998	23.7414511504	0.0001322499999999	-0.822408	-0.002515	6.325225000000226e-06	0.6763549184640001	-0.0165745	0.0005473	0.00027471405025	2.995372900000006e-07	-0.00563273	0.00045165	3.1727647252899995e-05	2.0398772250000046e-07	0.00251344	9.853999999999984e-05	6.3173806336e-06	9.710131599999966e-09	0.0	0.0	0.0	0.0	0.0	0.0	0.0	0.0	0.0	0.0	0.0	0.0	0.0	0.0	0.0	0.0	0.0	0.0	0.0	0.0	0.0	0.0	0.0	0.0	0.0	0.0	0.0	0.0	0.0	0.0	0.0	0.0	0.0	0.0	0.0	0.0	0.0	0.0	0.0	0.0	0.0	0.0	0.0	0.0	0.0	0.0	0.0	0.0	0.0	0.0	0.0	0.0	0.0	0.0	0.0	0.0	0.0	0.0	0.0	0.0	0.0	0.0	0.0	0.0	0.0	0.0	0.0	0.0	0.0	0.0	0.0	0.0	0.0	0.0	0.0	0.0	0.0	0.0	0.0	0.0	0.0	0.0	0.0	0.0	0.0	0.0	0.0	0.0	0.0	0.0	0.0	0.0	0.0	0.0	0.0	0.0	0.0	0.0	0.0	0.0	0.0	0.0	0.0	0.0	0.0	0.0
55137.42735054772	-117.62183330233528	3040135894.8369274	13834.89566940235	67076.26171484376	-790.6876757812424	4499224885.638214	625187.0006323431	55711.425305246616	-36.7633998730671	3103762909.542073	1351.54757022703	55911.45731743577	56530.91328885958	0.84734	19.411594	0.1621642999999995	0.090732	0.0033666416	0.0044181551	0.0033870461	-0.0080500774	-0.007531144	-0.0140065121	0.0224391549	-0.0373179346	-0.0087237021	-0.0255510098	0.0047762425	0.0175449128	0.0080585804	0.0087663493	0.0127101399	-0.0298050463	-0.011583156	0.0173639168	-0.0376004612	0.0095547626	-0.0109378812	0.0110002641	-0.0186174199	-0.0185389259	-0.0017436925	-0.0318812686	0.0140130481	-0.0199718556	-0.0145056534	-0.008137879	-0.0714111673	-0.013714652	0.0176760503	0.013735402	0.0423149742	-0.0122187971	0.042318484	0.0024996596	-0.0026589256	0.0093000824	0.0267687004	0.0403831103	0.037308076	-0.0352655981	0.0003026691	-0.0084906881	0.0508927282	0.0135128509	0.0476449659	-0.0414138478	0.0220908043	-0.0395780782	0.0099092217	-0.0078751012	-0.0022465558	0.0297166473	-0.0366160405	0.0634822894	0.0109824312	0.0090563368	0.0371273956	0.0442255742	0.019460438	0.0233816061	-0.0044785667	0.016775164	0.012355023	0.0028835148	-0.0431720247	0.0323327936	-0.0093426104	-0.0033127924	0.0488315024	0.0016697311	-0.0036916176	-0.0276446453	0.0106684478	0.062065162	-0.0285891254	-0.0139737879	0.0317602721	-0.0083297303	-0.0620010561	-0.0169492313	0.0201340014	0.0103133737	0.0280132149	0.019790805	-0.0095629473	2.34634e-05	-0.0001531172	0.008884041	-0.0141027226	-0.035246393	0.0849273653	-0.0342829353	0.0339343472	0.009680946	-0.0019438684	0.0069313753	-0.0124782501	0.0030154306	-0.0060157607	0.0232161543	-0.0093639998	0.0584981441	0.0487365226	0.0640086819	0.0180888968	-0.0191715555	-0.0127079042	0.0032962739	0.0183641361	0.0381492561	-0.0104936901	0.0094244902	-0.0085415353	0.0169716328	-0.0231856484	-0.0056118447	0.0294555161	-0.0127392565	-0.0138533084	-0.0175460288	-0.0198540276	-0.0671850962	-0.0243146429	0.0169304749	0.0221971045	0.0429441009	-0.0108078493	-0.0403588301	0.0014062133	-0.0009555856	-0.0194343894	-0.0274768327	-0.0362197905	-0.0139630987	0.0435882387	0.0054427984	-0.0074307447	-0.039384895	-0.0215527263	-0.0582489529	0.0355582967	-0.0110099934	0.032763122	-0.0278033321	0.0009750279	-0.0245597723	0.0059341484	-0.0516375287	0.05252192	0.0451524326	-0.0201738717	-0.0154997337	-0.0530422373	0.0111929863	0.0123610553	-0.0140381313	-0.0122137538	-0.0211769109	0.0048901089	0.0379875386	0.0273146534	-0.0134770192	-0.0101964496	0.0434434447	0.0032260988	-0.0041347185	-0.0231496283	0.0076624121	-0.042409981	-0.02787722	0.0087339532	0.0057648059	-0.0435343946	-0.0717402841	-0.0255527832	0.0183639447	0.0001838179	0.0288395828	-0.0169877211	-0.0116262926	0.0147496606	-0.0087259436	0.0116256094	-0.0264848523	-0.0120697343	-0.0813134316	-0.0044718209	0.0583045763	0.0082750852	0.0134507859	0.0115779131	-0.009279693	0.0153736773	-0.0261394691	0.0191207518	-0.0004256254	-0.0582877866	0.0383109167	0.0199100139	0.0776014999	-0.0109522491	0.0040279588	0.0175555204	-0.0232908546	0.0033286599	0.0047731396	0.0122877198	0.0255594086	0.00061044	0.0065227686	0.0073845411	0.003914626	-0.016395653	-0.0180333632	0.0177432174	-0.0129163154	0.0060957501	-0.0427165949	-0.0101191411	0.0145714328	0.0071065537	0.0016467368	-0.0049026981	0.0006288844	-0.0005251047	0.0014587055	-0.0087046043	0.0189979549	-0.048252699	0.0461211897	-0.0426381448	0.0379056313	-0.0320623308	0.0252794756	-0.0177558304	0.0097118681	-0.0013833093	-0.0069857861	0.01515017	-0.0228705931	0.0299208162	-0.0360942395	0.0412099568	-0.0451180572	0.0477040178	-0.0488920593	0.0486473676	-0.046977113	0.0439302406	-0.0395960362	0.0341015091	-0.0276076712	0.0203048178	0.0340478	0.0031018	9.621163240000012e-06	0.00115925268484	-4.7922	0.0803199999999995	22.96518084	0.0064513023999999	-0.866232	-0.0438239999999999	0.0019205429759999	0.750357877824	-0.0170258	-0.0004513	0.00028987786564	2.0367169000000155e-07	-0.00583403	-0.0002012999999999	3.40359060409e-05	4.05216899999999e-08	0.00255921	4.57700000000001e-05	6.5495558241000005e-06	2.094892900000009e-09	0.0	0.0	0.0	0.0	0.0	0.0	0.0	0.0	0.0	0.0	0.0	0.0	0.0	0.0	0.0	0.0	0.0	0.0	0.0	0.0	0.0	0.0	0.0	0.0	0.0	0.0	0.0	0.0	0.0	0.0	0.0	0.0	0.0	0.0	0.0	0.0	0.0	0.0	0.0	0.0	0.0	0.0	0.0	0.0	0.0	0.0	0.0	0.0	0.0	0.0	0.0	0.0	0.0	0.0	0.0	0.0	0.0	0.0	0.0	0.0	0.0	0.0	0.0	0.0	0.0	0.0	0.0	0.0	0.0	0.0	0.0	0.0	0.0	0.0	0.0	0.0	0.0	0.0	0.0	0.0	0.0	0.0	0.0	0.0	0.0	0.0	0.0	0.0	0.0	0.0	0.0	0.0	0.0	0.0	0.0	0.0	0.0	0.0	0.0	0.0	0.0	0.0	0.0	0.0	0.0	0.0
55103.24445751373	-34.182893033990695	3036367549.7445173	1168.4701761732497	67136.69998242188	60.43826757812349	4507336484.529726	3652.784187844853	55681.092552435926	-30.33275281068927	3100384067.832936	920.075893074378	55884.12850484657	56138.336794211646	0.778682	17.838718	0.0500552999999997	0.0295964	0.0057728303	0.0086475795	0.0082528839	-0.0021850028	-0.0163228669	0.0067499038	0.0338532977	0.0293834298	-0.0005307692	-0.0189778524	-0.0028932651	0.0026718219	0.0286458626	0.0006349764	0.0217779146	-0.0186779265	7.30214e-05	0.0222952957	-0.0159134522	0.0015861991	0.0139579777	-0.035351299	0.0455810353	0.0048318313	-0.0173099637	-0.0026965036	-0.0080951612	0.0151363248	0.020150835	0.0117308389	-0.0034211474	-0.015211724	-0.0106040828	-0.0391148584	-0.0047471607	0.0694097293	0.0130679228	0.0020863677	0.0161121979	-0.0037309703	-0.0071453571	-0.012816653	-0.0416490864	-0.036147789	-0.0260858048	-0.0001771686	-0.0635960678	-0.0024294793	-0.0131204467	-0.018373011	-0.0205482293	0.0557621764	0.0163210855	-0.0213834325	0.0117515117	0.0531413915	0.0471449906	-0.0270751324	-0.0219481129	-0.0099758316	0.0027549722	0.0155924708	-0.0016419808	-0.0043558895	0.0391913816	-0.030821844	-0.0180260016	0.027014073	-0.0048158502	-0.0270646797	0.0194843418	0.0804839161	-0.0088964549	0.0081789057	0.0088947128	0.0023870532	-0.0188724297	0.0004013236	0.0314819	0.020039989	-0.03428748	0.0183465313	0.0110373743	-0.0003115983	-0.0016444413	0.0040821109	-0.0160351393	-0.05947369	0.018797302	0.0022984208	-0.0575059336	-0.0144538635	0.0069020894	0.0212459459	0.0043890609	0.0449218802	-0.0059639363	0.0307382859	-0.045962019	0.0273429265	-0.0146129041	0.0300590566	0.0113693476	0.0218668503	-0.0088456753	-0.0182288668	0.0236010065	0.0383679164	0.0016387081	-0.0673843749	-0.0239364513	0.0177985351	0.0229101794	0.0138990129	-0.0014812714	-0.0151591253	0.0338382149	-0.0469080135	0.0056337453	0.0158804164	0.0006443536	0.0026888262	0.0130732449	0.0241938883	0.0093981061	-0.0044199006	-0.0181370661	-0.0130940825	-0.0391880083	0.0017701358	0.0686979579	-0.01215986	-0.0033605244	0.0159539212	0.0061439155	0.0065655805	0.0102557627	-0.0301040963	-0.0378099806	0.0179221658	-0.0144197802	0.0552559839	0.032925405	0.0061937701	0.0184007598	0.0025960488	-0.0421848804	0.0384075728	-0.0039196756	-0.0298393854	-0.0213658289	-0.033159894	-0.0639118005	-0.0215720466	-0.0059766641	-0.0103669879	-0.0300340489	0.0103719567	0.0009614623	0.044512997	0.0387838057	0.0286353224	-0.0257780701	0.0060630763	-0.0274298224	-0.0081553815	-0.0700050285	-0.0325628686	0.0163439112	0.0124847315	0.0046777224	-0.0139057422	-0.0033983244	0.0192988289	0.0310359971	-0.0011782393	0.0400764424	0.0105139947	0.0079072408	0.0009485771	0.0012997612	-0.0113395819	0.0401143393	-0.0097245475	-0.0552286608	-0.0256491407	-0.0354291923	0.0300662657	0.0080112434	-0.0024477633	0.0290331127	-0.0265839407	-0.0254046563	0.0161814888	0.0335219456	-0.034182361	-0.0387468592	-0.0276664242	-0.0151738959	-0.022042884	0.0117038456	0.0124912544	0.0352678296	0.0561323371	0.0444756996	0.0107284894	0.0336157028	0.0505772213	0.005413787	0.0054614038	0.0093212769	0.0264755294	0.006151735	-0.0245932911	0.0273408412	-0.0094940032	-0.0082965191	-0.0125849188	0.008013669	-0.0117960958	0.0125712477	-0.0118721123	-0.0191138442	-0.0328591315	-0.0073852488	0.003227159	-0.0177402195	0.0075571509	-0.0113390289	-0.0199926914	-0.0216918976	0.0206118078	-0.0482838183	0.0462438827	-0.0429075896	0.0383684655	-0.032753756	0.0262208584	-0.01895291	0.0111536535	-0.0030417259	-0.0051554705	0.0132081433	-0.0208905514	0.0279873335	-0.0342995449	0.0396502352	-0.0438894081	0.0468982266	-0.0485923444	0.04892427	-0.0478846987	0.0455027728	-0.0418452649	0.0370147062	-0.0311465121	0.0244051859	0.0335915	-0.0004562999999999	2.0820968999999978e-07	0.00112838887225	-4.8083	-0.0160999999999997	23.11974889	0.0002592099999999	-0.8633509999999999	0.0028810000000001	8.30016100000077e-06	0.7453749492009998	-0.0174274	-0.0004015999999999	0.00030371427076	1.612825599999988e-07	-0.00576763	6.639999999999945e-05	3.32655558169e-05	4.408959999999926e-09	0.00270357	0.00014436	7.309290744900001e-06	2.0839809600000022e-08	0.0	0.0	0.0	0.0	0.0	0.0	0.0	0.0	0.0	0.0	0.0	0.0	0.0	0.0	0.0	0.0	0.0	0.0	0.0	0.0	0.0	0.0	0.0	0.0	0.0	0.0	0.0	0.0	0.0	0.0	0.0	0.0	0.0	0.0	0.0	0.0	0.0	0.0	0.0	0.0	0.0	0.0	0.0	0.0	0.0	0.0	0.0	0.0	0.0	0.0	0.0	0.0	0.0	0.0	0.0	0.0	0.0	0.0	0.0	0.0	0.0	0.0	0.0	0.0	0.0	0.0	0.0	0.0	0.0	0.0	0.0	0.0	0.0	0.0	0.0	0.0	0.0	0.0	0.0	0.0	0.0	0.0	0.0	0.0	0.0	0.0	0.0	0.0	0.0	0.0	0.0	0.0	0.0	0.0	0.0	0.0	0.0	0.0	0.0	0.0	0.0	0.0	0.0	0.0	0.0	0.0
55275.8907156388	172.64625812507438	3055424094.407244	29806.73044458981	67788.97768554688	652.2777031250007	4595345495.651573	425466.20199402655	55835.92278922872	154.83023679279722	3117650273.7247114	23972.402225313657	56033.490894088965	56801.713802506085	0.901504	20.652449	0.2621206999999995	0.130762	0.0006975935	-9.70097e-05	0.0003139509	-0.000189359	-0.0316527505	0.0181148773	-0.0086403084	0.0324744199	0.0128711582	0.0243128381	0.020014277	-0.0584901119	-0.0351293866	-0.0202505707	-0.0255995008	0.0237131119	0.022765457	0.0025795085	0.0259373613	-0.0252803648	-0.0163117213	-0.024020765	-0.0012830877	0.0233062865	0.0279683796	-0.0085254308	0.0330853291	-0.0383932895	-0.0067573388	0.0410978539	0.0348321134	0.0092324528	0.058560344	-0.0175936192	-0.0051294972	-0.013863359	0.0049812283	0.0270054968	0.0152255487	0.0086949385	0.0336360897	-0.0458972921	0.009985999	0.0031798104	-0.0010643553	-0.0035202372	-0.0106125586	-0.0020756034	-0.0502748297	0.0508898737	0.0604240054	0.0367185307	-0.0141230796	-0.0212764986	0.0561464644	0.0017920702	-0.0050889883	-0.0383060968	-0.0072923289	-0.0111625595	0.0285527674	-0.0300076033	-0.0272549905	0.0302009641	-0.0226089226	-0.0305320711	-0.0365938707	0.0206735664	0.0137866622	0.0267593513	-0.0556232472	-0.0351591368	-0.0693509029	0.0147402575	0.0393724157	0.0390269218	-0.0692192413	-0.0044908369	-0.0138309542	0.0361891907	0.0128200135	0.0401888623	0.0288229818	0.0608249942	-0.0400448638	0.0205014528	0.0467081466	-0.0847487416	-0.0680493512	-0.0425563103	-0.0383510029	0.0373131322	0.0001073492	0.0520118995	0.0309291678	0.0040954539	0.0728551285	-0.0423689195	0.0249192012	0.0068439567	0.0044824171	0.0169514065	0.0552442558	-0.0364346481	-0.0144458327	0.0167889378	0.0097597698	-0.0327637626	-0.0286560524	0.0295518042	-0.0239623612	0.0393652543	0.0020979631	-0.0278480384	0.0259178496	0.0173598159	0.0244410434	0.0050596509	0.0268381596	-0.0190540868	0.013477487	-0.0231303194	-0.0441781549	-0.0228417249	0.0455569315	0.0243806943	0.0214890284	0.0585756971	-0.0219633975	-0.0041977344	-0.0132692843	-0.0073563473	0.0268160886	0.0144109736	-0.0063468159	-0.0282607161	0.0515883692	0.0014434219	0.0085999298	-0.0008845233	0.0059331773	0.0058464726	0.0069980871	0.044062222	-0.0523472983	-0.0546910823	0.0165143861	0.0434157351	-0.0098722253	-0.037716255	-0.0340361914	0.030062758	-0.0188365413	-0.0195410092	0.0119547611	-0.0338452718	0.0276070398	0.0128408336	-0.0301376936	-0.0271196895	0.0192529333	0.0258548596	0.005108416	-0.0100506386	0.0533095128	0.0718746184	0.0355873905	-0.053740556	-0.0006465782	0.0321501404	0.0584174137	-0.0514042939	-0.0112556398	-0.0226592352	-0.0117521766	0.0276716022	0.0202073111	0.0259137482	0.0717463787	-0.0505086298	0.0040967763	0.0091700847	0.0452956309	-0.1305716664	-0.0377813636	-0.0057495051	0.0227960809	0.0532733753	0.0105542823	-0.021123732	0.0303193267	0.0595933738	0.0480053841	0.00721995	-0.0002428625	0.0086837853	-0.0159480432	0.0219338677	-0.0476069231	0.012124903	-0.0264963003	0.0067898095	-0.0190384393	-0.0512470701	-0.0358048167	0.0172311159	0.0302124843	0.0485408426	0.00651108	-0.0050237113	-0.0385739827	-0.0560240034	0.0273576473	-0.034518797	-0.043187508	-0.0005584923	-0.0210105643	0.0626633278	-0.0243439605	0.0069213489	-0.0222519037	0.0294982286	-0.0004948601	-0.019195539	0.0014856083	-0.0028111819	0.022804291	-0.0502256452	-0.0020399545	0.026851545	-0.0408083815	-0.0048611773	-0.0483142525	0.046363951	-0.043171555	0.0388225891	-0.0334335625	0.0271488476	-0.0201368126	0.0125853106	-0.004696647	-0.0033178403	0.0112434423	-0.0188678315	0.0259867497	-0.0324094805	0.0379639583	-0.0425013783	0.0459001824	-0.0480693164	0.0489506689	-0.0485206286	0.0467907162	-0.0438072762	0.0396502352	-0.0344309608	0.0282892778	0.0387032	0.0051116999999999	2.612947688999997e-05	0.00149793769024	-4.90952	-0.1012199999999996	24.1033866304	0.0102454883999999	-0.780386	0.0829649999999998	0.0068831912249999	0.609002308996	-0.016629	0.0007983999999999	0.000276523641	6.374425599999963e-07	-0.00528143	0.0004862	2.78935028449e-05	2.3639044e-07	0.00253169	-0.00017188	6.4094542561e-06	2.9542734400000043e-08	0.0	0.0	0.0	0.0	0.0	0.0	0.0	0.0	0.0	0.0	0.0	0.0	0.0	0.0	0.0	0.0	0.0	0.0	0.0	0.0	0.0	0.0	0.0	0.0	0.0	0.0	0.0	0.0	0.0	0.0	0.0	0.0	0.0	0.0	0.0	0.0	0.0	0.0	0.0	0.0	0.0	0.0	0.0	0.0	0.0	0.0	0.0	0.0	0.0	0.0	0.0	0.0	0.0	0.0	0.0	0.0	0.0	0.0	0.0	0.0	0.0	0.0	0.0	0.0	0.0	0.0	0.0	0.0	0.0	0.0	0.0	0.0	0.0	0.0	0.0	0.0	0.0	0.0	0.0	0.0	0.0	0.0	0.0	0.0	0.0	0.0	0.0	0.0	0.0	0.0	0.0	0.0	0.0	0.0	0.0	0.0	0.0	0.0	0.0	0.0	0.0	0.0	0.0	0.0	0.0	0.0
55264.22494690604	-11.665768732760624	3054134558.982232	136.09016012625543	68087.65609765625	298.67841210936604	4635928912.872705	89208.79386017229	55738.27638040981	-97.64640881891684	3106755453.8589497	9534.821155231037	55935.09342293054	57127.54806272829	0.956259	21.906809	0.1293135000000006	0.069629	-0.0020466711	-3.2119e-06	-0.0032947605	-0.0059743048	-0.0338964889	-0.0006934529	-0.0121032444	-0.0516403646	0.0113591586	0.0301122942	-0.0290218602	-0.0200539479	-0.0308715324	-0.0366757626	-0.0162764835	0.0732478783	0.0035987776	0.0536039231	-0.0117008273	-0.0627812786	-0.0153729249	-0.0075608588	-0.0253181486	-0.0248450953	-0.0457121066	0.0559313119	0.019632395	-0.0518298248	-0.0158283493	-0.0095732275	0.0430561467	-0.0308519095	0.0269010044	0.0471324111	-0.001461467	-0.0390721586	-0.0008501415	-0.0071898284	0.0250977055	-0.0170090048	-0.0452397411	-0.0793425931	-0.0130476786	-0.0288060468	-0.03792616	-0.0145798804	0.0047292469	-0.0304689286	0.0210653336	-0.0307736001	-0.0159852322	0.0652935199	0.1163589463	-0.0013679977	0.0480710816	-0.0023162602	-0.0307431168	0.0123819028	0.0375340927	0.045883116	0.0415848176	-0.0621590799	-0.0238332487	0.0188420615	0.0671986426	0.0146828009	-0.0364644817	-0.0028251964	0.0137102085	0.0330334325	0.0284613429	-0.032910635	-0.0240536017	0.0104687787	0.0141267922	-0.0158603627	-0.0040471014	0.0131061888	-0.0352157502	0.0181221914	-0.0414494933	0.030458671	0.0307288034	-0.0214412406	-0.0516679394	0.0008379124	-0.0404675157	0.0386819823	0.0199070143	-0.0320006041	0.0227331927	0.0344502312	-0.0072754895	0.0383207582	-0.0032768858	0.0079400953	0.0473586692	0.053520398	0.0282089567	0.019875818	0.0155534763	0.0363768826	0.0292398237	0.0010021527	-0.0048262616	-0.0279903505	0.0142222971	0.0340921999	-0.0030130734	0.0264533063	-0.0082858825	-0.0113354519	0.0549490418	0.0110721103	0.0601048304	0.0186132157	0.0070290963	0.0137195839	-0.046635143	0.0388784385	-0.0545394438	-0.0167274603	-0.0503990479	-0.0279094252	-0.0028356722	0.0464488305	-0.0173005392	0.0347166405	0.0444120694	-0.0081370073	-0.0376799138	0.0014843668	-0.0102207907	0.019943071	0.0133810431	0.0490872933	0.0815685537	-0.0341673831	-0.0110950109	0.0309008751	0.0027476962	-0.0177698814	0.0297516184	-0.0132048659	0.0307505148	-0.039607548	-0.1055234943	-0.0257255048	0.05107298	-0.0832593326	0.0012041512	0.0036416291	0.0229955751	0.035693185	-0.0588378002	-0.0188977169	0.0438239644	-0.0076691359	-0.0578151433	0.0511753761	-0.0062831754	0.0161166811	0.0224785265	-0.002333413	0.0344721832	-0.0243070175	0.0400169561	-0.0128186095	0.0018673512	0.0131837977	-0.0200272112	-0.0156564183	-0.0246091303	-0.0328957403	-0.002285357	-0.0237456202	0.0465781044	0.0186980232	-0.0170046985	-0.0397373476	0.0206433814	-0.0624367065	-0.0368250552	0.0195148922	-0.0101999605	0.0146645965	0.0372784965	0.0432006267	0.0237064172	0.0109481466	0.0132872528	0.0305387285	-0.0013857969	0.0700223782	-0.0386311228	-0.0219113847	-0.0354885019	-0.0112104513	-0.0243819661	-0.0117583936	0.013189705	0.0179450511	-0.0123305967	0.0148605332	-0.0281890825	0.0019952964	0.007603652	0.0077935955	0.0055711756	0.0026948609	-0.0427266572	-0.076893665	0.0226312544	0.0311011416	-0.079349027	-0.0417703497	0.0882361779	0.0074660734	0.0129887425	-0.0327369598	-0.0037510814	0.0034850592	0.0265208535	0.0370029206	-0.0250916601	0.0202270588	-0.0003883503	-0.0196214226	0.0111722275	-0.0181193926	0.044835107	0.0341063697	-0.0483440011	0.0464813877	-0.0434300072	0.0392678988	-0.0341015091	0.0280629691	-0.0213067153	0.0140055395	-0.0063461704	-0.0014755028	0.0092594399	-0.0168065656	0.0239238614	-0.0304293015	0.0361565084	-0.0409590082	0.0447139763	-0.0473253789	0.0487264292	-0.0488812951	0.0477860158	-0.0454686032	0.0419883256	-0.0374341914	0.0319226731	0.0472557	0.0085524999999999	7.314525624999996e-05	0.0022331011824899	-4.97461	-0.0650900000000005	24.7467446521	0.0042367081	-0.7577939999999999	0.0225920000000001	0.000510398464	0.5742517464359997	-0.0163178	0.0003112	0.00026627059684	9.684544000000067e-08	-0.00551142	-0.00022999	3.037575041640001e-05	5.2895400100000114e-08	0.0024113	-0.00012039	5.814367689999999e-06	1.449375210000004e-08	0.0	0.0	0.0	0.0	0.0	0.0	0.0	0.0	0.0	0.0	0.0	0.0	0.0	0.0	0.0	0.0	0.0	0.0	0.0	0.0	0.0	0.0	0.0	0.0	0.0	0.0	0.0	0.0	0.0	0.0	0.0	0.0	0.0	0.0	0.0	0.0	0.0	0.0	0.0	0.0	0.0	0.0	0.0	0.0	0.0	0.0	0.0	0.0	0.0	0.0	0.0	0.0	0.0	0.0	0.0	0.0	0.0	0.0	0.0	0.0	0.0	0.0	0.0	0.0	0.0	0.0	0.0	0.0	0.0	0.0	0.0	0.0	0.0	0.0	0.0	0.0	0.0	0.0	0.0	0.0	0.0	0.0	0.0	0.0	0.0	0.0	0.0	0.0	0.0	0.0	0.0	0.0	0.0	0.0	0.0	0.0	0.0	0.0	0.0	0.0	0.0	0.0	0.0	0.0	0.0	0.0
55183.53101363489	-80.69393327114813	3045222095.132804	6511.510866768506	66877.76719335938	-1209.8889042968658	4472635744.7691765	1463831.1607406705	55718.081670469655	-20.19470994015137	3104504625.0371265	407.8263095668485	55922.30557021587	56312.21509391488	1.062938	24.350719	0.3734835000000001	0.203411	0.0032249172	0.0090266244	0.0095859679	-0.0020902824	-0.0091561363	-0.0016011215	0.0180776376	0.0068852051	-0.0038044161	-0.0636133426	0.0013039277	0.0514246369	0.0291762237	0.0149639187	0.0013508994	-0.0071918739	-0.014480776	0.0114466562	-0.0336515827	0.0033799055	0.0441169662	-0.0144670818	-0.0258141336	-0.0213447811	0.0225815404	0.0433669092	-0.0188721343	0.0136836385	0.0060400303	-0.0244280206	-0.0330118525	0.021554893	-0.040580773	0.0107043155	-0.0257181463	0.0246626277	-0.0307019979	0.0260727322	0.0307601741	-0.0127989008	0.0416445446	-0.0403057122	0.0363420616	-0.0077234391	-0.0707228989	0.0204383234	0.0469768179	0.006716272	-0.0072564278	-0.0026936617	0.0136815938	0.0416180485	-0.0395933391	0.0075482419	-0.0166157072	0.0430139232	-0.0135788682	0.0263687395	-0.0220038932	0.0176955457	-0.0461025751	-0.0273384064	-0.027163145	0.0527864577	-0.0115082839	0.0436956116	0.0085071775	0.0498603345	-0.0318925719	-0.0360513233	0.0353944178	-0.0614574789	-0.0057747382	0.0220455194	0.0072727342	0.0060633498	-0.0592120028	-0.0820109945	-0.0030415651	0.015659334	0.0336988657	-0.0178562389	-0.0018916253	0.0834257582	0.0165453948	0.0417164619	0.0005346451	0.0549974076	-0.0013192672	0.0199735017	-0.0174503508	0.0058704323	-0.053978427	0.0174934351	-0.0192416909	0.0120982858	-0.0164556699	-0.0187592318	-0.0219685155	-0.0614500356	-0.0574468519	-0.0181586522	0.0132339663	-0.0026886873	-0.0464202089	0.0369258656	0.0044421681	0.0326817455	0.0108941366	-0.0544600899	-0.0581768378	-0.0256118045	0.0119802928	0.0313525444	-0.0026093682	-0.0434628202	0.0143349806	0.0235255635	-0.0159517107	-0.0228750693	-0.0484493692	0.0188675728	0.0166401709	0.0119346843	-0.030733023	-0.0309151826	0.0110308839	-0.0376303964	0.0109695548	-0.0284449868	0.02295313	0.024284616	0.0323572624	0.0378899243	0.0176519314	-0.039705837	0.0407367027	0.0132376923	0.0272710017	0.066382264	-0.0399415791	-0.0388532452	-0.0169753852	0.0014062796	0.0003979288	-0.0132819415	0.005710066	0.0577460103	-0.0025176241	0.0157638315	-0.0314085267	-0.0468687458	0.0152510825	-0.0046218161	-0.0002872283	0.0467125329	0.0046052319	0.0033841792	-0.0667576106	-0.0110977865	-0.0458429519	0.0097182439	-0.0551780937	0.030622367	-0.0265621773	-0.0104847843	0.0556392137	-0.0080277658	0.0082516226	0.0039153908	0.0205325197	-0.0839834785	0.0844368658	-0.0174014089	-0.0294623224	0.005850873	-0.0337765763	-0.0116856504	0.074800502	-0.0141239276	0.0304449267	0.0308368888	-0.0447167713	0.0196757537	0.0073290298	-0.0442117457	0.0308952334	-0.0022749893	0.0336850773	0.0120835146	-0.0278020494	-0.0331652778	0.0175603025	0.0054821296	0.0583300409	0.0529228024	0.0101169216	-0.0261746688	-0.0085293244	-0.0452130448	-0.0515765629	-0.0003129655	-0.0039052411	0.0366445852	0.0366728951	-0.0492428739	0.0333185641	0.0377584001	0.0049648172	0.0154459432	0.0149882047	0.0404163926	-0.0111942227	0.0191560105	0.0071914205	0.0151418404	-0.0063834692	-0.0669258249	0.0391821809	-0.0241312281	0.0282593293	-0.0139005797	-0.0134158641	-0.0206711842	-0.0111832575	-0.0141898465	-0.0171240425	0.0428429039	-0.0174717245	-0.0231123736	0.0201724583	0.0240174711	-0.0483730638	0.0465961863	-0.0436829132	0.0397042937	-0.0347573591	0.0289627561	-0.0224618045	0.0154130506	-0.0079884006	0.0003689281	0.0072595419	-0.014710965	0.0218036145	-0.0283645137	0.0342336544	-0.0392678988	0.0433444711	-0.046363951	0.048252699	-0.0489646519	0.0484824465	-0.046817843	0.044011438	-0.0401316745	0.0352731729	0.0325942	-0.0146615	0.00021495958225	0.0010623818736399	-4.82341	0.1512000000000002	23.2652840281	0.02286144	-0.898741	-0.1409470000000001	0.019866056809	0.8077353850810001	-0.0170716	-0.0007537999999999	0.00029143952656	5.682144399999984e-07	-0.00603227	-0.0005208499999999	3.63882813529e-05	2.712847224999998e-07	0.00247015	5.885000000000005e-05	6.101641022499999e-06	3.4633225000000053e-09	0.0	0.0	0.0	0.0	0.0	0.0	0.0	0.0	0.0	0.0	0.0	0.0	0.0	0.0	0.0	0.0	0.0	0.0	0.0	0.0	0.0	0.0	0.0	0.0	0.0	0.0	0.0	0.0	0.0	0.0	0.0	0.0	0.0	0.0	0.0	0.0	0.0	0.0	0.0	0.0	0.0	0.0	0.0	0.0	0.0	0.0	0.0	0.0	0.0	0.0	0.0	0.0	0.0	0.0	0.0	0.0	0.0	0.0	0.0	0.0	0.0	0.0	0.0	0.0	0.0	0.0	0.0	0.0	0.0	0.0	0.0	0.0	0.0	0.0	0.0	0.0	0.0	0.0	0.0	0.0	0.0	0.0	0.0	0.0	0.0	0.0	0.0	0.0	0.0	0.0	0.0	0.0	0.0	0.0	0.0	0.0	0.0	0.0	0.0	0.0	0.0	0.0	0.0	0.0	0.0	0.0
55279.62238224938	96.09136861448496	3055836650.7240863	9233.551122204826	67516.7390991211	638.9719057617185	4558510058.578788	408285.0963527625	55855.90261764084	137.8209471711816	3119881857.2313766	18994.613479161635	56053.88345363047	56495.79656031224	0.927209	21.241304	0.1061879999999998	0.0567239	0.0053364625	0.0046559097	0.0051583902	0.000300002	-0.0061554298	0.010243285	0.0115222437	0.0250504863	0.0147865257	0.0206475973	-0.0009196543	-0.0421386033	0.0037219948	-0.0082951115	0.0093486132	-0.0108620051	0.0124941942	-0.0094715247	0.0194615358	0.0127640373	0.0138570206	0.0092250554	0.0243002275	0.0662678952	0.0215803035	-0.0361493895	-0.0103101423	0.003833078	0.0464597436	0.015342584	0.0148021636	0.0377117596	-0.0295267745	-0.054841648	-0.0360447024	0.0025250568	0.0108233674	0.0140928257	0.0149286653	-0.0157872088	0.0137344514	-0.017872656	-0.0189742366	0.0112255151	0.0783752102	-0.0476871001	-0.0350119451	0.0453269518	-0.0231029411	0.0082647761	0.0187758909	-0.0267894045	-0.0181322256	0.028989912	-0.0160617292	-0.0223388342	-0.0253904386	-0.0160939654	-0.0122955336	0.0317027951	-0.0330324659	0.0165128601	-0.0583544272	-0.0294755005	0.0750085429	-0.0282153656	-0.0254091476	-0.0411622086	-0.0172040562	0.0118239183	0.0087295283	0.0538497019	-0.0275927036	0.0350858519	0.0281655003	-0.0102523796	0.0015433539	-0.0631046493	0.0066187226	0.0065871317	-0.0243597188	-0.0905871175	-0.0326614196	-0.0111583798	0.0104818796	-0.0289369353	0.0126587915	-0.0431962307	-0.0307650798	0.0232932896	-0.0220308637	0.0543514026	-0.0017519123	0.0170053258	-0.0094414316	-0.0191022344	-0.0015641618	0.0006771018	-0.0047289779	-0.010483784	0.0188221648	-0.0136295304	-0.0299283911	-0.005137554	0.019679874	0.0354097366	0.0488552408	0.0111152669	-0.054321395	0.017295344	0.0336264383	-0.0045599921	-0.0099611743	-0.0196055709	-0.0111117384	-0.0137809214	-0.0106471706	-0.0152040234	0.0698102489	-0.0008455898	0.0401161181	0.0106906039	-0.006254639	0.0440997813	0.0183025529	0.0043410314	0.0337832486	-0.0255411502	-0.0572680473	-0.0327264391	0.0020332395	-0.0153826802	0.0095359031	0.0211142848	0.0232684421	-0.0135024577	0.0193380604	-0.0094449547	-0.0168671764	-0.0668955	0.0568249855	0.044827249	-0.0462831841	0.0180033443	-0.008504525	0.0008816557	0.0374002533	-0.0064071353	0.0078741938	0.0344035195	0.0056257776	0.0255991167	0.0236322857	-0.0278925428	-0.0146423213	0.0415260649	0.0204291541	0.0626684862	-0.0067426596	0.077800268	0.0293352467	0.0034869093	0.0537135444	0.0077357662	-0.0090358849	-0.0058136845	-0.0498364859	-0.0487062094	0.0262631394	0.0255959774	-0.027338586	-0.0146075589	0.0627953578	0.023550345	-0.0083472756	-0.0686247767	-0.0332844326	-0.0195144013	-0.0041547373	0.0216127995	-0.0413830602	0.002455988	0.0350609683	-0.0441015097	-0.0101382917	-0.0222171863	0.0403363406	0.0218959731	-0.0108116056	0.0090300126	0.0034808958	0.0089445557	-0.0247337874	-0.0221796468	-0.0107331882	0.0068389006	0.0041746587	0.0185846627	0.0254149766	0.0235006833	-0.0284583641	0.0649082482	-0.0272592669	0.0045448512	0.0078729633	0.02048454	-0.0407874356	-0.0184096323	0.0067023226	0.0049118323	0.0017841972	0.0037471764	0.0138213523	-0.0445375808	0.0364006933	0.0149004117	-0.0361734398	0.034003892	-0.0422909193	0.020364397	-0.0073637058	0.0116173349	-0.0251000997	-0.0118930876	0.0019230344	-0.0199479403	0.0065619854	-0.0406767147	-0.0205445057	0.0387286665	-0.0411174658	-0.0263819411	-0.04840144	0.0467083402	-0.0439302406	0.0401316745	-0.0354008796	0.0298477488	-0.0236012772	0.0168065656	-0.0096214501	0.0022128355	0.0052471816	-0.0125853106	0.0196310923	-0.0262208584	0.0322015336	-0.0374341914	0.0417972809	-0.0451894509	0.0475319038	-0.0487702262	0.0488756528	-0.0478457346	0.0457043959	-0.0425013783	0.0383110855	0.0362947	0.0037005	1.3693700250000018e-05	0.0013173052480899	-4.82658	-0.0031699999999998	23.2958744964	1.0048899999999336e-05	-0.845566	0.0531749999999999	0.0028275806249999	0.7149818603560001	-0.0166559	0.0004156999999999	0.00027741900481	1.7280648999999838e-07	-0.00560765	0.00042462	3.14457385225e-05	1.803021444000005e-07	0.00255268	8.252999999999993e-05	6.516175182399999e-06	6.8112008999999885e-09	0.0	0.0	0.0	0.0	0.0	0.0	0.0	0.0	0.0	0.0	0.0	0.0	0.0	0.0	0.0	0.0	0.0	0.0	0.0	0.0	0.0	0.0	0.0	0.0	0.0	0.0	0.0	0.0	0.0	0.0	0.0	0.0	0.0	0.0	0.0	0.0	0.0	0.0	0.0	0.0	0.0	0.0	0.0	0.0	0.0	0.0	0.0	0.0	0.0	0.0	0.0	0.0	0.0	0.0	0.0	0.0	0.0	0.0	0.0	0.0	0.0	0.0	0.0	0.0	0.0	0.0	0.0	0.0	0.0	0.0	0.0	0.0	0.0	0.0	0.0	0.0	0.0	0.0	0.0	0.0	0.0	0.0	0.0	0.0	0.0	0.0	0.0	0.0	0.0	0.0	0.0	0.0	0.0	0.0	0.0	0.0	0.0	0.0	0.0	0.0	0.0	0.0	0.0	0.0	0.0	0.0
55433.91768169616	154.29529944678507	3072919229.541066	23807.039431373072	67830.80417138671	314.0650722656137	4601017994.537013	98636.86961720516	55817.365515821446	-38.53710181939096	3115578293.126813	1485.1082166381057	56005.58051669541	57196.23097732346	1.031152	23.62254	0.2141309000000001	0.141041	-0.0012988725	-0.0019117891	-0.0007483201	-0.004493708	-0.0150795641	-0.0004245292	-0.0237862609	-0.0462617755	0.0070692271	0.0093025893	-0.0026640803	-0.0094691003	-0.0369152504	-0.0331340515	-0.0579297872	0.0577013622	0.0006055855	0.0308998786	0.0169358065	-0.0293839038	-0.0363178539	0.0074519383	-0.0290470755	-0.0318126969	0.0329613456	0.0485386335	0.0309587941	-0.0110841759	-0.0399812758	-0.0185468968	0.0613453452	0.0234763687	0.0396588662	0.0218872887	-0.0043074284	-0.0042653072	0.0445462095	-0.0648247323	-0.0179348946	-0.036968401	-0.0180933385	0.0125438104	0.0069939866	-0.0027673194	0.0026446263	0.0244051687	0.0334392798	-0.0299217215	-0.006782682	-0.0019519288	-0.0567368945	-0.0335396711	0.0631151284	-0.0261183118	0.0230812831	-0.0277250373	-0.0049082882	-0.1015368363	-0.0023956206	0.0276141594	0.0322883999	0.0068013638	0.0437215147	0.0308708359	-0.0098895991	0.0284773551	0.0145423213	-0.0121013392	0.0286532954	-0.0071293351	-0.0185514284	0.0563488082	-0.0338818137	0.0045886562	0.0867236527	0.0408256346	0.0080102152	0.0324648547	-0.0079454059	0.0163344271	-0.0006088087	0.0057061025	0.0111646671	0.0093811064	-0.0205201978	-0.0159721417	0.0738636298	0.0459746252	0.0387428974	0.0211785747	0.0156538523	0.0119488234	-0.00682497	-0.0208802539	0.0539353933	-0.0056965787	-0.0218847455	-0.0569417078	-0.0077578877	-0.0064249051	0.0655379408	-0.0088850833	-0.0134066283	0.0099612499	-0.0067435944	0.0063889903	0.0294496689	-0.0341388413	-0.008126643	0.0224199518	-0.0117064389	-0.0234804227	0.0326796253	-0.0162573692	0.0278384747	0.037544562	-0.0075770828	0.0301823908	-0.0195268968	-0.0362084938	-0.0476822586	-0.0248984759	-0.0074703654	-0.0440414676	-0.0102963869	0.0623702467	0.0410812242	0.0388750503	0.0199459867	-0.0055197605	-0.0022085844	-0.0378510605	-0.0669811247	-0.023603858	0.0281253993	0.01200796	-0.0115661899	-0.0085682626	0.0125568336	-0.0032063981	-0.0137646674	-0.0431542336	0.0149934962	0.025470749	0.0029353952	0.0381557526	-0.0516425124	-0.0772941261	-0.0097246998	-0.0285073842	-0.0143218296	0.0658650396	-0.0169010253	-0.0413679827	-0.0441629889	-0.0425524445	-0.0415389499	-0.0304593104	-0.022994263	-0.0178167596	-0.027343843	-0.0133305785	0.0075983514	-0.0295663558	-0.003849932	0.029896582	-0.0355040679	-0.0377187364	0.0103110313	0.0899733799	0.0268489558	0.0405142421	-0.0288471654	-0.0092408811	0.011239031	-0.0089942076	0.0105471995	0.0132177071	-0.0084507474	-0.032271575	-0.0317796986	0.0777990604	-0.047722085	0.0262010163	-0.0014734571	0.0028687209	0.0230031914	-0.0225581492	-0.0067069435	-0.0516535086	0.0144421735	0.0050255328	0.0116236232	-0.0828357068	-0.0291248007	0.0153785582	0.0125170318	-0.0044882214	0.000551011	0.0138948103	-0.0025341533	0.0251692743	0.0244727385	-0.0365374611	0.0028133827	-0.0159755307	0.0001286686	-0.0504032719	0.0066971907	0.0016071925	-0.0387859859	-0.0679060365	0.0120226385	0.0199684998	-0.0737903435	0.004656261	0.0422507017	0.0081536907	0.0218075719	-0.0074601941	0.0032757422	-0.0177439595	0.0304005142	0.046489621	-0.0089202433	0.0083078881	-0.0015223506	-0.0160484179	0.016318627	0.002589393	0.0232345392	0.0332962295	-0.0484291295	0.046817843	-0.044171958	0.0405499443	-0.0360318425	0.0307174953	-0.0247243413	0.0181848193	-0.0112434423	0.0040536034	0.0032258135	-0.0104339452	0.0174115036	-0.024004296	0.0300666323	-0.0354645447	0.0400787482	-0.0438072762	0.0465677344	-0.048299121	0.0489631754	-0.0485452228	0.0470544995	-0.0445239479	0.0410094892	0.0440016	0.0077069	5.939630761000004e-05	0.00193614080256	-4.94989	-0.12331	24.5014110121	0.0152053561	-0.774398	0.071168	0.005064884224	0.5996922624040001	-0.0165003	0.0001556	0.00027225990009	2.4211360000000705e-08	-0.00560765	0.0	3.14457385225e-05	0.0	0.00246936	-8.332000000000001e-05	6.0977388096e-06	6.9422224000000025e-09	0.0	0.0	0.0	0.0	0.0	0.0	0.0	0.0	0.0	0.0	0.0	0.0	0.0	0.0	0.0	0.0	0.0	0.0	0.0	0.0	0.0	0.0	0.0	0.0	0.0	0.0	0.0	0.0	0.0	0.0	0.0	0.0	0.0	0.0	0.0	0.0	0.0	0.0	0.0	0.0	0.0	0.0	0.0	0.0	0.0	0.0	0.0	0.0	0.0	0.0	0.0	0.0	0.0	0.0	0.0	0.0	0.0	0.0	0.0	0.0	0.0	0.0	0.0	0.0	0.0	0.0	0.0	0.0	0.0	0.0	0.0	0.0	0.0	0.0	0.0	0.0	0.0	0.0	0.0	0.0	0.0	0.0	0.0	0.0	0.0	0.0	0.0	0.0	0.0	0.0	0.0	0.0	0.0	0.0	0.0	0.0	0.0	0.0	0.0	0.0	0.0	0.0	0.0	0.0	0.0	0.0
55417.944851606735	-15.972830089427587	3071148611.5757256	255.13130106572336	67222.44555957032	-608.3586118163948	4518857187.009396	370100.200571171	55789.27235327007	-28.093162551376736	3112442909.707344	789.2257821380763	55987.70858111323	56843.860661553714	1.078412	24.705198	0.4110024000000001	0.210263	0.0010758608	0.0112383388	0.0085934172	-0.0021628082	0.017559454	7.15346e-05	-0.0173223771	0.0115034749	0.010260023	-0.0490920472	-0.0021619792	0.0662876928	0.0549360064	0.0120651693	0.0340202747	0.0025887892	-0.0153462777	0.0044951301	0.0135446369	0.0110517645	0.0214887486	-0.0237484475	-0.0580980491	-0.0299286991	-0.0225178926	-0.0175325121	-0.0283609693	0.0755967571	0.0040860496	-0.0020683444	-0.0199658226	-0.0035530602	-0.0432494087	-0.0230504342	-0.0020885243	0.0116663236	0.0293489066	0.0510234384	0.0241493304	0.0343606851	0.0958725495	-0.0014968431	-0.0633070696	0.0835858679	0.0344933845	0.0210932484	-0.0126465282	-0.0022718486	0.012639506	0.0226432829	0.0078000458	0.0482466848	-0.0417006874	0.0155339723	0.0058476861	0.0401654376	0.0346606899	-0.0442097489	-0.0306165274	0.0338874366	-0.0515687923	0.059994284	-0.0252964221	0.0503981733	0.0305157069	0.0188012133	-0.0121886128	0.0402070702	-0.0196931438	-0.0086236145	0.0112253373	0.0137978017	-0.0017113132	-0.0023954212	-0.0005759499	-0.0165379465	-0.0827978945	0.0055990925	0.0230359451	-0.0316421066	0.0622373794	0.0126948492	0.0366018135	-0.0047027901	-0.0084774238	0.0061186803	-0.0146692722	0.0112456498	0.0387281111	-0.0002985288	-0.0040891782	-0.0398032085	-0.0069540635	0.0207374169	0.0134749301	-0.0146560872	0.0177767651	0.0263507432	-0.0137889544	-0.0153119827	-0.0466404369	-0.0062210891	-0.0484237333	0.0436657084	-0.0066611064	-0.0533187746	-0.0355039898	-0.0327817683	0.0312555612	0.0373927437	0.0169682079	0.005281721	0.0040992828	-0.0132343828	-0.0120632435	-0.021426939	0.0215534368	0.0508294541	-0.0396003985	0.0217909694	0.0110048613	0.0196117744	0.0812052237	0.0209108538	-0.006513438	-0.0162600875	-0.0106509861	-0.0478126184	-0.0212872099	0.0022466012	0.0130387007	-0.0359491584	0.0548300273	0.0241690767	-0.0328950584	-0.0815885713	-8.18298e-05	0.0895338844	-0.071064721	-0.0454148814	0.0042915513	0.0077913827	0.0206850452	-0.0024354743	-0.0236324414	-0.0046761802	-0.0015987703	0.0534243814	-0.0006018358	0.0131737188	-0.0391975271	0.0079934025	-0.0448486687	-0.0350632541	-0.019635499	0.0469784723	-0.0686481663	0.0469940962	-0.0370512359	0.0308676506	-0.0215795707	0.0234967935	-0.0339381957	0.0283552791	0.0063285513	-0.0013766039	-0.0135839121	-0.0045020929	-8.56531e-05	0.0050963141	0.0185517232	-0.0799532371	-0.0274077543	0.0208349894	-0.0138087982	0.053088017	-0.0359288814	0.0457844904	-0.0121224275	-0.0101742442	0.0110630763	0.0040047721	-0.0028786708	0.0433825961	-0.0102471096	-0.0012680614	-0.0354003616	0.0064311018	0.0306378779	-0.0121326461	-0.0089674991	0.0140546998	-0.0177054509	0.0355819142	0.032530107	0.0191988164	0.0165591803	-0.0164796423	0.047539203	-0.0203295731	0.0574614408	-0.0415915483	0.027323754	-0.0312191849	-0.026693762	0.0056560988	-0.0140800459	-0.0153081871	0.011577522	0.0261606195	0.0174656718	0.058296879	-0.0476723935	0.0217669081	0.0465143914	0.0255090708	-0.0016858553	-0.0681158075	0.0153081554	-0.0111435201	0.0254188115	-0.0084574917	-0.0191210605	-0.038721345	-0.0105555264	-0.0070174633	-0.0222176236	0.0620316064	-0.0117012019	-0.0119997031	0.033973996	0.004938517	-0.0484561318	0.0469246886	-0.0444080345	0.0409590082	-0.0366500239	0.0315715513	-0.0258302158	0.0195465601	-0.0128525131	0.0058886202	0.0011989077	-0.0082612638	0.01515017	-0.0217209896	0.0278357645	-0.0333661115	0.0381959179	-0.0422237789	0.0453651274	-0.047554009	0.0487444668	-0.0489115064	0.0480516209	-0.0461828639	0.0433444711	0.0124922	-0.0315094	0.00099284228836	0.00015605506084	-4.84134	0.1085500000000001	23.4385729956	0.0117831025	-0.959335	-0.184937	0.034201693969	0.920323642225	-0.017688	-0.0011876999999999	0.0003128653439999	1.4106312899999997e-06	-0.00602636	-0.00041871	3.63170148496e-05	1.753180641000001e-07	0.00235565	-0.0001137099999999	5.5490869225e-06	1.2929964099999986e-08	0.0	0.0	0.0	0.0	0.0	0.0	0.0	0.0	0.0	0.0	0.0	0.0	0.0	0.0	0.0	0.0	0.0	0.0	0.0	0.0	0.0	0.0	0.0	0.0	0.0	0.0	0.0	0.0	0.0	0.0	0.0	0.0	0.0	0.0	0.0	0.0	0.0	0.0	0.0	0.0	0.0	0.0	0.0	0.0	0.0	0.0	0.0	0.0	0.0	0.0	0.0	0.0	0.0	0.0	0.0	0.0	0.0	0.0	0.0	0.0	0.0	0.0	0.0	0.0	0.0	0.0	0.0	0.0	0.0	0.0	0.0	0.0	0.0	0.0	0.0	0.0	0.0	0.0	0.0	0.0	0.0	0.0	0.0	0.0	0.0	0.0	0.0	0.0	0.0	0.0	0.0	0.0	0.0	0.0	0.0	0.0	0.0	0.0	0.0	0.0	0.0	0.0	0.0	0.0	0.0	0.0
55419.00833255599	1.0634809492548811	3071266484.56391	1.1309917294280631	67535.81024560546	313.3646860351437	4561085665.530428	98197.42645390418	55905.65231352757	116.3799602575018	3125441960.601031	13544.2951495377	56104.72779272717	57096.057722453326	0.922612	21.136007	0.1615241000000002	0.080305	0.0007005479	0.0076259671	0.0011739924	0.0014455433	0.0242035333	0.0104592079	-0.0228407464	0.0406963998	0.0132863983	0.0179273936	0.024347844	-0.0015643209	-0.0033005511	-0.0100516195	0.0062102502	-0.010013599	0.0123903885	-0.0495232264	0.0292794377	0.0400724072	0.0085643006	0.0288517161	0.0086421696	-0.0122257482	0.007441483	0.019821599	-0.0245459575	0.0079075297	0.014824066	0.0598386171	-0.0048937809	0.0204913031	-0.068020149	-0.0119987983	0.0079630285	0.0066478053	-0.0143912325	-0.0152055084	-0.0548253437	-0.0158440267	0.0558016796	0.0569388634	-0.0540580739	-0.0253539773	0.0034562844	0.0260835509	-0.0650407473	0.0406968925	-0.0295834814	-0.0164988601	-0.0702185678	-0.0092371148	0.0244764659	-0.0025964302	-0.0342041644	0.023899834	0.0295761429	0.0053161423	-0.0140010442	-0.0389202798	0.0430622676	-0.0516796493	-0.0003402819	0.0419285724	0.0572651753	-0.011904278	-0.103676541	-0.0630242019	0.0348069254	0.0354510279	0.0031537442	0.00115072	-0.0434524865	0.02541399	-0.0459302621	-0.0180446917	0.0204720156	-0.004107353	0.033167834	0.0315583192	-0.0468847655	0.0443076182	0.0133393746	0.0266542959	0.0067293382	-0.0085983339	0.0104373141	-0.0696165879	0.029553143	-0.0353168546	-0.0123018064	0.0517763927	0.0087501524	-0.0238204846	-0.0236858353	-0.010890586	-0.0224297231	0.0142591951	0.0222638977	-0.0170881997	0.0473347642	0.0192695895	-0.028512238	0.0017081284	0.084679965	0.012871446	0.0242050925	-0.0137227315	-0.0168508795	0.0051669096	0.0077318747	-0.0040513356	-0.0515361247	-0.0284155323	-0.0374099992	-0.0097838091	-0.0285924045	-0.0047888984	0.0008673405	-0.0194300591	-0.0184940887	0.019829462	0.001230859	0.0198634993	0.0578701212	-0.0115690759	0.0117791519	-0.0787331248	-0.0125886574	0.0059993344	0.0034607335	0.0184361469	-0.0120514588	-0.0427990106	0.0068994994	-0.0671497894	-0.0581409587	-0.0370375556	-0.0420847799	-0.0159364757	-0.030877794	0.079878492	-0.0174795713	0.0290150058	0.0135835276	0.0495214596	-0.0480717866	-0.0200911811	0.0121931319	0.0188963498	0.0044773356	-0.0504014222	-0.0230209887	0.0051251542	0.0238809449	-0.0649978364	0.0121013856	-0.0267925819	-0.0619016712	0.0411229197	0.0067417405	0.0667242791	0.1055427469	-0.0310633221	0.031260541	0.0011911946	0.0065346793	-0.0433515815	0.0099807113	-0.045730337	-0.0332843176	0.013416175	-0.0033484083	0.0035215022	0.0289777104	0.0160610293	0.0670679792	0.0108974972	0.035546129	0.0001498169	-0.0143374664	-0.0035198535	0.0231363663	-0.0212658291	-0.0772285589	0.0362482426	0.0148519682	0.0007188773	-0.0382972704	0.0124789574	-0.0116546358	-0.0105634557	-0.0303340861	-0.0147052548	-0.0487862958	0.0129132625	-0.01996614	0.016712464	0.0294331835	0.0823498346	0.0199620946	0.0211796047	-0.0137071493	0.0073587917	-0.0025761488	0.0036810424	-0.0137623484	0.0387739225	0.007140466	0.0137116442	0.0001821319	0.0080455861	-0.0133071916	-0.0172283827	0.0303692932	0.045239931	-0.0358177338	0.0232546187	-0.0410385129	0.0253488627	0.0060762052	0.0173031783	-0.0102345577	-0.006441465	0.0129011809	-0.0051211487	0.0092117912	-0.0022232002	0.0085765383	0.0445657034	-0.033208479	-0.0543326011	-0.0484824465	0.0470288708	-0.0446384398	0.0413587732	-0.0372552045	0.0324094805	-0.026918132	0.0208905514	-0.0144468132	0.0077152822	-0.0008300562	-0.0060717052	0.0128525131	-0.019377288	0.0255160508	-0.0311465121	0.0361565084	-0.0404462362	0.0439302406	-0.0465391172	0.048220895	-0.0489420714	0.0486882801	-0.0474645768	0.0452953387	0.0288373	0.0163451	0.00026716229401	0.00083158987129	-4.85032	-0.0089800000000002	23.5256041024	8.064040000000377e-05	-0.8831139999999998	0.0762210000000002	0.005809640841	0.7798903369959997	-0.0170964	0.0005915999999999	0.00029228689296	3.499905599999973e-07	-0.00560765	0.00041871	3.14457385225e-05	1.753180641000001e-07	0.0025449	0.00018925	6.476516010000001e-06	3.5815562500000075e-08	0.0	0.0	0.0	0.0	0.0	0.0	0.0	0.0	0.0	0.0	0.0	0.0	0.0	0.0	0.0	0.0	0.0	0.0	0.0	0.0	0.0	0.0	0.0	0.0	0.0	0.0	0.0	0.0	0.0	0.0	0.0	0.0	0.0	0.0	0.0	0.0	0.0	0.0	0.0	0.0	0.0	0.0	0.0	0.0	0.0	0.0	0.0	0.0	0.0	0.0	0.0	0.0	0.0	0.0	0.0	0.0	0.0	0.0	0.0	0.0	0.0	0.0	0.0	0.0	0.0	0.0	0.0	0.0	0.0	0.0	0.0	0.0	0.0	0.0	0.0	0.0	0.0	0.0	0.0	0.0	0.0	0.0	0.0	0.0	0.0	0.0	0.0	0.0	0.0	0.0	0.0	0.0	0.0	0.0	0.0	0.0	0.0	0.0	0.0	0.0	0.0	0.0	0.0	0.0	0.0	0.0
55425.11030129326	6.10196873726818	3071942851.910524	37.23402247059823	67839.11770214843	303.3074565429706	4602145890.605948	91995.413194566	55844.23866091936	-61.413652608207485	3118578991.617721	3771.63672668159	56045.38343876368	57238.85614853896	0.797884	18.278616	0.1022900999999999	0.0527604	0.0012498413	0.0084492937	0.0026318559	-0.0019113312	0.0042010842	0.007956437	-0.0036183264	-0.0069887647	-0.0028695896	0.0528966367	-0.010006854	-0.001292917	-0.0034220395	-0.0148669805	0.0337725419	0.0158901254	0.0048554816	-0.0213728249	0.0092474644	0.0080831213	-0.0136607167	0.0361231437	0.018098544	-0.0105924116	0.0057743215	0.0115735073	-0.0007392865	-0.0465743877	-0.0184733503	-0.0430015256	0.0414277531	0.0193228483	-0.0316337824	0.0399250761	-0.0097555006	-0.0141908848	-0.0187477754	-0.0213782868	0.0077194284	0.0129751158	-0.0489384365	-0.0099868221	0.0255818823	0.0488894477	-0.0351827493	-0.0125390965	-0.0740857166	-0.0043315938	0.0223356224	0.0291621884	0.0151727651	-0.0145585108	-0.0118291723	0.0177702923	0.0229438648	-0.0192468726	-0.0237043157	0.0094541277	-0.0022565726	-0.0263701384	0.0566018276	0.035753981	0.068179367	-0.0507059631	0.0196159636	0.0099211113	0.0053543796	-0.0159077292	-0.0276455827	0.0232094182	0.06184383	0.0143342492	-0.0265994112	-0.0192156041	0.0023407266	0.013926828	0.0373408915	0.0163159024	0.0043006774	-0.0535443936	-0.0231087104	0.011077138	-0.0234545592	-0.0051548741	-0.0128468357	-0.0426920166	-0.0252847848	-0.0617254013	0.0219309615	0.0066894809	0.0563772833	-0.0404612753	-0.0384822738	-0.0345158983	-0.0060128265	-0.0040490973	0.0139205729	-0.0166574364	0.0081510368	0.0216294224	0.0009057072	0.0201447281	0.028907822	0.0176918701	-0.001342613	-0.043851226	-0.0693218758	0.0050072309	0.0518098016	0.0319676974	0.0050562438	0.0177790557	-0.0212084709	-0.0065043611	-0.0089031692	0.0139589362	-0.036628021	-0.015901244	-0.0021710052	-0.0097640426	-0.0114008577	5.85702e-05	-0.0395348055	-0.0175521556	-0.0453189502	0.0487965514	0.0225844265	-0.032838329	0.0391781673	-0.0131815574	-0.0102131226	0.0190353076	-0.0179574427	-0.0012729077	-0.0047503243	0.0564534262	0.0079809615	0.0517160279	0.0133246145	0.028386419	0.013016606	0.0652456751	0.0332822759	-0.0072807001	-0.023532785	-0.0056620552	0.0304192478	0.0046878975	0.026722368	-0.0176955737	0.0090398264	0.0160105798	0.037083159	0.0002846094	0.0030682759	-0.052512565	-0.0307738842	-0.0369284648	0.0749156203	0.0164490091	0.002933457	-0.0098502584	0.0238938717	0.0233866353	-0.0100991765	-0.062619945	0.0039416323	-0.0347224458	-0.022789279	0.0108802844	-0.0149594916	0.0460748305	-0.0157805108	0.0469716089	-0.0177093868	-0.0101330738	0.0124077201	-0.0239893962	-0.0172949142	-0.0141685207	-0.0397288991	-0.0299255427	0.0552423809	0.0269906137	-0.0135398851	0.046608193	-0.0047769256	-0.0649810164	0.0382914759	0.0066552558	-0.0009366949	0.0145295197	0.0205145018	-0.0019326216	-0.0136753382	-0.0189372478	-0.001541467	-0.0337794141	-0.0180482502	-0.0134861231	0.0449999402	-0.0810142177	-0.0052134264	-0.0049115099	-0.039554824	-0.0196921986	0.0154003985	-0.0649500674	0.0052938622	0.0153590408	-0.0058680882	-0.0060347344	-0.0028986293	0.0085459493	0.0077374815	0.0090863591	0.0361335752	-0.0190230467	-0.0276393551	-0.0076915321	0.0138615764	-0.0054375102	0.005198538	0.0394742656	-0.0144660817	-0.0020389936	-0.0202578909	0.0230355243	0.005275987	0.0110450001	0.0067344618	-0.0059579096	-0.0485080733	0.0471303837	-0.0448631447	0.0417491486	-0.0378471697	0.0332308549	-0.0279873335	0.0222155728	-0.0160245105	0.0095309979	-0.0028575952	-0.0038697424	0.0105240416	-0.0169797078	0.0231148951	-0.0288138067	0.03396888	-0.0384828171	0.0422704209	-0.0452602033	0.0473957345	-0.0486367079	0.0489597013	-0.0483586182	0.0468448038	0.0369874	0.0081500999999999	6.642413000999994e-05	0.0013680677587599	-4.89572	-0.0453999999999998	23.9680743184	0.0020611599999999	-0.8574929999999998	0.025621	0.000656435641	0.7352942450489998	-0.0167724	0.000324	0.00028131340176	1.0497600000000089e-07	-0.00555348	5.416999999999922e-05	3.0841140110400006e-05	2.9343888999999155e-09	0.00262911	8.420999999999993e-05	6.9122193921e-06	7.091324099999988e-09	0.0	0.0	0.0	0.0	0.0	0.0	0.0	0.0	0.0	0.0	0.0	0.0	0.0	0.0	0.0	0.0	0.0	0.0	0.0	0.0	0.0	0.0	0.0	0.0	0.0	0.0	0.0	0.0	0.0	0.0	0.0	0.0	0.0	0.0	0.0	0.0	0.0	0.0	0.0	0.0	0.0	0.0	0.0	0.0	0.0	0.0	0.0	0.0	0.0	0.0	0.0	0.0	0.0	0.0	0.0	0.0	0.0	0.0	0.0	0.0	0.0	0.0	0.0	0.0	0.0	0.0	0.0	0.0	0.0	0.0	0.0	0.0	0.0	0.0	0.0	0.0	0.0	0.0	0.0	0.0	0.0	0.0	0.0	0.0	0.0	0.0	0.0	0.0	0.0	0.0	0.0	0.0	0.0	0.0	0.0	0.0	0.0	0.0	0.0	0.0	0.0	0.0	0.0	0.0	0.0	0.0
55322.18079681107	-102.92950448218473	3060543688.115052	10594.482892948085	67352.53064990234	-486.58705224609	4536363384.946034	236766.95941353915	55812.4950340758	-31.743626843563103	3115034601.928736	1007.6578451833802	56010.887493681614	56898.834057458655	0.837686	19.190443	0.0933070999999994	0.0528359	0.0035764161	0.0073787324	-2.75693e-05	-0.0108091029	0.0011059137	-0.0173496565	-0.0006522221	-0.0294956258	0.0010949207	-0.0298746844	0.0282571656	0.0008507059	-0.0075541283	0.0069208481	-4.0541e-06	0.0069080201	-0.0241090869	-0.017168071	-0.006248668	0.0375786551	-0.00143227	0.012017329	-0.0060942475	-0.0361732098	0.0388181655	-0.0005368255	0.0005098675	0.0330701694	0.0158781364	-0.0022414992	-0.0343997055	0.0361400365	-0.0152551118	-0.0362000908	0.0196575459	-0.026392587	0.0338521855	-0.0240238317	0.0113432039	0.0265499364	0.1029208832	-0.01811414	-0.004763664	-0.0171072127	0.0236168932	0.0149050744	0.0209920024	-0.0367684995	-0.0069331452	0.0005923418	-0.0054639077	-0.0110103687	0.0689634148	-0.0217792976	0.0199814969	-0.0229533916	0.0402878099	0.0022672514	0.0358404257	-0.0116136737	0.0007003475	-0.019844884	-0.04045541	-0.0189878819	-0.00945729	-0.0257762928	-0.0389390617	0.0397122	-0.0335202478	0.0274346102	-0.0604591851	-0.0231939689	0.032819691	-0.011705485	-0.0067832042	-0.0026227956	-0.0012057484	-0.0179929213	-0.0069084422	-0.0281801907	0.0220798945	0.0129923681	0.028193197	-0.0554060476	0.0102550215	-0.0606481729	-0.0359494333	-0.0459335965	0.0275588949	0.0401966274	0.0116285239	-0.0420645416	0.0385982238	0.0081983913	-0.0265380931	0.0523285675	-0.0008034406	-0.0036074093	0.0081950931	-0.0451499439	0.0278417501	0.0235672442	-0.0189095018	-0.006855845	-0.0033560944	-0.000211539	-0.0135338592	-0.0572317136	0.0810135181	-0.0531336357	0.0222061532	-0.0254068718	-0.0178472847	0.0075498613	-0.0370282601	0.0001681011	-0.0091719592	0.0090857265	-0.0175864333	-0.0502959638	-0.0026944797	-0.0019968164	0.0314075409	0.02165734	-0.0040573409	-0.0374840271	0.0289895247	-0.012904199	-0.0293738472	0.0215836327	-0.0296323037	-0.0320770404	-0.0248850452	0.0209873948	-0.037965263	-0.1009263216	0.0266823492	-0.0042434342	-0.0006063592	-0.0232721702	-0.0090890232	-0.0340382863	0.0250893788	0.0112317894	0.0038199582	-0.0058143552	-0.0309581064	-0.0427582222	0.0025270057	-0.0348171666	0.0387485997	0.0150371494	-0.0429366094	0.0306569676	0.0171963234	-0.0061815085	0.0403504009	0.0236272493	-0.0021722827	-0.0003937116	0.0307627306	0.0342869637	-0.007694293	0.0585158832	0.0446318074	0.0364256629	0.0035772327	0.045097215	-0.0034013674	-0.0159857783	0.0005354977	0.0122098435	0.0012965208	0.0124662071	-0.037824615	0.0196475291	-0.0038460135	0.0412004949	-0.0411084464	0.0317775887	-0.0437425298	-0.0311325162	0.0559654284	0.0392307407	-0.0054148277	-9.55474e-05	-0.0362548999	0.0029173444	0.0054185572	0.0362402653	0.0527326015	-0.0340537674	0.0076617218	-0.0156497977	-0.0211454616	0.051076752	-0.0264461969	0.0012096288	0.0142040073	0.0202098367	-0.0102974936	-0.0461677145	0.0825291333	-0.0129030401	0.0327213292	-0.0452906342	-0.0180546739	0.0136055826	0.0055867695	0.0084717041	-0.0027287161	-0.001753006	0.004387142	-0.0137396754	0.016421151	0.0380939601	-0.0256771599	-0.0169165684	0.024437729	0.0111427029	0.0147292433	-0.0423479284	-0.0108361291	0.0166238537	0.0256753379	-0.0029257294	-0.0233151358	0.020362648	0.0054192932	0.0066738983	-0.0294628314	-0.0004101857	-0.0485330118	0.0472292216	-0.0450821203	0.0421300458	-0.0384257095	0.0340352549	-0.0290370768	0.0235204212	-0.0175837917	0.0113331913	-0.0048802286	-0.0016598739	0.0081703383	-0.0145349155	0.0206399614	-0.0263764663	0.0316420006	-0.0363425447	0.0403941669	-0.0437245227	0.0462741461	-0.0479975119	0.0488638482	-0.0488576859	0.047979135	0.0292403	-0.0077470999999999	6.001755840999995e-05	0.00085499514409	-4.85151	0.0442099999999996	23.537149280100003	0.0019545240999999	-0.837111	0.0203819999999997	0.0004154259239999	0.7007548263210001	-0.0170629	-0.0002904999999999	0.00029114255641	8.439024999999948e-08	-0.00561091	-5.742999999999981e-05	3.1482311028100005e-05	3.298204899999978e-09	0.00255768	-7.142999999999993e-05	6.5417269824000005e-06	5.10224489999999e-09	0.0	0.0	0.0	0.0	0.0	0.0	0.0	0.0	0.0	0.0	0.0	0.0	0.0	0.0	0.0	0.0	0.0	0.0	0.0	0.0	0.0	0.0	0.0	0.0	0.0	0.0	0.0	0.0	0.0	0.0	0.0	0.0	0.0	0.0	0.0	0.0	0.0	0.0	0.0	0.0	0.0	0.0	0.0	0.0	0.0	0.0	0.0	0.0	0.0	0.0	0.0	0.0	0.0	0.0	0.0	0.0	0.0	0.0	0.0	0.0	0.0	0.0	0.0	0.0	0.0	0.0	0.0	0.0	0.0	0.0	0.0	0.0	0.0	0.0	0.0	0.0	0.0	0.0	0.0	0.0	0.0	0.0	0.0	0.0	0.0	0.0	0.0	0.0	0.0	0.0	0.0	0.0	0.0	0.0	0.0	0.0	0.0	0.0	0.0	0.0	0.0	0.0	0.0	0.0	0.0	0.0
55267.87773136466	-54.30306544641644	3054538308.9290733	2948.822916877787	67230.07391992188	-122.45672998046211	4519882839.27816	14995.65071750781	55736.68762088975	-75.8074131860485	3106578346.948645	5746.763893960281	55935.9083164843	56446.79682395241	0.8254949999999999	18.911165	0.0916343999999996	0.0619775	0.0049618037	0.0138168397	0.0102205534	-0.0020706042	0.0044149791	0.0048066335	0.0127215382	0.0143092227	-0.0023441533	-0.0184459437	0.0183133864	0.0230973756	0.0116679796	0.0162868165	0.0366500873	-0.0123581078	0.0060186364	0.0027652541	-0.0213909506	0.0180397094	0.0194938327	-0.0110617392	0.0096592722	0.0217005423	-0.0048851392	-0.0289012088	0.0117261012	0.0441444006	-0.0083484543	-0.011099172	-0.0023493658	-0.0255252011	-0.0015119872	0.0160503602	0.0382153383	-0.0203260529	0.0128152159	0.0182262331	-0.0018955758	0.0220319073	-0.0073706856	-0.0075450338	-0.0201502686	0.0467272923	0.0164282673	-0.0464079082	0.0180511746	0.0027750189	0.0647208476	-0.0202015712	0.0104081271	-0.0012922694	-0.033875542	0.0389045543	-0.035112045	-0.0160287847	0.0290294083	0.0473074857	-0.0026338709	0.0268676965	-0.0060389688	0.0600678071	-0.0987867005	-0.0191241959	0.0097761115	-0.0393983195	-0.011458508	-0.0239662769	0.0095117173	-0.0434621415	-0.0380996892	-0.0495255925	0.0116057517	-0.0307854499	-0.0290937488	-0.066956825	-0.0026387921	0.0231533685	-0.0198761719	-0.0072132244	0.0006610622	0.0290893868	0.0456706174	-0.0987451843	0.0143174615	-0.0185143738	-0.0001553584	-1.1914e-06	0.0094451423	-0.0209107061	0.0708676451	0.0006864366	0.0070234627	-0.0198585989	-0.0008651189	0.0488786596	-0.0293514408	0.0103110299	-0.0314481891	-0.0413900593	-0.0086016377	-0.0036325773	-0.0441717941	-0.0387751584	-0.0158951781	-0.0621061058	-0.0153560248	0.0150537401	-0.0046948838	-0.0241212727	0.008328016	0.0378150111	0.0038273022	0.0204104353	-0.0163906247	-0.0214119163	0.0110072972	-0.0082387398	0.0207061212	0.0135926877	0.0269835875	-0.012942678	0.0479571714	-0.003642663	-0.0092256373	0.0040099228	-0.0252835913	-0.0008460585	0.0205193046	0.0391323088	-0.016430459	-0.0167199721	0.0180099157	-0.0093374501	-0.0127671558	0.0168511132	0.0046129243	0.0472415454	-0.0271763913	-0.0100385486	0.0492926169	-0.0090696208	-0.0078088487	-0.0737945775	0.0229525332	0.0006342548	0.0259411445	0.0199194731	0.0161538952	0.0450716967	0.0360402118	-0.0171898341	-0.006042588	0.0152705735	-0.0053436465	0.0305439119	0.017700546	0.1140646503	0.0192950481	0.0175153606	0.0255272454	0.0022523945	0.0305773044	-0.0065844807	-0.0139005118	0.0439272791	0.0324890016	0.0525330302	-0.0390457202	-0.0250352055	-0.0390137133	-0.021578681	-0.0439350026	-0.031295094	-0.0092067539	0.0178152307	0.0248931313	0.0548540325	-0.0835087018	0.0491782488	0.0115505576	-0.0240450673	-0.0148927553	0.013459473	0.0159265659	0.0697438727	0.0139515554	-0.0266461525	0.0025654475	0.0059003188	0.0391294439	-0.0468512381	-0.026769084	-0.0093986317	0.0147110876	0.0355944773	-0.0230893095	0.0349230679	0.0282797774	-0.0620312646	0.0355430947	-0.0128510766	-0.0012497403	0.0252676012	0.0199495645	0.0493052256	0.0088833289	0.0029716293	0.0074103551	0.0182470922	0.0141816326	0.0401455285	-0.0125049371	0.0117995583	0.0325804216	0.0231876783	-0.0087640357	-0.0322103722	-0.0304485963	-0.0105965562	-0.0016994814	-0.0249289115	-0.0087910284	-0.030754797	0.0027620085	-0.0111839605	-0.0207791429	0.0129830864	-0.0065975301	-0.0227295226	-0.0096826477	0.0113115431	-0.0485572616	0.0473253789	-0.0452953387	0.0425013783	-0.0389906186	0.0348222698	-0.0300666323	0.0248039116	-0.019122865	0.0131193052	-0.0068944842	0.0005533855	0.0057970462	-0.0120497088	0.0180991493	-0.0238433419	0.029185409	-0.0340352549	0.0383110855	-0.0419407874	0.0448631447	-0.0470288708	0.04840144	-0.0489577037	0.0486882801	0.0254229	-0.0038174	1.4572542760000015e-05	0.0006463238444099	-4.8533	-0.0017899999999997	23.55452089	3.204099999999056e-06	-0.8987469999999999	-0.0616359999999998	0.0037989964959999	0.8077461700089997	-0.0171997	-0.0001367999999999	0.0002958296800899	1.8714239999999843e-08	-0.00582629	-0.0002153799999999	3.3945655164099995e-05	4.6388544399999735e-08	0.00242204	-0.00013564	5.866277761599999e-06	1.8398209600000064e-08	0.0	0.0	0.0	0.0	0.0	0.0	0.0	0.0	0.0	0.0	0.0	0.0	0.0	0.0	0.0	0.0	0.0	0.0	0.0	0.0	0.0	0.0	0.0	0.0	0.0	0.0	0.0	0.0	0.0	0.0	0.0	0.0	0.0	0.0	0.0	0.0	0.0	0.0	0.0	0.0	0.0	0.0	0.0	0.0	0.0	0.0	0.0	0.0	0.0	0.0	0.0	0.0	0.0	0.0	0.0	0.0	0.0	0.0	0.0	0.0	0.0	0.0	0.0	0.0	0.0	0.0	0.0	0.0	0.0	0.0	0.0	0.0	0.0	0.0	0.0	0.0	0.0	0.0	0.0	0.0	0.0	0.0	0.0	0.0	0.0	0.0	0.0	0.0	0.0	0.0	0.0	0.0	0.0	0.0	0.0	0.0	0.0	0.0	0.0	0.0	0.0	0.0	0.0	0.0	0.0	0.0
55367.16131284136	99.28358147670224	3065522551.842197	9857.229550840972	67918.74735644531	688.6734365234297	4612956242.468647	474271.10217299033	55842.2783184236	105.5906975338512	3118360047.792283	11149.395405685247	56041.94259931018	56916.92026557427	0.908212	20.806103	0.2210899	0.127485	0.0029668456	0.0029904376	0.0018389336	-0.0007976678	-0.0100103642	0.0185219075	-0.0335500194	0.0456637157	0.0258982963	0.0366567331	0.0131054063	-0.0466358012	-0.0133966833	-0.0245937916	-0.0209450746	0.0130679996	-0.0019401894	-0.0043627328	0.0320071296	-0.014224991	-0.0248244919	-0.0129471267	0.0399808829	-0.0025234771	0.0316589776	0.0059278904	0.0233444167	-0.0372790339	0.005903454	0.063012439	0.0222851447	-0.0251933572	-0.011499115	-0.033017664	-0.0001604295	-0.0344830531	0.0014143587	0.0011146174	-0.0075107767	-0.0421085574	-0.0160074255	-0.0210602744	0.0370373295	0.0258409077	0.0098625234	0.0165857995	-0.0233485138	0.0517567225	-0.0219563154	0.0212892297	-0.0684559582	0.0128997084	0.0273299558	-0.0453193386	-0.007446346	0.057369257	0.0013333723	-0.0138117167	0.0552640343	0.0099496254	0.0336602267	0.0114722511	0.0155034416	0.0066138793	-0.0191582091	0.0295893093	-0.0583492006	-0.0012676088	-0.0218228766	0.0264716237	-0.0149851718	-0.0115777012	-0.0052613559	-0.0049364658	-0.0338078007	-0.0454979623	0.0046785938	0.0216249957	0.035904851	-0.0040351893	0.0333274596	-0.0086011377	0.0085192023	-0.004060066	-0.0115518948	0.0424796079	-0.0240398029	0.0105667183	-0.0102263383	-0.0382051318	-0.023977392	0.0180847358	-0.0158927432	-0.0459298324	0.0134436432	0.0024736886	0.0191253936	-0.0560671773	-0.019624189	0.0382454264	0.0037867637	-0.065754628	0.044623503	0.0684537421	0.0248458214	0.0099692616	-0.0261490302	-0.0303334944	0.015761734	0.0254676465	-0.0305586811	-0.0433749433	-0.0054420751	-0.0343105509	0.014919002	0.0249960531	0.0139895333	-0.0366306205	0.0147782528	-0.036280134	-0.0021178143	-0.0156446083	-0.0430033157	-0.0094623119	0.066731046	0.0202764944	-0.0202431913	-0.0107482145	-0.0337196285	0.0038125123	-0.0370613807	-0.0049929903	0.0007956784	-0.0052632829	0.0468596868	0.0160628638	0.0185358698	0.0151377558	0.0324840521	-0.0131762677	-0.0075588259	0.0353674776	-0.0442443822	0.034239631	-0.0326543804	0.0390602386	-0.0697520014	-0.0221620501	-0.0312848122	-0.0098226515	-0.0416488946	-0.0217779995	-0.0179447271	0.0549190175	-0.0230110119	-0.0281937522	-0.0202475605	-0.005389588	0.0079588489	-0.0229280509	-0.0272614493	0.0476111333	0.0283439988	0.0321212107	0.0228524287	0.0109966229	0.0054958449	-0.0038610089	-0.0152332541	-0.0352001182	-0.0441887639	-0.0095847816	-0.0027148888	0.0116743693	0.0308847185	0.0283149989	-0.0393617747	0.0026430439	-0.0006314128	-0.0022667973	0.0429309133	-0.0259531394	-0.0240291549	-0.0164494669	-0.0226811866	-0.0166228913	-0.0005881723	-0.0319502745	-0.0280877509	-0.024483749	0.0058046937	0.0210596251	0.0263124139	-0.0254862131	0.0337729708	-0.0304761676	0.0813899433	-0.0391398737	-0.0428117557	0.0465340881	0.0315765201	-0.0394838801	0.0009310968	-0.0392518122	-0.0278083507	-0.043057811	-0.0022730949	-0.0083292798	0.0071542019	0.007251163	-0.0252502138	-0.0454612821	0.0181801018	-0.0529260799	0.016429246	0.0107497755	-0.0188541931	0.0284218108	-0.0129716447	0.0280991888	0.0022828386	0.0440938004	-0.0010897392	0.0129087099	0.0133989883	0.0037449589	0.0068696262	-0.0177314871	0.0067624932	0.0374263347	-0.061273335	-0.0210175162	-0.0485808224	0.0474188502	-0.0455027728	0.0428630618	-0.0395416966	0.0355914973	-0.031075284	0.0260648785	-0.0206399614	0.0148868057	-0.0088969041	0.0027655145	0.0034098553	-0.0095309979	0.0155005685	-0.0212236325	0.0266091756	-0.0315715513	0.0360318425	-0.0399191169	0.043171555	-0.045737433	0.0475759455	-0.0486578547	0.0489659547	0.024001	-0.0014218999999999	2.021799609999991e-06	0.000576048001	-4.93846	-0.0851600000000001	24.3883871716	0.0072522256	-0.803559	0.0951879999999998	0.0090607553439999	0.6457070664810001	-0.0169186	0.0002810999999999	0.00028623902596	7.901720999999966e-08	-0.00536952	0.0004567699999999	2.88317450304e-05	2.086388328999996e-07	0.00237351	-4.852999999999976e-05	5.6335497201e-06	2.3551608999999763e-09	0.0	0.0	0.0	0.0	0.0	0.0	0.0	0.0	0.0	0.0	0.0	0.0	0.0	0.0	0.0	0.0	0.0	0.0	0.0	0.0	0.0	0.0	0.0	0.0	0.0	0.0	0.0	0.0	0.0	0.0	0.0	0.0	0.0	0.0	0.0	0.0	0.0	0.0	0.0	0.0	0.0	0.0	0.0	0.0	0.0	0.0	0.0	0.0	0.0	0.0	0.0	0.0	0.0	0.0	0.0	0.0	0.0	0.0	0.0	0.0	0.0	0.0	0.0	0.0	0.0	0.0	0.0	0.0	0.0	0.0	0.0	0.0	0.0	0.0	0.0	0.0	0.0	0.0	0.0	0.0	0.0	0.0	0.0	0.0	0.0	0.0	0.0	0.0	0.0	0.0	0.0	0.0	0.0	0.0	0.0	0.0	0.0	0.0	0.0	0.0	0.0	0.0	0.0	0.0	0.0	0.0
55373.14441333454	5.983100493183883	3066185122.2200027	35.79749151153723	67835.08955810546	-83.65779833984561	4601599375.356189	6998.627223070275	55804.4395381256	-37.83878029799962	3114135472.164316	1431.7732944402842	55999.42721775392	57297.77752194095	0.998167	22.866882	0.0906502000000002	0.0713518	0.0013035773	0.0110259122	0.0004428373	-0.0097982288	-0.0022292947	-0.0113361795	-0.0170829595	-0.054300579	-0.0007574456	0.0082123532	0.0097128885	0.0462728484	-0.0236016554	-0.0146613605	-0.0187212045	0.0309820096	0.012435896	0.0078073525	-0.0047828242	-0.0195916786	-0.0165900662	0.0197001448	-0.0502543207	-0.0253580976	0.0004160489	-0.007888717	-0.0053657435	0.0226826645	0.0107441428	-0.0355244584	0.0210823801	0.0159355888	0.0008250099	0.0321123839	0.0430864092	0.0166700692	-0.011431838	-0.008235689	0.0033222679	-0.0214650912	0.0377245696	-0.0019781573	-0.0338573567	-0.0059901339	-0.0030918658	0.0053276046	0.0117584018	-0.0220123651	-0.0051822697	-0.0127007232	0.0131511648	-0.0322304821	0.0452558636	-0.0140072853	-0.0134592394	-0.0137244515	0.0191115881	-0.0199412414	0.0370616373	-0.0050532107	-0.0099308593	-0.0152286972	0.0250691082	-0.0164513418	-0.0141632325	0.0648758709	0.012164726	0.0358441796	0.0245017008	-0.0020638879	-0.0049325721	-0.0291897621	0.0528519798	0.0573425063	0.0583853838	0.0181406704	0.0077067536	-0.0348170732	-0.0111288028	0.047401995	-0.0014669275	0.0292604954	-0.0499132052	0.0074295741	-0.0116079485	0.0050391848	0.0778205502	0.0801169312	-0.0013110994	0.027807564	-0.0240240634	-0.0189962069	0.0331640954	-0.0123578049	-0.0298936716	0.0241803818	-0.0077435275	0.0205530166	0.0413033235	-0.0296329305	0.0006911296	0.0104230273	0.0340821774	0.0118575796	-0.0291178665	-0.0059867281	0.0099443354	-0.0212219919	0.0394734319	-0.0161031565	0.040898903	0.0576167799	0.0086437307	0.0073812744	0.0185412931	0.0182143487	-0.0193394022	0.0460856142	-0.032712576	-0.0032587796	0.0057476522	0.0028302183	0.0248825678	0.0140255688	-0.0298778461	0.0226048221	0.0185245501	0.0070675108	0.0348976719	0.0371625184	0.0152696516	0.0130342717	-0.0059241644	0.007481092	0.0142087248	-0.0433882984	0.005699579	-0.0188646443	-0.0296264457	0.0022645328	0.0021580996	-0.0196857824	0.0152956345	0.0154256484	0.0104498835	-0.0171985663	-0.0061567658	-0.0611487854	-0.0075539114	0.0008043365	0.0155264758	0.0172749073	-0.0182668208	0.0213926414	-0.0045879575	-0.0012365772	0.0041305567	-0.040313618	0.0086450439	0.0018670073	-0.055337505	-0.0012460003	-0.0456358899	0.0025365343	0.0109160895	0.0042134168	0.0308453874	0.0415330438	0.0755814669	0.0486966122	0.0019244384	0.0123062087	0.040495906	-0.0349747709	-0.0007846489	0.0136025344	0.0281069792	-0.0278777969	-0.0155025996	-0.0225712995	-0.0265064446	0.0836547867	-0.0480959207	-0.000858072	0.0364999664	-0.0338045684	-0.0122437857	0.0172989653	-0.0376453582	0.0427355916	-0.0133146215	-0.0363359796	0.0428693692	0.044407829	-0.0244408671	0.0233238918	-0.0131027663	-0.0169563219	-0.0365516633	-0.0272580551	-0.0052481949	-0.0076722937	0.0726121854	0.0191174009	0.0030636096	0.0517727936	-0.0050631233	0.0048375373	0.0069075121	0.0197413505	-0.0051778925	0.000327559	-0.0164448774	0.0465430634	-0.029285637	0.0163436413	0.0140562697	-0.0159598631	-0.0065562339	-0.0178117355	-0.0117838679	-0.0483468938	0.0213137608	0.0290552303	-0.0036478041	0.014048372	-0.0155320223	0.0304433912	0.0002989893	-0.0190321812	0.026521176	0.0136762723	-0.0486036939	0.04750963	-0.0457043959	0.0432150141	-0.0400787482	0.0363425447	-0.0320623308	0.0273021769	-0.0221333376	0.016633185	-0.0108840509	0.0049719936	0.0010144892	-0.0069857861	0.0128525131	-0.0185268512	0.0239238614	-0.0289627561	0.0335681082	-0.0376709804	0.0412099568	-0.0441320627	0.0463935571	-0.0479605879	0.0488096981	0.0246417	0.0006406999999999	4.104964899999968e-07	0.00060721337889	-4.93448	0.0039800000000003	24.3490928704	1.584040000000252e-05	-0.871602	-0.0680429999999999	0.0046298498489999	0.759690046404	-0.0168001	0.0001185	0.0002822433600099	1.4042250000000132e-08	-0.00556937	-0.0001998499999999	3.10178821969e-05	3.994002249999988e-08	0.00241489	4.137999999999972e-05	5.8316937121e-06	1.7123043999999764e-09	0.0	0.0	0.0	0.0	0.0	0.0	0.0	0.0	0.0	0.0	0.0	0.0	0.0	0.0	0.0	0.0	0.0	0.0	0.0	0.0	0.0	0.0	0.0	0.0	0.0	0.0	0.0	0.0	0.0	0.0	0.0	0.0	0.0	0.0	0.0	0.0	0.0	0.0	0.0	0.0	0.0	0.0	0.0	0.0	0.0	0.0	0.0	0.0	0.0	0.0	0.0	0.0	0.0	0.0	0.0	0.0	0.0	0.0	0.0	0.0	0.0	0.0	0.0	0.0	0.0	0.0	0.0	0.0	0.0	0.0	0.0	0.0	0.0	0.0	0.0	0.0	0.0	0.0	0.0	0.0	0.0	0.0	0.0	0.0	0.0	0.0	0.0	0.0	0.0	0.0	0.0	0.0	0.0	0.0	0.0	0.0	0.0	0.0	0.0	0.0	0.0	0.0	0.0	0.0	0.0	0.0
55324.50491560224	-48.63949773229979	3060800844.156497	2365.8007396503963	67424.82997753906	-410.2595805664023	4546107697.500051	168312.92344652032	55756.02655796664	-48.41298015896609	3108734497.532681	2343.8166478724447	55960.01139911394	56760.45981255073	0.943025	21.603632	0.0583581999999997	0.0330294	0.003154728	0.0096517936	0.003088297	-0.0052011245	0.0020810696	0.0037907581	-0.0079488145	0.0264923256	0.0168799814	-0.0264488631	0.003246396	-0.0080440856	0.0273071676	-0.0088749776	0.0432385112	-0.0036752098	-0.0109817581	-0.0026007704	-0.0060949623	0.0043244665	0.0063092029	-0.0257587672	0.0512100014	0.0057819314	-0.0150397169	0.0326154098	0.0028644612	-0.0024008137	0.0128990649	-0.0236209819	0.0006807537	0.0131663003	0.0084647791	-0.0019351644	0.0202606793	-0.0107651688	0.0277325459	0.0156280016	-0.0400556129	-0.0208912944	-0.0042186029	-0.0043672135	-0.035257964	0.0018898428	0.0297380576	-0.0026511228	-0.0078809513	-0.0124699352	0.0045803341	-0.0605364895	-0.0115511572	0.0485185913	-0.034462554	-0.0075401495	-0.00936557	0.0048766454	0.026977435	0.0204338977	0.0242741037	-0.0088962541	0.0082991218	0.0620217043	0.014418978	0.0358954537	0.0205810867	-0.009107112	0.0387928239	0.0064457199	0.0231295888	-0.0213774017	0.0048545718	0.0003281614	-0.0200040158	0.0413579902	0.0076894504	0.0113144843	0.0270219928	0.0043923436	0.0082087414	0.0366491947	0.0255360165	0.0222947517	0.0441441492	0.019854919	-0.0124527891	-0.0045807226	-0.0643057931	0.0518148387	-0.0308837292	0.0080964703	0.013026357	0.0328514095	-0.0073361997	0.0114327363	-0.0112725764	0.0143872686	-0.0109404325	0.0461083605	-0.091021525	-0.0278976759	-0.0242489807	-0.0033459267	-0.0404241018	0.0209662045	-0.0376475068	-0.0068671142	-0.0183433136	-0.0279015673	0.0132977912	-0.0248693357	0.0361984312	0.0033950447	-0.0033028704	0.0038278758	-0.0046948406	-0.0071454114	0.0249192095	-0.0517688349	0.0085470428	0.0118929609	-0.0331179092	-0.0067026792	-0.0043548638	0.0163786509	-0.0243019075	-0.0002637572	0.0116057998	0.0052856087	-0.0017401707	0.0199240548	-0.0063156677	-0.0295824714	0.0160325635	-0.044780163	0.0201418757	0.0018774968	-0.0011625792	-0.002521466	-0.033148192	-0.0332353441	0.0026020806	0.0065240964	0.0049568471	-0.0116972985	0.0696513812	0.0056213383	-0.0123628738	0.0540569079	-0.0172257549	0.0087476821	0.0115895435	-0.0061108631	-0.0135320076	0.0380920084	-0.0017571513	-0.0048126724	-0.0606069904	0.0118689329	0.0027937287	0.0159895573	0.0041838096	-0.0284039776	-0.0194176396	-0.0330685963	-0.0121744263	0.0191018483	0.0152663271	-0.0345837744	0.0349283667	0.007520075	0.0072091288	0.0139856947	0.0150890405	-0.03286165	0.0242174453	0.0268011473	-0.0029238736	0.039837377	0.0259521464	-0.0153428756	0.015044465	-0.0631624125	-0.0358883093	0.0255057402	0.04476741	-0.0219383432	0.0348324377	-0.0015979197	-0.0030662812	0.0055603121	0.0092675964	-0.0126761548	-0.0797225973	0.0065179574	0.0599092176	0.0171530898	-0.0090741975	-0.0288126895	0.0295638859	-0.0313891637	-0.0054709461	-0.0338277411	0.0428831542	-0.0147942247	0.0378241414	0.0118556509	-0.0361223367	-0.0357063284	0.006485314	0.0210042432	0.0024261212	0.0069825892	0.0006100102	-0.0273768881	0.0539122158	0.0080991639	0.0077180722	-0.0280540645	0.0105134854	0.0123403897	0.0167260859	0.0001862056	-0.0070567148	-0.0299113422	0.0003360299	-0.0103951696	-0.0219227579	0.0210180071	0.0028993772	0.0062067056	-0.0232146966	-0.003624914	-0.0486258757	0.0475977133	-0.0459001824	0.0435571555	-0.0406015827	0.0370750283	-0.0330270864	0.0285146833	-0.0236012772	0.0183559655	-0.0128525131	0.0071683153	-0.0013833093	-0.0044211503	0.0101634351	-0.0157627911	0.0211404744	-0.0262208584	0.0309324975	-0.0352091317	0.0389906186	-0.0422237789	0.0448631447	-0.0468715983	0.048220895	0.0259369	0.0012951999999999	1.6775430399999997e-06	0.00067272278161	-4.91631	0.0181699999999995	24.1701040161	0.0003301488999999	-0.8674579999999998	0.0041440000000001	1.7172736000001224e-05	0.7524833817639998	-0.0172775	-0.0004774	0.00029851200625	2.279107600000027e-07	-0.00536952	0.0001998499999999	2.88317450304e-05	3.994002249999988e-08	0.00243262	1.773000000000009e-05	5.9176400644e-06	3.1435290000000315e-10	0.0	0.0	0.0	0.0	0.0	0.0	0.0	0.0	0.0	0.0	0.0	0.0	0.0	0.0	0.0	0.0	0.0	0.0	0.0	0.0	0.0	0.0	0.0	0.0	0.0	0.0	0.0	0.0	0.0	0.0	0.0	0.0	0.0	0.0	0.0	0.0	0.0	0.0	0.0	0.0	0.0	0.0	0.0	0.0	0.0	0.0	0.0	0.0	0.0	0.0	0.0	0.0	0.0	0.0	0.0	0.0	0.0	0.0	0.0	0.0	0.0	0.0	0.0	0.0	0.0	0.0	0.0	0.0	0.0	0.0	0.0	0.0	0.0	0.0	0.0	0.0	0.0	0.0	0.0	0.0	0.0	0.0	0.0	0.0	0.0	0.0	0.0	0.0	0.0	0.0	0.0	0.0	0.0	0.0	0.0	0.0	0.0	0.0	0.0	0.0	0.0	0.0	0.0	0.0	0.0	0.0
55376.479736347945	51.97482074570144	3066554507.9901547	2701.3819915477966	67512.83692138671	88.00694384764938	4557983149.173757	7745.222165403311	55846.76071763177	90.7341596651313	3118860682.6524186	8232.68773013754	56035.82359434467	56949.0354089514	0.844136	19.338205	0.1281665000000005	0.0692517	0.0031048052	0.0127720707	0.00504453	-0.0018902794	0.0175979781	0.0024696963	-0.0046206734	0.0206856332	-0.0060125146	0.0175714028	0.0234141439	0.0416491229	-0.0139569569	0.0039389363	-7.63499e-05	-0.0058517178	2.392e-07	-0.0162122539	0.0197661578	0.0337842449	0.0211004929	0.0119613291	-0.0512448201	-0.0056618116	0.0479859504	-0.0416538922	0.0040637824	0.0322465445	0.0235575943	-0.0200389693	0.0036928634	-0.0461169303	-0.0281296492	-0.0274734953	-0.0051718601	-0.0196168118	0.020759484	-0.0195856542	-0.0223788156	0.0056811556	-0.008077895	-0.017923561	0.0122867746	0.025268372	0.001257855	0.0518597935	-0.0043753499	0.0283430368	0.0035598843	-0.0351796092	0.0123802642	0.0064371682	0.0059021864	0.0136915773	-0.0308674283	-0.0103322581	0.012964547	0.0704476071	-0.0002618212	0.0167223311	0.0129156904	-0.0620333168	0.00148752	-0.0337735453	-0.035301209	-0.0271383884	0.0076184456	-0.0298382067	-0.0448668975	-0.0439712337	-0.0213997762	0.0252894943	0.0222791394	0.0852787955	0.0133394465	0.0253140646	0.0515207281	-0.0074270965	0.0296556458	0.0218105039	-0.0484785979	0.0022849209	-0.0397263392	-0.0455116189	0.0173357553	-0.0102102881	0.0473779945	-0.0134652599	-0.0254549636	-0.010425855	0.0189039151	0.008803133	-0.0063923931	0.0023115222	0.0159278198	0.0178224826	-0.0130745987	0.0648219083	-0.0099844063	-0.0419318036	0.0174898258	-0.0458270912	0.0260054663	-0.0136947276	-0.0234631543	0.0418557544	0.0063916325	-0.0306140298	-0.0234462792	0.0261007722	0.0052130406	-0.0250558905	-0.0163904343	-0.0216912094	-0.0298489594	-0.0235701251	-0.0079740419	0.0597246409	0.0089735029	-0.0491984125	0.0411348289	-0.0045289487	0.0298722109	0.0273693545	-0.0117522977	0.0159820369	-0.0464453861	-0.0228338144	-0.0272048509	-0.0014444776	-0.0229007215	-0.0201714194	-0.0204402424	-0.0254757061	0.0009461605	0.0090273872	0.0105673188	0.0279727458	0.0055691686	-0.0071549821	-0.0486225975	0.0119927191	-0.0262233542	0.0022968383	0.0216150722	-0.0244520432	-0.0039021912	-5.25089e-05	0.007626174	0.0243605357	0.03286699	-0.0483741865	0.005411468	0.0229493162	-0.0051784847	0.0127004332	0.0781124919	-0.0260525862	0.0142955293	-0.0464901303	0.027172396	-0.0254873705	0.0344008916	0.0288639926	-0.0424313207	0.0426746517	-0.0195635269	-0.0139319325	0.0852155808	0.0093303125	-0.0022949516	0.041802852	0.0302744107	0.0087586475	0.0397090728	-0.0154747718	0.033829632	-0.0445482945	-0.0492922064	0.0286668786	-0.0122096958	0.0191335747	-0.0049712913	-0.036092875	0.0091044696	0.0389958045	0.0203593551	-0.0040619679	-0.000502072	-0.0242074565	0.0172806387	-0.0342626183	-0.0526053151	0.0300324901	-0.0147077841	0.031933679	0.0354733341	-0.0020877157	-0.0284857249	-0.0011825436	-0.0642926791	0.0234936308	-0.0230218473	-0.0408145953	-0.009429833	-0.0088080549	-0.0195694864	0.024822338	0.0066463564	0.0153097479	0.0115327972	0.0299596119	-0.0143316661	0.0140928215	0.0027295124	0.0617981019	-0.0436739275	-0.0241985684	-0.0388687955	-0.0048403103	0.0064487256	0.0068433025	0.0015753043	-0.0177661341	0.0174459058	-0.0049916273	-0.0004727822	0.0184101623	-0.0044322622	-0.0016945581	-0.0149498844	-0.0095811478	-0.0486473676	0.047683095	-0.0460901072	0.0438894081	-0.0411100147	0.0377885739	-0.03396888	0.0297012967	-0.0250420933	0.0200527028	-0.0147989116	0.0093499925	-0.0037777911	-0.0018442215	0.0074419176	-0.0129414898	0.0182704248	-0.023358459	0.0281385053	-0.0325475373	0.0365274207	-0.0400256797	0.0429961886	-0.0453997805	0.0472047632	0.0238094	-0.0021274999999999	4.5262562499999895e-06	0.00056688752836	-4.86933	0.0469800000000004	23.7103746489	0.0022071204	-0.8952839999999999	-0.027826	0.000774286276	0.8015334406559997	-0.0170217	0.0002558	0.00028973827089	6.543364000000024e-08	-0.00606636	-0.0006968399999999	3.68007236496e-05	4.855859855999997e-07	0.00250464	7.20199999999999e-05	6.273221529599999e-06	5.1868803999999854e-09	0.0	0.0	0.0	0.0	0.0	0.0	0.0	0.0	0.0	0.0	0.0	0.0	0.0	0.0	0.0	0.0	0.0	0.0	0.0	0.0	0.0	0.0	0.0	0.0	0.0	0.0	0.0	0.0	0.0	0.0	0.0	0.0	0.0	0.0	0.0	0.0	0.0	0.0	0.0	0.0	0.0	0.0	0.0	0.0	0.0	0.0	0.0	0.0	0.0	0.0	0.0	0.0	0.0	0.0	0.0	0.0	0.0	0.0	0.0	0.0	0.0	0.0	0.0	0.0	0.0	0.0	0.0	0.0	0.0	0.0	0.0	0.0	0.0	0.0	0.0	0.0	0.0	0.0	0.0	0.0	0.0	0.0	0.0	0.0	0.0	0.0	0.0	0.0	0.0	0.0	0.0	0.0	0.0	0.0	0.0	0.0	0.0	0.0	0.0	0.0	0.0	0.0	0.0	0.0	0.0	0.0
55386.73423518764	10.2544988396985	3067690329.239307	105.15474645337788	67715.16266503907	202.32574365235632	4585343254.752701	40935.706544479006	55789.46986256347	-57.2908550682987	3112464947.545877	3282.2420744568067	55987.46238515402	56865.96124188312	0.853452	19.551615	0.1892310000000002	0.0938258	0.0045859696	0.0090273805	0.0019150951	-0.004660005	0.0108992468	0.0032536323	-0.0106531944	-0.0346151707	0.0200273354	0.0336585874	-0.0084034058	-0.0315975984	0.0145504033	-0.0238039948	0.014132453	0.0014482618	0.0038716942	-0.0016176592	-0.0182900276	0.0066778284	0.0158550793	0.0408030293	0.0008768237	0.0587058424	-0.0252039582	0.0036148378	-0.0115810164	-0.0070405533	-0.0172928552	-0.0078427117	0.0157123998	-0.0241441841	0.0025080094	-0.0368853729	0.0151021971	-0.0435428863	-0.0274751459	0.0375535534	0.0012491319	-0.0444303112	0.0271755764	0.0224517602	0.0240464755	0.0250040295	-0.0071141322	-0.0713457538	-0.0418538987	-0.0497506193	-0.0152042743	0.0737809133	-0.0205635955	-0.0220354645	-0.005404708	-0.0117071432	-0.0146606067	0.013065229	0.0331651472	0.0278144281	-0.0016357603	0.0085716712	-0.0331136061	-0.0054415076	0.0103100557	0.0008108116	-0.0232571328	-0.0679653375	0.016683809	-0.0016636484	-0.0256193913	0.0721160095	-0.0011560555	0.0071809687	0.0748822873	-0.0379713476	-0.0419056894	-0.0007790406	0.04396255	-0.0476996921	-0.0120838678	-0.0600474488	0.0121105428	-0.015705161	0.0344370506	0.0560305107	0.0121655143	0.0374532084	0.0211676397	-0.0606894457	-0.0063623831	0.0013741898	0.0175392556	-0.0008688682	-0.0550370469	-0.0154675325	-0.0263592649	-0.0524630747	-0.0262479287	0.0299316009	0.0153171966	0.0089085378	0.0444980993	-0.0018891883	0.0315000859	0.0243610759	-0.0150326934	0.0004936723	-0.0161598317	0.0164723349	-0.0353520934	-0.0270575506	0.0089040814	-0.0431036081	-0.0006256439	0.0202687027	-0.0075581276	-0.015877669	-0.0419590613	-4.72353e-05	0.0419962938	0.0481490665	-0.0014891629	0.0152862552	-0.0037229279	-0.0212390089	-0.0061665918	0.0173045695	-0.0196808929	0.0070936004	-0.0331867949	0.0200029888	-0.0432068433	0.0217522252	0.0349371908	0.0003539526	0.0438404936	-0.0253362853	-0.0138187036	0.0129439091	0.0291857647	0.0095819091	0.0820291988	0.0202755554	0.0607279844	0.0171423452	-0.0585928877	0.0424975616	0.0227392529	0.0068172658	-0.0066577929	-0.0025748081	0.0293684802	-0.027409671	-0.0181204383	0.0119121103	0.009349369	0.0419947643	-0.0118735185	-0.0053636402	-0.004879572	-0.0243054638	0.0690111144	-0.0140286093	0.0027117231	0.024426	0.0488024946	-0.0560144317	-0.032668973	0.0657247161	-0.0234521089	-0.0508463912	-0.0212403984	0.0488267485	0.0389899365	0.0320895833	-0.0615248057	0.0027708833	-0.0208998939	0.0120854332	0.0581309029	-0.0005898031	0.0350402256	0.0209106019	0.02927386	-0.034515274	-0.0404253403	0.0141830009	0.0280992268	-0.0503006264	0.0299983476	0.0128796289	-0.0519314103	0.0001868658	-0.0286263032	-0.0082526685	-0.0589206383	-0.0141890296	0.0148102448	-0.0394326761	-0.0300700825	-0.0083365492	-0.0075960862	0.0126009069	-0.0252192358	-0.0020785776	0.0462091091	-0.013159973	-0.0221441619	-0.0193317407	0.0033358607	0.0188429928	0.0029301381	-0.0088549267	0.0169410434	-0.015295551	0.0452327475	-0.0083224822	0.0385051646	-0.019436912	-0.0326721891	0.0128762228	-0.0012063722	-0.023860351	0.0110958842	0.0434692873	-0.0049955566	0.0060051791	-0.013759228	0.004151902	0.0076589007	0.0100872264	-0.0124698113	-0.006583271	-0.0486681691	0.0477657704	-0.0462741461	0.0442116967	-0.0416038638	0.0384828171	-0.0348870569	0.0308609395	-0.02645413	0.0217209896	-0.016719905	0.0115125682	-0.0061632156	0.0007378352	0.004696647	-0.0100731925	0.015325478	-0.0203887125	0.0252004375	-0.0297012967	0.0338357689	-0.0375528523	0.040806694	-0.0435571555	0.0457703078	0.0373909	0.0135814999999999	0.0001844571422499	0.0013980794028099	-4.93959	-0.0702600000000002	24.3995493681	0.0049364676	-0.8379149999999999	0.057369	0.003291202161	0.7021015472249997	-0.0166631	0.0003586	0.00027765890161	1.2859396000000046e-07	-0.00550952	0.0005568399999999	3.0354810630400005e-05	3.1007078559999935e-07	0.00245967	-4.4969999999999646e-05	6.049976508900001e-06	2.022300899999968e-09	0.0	0.0	0.0	0.0	0.0	0.0	0.0	0.0	0.0	0.0	0.0	0.0	0.0	0.0	0.0	0.0	0.0	0.0	0.0	0.0	0.0	0.0	0.0	0.0	0.0	0.0	0.0	0.0	0.0	0.0	0.0	0.0	0.0	0.0	0.0	0.0	0.0	0.0	0.0	0.0	0.0	0.0	0.0	0.0	0.0	0.0	0.0	0.0	0.0	0.0	0.0	0.0	0.0	0.0	0.0	0.0	0.0	0.0	0.0	0.0	0.0	0.0	0.0	0.0	0.0	0.0	0.0	0.0	0.0	0.0	0.0	0.0	0.0	0.0	0.0	0.0	0.0	0.0	0.0	0.0	0.0	0.0	0.0	0.0	0.0	0.0	0.0	0.0	0.0	0.0	0.0	0.0	0.0	0.0	0.0	0.0	0.0	0.0	0.0	0.0	0.0	0.0	0.0	0.0	0.0	0.0
55310.39624180687	-76.3379933807737	3059239932.4256835	5827.489233403048	67141.93663964844	-573.2260253906279	4508039655.722566	328588.0761851368	55824.18662354932	34.71676098585158	3116339812.180863	1205.2534933487464	56017.13941335633	57061.07620136211	0.912412	20.902327	0.1346163000000002	0.0716839	0.0025275594	0.012100902	0.0006091683	-0.0093802465	0.0156430621	-0.0172356912	0.0026440748	0.0032911089	-0.0009024925	-0.0526631415	0.0390850986	0.0275743019	-0.0023744949	0.0135811743	-0.0024735257	-0.0169470436	-0.0173703316	-0.0268913633	-0.0069168866	0.0432702569	0.010935944	0.0080812918	-0.0155231493	-0.0142347427	0.024506549	-0.0034946552	0.005810803	-7.93914e-05	-0.0234780456	-0.0447984019	-0.0383326297	0.0339361737	-0.0308551782	0.0289151434	0.0241890413	-0.0112126732	0.0053718902	-0.0072104481	0.0159124669	-0.0155609597	0.0038767084	0.0230278515	0.0431377258	0.0344930341	0.0302267559	0.0411490584	0.0189681603	0.0460964431	-0.0006943737	-0.0159374449	-0.0010926936	-0.003429791	-0.0279740518	-0.049999296	-0.0751230529	-0.0109608695	0.0279030468	0.0412072787	0.0299982686	0.0467430681	0.0137838009	0.0214599648	0.0112364814	0.0165370679	-0.0414786157	0.0105259587	-0.0009024544	-0.0271128736	-0.0039395109	-0.0607164094	0.0259100996	-0.0038371711	0.0269374669	-0.0334981642	0.0057524397	-0.0119548719	-0.0071251206	-0.0121979972	-0.032629395	-0.0537469471	0.0007178963	-0.0509863194	0.0054198834	-0.0206844442	0.022926632	-0.0394595735	-0.0057819865	0.0035090024	0.0329734429	-0.0135035429	0.0244837548	0.0149848427	-0.0113833588	0.0180914674	-0.008817303	-0.0200937674	-0.0333752729	0.0265378202	-0.0349885528	-0.0482662088	-0.006897421	-0.0573872207	-0.0075832772	0.0541448937	0.013679077	0.0245544086	0.018765089	0.0124249233	0.0427500081	0.0690443901	0.000214308	-0.0322106932	-0.0276191277	0.0080069725	-0.0416047339	-0.0125622058	-0.0051584632	0.0207087233	-0.0036930031	-0.0312156557	0.0017155947	-0.0059845529	0.0057834736	-0.0156876188	-0.052605346	-0.0351392303	0.0251841827	-0.030048353	0.0348865017	0.0209678694	-0.0128518287	-0.0063945525	-0.0057236026	0.0154084011	0.0177931407	-0.0013067776	-0.0279683909	0.0394809886	0.0357592326	-0.0277089783	-0.0299543418	-0.0043086623	-0.0500074351	0.003080138	0.0061986826	0.0055754863	0.0068763191	0.0043236135	-0.0700779078	0.0440404184	0.0490043784	-0.0354653839	-0.0077650982	0.0466968936	-0.0489273575	0.002123431	-0.0119952534	0.0051886808	0.0014515843	-0.0461720676	-0.0165985423	0.0082308022	0.012927003	-0.0040875946	-0.0622426045	-0.015283408	5.1954e-05	0.037272442	-0.0252445368	0.0140691806	-0.0020544083	-0.013980018	0.0035699535	0.0138768357	-0.0425243231	-0.0410605123	-0.0294739962	0.0044774597	-0.0265817121	0.0305092145	-0.0235339652	-0.0105452376	-0.0132210125	0.0356165782	-0.0040133061	0.0412195658	0.01360405	0.0044351032	0.0122521225	-0.005397592	-0.0193800548	-0.0274056343	-0.0649860194	-0.0045344361	0.030592567	0.0463508239	0.0675363593	-0.03183905	0.0076425079	0.0305250186	-0.0017212879	0.0120516859	0.0006985794	-0.0014216413	-0.0766160719	-0.0454765998	-0.0294215399	0.0226963161	0.0019041449	0.0178241756	0.0164462247	0.0194178191	-0.0024724312	0.0085554753	0.0055737848	0.0618818766	-0.0335307104	-0.0419452883	0.0243426684	-0.0029644329	0.0095579419	-0.0402654755	0.0006574368	-0.0171190068	0.0276973329	-0.0050327183	-0.0170323435	0.0363986689	-0.0009018261	0.0047259252	-0.0123913852	0.0165614619	-0.0486882801	0.0478457346	-0.0464522756	0.0445239479	-0.0420829549	0.0391574033	-0.0357809787	0.0319925587	-0.0278357645	0.023358459	-0.0186121956	0.0136516244	-0.0085338634	0.0033178403	0.0019363856	-0.0071683153	0.0123177063	-0.0173252667	0.0221333376	-0.026686557	0.0309324975	-0.0348222698	0.0383110855	-0.0413587732	0.0439302406	0.0349496	-0.0024413	5.959945690000002e-06	0.0012214745401599	-4.87942	0.0601700000000002	23.8087395364	0.0036204289	-0.875013	-0.0370980000000001	0.001376261604	0.7656477501690001	-0.0168401	-0.000177	0.00028358896801	3.1329000000000035e-08	-0.00574859	-0.0002390699999999	3.3046286988099994e-05	5.715446489999962e-08	0.00274174	0.0002820699999999	7.517138227599999e-06	7.956348489999984e-08	0.0	0.0	0.0	0.0	0.0	0.0	0.0	0.0	0.0	0.0	0.0	0.0	0.0	0.0	0.0	0.0	0.0	0.0	0.0	0.0	0.0	0.0	0.0	0.0	0.0	0.0	0.0	0.0	0.0	0.0	0.0	0.0	0.0	0.0	0.0	0.0	0.0	0.0	0.0	0.0	0.0	0.0	0.0	0.0	0.0	0.0	0.0	0.0	0.0	0.0	0.0	0.0	0.0	0.0	0.0	0.0	0.0	0.0	0.0	0.0	0.0	0.0	0.0	0.0	0.0	0.0	0.0	0.0	0.0	0.0	0.0	0.0	0.0	0.0	0.0	0.0	0.0	0.0	0.0	0.0	0.0	0.0	0.0	0.0	0.0	0.0	0.0	0.0	0.0	0.0	0.0	0.0	0.0	0.0	0.0	0.0	0.0	0.0	0.0	0.0	0.0	0.0	0.0	0.0	0.0	0.0
55307.11431669942	-3.281925107447023	3058876894.040458	10.771032410891154	67661.24015722657	519.303517578126	4578043419.613889	269676.1433690151	55819.57533886908	-4.611284680242534	3115824991.011681	21.263946402239487	56021.38443855554	56698.90711622362	0.910098	20.849323	0.0678513000000006	0.0404946	0.0049868477	0.0117209333	0.006220824	-2.57198e-05	0.0105507035	0.0077192392	0.0015221089	0.0246224476	0.0115540793	0.0351470886	-0.0170795155	-0.0137669633	0.0240683101	-0.0117041172	0.0365023593	-0.0027305985	0.0267308017	-0.0227191054	0.0040094299	0.0340917039	0.0302419156	0.0118849124	0.0115318482	0.0270787381	-0.0234355592	0.0110139022	-0.0008658715	0.0297562408	0.0304280656	0.0265259956	0.0085847501	-0.0327730952	0.0602856089	-0.0242938443	-0.0154276095	0.0058770333	-0.0041499528	0.0195902606	-0.018211064	-0.0365633552	-0.0233516902	0.030875209	-0.0177272323	0.0161034022	-0.0048020575	-0.0515922248	-0.0411897245	0.0286898866	-0.0336666282	-0.0053592028	-0.0469934116	-0.0105007572	-0.0286479945	0.0144000564	0.0072109769	-0.0013143719	-0.019898582	0.0310535948	-0.0341297343	-0.0231776911	-0.0069284533	0.0117397687	-0.0305966159	-0.0054454416	0.0372300138	-0.0223040175	0.0198832048	0.0117769401	-0.0153379439	-0.0072773916	-0.0089100156	0.0126365924	-0.0086721498	-0.0146068022	-0.0506157477	-0.0120386443	0.0324484428	0.0352028041	-0.0093477971	-0.0145231987	-0.010309756	0.0443129982	-0.0159229305	0.0599260692	-0.0025454985	0.0115684699	-0.016198755	0.0137521191	-0.0150471615	-0.0242650724	0.1066502763	0.0058270021	0.0011834672	0.0256689193	0.0071532435	0.0590449616	-0.0262785106	0.0393796929	0.0247421294	0.0606196599	-0.027031505	0.0079745083	0.0423446021	-0.0222883424	0.0272300441	-0.0348525733	-0.0050947662	0.0121957356	-0.0367501162	0.0032197882	0.0155363632	0.0286436351	-0.0234639149	-0.0027968968	-0.0328586935	-0.03174047	-0.0118800663	-0.0118427652	0.0185333814	0.0317870506	-0.0092080138	0.001487827	0.0202005685	0.0266524636	0.0376703636	0.0065377479	-0.0287782488	0.0617160507	-0.0282983797	-0.0105352177	0.0087310041	0.0022594772	0.0171867366	-0.0227163166	0.0414937744	0.0201068792	-0.0327805939	-0.0029715226	-0.0147085236	0.008276887	0.0506210338	0.048936422	-0.0155605432	0.0196261895	0.0069855497	0.0540308622	0.0106375064	0.0236092137	0.0187969267	-0.0030918325	0.0024870487	-0.0279275665	0.025831801	-0.0201828511	0.0310438431	-0.0002494293	0.0101090805	0.034111393	0.003463871	0.0338901709	0.0245160483	-0.014698841	-0.0169186132	0.0039629734	-0.0053510008	0.0069065667	-0.0120414079	-0.0039580857	-0.0242867658	-0.0438419194	-0.0098039182	0.0281758114	-0.033922612	-0.0163510303	0.0080985673	0.0255272117	0.0210353301	-0.0340786739	0.0450325251	-0.034447799	0.0242222349	-0.0212647124	0.0088578	0.0256423834	0.0515547723	0.0947666081	0.0412123496	-0.0004531778	0.0236377741	-0.0116445625	0.0068858447	-0.0405089554	0.0167094733	0.0535081677	0.0090486881	-0.0692540601	-0.017946036	0.0234523782	-0.0377748069	0.0231399657	0.0244446189	0.0145163416	-0.0334790319	-0.0040428095	0.0178691188	0.0337737232	0.0041179	-0.0497917172	0.0044517062	0.0178867003	0.0116406966	0.0100980563	0.008157112	-0.0127616859	0.0424775414	0.0073757826	0.0180155582	-0.0062593752	-0.0697064084	-0.003865578	-0.0013568114	-0.0009088965	-0.005662993	-0.0359433498	-0.0048203746	-0.0097887544	-0.0081555697	0.0018404986	-0.0070938673	-0.0042589567	-0.0221198189	-0.0118854293	-0.0487077002	0.0479229833	-0.046624473	0.044826091	-0.0425471181	0.0398119877	-0.0366500239	0.0330951267	-0.029185409	0.0249627879	-0.0204725349	0.0157627911	-0.0108840509	0.0058886202	-0.0008300562	-0.0042374069	0.0092594399	-0.0141822002	0.01895291	-0.0235204212	0.0278357645	-0.0318526742	0.035528084	-0.0388225891	0.0417008682	0.0359764	0.0010268	1.0543182400000026e-06	0.0012943013569599	-4.9153	-0.0358800000000005	24.16017409	0.0012873744	-0.862371	0.012642	0.000159820164	0.743683741641	-0.0169049	-6.480000000000027e-05	0.00028577564401	4.199040000000035e-09	-0.00568787	6.071999999999935e-05	3.23518651369e-05	3.6869183999999204e-09	0.00250121	-0.00024053	6.256051464099999e-06	5.785468090000004e-08	0.0	0.0	0.0	0.0	0.0	0.0	0.0	0.0	0.0	0.0	0.0	0.0	0.0	0.0	0.0	0.0	0.0	0.0	0.0	0.0	0.0	0.0	0.0	0.0	0.0	0.0	0.0	0.0	0.0	0.0	0.0	0.0	0.0	0.0	0.0	0.0	0.0	0.0	0.0	0.0	0.0	0.0	0.0	0.0	0.0	0.0	0.0	0.0	0.0	0.0	0.0	0.0	0.0	0.0	0.0	0.0	0.0	0.0	0.0	0.0	0.0	0.0	0.0	0.0	0.0	0.0	0.0	0.0	0.0	0.0	0.0	0.0	0.0	0.0	0.0	0.0	0.0	0.0	0.0	0.0	0.0	0.0	0.0	0.0	0.0	0.0	0.0	0.0	0.0	0.0	0.0	0.0	0.0	0.0	0.0	0.0	0.0	0.0	0.0	0.0	0.0	0.0	0.0	0.0	0.0	0.0
55467.27944343359	160.16512673416582	3076619088.8559504	25652.8678217714	68256.77731103516	595.5371538085892	4658987648.888244	354664.50156643527	55975.020301922144	155.4449630530653	3133202897.800596	24163.136538568837	56163.43311057921	57160.270046798905	1.034519	23.699671	0.2841366999999996	0.172889	0.0003019514	-0.0043593933	-0.0093383767	-0.0017674785	-0.0092803634	0.0111469128	-0.0351766722	-0.0126650158	0.0265658326	0.0394887657	0.0216503363	-0.105439348	-0.0245103484	-0.0186781067	-0.0172807666	0.0219450981	-0.0019412368	-0.0179178158	0.0624228182	-0.0419482224	-0.0240697515	0.0271963572	0.0314810051	0.0689399264	0.0532193291	0.0340000683	0.0477396665	-0.0535537103	-0.0438583712	0.031136545	0.029151193	0.0046295644	0.0038496971	-0.0248366444	0.0781291266	-0.0051024182	-0.0498163945	-0.0337763371	-0.007057512	-0.0044132856	-0.0060676	-0.0077185995	-0.0011347769	-0.0218641395	-0.0251010914	-0.0031770696	-0.0619149838	-0.0181067368	-0.0395650968	0.0168528897	0.0303034135	0.0120096925	-0.0288527659	0.0348023426	0.0932231005	-0.0018486646	0.036967666	-0.0839204068	-0.049278915	0.0202150343	-0.0348740397	0.0014169525	-0.0889303577	-0.0360641769	-0.0027087834	-0.0084178792	0.0990192785	-0.0356129396	-0.011655459	-0.0420126895	-0.00037426	-0.0175036149	-0.0332745521	-0.0285398083	-0.0382061516	0.0169639762	0.0022918225	0.0104637156	-0.0254576337	-0.0182737886	-0.0110877517	0.0430488516	0.0271614836	0.0093552658	0.0467257361	-0.0409661786	-0.0385195385	-0.0112510706	-0.0291202596	-0.0240398086	0.0005609217	0.0144860859	0.0570548877	0.0147498441	-0.0178178745	0.0388933504	-0.0032254544	-0.0561827943	0.0136758294	0.0023576595	-0.0428466004	0.0285281783	0.0196341285	0.0135120347	0.0201259097	-0.0218452144	0.0093472869	-0.0070738917	-0.0195360411	0.0356347985	-0.0337069296	0.0229091467	-0.0179285796	-0.0607732077	0.0417413159	0.0283590052	-0.029412397	-0.0183188418	0.0847860667	-0.025523229	-0.0271748566	-0.0350670643	-0.0533586594	-0.0619220526	0.0300444734	0.0235854684	0.0149018865	0.0075917638	-0.0185900542	0.0775804394	-0.0116933686	0.0524108718	-0.0299744663	-0.0038664046	0.003339054	-0.0022733089	0.009742365	-0.0259265497	-0.0003142652	0.0263103893	-0.0030574078	0.0454551469	0.0331669522	0.0406459657	-0.0110183839	-0.0126342265	0.0392525248	0.0318449896	0.0382365663	-0.0360996703	-0.0528822694	0.0683177463	-0.0682980064	-0.0803658938	0.0057602708	0.0308055669	0.0453956556	0.0765503302	0.0035746384	0.0081179164	0.0044647292	-0.0999142854	-0.0225714685	-0.0041108096	-0.0583454075	0.0066827564	0.0135328051	-0.0111748895	-0.0367430593	-0.0352348664	0.0237686317	0.0072965179	-0.0285910629	-0.0041427034	-0.0365797023	0.0154772939	0.0365039906	0.0240064856	0.0345756816	0.0441771333	-0.0173280482	-0.0576656201	0.0183704468	-0.0062941484	0.0284895181	0.0279956263	-0.0080176244	0.0454001375	-0.0388641176	0.0215146568	0.0147331173	-0.0162491882	0.053653551	-0.006126725	0.0484045747	0.0006189048	-0.0172161303	-0.0139933906	-0.0028238303	0.0213027064	0.0379633765	0.0112551614	-0.0241251581	-0.0242556406	-0.0358720897	0.0066551031	0.0438979684	0.0004952748	0.0026165122	-0.0036636109	-0.0445183715	-0.0911304788	0.0273580478	-0.0626491008	-0.0006898705	-0.0077405587	-0.0017551531	0.0787961649	0.0005091585	0.040633186	-0.0175171076	0.0260015798	-0.0031279599	0.0452502683	0.026293858	0.0209862629	0.0039559747	-0.0422473898	0.0265695772	0.0418761065	-0.0246113732	-0.0063066968	-0.0487264292	0.0479975119	-0.0467907162	0.0451180572	-0.0429961886	0.0404462362	-0.0374935883	0.0341676424	-0.0305015125	0.0265316999	-0.0222977292	0.0178417553	-0.0132081433	0.0084430267	-0.0035938487	-0.0012911108	0.0061632156	-0.0109739574	0.0156754391	-0.0202208511	0.0245649379	-0.0286644484	0.0324785665	-0.0359693177	0.039101947	0.0281087	-0.0078676999999999	6.190070328999997e-05	0.00079009901569	-5.03712	-0.1218199999999996	25.3725778944	0.0148401123999999	-0.743247	0.119124	0.014190527376	0.552416103009	-0.0168037	0.0001011999999999	0.00028236433369	1.0241439999999841e-08	-0.00508666	0.00060121	2.58741099556e-05	3.6145346410000057e-07	0.0025053	4.089999999999996e-06	6.276528089999999e-06	1.672809999999997e-11	0.0	0.0	0.0	0.0	0.0	0.0	0.0	0.0	0.0	0.0	0.0	0.0	0.0	0.0	0.0	0.0	0.0	0.0	0.0	0.0	0.0	0.0	0.0	0.0	0.0	0.0	0.0	0.0	0.0	0.0	0.0	0.0	0.0	0.0	0.0	0.0	0.0	0.0	0.0	0.0	0.0	0.0	0.0	0.0	0.0	0.0	0.0	0.0	0.0	0.0	0.0	0.0	0.0	0.0	0.0	0.0	0.0	0.0	0.0	0.0	0.0	0.0	0.0	0.0	0.0	0.0	0.0	0.0	0.0	0.0	0.0	0.0	0.0	0.0	0.0	0.0	0.0	0.0	0.0	0.0	0.0	0.0	0.0	0.0	0.0	0.0	0.0	0.0	0.0	0.0	0.0	0.0	0.0	0.0	0.0	0.0	0.0	0.0	0.0	0.0	0.0	0.0	0.0	0.0	0.0	0.0
55498.131494566886	30.85205113329721	3080042599.388237	951.8490591315856	68382.84564038085	126.06832934569684	4676213577.876155	15893.223664015086	55929.77273105053	-45.24757087161561	3128139477.7469635	2047.3426697818768	56117.28730450167	57300.01327237216	1.251961	28.681025	0.5503459000000004	0.335115	-0.0022937367	-0.0316488749	-0.0016341993	0.014824928	-0.0073491978	-0.0125441385	-0.0471917238	-0.0423097208	0.050387165	-0.0061528197	0.0136120112	-0.1653663616	-0.0674496161	-0.0056073872	-0.0104042478	0.1507331692	0.0600441946	0.0263975724	0.0819281121	-0.0687792924	-0.1145822715	-0.0031825556	-0.0116468562	0.034514565	-0.0209865798	-0.0044413209	0.0632917922	-0.0516395901	-0.0014303681	0.0986287723	0.0699774191	0.1096588309	0.0782230949	0.0899624256	0.0420328963	-0.0376088887	0.0405882459	-0.0979631487	0.0312307033	0.018475321	-0.083222448	0.0031982239	0.0753086643	-0.0482144086	0.0625173199	0.01640874	-0.0243461245	-0.051511694	-0.0475375182	0.0564278371	0.0161843394	-0.0765869329	0.0441467115	0.0328389865	0.0454750548	-0.0035754497	0.0163661839	0.0407462511	-0.0101465766	0.0558520567	-0.03895144	-0.0357348315	-0.0503409799	-0.0159335856	-0.0320664375	0.0196459586	0.0117114872	-0.0222271788	0.0110120044	-0.0736706398	0.0400307592	0.0243178108	-0.036715445	-0.0279011511	0.0477252991	-0.0223751684	0.0123942655	-0.0355455733	0.039906927	0.0113099715	0.008831353	-0.0333550672	0.0132326128	0.0155118474	0.0129811667	0.078640696	-0.0395330183	0.0587947845	-0.0360539233	0.0051729551	0.0132725259	0.0480563543	0.0137528289	0.0005946483	-0.0019122263	-0.0609640059	0.0093085042	-0.013372267	-0.0057819106	0.0557559415	0.0328356307	0.045987925	-0.0002506211	-0.0924718861	0.0187138334	0.0308082075	0.0362224797	-0.0209598545	-0.0949178655	0.0081398393	-0.0257211763	0.0718683053	0.0262214802	-0.0780340116	0.0631404847	0.1203209229	0.003005167	0.014033014	0.0222667324	0.0339268552	0.0149675758	-0.0527053993	-0.0675282272	-0.020966698	0.1090022367	0.0397085585	0.1331737931	0.0749718683	0.0928562731	0.0323148398	-0.0308861626	-0.0273561354	-0.1039795064	0.0229873623	-0.0314507198	0.0822809531	-0.003333967	-0.0440021371	0.0828398039	-0.0604636491	-0.0161097838	-0.0054620185	0.0399612085	0.0506077682	-0.0419102355	0.010389279	0.0528297794	-0.0515509939	0.0562276893	-0.0317263496	0.0272347056	-0.0110519621	-0.0183995594	-0.000588173	-0.014290027	0.0652977067	0.0694808045	0.0316336578	-0.0104398177	-0.0183094768	-0.0300911192	-0.0002387826	-0.0001050673	-0.032076256	-0.083553328	-0.0067329193	-0.0160979402	-0.0347972338	-0.041998544	0.0561923965	-0.0227847119	-0.0100896821	0.0492970011	0.0116568823	0.0271037156	-0.0024596839	-0.0323793217	0.0094363436	0.0231234749	0.0051812976	0.0840189752	-0.0160676923	-0.0370347687	0.0065968287	0.0388927416	-0.016887081	0.0354591738	0.0024233137	-0.0313872412	0.0053231925	-0.0278130202	0.0592820095	-0.0220174884	-0.0418338523	-0.0354275125	-0.0554334975	-0.0562265303	0.0688389086	-0.003973619	0.0263382291	-0.0410941285	0.0512924306	-0.0597762625	-0.0429798589	0.0232607565	0.0593878521	0.0568734591	-0.0253403852	0.0167136474	-0.0704071843	-0.1130423146	-0.2265607759	0.0026922879	-0.0335258793	-0.1054880848	-0.0808855269	0.104204433	0.1574572911	0.0240997569	-0.0033401821	-0.082777147	-0.0207551951	-0.0220943437	-0.0002139938	0.1547179981	0.0596894627	0.0130077224	-0.137778486	0.0421991584	-0.0199501215	-0.0010557762	-0.0016586687	-0.0487444668	0.0480693164	-0.046950984	0.0453997805	-0.0434300072	0.0410598248	-0.0383110855	0.0352091317	-0.0317825624	0.0280629691	-0.0240846454	0.0198842699	-0.0155005685	0.0109739574	-0.0063461704	0.0016598739	0.0030417259	-0.0077152822	0.0123177063	-0.0168065656	0.0211404744	-0.0252794756	0.029185409	-0.0328222635	0.0361565084	0.0441141	0.0160054	0.00025617282916	0.00194605381881	-5.2731	-0.2359800000000005	27.805583610000003	0.0556865604000002	-0.523614	0.2196329999999999	0.0482386546889999	0.274171620996	-0.01745	-0.0006462999999999	0.0003045025	4.1770368999999866e-07	-0.00440079	0.0006858699999999	1.93669526241e-05	4.704176568999999e-07	0.00226292	-0.0002423799999999	5.1208069264e-06	5.874806439999997e-08	0.0	0.0	0.0	0.0	0.0	0.0	0.0	0.0	0.0	0.0	0.0	0.0	0.0	0.0	0.0	0.0	0.0	0.0	0.0	0.0	0.0	0.0	0.0	0.0	0.0	0.0	0.0	0.0	0.0	0.0	0.0	0.0	0.0	0.0	0.0	0.0	0.0	0.0	0.0	0.0	0.0	0.0	0.0	0.0	0.0	0.0	0.0	0.0	0.0	0.0	0.0	0.0	0.0	0.0	0.0	0.0	0.0	0.0	0.0	0.0	0.0	0.0	0.0	0.0	0.0	0.0	0.0	0.0	0.0	0.0	0.0	0.0	0.0	0.0	0.0	0.0	0.0	0.0	0.0	0.0	0.0	0.0	0.0	0.0	0.0	0.0	0.0	0.0	0.0	0.0	0.0	0.0	0.0	0.0	0.0	0.0	0.0	0.0	0.0	0.0	0.0	0.0	0.0	0.0	1.0	0.0
55344.61994490894	-153.51154965794558	3063026956.8464127	23565.79587838389	67620.00529052735	-762.8403498535044	4572465115.490947	581925.3993646171	55763.08277736641	-166.6899536841156	3109521400.8354187	27785.54065921261	55961.781474860254	57395.03845373377	1.30752	29.95381	0.3972088000000001	0.241495	-0.0060026843	-0.0122906638	-0.0183677841	0.000319401	-0.0084078243	-0.0051576284	-0.0250965756	-0.0177838408	-0.0218052909	-0.0650167683	-0.0363627036	0.0407715805	-0.0456682384	-0.0425862549	-0.0546940402	0.1112192865	-0.058076525	0.0452336361	0.0206216638	-0.0476244452	-0.0343822896	-0.0701583461	-0.0898753847	-0.0783343188	-0.057014783	0.0789793217	0.0027422308	-0.0516398946	-0.0317951217	0.0467407471	-0.0129002722	0.0148472992	0.0064091356	-0.007218037	0.0200559426	-0.039907296	0.0173576252	-0.0181437535	0.0445972494	0.0478792156	0.030611845	-0.0446999657	0.0170760439	-0.0092910868	0.0550389854	-0.0472586576	0.0224954876	-0.0789577929	0.0286381065	-0.0104363677	0.0024153331	-0.0099127486	0.0040703248	-0.056952854	0.0049385809	-0.0405044717	-0.0023463131	0.0363352279	0.0657791559	0.007345246	0.0239572036	0.0181697402	0.0757171059	-0.0568982762	-0.0395152976	0.0279868217	0.044859232	-0.0063166258	0.0236267737	0.0335878345	0.0137270135	0.0124222722	-0.0658451658	-0.0036153835	-0.0578862762	0.0214618112	0.0488621151	-0.0539265414	-0.0451588979	-0.0424693094	0.0539057209	-0.0257287466	0.062852765	-0.0110716425	-0.017997573	-0.0143763018	-0.0406118395	-0.0154832271	-0.0310960532	0.0432933758	-0.0183965444	0.0211715432	0.0239191399	0.0376673563	-0.0014293242	-0.0778286203	-0.0393232774	-0.0038081926	-0.0080133355	0.0160498223	-0.0174981931	0.0325132101	0.0238388433	-0.0099899594	0.0563167768	-0.0168845985	-0.0127332386	-0.0115783671	0.056081058	-0.0022523342	0.0323727562	0.039617607	0.0440883901	-0.021143826	0.0420840508	0.0377753037	0.0710608327	0.0712324864	-0.107294486	0.0387533766	-0.0776783781	0.0021194098	-0.0518919052	-0.0397426912	0.0413312278	-0.0161865608	0.0200489456	0.003632964	-0.0014134651	0.0203154849	-0.0424246228	-0.015157187	-0.0231641365	0.0475785118	-0.0528014017	-0.021371868	0.0549519449	0.0002451192	0.0179717578	-0.0450389995	0.050676617	-0.0449847333	0.0527538625	-0.0291583018	0.0270503049	0.0057781952	0.0048082675	-0.0129492617	-0.0529555955	-0.0252464145	0.0417621873	0.0236084453	0.0171797409	0.0621907841	-0.0196368268	-0.0024690565	0.0006111399	-0.0596569365	0.0845412356	-0.0295679746	-0.0265445888	-0.0345068312	-0.0063532237	-0.0233718014	0.0072169452	-0.0194778385	0.0072544703	-0.0669893996	-0.0247605255	-0.0558541866	-0.006593451	0.057600786	0.0289515963	0.0015561215	-0.0792370459	-0.0137966962	-0.0421199438	0.07898212	-0.0094034318	-0.0139260595	-0.0054973403	-0.0271561481	0.0474007617	0.0093051646	0.0275237139	-0.045183462	0.0123785199	0.03711519	-0.0075071522	-0.0067562989	-0.0763569237	0.0238071146	-0.0360823073	-0.0285088979	0.0143590091	-0.0161188391	-0.0293808429	0.0207489632	-0.0126904945	0.0548821128	0.0366261565	-0.0284630549	0.0177728186	0.0102856302	-0.0290282767	0.0018944275	-0.0013573679	0.0186141005	0.0009164765	-0.0111687688	-0.0581282008	-0.1194866628	-0.0096525573	0.0737923149	-0.132529398	0.0012828781	0.1044484468	-0.0387001785	0.103787624	-0.0204448747	0.0186451593	0.0364133164	0.0060373698	-0.0327846424	0.0608971909	0.0235301526	0.0029413788	0.0142028459	0.056309751	-0.0343138272	0.0862551994	0.0440129577	-0.0487618127	0.0481383925	-0.047105256	0.0456711967	-0.0438484199	0.0416524399	-0.039101947	0.036218649	-0.0330270864	0.0295544231	-0.0258302158	0.021886162	-0.0177558304	0.013474375	-0.0090782364	0.004604831	-9.22328e-05	-0.0044211503	0.0088969041	-0.0132969345	0.0175837917	-0.0217209896	0.0256733154	-0.0294071302	0.0328906545	0.0593234	0.0152092999999999	0.0002313228064899	0.00351926578756	-5.14008	0.1330200000000001	26.420422406400004	0.0176943204	-0.707853	-0.1842389999999999	0.0339440091209999	0.501055869609	-0.0168666	0.0005834	0.0002844821955599	3.403555600000015e-07	-0.00507146	-0.00067067	2.57197065316e-05	4.4979824890000005e-07	0.00222218	-4.074000000000005e-05	4.938083952399999e-06	1.6597476000000036e-09	0.0	0.0	0.0	0.0	0.0	0.0	0.0	0.0	0.0	0.0	0.0	0.0	0.0	0.0	0.0	0.0	0.0	0.0	0.0	0.0	0.0	0.0	0.0	0.0	0.0	0.0	0.0	0.0	0.0	0.0	0.0	0.0	0.0	0.0	0.0	0.0	0.0	0.0	0.0	0.0	0.0	0.0	0.0	0.0	0.0	0.0	0.0	0.0	0.0	0.0	0.0	0.0	0.0	0.0	0.0	0.0	0.0	0.0	0.0	0.0	0.0	0.0	0.0	0.0	0.0	0.0	0.0	0.0	0.0	0.0	0.0	0.0	0.0	0.0	0.0	0.0	0.0	0.0	0.0	0.0	0.0	0.0	0.0	0.0	0.0	0.0	0.0	0.0	0.0	0.0	0.0	0.0	0.0	0.0	0.0	0.0	0.0	0.0	0.0	0.0	0.0	0.0	0.0	0.0	0.0	0.0
55278.86632836064	-65.7536165483034	3055753062.5487638	4323.538089181318	67201.9453100586	-418.05998046875175	4516101453.456106	174774.1472695331	55741.55520128143	-21.527576084983597	3107120976.257505	463.4365320947575	55938.85053297455	57088.84380505054	1.213848	27.807888	0.4693490000000004	0.262999	0.0018116692	0.0104405904	-0.0027959713	-0.0033720403	0.0115552569	-0.0003399153	0.0197843503	0.0051098944	-0.008589758	-0.01506822	0.0099581352	0.0172866033	0.0167272974	0.0002774319	0.0482138781	-0.029914387	0.0298304553	0.0162178538	-0.0038780008	0.010158457	0.0308385176	-0.0288962499	-0.043965706	0.0371085445	-0.0037401462	-0.0477240253	0.0164324235	0.0351587171	0.0015839489	-0.0084628381	0.0337340539	-0.0096832318	0.0410404266	-0.0082239998	-0.0305235718	-0.0002236103	0.0325369245	0.011241114	-0.0418285192	0.0044700089	-0.0200577307	0.0003400903	-0.0443639463	0.0401326391	-0.0321592646	-0.0125008667	0.020047813	-0.0068434192	-9.13704e-05	-0.0578028211	-0.007512553	0.002205538	-0.0148322941	0.0138335971	0.0238020966	0.0083227758	0.0242055749	0.0360466395	-0.0696597847	-0.0171312134	-0.0029181515	0.0186138285	0.0166772632	-0.0002164601	-0.0146078071	-0.0069191649	-0.0135279797	-0.0015255085	-0.00555355	0.021645556	-0.0294400461	-0.0196803604	0.0445584179	-0.0293344096	-0.0291508504	-0.0346749823	-0.0720612825	0.0272590443	-0.0244675517	-0.013127007	0.0485809031	-0.0571922187	-0.0180441327	-0.0409548103	0.0164354611	-0.0457883878	-0.0266683266	0.015856306	0.0014973971	-0.0174955234	0.1042316169	-0.0111215892	-0.0359296766	0.0371327579	0.0317166697	-0.0161357739	0.0270791245	0.0431537868	-0.015392998	0.0202619099	-0.0019180384	0.0468829389	-0.0009118223	-0.0135842849	-0.0200316517	-0.023402094	0.0274658704	-0.0300732209	-0.0149298101	-0.0078253076	0.0423717852	0.0542405134	0.0160289814	0.0033287278	-0.0090251948	-0.0308580029	0.0267099448	0.0434352386	0.024612937	0.0261915702	0.0482486173	-0.0144297011	0.0358894768	0.0001573897	0.0006897532	0.0324035383	-0.0025039389	0.0445827037	-0.0134499578	-0.0302125615	0.0048203525	-0.0343007298	0.014241516	-0.0461616659	-0.0023637745	0.0174569302	-0.010882765	0.0265848394	-0.0532954869	0.0306337864	0.0134744052	-0.020087368	-0.0039325119	0.0009674296	0.0568167754	0.0079351068	0.0141004037	0.0169279369	0.022548123	-0.0245579468	0.0044377417	-0.0390837856	-0.0094873931	-0.0432971598	0.0242679162	0.0068588791	-0.0115351231	-0.0059196318	0.0251385855	-0.0189342566	0.0016537161	0.0051747733	0.0154187483	0.0032320354	0.0416860318	0.0045008129	-0.0096061129	0.0612678295	-0.02334337	-0.0274083568	0.0074468701	-0.0818911492	-0.0233489875	-0.01764303	-0.0042569787	-0.0119747512	-0.0687086938	-0.0039597882	-0.0389300658	0.0340086945	-0.0321077338	-0.0318886611	-0.0003990815	0.0314778228	0.0508104874	0.0694533036	0.0246142607	-0.0222711178	0.0687073947	-0.0208808769	0.0037718402	0.0415173199	-0.0303886179	0.0338662139	0.0042905961	-0.0211875467	-0.0444840684	0.0155786461	0.0017174113	-0.0017273162	0.0010605448	0.0181601063	0.0378994676	-0.0288737287	-0.0094258025	0.0867285912	-0.0137527301	0.0435619186	0.0027120271	0.0168041077	0.0059819965	0.0215597434	-0.0053105214	0.0180313476	0.0208326507	0.0154428798	0.016273269	-0.0018287429	-0.0429143735	-0.0108457519	-0.0005721536	-0.0157985208	0.0010910873	-0.0302982354	-0.0071877613	-0.0058383599	-0.011355807	0.027436436	0.010189647	0.0136643065	-0.0120789738	-0.015755656	-0.0487784667	0.0482047363	-0.0472535125	0.0459322442	-0.0442512785	0.0422237789	-0.039865623	0.0371952777	-0.0342336544	0.0310039458	-0.0275314438	0.0238433419	-0.0199685217	0.0159373271	-0.0117813266	0.0075330659	-0.0032258135	-0.0011067004	0.0054305477	-0.0097118681	0.0139171345	-0.0180134151	0.0219686319	-0.0257518113	0.0293333271	0.0295849	-0.0297384999999999	0.0008843783822499	0.00087526630801	-4.96101	0.1790700000000002	24.6116202201	0.0320660649000001	-0.8973449999999998	-0.1894919999999998	0.0359072180639999	0.8052280490249997	-0.0171794	-0.0003128	0.00029513178436	9.784384000000125e-08	-0.00595082	-0.00087936	3.54122586724e-05	7.732740096e-07	0.00245099	0.00022881	6.007351980100001e-06	5.2354016100000146e-08	0.0	0.0	0.0	0.0	0.0	0.0	0.0	0.0	0.0	0.0	0.0	0.0	0.0	0.0	0.0	0.0	0.0	0.0	0.0	0.0	0.0	0.0	0.0	0.0	0.0	0.0	0.0	0.0	0.0	0.0	0.0	0.0	0.0	0.0	0.0	0.0	0.0	0.0	0.0	0.0	0.0	0.0	0.0	0.0	0.0	0.0	0.0	0.0	0.0	0.0	0.0	0.0	0.0	0.0	0.0	0.0	0.0	0.0	0.0	0.0	0.0	0.0	0.0	0.0	0.0	0.0	0.0	0.0	0.0	0.0	0.0	0.0	0.0	0.0	0.0	0.0	0.0	0.0	0.0	0.0	0.0	0.0	0.0	0.0	0.0	0.0	0.0	0.0	0.0	0.0	0.0	0.0	0.0	0.0	0.0	0.0	0.0	0.0	0.0	0.0	0.0	0.0	0.0	0.0	0.0	0.0
55196.75878577629	-82.10754258434463	3046682180.455172	6741.648549239967	66873.25330615234	-328.6920039062534	4472032007.748816	108038.43343190847	55658.04151618412	-83.51368509730673	3097817585.4172754	6974.535598532113	55855.43655410026	56809.8629248681	0.8582969999999999	19.662626	0.1241979999999998	0.0750171	0.0022395962	0.0044565629	-0.0019828973	0.002457249	-0.010961759	0.0185707489	0.0243156718	0.032094183	-0.0157206777	-0.0178873718	-0.0379144167	0.0028142631	0.0085876226	-0.0253686089	-0.0022059494	-0.0226820615	-0.034207984	0.0411923777	-0.0344691151	-0.0393258325	0.0153112256	-0.0405433023	0.0544344625	-0.0076458116	-0.0165191664	0.0620668383	-0.0070800474	-0.0219235648	-0.0413553553	0.0839855502	-0.0138951013	0.046396362	0.0310163341	-0.0286516417	0.0084902732	0.0423095704	-0.0483652151	0.0254636558	-0.0348550183	0.0129819536	0.0133196827	-0.0180487789	0.0134177241	-0.0009581939	-0.0338934028	-0.0094210622	-0.0313385237	-0.0154039182	-0.0091099455	0.017164824	-0.0146129256	0.0572447295	-0.0073921146	-0.0350946634	-0.0166493846	0.0200345682	0.0015436976	0.0092106411	0.0146141837	-0.0570030046	-0.0263756647	-0.0165840675	0.0513844897	-0.0273029828	-0.0128448499	0.0185976119	-0.0229748337	-0.0110212947	0.0116811697	0.0043572355	0.0035031161	0.0026643659	0.0120811686	0.0168321732	-0.0030318228	0.0185727312	-0.0183940065	0.0436361799	0.0154386303	0.0431842516	0.0081462329	-0.0084730952	0.0402203498	0.0040512559	0.0088481005	0.0207361545	-0.0053703252	-0.0201617382	0.0347259035	-0.0064947181	-0.103298407	-0.0462726754	-0.0039048365	-0.0311444798	0.0268231614	-0.0446539099	0.0191886215	-0.0531270568	0.0251563864	0.0308007582	-0.0227244559	-0.0041111074	0.0268412209	-0.0021252481	0.0671201437	-0.0289963798	0.014412841	-0.0050641806	0.006030365	0.0195231591	-0.0181841942	-0.0042175175	0.0425151432	0.0288437457	0.0401404322	-0.0164955972	0.0408486093	-0.0576697549	-0.0089564561	0.0071787809	-0.0596857765	0.0098841533	-0.0261216544	-0.0427058925	0.0718272808	-0.0363396956	0.0482681255	0.0096317645	-0.0326930046	0.0123254527	0.0439537924	0.0493923511	0.0273997897	-0.0383511202	-0.0074035185	-0.0099466673	0.0232720022	0.0053001016	0.0119980767	0.0315358992	0.0055035025	0.0305611605	0.0277275957	0.0031489113	-0.0132717919	-0.0061074719	-0.0466606656	0.0439590343	-0.036161696	0.0070780456	-0.0082024728	-0.0182516708	-0.00462307	0.0168120042	0.0536069212	0.0043744734	-0.0035512891	-0.0615824986	0.0305510286	-0.0034779913	-0.0161772	0.0181678422	0.009753456	-0.0040594243	-0.0039351928	-0.006058818	0.0003424149	0.0031752997	0.0312091901	-0.0057611601	0.0222706008	-0.0025571195	-0.0322278236	-0.0072322499	0.0462250851	-0.0024800922	-0.0017961467	0.0363498289	0.0224588141	0.0174754435	0.0083724812	0.0150946553	0.0051324284	-0.0085152769	-0.0666963143	-0.0720309493	-0.0847742756	-0.0093739442	-0.012380152	-0.0346152968	-0.0281305083	0.0374439957	0.0436694016	-0.0162590883	0.0095386299	-0.0179088239	0.0110203761	0.0319771428	-0.0160066936	0.0387496038	0.0583837978	0.0171586981	-0.0212221516	-0.0016076409	-0.0416866252	-0.0124133132	0.0120649821	0.0329157857	0.0032951056	0.0059106193	-0.0090236596	-0.0118044806	0.0060344097	-0.002742964	0.0107740154	-0.0035505243	0.0186122443	-0.0476498787	0.0215239992	-0.0041054245	0.020815641	0.0543101048	0.0030871437	-0.0201455716	0.0066068778	-0.0107341305	-0.0033153865	0.0421097603	0.0119053995	-0.0052099073	-0.0057885462	0.0168183948	-0.0487944286	0.0482683442	-0.0473957345	0.0461828639	-0.0446384398	0.04277355	-0.0406015827	0.0381381307	-0.0354008796	0.0324094805	-0.029185409	0.0257518113	-0.0221333376	0.0183559655	-0.0144468132	0.0104339452	-0.0063461704	0.0022128355	0.0019363856	-0.0060717052	0.0101634351	-0.0141822002	0.0180991493	-0.021886162	0.0255160508	0.0291364	-0.0004485	2.011522500000009e-07	0.00084892980496	-5.00688	-0.0458699999999998	25.0688473344	0.0021040568999999	-0.847093	0.0502519999999998	0.0025252635039999	0.717566550649	-0.0175131	-0.0003336999999999	0.00030670867161	1.1135568999999953e-07	-0.0058597	9.112000000000008e-05	3.433608409e-05	8.302854400000016e-09	0.00232326	-0.0001277299999999	5.397537027600001e-06	1.6314952899999984e-08	0.0	0.0	0.0	0.0	0.0	0.0	0.0	0.0	0.0	0.0	0.0	0.0	0.0	0.0	0.0	0.0	0.0	0.0	0.0	0.0	0.0	0.0	0.0	0.0	0.0	0.0	0.0	0.0	0.0	0.0	0.0	0.0	0.0	0.0	0.0	0.0	0.0	0.0	0.0	0.0	0.0	0.0	0.0	0.0	0.0	0.0	0.0	0.0	0.0	0.0	0.0	0.0	0.0	0.0	0.0	0.0	0.0	0.0	0.0	0.0	0.0	0.0	0.0	0.0	0.0	0.0	0.0	0.0	0.0	0.0	0.0	0.0	0.0	0.0	0.0	0.0	0.0	0.0	0.0	0.0	0.0	0.0	0.0	0.0	0.0	0.0	0.0	0.0	0.0	0.0	0.0	0.0	0.0	0.0	0.0	0.0	0.0	0.0	0.0	0.0	0.0	0.0	0.0	0.0	0.0	0.0
55376.77540069261	180.01661491631967	3066587253.778754	32405.98164593053	68019.06639013672	1145.8130839843798	4626593392.585827	1312887.6234297953	55870.80126480899	212.75974862487053	3121546433.971782	45266.710634918105	56055.92703377736	57643.24050641741	1.040282	23.831678	0.0771629000000001	0.0417704	-0.0011066923	0.0066046736	-0.006545333	-0.0065235205	0.0010812983	-0.0053068516	-0.0021618359	-0.0372285426	0.0028653021	0.0505559013	0.0469353987	-0.0380611737	-0.0092916068	-0.0008577937	0.0371728404	-0.0225508911	-0.0057553028	-0.0152703672	0.010794113	0.0213312141	0.0100497432	0.0541146002	-0.000971352	0.071074574	0.0418931646	-0.0504528779	-0.0313380869	0.0130520812	-0.0153767042	-0.0050813648	0.0451139459	-0.0317454813	0.0416094262	0.0150733588	-0.0246922385	-0.0058401391	-0.0542597069	0.0241075399	-0.0271672764	0.0115307074	-0.0101984913	-0.0086946922	-0.0501299443	-0.031608262	-0.0563751764	-0.0035315348	0.0382659636	-0.0309514024	-0.0250031747	0.0563196924	-0.0175108189	0.0186436484	-0.0155625709	-0.046604633	0.03227553	-0.0028914175	-0.0505160599	0.0076800332	-0.0695089919	0.0115826734	-0.0383535169	0.0011194654	-0.0234996963	-0.0473418137	-0.0094021244	-0.0566551914	-0.0422777779	0.0662018454	0.0263726425	-0.0339832383	0.0664366843	-0.0116369778	-0.0022288042	0.0044997588	-0.0185253094	-0.0391897055	-0.0189852323	-0.0525048625	-0.0331057608	-0.0087775942	-0.0014741329	0.0152868849	-0.0797687809	-0.0098609344	-0.0670904634	0.0119758944	-0.0084494925	0.0134232916	-0.0262095325	0.017712227	-0.0061906325	-0.0635790964	0.0691854215	-0.0184192227	-0.0030729166	0.0510757087	-0.0407311018	-0.017593802	0.0104189949	-0.0167985156	-0.002970803	-0.0437897309	-0.0304852427	0.0003058419	0.0056271915	0.0470984731	0.0420350103	0.040617309	-0.0809102803	-0.0396510355	-0.0284060947	0.0090170664	-0.01404808	-0.0069748533	-0.0194613517	-0.0081328068	-0.0553616722	0.0123953621	0.0803593122	-0.0096194143	0.0516632627	0.0378492999	0.0182064109	-0.0168795768	0.0027743738	0.046629415	-0.0185476059	0.0456330729	0.0105019454	-0.0275751808	-0.0055713525	0.05301516	0.0296579154	-0.0247297947	-0.0146958423	0.0038051638	0.0053046356	-0.0349374194	-0.0468640115	0.0561436602	-0.0029616553	-0.0501543898	0.0263228697	0.0185728567	-0.0507015792	0.0188677694	-0.009067526	0.0328325839	-0.0293142066	-0.0493273021	-0.0161891661	-0.0148336041	0.0362952875	-0.0709592995	0.0089228333	0.0339759655	0.0379688643	0.0322293573	0.0279191678	0.0088109647	0.0448307234	0.0815678982	-0.0497823839	-0.0283630965	-0.030331456	-0.050866412	0.0266267769	-0.0171458319	-0.0047438075	-0.0168015039	-0.0178475133	-0.0417118689	0.0404820366	-0.0333036468	-0.026818363	0.0069057551	0.003389209	-0.0638019647	-0.0533277892	-0.0707738826	0.0090701024	-0.0051818448	0.0188096897	-0.0008229966	0.0478595945	-0.0003374007	-0.0642749087	0.0074404997	-0.0374154737	0.0101243982	0.0287263637	-0.0626407452	0.0286729517	-0.025248712	0.0060213067	0.0140008236	0.0421981524	-0.0031392224	0.0235727504	0.0047067189	-0.0467351704	0.0697033931	-0.0422154051	0.0333701996	0.0684085378	0.0116990776	0.034799412	0.0247870027	0.004117315	0.0067671486	-0.0043884065	0.0106615855	0.0052520674	-0.0246813989	0.0328093227	0.0059204387	-0.0428760361	0.0463574346	-0.0377183662	0.0327634299	-0.023667812	-0.0161253284	-0.0022051806	0.054632805	0.006776285	0.0001133206	-0.0052467336	-0.004278365	0.0171050655	0.0444491697	-0.0308094455	-0.0297433819	-0.0488096981	0.0483292125	-0.0475319038	0.0464229987	-0.0450097667	0.0433014723	-0.0413093142	0.0390463521	-0.0365274207	0.0337690332	-0.030789272	0.0276076712	-0.0242450877	0.020723565	-0.0170661886	0.0132969345	-0.009440512	0.005522202	-0.0015676912	-0.0023970967	0.0063461704	-0.0102536416	0.0140938949	-0.0178417553	0.0214726538	0.027206	-0.0019303999999999	3.726444159999996e-06	0.000740166436	-4.97934	0.0275400000000001	24.7938268356	0.0007584516	-0.875028	-0.027935	0.000780364225	0.765674000784	-0.0174419	7.120000000000043e-05	0.00030421987561	5.069440000000061e-09	-0.00574831	0.0001113899999999	3.3043067856100007e-05	1.2407732099999868e-08	0.00253582	0.0002125599999999	6.430383072399999e-06	4.5181753599999856e-08	0.0	0.0	0.0	0.0	0.0	0.0	0.0	0.0	0.0	0.0	0.0	0.0	0.0	0.0	0.0	0.0	0.0	0.0	0.0	0.0	0.0	0.0	0.0	0.0	0.0	0.0	0.0	0.0	0.0	0.0	0.0	0.0	0.0	0.0	0.0	0.0	0.0	0.0	0.0	0.0	0.0	0.0	0.0	0.0	0.0	0.0	0.0	0.0	0.0	0.0	0.0	0.0	0.0	0.0	0.0	0.0	0.0	0.0	0.0	0.0	0.0	0.0	0.0	0.0	0.0	0.0	0.0	0.0	0.0	0.0	0.0	0.0	0.0	0.0	0.0	0.0	0.0	0.0	0.0	0.0	0.0	0.0	0.0	0.0	0.0	0.0	0.0	0.0	0.0	0.0	0.0	0.0	0.0	0.0	0.0	0.0	0.0	0.0	0.0	0.0	0.0	0.0	0.0	0.0	0.0	0.0
55146.094234656994	-230.68116603561796	3041091709.3376694	53213.80036355233	67467.00110058594	-552.065289550781	4551796237.506465	304776.08392678766	55869.447730294974	-1.3535345140189747	3121395189.6881623	1.832055680640582	56064.931750267606	56774.21736632508	1.377568	31.558533	0.6423058000000003	0.351892	-0.0012263691	-0.0254228668	-0.0075573105	0.0108620477	-0.0368387542	-0.0001246778	0.0049495888	0.0155086375	0.0258238751	-0.0397385007	0.0121045851	-0.1481839973	-0.0594548135	0.0070845272	-0.0034732802	0.0955261788	0.0081245492	0.0017056936	0.0615681065	-0.0195231421	-0.0750485554	-0.00931787	0.0478475174	-0.0278266212	-0.068319044	-0.0010399321	0.0397253778	-0.0379744746	-0.0239198012	0.1018656774	0.0368092989	0.0723784351	0.0673512585	0.0114604353	0.01379375	-0.0407098071	0.013501154	-0.0431463026	-0.009663687	0.0548105218	-0.0009086967	0.0115958506	-0.011024087	-0.0473613568	0.0338223058	0.0150036328	0.0180496791	-0.0308853608	-0.0028213316	0.0464949855	0.010248171	-0.017944894	0.0610279898	-0.0087673734	-0.0202994475	-0.0156159847	0.0176746818	-0.0527977367	-0.0663668483	0.0277123576	-0.0519544566	-0.0285163658	-0.0198465906	0.0234929449	-0.0058480852	0.0300999067	-0.0079868547	-0.0294630061	0.0528315409	0.018232209	0.0125445618	-0.0240633259	-0.024377021	-0.055044441	-0.0171359908	-0.0289536729	-0.0382544178	-0.0431747708	0.0280908959	0.0502963473	-0.0025110582	0.0075645726	-0.0252795573	-0.0240782042	-0.0035249099	0.0093457235	0.055829951	-0.0010201058	-0.0341217166	0.0193630399	-0.0072116814	-0.0125478661	0.0020764634	0.0663305212	-0.0692092873	0.0132443259	0.0082578697	0.0017308117	-0.0358318072	-0.0104143605	-0.0032084178	-0.0392622604	-0.0191644389	-0.0211068193	0.0027331875	-0.0154084798	0.0411708619	0.026771162	0.0211625337	0.0201776943	0.0551582747	-0.0342352208	-0.0013719982	-0.0587179689	0.013411398	0.0796932427	0.0079738201	-0.0563424146	-0.0378653757	0.0461956645	0.0056518584	-0.0366239846	-0.0486929434	-0.0295244348	0.1026751551	0.0084533541	0.0912880105	0.0510642293	0.0101721157	0.0109231227	-0.0397115977	-0.0050169049	-0.0424664681	-0.0097756445	-0.0688223719	-0.0013158355	-0.0081769662	-0.0416858584	0.0011471028	-0.0350325304	-0.0159999554	-0.0262654715	0.0240161318	0.0018918751	-0.0445906568	-0.019261879	-0.0245200159	-0.0499820651	0.0001781173	0.0092370589	0.0140826849	0.0068048832	-0.0357734793	-0.0856539517	-0.0077393167	0.0379111884	0.0170204901	-0.001719734	-0.0518286192	0.0027721313	-0.0459044751	0.0095415837	0.0212402022	-0.058205265	0.0092671689	-0.0162962459	0.0228654637	-0.0098538983	-0.0558355049	-0.0166374209	-0.0058574808	-0.0447860556	0.0413995986	-0.0063433972	0.0282513216	0.0245491226	0.0220667172	0.0018342814	-0.0209189804	0.0015077063	-0.0041672804	0.0564126593	0.0050811921	-0.0474867813	0.0296655827	-0.0225836974	-0.008941972	0.0335438499	0.0396012707	0.0800972886	0.0343097285	-0.00876104	-0.0428282087	-0.0155730882	0.0282947498	0.0139968854	0.014853505	0.0501582654	0.0019290102	-0.0035118984	0.0125450311	0.0359957332	0.0182013935	0.0201556147	-0.017985541	-0.0136155591	-0.0550814938	-0.0616415092	0.0025825229	-0.0408320049	-0.0894147836	-0.1704422234	0.0377072874	-0.0361098948	-0.0708412919	-0.0610296887	0.0554844848	0.0987098242	0.0512998034	0.0108269764	-0.0757190053	0.011127436	-0.0311872511	-0.0118207159	0.0969503561	0.0073711663	0.0337778928	-0.1064350022	0.0095042241	0.0300189122	-0.0174065324	-0.0083965574	-0.048824275	0.0483873377	-0.0476620031	0.0466525943	-0.0453651274	0.0438072762	-0.0419883256	0.0399191169	-0.037611983	0.0350806749	-0.0323402795	0.0294071302	-0.026298709	0.0230335427	-0.0196310923	0.016111637	-0.0124961534	0.0088061905	-0.005063741	0.0012911108	0.0024892147	-0.0062547041	0.0099829142	-0.0136516244	0.0172389684	0.0383973	0.0111913	0.00012524519569	0.00147435264729	-5.21017	-0.2308300000000001	27.1458714289	0.0532824889	-0.607235	0.267793	0.071713090849	0.368734345225	-0.0163894	0.0010525	0.0002686124323599	1.1077562500000029e-06	-0.00438544	0.00136287	1.92320839936e-05	1.857414636900001e-06	0.00230136	-0.0002344599999999	5.2962578496e-06	5.497149159999986e-08	0.0	0.0	0.0	0.0	0.0	0.0	0.0	0.0	0.0	0.0	0.0	0.0	0.0	0.0	0.0	0.0	0.0	0.0	0.0	0.0	0.0	0.0	0.0	0.0	0.0	0.0	0.0	0.0	0.0	0.0	0.0	0.0	0.0	0.0	0.0	0.0	0.0	0.0	0.0	0.0	0.0	0.0	0.0	0.0	0.0	0.0	0.0	0.0	0.0	0.0	0.0	0.0	0.0	0.0	0.0	0.0	0.0	0.0	0.0	0.0	0.0	0.0	0.0	0.0	0.0	0.0	0.0	0.0	0.0	0.0	0.0	0.0	0.0	0.0	0.0	0.0	0.0	0.0	0.0	0.0	0.0	0.0	0.0	0.0	0.0	0.0	0.0	0.0	0.0	0.0	0.0	0.0	0.0	0.0	0.0	0.0	0.0	0.0	0.0	0.0	0.0	0.0	0.0	0.0	0.0	1.0
55020.91379878188	-125.18043587511056	3027300955.2529864	15670.141525882667	67168.5757689209	-298.4253316650429	4511617570.825268	89057.67857939086	55803.96814366236	-65.4795866326167	3114082860.578883	4287.576265578356	56009.32397902296	57039.79976663961	1.32357	30.321495	0.4681946999999997	0.246035	-0.0027409706	-0.0001192854	-0.005309981	0.0043934647	-0.030665882	0.0168204043	0.0356740222	0.0458686561	-0.050815821	0.0072173772	-0.0289347751	0.0790714709	-0.0225290422	-0.0022713271	-0.0555108271	0.0527260753	-0.0062180663	-0.0141013298	0.020660956	0.0038581511	0.0251695447	-0.0270172152	-0.0729198043	-0.1029079223	-0.0459752636	0.0021213868	0.0037329923	-0.0344513264	0.0269106434	-0.0061893299	-0.0074470461	0.0014393077	0.0065791911	0.0052673961	-0.0005023418	-0.0413499906	-0.0252290617	-0.0405258197	0.0622797424	-0.0403846587	0.0030140813	-0.0017513383	-0.0355772662	0.0425363059	-0.0185318875	-0.0344780562	0.0499548276	0.024850186	0.0048036508	-0.0484762103	0.013504833	0.0320962223	0.0908816126	0.0218838009	-0.0231415341	0.0397424079	0.0002058445	-0.0104560249	0.013382013	0.0417693865	-0.0005668888	-0.0014713294	-0.035456565	-0.033870962	0.0279189848	0.0266602313	-0.0045407961	-0.0199197832	0.0415798373	0.0680987194	-0.0652460499	-0.012708061	-0.0171156524	-0.0059745826	-0.006228025	-0.0206078095	0.0156614851	-0.0660686467	-0.0081531374	0.0361908268	-0.0246983602	-0.0298615046	0.0512846772	0.0280274578	-0.0083253612	0.025859893	0.0272581393	0.0404733105	-0.0003399411	-0.0282952464	-0.0667441145	-0.0073378347	0.0080611527	-0.0374640588	-0.018744111	-0.0083984489	-0.0539926972	0.0012337279	0.0301300081	0.0068641069	-0.0176254528	0.0256966888	-0.0237845672	-0.0079529942	0.0078717138	-0.0476528854	0.03483161	0.0540577357	0.0008739218	-0.0186984606	0.0092277492	-0.015213351	-0.0160053482	-0.0208148362	-0.0050206807	-0.0238929312	0.029734783	0.0574218405	-0.1222843744	0.0118150245	-0.0052041513	-0.0048770815	-0.0348329036	0.0214469743	-0.0043101094	-0.0003601438	-0.0006231035	0.0111902313	0.0104160874	-0.0008036141	-0.0467620343	0.0234507131	-0.0403834305	0.062646742	0.0496839879	-0.0023833692	0.0014199009	0.0278327	-0.0375933183	0.0219024381	0.044165294	-0.0318251911	-0.0422553633	-0.0039212595	0.0325627149	-0.0619348113	-0.0789239307	-0.0437867632	0.0329591664	0.005883894	-0.0216424304	-0.0263045442	-0.0138134055	0.0077513502	-0.039613394	0.0253056393	0.0173704097	0.0267821839	0.0081401319	0.034823977	-0.0259540276	-0.0190765216	0.0358621148	-0.0219488579	0.0790907909	0.0371339199	-0.0013582878	0.0033485831	-0.0111885742	-0.0159382554	-0.0314613995	0.0118339963	0.0483519254	-0.013229634	-0.0161368726	-0.0355870769	0.0153154517	0.0534740107	0.0351137634	-0.0083895365	0.0206841223	0.0365500582	-0.0531179632	-0.0221790612	-0.0204346977	-0.0382618814	-0.0419029814	0.0015528542	-0.0369590791	0.0092813128	-0.0485872651	-0.0512363309	0.015966082	0.0044493465	-0.0169087037	-0.0111147604	-0.0343379711	0.0180625274	0.0328035704	-0.036227603	0.0451865033	0.0389892168	-0.0012570664	0.0513535767	0.0075741135	-0.0029780994	-0.003950018	-0.0426572975	0.0012641673	-0.0052542864	-0.029712517	-0.0239597669	-0.0053072659	0.0762243463	-0.1090894018	-0.0136358084	0.0325524582	-0.0359665459	0.0415475204	-0.0386859948	0.0006795488	0.0446745993	0.0250114141	-0.0352814826	0.0163605384	0.0237298597	0.0130384914	0.0290211278	0.0224207815	-0.0704302292	0.0543015962	0.0648217477	-0.0488381591	0.0484427166	-0.0477860158	0.0468715983	-0.0457043959	0.0442907033	-0.0426381448	0.0407556328	-0.0386533201	0.0363425447	-0.0338357689	0.0311465121	-0.0282892778	0.0252794756	-0.0221333376	0.0188678315	-0.0155005685	0.0120497088	-0.0085338634	0.0049719936	-0.0013833093	-0.0022128355	0.0057970462	-0.0093499925	0.0128525131	0.040349	0.0019517	3.8091328900000023e-06	0.001628041801	-5.10311	0.1070599999999997	26.0417316721	0.0114618435999999	-0.8290739999999999	-0.2218389999999999	0.0492125419209999	0.6873636974759998	-0.0178771	-0.0014877	0.00031959070441	2.2132512900000044e-06	-0.00561579	-0.0012303499999999	3.15370973241e-05	1.5137611224999995e-06	0.00227253	-2.8830000000000088e-05	5.1643926009e-06	8.311689000000051e-10	0.0	0.0	0.0	0.0	0.0	0.0	0.0	0.0	0.0	0.0	0.0	0.0	0.0	0.0	0.0	0.0	0.0	0.0	0.0	0.0	0.0	0.0	0.0	0.0	0.0	0.0	0.0	0.0	0.0	0.0	0.0	0.0	0.0	0.0	0.0	0.0	0.0	0.0	0.0	0.0	0.0	0.0	0.0	0.0	0.0	0.0	0.0	0.0	0.0	0.0	0.0	0.0	0.0	0.0	0.0	0.0	0.0	0.0	0.0	0.0	0.0	0.0	0.0	0.0	0.0	0.0	0.0	0.0	0.0	0.0	0.0	0.0	0.0	0.0	0.0	0.0	0.0	0.0	0.0	0.0	0.0	0.0	0.0	0.0	0.0	0.0	0.0	0.0	0.0	0.0	0.0	0.0	0.0	0.0	0.0	0.0	0.0	0.0	0.0	0.0	0.0	0.0	0.0	0.0	0.0	0.0
55037.43549834835	16.52169956646685	3029119306.234855	272.9665565645909	67197.54718457031	28.971415649415576	4515510347.622554	839.3429247312017	55765.65199808087	-38.31614558148431	3109807942.7710614	1468.1270122214994	55971.05921258028	56800.72436840503	1.129867	25.883972	0.2506145	0.138149	0.0033522307	0.0134678874	0.0017827259	-0.0054038345	-0.0203154141	0.0058519247	0.0491262527	-0.0070462654	-0.0131798578	0.048135289	-0.0018048221	-0.0122673697	0.0417588135	-0.0118096516	0.0198577474	-0.0432608117	-0.021826839	-0.0071307132	-0.0269120377	0.0307416365	0.0290799321	0.0582136893	0.0012949166	-0.0159051119	-0.0148737494	-0.0057882743	-0.0239846172	0.0551663222	-0.0095851157	0.0025399933	-0.0061021457	-0.0250365468	-0.0275465707	0.0155450467	0.0003010206	-0.0029617692	-0.0104834787	0.0493258409	0.00345678	0.0139369902	0.0151166777	-0.0538931848	0.0121149859	0.0037850798	0.0102471636	-0.0051275389	-0.0364142483	0.0665950715	0.017951804	-0.0548481439	-0.0782010787	0.0032466496	-0.0012573664	0.0271551483	-0.0540898403	0.0337791081	0.0103586586	0.0443350814	0.0100717985	-0.0560669566	0.05755266	-0.0513475374	0.0263036153	0.0100826764	0.0076168856	0.0429101971	0.0331652126	-0.0016730388	0.0336724068	-0.0413774227	0.0028672384	0.0426704959	0.0292598169	-0.0626205881	0.048939329	-0.0153188083	0.0571990491	0.0211720689	0.0262072151	-0.0145125461	-0.0261687867	-0.0387583442	-0.0229892301	0.0215820359	-0.0001741085	0.0091725107	0.0369200882	0.0293745721	0.0092458495	0.0212222036	-0.0252383112	-0.0020339668	0.0037375503	0.0246183907	0.0382376173	0.0151364366	-0.0163041236	-0.0069393541	-0.0138881122	0.0362085552	-0.0232633418	-0.0151836063	-0.02287593	0.0261824117	-0.0124849489	0.0072179003	-0.0431011628	0.0055880308	0.0064299885	-0.060779393	0.0019268868	-0.0007247772	-0.0079821374	0.0275745935	-0.0309369933	-0.0300102655	-0.0586449047	-0.0070757574	-0.0186932515	0.0092536861	0.0019444283	0.0213604965	0.0575653439	0.0008620861	0.0053380092	-0.0018416015	-0.0289899074	-0.0299688059	0.0133125229	-0.0025101465	-0.0011628762	0.0041051394	0.052810055	0.0024340102	-0.0060097772	-0.0035608056	0.0542136231	0.0135865509	0.0036938877	-0.0119986065	-0.0115243481	0.0617297229	-0.054140554	-0.027274107	0.0476538158	0.0612839633	-0.0388463625	-0.0016145876	0.0230120815	0.0443101106	0.0012668829	-0.0683054957	-0.0007508426	0.0356972242	0.020965806	-0.0657039638	0.0175430205	-0.0509888051	-0.0104333496	0.0079438606	-0.0264101186	-0.0190007408	-0.0268039007	-0.0405589497	-0.0336602123	-0.0066959852	-0.0487849476	0.0455048083	-0.0516872471	0.055914888	-0.0297708414	0.0507139198	0.0038787135	0.0347691297	0.0359904712	-0.038703955	-0.0194343776	-0.032485608	0.0087604009	-0.0169370836	0.00061777	0.0398333296	-0.0234994173	0.0101450842	0.0087725521	-0.0207007918	0.0082094213	0.0352921756	0.0069277855	-0.0351836416	0.0094449835	-0.0115775902	0.0155725586	-0.006779723	0.0276808673	-0.0358788099	0.0261498811	-0.0328379025	0.0225165263	-0.0203613078	-0.0050334138	-0.0365829104	0.0112322351	0.0172271291	0.0704556453	-0.0167805904	0.0082251676	-0.045292278	0.0047151971	0.0078038766	0.0089281801	0.0543891745	0.0128304499	-0.0332261005	0.069725343	-0.034979864	-0.0172484375	-0.0280026744	-0.0139403655	0.0073083858	0.007837593	0.0057315965	-0.0153690813	0.0479386387	-0.0161887127	-0.0009809911	-0.0224496067	0.0146228485	-0.0123493337	-0.0078403891	-0.0322747005	0.0331997722	-0.0488513503	0.0484953459	-0.047903926	0.0470799613	-0.0460274517	0.0447515066	-0.0432583199	0.0415551402	-0.0396502352	0.0375528523	-0.0352731729	0.0328222635	-0.0302120217	0.0274551188	-0.0245649379	0.021555509	-0.018441441	0.015237851	-0.0119602904	0.0086246698	-0.0052471816	0.0018442215	0.0015676912	-0.0049719936	0.0083521601	0.027069	-0.01328	0.0001763584	0.000732730761	-4.98707	0.1160399999999999	24.8708671849	0.0134652815999999	-0.90705	-0.0779760000000001	0.006080256576	0.8227397025000001	-0.0182482	-0.0003710999999999	0.0003329968032399	1.3771520999999942e-07	-0.00584501	-0.00022922	3.41641419001e-05	5.254180840000021e-08	0.00253858	0.0002660499999999	6.4443884164e-06	7.078260249999994e-08	0.0	0.0	0.0	0.0	0.0	0.0	0.0	0.0	0.0	0.0	0.0	0.0	0.0	0.0	0.0	0.0	0.0	0.0	0.0	0.0	0.0	0.0	0.0	0.0	0.0	0.0	0.0	0.0	0.0	0.0	0.0	0.0	0.0	0.0	0.0	0.0	0.0	0.0	0.0	0.0	0.0	0.0	0.0	0.0	0.0	0.0	0.0	0.0	0.0	0.0	0.0	0.0	0.0	0.0	0.0	0.0	0.0	0.0	0.0	0.0	0.0	0.0	0.0	0.0	0.0	0.0	0.0	0.0	0.0	0.0	0.0	0.0	0.0	0.0	0.0	0.0	0.0	0.0	0.0	0.0	0.0	0.0	0.0	0.0	0.0	0.0	0.0	0.0	0.0	0.0	0.0	0.0	0.0	0.0	0.0	0.0	0.0	0.0	0.0	0.0	0.0	0.0	0.0	0.0	0.0	0.0
55009.26400436807	-28.171493980276864	3026019126.302265	793.6330730807756	66927.62582366943	-269.9213609008875	4479307098.393103	72857.54107058718	55720.5681213733	-45.083876707576565	3104781711.768602	2032.5559389839648	55907.60097526166	56031.31110427658	1.100195	25.204231	0.2804087000000002	0.14781	0.0059388371	-0.0081820915	0.0040640244	-0.0041465038	-0.050561169	-0.00856551	0.0502222096	-0.0265698629	-0.0050319809	-0.0309849745	0.0088929178	-0.0627597315	-0.0291577923	0.0112828894	-0.0376723462	0.005367371	0.0009861439	0.0342320995	-0.0151014999	0.0055688932	-0.0379199349	-0.0113054493	0.0376244485	0.0015374237	0.0361759393	-0.0463987137	0.0188637945	0.0378716398	0.0013307581	0.0301984746	-0.0170556683	0.0668425961	0.0490649233	0.0764418976	0.0742981622	0.0137569137	0.012712196	-0.0042647243	0.0338848238	-0.0139901714	-0.0262788006	0.0573749558	-0.0253873434	-0.019885205	0.0006942489	-0.047177375	-0.0470856312	-0.0067994015	0.0156524818	0.0139012312	0.0305602225	0.0033378747	-0.009727826	-0.0009418484	0.0570788884	-0.0577160994	-0.0014860477	-0.0855686826	-0.0758114574	0.019594489	0.0415108095	0.0049706331	-0.0281904825	-0.0158215391	0.0369155042	-0.0120395763	-0.0016899793	-0.0235535349	-0.0245046773	0.0158774859	-0.0103137936	-0.0716241104	0.0142025144	-0.0002168709	-0.0420406846	-0.0011016902	-0.0325392359	0.0506756244	-0.0518799992	0.034300314	0.0293101143	-0.0018838647	-0.0380888423	0.0258422653	-0.0250128843	-0.009127165	-0.0223023149	-0.0182054885	0.0446770631	-0.0008602559	0.0046226197	-0.0063110784	-0.0171286965	0.0276750796	-0.0141660985	-0.0643912546	-0.027091794	0.0219171068	-0.0100368028	-0.0078329674	0.0067336499	0.0550991031	-0.0169322908	0.0296770603	-0.0099178386	0.0100240728	-0.0371424445	-0.0118598819	0.0234418205	-0.0089578492	-0.006818192	-0.0096109744	0.0352892647	0.0151591979	-0.0047430766	0.0368386063	0.0147697193	-0.0313884176	0.0188015338	-0.0377097939	0.0466828108	-0.015572688	0.0336302887	0.0028830712	0.0319244756	-0.0309177458	0.0699329753	0.0469747103	0.0823923247	0.0662521082	0.0140771095	-0.0086122898	-0.0066981565	0.0287107564	0.0109975853	0.019169125	-0.0500817928	-0.0347906798	-0.0129647388	0.0033041507	0.0429838584	0.0435863719	0.0297292688	-0.0187645994	-0.0101255121	-0.0207620782	0.0257629262	0.0094732833	0.0085248702	-0.0419691485	-0.0106739183	0.0728252555	-0.0101046602	-0.1076750338	-0.0285017668	-0.0484523756	0.0140886386	0.0295788162	-0.0025868833	0.0282792351	0.0106373549	-0.0247394144	0.0394728358	0.0214629344	0.018542763	0.0034228771	0.0613782104	0.0290918652	-0.0031973901	-0.044942663	0.0203515315	-0.0335743648	-0.0381871906	-0.06974467	0.0140321446	-0.0004165017	-0.023877941	-0.0398009632	0.0076065453	-0.0276098032	-0.0210898515	-0.0088042799	0.0220281999	0.0328987162	-0.0297527828	0.0075893702	-0.0060365796	0.0055853048	0.0299995664	0.0048711143	-0.0555825633	0.0114381473	-0.0472213473	-0.0088926742	-0.0111841025	0.0028560163	-0.0292642408	-0.0409749217	0.0318196062	0.0081778703	0.0018377393	-0.0328521255	0.0039572787	-0.0159920057	-0.0089429544	-0.0138075768	0.0068730049	0.0246175155	0.0013468811	-0.017861629	-0.0317101231	-0.0414003236	0.0334559037	-0.027968585	-0.0349679344	-0.0263593683	-0.0202415189	0.0513141739	0.021249539	0.0110507574	-0.0373157518	-0.0271454043	-0.0055666671	-0.007432627	0.0217953938	-0.0008276081	0.0084728452	-0.0534421795	-0.0157356551	0.0190654542	-0.056229253	0.0196676445	-0.0488638482	0.0485452228	-0.0480157186	0.0472776357	-0.0463341804	0.0451894509	-0.0438484199	0.0423169129	-0.0406015827	0.0387098805	-0.0366500239	0.0344309608	-0.0320623308	0.0295544231	-0.026918132	0.0241649094	-0.0213067153	0.0183559655	-0.015325478	0.0122284171	-0.0090782364	0.0058886202	-0.0026734239	-0.0005533855	0.0037777911	0.0393577	0.0122887	0.00015101214769	0.00154902854929	-5.07662	-0.08955	25.7720706244	0.0080192025	-0.7841329999999999	0.1229170000000001	0.015108588889	0.6148645616889997	-0.0175595	0.0006887	0.0003083360402499	4.743076900000006e-07	-0.00557479	0.00027022	3.107828354409999e-05	7.301884840000038e-08	0.00238444	-0.00015414	5.685554113599999e-06	2.3759139600000032e-08	0.0	0.0	0.0	0.0	0.0	0.0	0.0	0.0	0.0	0.0	0.0	0.0	0.0	0.0	0.0	0.0	0.0	0.0	0.0	0.0	0.0	0.0	0.0	0.0	0.0	0.0	0.0	0.0	0.0	0.0	0.0	0.0	0.0	0.0	0.0	0.0	0.0	0.0	0.0	0.0	0.0	0.0	0.0	0.0	0.0	0.0	0.0	0.0	0.0	0.0	0.0	0.0	0.0	0.0	0.0	0.0	0.0	0.0	0.0	0.0	0.0	0.0	0.0	0.0	0.0	0.0	0.0	0.0	0.0	0.0	0.0	0.0	0.0	0.0	0.0	0.0	0.0	0.0	0.0	0.0	0.0	0.0	0.0	0.0	0.0	0.0	0.0	0.0	0.0	0.0	0.0	0.0	0.0	0.0	0.0	0.0	0.0	0.0	0.0	0.0	0.0	0.0	0.0	0.0	0.0	0.0
55079.35375391921	70.08974955113808	3033735209.949374	4912.572992141261	67235.34422021484	307.7183965454169	4520591512.410777	94690.61157248243	55700.88611619016	-19.682005183138244	3102588714.1287856	387.3813280290807	55905.69942131006	56888.58802569501	1.037956	23.778408	0.1390255999999999	0.0995043	-0.0020371505	0.003593169	-0.00184077	-0.0001547003	-0.0335612683	0.0088156369	0.0304731585	0.0323397962	-0.0294201	-0.0159129839	-0.008728485	0.0369537303	0.0013743241	-0.0122365323	-0.0118267087	0.0103752584	-0.027951165	0.0098316086	-0.0299122154	-0.0245329066	-0.0031594969	-0.0508405207	-0.0155254406	-0.0395844752	-0.0339110767	0.0138268734	-0.0286855701	0.0015357131	0.0142303133	-0.0002124057	-0.0138329997	0.0274202099	-0.0379027874	0.0161808081	-0.0244991273	0.0360440626	0.0063915463	0.0135802872	-0.0312349376	-0.0218896268	0.0278135037	0.0369744282	-0.0355857145	0.0544395998	0.0233572405	-0.0253922456	0.0631786228	0.0060759578	-0.048027469	0.0033991297	-0.0145268928	0.0100784606	-0.0040190476	0.0029521415	-0.0704540506	0.000418069	-0.0145516505	-0.0002003343	0.0134876846	-0.0176158242	-0.0210890021	0.0121105558	0.0476588439	0.0297597813	0.0163920025	0.0503449099	-0.003422567	0.0021562339	-0.0007358168	0.0729257616	0.0448005781	0.0868753013	-0.0613404791	0.0269688037	0.0014205774	0.0191754263	0.0201835713	-0.0095850498	0.0175357673	-0.0239720797	-0.0046884418	-0.008393393	-0.0410633628	-0.0044574878	0.0484680421	0.0227667367	-0.0361971502	0.0171369266	-0.0025297761	0.0227835764	0.0463208042	-0.0274024251	0.0221007233	0.0067458118	0.0347580395	-0.0374889395	0.0247100051	-0.0708153589	-0.0028081799	-0.0200752309	0.0296670337	0.0226526731	-0.0111893407	0.0193589221	-0.0163579092	-0.0388477467	0.0531950842	-0.0308342235	-0.039300007	-0.0021031924	-0.0204858792	0.0492935911	0.0095952166	0.0267317794	0.0240441713	0.0013781131	0.0507182245	0.0048581996	-0.052634153	0.0200405286	-0.015128024	0.0231461218	-0.000468454	0.0212233479	-0.004842942	-0.0160855803	0.0179825014	-0.040587475	0.0123002732	-0.0269841792	0.0360177666	-0.0090241244	0.0166558871	-0.0229145327	0.0206825651	-0.0353033856	-0.0395635005	0.0216620665	-0.0367264832	-0.0121345376	0.0498341407	-0.0517189722	-0.0426403592	0.0447697017	0.0004029857	0.0051402956	-0.0260371279	0.0025112899	-0.0151511827	0.066100081	0.0159133196	-0.0094425812	0.0187837622	0.0125749321	0.0121890212	0.0048540315	-0.0468842462	-0.0448474776	-0.014054832	0.0152000184	-0.0522532837	0.0064368632	0.0010306474	-0.0024959297	0.0405211636	-0.0503414362	-0.05695325	-0.1025606596	0.0169704494	0.0066095991	-0.0039495723	0.0264878347	0.008131236	0.0357294821	-0.0061660418	0.0029814774	-0.008995698	-0.0408425452	0.0001707516	0.0322703271	0.024454505	-0.006600351	0.0270013859	0.0406923942	0.0553067779	0.0165578839	-0.0126331418	-0.0054872658	0.0067803421	-0.0132979381	-0.0039463192	0.0671007026	0.0387044881	-0.0598409548	-0.0071613521	0.0279889556	-0.0167362316	-0.0190402217	0.0032449713	-0.0122554929	0.0324684066	0.055125689	0.0245513416	-0.0374644312	0.0148775287	0.046017762	0.0348399217	-0.0410028264	-0.0009467898	0.0011203405	-0.0031271365	0.0140699765	0.0036569175	0.0238560211	-0.0302786877	-0.0203128017	0.0024087372	-0.050536393	0.0376507646	-0.0298132426	0.014248207	0.0337583425	0.0100556113	-0.0233917303	-0.0183582604	-0.0124078813	0.0058469253	0.0291878367	-0.0082406785	-0.0355742241	0.0289026361	0.0687501716	-0.0488756528	0.0485923444	-0.0481213794	0.0474645768	-0.046624473	0.0456043123	-0.0444080345	0.0430402594	-0.0415062691	0.0398119877	-0.0379639583	0.0359693177	-0.0338357689	0.0315715513	-0.029185409	0.026686557	-0.0240846454	0.0213897225	-0.0186121956	0.0157627911	-0.0128525131	0.0098926005	-0.0068944842	0.0038697424	-0.0008300562	0.0359841	-0.0033736	1.138117696000003e-05	0.00129485545281	-5.07542	0.0011999999999998	25.759888176400004	1.4399999999996828e-06	-0.871691	-0.0875580000000001	0.007666403364	0.759845199481	-0.0174392	0.0001203	0.0003041256966399	1.4472090000000064e-08	-0.00636911	-0.00079432	4.05655621921e-05	6.309442624000004e-07	0.00236118	-2.325999999999977e-05	5.5751709924000005e-06	5.410275999999895e-10	0.0	0.0	0.0	0.0	0.0	0.0	0.0	0.0	0.0	0.0	0.0	0.0	0.0	0.0	0.0	0.0	0.0	0.0	0.0	0.0	0.0	0.0	0.0	0.0	0.0	0.0	0.0	0.0	0.0	0.0	0.0	0.0	0.0	0.0	0.0	0.0	0.0	0.0	0.0	0.0	0.0	0.0	0.0	0.0	0.0	0.0	0.0	0.0	0.0	0.0	0.0	0.0	0.0	0.0	0.0	0.0	0.0	0.0	0.0	0.0	0.0	0.0	0.0	0.0	0.0	0.0	0.0	0.0	0.0	0.0	0.0	0.0	0.0	0.0	0.0	0.0	0.0	0.0	0.0	0.0	0.0	0.0	0.0	0.0	0.0	0.0	0.0	0.0	0.0	0.0	0.0	0.0	0.0	0.0	0.0	0.0	0.0	0.0	0.0	0.0	0.0	0.0	0.0	0.0	0.0	0.0
55059.88849639179	-19.46525752742309	3031591321.235097	378.8962506089013	67526.73006054688	291.3858403320337	4559859272.669965	84905.70794600544	55797.49082182362	96.60470563346462	3113359982.011492	9332.46915052835	55993.90091467947	56819.78980506798	0.8749789999999998	20.044785	0.1784386000000003	0.0890463999999999	0.001411291	0.0090139709	0.0044223522	-0.0030439161	-0.0138571333	-0.0027159026	0.0347756982	-0.0034905799	-0.0143952326	0.0451016371	0.0324779656	0.0157862637	-0.0099847447	0.0242793638	0.008707394	-0.0229123461	0.0210045142	-0.0249187198	-0.0102103415	0.0120192937	0.0322084525	0.0154863335	0.0199707732	-0.0151145974	0.0095103037	-0.0056174459	-0.0147820632	-0.0294872386	0.0452090432	0.0026768347	0.0066286016	0.0018246477	0.0106303754	-0.0016687464	-0.0408080762	-0.0182345444	-0.0471794517	-0.0062647796	-0.0291021165	0.0060811018	-0.0047776261	0.0153142257	0.0029268213	-0.0278361371	-0.0707385132	-0.0099306777	0.0605993354	-0.0192684197	0.0315829856	-0.012489704	-0.0072660499	0.0213572498	0.014905625	0.0006749875	0.0704545207	0.0240190654	-0.014185248	0.0108689913	-0.0022401632	-0.0339018966	0.0014244209	-0.0025167877	0.0407219394	-0.0412357123	0.0361672322	0.0124547671	0.0148532523	-0.0334016351	0.010194181	-0.0545613931	0.0032293055	0.0034432952	0.1032899911	-0.0393974935	-0.0180156365	0.0136048096	-0.0001571095	0.028585155	-0.0289717188	-0.0086251322	-0.0042576543	-0.0469150591	-0.0361756258	-0.0021128059	0.0090395625	0.0215825758	0.0058439142	0.0554069654	-0.0062884756	-0.0370984026	0.005873541	0.0398499906	0.001870125	0.0550559732	0.0439094877	0.0362308813	-0.0214302805	0.0510305502	0.0512052527	-0.0138481534	-0.0338093573	0.0425098945	-0.0162418477	0.05072368	-0.0017558824	-0.0344272885	-0.0070709999	-0.038987317	0.0480938865	0.0557928827	0.0177394578	0.0386652003	-0.0244267027	0.0109046883	-0.009001917	-0.0334172748	-0.0165285548	-0.0189990361	-0.0054321132	-0.0185713776	0.0062328791	0.0104437926	-0.0332009002	0.0406605222	0.0046466155	0.0090918179	-0.001235891	0.0088310985	-0.0042609309	-0.0410867932	-0.0165040603	0.0488432949	-0.0016427687	-0.0273758645	-0.0088092812	-0.0005552217	-0.0147766226	-0.0135993547	0.0030253915	0.0685991463	-0.0061677134	-0.0560287459	0.0079912192	-0.0368313699	0.0132205954	-0.0030333085	-0.0193362398	0.0132909263	0.0229845536	-0.0674291215	-0.0377750728	0.0030215148	0.0103406675	0.0054361919	0.0289022227	-0.0029416732	-0.009476704	-0.0402932493	0.0383318694	0.0365702262	-0.002484443	-0.0220447837	0.0169151945	-0.0132134148	-0.0542608331	-0.0187896676	-0.0244854837	0.1097043042	-0.0021194255	-0.0155891618	0.0233004778	0.0056736608	-0.0116215518	-0.011906297	0.0174932003	-0.0461437843	-0.0279216912	-0.0423890014	-0.0137939021	0.0048049918	0.0235865135	0.0122623533	-0.0405100279	0.003123949	0.0293673829	0.0213014157	0.0268608415	0.0661186241	0.0086040917	-0.0504810236	-0.017310493	-0.0414759377	0.008817242	0.0736204795	-0.0108658179	0.0156277378	-0.0322499869	-0.0177237301	0.0384310171	0.0218043501	0.0416263741	-0.0314091473	0.0509602574	-0.039529837	-0.0733835394	0.0205278737	-0.0044914548	0.0267542145	0.0015704838	0.0056022041	0.0081203033	0.0475197331	0.007494903	-0.0032051468	0.0116559195	0.0070512705	-0.0440066334	0.00578675	-0.0472516345	-0.0070262311	-0.0155656018	0.0026772084	0.0022730602	0.0380565164	-0.0058564077	0.0015875416	-0.0031413994	-0.0028017058	-0.0219282772	-0.0007956445	-0.0261026354	0.0072078339	-0.0488867639	0.0486367079	-0.048220895	0.0476407421	-0.0468982266	0.045995879	-0.0449367745	0.0437245227	-0.0423632548	0.0408576104	-0.0392127206	0.0374341914	-0.035528084	0.0335008948	-0.0313595323	0.0291112946	-0.0267638437	0.02432518	-0.0218036145	0.0192077409	-0.0165464061	0.0138286801	-0.0110638251	0.0082612638	-0.0054305477	0.0181305	-0.0178535999999999	0.0003187510329599	0.00032871503025	-5.00467	0.0707500000000003	25.0467218089	0.0050055625	-0.912061	-0.04037	0.0016297369	0.831855267721	-0.0176804	-0.0002412	0.0003125965441599	5.817744000000021e-08	-0.00569856	0.0006705499999999	3.24735860736e-05	4.4963730249999974e-07	0.00228363	-7.755000000000001e-05	5.2149659769e-06	6.014002500000002e-09	0.0	0.0	0.0	0.0	0.0	0.0	0.0	0.0	0.0	0.0	0.0	0.0	0.0	0.0	0.0	0.0	0.0	0.0	0.0	0.0	0.0	0.0	0.0	0.0	0.0	0.0	0.0	0.0	0.0	0.0	0.0	0.0	0.0	0.0	0.0	0.0	0.0	0.0	0.0	0.0	0.0	0.0	0.0	0.0	0.0	0.0	0.0	0.0	0.0	0.0	0.0	0.0	0.0	0.0	0.0	0.0	0.0	0.0	0.0	0.0	0.0	0.0	0.0	0.0	0.0	0.0	0.0	0.0	0.0	0.0	0.0	0.0	0.0	0.0	0.0	0.0	0.0	0.0	0.0	0.0	0.0	0.0	0.0	0.0	0.0	0.0	0.0	0.0	0.0	0.0	0.0	0.0	0.0	0.0	0.0	0.0	0.0	0.0	0.0	0.0	0.0	0.0	0.0	0.0	0.0	0.0
54988.17980775859	-71.70868863319629	3023699918.5703897	5142.136025492695	66907.72923876953	-619.0008217773429	4476644231.888495	383162.01736102585	55654.184424867024	-143.3063969565992	3097388243.997112	20536.723408682385	55852.16786839914	56059.89183428876	0.966602	22.143755	0.1427759000000003	0.0839774999999999	0.0043955418	-0.0013816119	0.0010261685	-0.0057281529	-0.0398225666	-0.0008090169	0.0407294205	-0.0223077834	-0.004761438	-0.0284046794	-0.0379088401	-0.0133174847	0.0205356059	-0.0032002041	0.0122428468	0.0043141374	0.0045156285	0.0287098884	-0.0434045171	0.0217292886	0.0111572809	-0.0104424166	0.0411610629	-0.0168439418	-0.0341112215	0.0043175439	0.00205232	0.0234661114	-0.0243939268	0.0236339408	-0.0292336777	-0.0319772916	-0.0203968469	-0.0169605226	-0.0090822318	-0.0067317947	-0.0225504199	-0.0069050936	0.0337324492	0.009170194	-0.0205858513	-0.0209643642	-0.0117624736	-0.0411727353	0.015622799	0.0117974743	0.0456787782	-0.0355240885	0.0210677481	0.0162822206	0.0045259729	0.0041265927	-0.0329155221	-0.0167764494	-0.0022284127	-0.0216326813	0.0138242867	0.0443761605	-0.0195473338	0.0006601046	-0.0211700937	0.0551293045	-0.0002872083	0.0439650544	0.0685746427	-0.0032733137	0.0173973789	0.0483716504	-0.0182119377	0.0121024234	0.0312051187	0.0203313469	0.0124510846	-0.0092880274	-0.0093722044	0.004291267	0.0365063626	-0.0042668658	0.0133970898	0.0302934145	-0.0044413568	-0.0139367197	0.0033585618	0.0253793719	-0.0729351724	0.0017685015	-0.0395604401	-0.0124102645	-0.0319973978	0.0091016563	-6.74267e-05	0.0658010886	0.0369468774	0.0021752663	-0.0195881838	0.011873977	0.0406676339	-0.0115113748	-0.0852299288	0.0097424989	-0.0136830161	-0.0242406936	0.0587400689	0.0170953997	-0.0132252874	0.0052274718	-0.0062601516	0.0028020366	0.0646012228	-0.033281273	-0.0115815213	-0.0144178196	0.0290520429	0.0433093938	-0.0219552735	-0.0132014063	0.0105652456	-0.0463826307	-0.0211636184	0.0214004403	-0.0063206064	-0.006076696	0.0260709529	-0.0180826607	0.0184194849	-0.0281213974	-0.034409036	-0.023349389	-0.0148231054	-0.0066478822	-0.0075419638	0.0235052346	-0.007511943	0.0300590425	-0.0120664134	0.0237148473	0.0168504579	-0.0209876077	-0.0085589595	-0.0152673782	-0.0246951548	-0.0588079284	0.0255730237	-0.0348788491	-0.0022067399	0.0189873512	0.0337443979	0.0396456676	-0.0162877441	-0.0129270577	0.0491003303	-0.0132839038	0.0133813979	0.0032280607	0.0016329058	0.019496165	-0.056529011	0.0215421511	-0.022812598	0.0633055025	0.003459859	-0.003322948	-0.0391838749	0.0120359207	0.0148127518	-0.0298008172	-0.011265509	-0.0103882671	-0.003438341	-0.0077378839	0.0064239191	0.0184991181	0.0381024052	-0.0145673304	0.0448014484	-0.0113923296	-0.0091813371	0.0031932158	0.010169647	-0.0697389827	0.0068155735	-0.0584702297	0.0105669831	-0.0150843302	0.0045440411	-0.0123295614	0.041847056	0.0103871091	-0.052752581	0.0267155195	0.0421359569	0.0323885989	-0.0366624129	-0.0162742305	0.0689180572	-0.0070389515	0.0050650896	-0.012064288	-0.066256511	-0.0050973294	-0.0065868526	-0.0282163872	0.0519689135	0.0227114816	-0.0036144417	-0.0311318832	0.0043158273	0.0110637636	-0.0019088428	0.0004555484	-0.003286884	0.014270934	0.0184092117	-0.0008620985	0.0168775215	-0.0457300909	0.0270972134	-0.0256673042	0.0286232092	-0.0154497527	-0.0029721931	-0.0156186517	-0.0084650367	-0.0071115135	-0.0177732806	-0.0110675959	-0.0137611114	0.0055535839	-0.0213843006	-0.0251065497	0.0010419235	0.0289434859	-0.0488971813	0.048678311	-0.0483142525	0.0478060917	-0.0471553442	0.046363951	-0.0454342724	0.0443690814	-0.043171555	0.0418452649	-0.0403941669	0.0388225891	-0.0371352188	0.0353370889	-0.0334335625	0.0314303169	-0.0293333271	0.0271488476	-0.0248833938	0.0225437227	-0.0201368126	0.0176698424	-0.01515017	0.0125853106	-0.0099829142	0.0300064	0.0118758999999999	0.0001410370008099	0.00090038404096	-5.06822	-0.0635500000000002	25.6868539684	0.0040386025	-0.8579639999999998	0.0540970000000001	0.002926485409	0.7361022252959997	-0.017625	5.540000000000059e-05	0.0003106406249999	3.069160000000065e-09	-0.00554729	0.00015127	3.07724263441e-05	2.2882612900000067e-08	0.00222524	-5.839000000000018e-05	4.951693057599999e-06	3.409392100000021e-09	0.0	0.0	0.0	0.0	0.0	0.0	0.0	0.0	0.0	0.0	0.0	0.0	0.0	0.0	0.0	0.0	0.0	0.0	0.0	0.0	0.0	0.0	0.0	0.0	0.0	0.0	0.0	0.0	0.0	0.0	0.0	0.0	0.0	0.0	0.0	0.0	0.0	0.0	0.0	0.0	0.0	0.0	0.0	0.0	0.0	0.0	0.0	0.0	0.0	0.0	0.0	0.0	0.0	0.0	0.0	0.0	0.0	0.0	0.0	0.0	0.0	0.0	0.0	0.0	0.0	0.0	0.0	0.0	0.0	0.0	0.0	0.0	0.0	0.0	0.0	0.0	0.0	0.0	0.0	0.0	0.0	0.0	0.0	0.0	0.0	0.0	0.0	0.0	0.0	0.0	0.0	0.0	0.0	0.0	0.0	0.0	0.0	0.0	0.0	0.0	0.0	0.0	0.0	0.0	0.0	0.0
55107.72507776381	119.5452700052192	3036861363.2463984	14291.071580620765	67239.3132290039	331.5839902343723	4521125243.5081	109947.94257974833	55858.4693147818	204.2848899147793	3120168594.19042	41732.31624749352	56056.1115585603	56627.49681031859	0.915524	20.973614	0.0838997999999999	0.0462488	0.0007416859	0.0028322896	0.000920244	0.0018962464	-0.0199000471	0.0098978726	0.0257603611	0.037082244	-0.0051348822	-0.0084910735	0.0179017117	-0.0141640497	-0.0005131586	0.0060005199	-0.0308728657	-0.0279927815	0.0127033062	-0.0208714526	0.0123734212	0.008879348	0.0037416245	-0.0062566428	0.0149169612	0.0096997244	0.0510678205	-0.0242653381	-0.0025118957	0.0271868191	0.035332564	0.0078176357	0.0018288439	0.0115043641	0.0201835632	-0.0138341064	0.0003930299	0.0341398942	-0.0532421614	0.0427064861	-0.0070872766	0.011367582	0.0110469816	-0.0107031962	-0.0350011169	-0.0219834671	-0.0390709571	0.0036582734	-0.0161338476	0.0202481503	-0.016508916	0.0031195259	-0.0127141981	0.0370411579	-0.016853517	-0.0292741988	-0.002839915	0.0490644738	0.0062961802	-0.0113607111	0.0612129889	0.0066419837	-0.020148839	0.0027974686	0.0083552622	-0.0240966483	0.0076199348	0.0330851842	-0.0513979961	0.0089381905	0.0191324396	0.0274792471	-0.0009233271	0.0212565643	0.0040634274	0.0376151434	0.0171530186	-0.0078879887	0.009624361	0.016559568	-0.0285973894	-0.0039388087	-0.0111312441	-0.0134664458	-0.020649814	-0.0187286521	0.004747126	-0.0619175808	0.0661966794	0.0073677998	0.0020599258	-0.0326605709	-0.0184340043	0.0206987829	-0.0151384104	0.0689246808	0.0230226975	0.0082204095	0.0153588524	-0.0179649393	-0.0273045214	0.0046499273	0.0140552536	0.0206683058	-0.021715927	0.0124146688	0.0130201059	0.0275467907	0.0285637236	-0.0261481268	0.0274698883	0.0202243822	0.0101672021	-0.0333451589	-0.0211710881	-0.0130357631	-0.006552888	-0.0048167598	0.008327974	-0.0080832234	0.0272205102	-0.0459381353	0.0247252413	0.0049097023	0.0208579115	0.033019708	0.0141781261	-0.0020118942	0.0097549067	0.0239566645	-0.0157207664	0.0013393734	0.032716952	0.0495642175	0.0446328109	0.0001831336	-0.0025605479	-0.0145630732	0.0125077072	-0.0275053479	-0.0366599538	0.0387319662	-0.0077182227	0.0260225068	-0.0090551757	0.0123833039	-0.0098407064	0.0015743735	-0.0305864185	0.0272385723	-0.0392284449	0.0059611498	-0.0468951419	-0.0018698964	-0.0249088911	0.0539844368	-0.0069348075	0.0211140373	-0.0025654788	-0.0075656614	0.0182447391	0.0155813834	-0.025823125	0.0471907398	0.0065338946	0.0045692395	0.024724033	-0.0074569965	-0.0173850143	-0.0029744659	0.0420994074	0.0151077334	-0.0245916652	0.0167982952	-0.0254678538	-0.00852009	-0.0139447183	-0.0302186828	-0.000474368	-0.0113479165	-0.0181998602	0.0067954641	-0.0667741971	0.0355145418	-0.0258404967	-0.0366630416	-0.0058223735	0.013762176	0.0135255641	0.0673005563	0.0418682907	-0.0239260003	0.0274295697	0.015592166	-0.0053875408	-0.0185250801	0.0183222346	-0.0047653738	-0.0170758321	-0.0013293012	0.0235356087	0.0309234529	-0.0139854654	0.0075627745	0.0294122431	-0.0118565036	-0.0352504472	-0.0106741364	-0.0394173902	-0.0006972076	-0.0037115456	-0.0036273444	0.0033927797	0.0191845811	0.0166437405	-0.0099417499	-0.0123663042	0.0117554273	-0.0583354292	0.0163731689	-0.0140091718	-0.0009126425	-0.0236316154	0.0044250055	-0.0003584847	-0.0170128958	-0.000192524	-0.0149693469	-0.00056474	-0.0269428996	-0.0221618124	-0.005229182	-0.0253118077	0.0118199418	-0.0489069049	0.0487171511	-0.04840144	0.0479605879	-0.0473957345	0.0467083402	-0.0459001824	0.0449733504	-0.0439302406	0.04277355	-0.0415062691	0.0401316745	-0.0386533201	0.0370750283	-0.0354008796	0.0336352026	-0.0317825624	0.0298477488	-0.0278357645	0.0257518113	-0.0236012772	0.0213897225	-0.019122865	0.0168065656	-0.0144468132	0.0294996	-0.0005067999999999	2.568462399999982e-07	0.00087022640016	-5.03148	0.0367399999999999	25.3157909904	0.0013498275999999	-0.870468	-0.0125040000000001	0.000156350016	0.757714539024	-0.0173458	0.0002791999999999	0.00030087677764	7.795263999999821e-08	-0.00566786	-0.00012057	3.2124636979600006e-05	1.4537124900000096e-08	0.00250845	0.00028321	6.292321402500001e-06	8.020790410000019e-08	0.0	0.0	0.0	0.0	0.0	0.0	0.0	0.0	0.0	0.0	0.0	0.0	0.0	0.0	0.0	0.0	0.0	0.0	0.0	0.0	0.0	0.0	0.0	0.0	0.0	0.0	0.0	0.0	0.0	0.0	0.0	0.0	0.0	0.0	0.0	0.0	0.0	0.0	0.0	0.0	0.0	0.0	0.0	0.0	0.0	0.0	0.0	0.0	0.0	0.0	0.0	0.0	0.0	0.0	0.0	0.0	0.0	0.0	0.0	0.0	0.0	0.0	0.0	0.0	0.0	0.0	0.0	0.0	0.0	0.0	0.0	0.0	0.0	0.0	0.0	0.0	0.0	0.0	0.0	0.0	0.0	0.0	0.0	0.0	0.0	0.0	0.0	0.0	0.0	0.0	0.0	0.0	0.0	0.0	0.0	0.0	0.0	0.0	0.0	0.0	0.0	0.0	0.0	0.0	0.0	0.0
55108.633342419984	0.9082646561728324	3036961468.869284	0.8249446856527536	67383.54020703126	144.2269780273491	4540541490.832598	20801.42119090144	55756.81992338612	-101.64939139568014	3108822967.968908	10332.598771112172	55956.73281026998	56887.08820832488	0.863105	19.772762	0.1401350999999994	0.066886	-0.0010141694	-0.000223531	-0.005339369	-0.0012527019	-0.0213142147	0.001492684	0.0217365455	-0.0092678537	-0.0106326343	0.0343950263	-0.0404674706	-0.001902242	-0.006777012	-0.0042995807	-0.0084137871	0.015606522	0.0007795408	0.0233041496	-0.0132666075	-0.0435416155	0.0047505329	0.0059986189	-0.0011211023	-0.0181655658	-0.0473582637	-0.009089359	-0.0142388506	0.0371073541	-0.021996495	-0.0422624177	0.0338186689	-0.0100492184	-0.0030288399	0.0207572379	-0.0075234047	0.0205809841	-0.0021104552	0.0370861266	-0.0203106091	0.0060574221	0.0281600754	0.021105286	0.0015063693	0.0144055447	0.0085528976	-0.025968263	-0.0248067941	-0.0312665046	-0.027389991	-0.0198167114	0.0083329788	-0.0546077985	0.0396042069	-0.0055625932	-0.0030716601	0.055314583	-0.0380039576	-0.012277414	0.035038834	-0.0438152983	0.0080800798	-0.0019488952	-0.0020879653	-0.0161543788	-0.0211395861	-0.0547380812	-0.0054827495	0.0122778409	-0.0452599923	0.0190886673	-0.0279773051	0.0066801821	0.0070981117	-0.024863743	0.0036286213	0.0347509974	-0.0413759226	0.0207017169	-0.0153236922	0.01688049	0.0312124135	0.0457787276	0.0131450133	-0.0143689419	-0.0126761284	0.0109017149	0.0034415448	0.0250509448	-0.0023943852	-0.0193603934	0.0212041432	-0.0053759918	-0.0310840629	0.0086118326	-0.0100130041	-0.0065182196	-0.0268958166	-0.0706892402	0.0074732908	-0.011534182	-0.0087272691	0.0271377425	-0.0259427452	0.0173787126	0.0270168213	-0.0045748811	-0.011416581	-0.0495913523	-0.0094177739	-0.0159783506	0.0100691406	-0.0081139271	0.0244006434	0.0129569401	0.0409873768	-0.0032190006	-0.0087239018	-0.0085380437	-0.0359882442	0.0422471079	0.006899377	0.0109137144	0.0415002437	-0.0101193413	-0.036374854	0.0401049517	-0.0030211294	-0.0007967035	0.0177128969	-0.0098509288	0.0213809067	0.0013476942	0.0346135296	-0.0144139257	-0.0118710212	-0.0290679731	-0.0118992982	-0.0084274075	0.0088035078	-0.0041642304	0.0430026892	0.0124619031	0.030466674	0.0382674687	0.0142546361	-0.0120594752	0.0031707711	-0.0738391141	0.0029057792	0.0027818311	-0.0456293875	-0.022780425	0.0141216531	0.0305388979	0.0364725854	-0.0197199551	-0.00593067	0.0070640312	0.0192163317	-0.016878977	0.0596338575	0.0035624887	-0.0090048541	0.0425276322	0.0146346666	0.0127591996	-0.0172802607	0.008410481	-0.0154388808	0.003774892	0.0525710815	-0.0154803768	-0.0274871534	-0.0213311827	-0.0040964961	0.042797436	0.0139762956	0.0115369346	-0.008466662	-0.003183392	0.010555036	0.0008136121	-0.0163168075	-0.0084003463	0.0038351008	-0.0033053405	0.0105701894	-0.0119447546	0.032959299	0.0050960197	-0.035412259	-0.0071503854	0.0509636201	-0.0406248358	0.029291982	0.010189272	-0.0207499808	0.0062782007	0.0260911441	0.0421003693	0.0306448152	-0.0201326242	0.0181142931	-0.0273719266	0.0070396461	0.0356633723	-0.0294850164	0.0916506301	-0.004953967	0.0005409674	-0.0020636947	-0.0033083923	0.0183898289	0.0197831608	-0.0067427323	-0.0377910248	0.0398591428	-0.0280894692	-0.0076148768	-0.0185289388	5.77977e-05	0.025900551	0.0121746499	0.0365733949	-0.0318251509	-0.0047145913	0.0075010619	-0.0116740035	-0.00248459	-0.0133907295	0.01893463	0.0432823711	-0.0489159345	0.0487532262	-0.0484824465	0.0481041957	-0.0476193122	0.0470288708	-0.0463341804	0.0455367808	-0.0446384398	0.0436411487	-0.0425471181	0.0413587732	-0.0400787482	0.0387098805	-0.0372552045	0.0357179449	-0.0341015091	0.0324094805	-0.0306456097	0.0288138067	-0.026918132	0.0249627879	-0.0229521086	0.0208905514	-0.018782686	0.0406177	0.0111180999999999	0.0001236121476099	0.00164979755329	-5.08982	-0.0583399999999993	25.906267632399995	0.0034035555999999	-0.841987	0.0284809999999999	0.0008111673609999	0.708942108169	-0.0168174	0.0005284	0.00028282494276	2.792065600000019e-07	-0.00577611	-0.0001082499999999	3.33634467321e-05	1.1718062499999965e-08	0.00230118	-0.00020727	5.2954293924e-06	4.2960852900000124e-08	0.0	0.0	0.0	0.0	0.0	0.0	0.0	0.0	0.0	0.0	0.0	0.0	0.0	0.0	0.0	0.0	0.0	0.0	0.0	0.0	0.0	0.0	0.0	0.0	0.0	0.0	0.0	0.0	0.0	0.0	0.0	0.0	0.0	0.0	0.0	0.0	0.0	0.0	0.0	0.0	0.0	0.0	0.0	0.0	0.0	0.0	0.0	0.0	0.0	0.0	0.0	0.0	0.0	0.0	0.0	0.0	0.0	0.0	0.0	0.0	0.0	0.0	0.0	0.0	0.0	0.0	0.0	0.0	0.0	0.0	0.0	0.0	0.0	0.0	0.0	0.0	0.0	0.0	0.0	0.0	0.0	0.0	0.0	0.0	0.0	0.0	0.0	0.0	0.0	0.0	0.0	0.0	0.0	0.0	0.0	0.0	0.0	0.0	0.0	0.0	0.0	0.0	0.0	0.0	0.0	0.0
55184.16860282495	75.53526040496945	3045292464.385011	5705.575564446545	67090.2095625	-293.3306445312628	4501096219.140165	86042.86702112606	55812.66233982109	55.842416434963525	3115053277.458883	3118.3754732958846	56004.64652340033	56316.51587294541	0.915154	20.965134	0.1387509999999992	0.0653888	0.0024594473	-0.0016800004	0.0028624804	-0.0052172421	-0.0142007551	-0.0172388947	0.0095214961	-0.0295891109	0.0031152245	-0.0418975702	0.0080942999	-0.0174084349	0.0123332235	0.0064589976	-0.0194366276	-0.0217409812	0.0051024963	-0.0168631829	-0.0051109959	0.0346284168	-0.0113148465	0.0085060065	0.0286590364	0.0120442097	0.0352938113	-0.0157474334	0.0083456533	0.0305783911	-0.017548275	-0.0157644795	-0.0576150689	0.0274223565	-0.0142490503	0.04789299	-0.0332697548	-0.0006554622	0.001963334	0.0169823241	-0.0388105004	0.0560112276	0.0032356359	-0.0362782994	0.0243291382	-0.0441084481	-0.0032231942	0.0505399723	0.0037892437	0.011303628	-0.0219034305	0.0577923855	0.0454532672	-0.0362231174	-0.0017156646	0.0043657307	-0.0235846623	0.0650905539	-0.0419952495	-0.0220219757	-0.0394826012	0.0010451531	-0.0380339493	0.056962805	-0.0098789126	-0.0438908886	0.0002434183	-0.033460432	0.0006397087	-0.0283377318	-0.0130054023	-0.0394727303	0.0184539193	0.0034365555	-0.0164778157	-0.0060537329	0.0131077197	-0.0338993636	-0.0169900236	0.0255090565	-0.0110466285	-0.0120167621	0.0099049593	-0.006195411	0.0233914356	-0.0206674504	0.0472109502	-0.0067869262	0.0802193615	-0.0039940297	-0.0126820089	0.0599871765	-0.0370854828	0.0276252011	-0.0035178358	-0.0680198658	0.0180647753	0.0079795871	0.0077869566	0.006172893	0.0305350256	-0.0252684892	0.0024502946	-0.0091231414	0.0248595306	0.043401817	-0.0168805744	0.0290263221	0.0347661346	0.0021043069	0.0522421924	0.000236055	-0.0080699599	0.007508712	-0.0165321396	0.0075407414	-0.0319998703	0.0099119462	-0.0069952356	-0.0210524078	0.0295510297	-0.0336384278	0.0151564707	-0.0077809028	0.032803588	-0.0111834977	-0.0196741173	-0.0545546765	0.0164300813	-0.0143979252	0.0475175429	-0.0397658834	-0.0015372053	0.0020249004	0.0144479103	-0.031204728	-0.0584928202	-0.0040032278	0.0394666212	-0.0365248994	0.0253379525	0.0019815922	-0.0520211531	-0.0055538723	-0.0078008593	0.0266008971	-0.066597708	-0.0353881096	0.0283579938	-0.0252710424	-0.0112745266	0.0290872481	-0.0486475225	-0.0312508301	0.0173000738	-0.0429252973	0.0178758435	0.0397896793	-0.0385444855	0.0494846295	0.047816166	0.01131855	0.0322281128	0.0044794441	0.0185817631	0.0026892471	-0.0563800654	-0.0088740088	-0.0004353158	-0.0061058342	-0.0160200166	0.0162502523	-0.0262945435	-0.0140699961	-0.0419233902	0.0039138812	-0.0126357091	-0.004507584	-0.004247938	0.0253577959	-0.0113154963	0.0467625062	-0.0223609103	0.0831633024	0.0057511006	-0.0189667705	-0.0012321282	-0.048283652	0.0270819447	-0.0415196131	-0.0563442208	-0.0258894231	0.0138151334	-0.0081953377	0.0171989337	0.0139871886	-0.0141796041	0.0215635962	0.0243441489	-0.0362933251	-0.0082103115	0.0100626206	-0.0304328085	0.0199603902	0.0511317083	0.0220151324	-0.0383468151	-0.0141713868	0.0082200741	0.0113469368	-0.0040911746	-0.0029710283	0.01141155	0.020552264	0.0161209081	-0.0217713282	0.0125121118	0.0143946491	-0.0501414207	0.0086089495	0.0161900014	0.0171862245	-0.0139105571	-0.0415202865	-0.0066532088	0.0056104649	0.002923748	-0.0143582824	0.0008251063	-0.01720197	-0.0293480968	0.0061425097	-0.0306657043	-0.0132458588	-0.04892427	0.0487865342	-0.0485572616	0.0482368825	-0.047825998	0.0473253789	-0.0467359647	0.0460588611	-0.0452953387	0.04444683	-0.043514927	0.0425013783	-0.0414080854	0.0402370998	-0.0389906186	0.0376709804	-0.0362806612	0.0348222698	-0.0332985423	0.0317123377	-0.0300666323	0.0283645137	-0.0266091756	0.0248039116	-0.0229521086	0.0274217	-0.013196	0.000174134416	0.00075194963089	-5.03563	0.0541899999999992	25.3575694969	0.0029365560999999	-0.875475	-0.0334879999999999	0.0011214461439999	0.766456475625	-0.0172873	-0.0004698999999999	0.0002988507412899	2.208060099999989e-07	-0.00598585	-0.0002097399999999	3.58304002225e-05	4.399086759999997e-08	0.00237908	7.79000000000001e-05	5.6600216464e-06	6.0684100000000175e-09	0.0	0.0	0.0	0.0	0.0	0.0	0.0	0.0	0.0	0.0	0.0	0.0	0.0	0.0	0.0	0.0	0.0	0.0	0.0	0.0	0.0	0.0	0.0	0.0	0.0	0.0	0.0	0.0	0.0	0.0	0.0	0.0	0.0	0.0	0.0	0.0	0.0	0.0	0.0	0.0	0.0	0.0	0.0	0.0	0.0	0.0	0.0	0.0	0.0	0.0	0.0	0.0	0.0	0.0	0.0	0.0	0.0	0.0	0.0	0.0	0.0	0.0	0.0	0.0	0.0	0.0	0.0	0.0	0.0	0.0	0.0	0.0	0.0	0.0	0.0	0.0	0.0	0.0	0.0	0.0	0.0	0.0	0.0	0.0	0.0	0.0	0.0	0.0	0.0	0.0	0.0	0.0	0.0	0.0	0.0	0.0	0.0	0.0	0.0	0.0	0.0	0.0	0.0	0.0	0.0	0.0
55186.26528717508	2.09668435013009	3045523876.3464656	4.396085264080438	67271.42929296875	181.21973046875792	4525445199.118895	32840.590711169265	55761.68141017891	-50.98092964217358	3109365113.6902924	2599.0551871802527	55955.99344746075	56879.13020939022	0.906219	20.76045	0.1723606999999995	0.0958263	-0.0028610064	-0.0053849484	-0.0022559183	0.004804163	-0.0073949111	0.0059678752	0.0038437779	0.0267587584	-0.0036938885	-0.0012675464	-0.0392219504	0.0109042215	-0.0094549909	-0.0170592797	-0.0263385462	0.0075091848	0.0252063068	0.0130007628	0.0054468228	-0.0138474806	0.0172325654	-0.0286038084	-0.0124674662	-0.0012949537	-0.0472351411	0.0150857959	0.009583047	0.0099548516	-0.032787463	-0.0076870565	-0.0182953326	0.0278309527	-0.0035184317	-0.0041498957	0.0218695205	0.0073082764	0.0510049293	-0.0484461971	-0.005641273	-0.0196836379	0.0141266294	0.0097861551	-0.0207175447	0.0223519702	0.0164754413	0.0146084788	-0.0257760729	0.0396759778	-0.0276310644	0.0557670428	-0.0214225549	-0.026898921	-0.0003753661	0.0024963868	-0.0421884782	-0.0487924339	-0.0026067057	0.0502496859	-0.0297996283	-0.0337263933	0.022444491	-0.0011073681	0.0006571115	-0.0496505717	-0.0104758156	0.0030550723	0.0208197738	0.0284585001	-0.0675447577	-0.0026830514	-0.0251294337	-0.0044728672	0.017655278	0.0038338705	0.0468006075	-0.0100301519	-0.0346647908	-0.0159380024	0.019559505	-0.0107890381	0.0334771324	0.008722596	0.0049713771	-0.0232601854	-0.0489524362	0.0198869115	-0.0021255733	-0.0254662356	0.0232361573	-0.0691370717	0.0045717013	0.0225640904	-0.0407304674	-0.0051699896	-0.0206278042	0.0404176728	0.0265605098	0.0178674255	-0.0382232651	0.0092618469	0.0077232401	0.0708776424	-0.0017895932	-0.0123873964	-0.0211859396	0.028146271	0.0457629746	-0.0016914014	0.0222231486	-0.0241491835	-0.0390910161	-0.0158184801	0.013480089	-0.0054251151	0.0141817125	-0.0165184177	0.027893818	0.0060067517	-0.0217769073	0.0448144691	-0.0146256758	-0.0116981479	0.0118430862	-0.0274912972	-0.0123840903	-0.0237387275	0.0267294642	-0.0079171485	-0.0001692283	0.0217009712	0.0062401144	-0.0461060176	-0.0545163417	-0.0105576539	0.0183239994	-0.0142712136	-0.0102001652	0.0119507997	-0.0205405063	-0.0188220074	-0.0021233909	0.0311865035	-0.0197075021	0.0287459721	-0.058808602	0.0263895879	0.0035161477	-0.0107027329	-0.0006120449	0.0253034304	0.0661781937	-0.0237556379	0.0360082252	-0.0164982765	0.023297441	-0.0265834862	0.0301088255	-0.0077074081	0.0532524552	0.0051108097	0.0016863607	-0.0263364052	-0.022881145	0.0615279115	0.0113486459	0.0177505714	-0.0071818916	0.0183215248	-0.0040509503	0.0447795155	0.0124186003	-0.0397781604	0.0110748649	-0.0067449338	-0.0080097043	0.0417101866	-0.0273658287	-0.0005239776	-0.0314903553	-0.0281082499	0.0245729636	-0.0313731526	-0.0396486168	-0.0385719245	-0.0766494348	0.0360731635	0.0094138051	-0.0230279331	0.0214606253	0.0152724172	0.0392219818	-0.0040932568	-0.0158809977	0.0097007464	0.00540055	-0.0150960535	-0.0838121709	-0.0079830967	0.0041619247	-0.0044355038	-0.0418363812	0.0286203447	0.0324436344	0.0063302161	0.0049820215	-0.0446746258	0.0196371438	0.0260677082	-0.0074569013	-0.0036990667	-0.0066181136	-0.019314287	0.007163702	0.0204528813	-0.0294487045	-0.0275196364	0.0412138849	0.0064574784	-0.0094103834	-0.0143479128	-0.0006803497	0.0211238982	0.0044004943	-0.032667159	-0.0021898264	-0.0036678526	0.0047362111	-0.0234063035	0.0049433794	-0.0111017313	0.0254594314	0.0146366816	-0.0489319113	0.0488170731	-0.0486258757	0.0483586182	-0.0480157186	0.0475977133	-0.047105256	0.0465391172	-0.0459001824	0.0451894509	-0.0444080345	0.0435571555	-0.0426381448	0.0416524399	-0.0406015827	0.0394872168	-0.0383110855	0.0370750283	-0.0357809787	0.0344309608	-0.0330270864	0.0315715513	-0.0300666323	0.0285146833	-0.026918132	0.0442114	0.0167896999999999	0.0002818940260899	0.0019546478899599	-5.11625	-0.0806199999999996	26.1760140625	0.0064995843999999	-0.8242439999999999	0.0512310000000001	0.002624615361	0.6793781715359998	-0.0170823	0.0002049999999999	0.00029180497329	4.202499999999871e-08	-0.00577234	0.00021351	3.33199090756e-05	4.5586520100000044e-08	0.00232319	-5.5889999999999846e-05	5.397211776100001e-06	3.123692099999983e-09	0.0	0.0	0.0	0.0	0.0	0.0	0.0	0.0	0.0	0.0	0.0	0.0	0.0	0.0	0.0	0.0	0.0	0.0	0.0	0.0	0.0	0.0	0.0	0.0	0.0	0.0	0.0	0.0	0.0	0.0	0.0	0.0	0.0	0.0	0.0	0.0	0.0	0.0	0.0	0.0	0.0	0.0	0.0	0.0	0.0	0.0	0.0	0.0	0.0	0.0	0.0	0.0	0.0	0.0	0.0	0.0	0.0	0.0	0.0	0.0	0.0	0.0	0.0	0.0	0.0	0.0	0.0	0.0	0.0	0.0	0.0	0.0	0.0	0.0	0.0	0.0	0.0	0.0	0.0	0.0	0.0	0.0	0.0	0.0	0.0	0.0	0.0	0.0	0.0	0.0	0.0	0.0	0.0	0.0	0.0	0.0	0.0	0.0	0.0	0.0	0.0	0.0	0.0	0.0	0.0	0.0
55332.66671177128	146.40142459619528	3061704005.435961	21433.377123795453	67594.36333203125	322.93403906250023	4568997954.2626505	104286.39358522044	55819.94443038262	58.26302020370349	3115866196.211004	3394.5795232571613	56019.855693610254	56968.79522530692	0.920726	21.092798	0.2873901000000001	0.167804	-0.001547803	0.0032452021	0.0029204203	0.000101231	0.0227068786	-0.0021142135	-0.0279366339	-0.0137046583	-0.0025820344	0.0365037292	-0.0072694658	0.0614761659	0.0144820599	0.0165069566	-0.0164225282	-0.0318564541	-0.0150132198	-0.0164657068	-0.0272440395	0.0175635076	0.0177373423	0.0330597379	-0.0096302991	0.0010555779	0.0304285987	0.0404810936	-0.0667308086	-0.0280926424	0.0109485866	-0.0473671342	0.0064175389	-0.025289253	-0.0188719423	-0.0380352532	-0.0245013431	-0.0259481968	0.0014242842	0.0471041502	0.0132003181	-0.0481348561	-0.0196732405	-0.0056998837	0.0084821188	0.0170444257	-0.0236952659	0.006511913	0.0003257462	0.0272525474	-0.0244775585	0.0159661717	0.0057613077	0.034868935	0.015970845	-0.0548602906	0.024417895	-0.0454451492	-0.0070055194	0.0027652035	-0.0219852728	0.025949333	0.00029789	-0.0155697495	0.0035122494	0.0362818948	-0.0381484023	-0.052357057	-0.0348662871	0.0686741799	0.0203452105	-0.0115746287	-0.0097549154	0.0203467751	0.0176759122	-0.01494097	-0.020402616	0.0371692336	-0.0492634872	0.0309086241	0.0550063513	-0.0331055582	-0.0371513847	-0.0032308531	-0.006960007	-0.0169753084	-0.0740436306	0.0077103315	-0.0130323844	-0.0500394724	0.1076347774	0.0408456396	-0.034131155	0.0771664899	-0.0294230278	0.017804471	-0.0540184568	0.0339670201	0.0155658779	-0.0237684374	0.0457096711	-0.0004914358	-0.0308642243	-0.0287328374	-0.0401903754	-0.0423772088	0.0206993018	-0.0111239986	-0.0264502361	0.0321148698	0.0132912867	0.0105365894	0.0863941331	-0.0081216067	-0.0152923815	0.02869548	-0.0166819965	-0.0181029272	-0.0326237152	0.0114376006	0.0086522024	-0.0232686675	-0.0427050649	0.0664217476	-0.0215201454	0.0122936366	-0.0507667826	0.0171121895	-0.0299289953	-0.0151113671	-0.039180429	-0.0207212353	-0.0245025744	-0.0090808731	0.0465154151	0.0102284047	0.0525079757	0.0192645438	0.0014414565	0.0153531587	0.0038431407	0.0202082297	-0.0022472421	0.0008597278	-0.0160918958	0.023459195	-0.0204426866	-0.0134798252	-0.0162910204	0.0284625075	-0.0330722375	-0.0601573131	0.042835623	0.0128423957	0.0086033795	-0.024528218	-0.0214342857	-0.0029406879	0.0048258886	0.0024041203	-0.0315097276	-0.0496239398	0.0489598092	0.06297054	-0.0492231141	-0.0075237002	0.014425947	0.0077774141	-0.0195621137	0.0134589176	-0.0006124699	-0.0205730718	0.0480792655	-0.0195013387	-0.0306898986	0.0677115182	0.028310004	-0.0123695465	0.0133912593	-0.0112386255	-0.0359534328	-0.0581513809	-0.0057460272	-0.0073543551	0.0231477473	0.0522614935	-0.1293777545	-0.0350244057	0.0619323729	0.0217218861	0.0012709007	0.0506518135	0.027876188	-0.0243724996	0.0364538281	0.0175202761	-0.0001501234	0.0110268363	0.0115808125	0.0739611562	0.031970596	-0.0061378207	0.0198544489	-0.0283403886	-0.0223153888	0.0359338217	-0.0158086708	0.0098259258	-0.0821877819	0.0399807658	-0.0049150075	0.0100296692	0.0390980949	0.0599401453	-0.0220785684	0.0177179842	0.023914709	0.0275458024	-0.0313438171	-0.0406861209	-0.013445632	-0.0038210291	0.0181125145	-0.0017598946	0.0115206649	0.0470340996	-0.0323911781	-0.0036729154	-0.0018032481	0.0310417575	-0.0177710329	-0.0009865679	0.0288985443	-0.0160065857	-0.0489388583	0.0488448413	-0.0486882801	0.0484693751	-0.0481884067	0.0478457346	-0.0474417976	0.046977113	-0.0464522756	0.0458679577	-0.0452249073	0.0445239479	-0.0437659771	0.0429519653	-0.0420829549	0.0411600588	-0.0401844584	0.0391574033	-0.0380802083	0.0369542528	-0.0357809787	0.0345618882	-0.0332985423	0.0319925587	-0.0306456097	0.0277208	-0.0164905999999999	0.0002719398883599	0.00076844275264	-5.0233	0.09295	25.23354289	0.0086397025	-0.962106	-0.1378620000000001	0.019005931044	0.925647955236	-0.0171817	-9.939999999999948e-05	0.00029521081489	9.880359999999898e-09	-0.00622921	-0.0004568699999999	3.88030572241e-05	2.0873019689999986e-07	0.00256867	0.0002454799999999	6.5980655689e-06	6.026043039999987e-08	0.0	0.0	0.0	0.0	0.0	0.0	0.0	0.0	0.0	0.0	0.0	0.0	0.0	0.0	0.0	0.0	0.0	0.0	0.0	0.0	0.0	0.0	0.0	0.0	0.0	0.0	0.0	0.0	0.0	0.0	0.0	0.0	0.0	0.0	0.0	0.0	0.0	0.0	0.0	0.0	0.0	0.0	0.0	0.0	0.0	0.0	0.0	0.0	0.0	0.0	0.0	0.0	0.0	0.0	0.0	0.0	0.0	0.0	0.0	0.0	0.0	0.0	0.0	0.0	0.0	0.0	0.0	0.0	0.0	0.0	0.0	0.0	0.0	0.0	0.0	0.0	0.0	0.0	0.0	0.0	0.0	0.0	0.0	0.0	0.0	0.0	0.0	0.0	0.0	0.0	0.0	0.0	0.0	0.0	0.0	0.0	0.0	0.0	0.0	0.0	0.0	0.0	0.0	0.0	0.0	0.0
55273.945872601565	-58.720839169713145	3055209092.327288	3448.136952795317	67321.67155126954	-272.69178076171374	4532207460.457014	74360.80729499455	55798.04375831117	-21.900672071446024	3113421687.2544084	479.6394371810159	55991.05786527712	56656.08045226258	0.974175	22.317249	0.2169613	0.137558	-0.0002392907	-0.0074524434	-0.0001020215	-0.0019242398	0.0106285736	-0.0144228845	-0.0203249256	-0.0248011299	0.0253068946	-0.0399075802	-0.0121132644	-0.0471461778	0.0251817393	-0.0033231748	0.0576440287	-0.0120845173	0.029249437	0.0095728993	-0.0142884695	-0.0104646491	-0.0217708422	0.0101458634	0.0202211545	0.03278497	-0.0349508576	-0.0086443137	0.0326573092	-0.0281644991	0.0285203602	-0.001316535	-0.0030415427	-0.0128359779	0.0212121216	0.0106476718	0.0216563537	0.0349077564	0.0088476424	0.0097268184	0.0331241583	0.0406133252	-0.0153519175	0.0300919754	0.0478742589	0.0082505638	0.0466143839	0.0364621189	-0.0018692592	0.0181750903	0.0228835902	0.001001083	-0.0284418677	0.0036106301	-0.0009751894	-0.0381605454	-0.0176828371	0.0147924258	-0.0162300567	-0.0024109827	0.0462011701	-0.0227323222	0.0329567533	-0.0403454528	-0.0436378364	0.0634680973	-0.0127963116	-0.0226017262	-0.0287438281	0.0255282755	0.0076585961	0.0064732134	0.0523164493	0.0149487825	-0.010398077	-0.0442654711	0.0377452789	-0.0198357756	0.0003075776	0.0403452474	0.032640954	0.008467323	-0.0403516153	-0.0263642338	0.0010636526	-0.0245449763	-0.0262464529	0.0750342812	0.0330547051	-0.0159757891	-0.0177281427	0.0106418602	-0.0286996212	-0.0305410044	-0.0045776902	-0.0282769838	0.0071528992	-0.0780789707	0.0322047849	0.051022999	0.0415213514	0.0288488672	0.0301163588	-0.0326878588	-0.0236289919	-0.0294744143	-0.0225507698	-0.0302095502	-0.0033469827	-0.0122360534	-0.0113064988	-0.0162854842	-0.0008466332	-0.0205504059	0.0103371504	0.0149301354	0.0095013511	0.0227723335	-0.0113011982	-0.0209711823	0.0222921838	0.0373183374	0.0097305679	-0.0352165151	-0.0325316071	0.0213906548	-0.0019094188	-0.0050747034	-0.0140665415	0.0206061362	0.0114918314	0.0231068046	0.036146307	-0.0077077515	0.0094816583	0.0318181288	-0.0404831137	0.0243416188	-0.0275611972	0.0212018105	0.0454542334	-0.0470947712	-0.0243237329	0.008438024	-0.0150853012	-0.0139606544	-0.0075748535	0.0202558828	-0.0260102643	-0.0136083308	-0.0414498945	0.0066256222	-0.0145231163	-0.0053325538	0.0088169102	0.0495385852	0.0093858936	-0.0480509284	0.0149632863	0.0199853664	-0.0726414375	-0.0233277844	0.0220676075	0.0345699516	-0.0180079959	0.0008798169	0.0069599807	-0.0408369099	-0.0038572527	-0.0122108232	-0.0332182996	0.0443473958	-0.0095677562	-0.0063285339	-0.029470155	0.0297196901	0.05953438	-0.0347549355	0.006201407	-0.0001339975	-0.0236241645	-0.0182269334	0.065734244	0.0366428986	0.0126129538	-0.0407642248	-0.0059358999	-0.0313478922	-0.0290391233	-0.0180313647	-0.0048631104	0.0072998667	-0.0312796169	0.0522760593	-0.0221424998	0.0324217098	-0.0770895844	-0.0160156637	0.0382683407	0.0348782056	0.0164170665	-0.0568762107	0.0066010807	0.0026941287	0.0078588881	-0.0112770754	0.0231286447	-0.0009657664	0.0068224412	-0.0127446186	-0.0058507689	-0.0069680618	0.0126234812	-0.0097979817	0.0103094799	-0.0318184581	0.0403209879	-0.0274247694	0.03122557	0.0244957489	-0.0094820124	0.0148105072	0.0025231644	-0.0314867132	-0.0117249843	-0.0285814986	-0.0122336672	-0.0068590117	-0.0020674289	-0.0165172501	0.0031010697	0.0296338632	-0.0337988763	-0.0307725682	-0.0489451109	0.0488698372	-0.0487444668	0.0485691282	-0.0483440011	0.0480693164	-0.0477453555	0.0473724506	-0.046950984	0.0464813877	-0.0459641431	0.0453997805	-0.0447888782	0.0441320627	-0.0434300072	0.0426834313	-0.0418931005	0.0410598248	-0.0401844584	0.0392678988	-0.0383110855	0.0373149993	-0.0362806612	0.0352091317	-0.0341015091	0.0439541	0.0162333	0.00026352002889	0.00193196290681	-5.09164	-0.06834	25.9247978896	0.0046703556	-0.846893	0.115213	0.013274035369	0.717227753449	-0.0173087	-0.0001269999999999	0.00029959109569	1.6128999999999654e-08	-0.00606793	0.0001612799999999	3.68197744849e-05	2.601123839999992e-08	0.00262389	5.521999999999992e-05	6.884798732099999e-06	3.049248399999991e-09	0.0	0.0	0.0	0.0	0.0	0.0	0.0	0.0	0.0	0.0	0.0	0.0	0.0	0.0	0.0	0.0	0.0	0.0	0.0	0.0	0.0	0.0	0.0	0.0	0.0	0.0	0.0	0.0	0.0	0.0	0.0	0.0	0.0	0.0	0.0	0.0	0.0	0.0	0.0	0.0	0.0	0.0	0.0	0.0	0.0	0.0	0.0	0.0	0.0	0.0	0.0	0.0	0.0	0.0	0.0	0.0	0.0	0.0	0.0	0.0	0.0	0.0	0.0	0.0	0.0	0.0	0.0	0.0	0.0	0.0	0.0	0.0	0.0	0.0	0.0	0.0	0.0	0.0	0.0	0.0	0.0	0.0	0.0	0.0	0.0	0.0	0.0	0.0	0.0	0.0	0.0	0.0	0.0	0.0	0.0	0.0	0.0	0.0	0.0	0.0	0.0	0.0	0.0	0.0	0.0	0.0
55339.99888804161	66.0530154400476	3062515476.928447	4363.000848723167	67710.48973681641	388.818185546872	4584710420.39952	151179.58141196176	55881.55462894402	83.51087063284649	3122748147.7476544	6974.065513856022	56077.34308656934	57432.34367200183	1.001573	22.944908	0.0712065	0.0486937	-0.0052924967	0.0009113153	-0.0004147865	0.0031906985	0.0180555526	-0.0011125729	-0.0287272039	0.0377805937	-0.0193741536	-0.0029728474	0.0460447742	0.0578491448	-0.0308345644	0.017620114	-0.0311452906	-0.0272614991	-0.0128488495	-0.0350161898	0.0098943072	0.0174513836	-0.0058397977	-0.0094742256	-0.0213837342	-0.0500544382	0.029169052	0.0076489139	-0.0112638359	-0.0281093581	-0.0312187156	0.0126515636	-0.0074116888	-0.061420228	-0.0184544253	-0.0298138339	-0.0209598129	0.010095782	-0.032555226	0.0077550248	0.0255203766	-0.0155167997	-0.0228075596	0.025451696	0.0206229458	-0.0282332123	-0.0126788494	0.0009468632	0.0151083578	0.0416364686	0.0329056426	0.0404876886	-0.0135536396	0.0225008521	-0.0145749955	0.0091241266	0.0181660252	-0.0445516606	0.0494345587	-0.0038902438	0.0314397697	0.0097138717	-0.0148926721	0.0656206869	-0.0157019058	-0.0164861769	0.0464529443	0.0118756985	0.0060067364	-0.0674198929	-0.0159196666	0.0053283964	-0.0119422302	-0.0170966693	-0.0306131514	0.0462047698	0.0099376348	-0.0079249567	0.0514566474	-0.0114048219	-0.013852965	0.0351703241	0.017572899	0.0163687608	-0.0142240362	-0.012903445	0.0456061642	0.0307415497	0.0214986322	-0.0666735338	0.0181845903	0.0236160866	0.0172670813	-0.0243551336	-0.0009933996	0.047280079	-0.0154019425	-0.0014668117	0.0012841205	0.0335620559	-0.0028623483	-0.0100988832	-0.0356208287	-0.0112401484	-0.0150870297	-0.0751583854	0.0014330023	0.0363639677	-0.0354594439	-0.0085023145	0.0057264286	0.0340257965	-0.0085067948	0.0565123292	-0.0364195305	-0.0106692688	-0.0166119305	0.0039493378	0.0126414121	0.0216875094	-0.038421821	-0.0469231365	-0.0093158779	0.0129133714	-0.0220326299	-0.0327677234	0.0063718447	0.0003706494	-0.0602524074	-0.0209316064	-0.0321336278	-0.0153682977	0.0061188101	0.0299110544	0.0078882514	0.0220397767	0.0213953158	0.0237033003	-0.0259373404	-0.0099114512	0.0235392095	0.0183540687	-0.0173871258	0.0028465407	-0.0287911586	-0.0499190194	-0.0412717135	0.0223937873	-0.0022468124	0.0322428963	0.0033192529	-0.0021645115	0.0353076192	0.0495953004	-0.038308772	0.0249412075	-0.0067310964	0.0197986921	-0.0241089715	0.0336638311	0.0264164313	0.0460497221	-0.0164255118	-0.0399102065	0.0641701442	0.0080863398	-0.0124862605	0.0215511698	0.030808445	-0.0327421346	0.0395766607	0.0076341803	-0.0213343863	0.0386990365	0.0140492869	-0.0432923396	0.0033759557	0.0200616483	0.0022462383	-0.0027870323	3.67838e-05	0.0358859097	0.019357387	0.0397532435	0.0793143837	0.000271746	-0.0095569734	0.0176410788	-0.015385914	0.0227402285	0.041680903	0.0249307185	0.0017209979	0.0035876454	-0.0263186766	0.0302127586	0.0270579212	0.0084614083	-0.0078606257	0.0677180394	0.0127015945	-0.0013562439	-0.0491738498	-0.0282963197	-0.0269398034	-0.0014274153	-0.0334333894	0.0523281199	0.027004163	-0.0259590564	-0.0071916261	-0.0043215776	0.0213890225	0.015607733	-0.0126051701	0.0092469096	-0.034483767	0.0496850578	-0.0417293024	-0.0126406816	0.0255082021	-0.0066879492	0.0306361813	0.0330567255	0.0131979186	-0.0248419943	0.0001154526	0.0117506823	0.0027407395	0.0359525524	0.0143115667	-0.0031274831	0.01423645	-0.0182190087	-0.0489506689	0.0488920593	-0.0487944286	0.0486578547	-0.0484824465	0.0482683442	-0.0480157186	0.0477247713	-0.0473957345	0.0470288708	-0.046624473	0.0461828639	-0.0457043959	0.0451894509	-0.0446384398	0.0440518025	-0.0434300072	0.04277355	-0.0420829549	0.0413587732	-0.0406015827	0.0398119877	-0.0389906186	0.0381381307	-0.0372552045	0.0357236	-0.0082305	6.774113025000002e-05	0.00127617559696	-5.07904	0.0125999999999999	25.7966473216	0.0001587599999999	-0.892892	-0.045999	0.002115908001	0.797256123664	-0.0173166	-7.900000000001656e-06	0.00029986463556	6.241000000002614e-11	-0.00606793	0.0	3.68197744849e-05	0.0	0.00254425	-7.963999999999975e-05	6.4732080625e-06	6.342529599999959e-09	0.0	0.0	0.0	0.0	0.0	0.0	0.0	0.0	0.0	0.0	0.0	0.0	0.0	0.0	0.0	0.0	0.0	0.0	0.0	0.0	0.0	0.0	0.0	0.0	0.0	0.0	0.0	0.0	0.0	0.0	0.0	0.0	0.0	0.0	0.0	0.0	0.0	0.0	0.0	0.0	0.0	0.0	0.0	0.0	0.0	0.0	0.0	0.0	0.0	0.0	0.0	0.0	0.0	0.0	0.0	0.0	0.0	0.0	0.0	0.0	0.0	0.0	0.0	0.0	0.0	0.0	0.0	0.0	0.0	0.0	0.0	0.0	0.0	0.0	0.0	0.0	0.0	0.0	0.0	0.0	0.0	0.0	0.0	0.0	0.0	0.0	0.0	0.0	0.0	0.0	0.0	0.0	0.0	0.0	0.0	0.0	0.0	0.0	0.0	0.0	0.0	0.0	0.0	0.0	0.0	0.0
55308.93447798918	-31.064410052429597	3059078233.090501	964.9975719054888	67803.29682568359	92.80708886717912	4597287060.431754	8613.155744000482	55808.29891879231	-73.25571015170863	3114566228.209275	5366.399069831146	56006.84553029853	57192.209870256695	0.977375	22.390558	0.0720311999999998	0.049215	-0.0017844612	0.0011841858	0.0052936671	0.0009080339	0.0320071731	-0.0058854633	-0.0114208968	-0.0381232898	0.0021478354	0.0531141964	-0.0074887771	0.0138159863	0.0089607563	0.0181166896	0.0569799072	-0.0157753328	0.0328378362	0.0125068331	-0.0156488236	-0.0055635996	0.0213010925	0.0365511072	-0.0293974261	0.0704533384	-0.0106992961	-0.0441717334	-0.0074384529	0.0170036953	-0.0024836923	-0.0438548277	0.0217226348	-0.0260131636	0.0102963622	0.0479219563	-0.0206734491	0.045415085	0.0093962409	0.0214170944	0.0172066232	-0.0419576102	-0.0193837224	-0.008893747	0.0036073639	0.0370811084	0.0205110142	-0.0402096751	0.0576169623	0.0134826336	0.0135450109	-0.00836192	0.0191741999	-0.028686442	-0.0013904643	-0.0666876642	0.0386013742	0.0249779483	-0.0299009514	-0.0103537758	-0.0419312094	0.0491842752	-0.0044033443	0.048078987	-0.0284854848	0.0328388965	0.0169845602	-0.0248220416	-0.0148204071	0.0165973708	-0.0124515248	0.0552382474	0.0121338494	-0.0011987279	0.0068962602	-0.0019169966	-0.0174162101	0.0125788557	-0.0360199021	0.023244249	-0.0255992604	0.001601317	-0.0785406279	0.0070372688	0.054525989	-0.0549894585	0.0208493748	-0.0252952778	0.0047570535	-0.0184755954	0.0222300725	-0.0534164215	-0.0212650338	-0.0088128246	0.0293255872	-0.0314938617	-0.0290188096	0.0305185187	-0.0095068242	-0.0478953317	0.0446120689	0.0337591026	0.025041822	0.0123441542	0.0407604272	-0.0007312544	-0.0944593169	0.0064623383	-0.0414059764	0.0071391027	0.0092375095	0.0037801305	0.011638154	-0.022640098	0.0136509882	0.0162291089	0.0038110351	-0.0216373475	-0.0387625901	0.0343217399	0.0498825102	0.043596194	0.0447077838	0.0095333268	0.024391254	-0.0045700461	-0.0411707849	0.0284055929	-0.025477701	0.0209125596	0.0433143224	-0.0209127521	0.0521112541	-0.0129664465	0.0203316042	0.0155373421	0.0472670441	0.020979118	0.0002118819	0.0270892322	-0.0017821521	-0.0126378013	0.0462368784	-0.0531493695	-0.0376603703	-0.0168954413	0.0040405237	-0.0041091048	0.0335394463	-0.0164104968	-0.0440753599	-0.0710380591	-0.0158436833	-0.0190300642	0.0256769967	-0.0333594574	-0.0291535583	0.0166299541	-0.048307369	0.06228413	-0.025596105	0.0035530367	0.0200729904	0.010644337	0.0051621805	0.02368684	0.0516887858	-0.026017939	-0.0034698707	0.0011630007	0.0049259268	-0.0183337734	0.0095231555	-0.0185631917	-0.0345662705	0.0143821217	-0.0089561299	-0.0536128507	0.0765588717	0.0422829985	-0.0218969687	0.0478881921	-0.0146500863	-0.0218117776	-0.0159994304	-0.019812566	-0.0511217158	0.0204667729	-0.028856287	0.0069920792	-0.0309243928	0.0262637195	0.0118537143	-0.0142796033	0.071802542	-0.0165879975	-0.0369598412	-0.037907399	0.0051338466	-0.0416249756	-0.0338907654	-0.0595544606	-0.0283346647	-0.0427946201	-0.002134864	-0.0251487935	0.0036297853	-0.0095241907	-0.0151949998	-0.0662987488	-0.0035995289	0.0034058014	0.0334549357	0.0475178282	-0.018423851	0.018739112	0.0289958414	-0.0103063923	0.0193451664	0.0227478631	-0.0659505228	-0.0087884929	-0.0026508648	-0.0379504336	0.0141399741	0.0360328578	-0.0480444104	0.0167425204	-0.0106652443	-0.0054683511	-0.0007536933	0.0003922736	0.0017333125	-0.0241669569	-0.0489555324	0.0489115064	-0.0488381591	0.0487355344	-0.0486036939	0.0484427166	-0.048252699	0.0480337549	-0.0477860158	0.04750963	-0.0472047632	0.0468715983	-0.046510335	0.0461211897	-0.0457043959	0.0452602033	-0.0447888782	0.0442907033	-0.0437659771	0.0432150141	-0.0426381448	0.0420357148	-0.0414080854	0.0407556328	-0.0400787482	0.0386703	0.0029466999999999	8.68304088999998e-06	0.0014953921020899	-5.08118	-0.0021399999999998	25.8183901924	4.579599999999181e-06	-0.939134	-0.046242	0.002138322564	0.8819726699560001	-0.0173791	-6.250000000000006e-05	0.00030203311681	3.906250000000007e-09	-0.00639849	-0.0003305599999999	4.09406742801e-05	1.0926991359999981e-07	0.00256524	2.098999999999981e-05	6.580456257599999e-06	4.4058009999999206e-10	0.0	0.0	0.0	0.0	0.0	0.0	0.0	0.0	0.0	0.0	0.0	0.0	0.0	0.0	0.0	0.0	0.0	0.0	0.0	0.0	0.0	0.0	0.0	0.0	0.0	0.0	0.0	0.0	0.0	0.0	0.0	0.0	0.0	0.0	0.0	0.0	0.0	0.0	0.0	0.0	0.0	0.0	0.0	0.0	0.0	0.0	0.0	0.0	0.0	0.0	0.0	0.0	0.0	0.0	0.0	0.0	0.0	0.0	0.0	0.0	0.0	0.0	0.0	0.0	0.0	0.0	0.0	0.0	0.0	0.0	0.0	0.0	0.0	0.0	0.0	0.0	0.0	0.0	0.0	0.0	0.0	0.0	0.0	0.0	0.0	0.0	0.0	0.0	0.0	0.0	0.0	0.0	0.0	0.0	0.0	0.0	0.0	0.0	0.0	0.0	0.0	0.0	0.0	0.0	0.0	0.0
55209.54819791816	-99.3862800710267	3048094212.218248	9877.63266635656	67097.86492822265	-705.4318974609341	4502123477.926012	497634.1619553339	55800.52259316066	-7.776325631646614	3113698321.6698337	60.47124032940411	56004.35158665854	56771.38936688312	0.970646	22.23641	0.0728447000000004	0.0417472	-0.002227009	-0.0041722757	0.000267837	-0.0013763597	0.012236532	-0.0140259505	-0.0169092057	-0.0030651335	0.0061821636	-0.0448185429	-0.0213691387	0.0300450199	0.0311618879	0.0206820913	0.0163428369	-0.0444835114	-0.0217634101	-0.0082841257	-0.0113963364	0.0016434102	-0.0159690496	-0.0103936148	0.0224180989	0.0013149705	-0.0231518191	0.0708449436	-0.0080492445	-0.005899474	-0.0063506205	-0.0490292666	-0.0138945003	0.0223119925	-0.0227338946	-0.0138683696	0.0032867571	-0.0042835317	0.0253891118	-0.0161915653	-0.0169318301	-0.0360167212	0.0429936761	-0.0017257595	-0.0204195408	-0.0234603382	0.0381321584	0.0005192624	-0.0531616806	-0.0194644519	-0.0019710341	-0.0271571965	0.0005156041	-0.0521744362	-0.0101943805	0.0411013247	-0.0190419537	-0.0143315885	-0.0347717645	-0.0364830798	0.0400052264	0.0062126887	-0.030663232	-0.0154709174	0.0180034569	-0.0200504527	0.0079540075	0.0540603505	0.0346403521	0.0276083316	0.0375038668	0.0264627685	0.0421786325	-0.0041294098	0.0352075255	0.0238680258	-0.0032171559	0.0047783491	0.0100141639	-0.0090291555	-0.0275710976	-0.0404044476	0.0307554617	-0.0516401229	0.0012804177	-0.0178932421	0.0346618433	-0.0156669703	-0.0219421697	0.0857336829	0.0663413457	-0.0296910783	-0.0864645903	-0.0071001926	-0.0157508972	-0.0125409175	0.0040496358	0.0120795763	0.0084417551	0.007646902	0.0254154382	-0.0306488338	-0.019131559	-0.0333476202	-0.0524615706	-0.0075841822	0.0235802701	0.0286133579	-0.0218537395	-0.0081033993	-0.0125657695	0.0024731383	-0.0599065976	-0.0001829791	-0.0092550225	0.012693377	-0.0042290715	0.0170638129	0.0094607975	-0.0272049598	-0.004066765	0.0224242593	-0.0718416171	0.0057836332	-0.0046299699	-0.0011142994	-0.0507928229	-0.0123890932	0.0177458482	-0.0192312796	-0.0119524488	0.0013023136	-0.0073289356	-0.0245741566	-0.0179359251	-0.0116089876	0.0268537776	-0.0514083656	0.0061213065	-0.0345506386	-0.0107134889	-0.0424945661	0.0009460529	0.0400769705	0.0253447242	0.0176249584	0.0319216707	0.014476434	0.0314604843	-0.0482228477	0.0181375393	0.0436909655	-0.0220238452	0.0474120279	0.0311755438	0.0130370943	-0.016076584	0.0197111557	0.0043008522	-0.0307334007	0.0024022459	0.0218186458	-0.0440507941	-0.0139121119	-0.0514675515	-0.0214379013	0.0125486034	-0.0588846511	0.0069737513	0.0201333181	0.0361416451	-0.0072814169	-0.0108438285	0.0126895649	0.0066981236	0.0035215808	-0.0443411241	-0.0262390533	-0.0574286155	-0.0073444948	-0.0154359069	0.0432899807	-0.0066547816	-0.0008556611	-0.0970500732	0.0534500994	-0.0338229559	-0.0537608639	-0.0490554471	0.0181307033	-0.0064880328	-0.0221960996	0.0022355368	-0.0209616036	0.0037823492	0.028291601	0.0013837197	0.0386822294	0.0388559917	0.0163218039	0.0541530598	0.0172154419	-0.0080185037	-0.0181059487	-0.032627921	-0.0089608726	0.0071466947	-0.0255071759	0.0488244587	0.0174723978	-0.0088152208	2.79629e-05	0.0298005503	0.0266881538	-0.0122125981	-0.0028062505	0.0189893398	-0.0056375499	0.0127291107	-0.0350167751	0.0530802271	-0.0027483901	0.0349973271	-0.0038471093	0.000323099	-0.0286334597	-0.0173385853	0.0094428208	0.0025554914	0.0395046527	-0.0013895252	-0.0103788937	0.0261305748	-0.0222195952	-0.0489597013	0.0489281774	-0.0488756528	0.0488021499	-0.0487077002	0.0485923444	-0.0484561318	0.048299121	-0.0481213794	0.0479229833	-0.0477040178	0.0474645768	-0.0472047632	0.0469246886	-0.046624473	0.0463042454	-0.0459641431	0.0456043123	-0.0452249073	0.044826091	-0.0444080345	0.0439709173	-0.043514927	0.0430402594	-0.0425471181	0.0416815	0.0030112	9.067325440000032e-06	0.00173734744225	-5.09095	-0.0097700000000005	25.917771902500004	9.545290000000976e-05	-0.907486	0.031648	0.001001595904	0.823530840196	-0.0175769	-0.0001977999999999	0.00030894741361	3.91248399999992e-08	-0.00606792	0.0003305699999999	3.68196531264e-05	1.0927652489999977e-07	0.00260518	3.994000000000003e-05	6.7869628324e-06	1.595203600000002e-09	0.0	0.0	0.0	0.0	0.0	0.0	0.0	0.0	0.0	0.0	0.0	0.0	0.0	0.0	0.0	0.0	0.0	0.0	0.0	0.0	0.0	0.0	0.0	0.0	0.0	0.0	0.0	0.0	0.0	0.0	0.0	0.0	0.0	0.0	0.0	0.0	0.0	0.0	0.0	0.0	0.0	0.0	0.0	0.0	0.0	0.0	0.0	0.0	0.0	0.0	0.0	0.0	0.0	0.0	0.0	0.0	0.0	0.0	0.0	0.0	0.0	0.0	0.0	0.0	0.0	0.0	0.0	0.0	0.0	0.0	0.0	0.0	0.0	0.0	0.0	0.0	0.0	0.0	0.0	0.0	0.0	0.0	0.0	0.0	0.0	0.0	0.0	0.0	0.0	0.0	0.0	0.0	0.0	0.0	0.0	0.0	0.0	0.0	0.0	0.0	0.0	0.0	0.0	0.0	0.0	0.0
55268.439493560494	58.89129564233736	3054600404.0533576	3468.184702433183	67356.97584277343	259.11091455077985	4536962194.683964	67138.46603934154	55775.54025439736	-24.982338763300504	3110910890.6699004	624.117250084307	55975.097773326	56983.42209052544	0.908853	20.820803	0.1852839000000008	0.0926078	-0.0020277355	0.0062691355	0.0096211551	0.005038388	0.0325597869	0.004623948	-0.0033095393	0.0229983975	0.001343805	0.0146162611	0.0029611704	0.0475327401	0.0491404737	0.0305087825	0.021519812	-0.0542502431	-0.0065229981	-0.0015351696	-0.0193580182	0.0084345385	0.0104893169	-0.0228558524	-0.0005511485	0.0241476606	-0.0235458261	-0.0013801413	-0.0164610261	0.0051596961	0.0531149257	-0.0178644224	-0.0117794554	-0.0667373231	-0.0167472057	-0.0375309081	-0.0448744552	0.005151612	-0.0353143928	-0.0073281552	-0.0077782532	0.0286643486	-0.0016407678	0.0254446832	-0.0124886247	-0.0437490391	-0.0150976554	0.0844370385	0.0198560831	0.032986707	0.0338149691	-0.0932098433	-0.0197568785	-0.0318502858	-0.0197161233	0.0467315913	0.0058366703	-0.0072692274	0.0344752224	0.0319521901	-0.0175134714	-0.0158147438	-0.0405702039	-0.0421171085	-0.0121465134	0.066024153	-0.0262794349	-0.0001566646	-0.0354636082	-0.0126313443	-0.0267731856	-0.0268698425	0.0028770776	-0.0109207391	0.0128595632	0.0269212066	0.0203386269	-0.0044531758	0.0371614167	-0.0187132656	0.0420784531	-0.0280104025	0.0365795841	0.0282780883	0.0504572965	0.0281967548	0.0399090602	-0.0340131784	0.0179898919	-0.0352579344	-0.0601863137	-0.0124131333	0.0233036498	-0.0205547107	-0.0354143631	-0.0720105306	0.0494062834	0.0475056317	-0.0506210628	0.0394656336	0.0413725822	0.0183501784	-0.0112984866	-0.0188877701	0.0001122632	0.0168089898	-0.0541000667	-0.0012863605	0.0033944072	-0.0171565458	-0.0255555107	0.0279762316	-0.0218798795	-0.0352062642	-0.0015475104	0.0156760095	-0.007111667	-0.0136958442	0.0203169626	0.0022087465	0.0186654278	0.0266069349	-0.0001863929	0.0054957608	0.0023557892	0.0568971266	-0.0170415356	-0.0010887309	-0.0783365292	-0.0173245234	-0.0443039724	-0.0413118042	0.0068376673	0.0365466594	0.0024835776	-0.0088988032	-0.026856167	0.002729661	-0.0402625151	-0.0028539786	-0.0165178819	0.0043285808	-0.1132715288	-0.0004979078	-0.0392768031	-0.043793259	0.089614725	0.0324577051	0.0346943412	-0.0039963952	0.0378555642	0.0107590631	0.0186560062	-0.0204397295	-0.0171074461	0.0016119256	0.0393257864	0.0286390275	0.0109818963	-0.0131398247	-0.0719920631	-0.037363802	-0.0022395387	0.0273067231	0.015964786	0.0277275776	-0.0251730135	0.0124214124	0.0072880591	0.0094957941	0.0275682956	0.0209358739	-0.0192788641	0.0280008437	0.0087172007	0.0316016431	-0.0126416087	0.0546004319	-0.0088820837	0.0500092344	0.0458897428	0.0322044024	-0.0201289435	-0.0080865413	0.0134673272	-0.0500268677	0.0230639907	0.033661269	0.0062177642	-0.0683303479	-0.0050571616	-0.0642243454	-0.0051553748	-0.0720410038	0.0207070578	0.0339999921	-0.0262131465	-0.0250739726	0.0286216495	-0.0253400355	0.0137353689	-0.0394186499	-0.0246210901	0.0112569382	-0.004505419	-0.0428169817	0.000131525	-0.0156563251	0.0067929899	-0.0423916046	-0.0026656867	0.0066522761	0.0403139642	0.0726900446	-0.0340307512	-0.0074639451	0.0515370634	0.0075119212	-0.038156426	-0.006981224	-0.0274490323	0.0099878482	0.0103426989	-0.004367374	0.000211322	-0.0291854369	-0.0194645636	-0.0043699941	0.0006447619	0.0235051629	-0.0188967343	-0.0060513174	-0.0041072278	-0.027152536	-0.0489631754	0.0489420714	-0.0489069049	0.0488576859	-0.0487944286	0.0487171511	-0.0486258757	0.0485206286	-0.04840144	0.0482683442	-0.0481213794	0.0479605879	-0.0477860158	0.0475977133	-0.0473957345	0.0471801374	-0.046950984	0.0467083402	-0.0464522756	0.0461828639	-0.0459001824	0.0456043123	-0.0452953387	0.0449733504	-0.0446384398	0.0167051	-0.0249764	0.00062382055696	0.00027906036601	-5.06014	0.0308100000000006	25.6050168196	0.0009492561	-0.994113	-0.086627	0.007504237129	0.988260656769	-0.0181398	-0.0005629	0.00032905234404	3.168564100000018e-07	-0.00634566	-0.00027774	4.02674008356e-05	7.713950760000017e-08	0.00262195	1.6770000000000153e-05	6.8746218025000005e-06	2.8123290000000513e-10	0.0	0.0	0.0	0.0	0.0	0.0	0.0	0.0	0.0	0.0	0.0	0.0	0.0	0.0	0.0	0.0	0.0	0.0	0.0	0.0	0.0	0.0	0.0	0.0	0.0	0.0	0.0	0.0	0.0	0.0	0.0	0.0	0.0	0.0	0.0	0.0	0.0	0.0	0.0	0.0	0.0	0.0	0.0	0.0	0.0	0.0	0.0	0.0	0.0	0.0	0.0	0.0	0.0	0.0	0.0	0.0	0.0	0.0	0.0	0.0	0.0	0.0	0.0	0.0	0.0	0.0	0.0	0.0	0.0	0.0	0.0	0.0	0.0	0.0	0.0	0.0	0.0	0.0	0.0	0.0	0.0	0.0	0.0	0.0	0.0	0.0	0.0	0.0	0.0	0.0	0.0	0.0	0.0	0.0	0.0	0.0	0.0	0.0	0.0	0.0	0.0	0.0	0.0	0.0	0.0	0.0
55294.95030447553	26.510810915038743	3057531529.174419	702.8230953729375	68014.43650146485	657.460658691416	4625963572.611794	432254.5177269506	55846.96218606443	71.42193166707148	3118883185.4117107	5101.092323055827	56033.83911713547	57114.43568733513	0.999215	22.890881	0.3784192000000004	0.215386	-0.0040088115	-0.0123614208	-0.0070602361	0.0076204942	0.0143742053	0.0039904127	-0.0346209436	0.0063338435	0.0175634708	0.0438250266	0.0164946071	-0.050475173	-0.0099452734	-0.0117180401	-0.0207197774	-0.0058888925	-0.0063077223	-0.0139767383	0.0307741333	-0.0173409473	-0.0224508911	0.0182487649	0.0568212151	-0.0108265386	0.0319922676	0.0356425435	0.0253571625	-0.0237532023	-0.02367075	0.0172675592	0.0332232008	-0.0187183243	0.0088093914	0.0015177204	0.0019274429	0.0137696294	0.0355662287	-0.0150044659	0.0378753664	0.0420588217	0.0272395576	-0.0255197673	0.028782691	-0.0525238137	-0.0146541179	0.0168262545	-0.083639537	-0.0009579855	0.0029383824	0.0010851727	0.0099841025	0.0384259842	0.0070992905	0.0218553809	0.0074200346	-0.0240491693	-0.0124453221	-0.0159010097	0.091278466	-0.0461779344	0.0291686243	0.0070856581	0.0688494599	0.0037496061	-0.0562282378	0.0390859376	0.0055536652	-0.0247452811	0.0403013789	-0.022844467	-0.0370220482	0.0022070619	0.0044944217	-0.0179432655	0.013645779	0.0165522292	0.0350553432	-0.070817236	-0.0160191737	0.0245399588	-0.0137522782	0.0639376321	-0.0129629364	-0.0116479219	-0.0216590322	0.0041330636	0.0010151646	0.0464553288	-0.013322578	0.0148069249	-0.0164688209	-0.0621716473	0.0056373642	-0.0746497359	0.0021217004	-0.0234694955	-0.0057245302	-0.0249272301	-0.0412405542	0.0242356169	0.0726645226	-0.0748640593	-0.031128626	0.0345688998	0.0230880989	-0.0507379915	0.0108889534	0.052200785	-0.0271898656	0.0082535173	-0.0083273915	-0.0068785573	-0.0136078247	-0.029627826	0.0185586405	0.0237349194	-0.0191897281	-0.0503763331	0.0156418038	-0.0391654972	-0.0322285744	-0.0225033846	-0.0230023397	-0.0304871521	0.0235942768	0.0368389739	-0.0071475908	0.0083064585	-0.0014731187	0.0010932693	0.0122955216	-0.0296180765	-0.0229983991	0.0390683492	-0.0483850329	-0.0190599743	0.0421617675	-0.0361669379	0.0354203218	0.004143295	-0.0340500131	0.0830371015	0.0349899571	-0.0004179947	0.0029180801	-0.0245279065	-0.0291938763	0.0180015046	0.0157267872	0.0111198819	-0.0048060896	0.0614285229	0.0073030364	0.0763431961	0.0152745076	-0.0437949852	-0.0247759801	-0.0646851942	0.0327766565	-0.0481754634	-0.0404832833	0.00314523	0.0034281334	-0.0435579173	-0.0166622567	0.0374916393	-0.0022456892	0.0160796984	-0.0138694404	0.0165626265	0.0079748783	0.0392591251	0.059380826	-0.0272057004	-0.0318872479	0.0400227408	0.0624269344	-0.0035151651	-0.0254357754	-0.0225524456	0.0043937855	0.0108640068	-0.0321672409	0.0075758727	0.0377001771	-0.0273954869	-0.0607518929	-0.0691209146	-0.0225066133	-0.0087349716	0.0135835687	0.00541074	-0.0328190179	-0.0676698956	-0.0299491402	-0.0258237418	0.0691419481	-0.0094797497	-0.0025804439	-0.023892337	0.0665956493	0.0380595785	-0.0322108661	0.041538555	0.0101934122	-0.0185050465	-0.012683911	0.001731677	-0.0085790309	-0.0232967163	-0.0001770771	-0.0357766809	0.0169952865	-0.0448338894	-0.0011164021	-0.0231135292	0.0049589707	0.054259183	0.0108623039	0.0248302643	0.0044401417	0.0403849236	0.0009589895	0.0345628534	0.0078214823	0.0309011146	0.0148892025	-0.0440810267	0.0329463389	0.0166543737	-0.0255208591	-0.0235896729	-0.0489659547	0.0489531875	-0.0489319113	0.0489021298	-0.0488638482	0.0488170731	-0.0487618127	0.0486980765	-0.0486258757	0.0485452228	-0.0484561318	0.0483586182	-0.048252699	0.0481383925	-0.0480157186	0.0478846987	-0.0477453555	0.0475977133	-0.0474417976	0.0472776357	-0.047105256	0.0469246886	-0.0467359647	0.0465391172	-0.0463341804	0.0439498	0.0272446999999999	0.0007422736780899	0.0019315849200399	-5.16667	-0.1065300000000002	26.6944788889	0.0113486409	-0.803508	0.190605	0.036330266025	0.645625106064	-0.0175549	0.0005849	0.0003081745140099	3.4210801000000325e-07	-0.00585824	0.00048742	3.43189758976e-05	2.3757825640000055e-07	0.00263042	8.470000000000005e-06	6.9191093764e-06	7.17409000000001e-11	0.0	0.0	0.0	0.0	0.0	0.0	0.0	0.0	0.0	0.0	0.0	0.0	0.0	0.0	0.0	0.0	0.0	0.0	0.0	0.0	0.0	0.0	0.0	0.0	0.0	0.0	0.0	0.0	0.0	0.0	0.0	0.0	0.0	0.0	0.0	0.0	0.0	0.0	0.0	0.0	0.0	0.0	0.0	0.0	0.0	0.0	0.0	0.0	0.0	0.0	0.0	0.0	0.0	0.0	0.0	0.0	0.0	0.0	0.0	0.0	0.0	0.0	0.0	0.0	0.0	0.0	0.0	0.0	0.0	0.0	0.0	0.0	0.0	0.0	0.0	0.0	0.0	0.0	0.0	0.0	0.0	0.0	0.0	0.0	0.0	0.0	0.0	0.0	0.0	0.0	0.0	0.0	0.0	0.0	0.0	0.0	0.0	0.0	0.0	0.0	0.0	0.0	0.0	0.0	0.0	0.0
55239.08463462888	-55.86566984665114	3051356471.2716928	3120.973067415027	67013.04363630866	-1001.3928651561872	4490748017.401809	1002787.670385718	55728.448567078696	-118.51361898573668	3105659979.693536	14045.477885096368	55922.08180267305	56869.78762983842	1.03598	23.73313	0.2766559999999994	0.167207	-0.0023342872	-0.0060695551	-0.0010997815	-0.0009209988	0.0188502817	-0.015322641	0.0028225165	-0.0421082406	-0.0097051297	-0.0436187373	-0.0123351427	0.0723206549	0.0122032646	0.02342234	-0.0128969068	-0.0142916735	-0.0148949993	0.013314197	-0.0292670721	-0.0232086149	-0.0069703551	-0.0019623744	-0.0259379109	-0.027327148	0.0281412254	-0.0282895674	-0.012385498	0.014337052	0.0376805553	-0.0321822952	-0.0621310297	-0.040290843	-0.0294483491	-0.0025092031	0.0248122796	-0.0119355607	0.0468043832	-0.0220559845	0.0129885978	0.002524158	-0.0574498092	-0.0062117662	0.0100902727	0.0276475457	0.001273029	0.0058624664	0.0460417944	-0.0076877035	0.0189539386	-0.0240092245	0.0365238449	-0.0153532413	0.0380906798	0.0084648553	-0.0104448376	-0.0227035901	-0.0154632211	-0.0316693669	0.0034826543	0.0363194523	0.0490431054	-0.0120652963	0.0019464902	0.0340942926	-0.0081801404	-0.0208897736	0.0203075293	-0.0037100542	-0.0118074991	-0.023968563	-0.0198550552	-0.0422782839	-0.0060935815	0.0382118664	0.0095026951	0.0183383686	0.0354091998	0.0162893013	0.0232471255	-0.0131859889	0.000248797	0.0487536169	-0.022375969	0.0179761442	0.0127924215	-0.0345913827	-0.0387394463	-0.0292117371	0.0140787359	0.0963847729	0.0173812564	0.0228946199	0.0253302461	0.0164730363	-0.0271139183	-0.046048948	0.0525339694	0.0013913366	-0.0666621678	-0.025291806	0.0238532461	-0.0412369483	0.0766196969	0.0250992045	-0.0203197224	-0.0082887676	0.0118202116	-0.0157178373	-0.0604129085	-0.0054033838	0.0229774013	-0.051254218	0.0145564929	0.0276419756	0.0226321199	0.006582878	0.0027905728	0.0270500784	-0.020020476	-0.0343690842	0.0233333865	0.0074416087	0.0174020185	0.0414294102	-0.0381406497	-0.0477147079	-0.053643869	-0.0219120647	0.005594789	0.0266684948	-0.0145664463	-0.0458605784	-0.0256127745	0.0103599703	-0.0012650411	0.0574778219	-0.001336175	0.0218910447	0.0038826015	0.0022726183	0.0007170874	-0.0495751797	-0.0111608824	-0.0073792527	0.0179624959	-0.0419775352	0.0036373512	-0.0409487684	0.0126650481	-0.0002837428	0.0117249738	0.0185913935	0.0098191326	-0.0133919975	-0.0507531036	-0.0347316714	-0.0049297805	0.0009979579	-0.0331996451	-0.026553593	0.0233022237	-0.0191804497	-0.0012614353	0.0073211532	-0.0205086171	0.0402421643	0.0463534237	-0.0026648426	0.0288299933	0.0035026714	-0.0068675477	0.037100713	-0.0076060979	0.0202007978	-0.0026703175	0.0385737618	0.0194183383	-0.028918405	0.0177601754	0.0015732302	-0.0380787265	-0.023721247	0.0567998823	0.0547734018	0.0114900611	-0.0343375296	0.0466611857	0.0059046164	-0.0083493323	0.0369864698	0.0188730456	0.067859503	-0.052587516	-0.0267011956	0.0159123487	0.0261736334	0.0321779244	-0.0462994021	-0.09168657	-0.0194018019	-0.0008511157	0.0404619989	-0.0283939219	-0.0368119471	0.0425159814	-0.0326774556	-0.0372289966	0.0377771436	-0.0065378156	0.0002599087	0.0329796792	0.0474846148	-0.0321848993	0.0504977443	-0.0207698403	0.0230241814	-0.0067336847	-0.0391762676	0.0263204465	-0.012957848	0.014020517	-0.0408237938	0.010471887	0.0057270341	-0.0336683845	-0.0053696493	-0.0010046606	0.0430565546	-0.022465436	-0.0229082955	0.0524493258	-0.0040563526	-0.0489680393	0.0489615251	-0.0489506689	0.0489354716	-0.0489159345	0.0488920593	-0.0488638482	0.0488313037	-0.0487944286	0.0487532262	-0.0487077002	0.0486578547	-0.0486036939	0.0485452228	-0.0484824465	0.0484153707	-0.0483440011	0.0482683442	-0.0481884067	0.0481041957	-0.0480157186	0.0479229833	-0.047825998	0.0477247713	-0.0476193122	0.0367643	-0.0071854999999999	5.163141024999996e-05	0.00135161375449	-5.10423	0.0624399999999996	26.0531638929	0.0038987535999999	-0.946548	-0.1430399999999999	0.0204604415999999	0.8959531163039999	-0.0172395	0.0003153999999999	0.00029720036025	9.947715999999806e-08	-0.00649121	-0.00063297	4.21358072641e-05	4.006510209000001e-07	0.00229898	-0.00033144	5.2853090404e-06	1.098524736000001e-07	0.0	0.0	0.0	0.0	0.0	0.0	0.0	0.0	0.0	0.0	0.0	0.0	0.0	0.0	0.0	0.0	0.0	0.0	0.0	0.0	0.0	0.0	0.0	0.0	0.0	0.0	0.0	0.0	0.0	0.0	0.0	0.0	0.0	0.0	0.0	0.0	0.0	0.0	0.0	0.0	0.0	0.0	0.0	0.0	0.0	0.0	0.0	0.0	0.0	0.0	0.0	0.0	0.0	0.0	0.0	0.0	0.0	0.0	0.0	0.0	0.0	0.0	0.0	0.0	0.0	0.0	0.0	0.0	0.0	0.0	0.0	0.0	0.0	0.0	0.0	0.0	0.0	0.0	0.0	0.0	0.0	0.0	0.0	0.0	0.0	0.0	0.0	0.0	0.0	0.0	0.0	0.0	0.0	0.0	0.0	0.0	0.0	0.0	0.0	0.0	0.0	0.0	0.0	0.0	0.0	0.0
55281.88325359114	42.79861896226066	3056086616.0636806	1831.721785076778	67585.42493237305	572.3812960643845	4567789663.289433	327620.3480843446	55803.806234511	75.35766743230488	3114064790.2588487	5678.778040837863	55999.68786981149	56763.76853970614	0.956085	21.902826	0.1183389999999998	0.0712838	-0.0014102703	-0.0026649533	0.0023695518	0.0057242875	0.0337802202	0.0037423212	-0.0177731311	0.0234535776	0.0172321957	0.0093151893	0.0400502768	0.0096569368	0.0373368314	0.0236060482	-0.0076746703	-0.0422188976	0.013821691	-0.0086582166	0.0021049692	0.0354297521	0.0262759271	-0.0041594964	-0.0010419113	0.0439995385	0.0137593618	-0.0638294532	0.0356898545	0.0168823934	0.0253250671	0.0051061319	-0.0295044208	-0.012006164	-0.0331418188	-0.0549930629	-0.0134402794	0.0042896958	-0.0183093425	0.0096704061	-0.0407521875	0.0437619505	0.0312734959	0.0171421406	0.0431055906	0.0640701864	0.0178768961	-0.0079342882	0.0192738337	-0.0551796541	0.0120741225	-0.0260756676	0.0722750837	0.0894797178	-0.1007757461	0.0176184508	0.0240164973	-0.0402968191	0.0176782201	-0.0294606801	-0.0206641732	-0.0406181231	0.0073141841	0.0069139275	0.0412974789	0.0172625687	0.0039598414	0.0159556428	-0.0147221549	-0.0411722601	0.0177316259	-0.0286609809	-0.0168927776	-0.0004820844	-0.0610226453	-0.0050160091	-0.0164005794	0.0098848477	-0.0611234784	0.0135258328	0.0377960411	0.0090069357	-0.0132955748	-0.0218709126	-0.0324604999	0.0390543127	0.0390966285	-0.0231340892	-0.0142679749	-0.0048331206	-0.0666632522	0.000276793	0.0355797117	-0.0411880839	0.0532921442	0.0238673766	0.0183822066	0.0091507707	0.0329914585	-0.0278946024	0.0161324578	-0.0159903788	-0.0032427037	0.0222044304	-0.015410918	-0.0159969576	0.030716247	0.0227430435	-0.089775278	0.0415561394	-0.021267734	-0.0336137872	-0.0124667171	0.0125009967	-0.0087026375	-0.003155925	-0.0324005957	-0.0277778058	0.0036187977	0.0068950537	0.0485254481	0.0002744249	0.0624536824	-0.0382177637	0.0170034262	0.0228798295	0.0002692027	-0.0283599333	-0.0242527072	-0.0352565278	-0.0542505009	-0.0068148402	0.0045666509	0.0140749716	0.0173424708	-0.0369850582	-0.0416783892	-0.0280895524	-0.0140688734	0.0744504563	0.032142036	-0.0122516102	0.0289765922	-0.0300972166	0.0283105415	-0.0063085735	0.0423386261	-0.0596596589	0.0346693448	0.115989823	-0.0203423919	0.0250329044	-0.0148219831	0.0703184923	-0.0149147117	-0.030193572	0.0357869416	-0.0172320847	-0.0167058483	-0.0404066624	0.0074163497	-0.0055655342	-0.023116851	0.0001645274	0.0444514566	-0.0312557395	-0.0163569701	0.039433488	0.0062506322	-0.0446017148	-0.0212067857	-0.0124569101	0.0281274903	-0.0644682327	-0.0081472751	0.031466176	0.0296944805	-0.0120587401	-0.0091844135	-0.023544674	0.0450483483	0.0176505559	-0.021656589	-0.0092862837	0.0329878597	-0.0077542441	0.0830479791	0.0325783207	-0.0250491058	0.0290744819	-0.0038193659	0.0104597714	0.0187888875	0.0336714113	0.0440836359	-0.0066584655	-0.0066883316	0.0185991714	-0.0114385959	-0.012199855	0.0175180248	0.0130119335	-0.0137213929	-0.0788126965	-0.0581062775	0.0461072772	0.0477680529	0.0187788383	0.026316535	-0.0380240831	-0.0033163513	-0.0085881517	0.0310087948	0.0481665683	-0.014494779	-0.0375454245	0.0506710207	0.0063427239	-0.0457036097	0.0321748328	-0.0121971683	0.035274752	0.0101508994	-0.0027808746	-0.0094683651	-0.0354001537	-0.0175556625	0.0128289191	-0.0029522436	-0.0057705068	0.0048198263	-0.0140491845	-0.0144526267	-0.0281683613	-0.048969429	0.0489670838	-0.0489631754	0.0489577037	-0.0489506689	0.0489420714	-0.0489319113	0.048920189	-0.0489069049	0.0488920593	-0.0488756528	0.0488576859	-0.0488381591	0.0488170731	-0.0487944286	0.0487702262	-0.0487444668	0.0487171511	-0.0486882801	0.0486578547	-0.0486258757	0.0485923444	-0.0485572616	0.0485206286	-0.0484824465	0.0242438	-0.0125205	0.00015676292025	0.00058776183844	-5.08973	0.0144999999999999	25.9053514729	0.0002102499999999	-0.933401	0.0131469999999999	0.0001728436089999	0.871237426801	-0.0184395	-0.0011999999999999	0.00034001516025	1.4399999999999991e-06	-0.00651838	-2.716999999999997e-05	4.24892778244e-05	7.382088999999984e-10	0.00263524	0.00033626	6.9444898576e-06	1.1307078760000009e-07	0.0	0.0	0.0	0.0	0.0	0.0	0.0	0.0	0.0	0.0	0.0	0.0	0.0	0.0	0.0	0.0	0.0	0.0	0.0	0.0	0.0	0.0	0.0	0.0	0.0	0.0	0.0	0.0	0.0	0.0	0.0	0.0	0.0	0.0	0.0	0.0	0.0	0.0	0.0	0.0	0.0	0.0	0.0	0.0	0.0	0.0	0.0	0.0	0.0	0.0	0.0	0.0	0.0	0.0	0.0	0.0	0.0	0.0	0.0	0.0	0.0	0.0	0.0	0.0	0.0	0.0	0.0	0.0	0.0	0.0	0.0	0.0	0.0	0.0	0.0	0.0	0.0	0.0	0.0	0.0	0.0	0.0	0.0	0.0	0.0	0.0	0.0	0.0	0.0	0.0	0.0	0.0	0.0	0.0	0.0	0.0	0.0	0.0	0.0	0.0	0.0	0.0	0.0	0.0	0.0	0.0
55402.63133191168	120.7480783205392	3069451558.499722	14580.09841810307	67358.27249804688	-227.1524343261699	4537136873.921139	51598.22842030493	55849.55508605839	45.74885154738877	3119172803.3106704	2092.9574179050155	56045.50091988285	57009.35520257331	1.134865	25.998474	0.2537400000000003	0.154748	-0.0044680918	-0.0205232957	-0.0094590566	0.0115819981	0.0390759722	0.0041019944	-0.0270096952	0.0141993164	-0.0248608255	-0.0084433252	-0.0427012284	0.0223857527	-0.0475518373	-0.0236719629	0.0064747543	0.0214962801	-0.0095172388	-0.0139023885	0.0132521952	-0.0015930056	0.0249787637	0.0052204079	-0.0168906502	-0.0102069923	0.0515532195	-0.0038113617	-0.024426018	-0.000949493	-0.0047430715	-0.0280328177	-0.000473915	0.0049317241	-0.0360113087	0.0076475937	-0.0202044122	-0.0202580386	0.0193266191	-0.016783501	0.001078665	-0.0599875362	-0.0408917689	-0.0137497944	-0.0121163267	0.0047679585	-0.032082699	-0.0090945811	-0.0189368324	0.0126301489	0.0124157694	0.0243998227	-0.0005866744	-0.0284580303	-0.024075703	0.0835311649	-0.0280012109	0.045719357	-0.0029065541	0.0220697881	0.0047541908	0.0442548565	0.0456447324	-0.0799790943	-0.0197206099	-0.0094676831	-0.0088521622	-0.0179950876	0.0392799563	0.0401183603	-0.007346396	0.0081795976	-0.0531481933	-0.0263263303	-0.0208485907	0.0526820668	0.006020492	0.0252074683	-0.0179184306	0.0085629225	-0.023237334	0.0134293332	0.0061007696	0.0043319285	0.0015228766	0.0754099517	-0.0175438572	-0.000966313	-0.0541099401	-0.0243881477	-0.0133878706	-0.0243304022	0.0587721067	-0.0075982637	-0.0298380002	-0.0321415548	0.0063083382	0.0220746257	0.0042017043	0.0415869433	-0.0010602568	-0.0148369434	-0.0201385431	0.0418638902	0.0399636957	-0.0420863313	0.0330294178	0.0450662304	0.0278983556	0.0438863755	0.002164504	-0.0031242195	-0.0285432768	0.0060446563	-0.0145899509	-0.0147302308	0.0028389861	-0.0250904262	-0.0036243369	0.0218634393	0.0017279945	-0.0526714415	0.004029373	0.0268369305	-0.000190623	-0.000194606	-0.0299946669	0.0033783284	0.004837499	-0.0305064361	0.0074540587	-0.0216540185	-0.0224366748	-0.0216644309	-0.0202524827	-0.0036625085	0.0650792953	0.0348432965	0.0077383144	-0.0092108568	-0.0115382273	0.0286984487	4.98302e-05	0.0160158447	0.0067774322	-0.0120147674	-0.030273674	0.0087124749	0.0290104499	-0.0081346991	0.0705088548	0.0591353172	-0.0374370659	-0.043580496	0.010557302	0.0136269778	-0.0536516157	-0.0139446244	0.0712020994	-0.0133999676	-0.0133367126	-0.0183950987	0.0252863924	-0.0386023121	-0.0381882985	0.0097365643	0.0356258837	0.0585895227	0.0154765309	-0.0164409435	0.0339859049	-0.0059187825	0.0212288941	-0.0175678147	-0.0076970834	-0.0247022509	-0.0133185895	-0.0081179843	-0.0082980661	-0.0122116466	0.0716293819	-0.0312240136	-0.0029099393	-0.0559865772	0.0219663837	0.0018290653	-0.0033567637	0.0404119931	0.0160327903	-0.056794419	0.0115177564	-0.0078037335	-0.0216134143	-0.010494932	0.0049074762	0.0547329875	0.0120252591	0.0053894415	-0.0535928813	0.0051244269	-0.0364609746	0.0293382259	-0.0463512514	0.0149074004	-0.0199997116	0.0550327249	-0.0006672659	-0.0200682589	0.0304931409	0.0369093219	-0.012620623	-0.0062612295	0.0256168689	0.0196271924	-0.0153158844	0.0565689065	-0.0076554678	0.0535498159	-0.028011106	-0.0370796635	-0.0241396442	-0.0100160411	0.0161200391	0.0192924712	-0.0022486881	0.0297090089	-0.0305145555	-0.0717345079	0.0342167168	0.0195942041	-0.022254385	0.0468707714	0.0658595228	-0.0287105931	-0.0489701238	0.0489698633	-0.048969429	0.048968821	-0.0489680393	0.0489670838	-0.0489659547	0.0489646519	-0.0489631754	0.0489615251	-0.0489597013	0.0489577037	-0.0489555324	0.0489531875	-0.0489506689	0.0489479767	-0.0489451109	0.0489420714	-0.0489388583	0.0489354716	-0.0489319113	0.0489281774	-0.04892427	0.048920189	-0.0489159345	0.0449108	0.020667	0.000427124889	0.00201697995664	-5.06156	0.0281700000000002	25.6193896336	0.0007935489	-0.885335	0.048066	0.002310340356	0.783818062225	-0.0155086	0.0029309	0.00024051667396	8.590174810000001e-06	-0.00656898	-5.060000000000047e-05	4.31514982404e-05	2.5603600000000476e-09	0.00248	-0.00015524	6.1504e-06	2.4099457600000023e-08	0.0	0.0	0.0	0.0	0.0	0.0	0.0	0.0	0.0	0.0	0.0	0.0	0.0	0.0	0.0	0.0	0.0	0.0	0.0	0.0	0.0	0.0	0.0	0.0	0.0	0.0	0.0	0.0	0.0	0.0	0.0	0.0	0.0	0.0	0.0	0.0	0.0	0.0	0.0	0.0	0.0	0.0	0.0	0.0	0.0	0.0	0.0	0.0	0.0	0.0	0.0	0.0	0.0	0.0	0.0	0.0	0.0	0.0	0.0	0.0	0.0	0.0	0.0	0.0	0.0	0.0	0.0	0.0	0.0	0.0	0.0	0.0	0.0	0.0	0.0	0.0	0.0	0.0	0.0	0.0	0.0	0.0	0.0	0.0	0.0	0.0	0.0	0.0	0.0	0.0	0.0	0.0	0.0	0.0	0.0	0.0	0.0	0.0	0.0	0.0	0.0	0.0	0.0	0.0	0.0	0.0
